2011-05	-0.060	-0.0023644	-0.0021903	-0.0020186	-0.0018227	-0.0016153	-0.0013842	-0.0011120	-0.0007902	-0.0004176	+0.0000164	+0.0005058	+0.0010099	+0.0015239	+0.0020433	+0.0025509	+0.0030150	+0.0034649	+0.0038978	+0.0042772	+0.0046611	+0.0050318
2011-06	-0.012	-0.0034892	-0.0032896	-0.0030515	-0.0027873	-0.0025036	-0.0022010	-0.0018440	-0.0014400	-0.0009918	-0.0005050	+0.0000278	+0.0005829	+0.0011509	+0.0016970	+0.0022455	+0.0027615	+0.0032375	+0.0036852	+0.0040919	+0.0044742	+0.0048658
2011-07	-0.026	-0.0035731	-0.0033881	-0.0031888	-0.0029516	-0.0026901	-0.0023969	-0.0020639	-0.0016906	-0.0012583	-0.0007702	-0.0002325	+0.0003152	+0.0008706	+0.0014412	+0.0019956	+0.0025050	+0.0030112	+0.0034677	+0.0039299	+0.0043381	+0.0047201
2011-08	-0.134	-0.0037761	-0.0036091	-0.0034294	-0.0032484	-0.0030481	-0.0028287	-0.0025801	-0.0023135	-0.0020189	-0.0017080	-0.0013842	-0.0010535	-0.0007396	-0.0004367	-0.0001506	+0.0001143	+0.0003583	+0.0005855	+0.0007999	+0.0009833	+0.0011739
2011-09	-0.130	-0.0081045	-0.0076909	-0.0072803	-0.0068439	-0.0063895	-0.0058393	-0.0052867	-0.0047056	-0.0040834	-0.0034143	-0.0027655	-0.0021405	-0.0014977	-0.0008813	-0.0003146	+0.0002328	+0.0008379	+0.0015778	+0.0023493	+0.0029511	+0.0034231
2011-10	0.132	-0.0088268	-0.0084887	-0.0081208	-0.0076966	-0.0072173	-0.0066944	-0.0061056	-0.0054542	-0.0047638	-0.0040469	-0.0032938	-0.0025575	-0.0018542	-0.0011937	-0.0005632	+0.0000226	+0.0005838	+0.0011177	+0.0016942	+0.0023303	+0.0029014
2011-11	-0.090	-0.0094437	-0.0091909	-0.0088870	-0.0084878	-0.0080285	-0.0074872	-0.0068766	-0.0061732	-0.0053944	-0.0045364	-0.0036411	-0.0026799	-0.0017211	-0.0007635	+0.0001823	+0.0011420	+0.0021236	+0.0030950	+0.0041541	+0.0054619	+0.0100000
2011-12	-0.001	-0.0081879	-0.0077668	-0.0072667	-0.0067234	-0.0061012	-0.0054452	-0.0047075	-0.0039090	-0.0030797	-0.0021974	-0.0012823	-0.0003777	+0.0005051	+0.0013411	+0.0020992	+0.0028034	+0.0034873	+0.0040741	+0.0046289	+0.0051251	+0.0056560
2012-01	0.080	-0.0073608	-0.0068193	-0.0063035	-0.0057241	-0.0051231	-0.0044687	-0.0037735	-0.0030299	-0.0022521	-0.0014587	-0.0006364	+0.0001653	+0.0009439	+0.0016725	+0.0023533	+0.0029717	+0.0035476	+0.0040891	+0.0046208	+0.0050802	+0.0055206
2012-02	0.116	-0.0034685	-0.0031307	-0.0027479	-0.0023539	-0.0019313	-0.0014673	-0.0009643	-0.0004217	+0.0001578	+0.0007643	+0.0013743	+0.0019773	+0.0025651	+0.0031221	+0.0036588	+0.0041386	+0.0046153	+0.0050464	+0.0054394	+0.0058121	+0.0061752
2012-03	-0.015	-0.0026223	-0.0022663	-0.0019102	-0.0015083	-0.0010833	-0.0006500	-0.0001729	+0.0003173	+0.0008415	+0.0013805	+0.0019067	+0.0024370	+0.0029183	+0.0033587	+0.0037672	+0.0041219	+0.0044371	+0.0047258	+0.0049888	+0.0051983	+0.0053681
2012-04	-0.027	-0.0014094	-0.0010282	-0.0006033	-0.0001876	+0.0002232	+0.0006951	+0.0011572	+0.0016402	+0.0021062	+0.0025730	+0.0030018	+0.0034047	+0.0037728	+0.0041051	+0.0043988	+0.0046407	+0.0048570	+0.0050306	+0.0051844	+0.0053189	+0.0054432
2012-05	-0.141	-0.0029980	-0.0025929	-0.0022177	-0.0017780	-0.0013424	-0.0008783	-0.0003661	+0.0001490	+0.0006811	+0.0012383	+0.0017773	+0.0023035	+0.0028153	+0.0032812	+0.0036780	+0.0040378	+0.0043639	+0.0046504	+0.0048891	+0.0050973	+0.0052684
2012-06	0.011	-0.0060423	-0.0057248	-0.0053844	-0.0050124	-0.0046194	-0.0041964	-0.0037305	-0.0032075	-0.0026625	-0.0020836	-0.0014795	-0.0008803	-0.0003109	+0.0002371	+0.0007379	+0.0011964	+0.0016246	+0.0020218	+0.0023626	+0.0026839	+0.0029684
2012-07	0.033	-0.0064464	-0.0061915	-0.0058954	-0.0055898	-0.0052363	-0.0048548	-0.0044385	-0.0040029	-0.0035220	-0.0030177	-0.0024940	-0.0019726	-0.0014543	-0.0009593	-0.0004832	-0.0000332	+0.0004141	+0.0008550	+0.0012907	+0.0016808	+0.0020817
2012-08	0.003	-0.0062932	-0.0059922	-0.0056395	-0.0052843	-0.0048751	-0.0044338	-0.0039727	-0.0034708	-0.0029351	-0.0023740	-0.0018052	-0.0012464	-0.0007150	-0.0001980	+0.0002926	+0.0007228	+0.0011211	+0.0014726	+0.0017944	+0.0020926	+0.0023728
2012-09	0.045	-0.0040741	-0.0037389	-0.0033770	-0.0029937	-0.0025951	-0.0021736	-0.0017196	-0.0012369	-0.0007224	-0.0002156	+0.0002887	+0.0007801	+0.0012259	+0.0016258	+0.0019666	+0.0022568	+0.0025097	+0.0027334	+0.0029351	+0.0031166	+0.0033007
2012-10	0.021	-0.0015763	-0.0013791	-0.0011707	-0.0009611	-0.0007144	-0.0004588	-0.0001814	+0.0001126	+0.0004273	+0.0007565	+0.0010920	+0.0014229	+0.0017375	+0.0020267	+0.0022925	+0.0025372	+0.0027652	+0.0029573	+0.0031383	+0.0033222	+0.0034793
2012-11	0.040	-0.0015524	-0.0013716	-0.0011760	-0.0009700	-0.0007384	-0.0004895	-0.0002255	+0.0000619	+0.0003669	+0.0006875	+0.0010099	+0.0013281	+0.0016376	+0.0019361	+0.0022147	+0.0024664	+0.0026970	+0.0029164	+0.0031148	+0.0032934	+0.0034596
2012-12	0.098	-0.0014774	-0.0012871	-0.0011128	-0.0009019	-0.0006888	-0.0004615	-0.0002236	+0.0000234	+0.0002757	+0.0005312	+0.0007903	+0.0010418	+0.0012790	+0.0015019	+0.0017010	+0.0018820	+0.0020498	+0.0021925	+0.0023256	+0.0024506	+0.0025552
2013-01	0.069	-0.0011933	-0.0009150	-0.0006023	-0.0002843	+0.0000460	+0.0003823	+0.0007191	+0.0010577	+0.0013887	+0.0017206	+0.0020491	+0.0023732	+0.0026851	+0.0029796	+0.0032496	+0.0035037	+0.0037398	+0.0039601	+0.0041585	+0.0043338	+0.0045145
2013-02	-0.003	-0.0013632	-0.0010085	-0.0006161	-0.0001344	+0.0004427	+0.0009511	+0.0014213	+0.0018679	+0.0023008	+0.0027218	+0.0031380	+0.0035478	+0.0039263	+0.0042866	+0.0046203	+0.0049171	+0.0051806	+0.0054379	+0.0056541	+0.0058495	+0.0060117
2013-03	0.002	-0.0015821	-0.0011715	-0.0007961	-0.0003355	+0.0002914	+0.0012702	+0.0020456	+0.0025217	+0.0029352	+0.0033095	+0.0036746	+0.0040259	+0.0043557	+0.0046633	+0.0049317	+0.0051860	+0.0054147	+0.0056229	+0.0058212	+0.0059921	+0.0061498
2013-04	0.037	-0.0022734	-0.0019315	-0.0015437	-0.0010426	-0.0004671	+0.0001116	+0.0006022	+0.0010534	+0.0014893	+0.0019280	+0.0023553	+0.0027803	+0.0031993	+0.0035929	+0.0039693	+0.0043067	+0.0046313	+0.0049306	+0.0051871	+0.0054052	+0.0056333
2013-05	0.025	-0.0015537	-0.0013750	-0.0011899	-0.0009771	-0.0007653	-0.0005330	-0.0002839	-0.0000210	+0.0002532	+0.0005386	+0.0008093	+0.0010749	+0.0013229	+0.0015559	+0.0017633	+0.0019536	+0.0021317	+0.0022849	+0.0024230	+0.0025581	+0.0026749
2013-06	-0.121	-0.0018237	-0.0015964	-0.0013627	-0.0011281	-0.0008731	-0.0005927	-0.0002934	+0.0000151	+0.0003383	+0.0006747	+0.0010187	+0.0013594	+0.0016942	+0.0020154	+0.0023134	+0.0025997	+0.0028592	+0.0030908	+0.0033069	+0.0035226	+0.0036916
2013-07	0.031	-0.0072087	-0.0067908	-0.0063145	-0.0058382	-0.0052930	-0.0047010	-0.0040739	-0.0034094	-0.0026964	-0.0019610	-0.0012080	-0.0004805	+0.0001988	+0.0008182	+0.0013875	+0.0018748	+0.0023035	+0.0026672	+0.0029663	+0.0032371	+0.0035018
2013-08	-0.029	-0.0069497	-0.0064714	-0.0058547	-0.0053122	-0.0047146	-0.0041021	-0.0033818	-0.0026457	-0.0019076	-0.0011154	-0.0002996	+0.0004264	+0.0011255	+0.0017976	+0.0024092	+0.0029015	+0.0033140	+0.0036404	+0.0039170	+0.0041540	+0.0043726
2013-09	0.076	-0.0073073	-0.0068942	-0.0064521	-0.0060019	-0.0055022	-0.0049527	-0.0043988	-0.0037946	-0.0031554	-0.0024912	-0.0018127	-0.0011562	-0.0005355	+0.0000455	+0.0005618	+0.0010443	+0.0014735	+0.0018476	+0.0022029	+0.0025107	+0.0028107
2013-10	0.051	-0.0035432	-0.0031542	-0.0027878	-0.0024007	-0.0019929	-0.0015313	-0.0010586	-0.0005680	-0.0000678	+0.0004623	+0.0009958	+0.0015308	+0.0020481	+0.0025260	+0.0029775	+0.0033914	+0.0037703	+0.0041494	+0.0044546	+0.0047529	+0.0050430
2013-11	0.011	-0.0016968	-0.0015090	-0.0013121	-0.0010927	-0.0008582	-0.0005882	-0.0003054	+0.0000218	+0.0003614	+0.0007349	+0.0011248	+0.0015414	+0.0019541	+0.0023479	+0.0027118	+0.0030700	+0.0034057	+0.0037157	+0.0040186	+0.0042906	+0.0045304
2013-12	0.014	-0.0014369	-0.0012496	-0.0010581	-0.0008410	-0.0006039	-0.0003637	-0.0000915	+0.0002122	+0.0005467	+0.0008956	+0.0012667	+0.0016510	+0.0020319	+0.0024165	+0.0027808	+0.0031378	+0.0034823	+0.0037982	+0.0040837	+0.0043625	+0.0046445
2014-01	-0.089	-0.0015895	-0.0013875	-0.0011492	-0.0009078	-0.0006380	-0.0003574	-0.0000748	+0.0002000	+0.0004722	+0.0007358	+0.0009916	+0.0012371	+0.0014757	+0.0016912	+0.0018920	+0.0020850	+0.0022586	+0.0024149	+0.0025636	+0.0027057	+0.0028316
2014-02	0.024	-0.0025263	-0.0023332	-0.0020981	-0.0018754	-0.0016284	-0.0013886	-0.0011342	-0.0008600	-0.0005714	-0.0002704	+0.0000351	+0.0003333	+0.0006188	+0.0008795	+0.0011109	+0.0013244	+0.0015186	+0.0016954	+0.0018489	+0.0019936	+0.0021195
2014-03	0.031	-0.0034039	-0.0031974	-0.0029565	-0.0026967	-0.0024235	-0.0021408	-0.0018367	-0.0015026	-0.0011527	-0.0007893	-0.0004141	-0.0000410	+0.0003159	+0.0006413	+0.0009379	+0.0012084	+0.0014475	+0.0016781	+0.0018722	+0.0020662	+0.0022256
2014-04	0.013	-0.0034532	-0.0032508	-0.0030443	-0.0028214	-0.0025792	-0.0023160	-0.0020321	-0.0017336	-0.0014157	-0.0010834	-0.0007497	-0.0004181	-0.0001112	+0.0001789	+0.0004359	+0.0006745	+0.0008829	+0.0010798	+0.0012477	+0.0013896	+0.0015316
2014-05	0.032	-0.0027828	-0.0025536	-0.0023125	-0.0020581	-0.0017722	-0.0014568	-0.0011298	-0.0007576	-0.0003732	+0.0000250	+0.0004356	+0.0008389	+0.0012322	+0.0015816	+0.0019177	+0.0022086	+0.0024768	+0.0027145	+0.0029426	+0.0031386	+0.0033200
2014-06	0.009	-0.0008877	-0.0007235	-0.0005562	-0.0003625	-0.0001549	+0.0000540	+0.0002841	+0.0005282	+0.0007913	+0.0010695	+0.0013502	+0.0016351	+0.0019055	+0.0021709	+0.0024115	+0.0026293	+0.0028439	+0.0030414	+0.0032256	+0.0033724	+0.0035262
2014-07	0.048	-0.0009417	-0.0007173	-0.0005000	-0.0002380	+0.0000543	+0.0003276	+0.0005869	+0.0008271	+0.0010646	+0.0013045	+0.0015416	+0.0017822	+0.0020175	+0.0022504	+0.0024606	+0.0026625	+0.0028511	+0.0030232	+0.0031987	+0.0033509	+0.0034786
2014-08	0.019	-0.0006545	-0.0005108	-0.0003605	-0.0002036	-0.0000341	+0.0001422	+0.0003150	+0.0004848	+0.0006510	+0.0008095	+0.0009602	+0.0011026	+0.0012405	+0.0013646	+0.0014814	+0.0015851	+0.0016791	+0.0017676	+0.0018463	+0.0019167	+0.0019829
2014-09	-0.020	-0.0003860	-0.0002602	-0.0001282	+0.0000161	+0.0002186	+0.0004389	+0.0006122	+0.0007544	+0.0008919	+0.0010220	+0.0011502	+0.0012758	+0.0013950	+0.0015062	+0.0016098	+0.0017088	+0.0017982	+0.0018788	+0.0019513	+0.0020281	+0.0020930
2014-10	-0.002	-0.0013018	-0.0011082	-0.0009261	-0.0006936	-0.0004103	-0.0000689	+0.0002424	+0.0004885	+0.0007049	+0.0008973	+0.0010920	+0.0012805	+0.0014637	+0.0016406	+0.0018067	+0.0019671	+0.0021126	+0.0022401	+0.0023698	+0.0025009	+0.0026159
2014-11	0.081	-0.0032367	-0.0030128	-0.0027713	-0.0025058	-0.0022251	-0.0019096	-0.0015902	-0.0012365	-0.0008770	-0.0004981	-0.0001139	+0.0002532	+0.0006007	+0.0009191	+0.0012078	+0.0014671	+0.0016918	+0.0018869	+0.0020741	+0.0022372	+0.0023969
2014-12	-0.034	-0.0031680	-0.0029012	-0.0025943	-0.0022525	-0.0018882	-0.0015030	-0.0010713	-0.0005989	-0.0001054	+0.0004116	+0.0009466	+0.0014783	+0.0019806	+0.0024655	+0.0029032	+0.0032922	+0.0036472	+0.0039713	+0.0042577	+0.0045204	+0.0047454
2015-01	-0.003	-0.0042126	-0.0039801	-0.0037306	-0.0034431	-0.0031281	-0.0027587	-0.0023594	-0.0019091	-0.0014081	-0.0008644	-0.0002880	+0.0002844	+0.0008539	+0.0013997	+0.0019037	+0.0023847	+0.0028096	+0.0032153	+0.0035579	+0.0038960	+0.0041836
2015-02	0.004	-0.0026856	-0.0024260	-0.0021324	-0.0018282	-0.0014825	-0.0011247	-0.0007371	-0.0003243	+0.0001212	+0.0005958	+0.0010746	+0.0015539	+0.0020118	+0.0024417	+0.0028369	+0.0032005	+0.0035242	+0.0038349	+0.0041294	+0.0043858	+0.0046042
