2011-07	-0.005	-0.0008137	-0.0007379	-0.0006540	-0.0005776	-0.0004945	-0.0004062	-0.0003050	-0.0001993	-0.0000850	+0.0000423	+0.0001725	+0.0003033	+0.0004378	+0.0005649	+0.0006909	+0.0008143	+0.0009207	+0.0010189	+0.0011230	+0.0012113	+0.0012971
2011-08	-0.043	-0.0006243	-0.0005683	-0.0005090	-0.0004483	-0.0003816	-0.0003075	-0.0002264	-0.0001383	-0.0000460	+0.0000542	+0.0001578	+0.0002603	+0.0003632	+0.0004624	+0.0005527	+0.0006361	+0.0007142	+0.0007861	+0.0008520	+0.0009113	+0.0009712
2011-09	-0.040	-0.0043543	-0.0040934	-0.0038435	-0.0035366	-0.0032211	-0.0028854	-0.0025406	-0.0021792	-0.0017953	-0.0014027	-0.0010235	-0.0006468	-0.0002917	+0.0000298	+0.0003168	+0.0005957	+0.0009209	+0.0013534	+0.0017247	+0.0019951	+0.0022215
2011-10	0.046	-0.0044684	-0.0042175	-0.0039509	-0.0036338	-0.0033010	-0.0029520	-0.0025834	-0.0021783	-0.0017667	-0.0013388	-0.0009120	-0.0005044	-0.0001146	+0.0002514	+0.0005768	+0.0008766	+0.0011601	+0.0014369	+0.0016765	+0.0018990	+0.0021099
2011-11	-0.046	-0.0047998	-0.0045559	-0.0042804	-0.0039808	-0.0036946	-0.0033528	-0.0029815	-0.0025818	-0.0021634	-0.0017098	-0.0012500	-0.0007870	-0.0003373	+0.0001016	+0.0005204	+0.0009120	+0.0012775	+0.0016137	+0.0019461	+0.0022265	+0.0025289
2011-12	0.027	-0.0030167	-0.0028165	-0.0026020	-0.0023652	-0.0021304	-0.0018655	-0.0015764	-0.0012623	-0.0009196	-0.0005558	-0.0001782	+0.0001970	+0.0005668	+0.0009261	+0.0012604	+0.0015785	+0.0018584	+0.0021352	+0.0023703	+0.0025772	+0.0027851
2012-01	0.023	-0.0027351	-0.0025422	-0.0023482	-0.0021437	-0.0019223	-0.0016867	-0.0014241	-0.0011428	-0.0008528	-0.0005452	-0.0002375	+0.0000667	+0.0003727	+0.0006681	+0.0009447	+0.0012057	+0.0014478	+0.0016865	+0.0019064	+0.0021076	+0.0022902
2012-02	0.044	-0.0014298	-0.0012528	-0.0010704	-0.0008845	-0.0006856	-0.0004849	-0.0002675	-0.0000246	+0.0002250	+0.0004740	+0.0007333	+0.0009819	+0.0012147	+0.0014337	+0.0016579	+0.0018694	+0.0020711	+0.0022443	+0.0024160	+0.0025733	+0.0027436
2012-03	0.004	-0.0010235	-0.0008592	-0.0006842	-0.0005031	-0.0003230	-0.0001191	+0.0000877	+0.0002927	+0.0005040	+0.0007179	+0.0009265	+0.0011159	+0.0012799	+0.0014150	+0.0015307	+0.0016159	+0.0016838	+0.0017330	+0.0017777	+0.0018162	+0.0018520
2012-04	0.017	-0.0002466	-0.0001524	-0.0000505	+0.0000664	+0.0002173	+0.0006329	+0.0009728	+0.0011123	+0.0012219	+0.0013212	+0.0014103	+0.0014940	+0.0015671	+0.0016301	+0.0016842	+0.0017316	+0.0017714	+0.0018059	+0.0018386	+0.0018670	+0.0018932
2012-05	-0.021	-0.0005290	-0.0003915	-0.0002645	-0.0001217	+0.0000701	+0.0003138	+0.0005254	+0.0006904	+0.0008278	+0.0009539	+0.0010704	+0.0011848	+0.0012886	+0.0013822	+0.0014643	+0.0015388	+0.0016047	+0.0016591	+0.0017045	+0.0017425	+0.0017746
2012-06	0.021	-0.0010139	-0.0008802	-0.0007579	-0.0006179	-0.0004718	-0.0003260	-0.0001652	-0.0000018	+0.0001606	+0.0003275	+0.0004891	+0.0006406	+0.0007796	+0.0009081	+0.0010228	+0.0011189	+0.0012044	+0.0012813	+0.0013414	+0.0013994	+0.0014552
2012-07	0.033	-0.0011135	-0.0010167	-0.0009183	-0.0008164	-0.0007067	-0.0005801	-0.0004428	-0.0003036	-0.0001502	+0.0000049	+0.0001570	+0.0003076	+0.0004505	+0.0005827	+0.0007025	+0.0008112	+0.0009094	+0.0009977	+0.0010789	+0.0011496	+0.0012205
2012-08	0.003	-0.0010727	-0.0009537	-0.0008155	-0.0006712	-0.0005225	-0.0003588	-0.0001891	-0.0000025	+0.0001921	+0.0003918	+0.0005900	+0.0007827	+0.0009689	+0.0011395	+0.0012986	+0.0014397	+0.0015610	+0.0016677	+0.0017668	+0.0018503	+0.0019353
2012-09	0.011	-0.0009246	-0.0008156	-0.0007025	-0.0005851	-0.0004454	-0.0003033	-0.0001463	+0.0000178	+0.0001927	+0.0003764	+0.0005635	+0.0007422	+0.0009159	+0.0010749	+0.0012249	+0.0013592	+0.0014784	+0.0015856	+0.0016808	+0.0017710	+0.0018516
2012-10	0.006	-0.0005560	-0.0004539	-0.0003386	-0.0001748	+0.0000370	+0.0002324	+0.0003821	+0.0005161	+0.0006465	+0.0007765	+0.0009089	+0.0010415	+0.0011652	+0.0012902	+0.0014036	+0.0015109	+0.0016038	+0.0016914	+0.0017759	+0.0018530	+0.0019265
2012-11	0.010	-0.0004221	-0.0003581	-0.0002819	-0.0001933	-0.0000719	+0.0000927	+0.0002124	+0.0002997	+0.0003742	+0.0004446	+0.0005143	+0.0005823	+0.0006456	+0.0007051	+0.0007599	+0.0008093	+0.0008541	+0.0008950	+0.0009348	+0.0009670	+0.0009986
2012-12	0.019	-0.0004498	-0.0003888	-0.0003214	-0.0002528	-0.0001780	-0.0000979	-0.0000159	+0.0000687	+0.0001581	+0.0002456	+0.0003323	+0.0004154	+0.0004901	+0.0005589	+0.0006218	+0.0006778	+0.0007258	+0.0007726	+0.0008122	+0.0008557	+0.0008874
2013-01	0.044	-0.0004303	-0.0003559	-0.0002778	-0.0001916	-0.0001027	-0.0000099	+0.0000843	+0.0001848	+0.0002871	+0.0003938	+0.0004947	+0.0005907	+0.0006793	+0.0007634	+0.0008397	+0.0009081	+0.0009728	+0.0010298	+0.0010803	+0.0011317	+0.0011777
2013-02	0.017	-0.0005223	-0.0004066	-0.0002851	-0.0001630	-0.0000346	+0.0001013	+0.0002385	+0.0003831	+0.0005337	+0.0006904	+0.0008468	+0.0009968	+0.0011409	+0.0012785	+0.0014064	+0.0015274	+0.0016339	+0.0017354	+0.0018240	+0.0018981	+0.0019691
2013-03	0.058	-0.0002506	-0.0001346	-0.0000141	+0.0001327	+0.0003407	+0.0006933	+0.0009587	+0.0011147	+0.0012445	+0.0013693	+0.0014885	+0.0015993	+0.0017040	+0.0018007	+0.0018858	+0.0019625	+0.0020323	+0.0020889	+0.0021421	+0.0021835	+0.0022183
2013-04	0.026	-0.0002093	-0.0000932	+0.0000073	+0.0001265	+0.0002775	+0.0005993	+0.0013967	+0.0015547	+0.0016739	+0.0017844	+0.0018878	+0.0019869	+0.0020789	+0.0021649	+0.0022406	+0.0023124	+0.0023758	+0.0024323	+0.0024841	+0.0025276	+0.0025639
2013-05	-0.042	-0.0006010	-0.0004815	-0.0003756	-0.0002427	-0.0000668	+0.0012143	+0.0014962	+0.0016319	+0.0017452	+0.0018524	+0.0019549	+0.0020531	+0.0021481	+0.0022357	+0.0023166	+0.0023893	+0.0024545	+0.0025137	+0.0025700	+0.0026207	+0.0026607
2013-06	-0.054	-0.0014551	-0.0011849	-0.0009401	-0.0006164	-0.0003338	-0.0000658	+0.0003161	+0.0006751	+0.0009797	+0.0012901	+0.0015420	+0.0017263	+0.0018717	+0.0019993	+0.0021143	+0.0022120	+0.0023016	+0.0023824	+0.0024599	+0.0025223	+0.0025784
2013-07	0.028	-0.0045356	-0.0042629	-0.0039612	-0.0036187	-0.0032523	-0.0028557	-0.0024317	-0.0019956	-0.0014887	-0.0009990	-0.0005313	-0.0000183	+0.0004481	+0.0007921	+0.0011474	+0.0015699	+0.0018261	+0.0020019	+0.0021378	+0.0022474	+0.0023395
2013-08	-0.063	-0.0045722	-0.0042763	-0.0039443	-0.0036154	-0.0032788	-0.0028828	-0.0024711	-0.0020296	-0.0015607	-0.0010858	-0.0006068	-0.0001266	+0.0002912	+0.0006921	+0.0010685	+0.0013842	+0.0016526	+0.0018915	+0.0020925	+0.0022850	+0.0024548
2013-09	0.063	-0.0049950	-0.0047915	-0.0045672	-0.0043096	-0.0040412	-0.0037617	-0.0034289	-0.0030636	-0.0026725	-0.0022601	-0.0018172	-0.0013765	-0.0009269	-0.0005061	-0.0001039	+0.0002804	+0.0006307	+0.0009591	+0.0012677	+0.0015370	+0.0018012
2013-10	0.020	-0.0029492	-0.0027734	-0.0025837	-0.0023788	-0.0021394	-0.0018757	-0.0015975	-0.0012810	-0.0009336	-0.0005653	-0.0001756	+0.0002134	+0.0005974	+0.0009636	+0.0013056	+0.0016178	+0.0019058	+0.0021693	+0.0024147	+0.0026279	+0.0028378
2013-11	-0.030	-0.0024898	-0.0022965	-0.0021318	-0.0019226	-0.0016677	-0.0014041	-0.0011334	-0.0008352	-0.0005130	-0.0001734	+0.0001783	+0.0005129	+0.0008478	+0.0011606	+0.0014482	+0.0017098	+0.0019404	+0.0021486	+0.0023303	+0.0025002	+0.0026790
2013-12	-0.002	-0.0019919	-0.0018423	-0.0016885	-0.0015147	-0.0013103	-0.0010833	-0.0008381	-0.0005744	-0.0002882	+0.0000196	+0.0003280	+0.0006380	+0.0009515	+0.0012282	+0.0014945	+0.0017395	+0.0019622	+0.0021631	+0.0023455	+0.0025040	+0.0026687
2014-01	0.017	-0.0013339	-0.0012548	-0.0011626	-0.0010599	-0.0009301	-0.0007857	-0.0006213	-0.0004376	-0.0002315	-0.0000098	+0.0002314	+0.0004783	+0.0007236	+0.0009666	+0.0011896	+0.0014042	+0.0015998	+0.0017843	+0.0019549	+0.0021277	+0.0022779
2014-02	0.031	-0.0012531	-0.0011769	-0.0010946	-0.0009961	-0.0008739	-0.0007399	-0.0005991	-0.0004481	-0.0002686	-0.0000813	+0.0001114	+0.0003115	+0.0005109	+0.0006864	+0.0008558	+0.0010155	+0.0011577	+0.0012914	+0.0014087	+0.0015096	+0.0016057
2014-03	0.002	-0.0009560	-0.0008796	-0.0007900	-0.0006945	-0.0005832	-0.0004635	-0.0003357	-0.0001929	-0.0000349	+0.0001304	+0.0003005	+0.0004732	+0.0006420	+0.0008053	+0.0009523	+0.0010887	+0.0012117	+0.0013243	+0.0014304	+0.0015192	+0.0016052
2014-04	0.022	-0.0005465	-0.0004170	-0.0002878	-0.0001653	-0.0000325	+0.0001068	+0.0002463	+0.0003899	+0.0005405	+0.0006951	+0.0008488	+0.0010014	+0.0011479	+0.0012870	+0.0014152	+0.0015304	+0.0016338	+0.0017305	+0.0018150	+0.0018971	+0.0019758
2014-05	0.030	-0.0006148	-0.0004892	-0.0003618	-0.0002141	-0.0000669	+0.0000807	+0.0002166	+0.0003469	+0.0004765	+0.0006082	+0.0007420	+0.0008745	+0.0010046	+0.0011276	+0.0012456	+0.0013556	+0.0014584	+0.0015520	+0.0016404	+0.0017255	+0.0018020
2014-06	0.015	-0.0005630	-0.0004286	-0.0003082	-0.0001473	+0.0000474	+0.0002865	+0.0005118	+0.0006868	+0.0008415	+0.0009853	+0.0011174	+0.0012431	+0.0013623	+0.0014772	+0.0015790	+0.0016727	+0.0017627	+0.0018462	+0.0019212	+0.0019862	+0.0020482
2014-07	0.011	-0.0005171	-0.0004135	-0.0003002	-0.0001637	+0.0000093	+0.0003050	+0.0005553	+0.0007014	+0.0008230	+0.0009341	+0.0010393	+0.0011403	+0.0012345	+0.0013228	+0.0014003	+0.0014724	+0.0015422	+0.0016030	+0.0016609	+0.0017116	+0.0017684
2014-08	0.005	-0.0003975	-0.0003223	-0.0002340	-0.0001263	+0.0000412	+0.0004797	+0.0006533	+0.0007569	+0.0008502	+0.0009406	+0.0010292	+0.0011177	+0.0012056	+0.0012886	+0.0013643	+0.0014378	+0.0015072	+0.0015664	+0.0016243	+0.0016797	+0.0017323
2014-09	-0.029	-0.0004825	-0.0003846	-0.0002928	-0.0001913	-0.0000837	+0.0000249	+0.0001404	+0.0002516	+0.0003644	+0.0004773	+0.0005871	+0.0006924	+0.0007920	+0.0008839	+0.0009678	+0.0010446	+0.0011125	+0.0011783	+0.0012392	+0.0012986	+0.0013566
2014-10	0.028	-0.0010690	-0.0009743	-0.0008817	-0.0007816	-0.0006721	-0.0005577	-0.0004364	-0.0003028	-0.0001596	-0.0000220	+0.0001150	+0.0002462	+0.0003700	+0.0004795	+0.0005792	+0.0006600	+0.0007345	+0.0007963	+0.0008552	+0.0009026	+0.0009462
2014-11	0.048	-0.0014580	-0.0013562	-0.0012566	-0.0011386	-0.0010160	-0.0008849	-0.0007410	-0.0005843	-0.0004219	-0.0002518	-0.0000789	+0.0000937	+0.0002592	+0.0004112	+0.0005527	+0.0006773	+0.0007932	+0.0008966	+0.0009849	+0.0010671	+0.0011449
2014-12	0.026	-0.0013722	-0.0012250	-0.0010825	-0.0009219	-0.0007490	-0.0005576	-0.0003447	-0.0001213	+0.0001225	+0.0003798	+0.0006462	+0.0009147	+0.0011665	+0.0014010	+0.0016147	+0.0018068	+0.0019841	+0.0021423	+0.0022798	+0.0024142	+0.0025279
2015-01	0.046	-0.0011928	-0.0010365	-0.0008632	-0.0006659	-0.0004610	-0.0002401	-0.0000060	+0.0002398	+0.0004991	+0.0007709	+0.0010520	+0.0013195	+0.0015735	+0.0018038	+0.0020071	+0.0021890	+0.0023464	+0.0024854	+0.0025922	+0.0026967	+0.0027794
2015-02	-0.018	-0.0002789	-0.0001110	+0.0000454	+0.0002425	+0.0005029	+0.0010315	+0.0014863	+0.0017171	+0.0019040	+0.0020766	+0.0022414	+0.0023968	+0.0025410	+0.0026684	+0.0027858	+0.0028906	+0.0029846	+0.0030604	+0.0031341	+0.0032012	+0.0032529
