2014-05	0.014	-0.0001685	-0.0001271	-0.0000820	-0.0000336	+0.0000240	+0.0001090	+0.0002091	+0.0002736	+0.0003240	+0.0003676	+0.0004083	+0.0004467	+0.0004832	+0.0005155	+0.0005461	+0.0005720	+0.0005962	+0.0006186	+0.0006371	+0.0006565	+0.0006727
2014-06	0.002	-0.0001572	-0.0001247	-0.0000867	-0.0000461	+0.0000086	+0.0001557	+0.0002974	+0.0003477	+0.0003891	+0.0004259	+0.0004600	+0.0004922	+0.0005221	+0.0005493	+0.0005740	+0.0005958	+0.0006156	+0.0006332	+0.0006498	+0.0006646	+0.0006770
2014-07	0.000	-0.0001431	-0.0001079	-0.0000686	-0.0000243	+0.0000362	+0.0001445	+0.0002263	+0.0002750	+0.0003145	+0.0003525	+0.0003880	+0.0004216	+0.0004539	+0.0004836	+0.0005112	+0.0005359	+0.0005588	+0.0005784	+0.0005976	+0.0006145	+0.0006292
2014-08	0.010	-0.0001877	-0.0001594	-0.0001266	-0.0000852	-0.0000222	+0.0001005	+0.0001584	+0.0001967	+0.0002304	+0.0002635	+0.0002969	+0.0003302	+0.0003626	+0.0003936	+0.0004228	+0.0004495	+0.0004754	+0.0004996	+0.0005208	+0.0005416	+0.0005605
2014-09	-0.015	-0.0001461	-0.0001144	-0.0000869	-0.0000514	-0.0000191	+0.0000130	+0.0000452	+0.0000786	+0.0001117	+0.0001460	+0.0001825	+0.0002195	+0.0002566	+0.0002937	+0.0003298	+0.0003633	+0.0003937	+0.0004246	+0.0004537	+0.0004789	+0.0005046
2014-10	0.008	-0.0004111	-0.0003774	-0.0003430	-0.0003034	-0.0002608	-0.0002175	-0.0001687	-0.0001151	-0.0000602	-0.0000025	+0.0000568	+0.0001149	+0.0001686	+0.0002207	+0.0002703	+0.0003133	+0.0003548	+0.0003945	+0.0004306	+0.0004622	+0.0004914
2014-11	0.004	-0.0004454	-0.0004151	-0.0003759	-0.0003316	-0.0002888	-0.0002404	-0.0001876	-0.0001330	-0.0000744	-0.0000128	+0.0000499	+0.0001126	+0.0001715	+0.0002279	+0.0002786	+0.0003263	+0.0003683	+0.0004086	+0.0004454	+0.0004775	+0.0005073
2014-12	-0.007	-0.0004424	-0.0004084	-0.0003734	-0.0003349	-0.0002894	-0.0002430	-0.0001898	-0.0001357	-0.0000757	-0.0000151	+0.0000471	+0.0001093	+0.0001694	+0.0002264	+0.0002793	+0.0003302	+0.0003761	+0.0004162	+0.0004530	+0.0004875	+0.0005221
2015-01	0.011	-0.0005180	-0.0004848	-0.0004487	-0.0004094	-0.0003689	-0.0003243	-0.0002787	-0.0002296	-0.0001778	-0.0001233	-0.0000691	-0.0000165	+0.0000321	+0.0000781	+0.0001193	+0.0001552	+0.0001870	+0.0002138	+0.0002385	+0.0002606	+0.0002821
2015-02	0.002	-0.0003808	-0.0003423	-0.0003040	-0.0002628	-0.0002215	-0.0001736	-0.0001228	-0.0000679	-0.0000091	+0.0000513	+0.0001125	+0.0001722	+0.0002297	+0.0002844	+0.0003355	+0.0003814	+0.0004263	+0.0004649	+0.0005019	+0.0005363	+0.0005696
