2014-01	-0.082	-0.0010866	-0.0008820	-0.0006802	-0.0004768	-0.0002505	-0.0000154	+0.0002436	+0.0005148	+0.0007952	+0.0010962	+0.0013994	+0.0017053	+0.0020065	+0.0022975	+0.0025592	+0.0028168	+0.0030553	+0.0032667	+0.0034654	+0.0036441	+0.0038388
2014-02	0.043	-0.0024632	-0.0022025	-0.0019053	-0.0015982	-0.0012757	-0.0009174	-0.0005644	-0.0002075	+0.0001757	+0.0005690	+0.0009450	+0.0012881	+0.0015972	+0.0018835	+0.0021492	+0.0023906	+0.0026211	+0.0028278	+0.0030206	+0.0031986	+0.0033659
2014-03	0.029	-0.0033014	-0.0030469	-0.0027397	-0.0024356	-0.0021056	-0.0017714	-0.0014045	-0.0010015	-0.0005842	-0.0001364	+0.0002968	+0.0007092	+0.0011030	+0.0014601	+0.0017805	+0.0020691	+0.0023283	+0.0025605	+0.0027719	+0.0029714	+0.0031398
2014-04	0.029	-0.0033558	-0.0030917	-0.0028343	-0.0025425	-0.0022251	-0.0018716	-0.0015006	-0.0011092	-0.0006851	-0.0002526	+0.0001862	+0.0006287	+0.0010404	+0.0014308	+0.0017756	+0.0020856	+0.0023725	+0.0026272	+0.0028646	+0.0030781	+0.0032951
2014-05	0.014	-0.0026337	-0.0023885	-0.0021391	-0.0018462	-0.0015357	-0.0011967	-0.0008400	-0.0004638	-0.0000703	+0.0003500	+0.0007530	+0.0011578	+0.0015329	+0.0018848	+0.0022047	+0.0024908	+0.0027402	+0.0029599	+0.0031578	+0.0033449	+0.0035101
2014-06	0.019	-0.0013044	-0.0011069	-0.0008971	-0.0006187	-0.0002753	+0.0001002	+0.0004151	+0.0006875	+0.0009351	+0.0011828	+0.0014300	+0.0016756	+0.0019091	+0.0021411	+0.0023619	+0.0025730	+0.0027693	+0.0029429	+0.0031078	+0.0032662	+0.0034119
2014-07	0.007	-0.0005610	-0.0004247	-0.0002720	-0.0000703	+0.0001811	+0.0004279	+0.0006284	+0.0007978	+0.0009580	+0.0011202	+0.0012829	+0.0014439	+0.0016028	+0.0017562	+0.0019025	+0.0020473	+0.0021781	+0.0022991	+0.0024100	+0.0025187	+0.0026133
2014-08	0.003	-0.0006486	-0.0005226	-0.0003962	-0.0002250	-0.0000242	+0.0001825	+0.0003519	+0.0005045	+0.0006495	+0.0007945	+0.0009398	+0.0010851	+0.0012278	+0.0013644	+0.0014931	+0.0016151	+0.0017297	+0.0018289	+0.0019221	+0.0020145	+0.0020966
2014-09	-0.047	-0.0012388	-0.0011261	-0.0009927	-0.0008420	-0.0006966	-0.0005368	-0.0003618	-0.0001811	+0.0000093	+0.0002078	+0.0004124	+0.0006130	+0.0008101	+0.0009904	+0.0011561	+0.0013118	+0.0014444	+0.0015699	+0.0016834	+0.0017805	+0.0018715
2014-10	-0.068	-0.0018261	-0.0016980	-0.0015479	-0.0013874	-0.0012171	-0.0010277	-0.0008159	-0.0005898	-0.0003529	-0.0001040	+0.0001505	+0.0004011	+0.0006440	+0.0008697	+0.0010805	+0.0012706	+0.0014482	+0.0016017	+0.0017382	+0.0018718	+0.0019935
2014-11	0.067	-0.0058587	-0.0055140	-0.0051780	-0.0048367	-0.0044593	-0.0040707	-0.0036483	-0.0032135	-0.0027704	-0.0022978	-0.0018311	-0.0013880	-0.0009813	-0.0005923	-0.0002444	+0.0000755	+0.0003556	+0.0006208	+0.0008703	+0.0010832	+0.0012750
2014-12	-0.107	-0.0055846	-0.0052131	-0.0048107	-0.0043850	-0.0039079	-0.0034085	-0.0028722	-0.0023031	-0.0016983	-0.0010700	-0.0004284	+0.0001984	+0.0008076	+0.0013696	+0.0018818	+0.0023427	+0.0027651	+0.0031524	+0.0035045	+0.0038090	+0.0041256
2015-01	-0.059	-0.0086083	-0.0082209	-0.0078051	-0.0073573	-0.0068534	-0.0063006	-0.0056727	-0.0050003	-0.0042845	-0.0035371	-0.0027634	-0.0019739	-0.0011986	-0.0004601	+0.0002046	+0.0008594	+0.0014681	+0.0019896	+0.0025112	+0.0029935	+0.0035162
2015-02	0.052	-0.0072254	-0.0068024	-0.0062993	-0.0058008	-0.0052369	-0.0046505	-0.0040097	-0.0033235	-0.0026170	-0.0018867	-0.0011428	-0.0004266	+0.0002596	+0.0008900	+0.0014951	+0.0020395	+0.0025397	+0.0030090	+0.0034366	+0.0038634	+0.0041736
