2012-11	0.008	-0.0001353	-0.0000848	-0.0000374	+0.0000195	+0.0000992	+0.0002822	+0.0007034	+0.0007702	+0.0008272	+0.0008816	+0.0009353	+0.0009881	+0.0010395	+0.0010879	+0.0011340	+0.0011767	+0.0012167	+0.0012523	+0.0012855	+0.0013186	+0.0013487
2012-12	0.022	-0.0004821	-0.0003964	-0.0003106	-0.0002061	-0.0000606	+0.0001778	+0.0003417	+0.0004460	+0.0005375	+0.0006233	+0.0007061	+0.0007879	+0.0008636	+0.0009336	+0.0009977	+0.0010553	+0.0011103	+0.0011592	+0.0012056	+0.0012455	+0.0012840
2013-01	0.015	-0.0004049	-0.0003274	-0.0002335	-0.0001218	+0.0000149	+0.0001983	+0.0003505	+0.0004680	+0.0005666	+0.0006576	+0.0007460	+0.0008312	+0.0009111	+0.0009857	+0.0010531	+0.0011149	+0.0011697	+0.0012173	+0.0012602	+0.0012972	+0.0013343
2013-02	-0.002	-0.0005861	-0.0004769	-0.0003511	-0.0002159	-0.0000195	+0.0002187	+0.0004083	+0.0005446	+0.0006699	+0.0007894	+0.0009021	+0.0010106	+0.0011162	+0.0012099	+0.0012956	+0.0013737	+0.0014449	+0.0015062	+0.0015621	+0.0016098	+0.0016536
2013-03	0.001	-0.0005340	-0.0004448	-0.0003480	-0.0002422	-0.0001354	-0.0000173	+0.0001143	+0.0002480	+0.0003854	+0.0005276	+0.0006751	+0.0008169	+0.0009529	+0.0010780	+0.0011912	+0.0012918	+0.0013834	+0.0014619	+0.0015368	+0.0016016	+0.0016548
2013-04	-0.001	-0.0006736	-0.0005848	-0.0004940	-0.0003933	-0.0002910	-0.0001801	-0.0000655	+0.0000573	+0.0001924	+0.0003315	+0.0004707	+0.0006092	+0.0007472	+0.0008762	+0.0009970	+0.0011064	+0.0012084	+0.0012982	+0.0013766	+0.0014492	+0.0015197
2013-05	-0.011	-0.0005553	-0.0005234	-0.0004880	-0.0004480	-0.0004062	-0.0003580	-0.0003043	-0.0002469	-0.0001850	-0.0001191	-0.0000514	+0.0000165	+0.0000831	+0.0001446	+0.0002014	+0.0002536	+0.0003013	+0.0003473	+0.0003881	+0.0004235	+0.0004573
2013-06	-0.055	-0.0004634	-0.0004151	-0.0003669	-0.0003194	-0.0002699	-0.0002159	-0.0001607	-0.0001008	-0.0000411	+0.0000205	+0.0000821	+0.0001428	+0.0002005	+0.0002548	+0.0003046	+0.0003478	+0.0003882	+0.0004232	+0.0004550	+0.0004844	+0.0005107
2013-07	0.015	-0.0023546	-0.0022295	-0.0020940	-0.0019585	-0.0018168	-0.0016544	-0.0014859	-0.0013121	-0.0011329	-0.0009414	-0.0007459	-0.0005654	-0.0004030	-0.0002387	-0.0000941	+0.0000099	+0.0000945	+0.0001740	+0.0002551	+0.0003346	+0.0004129
2013-08	-0.012	-0.0025218	-0.0023990	-0.0022768	-0.0021524	-0.0020105	-0.0018507	-0.0016828	-0.0014976	-0.0013016	-0.0010904	-0.0008703	-0.0006480	-0.0004193	-0.0002079	-0.0000127	+0.0001739	+0.0003498	+0.0005113	+0.0006719	+0.0008294	+0.0009777
2013-09	0.020	-0.0025418	-0.0024285	-0.0023075	-0.0021861	-0.0020441	-0.0018835	-0.0017176	-0.0015323	-0.0013368	-0.0011310	-0.0009152	-0.0006963	-0.0004853	-0.0002807	-0.0000943	+0.0000901	+0.0002484	+0.0003942	+0.0005429	+0.0006851	+0.0008280
2013-10	0.015	-0.0019623	-0.0018277	-0.0016938	-0.0015448	-0.0013943	-0.0012253	-0.0010458	-0.0008560	-0.0006513	-0.0004439	-0.0002433	-0.0000435	+0.0001418	+0.0003137	+0.0004697	+0.0006037	+0.0007346	+0.0008527	+0.0009634	+0.0010632	+0.0011671
2013-11	-0.003	-0.0005126	-0.0004561	-0.0003877	-0.0003126	-0.0002312	-0.0001401	-0.0000501	+0.0000525	+0.0001640	+0.0002765	+0.0003897	+0.0005033	+0.0006118	+0.0007054	+0.0007947	+0.0008773	+0.0009471	+0.0010038	+0.0010503	+0.0010945	+0.0011292
2013-12	-0.001	-0.0005534	-0.0004992	-0.0004392	-0.0003710	-0.0002926	-0.0002105	-0.0001236	-0.0000257	+0.0000772	+0.0001841	+0.0002963	+0.0004050	+0.0005114	+0.0006109	+0.0007012	+0.0007826	+0.0008548	+0.0009203	+0.0009766	+0.0010260	+0.0010664
2014-01	-0.009	-0.0003545	-0.0002849	-0.0002189	-0.0001549	-0.0000980	-0.0000366	+0.0000375	+0.0001073	+0.0001793	+0.0002601	+0.0003430	+0.0004240	+0.0005073	+0.0005843	+0.0006564	+0.0007239	+0.0007859	+0.0008442	+0.0008965	+0.0009428	+0.0009859
2014-02	0.007	-0.0003354	-0.0003050	-0.0002694	-0.0002343	-0.0002008	-0.0001622	-0.0001204	-0.0000754	-0.0000272	+0.0000263	+0.0000841	+0.0001463	+0.0002078	+0.0002673	+0.0003272	+0.0003821	+0.0004292	+0.0004757	+0.0005243	+0.0005693	+0.0006068
2014-03	-0.002	-0.0004716	-0.0004396	-0.0004092	-0.0003737	-0.0003323	-0.0002894	-0.0002448	-0.0001959	-0.0001434	-0.0000903	-0.0000354	+0.0000186	+0.0000697	+0.0001176	+0.0001624	+0.0002040	+0.0002429	+0.0002786	+0.0003104	+0.0003394	+0.0003677
2014-04	0.004	-0.0006796	-0.0006403	-0.0006020	-0.0005633	-0.0005178	-0.0004645	-0.0004077	-0.0003500	-0.0002844	-0.0002149	-0.0001471	-0.0000778	-0.0000113	+0.0000506	+0.0001058	+0.0001564	+0.0002021	+0.0002434	+0.0002809	+0.0003146	+0.0003444
2014-05	0.023	-0.0006592	-0.0006218	-0.0005764	-0.0005235	-0.0004697	-0.0004076	-0.0003392	-0.0002577	-0.0001729	-0.0000795	+0.0000180	+0.0001168	+0.0002145	+0.0003104	+0.0003987	+0.0004782	+0.0005527	+0.0006197	+0.0006811	+0.0007457	+0.0008047
2014-06	0.013	-0.0004720	-0.0004189	-0.0003603	-0.0002958	-0.0002216	-0.0001449	-0.0000617	+0.0000288	+0.0001253	+0.0002267	+0.0003312	+0.0004315	+0.0005299	+0.0006202	+0.0007020	+0.0007765	+0.0008428	+0.0009012	+0.0009550	+0.0010018	+0.0010434
2014-07	-0.009	-0.0001506	-0.0000668	+0.0000119	+0.0000871	+0.0001710	+0.0002579	+0.0003503	+0.0004401	+0.0005284	+0.0006120	+0.0006914	+0.0007669	+0.0008348	+0.0008960	+0.0009518	+0.0009979	+0.0010412	+0.0010781	+0.0011087	+0.0011373	+0.0011643
2014-08	0.001	-0.0004659	-0.0003829	-0.0002964	-0.0002041	-0.0000999	+0.0000119	+0.0001156	+0.0002166	+0.0003121	+0.0004029	+0.0004880	+0.0005708	+0.0006488	+0.0007201	+0.0007827	+0.0008368	+0.0008859	+0.0009288	+0.0009691	+0.0010042	+0.0010345
2014-09	-0.006	-0.0006839	-0.0006153	-0.0005408	-0.0004619	-0.0003776	-0.0002862	-0.0001864	-0.0000835	+0.0000198	+0.0001317	+0.0002437	+0.0003519	+0.0004558	+0.0005495	+0.0006305	+0.0007057	+0.0007691	+0.0008241	+0.0008748	+0.0009199	+0.0009610
2014-10	-0.002	-0.0007482	-0.0006889	-0.0006277	-0.0005631	-0.0004911	-0.0004168	-0.0003380	-0.0002556	-0.0001664	-0.0000739	+0.0000167	+0.0001032	+0.0001827	+0.0002559	+0.0003200	+0.0003751	+0.0004258	+0.0004726	+0.0005115	+0.0005497	+0.0005800
2014-11	-0.022	-0.0009675	-0.0009217	-0.0008749	-0.0008182	-0.0007598	-0.0006970	-0.0006263	-0.0005503	-0.0004678	-0.0003826	-0.0002917	-0.0002032	-0.0001174	-0.0000350	+0.0000429	+0.0001130	+0.0001788	+0.0002382	+0.0002921	+0.0003425	+0.0003863
2014-12	-0.052	-0.0009515	-0.0008970	-0.0008398	-0.0007776	-0.0007140	-0.0006470	-0.0005693	-0.0004869	-0.0003988	-0.0003087	-0.0002170	-0.0001275	-0.0000419	+0.0000392	+0.0001136	+0.0001815	+0.0002431	+0.0002968	+0.0003466	+0.0003956	+0.0004359
2015-01	-0.026	-0.0031921	-0.0030327	-0.0028883	-0.0027172	-0.0025364	-0.0023530	-0.0021551	-0.0019445	-0.0017299	-0.0014998	-0.0012781	-0.0010637	-0.0008634	-0.0006789	-0.0005141	-0.0003678	-0.0002304	-0.0000841	+0.0000853	+0.0002546	+0.0003853
2015-02	0.003	-0.0032440	-0.0031118	-0.0029705	-0.0028175	-0.0026492	-0.0024685	-0.0022792	-0.0020718	-0.0018569	-0.0016373	-0.0014230	-0.0012079	-0.0009963	-0.0007871	-0.0005874	-0.0003598	-0.0000835	+0.0002174	+0.0004667	+0.0006531	+0.0008138
