2011-05	-0.002	-0.0068187	-0.0063348	-0.0058579	-0.0053580	-0.0048616	-0.0043331	-0.0037554	-0.0031745	-0.0025865	-0.0019972	-0.0014101	-0.0008448	-0.0003323	+0.0001389	+0.0005558	+0.0009321	+0.0012847	+0.0015838	+0.0018665	+0.0021513	+0.0024236
2011-06	0.014	-0.0068918	-0.0064521	-0.0060233	-0.0055524	-0.0050381	-0.0045086	-0.0039565	-0.0033816	-0.0028123	-0.0022425	-0.0016752	-0.0011564	-0.0006693	-0.0002328	+0.0001463	+0.0004836	+0.0007983	+0.0010886	+0.0013634	+0.0016242	+0.0018677
2011-07	0.001	-0.0037882	-0.0035405	-0.0032940	-0.0030195	-0.0027388	-0.0024138	-0.0020915	-0.0017541	-0.0014025	-0.0010318	-0.0006719	-0.0003305	+0.0000070	+0.0003457	+0.0007212	+0.0011124	+0.0014766	+0.0017884	+0.0020981	+0.0023891	+0.0027002
2011-08	-0.083	-0.0012636	-0.0011533	-0.0010358	-0.0008911	-0.0007389	-0.0005633	-0.0003730	-0.0001592	+0.0000777	+0.0003326	+0.0006048	+0.0008779	+0.0011463	+0.0014120	+0.0016567	+0.0018926	+0.0021048	+0.0022971	+0.0024807	+0.0026570	+0.0028288
2011-09	-0.001	-0.0051752	-0.0048808	-0.0045622	-0.0042461	-0.0038362	-0.0034233	-0.0029887	-0.0025139	-0.0020217	-0.0015020	-0.0009783	-0.0004558	+0.0000368	+0.0005028	+0.0009265	+0.0013001	+0.0016430	+0.0019424	+0.0022236	+0.0024813	+0.0027016
2011-10	-0.016	-0.0053233	-0.0050151	-0.0046795	-0.0043201	-0.0039357	-0.0035364	-0.0030788	-0.0025996	-0.0020859	-0.0015452	-0.0009998	-0.0004694	+0.0000491	+0.0005150	+0.0009547	+0.0013324	+0.0016807	+0.0019857	+0.0022621	+0.0025387	+0.0027532
2011-11	-0.043	-0.0054502	-0.0051932	-0.0048783	-0.0045660	-0.0042296	-0.0038575	-0.0034555	-0.0030365	-0.0025782	-0.0021085	-0.0016443	-0.0012068	-0.0007867	-0.0003787	-0.0000308	+0.0002951	+0.0005808	+0.0008580	+0.0011438	+0.0014115	+0.0016650
2011-12	0.002	-0.0042292	-0.0039760	-0.0037089	-0.0034391	-0.0031385	-0.0028316	-0.0025025	-0.0021588	-0.0018179	-0.0014692	-0.0011189	-0.0007821	-0.0004572	-0.0001390	+0.0001817	+0.0005024	+0.0008601	+0.0012188	+0.0015453	+0.0018418	+0.0020873
2012-01	0.036	-0.0024962	-0.0023537	-0.0021952	-0.0020074	-0.0018116	-0.0016062	-0.0013906	-0.0011497	-0.0008955	-0.0006351	-0.0003664	-0.0001063	+0.0001487	+0.0003846	+0.0006062	+0.0008012	+0.0009743	+0.0011379	+0.0012845	+0.0014231	+0.0015529
2012-02	0.089	-0.0024137	-0.0022573	-0.0021030	-0.0019213	-0.0017195	-0.0015117	-0.0012802	-0.0010268	-0.0007579	-0.0004778	-0.0001827	+0.0001065	+0.0003880	+0.0006558	+0.0009014	+0.0011257	+0.0013290	+0.0015150	+0.0016801	+0.0018460	+0.0020007
2012-03	0.031	-0.0011636	-0.0009703	-0.0007745	-0.0005646	-0.0003267	-0.0000835	+0.0001870	+0.0004723	+0.0007791	+0.0011008	+0.0014241	+0.0017393	+0.0020475	+0.0023330	+0.0026007	+0.0028465	+0.0030678	+0.0032663	+0.0034670	+0.0036406	+0.0037960
2012-04	-0.053	-0.0010029	-0.0006928	-0.0004207	-0.0001080	+0.0002118	+0.0005517	+0.0008957	+0.0012451	+0.0015943	+0.0019314	+0.0022420	+0.0025286	+0.0027927	+0.0030238	+0.0032240	+0.0034036	+0.0035537	+0.0036919	+0.0038192	+0.0039314	+0.0040408
2012-05	-0.110	-0.0022948	-0.0020091	-0.0017368	-0.0013837	-0.0010324	-0.0006928	-0.0002947	+0.0001397	+0.0005350	+0.0009717	+0.0014438	+0.0018386	+0.0022158	+0.0026011	+0.0029232	+0.0031667	+0.0033739	+0.0035434	+0.0037016	+0.0038431	+0.0039575
2012-06	0.060	-0.0045806	-0.0043838	-0.0041415	-0.0038594	-0.0035596	-0.0032026	-0.0028272	-0.0024127	-0.0019502	-0.0014455	-0.0009385	-0.0004200	+0.0000836	+0.0005509	+0.0009874	+0.0014132	+0.0017877	+0.0020972	+0.0023980	+0.0026885	+0.0029473
2012-07	-0.036	-0.0048845	-0.0047120	-0.0045297	-0.0043187	-0.0040758	-0.0038130	-0.0035080	-0.0031716	-0.0027873	-0.0023822	-0.0019569	-0.0015039	-0.0010587	-0.0006151	-0.0001925	+0.0002010	+0.0005721	+0.0009284	+0.0012598	+0.0015731	+0.0018880
2012-08	-0.010	-0.0049207	-0.0047169	-0.0045084	-0.0042559	-0.0039761	-0.0036661	-0.0033212	-0.0029507	-0.0025300	-0.0020721	-0.0015855	-0.0010934	-0.0006052	-0.0001369	+0.0003216	+0.0007287	+0.0011199	+0.0014745	+0.0018034	+0.0021029	+0.0023827
2012-09	0.013	-0.0033959	-0.0031268	-0.0028710	-0.0025945	-0.0023085	-0.0019900	-0.0016479	-0.0012628	-0.0008562	-0.0004289	+0.0000195	+0.0004447	+0.0008570	+0.0012419	+0.0015952	+0.0019102	+0.0021882	+0.0024338	+0.0026391	+0.0028262	+0.0029650
2012-10	0.007	-0.0024652	-0.0022543	-0.0020536	-0.0018157	-0.0015535	-0.0012840	-0.0009802	-0.0006517	-0.0003031	+0.0000634	+0.0004394	+0.0008016	+0.0011574	+0.0014847	+0.0017809	+0.0020501	+0.0022895	+0.0025166	+0.0027217	+0.0029089	+0.0030662
2012-11	0.046	-0.0025064	-0.0023296	-0.0021610	-0.0019767	-0.0017614	-0.0015183	-0.0012682	-0.0009903	-0.0006973	-0.0003943	-0.0000809	+0.0002273	+0.0005242	+0.0008128	+0.0010766	+0.0013250	+0.0015472	+0.0017518	+0.0019392	+0.0021055	+0.0022731
2012-12	0.094	-0.0019505	-0.0018197	-0.0016577	-0.0014805	-0.0012853	-0.0010864	-0.0008552	-0.0006087	-0.0003462	-0.0000807	+0.0001927	+0.0004687	+0.0007336	+0.0009820	+0.0012059	+0.0014079	+0.0015876	+0.0017414	+0.0018900	+0.0020161	+0.0021311
2013-01	0.090	-0.0013437	-0.0011382	-0.0009031	-0.0006708	-0.0004028	-0.0001361	+0.0001558	+0.0004632	+0.0007967	+0.0011366	+0.0014813	+0.0018151	+0.0021325	+0.0024405	+0.0027238	+0.0029818	+0.0032147	+0.0034212	+0.0036213	+0.0038004	+0.0039701
2013-02	0.029	-0.0012404	-0.0008509	-0.0004714	-0.0000345	+0.0004630	+0.0010223	+0.0015342	+0.0020020	+0.0024481	+0.0028561	+0.0032532	+0.0036357	+0.0039907	+0.0043216	+0.0046277	+0.0049038	+0.0051587	+0.0053995	+0.0056135	+0.0058141	+0.0059966
2013-03	0.062	-0.0011408	-0.0008759	-0.0006123	-0.0002866	+0.0002020	+0.0021344	+0.0029314	+0.0032718	+0.0035584	+0.0038366	+0.0041114	+0.0043826	+0.0046490	+0.0049032	+0.0051396	+0.0053567	+0.0055598	+0.0057471	+0.0059143	+0.0060860	+0.0062350
2013-04	0.123	-0.0009326	-0.0006590	-0.0004173	-0.0000830	+0.0003334	+0.0012595	+0.0028096	+0.0032223	+0.0035482	+0.0038502	+0.0041418	+0.0044224	+0.0046880	+0.0049412	+0.0051784	+0.0054052	+0.0056116	+0.0058006	+0.0059718	+0.0061207	+0.0062616
2013-05	-0.039	-0.0012381	-0.0008564	-0.0004545	-0.0000219	+0.0005735	+0.0015750	+0.0022676	+0.0027361	+0.0031309	+0.0035017	+0.0038672	+0.0042211	+0.0045664	+0.0049032	+0.0052275	+0.0055390	+0.0058418	+0.0060900	+0.0063519	+0.0065813	+0.0068239
2013-06	-0.001	-0.0022689	-0.0018454	-0.0013831	-0.0008127	-0.0001262	+0.0007455	+0.0015010	+0.0021086	+0.0026387	+0.0031286	+0.0036025	+0.0040581	+0.0044813	+0.0048720	+0.0052320	+0.0055798	+0.0058977	+0.0061809	+0.0064572	+0.0067003	+0.0069468
2013-07	-0.006	-0.0059810	-0.0055114	-0.0049938	-0.0043679	-0.0037400	-0.0030491	-0.0023430	-0.0015600	-0.0007122	+0.0001549	+0.0009891	+0.0018127	+0.0025977	+0.0033143	+0.0039474	+0.0045293	+0.0050485	+0.0055077	+0.0058872	+0.0062081	+0.0065070
2013-08	-0.025	-0.0062381	-0.0056888	-0.0051312	-0.0045136	-0.0038635	-0.0031633	-0.0023774	-0.0015621	-0.0007121	+0.0001742	+0.0010580	+0.0019126	+0.0027194	+0.0034626	+0.0041387	+0.0047086	+0.0052002	+0.0056272	+0.0060145	+0.0063916	+0.0067265
2013-09	0.077	-0.0067617	-0.0063372	-0.0059093	-0.0054534	-0.0049989	-0.0044651	-0.0038989	-0.0033047	-0.0026586	-0.0019893	-0.0012827	-0.0005859	+0.0000848	+0.0007439	+0.0013412	+0.0018982	+0.0023972	+0.0028689	+0.0033234	+0.0037556	+0.0041249
2013-10	-0.008	-0.0026707	-0.0024211	-0.0021706	-0.0018322	-0.0015121	-0.0011368	-0.0007323	-0.0002886	+0.0001985	+0.0007125	+0.0012397	+0.0017730	+0.0022948	+0.0028012	+0.0032662	+0.0037037	+0.0040815	+0.0044242	+0.0047398	+0.0050266	+0.0053102
2013-11	0.044	-0.0028456	-0.0026871	-0.0024921	-0.0022980	-0.0020654	-0.0018207	-0.0015434	-0.0012365	-0.0008935	-0.0005199	-0.0001282	+0.0002703	+0.0006716	+0.0010577	+0.0014259	+0.0017656	+0.0020882	+0.0023791	+0.0026561	+0.0029043	+0.0031372
2013-12	0.035	-0.0015897	-0.0014365	-0.0012543	-0.0010711	-0.0008674	-0.0006360	-0.0003763	-0.0001006	+0.0002026	+0.0005337	+0.0008712	+0.0012146	+0.0015583	+0.0018822	+0.0021923	+0.0024717	+0.0027300	+0.0029899	+0.0032087	+0.0034227	+0.0036056
2014-01	-0.081	-0.0016327	-0.0014370	-0.0012266	-0.0010223	-0.0008092	-0.0005854	-0.0003487	-0.0001103	+0.0001475	+0.0004237	+0.0007035	+0.0009897	+0.0012698	+0.0015351	+0.0017826	+0.0020181	+0.0022383	+0.0024424	+0.0026372	+0.0028131	+0.0030031
2014-02	-0.026	-0.0017858	-0.0015842	-0.0013575	-0.0011062	-0.0008524	-0.0005919	-0.0003131	-0.0000246	+0.0002712	+0.0005777	+0.0008753	+0.0011567	+0.0014219	+0.0016603	+0.0018791	+0.0020742	+0.0022460	+0.0023971	+0.0025408	+0.0026720	+0.0027962
2014-03	-0.016	-0.0046960	-0.0043764	-0.0040316	-0.0036537	-0.0032724	-0.0028440	-0.0024033	-0.0019382	-0.0014504	-0.0009444	-0.0004366	+0.0000414	+0.0004951	+0.0009054	+0.0012707	+0.0015883	+0.0018614	+0.0020971	+0.0022942	+0.0024591	+0.0026137
2014-04	-0.040	-0.0052023	-0.0049552	-0.0046814	-0.0043707	-0.0040407	-0.0036808	-0.0033023	-0.0028893	-0.0024241	-0.0019557	-0.0014808	-0.0010125	-0.0005552	-0.0001454	+0.0002400	+0.0005857	+0.0008911	+0.0011754	+0.0014308	+0.0016471	+0.0018405
2014-05	0.033	-0.0053259	-0.0050843	-0.0048393	-0.0045883	-0.0043067	-0.0040125	-0.0036911	-0.0033447	-0.0029788	-0.0026030	-0.0022222	-0.0018430	-0.0014653	-0.0010997	-0.0007337	-0.0003649	+0.0000164	+0.0004129	+0.0007655	+0.0010892	+0.0014211
2014-06	0.041	-0.0028606	-0.0027076	-0.0025416	-0.0023637	-0.0021698	-0.0019568	-0.0017211	-0.0014747	-0.0012165	-0.0009365	-0.0006550	-0.0003781	-0.0001079	+0.0001424	+0.0003790	+0.0005967	+0.0007807	+0.0009682	+0.0011379	+0.0012975	+0.0014364
2014-07	0.023	-0.0017196	-0.0015781	-0.0014275	-0.0012507	-0.0010652	-0.0008491	-0.0006150	-0.0003695	-0.0000931	+0.0002017	+0.0005071	+0.0008175	+0.0011182	+0.0014036	+0.0016689	+0.0019134	+0.0021359	+0.0023460	+0.0025370	+0.0027096	+0.0028675
2014-08	-0.013	-0.0010116	-0.0008800	-0.0007188	-0.0005438	-0.0003606	-0.0001548	+0.0000632	+0.0002883	+0.0005332	+0.0007853	+0.0010418	+0.0012925	+0.0015354	+0.0017701	+0.0019867	+0.0021871	+0.0023742	+0.0025415	+0.0026995	+0.0028360	+0.0029708
2014-09	0.049	-0.0003947	-0.0002892	-0.0001766	-0.0000592	+0.0000667	+0.0002097	+0.0003588	+0.0005301	+0.0007157	+0.0009175	+0.0011360	+0.0013507	+0.0015729	+0.0017831	+0.0019803	+0.0021762	+0.0023514	+0.0025252	+0.0026771	+0.0028316	+0.0029735
2014-10	-0.016	-0.0005493	-0.0004278	-0.0003227	-0.0002030	-0.0000639	+0.0000703	+0.0002091	+0.0003564	+0.0005061	+0.0006580	+0.0008167	+0.0009742	+0.0011279	+0.0012738	+0.0014096	+0.0015377	+0.0016597	+0.0017674	+0.0018686	+0.0019594	+0.0020532
2014-11	0.064	-0.0036970	-0.0034213	-0.0031110	-0.0027995	-0.0024787	-0.0021410	-0.0017574	-0.0013701	-0.0009956	-0.0006078	-0.0002124	+0.0001617	+0.0004694	+0.0007251	+0.0009441	+0.0011386	+0.0013143	+0.0014617	+0.0015939	+0.0017207	+0.0018440
2014-12	-0.006	-0.0034209	-0.0030765	-0.0027032	-0.0023010	-0.0018715	-0.0014214	-0.0009303	-0.0004165	+0.0001156	+0.0006820	+0.0012472	+0.0018183	+0.0023616	+0.0028752	+0.0033601	+0.0037947	+0.0041970	+0.0045660	+0.0049007	+0.0052236	+0.0055106
2015-01	-0.008	-0.0039052	-0.0036026	-0.0032107	-0.0028231	-0.0023982	-0.0019410	-0.0014393	-0.0008906	-0.0003165	+0.0002816	+0.0009141	+0.0015392	+0.0021379	+0.0026909	+0.0032233	+0.0036945	+0.0041325	+0.0045173	+0.0048860	+0.0052354	+0.0055453
2015-02	-0.002	-0.0018715	-0.0017123	-0.0015317	-0.0013171	-0.0010654	-0.0007579	-0.0004065	-0.0000118	+0.0004113	+0.0008868	+0.0013916	+0.0019065	+0.0024163	+0.0029029	+0.0033666	+0.0037935	+0.0041971	+0.0045730	+0.0049180	+0.0052289	+0.0055317
