2011-05	-0.009	-0.0012237	-0.0010784	-0.0009225	-0.0007758	-0.0006058	-0.0004329	-0.0002503	-0.0000604	+0.0001482	+0.0003789	+0.0006323	+0.0008966	+0.0011705	+0.0014380	+0.0016877	+0.0019389	+0.0021740	+0.0024157	+0.0026113	+0.0028139	+0.0030043
2011-06	0.000	-0.0012953	-0.0011905	-0.0010694	-0.0009422	-0.0008016	-0.0006543	-0.0004887	-0.0003001	-0.0000829	+0.0001529	+0.0004186	+0.0006913	+0.0009705	+0.0012562	+0.0015360	+0.0017852	+0.0020281	+0.0022469	+0.0024676	+0.0026736	+0.0028768
2011-07	-0.004	-0.0012276	-0.0011173	-0.0010114	-0.0008896	-0.0007638	-0.0006270	-0.0004718	-0.0003005	-0.0000984	+0.0001321	+0.0003921	+0.0006585	+0.0009279	+0.0012066	+0.0014722	+0.0017329	+0.0019845	+0.0022203	+0.0024442	+0.0026654	+0.0028569
2011-08	-0.017	-0.0012709	-0.0011905	-0.0010991	-0.0010050	-0.0009094	-0.0008081	-0.0007000	-0.0005841	-0.0004647	-0.0003467	-0.0002301	-0.0001168	-0.0000102	+0.0000879	+0.0001784	+0.0002601	+0.0003375	+0.0004124	+0.0004763	+0.0005364	+0.0005946
2011-09	-0.069	-0.0011547	-0.0010948	-0.0010289	-0.0009570	-0.0008822	-0.0007941	-0.0007026	-0.0006025	-0.0004961	-0.0003802	-0.0002621	-0.0001418	-0.0000224	+0.0000923	+0.0001980	+0.0003012	+0.0003933	+0.0004896	+0.0005697	+0.0006512	+0.0007198
2011-10	0.049	-0.0027057	-0.0025465	-0.0023739	-0.0022018	-0.0020115	-0.0018053	-0.0015856	-0.0013639	-0.0011330	-0.0009028	-0.0006739	-0.0004556	-0.0002669	-0.0001024	+0.0000364	+0.0001583	+0.0002682	+0.0003684	+0.0004503	+0.0005313	+0.0005994
2011-11	-0.034	-0.0036196	-0.0034250	-0.0032201	-0.0029987	-0.0027614	-0.0025036	-0.0022325	-0.0019427	-0.0016391	-0.0013187	-0.0010055	-0.0006853	-0.0003824	-0.0000973	+0.0001743	+0.0004350	+0.0006713	+0.0009146	+0.0011253	+0.0013301	+0.0015314
2011-12	0.007	-0.0036571	-0.0034447	-0.0032007	-0.0029636	-0.0026988	-0.0024149	-0.0021194	-0.0017837	-0.0014460	-0.0011004	-0.0007456	-0.0003951	-0.0000681	+0.0002342	+0.0005138	+0.0007614	+0.0009901	+0.0011819	+0.0013515	+0.0015194	+0.0016656
2012-01	0.026	-0.0034100	-0.0031721	-0.0029352	-0.0026813	-0.0024013	-0.0020994	-0.0017962	-0.0014614	-0.0011162	-0.0007689	-0.0004239	-0.0000922	+0.0002299	+0.0005071	+0.0007526	+0.0009659	+0.0011672	+0.0013479	+0.0015138	+0.0016621	+0.0017907
2012-02	0.059	-0.0013244	-0.0011884	-0.0010454	-0.0008917	-0.0007314	-0.0005630	-0.0003875	-0.0001975	+0.0000031	+0.0002094	+0.0004157	+0.0006177	+0.0008081	+0.0009912	+0.0011676	+0.0013293	+0.0014782	+0.0016162	+0.0017434	+0.0018551	+0.0019628
2012-03	-0.003	-0.0009754	-0.0008330	-0.0006737	-0.0005044	-0.0003245	-0.0001308	+0.0000644	+0.0002737	+0.0004988	+0.0007278	+0.0009577	+0.0011845	+0.0014018	+0.0016039	+0.0017815	+0.0019580	+0.0021120	+0.0022449	+0.0023624	+0.0024742	+0.0025781
2012-04	-0.009	-0.0007264	-0.0005526	-0.0003448	-0.0001389	+0.0001100	+0.0003605	+0.0006160	+0.0008461	+0.0010602	+0.0012668	+0.0014631	+0.0016490	+0.0018268	+0.0019847	+0.0021290	+0.0022568	+0.0023752	+0.0024781	+0.0025708	+0.0026471	+0.0027138
2012-05	-0.062	-0.0013732	-0.0011802	-0.0009658	-0.0007525	-0.0005223	-0.0002864	-0.0000285	+0.0002320	+0.0004897	+0.0007620	+0.0010234	+0.0012763	+0.0015280	+0.0017489	+0.0019372	+0.0021113	+0.0022767	+0.0024147	+0.0025208	+0.0026175	+0.0027032
2012-06	0.023	-0.0021296	-0.0020155	-0.0018978	-0.0017783	-0.0016308	-0.0014736	-0.0012906	-0.0010879	-0.0008580	-0.0006127	-0.0003498	-0.0000854	+0.0001759	+0.0004250	+0.0006672	+0.0008862	+0.0010974	+0.0012841	+0.0014572	+0.0016089	+0.0017728
2012-07	0.015	-0.0023382	-0.0022452	-0.0021423	-0.0020347	-0.0019129	-0.0017744	-0.0016302	-0.0014632	-0.0012812	-0.0010871	-0.0008813	-0.0006737	-0.0004629	-0.0002573	-0.0000634	+0.0001217	+0.0002984	+0.0004654	+0.0006240	+0.0007744	+0.0009228
2012-08	0.002	-0.0022047	-0.0020810	-0.0019501	-0.0018021	-0.0016404	-0.0014663	-0.0012760	-0.0010727	-0.0008570	-0.0006261	-0.0003912	-0.0001565	+0.0000615	+0.0002772	+0.0004718	+0.0006560	+0.0008156	+0.0009572	+0.0010912	+0.0012096	+0.0013245
2012-09	0.015	-0.0014678	-0.0013360	-0.0012002	-0.0010549	-0.0009073	-0.0007526	-0.0005721	-0.0003795	-0.0001931	+0.0000020	+0.0001983	+0.0003848	+0.0005458	+0.0006852	+0.0008064	+0.0009122	+0.0010061	+0.0010900	+0.0011660	+0.0012355	+0.0013021
2012-10	0.029	-0.0005405	-0.0004499	-0.0003556	-0.0002517	-0.0001285	-0.0000152	+0.0000945	+0.0001963	+0.0003010	+0.0004062	+0.0005082	+0.0006113	+0.0007093	+0.0008047	+0.0008944	+0.0009772	+0.0010529	+0.0011217	+0.0011894	+0.0012500	+0.0013062
2012-11	0.027	-0.0002870	-0.0002301	-0.0001543	-0.0000875	-0.0000160	+0.0000632	+0.0001468	+0.0002368	+0.0003299	+0.0004322	+0.0005361	+0.0006400	+0.0007402	+0.0008344	+0.0009209	+0.0010055	+0.0010808	+0.0011498	+0.0012139	+0.0012728	+0.0013214
2012-12	0.044	-0.0004176	-0.0003051	-0.0001987	-0.0000683	+0.0000654	+0.0002099	+0.0003404	+0.0004635	+0.0005788	+0.0006909	+0.0008006	+0.0009049	+0.0010049	+0.0010973	+0.0011789	+0.0012489	+0.0013175	+0.0013772	+0.0014314	+0.0014771	+0.0015236
2013-01	0.054	-0.0003354	-0.0002364	-0.0001383	-0.0000180	+0.0001428	+0.0006384	+0.0009152	+0.0010432	+0.0011510	+0.0012509	+0.0013463	+0.0014356	+0.0015215	+0.0015993	+0.0016728	+0.0017392	+0.0017977	+0.0018526	+0.0019063	+0.0019567	+0.0020016
2013-02	0.014	-0.0004746	-0.0003329	-0.0001731	+0.0000350	+0.0003574	+0.0009794	+0.0012734	+0.0014692	+0.0016495	+0.0018254	+0.0020033	+0.0021761	+0.0023536	+0.0025168	+0.0026713	+0.0028211	+0.0029621	+0.0030760	+0.0031933	+0.0033233	+0.0034359
2013-03	0.021	-0.0006678	-0.0005232	-0.0003615	-0.0001640	+0.0001162	+0.0011670	+0.0016301	+0.0018348	+0.0020077	+0.0021722	+0.0023329	+0.0024913	+0.0026446	+0.0027892	+0.0029223	+0.0030484	+0.0031669	+0.0032771	+0.0033756	+0.0034722	+0.0035536
2013-04	0.042	-0.0007925	-0.0005877	-0.0003944	-0.0001517	+0.0001612	+0.0006409	+0.0011018	+0.0013880	+0.0016254	+0.0018474	+0.0020590	+0.0022626	+0.0024533	+0.0026373	+0.0027989	+0.0029538	+0.0030903	+0.0032191	+0.0033288	+0.0034399	+0.0035293
2013-05	0.001	-0.0008406	-0.0006169	-0.0004050	-0.0001840	+0.0001233	+0.0004825	+0.0007918	+0.0010360	+0.0012558	+0.0014621	+0.0016594	+0.0018482	+0.0020193	+0.0021773	+0.0023260	+0.0024591	+0.0025828	+0.0026942	+0.0027919	+0.0028807	+0.0029629
2013-06	-0.069	-0.0010279	-0.0008622	-0.0006821	-0.0004534	-0.0001672	+0.0001399	+0.0003890	+0.0006041	+0.0008061	+0.0010032	+0.0011990	+0.0013896	+0.0015753	+0.0017530	+0.0019177	+0.0020726	+0.0022172	+0.0023572	+0.0024843	+0.0026077	+0.0027106
2013-07	-0.012	-0.0039725	-0.0037293	-0.0034493	-0.0031432	-0.0028094	-0.0024509	-0.0020704	-0.0016549	-0.0012260	-0.0007933	-0.0003312	+0.0001023	+0.0005121	+0.0008933	+0.0012445	+0.0015508	+0.0018041	+0.0020413	+0.0022251	+0.0023954	+0.0025483
2013-08	-0.033	-0.0040898	-0.0038184	-0.0035218	-0.0032409	-0.0029417	-0.0026189	-0.0022571	-0.0018821	-0.0014971	-0.0010887	-0.0006752	-0.0002813	+0.0000878	+0.0004355	+0.0007479	+0.0010125	+0.0012486	+0.0014609	+0.0016630	+0.0018216	+0.0019621
2013-09	0.024	-0.0043363	-0.0041356	-0.0039247	-0.0037103	-0.0034689	-0.0032227	-0.0029573	-0.0026747	-0.0023648	-0.0020492	-0.0017237	-0.0014021	-0.0010843	-0.0007845	-0.0005003	-0.0002285	+0.0000216	+0.0002447	+0.0004704	+0.0007044	+0.0008943
2013-10	0.030	-0.0025012	-0.0023642	-0.0022138	-0.0020458	-0.0018662	-0.0016801	-0.0014876	-0.0012716	-0.0010455	-0.0008021	-0.0005453	-0.0002772	-0.0000155	+0.0002479	+0.0005040	+0.0007453	+0.0009843	+0.0011923	+0.0014139	+0.0016275	+0.0017961
2013-11	0.000	-0.0017688	-0.0016694	-0.0015473	-0.0014239	-0.0012874	-0.0011415	-0.0009779	-0.0007968	-0.0006004	-0.0003946	-0.0001761	+0.0000415	+0.0002518	+0.0004613	+0.0006533	+0.0008344	+0.0009957	+0.0011529	+0.0012865	+0.0014192	+0.0015281
2013-12	0.016	-0.0010304	-0.0009184	-0.0008168	-0.0006962	-0.0005689	-0.0004340	-0.0002911	-0.0001417	+0.0000155	+0.0001778	+0.0003380	+0.0004993	+0.0006544	+0.0008020	+0.0009404	+0.0010708	+0.0012025	+0.0013286	+0.0014467	+0.0015557	+0.0016589
2014-01	-0.025	-0.0004426	-0.0003531	-0.0002663	-0.0001623	-0.0000300	+0.0001198	+0.0002634	+0.0003737	+0.0004750	+0.0005703	+0.0006605	+0.0007482	+0.0008316	+0.0009078	+0.0009776	+0.0010443	+0.0011025	+0.0011557	+0.0012055	+0.0012476	+0.0012875
2014-02	0.009	-0.0007188	-0.0006153	-0.0005177	-0.0004206	-0.0003175	-0.0002120	-0.0000991	+0.0000170	+0.0001358	+0.0002598	+0.0003779	+0.0004898	+0.0005913	+0.0006857	+0.0007694	+0.0008451	+0.0009137	+0.0009751	+0.0010317	+0.0010840	+0.0011318
2014-03	0.024	-0.0010973	-0.0010073	-0.0009107	-0.0007947	-0.0006829	-0.0005600	-0.0004267	-0.0002917	-0.0001524	+0.0000000	+0.0001502	+0.0002861	+0.0004173	+0.0005438	+0.0006514	+0.0007364	+0.0008040	+0.0008631	+0.0009109	+0.0009546	+0.0009965
2014-04	0.004	-0.0011127	-0.0010228	-0.0009144	-0.0008113	-0.0006996	-0.0005740	-0.0004392	-0.0002974	-0.0001546	-0.0000047	+0.0001521	+0.0002924	+0.0004234	+0.0005553	+0.0006667	+0.0007583	+0.0008320	+0.0008955	+0.0009525	+0.0010035	+0.0010517
2014-05	0.009	-0.0009552	-0.0008549	-0.0007469	-0.0006378	-0.0005257	-0.0004038	-0.0002671	-0.0001291	+0.0000146	+0.0001707	+0.0003175	+0.0004475	+0.0005796	+0.0007116	+0.0008113	+0.0008855	+0.0009459	+0.0009972	+0.0010408	+0.0010809	+0.0011179
2014-06	0.000	-0.0003106	-0.0002394	-0.0001731	-0.0000959	+0.0000034	+0.0001961	+0.0003749	+0.0004728	+0.0005498	+0.0006195	+0.0006841	+0.0007437	+0.0007998	+0.0008522	+0.0009017	+0.0009466	+0.0009881	+0.0010260	+0.0010619	+0.0010939	+0.0011251
2014-07	0.017	-0.0005303	-0.0004646	-0.0003904	-0.0003089	-0.0002051	+0.0000158	+0.0001910	+0.0002828	+0.0003585	+0.0004260	+0.0004892	+0.0005486	+0.0006046	+0.0006566	+0.0007029	+0.0007460	+0.0007854	+0.0008191	+0.0008518	+0.0008795	+0.0009056
2014-08	0.008	-0.0001837	-0.0001425	-0.0001005	-0.0000536	-0.0000056	+0.0000443	+0.0000959	+0.0001471	+0.0001985	+0.0002510	+0.0003014	+0.0003496	+0.0003939	+0.0004343	+0.0004698	+0.0005011	+0.0005293	+0.0005558	+0.0005782	+0.0005995	+0.0006189
2014-09	0.013	-0.0001092	-0.0000704	-0.0000324	+0.0000061	+0.0000487	+0.0000908	+0.0001349	+0.0001804	+0.0002260	+0.0002738	+0.0003210	+0.0003668	+0.0004124	+0.0004561	+0.0004987	+0.0005364	+0.0005719	+0.0006042	+0.0006371	+0.0006672	+0.0006973
2014-10	0.010	-0.0003001	-0.0002386	-0.0001569	-0.0000633	+0.0000329	+0.0001261	+0.0002086	+0.0002844	+0.0003615	+0.0004402	+0.0005197	+0.0005988	+0.0006772	+0.0007499	+0.0008194	+0.0008860	+0.0009471	+0.0010031	+0.0010581	+0.0011077	+0.0011517
2014-11	0.054	-0.0005589	-0.0004831	-0.0003942	-0.0003018	-0.0002069	-0.0001127	-0.0000117	+0.0000962	+0.0002100	+0.0003219	+0.0004316	+0.0005357	+0.0006341	+0.0007222	+0.0008016	+0.0008732	+0.0009387	+0.0009985	+0.0010525	+0.0011030	+0.0011503
2014-12	0.001	-0.0006448	-0.0004971	-0.0003493	-0.0001790	-0.0000094	+0.0001692	+0.0003582	+0.0005474	+0.0007485	+0.0009605	+0.0011791	+0.0013994	+0.0016075	+0.0018118	+0.0020018	+0.0021800	+0.0023458	+0.0025006	+0.0026242	+0.0027425	+0.0028877
2015-01	-0.009	-0.0012589	-0.0010966	-0.0008776	-0.0006516	-0.0004377	-0.0002345	-0.0000228	+0.0001936	+0.0004255	+0.0006619	+0.0009092	+0.0011606	+0.0014032	+0.0016279	+0.0018444	+0.0020495	+0.0022253	+0.0023997	+0.0025499	+0.0027050	+0.0028286
2015-02	0.002	-0.0008002	-0.0006710	-0.0005142	-0.0003822	-0.0002515	-0.0001082	+0.0000672	+0.0002761	+0.0004808	+0.0006943	+0.0009447	+0.0011902	+0.0014148	+0.0016558	+0.0018692	+0.0020659	+0.0022302	+0.0024216	+0.0025734	+0.0027332	+0.0028458
