2011-08	-0.044	-0.0008693	-0.0008225	-0.0007676	-0.0007062	-0.0006394	-0.0005592	-0.0004769	-0.0003809	-0.0002768	-0.0001668	-0.0000482	+0.0000622	+0.0001741	+0.0002768	+0.0003794	+0.0004645	+0.0005422	+0.0006173	+0.0006796	+0.0007365	+0.0007919
2011-09	-0.017	-0.0022531	-0.0021260	-0.0020014	-0.0018749	-0.0017368	-0.0015857	-0.0014127	-0.0012339	-0.0010480	-0.0008516	-0.0006528	-0.0004576	-0.0002733	-0.0000973	+0.0000638	+0.0002044	+0.0003305	+0.0004459	+0.0005537	+0.0006726	+0.0007828
2011-10	0.055	-0.0022275	-0.0021047	-0.0019595	-0.0018103	-0.0016526	-0.0014845	-0.0012965	-0.0010912	-0.0008841	-0.0006678	-0.0004461	-0.0002333	-0.0000381	+0.0001453	+0.0003169	+0.0004677	+0.0005904	+0.0006983	+0.0007870	+0.0008618	+0.0009392
2011-11	-0.032	-0.0026113	-0.0024904	-0.0023350	-0.0021897	-0.0020174	-0.0018206	-0.0016056	-0.0013688	-0.0011067	-0.0008299	-0.0005278	-0.0002184	+0.0000954	+0.0003999	+0.0006964	+0.0009762	+0.0012488	+0.0015010	+0.0017251	+0.0019492	+0.0021501
2011-12	0.034	-0.0021795	-0.0020351	-0.0018784	-0.0016998	-0.0015096	-0.0013040	-0.0010743	-0.0008245	-0.0005491	-0.0002534	+0.0000588	+0.0003734	+0.0006944	+0.0010040	+0.0012938	+0.0015708	+0.0018448	+0.0020839	+0.0023249	+0.0025550	+0.0027391
2012-01	0.028	-0.0018377	-0.0016838	-0.0015284	-0.0013541	-0.0011645	-0.0009696	-0.0007442	-0.0005022	-0.0002328	+0.0000546	+0.0003512	+0.0006472	+0.0009486	+0.0012385	+0.0015194	+0.0017887	+0.0020367	+0.0022709	+0.0024800	+0.0026924	+0.0028660
2012-02	0.018	-0.0010172	-0.0008458	-0.0006636	-0.0004912	-0.0002897	-0.0000707	+0.0001356	+0.0003668	+0.0006041	+0.0008413	+0.0010876	+0.0013184	+0.0015489	+0.0017852	+0.0020145	+0.0022256	+0.0024161	+0.0026222	+0.0028059	+0.0029730	+0.0031186
2012-03	-0.000	-0.0005566	-0.0004269	-0.0003002	-0.0001757	-0.0000410	+0.0001017	+0.0002580	+0.0004134	+0.0005622	+0.0007146	+0.0008778	+0.0010270	+0.0011416	+0.0012283	+0.0012999	+0.0013603	+0.0014123	+0.0014553	+0.0014918	+0.0015266	+0.0015519
2012-04	0.008	-0.0004611	-0.0003822	-0.0002984	-0.0002013	-0.0000576	+0.0003162	+0.0005592	+0.0006711	+0.0007622	+0.0008493	+0.0009318	+0.0010105	+0.0010859	+0.0011561	+0.0012177	+0.0012752	+0.0013281	+0.0013737	+0.0014144	+0.0014512	+0.0014845
2012-05	-0.014	-0.0004894	-0.0004159	-0.0003282	-0.0002245	-0.0000785	+0.0000588	+0.0001645	+0.0002567	+0.0003433	+0.0004313	+0.0005204	+0.0006083	+0.0006961	+0.0007770	+0.0008548	+0.0009257	+0.0009953	+0.0010575	+0.0011179	+0.0011720	+0.0012258
2012-06	0.018	-0.0007116	-0.0006386	-0.0005636	-0.0004804	-0.0003989	-0.0003090	-0.0002169	-0.0001170	-0.0000134	+0.0000899	+0.0001921	+0.0002891	+0.0003773	+0.0004564	+0.0005297	+0.0005919	+0.0006496	+0.0007026	+0.0007528	+0.0007962	+0.0008346
2012-07	0.017	-0.0010012	-0.0009226	-0.0008417	-0.0007509	-0.0006572	-0.0005539	-0.0004428	-0.0003250	-0.0002021	-0.0000752	+0.0000555	+0.0001794	+0.0002991	+0.0004090	+0.0005131	+0.0006075	+0.0006901	+0.0007698	+0.0008381	+0.0008980	+0.0009530
2012-08	0.012	-0.0009418	-0.0008392	-0.0007309	-0.0006185	-0.0004982	-0.0003672	-0.0002293	-0.0000873	+0.0000661	+0.0002213	+0.0003754	+0.0005198	+0.0006619	+0.0007930	+0.0009071	+0.0010055	+0.0010926	+0.0011668	+0.0012356	+0.0012960	+0.0013440
2012-09	0.012	-0.0008177	-0.0007422	-0.0006481	-0.0005248	-0.0003915	-0.0002690	-0.0001457	+0.0000033	+0.0001579	+0.0003052	+0.0004501	+0.0005948	+0.0007260	+0.0008414	+0.0009355	+0.0010131	+0.0010834	+0.0011425	+0.0011990	+0.0012461	+0.0012880
2012-10	0.009	-0.0001994	-0.0001381	-0.0000693	+0.0000184	+0.0001551	+0.0004911	+0.0006242	+0.0007059	+0.0007791	+0.0008493	+0.0009194	+0.0009861	+0.0010523	+0.0011168	+0.0011756	+0.0012279	+0.0012755	+0.0013200	+0.0013656	+0.0014017	+0.0014328
2012-11	0.005	-0.0002821	-0.0002246	-0.0001626	-0.0000830	+0.0000260	+0.0002272	+0.0003453	+0.0004214	+0.0004867	+0.0005524	+0.0006174	+0.0006817	+0.0007428	+0.0008010	+0.0008549	+0.0009043	+0.0009523	+0.0009932	+0.0010341	+0.0010724	+0.0011064
2012-12	0.015	-0.0004477	-0.0003799	-0.0003088	-0.0002277	-0.0001425	-0.0000570	+0.0000235	+0.0001053	+0.0001883	+0.0002703	+0.0003529	+0.0004354	+0.0005167	+0.0005935	+0.0006632	+0.0007300	+0.0007937	+0.0008541	+0.0009106	+0.0009619	+0.0010092
2013-01	0.013	-0.0004213	-0.0003564	-0.0002851	-0.0002027	-0.0001222	-0.0000393	+0.0000459	+0.0001332	+0.0002214	+0.0003149	+0.0004091	+0.0005034	+0.0005939	+0.0006825	+0.0007637	+0.0008391	+0.0009093	+0.0009728	+0.0010307	+0.0010887	+0.0011407
2013-02	-0.001	-0.0004213	-0.0003317	-0.0002360	-0.0001450	-0.0000467	+0.0000529	+0.0001501	+0.0002468	+0.0003421	+0.0004385	+0.0005338	+0.0006250	+0.0007125	+0.0007940	+0.0008682	+0.0009364	+0.0009980	+0.0010538	+0.0011065	+0.0011540	+0.0011945
2013-03	0.010	-0.0003192	-0.0002494	-0.0001785	-0.0001039	-0.0000235	+0.0000583	+0.0001434	+0.0002289	+0.0003203	+0.0004143	+0.0005081	+0.0006036	+0.0006919	+0.0007734	+0.0008556	+0.0009280	+0.0009960	+0.0010582	+0.0011176	+0.0011681	+0.0012169
2013-04	0.010	-0.0003567	-0.0002882	-0.0002219	-0.0001522	-0.0000718	+0.0000117	+0.0000948	+0.0001729	+0.0002495	+0.0003212	+0.0003924	+0.0004577	+0.0005177	+0.0005710	+0.0006214	+0.0006641	+0.0007012	+0.0007328	+0.0007620	+0.0007864	+0.0008078
2013-05	-0.004	-0.0002917	-0.0002388	-0.0001898	-0.0001341	-0.0000795	-0.0000231	+0.0000350	+0.0000909	+0.0001459	+0.0001996	+0.0002510	+0.0002993	+0.0003440	+0.0003846	+0.0004204	+0.0004517	+0.0004794	+0.0005048	+0.0005303	+0.0005573	+0.0005828
2013-06	-0.025	-0.0003278	-0.0002521	-0.0001750	-0.0001140	-0.0000496	+0.0000369	+0.0001353	+0.0002253	+0.0003052	+0.0003696	+0.0004227	+0.0004715	+0.0005152	+0.0005570	+0.0005932	+0.0006276	+0.0006587	+0.0006883	+0.0007173	+0.0007414	+0.0007665
2013-07	0.019	-0.0011436	-0.0010661	-0.0009933	-0.0009152	-0.0008113	-0.0007059	-0.0006053	-0.0004882	-0.0003556	-0.0002350	-0.0001065	+0.0000290	+0.0001415	+0.0002452	+0.0003479	+0.0004383	+0.0005097	+0.0005657	+0.0006150	+0.0006570	+0.0006928
2013-08	-0.009	-0.0012010	-0.0011223	-0.0010362	-0.0009421	-0.0008445	-0.0007405	-0.0006197	-0.0004894	-0.0003487	-0.0002023	-0.0000455	+0.0001109	+0.0002640	+0.0004084	+0.0005418	+0.0006641	+0.0007756	+0.0008735	+0.0009625	+0.0010468	+0.0011238
2013-09	0.011	-0.0012528	-0.0012002	-0.0011487	-0.0010883	-0.0010205	-0.0009457	-0.0008558	-0.0007551	-0.0006365	-0.0005011	-0.0003615	-0.0002202	-0.0000722	+0.0000733	+0.0002074	+0.0003368	+0.0004616	+0.0005699	+0.0006693	+0.0007693	+0.0008578
2013-10	0.019	-0.0008648	-0.0008067	-0.0007354	-0.0006563	-0.0005746	-0.0004934	-0.0003949	-0.0002905	-0.0001815	-0.0000545	+0.0000667	+0.0001973	+0.0003219	+0.0004402	+0.0005553	+0.0006589	+0.0007581	+0.0008512	+0.0009364	+0.0010119	+0.0010772
2013-11	0.002	-0.0004585	-0.0004046	-0.0003366	-0.0002741	-0.0002030	-0.0001242	-0.0000441	+0.0000467	+0.0001391	+0.0002378	+0.0003367	+0.0004338	+0.0005276	+0.0006126	+0.0006891	+0.0007592	+0.0008240	+0.0008782	+0.0009281	+0.0009708	+0.0010079
2013-12	0.002	-0.0002735	-0.0002183	-0.0001630	-0.0001083	-0.0000463	+0.0000156	+0.0000838	+0.0001550	+0.0002279	+0.0003045	+0.0003829	+0.0004577	+0.0005294	+0.0005956	+0.0006576	+0.0007151	+0.0007643	+0.0008077	+0.0008457	+0.0008817	+0.0009159
2014-01	0.006	-0.0002593	-0.0002183	-0.0001651	-0.0000944	+0.0000104	+0.0001220	+0.0001936	+0.0002536	+0.0003112	+0.0003684	+0.0004267	+0.0004839	+0.0005401	+0.0005919	+0.0006434	+0.0006903	+0.0007341	+0.0007725	+0.0008098	+0.0008456	+0.0008747
2014-02	0.015	-0.0002687	-0.0002304	-0.0001806	-0.0001148	-0.0000163	+0.0001064	+0.0001684	+0.0002218	+0.0002726	+0.0003253	+0.0003799	+0.0004348	+0.0004906	+0.0005437	+0.0005958	+0.0006419	+0.0006871	+0.0007287	+0.0007650	+0.0008003	+0.0008377
2014-03	0.000	-0.0000260	-0.0000025	+0.0000220	+0.0000499	+0.0000799	+0.0001107	+0.0001437	+0.0001800	+0.0002191	+0.0002611	+0.0003039	+0.0003487	+0.0003916	+0.0004347	+0.0004738	+0.0005108	+0.0005457	+0.0005786	+0.0006095	+0.0006373	+0.0006649
2014-04	0.003	-0.0002301	-0.0001864	-0.0001337	-0.0000762	-0.0000067	+0.0000556	+0.0001097	+0.0001653	+0.0002198	+0.0002758	+0.0003328	+0.0003884	+0.0004430	+0.0004954	+0.0005447	+0.0005898	+0.0006309	+0.0006690	+0.0007057	+0.0007381	+0.0007677
2014-05	0.004	-0.0002554	-0.0002189	-0.0001774	-0.0001228	-0.0000442	+0.0000186	+0.0000638	+0.0001056	+0.0001497	+0.0001989	+0.0002505	+0.0003029	+0.0003555	+0.0004067	+0.0004561	+0.0005040	+0.0005486	+0.0005886	+0.0006291	+0.0006669	+0.0007013
2014-06	0.007	-0.0001814	-0.0001578	-0.0001331	-0.0000971	-0.0000201	+0.0000702	+0.0001097	+0.0001415	+0.0001714	+0.0002039	+0.0002450	+0.0002998	+0.0003483	+0.0003893	+0.0004312	+0.0004831	+0.0005283	+0.0005633	+0.0005968	+0.0006344	+0.0006674
2014-07	-0.008	-0.0000260	-0.0000048	+0.0000174	+0.0000420	+0.0000708	+0.0001061	+0.0001400	+0.0001678	+0.0001912	+0.0002127	+0.0002330	+0.0002521	+0.0002701	+0.0002869	+0.0003020	+0.0003159	+0.0003287	+0.0003398	+0.0003503	+0.0003593	+0.0003682
2014-08	0.007	-0.0002699	-0.0002367	-0.0002038	-0.0001713	-0.0001362	-0.0000963	-0.0000570	-0.0000166	+0.0000292	+0.0000733	+0.0001136	+0.0001559	+0.0001948	+0.0002270	+0.0002526	+0.0002741	+0.0002926	+0.0003095	+0.0003238	+0.0003368	+0.0003497
2014-09	-0.023	-0.0004935	-0.0004555	-0.0004101	-0.0003603	-0.0003085	-0.0002559	-0.0001960	-0.0001350	-0.0000704	-0.0000042	+0.0000622	+0.0001274	+0.0001894	+0.0002483	+0.0002993	+0.0003465	+0.0003931	+0.0004329	+0.0004662	+0.0005027	+0.0005377
2014-10	0.011	-0.0007862	-0.0007390	-0.0006913	-0.0006390	-0.0005857	-0.0005235	-0.0004567	-0.0003864	-0.0003110	-0.0002321	-0.0001509	-0.0000695	+0.0000123	+0.0000887	+0.0001591	+0.0002255	+0.0002852	+0.0003391	+0.0003903	+0.0004360	+0.0004807
2014-11	-0.004	-0.0009157	-0.0008703	-0.0008249	-0.0007714	-0.0007109	-0.0006455	-0.0005731	-0.0004932	-0.0004056	-0.0003151	-0.0002205	-0.0001265	-0.0000318	+0.0000598	+0.0001454	+0.0002237	+0.0002963	+0.0003614	+0.0004238	+0.0004771	+0.0005276
2014-12	-0.011	-0.0008514	-0.0007980	-0.0007437	-0.0006873	-0.0006240	-0.0005543	-0.0004766	-0.0003931	-0.0003041	-0.0002078	-0.0001099	-0.0000114	+0.0000838	+0.0001753	+0.0002607	+0.0003379	+0.0004074	+0.0004720	+0.0005288	+0.0005854	+0.0006348
2015-01	0.003	-0.0013692	-0.0013032	-0.0012273	-0.0011557	-0.0010768	-0.0009895	-0.0008986	-0.0008007	-0.0006945	-0.0005841	-0.0004685	-0.0003528	-0.0002398	-0.0001313	-0.0000300	+0.0000660	+0.0001549	+0.0002367	+0.0003162	+0.0003887	+0.0004607
2015-02	0.002	-0.0011408	-0.0010733	-0.0009928	-0.0009088	-0.0008120	-0.0007106	-0.0006028	-0.0004911	-0.0003714	-0.0002505	-0.0001275	-0.0000082	+0.0001080	+0.0002161	+0.0003168	+0.0004120	+0.0004947	+0.0005742	+0.0006490	+0.0007159	+0.0007759
