2011-05	-0.013	-0.0023735	-0.0021656	-0.0019597	-0.0017183	-0.0014755	-0.0012146	-0.0009480	-0.0006661	-0.0003745	-0.0000782	+0.0002158	+0.0004987	+0.0007736	+0.0010254	+0.0012678	+0.0015015	+0.0017166	+0.0019057	+0.0020910	+0.0022665	+0.0024239
2011-06	-0.003	-0.0025368	-0.0023523	-0.0021901	-0.0019903	-0.0017706	-0.0015521	-0.0013072	-0.0010653	-0.0007960	-0.0005319	-0.0002671	-0.0000117	+0.0002495	+0.0005053	+0.0007706	+0.0010109	+0.0012411	+0.0014580	+0.0016635	+0.0018562	+0.0020359
2011-07	-0.023	-0.0015079	-0.0014019	-0.0012919	-0.0011815	-0.0010694	-0.0009533	-0.0008169	-0.0006710	-0.0005131	-0.0003347	-0.0001350	+0.0000859	+0.0003284	+0.0005674	+0.0007991	+0.0010289	+0.0012451	+0.0014615	+0.0016603	+0.0018641	+0.0020589
2011-08	-0.048	-0.0012274	-0.0011514	-0.0010775	-0.0009968	-0.0009112	-0.0008158	-0.0007147	-0.0006049	-0.0004834	-0.0003523	-0.0002147	-0.0000678	+0.0000840	+0.0002277	+0.0003658	+0.0004974	+0.0006261	+0.0007520	+0.0008658	+0.0009804	+0.0010855
2011-09	-0.030	-0.0036609	-0.0034741	-0.0032820	-0.0030878	-0.0028585	-0.0026138	-0.0023536	-0.0020711	-0.0017744	-0.0014636	-0.0011413	-0.0008207	-0.0005132	-0.0002113	+0.0000792	+0.0003471	+0.0006050	+0.0008688	+0.0011096	+0.0013588	+0.0015911
2011-10	0.038	-0.0037918	-0.0036011	-0.0034216	-0.0032006	-0.0029817	-0.0027378	-0.0024617	-0.0021835	-0.0018774	-0.0015514	-0.0012154	-0.0008789	-0.0005628	-0.0002593	+0.0000267	+0.0002997	+0.0005474	+0.0008000	+0.0010346	+0.0012740	+0.0014925
2011-11	-0.043	-0.0038817	-0.0037125	-0.0035370	-0.0033504	-0.0031427	-0.0029004	-0.0026450	-0.0023636	-0.0020619	-0.0017401	-0.0013969	-0.0010493	-0.0007083	-0.0003761	-0.0000501	+0.0002752	+0.0005790	+0.0008803	+0.0011638	+0.0014431	+0.0016929
2011-12	0.014	-0.0027114	-0.0025577	-0.0023972	-0.0022052	-0.0020140	-0.0018089	-0.0015804	-0.0013289	-0.0010715	-0.0007908	-0.0005052	-0.0002225	+0.0000506	+0.0003155	+0.0005631	+0.0007897	+0.0009993	+0.0012057	+0.0013802	+0.0015384	+0.0017052
2012-01	0.016	-0.0021355	-0.0019706	-0.0017979	-0.0016158	-0.0014297	-0.0012264	-0.0010065	-0.0007771	-0.0005410	-0.0002968	-0.0000471	+0.0001952	+0.0004218	+0.0006346	+0.0008338	+0.0010220	+0.0011927	+0.0013467	+0.0015017	+0.0016359	+0.0017661
2012-02	0.071	-0.0016200	-0.0014676	-0.0013061	-0.0011284	-0.0009353	-0.0007478	-0.0005451	-0.0003280	-0.0001056	+0.0001126	+0.0003303	+0.0005332	+0.0007212	+0.0009014	+0.0010695	+0.0012349	+0.0013809	+0.0015227	+0.0016554	+0.0017691	+0.0018814
2012-03	0.024	-0.0009821	-0.0008147	-0.0006589	-0.0004812	-0.0002844	-0.0000861	+0.0001149	+0.0003231	+0.0005491	+0.0007782	+0.0010035	+0.0012270	+0.0014454	+0.0016576	+0.0018551	+0.0020323	+0.0022031	+0.0023583	+0.0025077	+0.0026396	+0.0027706
2012-04	-0.022	-0.0005150	-0.0003120	-0.0001122	+0.0001233	+0.0003845	+0.0006576	+0.0009190	+0.0011540	+0.0013809	+0.0015967	+0.0018062	+0.0020075	+0.0021985	+0.0023681	+0.0025275	+0.0026768	+0.0028061	+0.0029280	+0.0030354	+0.0031272	+0.0032169
2012-05	-0.072	-0.0016027	-0.0013672	-0.0011530	-0.0008782	-0.0005805	-0.0003132	-0.0000082	+0.0003277	+0.0006420	+0.0009849	+0.0013385	+0.0016414	+0.0019291	+0.0022161	+0.0024446	+0.0026251	+0.0027732	+0.0029071	+0.0030229	+0.0031292	+0.0032247
2012-06	0.033	-0.0027968	-0.0026494	-0.0024801	-0.0022780	-0.0020570	-0.0017947	-0.0015266	-0.0012181	-0.0008749	-0.0005139	-0.0001443	+0.0002409	+0.0006072	+0.0009465	+0.0012737	+0.0015901	+0.0018494	+0.0020864	+0.0022979	+0.0025049	+0.0026929
2012-07	-0.004	-0.0030357	-0.0029110	-0.0027796	-0.0026161	-0.0024459	-0.0022562	-0.0020392	-0.0017971	-0.0015298	-0.0012610	-0.0009665	-0.0006741	-0.0003901	-0.0001116	+0.0001534	+0.0003896	+0.0006049	+0.0008082	+0.0009862	+0.0011746	+0.0013454
2012-08	0.001	-0.0028946	-0.0027645	-0.0025939	-0.0024156	-0.0022100	-0.0019999	-0.0017639	-0.0015113	-0.0012413	-0.0009479	-0.0006402	-0.0003465	-0.0000477	+0.0002330	+0.0004958	+0.0007349	+0.0009579	+0.0011577	+0.0013408	+0.0014978	+0.0016600
2012-09	0.006	-0.0020257	-0.0018327	-0.0016822	-0.0015131	-0.0013211	-0.0011219	-0.0008983	-0.0006640	-0.0004107	-0.0001442	+0.0001159	+0.0003735	+0.0006094	+0.0008325	+0.0010349	+0.0012053	+0.0013612	+0.0015066	+0.0016265	+0.0017268	+0.0018187
2012-10	0.018	-0.0010875	-0.0009760	-0.0008433	-0.0007210	-0.0005808	-0.0004315	-0.0002716	-0.0001039	+0.0000741	+0.0002583	+0.0004490	+0.0006294	+0.0008095	+0.0009759	+0.0011304	+0.0012711	+0.0013988	+0.0015208	+0.0016263	+0.0017379	+0.0018354
2012-11	0.033	-0.0011237	-0.0010161	-0.0009105	-0.0007950	-0.0006677	-0.0005336	-0.0003948	-0.0002510	-0.0000969	+0.0000559	+0.0002111	+0.0003588	+0.0004999	+0.0006314	+0.0007542	+0.0008696	+0.0009761	+0.0010737	+0.0011694	+0.0012542	+0.0013378
2012-12	0.070	-0.0007617	-0.0006783	-0.0005934	-0.0004986	-0.0003898	-0.0002803	-0.0001571	-0.0000250	+0.0001154	+0.0002563	+0.0003998	+0.0005404	+0.0006789	+0.0008044	+0.0009199	+0.0010258	+0.0011237	+0.0012068	+0.0012838	+0.0013596	+0.0014247
2013-01	0.070	-0.0007844	-0.0006286	-0.0004465	-0.0002733	-0.0000842	+0.0001085	+0.0003135	+0.0005310	+0.0007598	+0.0009906	+0.0012218	+0.0014493	+0.0016636	+0.0018694	+0.0020616	+0.0022345	+0.0023908	+0.0025390	+0.0026766	+0.0028011	+0.0029232
2013-02	0.017	-0.0009002	-0.0006054	-0.0003275	+0.0000028	+0.0004024	+0.0008229	+0.0012124	+0.0015560	+0.0018783	+0.0021851	+0.0024767	+0.0027578	+0.0030206	+0.0032651	+0.0034849	+0.0036946	+0.0038792	+0.0040452	+0.0041950	+0.0043432	+0.0044723
2013-03	0.040	-0.0008139	-0.0005916	-0.0003608	-0.0001042	+0.0002462	+0.0015867	+0.0023096	+0.0026049	+0.0028384	+0.0030506	+0.0032564	+0.0034521	+0.0036365	+0.0038088	+0.0039670	+0.0041136	+0.0042478	+0.0043692	+0.0044872	+0.0045844	+0.0046809
2013-04	0.085	-0.0009207	-0.0006722	-0.0004369	-0.0001544	+0.0001949	+0.0008977	+0.0018975	+0.0022648	+0.0025460	+0.0028094	+0.0030526	+0.0032806	+0.0034926	+0.0036969	+0.0038797	+0.0040407	+0.0041919	+0.0043266	+0.0044468	+0.0045606	+0.0046620
2013-05	-0.008	-0.0010679	-0.0007592	-0.0004591	-0.0001340	+0.0003378	+0.0010124	+0.0015191	+0.0018822	+0.0021811	+0.0024712	+0.0027527	+0.0030206	+0.0032681	+0.0035067	+0.0037299	+0.0039446	+0.0041346	+0.0043078	+0.0044716	+0.0046238	+0.0047887
2013-06	-0.032	-0.0014252	-0.0011769	-0.0008719	-0.0005091	-0.0000090	+0.0006092	+0.0010855	+0.0014577	+0.0017939	+0.0021043	+0.0024167	+0.0027094	+0.0029967	+0.0032598	+0.0035096	+0.0037391	+0.0039577	+0.0041595	+0.0043459	+0.0045204	+0.0046815
2013-07	0.006	-0.0043417	-0.0040139	-0.0036803	-0.0032929	-0.0028477	-0.0023788	-0.0018657	-0.0013251	-0.0007309	-0.0001329	+0.0004761	+0.0010522	+0.0016171	+0.0021191	+0.0025813	+0.0030059	+0.0033760	+0.0037068	+0.0039702	+0.0042057	+0.0044095
2013-08	-0.021	-0.0044565	-0.0040753	-0.0036771	-0.0032476	-0.0028186	-0.0023462	-0.0018341	-0.0012683	-0.0006944	-0.0001036	+0.0004878	+0.0010822	+0.0016312	+0.0021318	+0.0025928	+0.0029921	+0.0033361	+0.0036271	+0.0038914	+0.0041288	+0.0043615
2013-09	0.041	-0.0048198	-0.0045337	-0.0042578	-0.0039338	-0.0036067	-0.0032709	-0.0028854	-0.0024835	-0.0020451	-0.0015853	-0.0011155	-0.0006341	-0.0001641	+0.0002655	+0.0006843	+0.0010437	+0.0013894	+0.0017050	+0.0020378	+0.0023042	+0.0025448
2013-10	0.020	-0.0018849	-0.0017387	-0.0015619	-0.0013716	-0.0011618	-0.0009276	-0.0006662	-0.0003802	-0.0000683	+0.0002595	+0.0006017	+0.0009480	+0.0012907	+0.0016192	+0.0019285	+0.0022134	+0.0024665	+0.0027050	+0.0029063	+0.0031095	+0.0032809
2013-11	0.028	-0.0017538	-0.0016332	-0.0014928	-0.0013523	-0.0011871	-0.0010057	-0.0008086	-0.0005938	-0.0003626	-0.0001149	+0.0001350	+0.0003931	+0.0006432	+0.0008869	+0.0011085	+0.0013106	+0.0014951	+0.0016622	+0.0018249	+0.0019851	+0.0021270
2013-12	0.024	-0.0007488	-0.0006431	-0.0005154	-0.0003888	-0.0002498	-0.0001113	+0.0000453	+0.0002182	+0.0004038	+0.0005920	+0.0007881	+0.0009840	+0.0011724	+0.0013520	+0.0015224	+0.0016799	+0.0018242	+0.0019641	+0.0020857	+0.0022054	+0.0023242
2014-01	-0.030	-0.0008132	-0.0006829	-0.0005459	-0.0003653	-0.0001614	+0.0000452	+0.0002337	+0.0004001	+0.0005572	+0.0007090	+0.0008574	+0.0010076	+0.0011487	+0.0012836	+0.0014063	+0.0015246	+0.0016287	+0.0017290	+0.0018231	+0.0019145	+0.0019992
2014-02	0.010	-0.0008425	-0.0006870	-0.0005087	-0.0003526	-0.0001781	-0.0000007	+0.0001800	+0.0003708	+0.0005560	+0.0007406	+0.0009166	+0.0010808	+0.0012273	+0.0013592	+0.0014787	+0.0015869	+0.0016844	+0.0017696	+0.0018511	+0.0019275	+0.0019927
2014-03	0.008	-0.0016359	-0.0014687	-0.0013163	-0.0011272	-0.0009419	-0.0007265	-0.0005166	-0.0002875	-0.0000459	+0.0002018	+0.0004508	+0.0006854	+0.0009090	+0.0011128	+0.0012940	+0.0014535	+0.0015927	+0.0017077	+0.0018121	+0.0019071	+0.0019889
2014-04	0.002	-0.0018363	-0.0016918	-0.0015429	-0.0013784	-0.0012066	-0.0010233	-0.0008319	-0.0006146	-0.0003837	-0.0001400	+0.0001030	+0.0003424	+0.0005740	+0.0007856	+0.0009825	+0.0011523	+0.0013142	+0.0014551	+0.0015740	+0.0016850	+0.0017748
2014-05	0.012	-0.0017990	-0.0016677	-0.0015372	-0.0013982	-0.0012580	-0.0010940	-0.0009210	-0.0007384	-0.0005404	-0.0003407	-0.0001391	+0.0000581	+0.0002473	+0.0004233	+0.0005829	+0.0007296	+0.0008668	+0.0009899	+0.0010955	+0.0011968	+0.0012888
2014-06	0.021	-0.0006926	-0.0006118	-0.0005274	-0.0004441	-0.0003503	-0.0002450	-0.0001302	-0.0000072	+0.0001215	+0.0002528	+0.0003851	+0.0005219	+0.0006558	+0.0007821	+0.0008989	+0.0010071	+0.0011077	+0.0012069	+0.0012965	+0.0013825	+0.0014697
2014-07	0.014	-0.0005038	-0.0004115	-0.0003045	-0.0001931	-0.0000693	+0.0000496	+0.0001652	+0.0002834	+0.0003998	+0.0005112	+0.0006206	+0.0007283	+0.0008308	+0.0009263	+0.0010119	+0.0010917	+0.0011615	+0.0012271	+0.0012871	+0.0013462	+0.0013992
2014-08	0.003	-0.0002934	-0.0002044	-0.0001249	-0.0000348	+0.0000584	+0.0001504	+0.0002506	+0.0003494	+0.0004530	+0.0005515	+0.0006486	+0.0007462	+0.0008411	+0.0009294	+0.0010120	+0.0010877	+0.0011548	+0.0012194	+0.0012772	+0.0013319	+0.0013820
2014-09	0.020	-0.0001789	-0.0001248	-0.0000641	+0.0000023	+0.0000716	+0.0001491	+0.0002321	+0.0003200	+0.0004098	+0.0005042	+0.0006033	+0.0007022	+0.0007987	+0.0008900	+0.0009773	+0.0010575	+0.0011298	+0.0011972	+0.0012536	+0.0013085	+0.0013579
2014-10	0.012	-0.0004547	-0.0003505	-0.0002560	-0.0001494	-0.0000459	+0.0000583	+0.0001694	+0.0002743	+0.0003837	+0.0004879	+0.0005932	+0.0006969	+0.0007972	+0.0008938	+0.0009861	+0.0010669	+0.0011445	+0.0012195	+0.0012897	+0.0013488	+0.0014131
2014-11	0.071	-0.0013728	-0.0012486	-0.0011276	-0.0009985	-0.0008534	-0.0006983	-0.0005371	-0.0003692	-0.0001908	-0.0000073	+0.0001738	+0.0003464	+0.0005064	+0.0006524	+0.0007868	+0.0009083	+0.0010164	+0.0011201	+0.0012089	+0.0012871	+0.0013533
2014-12	0.010	-0.0013715	-0.0011700	-0.0009509	-0.0007193	-0.0004735	-0.0002043	+0.0000866	+0.0003948	+0.0007340	+0.0010986	+0.0014809	+0.0018718	+0.0022387	+0.0026167	+0.0029565	+0.0032659	+0.0035854	+0.0038627	+0.0040780	+0.0042922	+0.0045964
2015-01	-0.002	-0.0019895	-0.0017202	-0.0014233	-0.0011246	-0.0008293	-0.0005259	-0.0002077	+0.0001456	+0.0005292	+0.0009254	+0.0013395	+0.0017651	+0.0021692	+0.0025526	+0.0029171	+0.0032608	+0.0035625	+0.0038429	+0.0040963	+0.0043429	+0.0045761
2015-02	0.001	-0.0010397	-0.0008270	-0.0005903	-0.0003757	-0.0001698	+0.0000590	+0.0003223	+0.0006362	+0.0009596	+0.0012910	+0.0016604	+0.0020532	+0.0024131	+0.0027626	+0.0031029	+0.0034179	+0.0036840	+0.0039621	+0.0042169	+0.0044509	+0.0046678
