2011-05	-0.027	-0.0020885	-0.0018525	-0.0016099	-0.0013574	-0.0010862	-0.0008001	-0.0005037	-0.0001896	+0.0001421	+0.0004785	+0.0008145	+0.0011567	+0.0014973	+0.0018399	+0.0021746	+0.0024977	+0.0028009	+0.0030868	+0.0033700	+0.0036409	+0.0038816
2011-06	-0.000	-0.0022062	-0.0020307	-0.0018683	-0.0016879	-0.0014783	-0.0012565	-0.0010243	-0.0007826	-0.0005182	-0.0002246	+0.0001059	+0.0004642	+0.0008410	+0.0012093	+0.0015653	+0.0019129	+0.0022375	+0.0025479	+0.0028590	+0.0031366	+0.0034349
2011-07	-0.041	-0.0017380	-0.0016394	-0.0015334	-0.0014143	-0.0012823	-0.0011339	-0.0009596	-0.0007567	-0.0005154	-0.0002323	+0.0000822	+0.0004251	+0.0007810	+0.0011395	+0.0014950	+0.0018442	+0.0021839	+0.0025253	+0.0028193	+0.0031216	+0.0033917
2011-08	-0.067	-0.0021460	-0.0020420	-0.0019325	-0.0018144	-0.0016734	-0.0015296	-0.0013771	-0.0012111	-0.0010284	-0.0008271	-0.0006063	-0.0003793	-0.0001424	+0.0000840	+0.0002984	+0.0005074	+0.0007041	+0.0008960	+0.0010791	+0.0012591	+0.0014056
2011-09	-0.047	-0.0057423	-0.0054700	-0.0051682	-0.0048521	-0.0045169	-0.0041430	-0.0037533	-0.0033352	-0.0028898	-0.0024286	-0.0019491	-0.0014627	-0.0009911	-0.0005257	-0.0000500	+0.0004164	+0.0008472	+0.0013047	+0.0017516	+0.0021270	+0.0025102
2011-10	0.089	-0.0059130	-0.0056287	-0.0053182	-0.0049843	-0.0046337	-0.0042516	-0.0038390	-0.0033996	-0.0029339	-0.0024302	-0.0019249	-0.0014073	-0.0009104	-0.0004295	+0.0000276	+0.0004615	+0.0008957	+0.0013135	+0.0017108	+0.0020664	+0.0024199
2011-11	-0.057	-0.0059785	-0.0056832	-0.0053727	-0.0050526	-0.0046810	-0.0042692	-0.0038386	-0.0033532	-0.0028201	-0.0022466	-0.0016388	-0.0010305	-0.0004376	+0.0001390	+0.0006887	+0.0012060	+0.0016966	+0.0021475	+0.0025980	+0.0029855	+0.0033790
2011-12	0.024	-0.0036572	-0.0034190	-0.0031661	-0.0028641	-0.0025446	-0.0021963	-0.0018336	-0.0014244	-0.0009824	-0.0005253	-0.0000426	+0.0004385	+0.0008958	+0.0013339	+0.0017504	+0.0021274	+0.0024727	+0.0028052	+0.0031134	+0.0033896	+0.0036355
2012-01	-0.003	-0.0028454	-0.0025734	-0.0022968	-0.0019996	-0.0016999	-0.0013640	-0.0010113	-0.0006454	-0.0002553	+0.0001455	+0.0005545	+0.0009494	+0.0013234	+0.0016949	+0.0020504	+0.0023726	+0.0026770	+0.0029475	+0.0032121	+0.0034736	+0.0037083
2012-02	0.072	-0.0022388	-0.0019841	-0.0017515	-0.0014896	-0.0012201	-0.0009369	-0.0006505	-0.0003324	+0.0000071	+0.0003379	+0.0006325	+0.0009307	+0.0012460	+0.0015815	+0.0019056	+0.0021942	+0.0024647	+0.0027477	+0.0030238	+0.0032720	+0.0034814
2012-03	0.024	-0.0014098	-0.0011836	-0.0009798	-0.0007531	-0.0005030	-0.0002714	-0.0000113	+0.0002445	+0.0004938	+0.0007395	+0.0009688	+0.0011950	+0.0014184	+0.0016305	+0.0018207	+0.0020051	+0.0021723	+0.0023296	+0.0024752	+0.0026110	+0.0027330
2012-04	-0.004	-0.0002260	-0.0000536	+0.0001205	+0.0002985	+0.0004955	+0.0006975	+0.0008948	+0.0010890	+0.0012953	+0.0015026	+0.0017103	+0.0019102	+0.0021028	+0.0022851	+0.0024541	+0.0026058	+0.0027438	+0.0028648	+0.0029756	+0.0030738	+0.0031522
2012-05	-0.074	-0.0018028	-0.0015712	-0.0013157	-0.0010476	-0.0007793	-0.0004767	-0.0001652	+0.0001660	+0.0005095	+0.0008714	+0.0012231	+0.0015444	+0.0018595	+0.0021499	+0.0023804	+0.0025730	+0.0027265	+0.0028710	+0.0029970	+0.0030976	+0.0031942
2012-06	0.050	-0.0027444	-0.0025330	-0.0023141	-0.0020920	-0.0018537	-0.0015827	-0.0012866	-0.0009547	-0.0006093	-0.0002418	+0.0001350	+0.0005083	+0.0008699	+0.0012144	+0.0015240	+0.0017964	+0.0020602	+0.0022755	+0.0024876	+0.0026616	+0.0028126
2012-07	0.036	-0.0030791	-0.0028996	-0.0027115	-0.0025112	-0.0022938	-0.0020615	-0.0017974	-0.0015007	-0.0011793	-0.0008400	-0.0005029	-0.0001601	+0.0001694	+0.0004848	+0.0007763	+0.0010380	+0.0012762	+0.0014918	+0.0016901	+0.0018617	+0.0020217
2012-08	0.005	-0.0025194	-0.0023500	-0.0021445	-0.0019051	-0.0016552	-0.0013831	-0.0010872	-0.0007769	-0.0004511	-0.0001098	+0.0002447	+0.0005895	+0.0009163	+0.0012300	+0.0015109	+0.0017720	+0.0020081	+0.0022150	+0.0024015	+0.0025607	+0.0027117
2012-09	0.017	-0.0018101	-0.0016159	-0.0014027	-0.0011686	-0.0009217	-0.0006631	-0.0003696	-0.0000772	+0.0002390	+0.0005630	+0.0008903	+0.0012015	+0.0014947	+0.0017591	+0.0020013	+0.0022091	+0.0024044	+0.0025691	+0.0027070	+0.0028427	+0.0029692
2012-10	0.013	-0.0010406	-0.0008492	-0.0006237	-0.0003905	-0.0001184	+0.0001427	+0.0004065	+0.0006486	+0.0008881	+0.0011163	+0.0013411	+0.0015598	+0.0017648	+0.0019643	+0.0021525	+0.0023180	+0.0024798	+0.0026217	+0.0027455	+0.0028744	+0.0029875
2012-11	0.011	-0.0007224	-0.0006202	-0.0005131	-0.0003997	-0.0002760	-0.0001413	-0.0000015	+0.0001485	+0.0003056	+0.0004663	+0.0006283	+0.0007939	+0.0009565	+0.0011098	+0.0012582	+0.0014106	+0.0015595	+0.0016958	+0.0018198	+0.0019330	+0.0020590
2012-12	0.075	-0.0014120	-0.0012998	-0.0011495	-0.0010109	-0.0008619	-0.0007046	-0.0005380	-0.0003676	-0.0001903	-0.0000077	+0.0001761	+0.0003476	+0.0005045	+0.0006481	+0.0007778	+0.0008934	+0.0009988	+0.0010936	+0.0011777	+0.0012544	+0.0013250
2013-01	0.086	-0.0014104	-0.0012525	-0.0010684	-0.0008728	-0.0006667	-0.0004381	-0.0001963	+0.0000647	+0.0003395	+0.0006286	+0.0009287	+0.0012265	+0.0015185	+0.0017887	+0.0020428	+0.0022811	+0.0024889	+0.0026906	+0.0028665	+0.0030367	+0.0032085
2013-02	0.012	-0.0014243	-0.0011231	-0.0007960	-0.0004705	-0.0001192	+0.0002379	+0.0006183	+0.0010145	+0.0014315	+0.0018478	+0.0022644	+0.0026678	+0.0030341	+0.0033795	+0.0036892	+0.0039611	+0.0042111	+0.0044278	+0.0046137	+0.0047744	+0.0049156
2013-03	0.044	-0.0010150	-0.0006573	-0.0002951	+0.0000903	+0.0005775	+0.0013022	+0.0021129	+0.0025405	+0.0029012	+0.0032172	+0.0035071	+0.0037810	+0.0040225	+0.0042311	+0.0044147	+0.0045732	+0.0047124	+0.0048414	+0.0049572	+0.0050542	+0.0051505
2013-04	0.095	-0.0012024	-0.0009085	-0.0006112	-0.0002657	+0.0001764	+0.0008953	+0.0018652	+0.0023271	+0.0026792	+0.0030084	+0.0033044	+0.0035804	+0.0038346	+0.0040731	+0.0042815	+0.0044598	+0.0046221	+0.0047646	+0.0048976	+0.0050157	+0.0051217
2013-05	-0.005	-0.0012405	-0.0008893	-0.0005459	-0.0001668	+0.0003472	+0.0009888	+0.0015252	+0.0019410	+0.0022924	+0.0026265	+0.0029526	+0.0032582	+0.0035486	+0.0038143	+0.0040567	+0.0042879	+0.0044934	+0.0046810	+0.0048538	+0.0050032	+0.0051515
2013-06	-0.048	-0.0014888	-0.0011964	-0.0008709	-0.0004595	+0.0000631	+0.0006595	+0.0011432	+0.0015360	+0.0019045	+0.0022542	+0.0025927	+0.0029161	+0.0032238	+0.0035106	+0.0037765	+0.0040293	+0.0042623	+0.0044692	+0.0046749	+0.0048633	+0.0050412
2013-07	0.026	-0.0048340	-0.0045069	-0.0041317	-0.0037084	-0.0032140	-0.0027087	-0.0021525	-0.0015549	-0.0009065	-0.0002514	+0.0004183	+0.0010538	+0.0016724	+0.0022273	+0.0027438	+0.0032180	+0.0036162	+0.0039609	+0.0042513	+0.0045118	+0.0047324
2013-08	-0.040	-0.0048902	-0.0044889	-0.0040424	-0.0035737	-0.0031089	-0.0026018	-0.0020550	-0.0014385	-0.0008237	-0.0001923	+0.0004601	+0.0010877	+0.0016750	+0.0022130	+0.0027039	+0.0031314	+0.0035074	+0.0038090	+0.0040825	+0.0043421	+0.0045541
2013-09	0.044	-0.0053817	-0.0050650	-0.0047501	-0.0044129	-0.0040534	-0.0036869	-0.0032725	-0.0028255	-0.0023509	-0.0018379	-0.0013168	-0.0007908	-0.0002882	+0.0001844	+0.0006219	+0.0010220	+0.0013959	+0.0017401	+0.0020597	+0.0023366	+0.0025840
2013-10	0.050	-0.0023106	-0.0021342	-0.0019289	-0.0017090	-0.0014556	-0.0011802	-0.0008758	-0.0005424	-0.0001923	+0.0001867	+0.0005751	+0.0009718	+0.0013549	+0.0017150	+0.0020598	+0.0023682	+0.0026441	+0.0028999	+0.0031187	+0.0033366	+0.0035185
2013-11	0.025	-0.0019888	-0.0018095	-0.0016163	-0.0014101	-0.0011844	-0.0009356	-0.0006694	-0.0003862	-0.0000790	+0.0002462	+0.0005745	+0.0009001	+0.0012157	+0.0015202	+0.0017891	+0.0020353	+0.0022584	+0.0024580	+0.0026402	+0.0028069	+0.0029347
2013-12	0.031	-0.0010168	-0.0008591	-0.0006719	-0.0004858	-0.0002856	-0.0000793	+0.0001480	+0.0003931	+0.0006525	+0.0009165	+0.0011808	+0.0014404	+0.0016856	+0.0019167	+0.0021331	+0.0023232	+0.0025087	+0.0026814	+0.0028375	+0.0029890	+0.0031031
2014-01	-0.030	-0.0008600	-0.0006992	-0.0005286	-0.0003132	-0.0000033	+0.0003379	+0.0005803	+0.0007774	+0.0009643	+0.0011460	+0.0013263	+0.0015063	+0.0016795	+0.0018454	+0.0020020	+0.0021475	+0.0022751	+0.0023939	+0.0024991	+0.0025977	+0.0027044
2014-02	0.029	-0.0011150	-0.0009261	-0.0007135	-0.0004892	-0.0002439	-0.0000068	+0.0002429	+0.0004805	+0.0007035	+0.0009172	+0.0011222	+0.0013240	+0.0015107	+0.0016857	+0.0018498	+0.0020023	+0.0021452	+0.0022766	+0.0023941	+0.0025023	+0.0026139
2014-03	0.018	-0.0012168	-0.0010667	-0.0009068	-0.0007477	-0.0005795	-0.0003796	-0.0001792	+0.0000399	+0.0002734	+0.0005149	+0.0007606	+0.0009967	+0.0012259	+0.0014341	+0.0016273	+0.0018004	+0.0019480	+0.0020820	+0.0022010	+0.0023119	+0.0024188
2014-04	0.017	-0.0014171	-0.0012787	-0.0011194	-0.0009466	-0.0007677	-0.0005692	-0.0003632	-0.0001320	+0.0001156	+0.0003741	+0.0006348	+0.0008952	+0.0011421	+0.0013789	+0.0015894	+0.0017804	+0.0019494	+0.0021035	+0.0022521	+0.0023808	+0.0025028
2014-05	0.013	-0.0012522	-0.0011379	-0.0010041	-0.0008586	-0.0006945	-0.0005260	-0.0003481	-0.0001474	+0.0000632	+0.0002846	+0.0005152	+0.0007399	+0.0009612	+0.0011694	+0.0013604	+0.0015316	+0.0017010	+0.0018494	+0.0019853	+0.0020942	+0.0022071
2014-06	0.018	-0.0008262	-0.0006984	-0.0005603	-0.0003711	-0.0001435	+0.0001018	+0.0003092	+0.0004855	+0.0006537	+0.0008175	+0.0009827	+0.0011435	+0.0013054	+0.0014557	+0.0016029	+0.0017354	+0.0018613	+0.0019821	+0.0020980	+0.0021974	+0.0022991
2014-07	0.010	-0.0005612	-0.0004615	-0.0003611	-0.0002345	-0.0000496	+0.0002846	+0.0004942	+0.0006196	+0.0007287	+0.0008349	+0.0009404	+0.0010456	+0.0011458	+0.0012400	+0.0013333	+0.0014212	+0.0015003	+0.0015739	+0.0016448	+0.0017093	+0.0017632
2014-08	0.004	-0.0003186	-0.0002371	-0.0001456	-0.0000451	+0.0000603	+0.0001615	+0.0002636	+0.0003608	+0.0004595	+0.0005621	+0.0006688	+0.0007768	+0.0008855	+0.0009902	+0.0010918	+0.0011889	+0.0012785	+0.0013634	+0.0014445	+0.0015148	+0.0015890
2014-09	0.017	-0.0006910	-0.0006156	-0.0005278	-0.0004371	-0.0003447	-0.0002440	-0.0001366	-0.0000247	+0.0000924	+0.0002162	+0.0003398	+0.0004615	+0.0005767	+0.0006890	+0.0007944	+0.0008954	+0.0009840	+0.0010678	+0.0011423	+0.0012092	+0.0012797
2014-10	0.027	-0.0008375	-0.0007376	-0.0006269	-0.0005194	-0.0004094	-0.0002805	-0.0001455	-0.0000021	+0.0001488	+0.0003094	+0.0004817	+0.0006566	+0.0008334	+0.0010045	+0.0011656	+0.0013161	+0.0014567	+0.0015913	+0.0017186	+0.0018457	+0.0019433
2014-11	0.088	-0.0014983	-0.0013766	-0.0012421	-0.0011019	-0.0009483	-0.0007844	-0.0006007	-0.0004045	-0.0001982	+0.0000231	+0.0002483	+0.0004700	+0.0006890	+0.0008904	+0.0010841	+0.0012653	+0.0014319	+0.0015805	+0.0017179	+0.0018453	+0.0019616
2014-12	0.025	-0.0014447	-0.0011917	-0.0009156	-0.0006146	-0.0003130	+0.0000119	+0.0003684	+0.0007354	+0.0011329	+0.0015515	+0.0020005	+0.0024479	+0.0028831	+0.0032998	+0.0036918	+0.0040619	+0.0044020	+0.0047036	+0.0049978	+0.0052624	+0.0055058
2015-01	0.000	-0.0022083	-0.0019015	-0.0015157	-0.0011245	-0.0007499	-0.0003802	+0.0000052	+0.0004133	+0.0008608	+0.0013131	+0.0017926	+0.0022720	+0.0027334	+0.0031772	+0.0035982	+0.0039812	+0.0043422	+0.0046564	+0.0049543	+0.0052443	+0.0054957
2015-02	-0.003	-0.0010867	-0.0008170	-0.0005062	-0.0001705	+0.0001138	+0.0004090	+0.0007248	+0.0010800	+0.0014537	+0.0018450	+0.0022673	+0.0026936	+0.0031095	+0.0035051	+0.0038807	+0.0042236	+0.0045381	+0.0048510	+0.0051239	+0.0053978	+0.0056155
