2013-09	0.004	-0.0044144	-0.0040917	-0.0038019	-0.0035030	-0.0031667	-0.0028242	-0.0024490	-0.0020346	-0.0016054	-0.0011433	-0.0006885	-0.0002521	+0.0001813	+0.0005947	+0.0009937	+0.0013494	+0.0016928	+0.0019929	+0.0022674	+0.0025649	+0.0028095
2013-10	0.031	-0.0019626	-0.0018064	-0.0016288	-0.0014437	-0.0012390	-0.0010223	-0.0008006	-0.0005597	-0.0003015	-0.0000301	+0.0002412	+0.0005099	+0.0007720	+0.0010201	+0.0012507	+0.0014544	+0.0016470	+0.0018156	+0.0019606	+0.0021053	+0.0022402
2013-11	0.042	-0.0016249	-0.0015058	-0.0013797	-0.0012363	-0.0010871	-0.0009315	-0.0007659	-0.0005810	-0.0003902	-0.0002008	-0.0000005	+0.0001955	+0.0003821	+0.0005590	+0.0007167	+0.0008620	+0.0009947	+0.0011124	+0.0012162	+0.0013046	+0.0013963
2013-12	0.031	-0.0005348	-0.0004337	-0.0003281	-0.0002094	-0.0000849	+0.0000509	+0.0001943	+0.0003438	+0.0005012	+0.0006649	+0.0008302	+0.0009936	+0.0011466	+0.0012878	+0.0014152	+0.0015304	+0.0016322	+0.0017254	+0.0018090	+0.0018734	+0.0019349
2014-01	-0.018	-0.0006486	-0.0004702	-0.0002984	-0.0001413	+0.0000434	+0.0002506	+0.0004447	+0.0006423	+0.0008376	+0.0010308	+0.0012192	+0.0013887	+0.0015483	+0.0016920	+0.0018190	+0.0019253	+0.0020171	+0.0020987	+0.0021711	+0.0022318	+0.0022881
2014-02	0.010	-0.0007964	-0.0006166	-0.0004434	-0.0002274	-0.0000039	+0.0003175	+0.0007025	+0.0009441	+0.0011353	+0.0013135	+0.0014782	+0.0016188	+0.0017410	+0.0018474	+0.0019417	+0.0020244	+0.0020940	+0.0021618	+0.0022223	+0.0022770	+0.0023270
2014-03	0.009	-0.0010579	-0.0009174	-0.0007638	-0.0006070	-0.0004314	-0.0002491	-0.0000574	+0.0001544	+0.0003745	+0.0005963	+0.0008252	+0.0010450	+0.0012504	+0.0014410	+0.0016125	+0.0017611	+0.0018891	+0.0019991	+0.0020947	+0.0021760	+0.0022539
2014-04	0.001	-0.0011843	-0.0010736	-0.0009554	-0.0008306	-0.0007011	-0.0005635	-0.0004151	-0.0002514	-0.0000757	+0.0001039	+0.0002874	+0.0004680	+0.0006369	+0.0007910	+0.0009324	+0.0010610	+0.0011731	+0.0012761	+0.0013560	+0.0014268	+0.0014925
2014-05	0.000	-0.0011293	-0.0010427	-0.0009558	-0.0008602	-0.0007569	-0.0006445	-0.0005234	-0.0003963	-0.0002569	-0.0001117	+0.0000319	+0.0001715	+0.0003053	+0.0004309	+0.0005493	+0.0006553	+0.0007471	+0.0008310	+0.0009041	+0.0009713	+0.0010302
2014-06	0.006	-0.0003999	-0.0003433	-0.0002903	-0.0002322	-0.0001696	-0.0001010	-0.0000273	+0.0000511	+0.0001337	+0.0002207	+0.0003091	+0.0004002	+0.0004906	+0.0005773	+0.0006608	+0.0007372	+0.0008109	+0.0008777	+0.0009399	+0.0009969	+0.0010502
2014-07	0.006	-0.0004193	-0.0003569	-0.0002906	-0.0002218	-0.0001522	-0.0000777	-0.0000015	+0.0000775	+0.0001549	+0.0002319	+0.0003051	+0.0003730	+0.0004362	+0.0004951	+0.0005474	+0.0005939	+0.0006363	+0.0006754	+0.0007084	+0.0007376	+0.0007667
2014-08	0.018	-0.0004366	-0.0003974	-0.0003575	-0.0003151	-0.0002693	-0.0002166	-0.0001611	-0.0000988	-0.0000336	+0.0000362	+0.0001080	+0.0001794	+0.0002498	+0.0003167	+0.0003782	+0.0004350	+0.0004879	+0.0005357	+0.0005760	+0.0006136	+0.0006542
2014-09	0.028	-0.0003665	-0.0003315	-0.0002863	-0.0002394	-0.0001835	-0.0001250	-0.0000566	+0.0000183	+0.0001038	+0.0001973	+0.0002987	+0.0004091	+0.0005189	+0.0006280	+0.0007310	+0.0008306	+0.0009271	+0.0010149	+0.0010929	+0.0011673	+0.0012422
2014-10	0.017	-0.0006283	-0.0004871	-0.0003883	-0.0003040	-0.0002074	-0.0000863	+0.0000498	+0.0001896	+0.0003303	+0.0004971	+0.0006714	+0.0008337	+0.0009989	+0.0011626	+0.0013127	+0.0014450	+0.0015802	+0.0016964	+0.0018059	+0.0019056	+0.0019996
2014-11	0.076	-0.0011256	-0.0009930	-0.0008415	-0.0006844	-0.0005221	-0.0003465	-0.0001655	+0.0000297	+0.0002328	+0.0004398	+0.0006502	+0.0008532	+0.0010345	+0.0012092	+0.0013647	+0.0015099	+0.0016364	+0.0017476	+0.0018582	+0.0019516	+0.0020354
2014-12	0.006	-0.0012726	-0.0009738	-0.0006730	-0.0003959	-0.0000723	+0.0002618	+0.0006065	+0.0009404	+0.0012868	+0.0016430	+0.0019945	+0.0023457	+0.0026754	+0.0029991	+0.0033106	+0.0035812	+0.0038463	+0.0040820	+0.0043013	+0.0045014	+0.0047041
2015-01	-0.013	-0.0021822	-0.0019080	-0.0015958	-0.0012638	-0.0009391	-0.0005902	-0.0002523	+0.0001058	+0.0004829	+0.0008684	+0.0012739	+0.0016737	+0.0020771	+0.0024603	+0.0028120	+0.0031450	+0.0034580	+0.0037500	+0.0039813	+0.0042369	+0.0045158
2015-02	0.001	-0.0013814	-0.0012059	-0.0010118	-0.0007947	-0.0005678	-0.0003327	-0.0000662	+0.0002376	+0.0005799	+0.0009340	+0.0013139	+0.0017160	+0.0021079	+0.0024715	+0.0028262	+0.0031621	+0.0034701	+0.0037483	+0.0040045	+0.0042756	+0.0045091
