2013-09	0.037	-0.0040802	-0.0037846	-0.0035189	-0.0031744	-0.0028256	-0.0024531	-0.0020203	-0.0015484	-0.0010511	-0.0005044	+0.0000574	+0.0006067	+0.0011497	+0.0016595	+0.0021466	+0.0025887	+0.0030094	+0.0033932	+0.0037123	+0.0039879	+0.0042312
2013-10	0.046	-0.0017055	-0.0015006	-0.0012952	-0.0010616	-0.0008098	-0.0005252	-0.0002216	+0.0001187	+0.0004738	+0.0008487	+0.0012346	+0.0016325	+0.0020178	+0.0023840	+0.0027241	+0.0030479	+0.0033396	+0.0036072	+0.0038461	+0.0040654	+0.0042596
2013-11	0.062	-0.0017255	-0.0015665	-0.0013850	-0.0011881	-0.0009854	-0.0007549	-0.0005055	-0.0002264	+0.0000733	+0.0003761	+0.0006935	+0.0010143	+0.0013250	+0.0016230	+0.0018959	+0.0021500	+0.0023727	+0.0025785	+0.0027804	+0.0029474	+0.0030952
2013-12	0.037	-0.0008966	-0.0007031	-0.0005128	-0.0002859	-0.0000592	+0.0001854	+0.0004499	+0.0007344	+0.0010282	+0.0013368	+0.0016349	+0.0019350	+0.0022155	+0.0024684	+0.0026966	+0.0029034	+0.0030922	+0.0032577	+0.0034196	+0.0035660	+0.0036944
2014-01	-0.043	-0.0014057	-0.0011256	-0.0008480	-0.0005208	-0.0001620	+0.0002211	+0.0006233	+0.0009968	+0.0013257	+0.0016248	+0.0019098	+0.0021678	+0.0024001	+0.0026163	+0.0028047	+0.0029743	+0.0031350	+0.0032696	+0.0033960	+0.0035204	+0.0036316
2014-02	0.035	-0.0014877	-0.0011887	-0.0008919	-0.0005330	-0.0001940	+0.0001654	+0.0005722	+0.0009640	+0.0013133	+0.0016643	+0.0019884	+0.0022537	+0.0024743	+0.0026729	+0.0028515	+0.0030126	+0.0031544	+0.0032947	+0.0034138	+0.0035187	+0.0036297
2014-03	-0.011	-0.0019856	-0.0017525	-0.0015113	-0.0012397	-0.0009616	-0.0006748	-0.0003608	-0.0000203	+0.0003250	+0.0006953	+0.0010681	+0.0014187	+0.0017477	+0.0020577	+0.0023212	+0.0025502	+0.0027384	+0.0029083	+0.0030588	+0.0031999	+0.0033265
2014-04	-0.009	-0.0023025	-0.0021241	-0.0019073	-0.0016759	-0.0014352	-0.0011715	-0.0008908	-0.0005837	-0.0002630	+0.0000726	+0.0004110	+0.0007520	+0.0010712	+0.0013625	+0.0016370	+0.0018737	+0.0020773	+0.0022744	+0.0024426	+0.0025850	+0.0027040
2014-05	0.013	-0.0023704	-0.0022287	-0.0020551	-0.0018710	-0.0016748	-0.0014628	-0.0012360	-0.0009944	-0.0007320	-0.0004500	-0.0001553	+0.0001430	+0.0004331	+0.0007047	+0.0009685	+0.0012120	+0.0014425	+0.0016424	+0.0018382	+0.0020190	+0.0021843
2014-06	0.006	-0.0012520	-0.0011640	-0.0010671	-0.0009617	-0.0008425	-0.0007120	-0.0005765	-0.0004225	-0.0002508	-0.0000604	+0.0001494	+0.0003658	+0.0005810	+0.0007951	+0.0010021	+0.0012010	+0.0013904	+0.0015674	+0.0017392	+0.0019015	+0.0020448
2014-07	0.027	-0.0012061	-0.0011259	-0.0010292	-0.0009336	-0.0008254	-0.0007075	-0.0005766	-0.0004435	-0.0003025	-0.0001544	-0.0000027	+0.0001442	+0.0002853	+0.0004157	+0.0005338	+0.0006425	+0.0007438	+0.0008290	+0.0009188	+0.0009960	+0.0010641
2014-08	0.010	-0.0006722	-0.0005880	-0.0005013	-0.0004124	-0.0003188	-0.0002155	-0.0001121	-0.0000005	+0.0001128	+0.0002308	+0.0003480	+0.0004609	+0.0005693	+0.0006700	+0.0007631	+0.0008493	+0.0009282	+0.0010001	+0.0010632	+0.0011288	+0.0011838
2014-09	0.031	-0.0002245	-0.0001743	-0.0001156	-0.0000533	+0.0000167	+0.0000911	+0.0001742	+0.0002691	+0.0003701	+0.0004818	+0.0005971	+0.0007167	+0.0008344	+0.0009545	+0.0010663	+0.0011722	+0.0012679	+0.0013587	+0.0014418	+0.0015181	+0.0015923
2014-10	0.013	-0.0005867	-0.0004461	-0.0002902	-0.0001489	-0.0000069	+0.0001348	+0.0002848	+0.0004382	+0.0006033	+0.0007752	+0.0009505	+0.0011280	+0.0013015	+0.0014656	+0.0016208	+0.0017601	+0.0018904	+0.0020183	+0.0021333	+0.0022256	+0.0023245
2014-11	0.120	-0.0020545	-0.0018621	-0.0016403	-0.0014006	-0.0011605	-0.0009050	-0.0006367	-0.0003571	-0.0000693	+0.0002287	+0.0005194	+0.0007983	+0.0010504	+0.0012771	+0.0014779	+0.0016544	+0.0018147	+0.0019629	+0.0020898	+0.0022090	+0.0023147
2014-12	0.025	-0.0019796	-0.0016588	-0.0012606	-0.0009119	-0.0005265	-0.0000951	+0.0003609	+0.0008361	+0.0013482	+0.0018864	+0.0024564	+0.0030272	+0.0035682	+0.0041157	+0.0046274	+0.0050755	+0.0055164	+0.0059308	+0.0062872	+0.0066035	+0.0069621
2015-01	-0.056	-0.0029014	-0.0025272	-0.0020956	-0.0016745	-0.0012187	-0.0007633	-0.0002894	+0.0002220	+0.0007881	+0.0013692	+0.0019885	+0.0025907	+0.0031979	+0.0037760	+0.0042969	+0.0048064	+0.0052802	+0.0056883	+0.0060753	+0.0064739	+0.0068122
2015-02	0.015	-0.0022546	-0.0019836	-0.0016787	-0.0013455	-0.0010019	-0.0006247	-0.0001941	+0.0002851	+0.0008061	+0.0013771	+0.0019691	+0.0025764	+0.0031878	+0.0037608	+0.0043006	+0.0048158	+0.0052953	+0.0057249	+0.0061076	+0.0065080	+0.0068783
