2013-06	-0.059	-0.0010878	-0.0009404	-0.0008067	-0.0006574	-0.0004816	-0.0003000	-0.0001149	+0.0000728	+0.0002780	+0.0004847	+0.0006841	+0.0008881	+0.0010813	+0.0012578	+0.0014197	+0.0015810	+0.0017198	+0.0018410	+0.0019409	+0.0020272	+0.0021315
2013-07	0.013	-0.0033706	-0.0032183	-0.0030115	-0.0027738	-0.0025136	-0.0022468	-0.0019583	-0.0016412	-0.0013116	-0.0009719	-0.0006219	-0.0002759	+0.0000369	+0.0003375	+0.0006146	+0.0008697	+0.0010766	+0.0012533	+0.0014071	+0.0015493	+0.0016748
2013-08	-0.034	-0.0034388	-0.0032556	-0.0030495	-0.0028120	-0.0025661	-0.0023123	-0.0020402	-0.0017393	-0.0014208	-0.0010903	-0.0007511	-0.0004118	-0.0000923	+0.0002010	+0.0004665	+0.0007086	+0.0009268	+0.0011249	+0.0012862	+0.0014428	+0.0015849
2013-09	0.024	-0.0035860	-0.0034454	-0.0032885	-0.0031193	-0.0029365	-0.0027400	-0.0025240	-0.0022846	-0.0020252	-0.0017461	-0.0014555	-0.0011652	-0.0008771	-0.0005905	-0.0003168	-0.0000658	+0.0001946	+0.0004182	+0.0006362	+0.0008313	+0.0010361
2013-10	0.022	-0.0023833	-0.0022454	-0.0020856	-0.0019338	-0.0017743	-0.0015980	-0.0014075	-0.0011981	-0.0009734	-0.0007327	-0.0004828	-0.0002264	+0.0000291	+0.0002768	+0.0005078	+0.0007263	+0.0009242	+0.0011237	+0.0013098	+0.0014853	+0.0016551
2013-11	-0.019	-0.0015206	-0.0014113	-0.0013044	-0.0011843	-0.0010385	-0.0008832	-0.0007222	-0.0005497	-0.0003503	-0.0001538	+0.0000477	+0.0002481	+0.0004435	+0.0006221	+0.0007882	+0.0009377	+0.0010787	+0.0012002	+0.0013029	+0.0014004	+0.0014784
2013-12	0.010	-0.0014480	-0.0013519	-0.0012459	-0.0011329	-0.0009993	-0.0008631	-0.0007109	-0.0005416	-0.0003636	-0.0001686	+0.0000286	+0.0002254	+0.0004156	+0.0005969	+0.0007650	+0.0009128	+0.0010474	+0.0011621	+0.0012687	+0.0013580	+0.0014320
2014-01	-0.023	-0.0007488	-0.0006766	-0.0005993	-0.0005100	-0.0004158	-0.0003147	-0.0001994	-0.0000784	+0.0000499	+0.0001861	+0.0003286	+0.0004671	+0.0005981	+0.0007189	+0.0008321	+0.0009325	+0.0010249	+0.0011080	+0.0011763	+0.0012462	+0.0013105
2014-02	0.015	-0.0009634	-0.0008980	-0.0008251	-0.0007440	-0.0006579	-0.0005654	-0.0004628	-0.0003533	-0.0002341	-0.0001078	+0.0000194	+0.0001505	+0.0002769	+0.0004010	+0.0005121	+0.0006171	+0.0007135	+0.0008014	+0.0008837	+0.0009611	+0.0010253
2014-03	0.017	-0.0010201	-0.0009492	-0.0008740	-0.0007958	-0.0007070	-0.0006106	-0.0005046	-0.0003976	-0.0002814	-0.0001565	-0.0000317	+0.0000907	+0.0002096	+0.0003189	+0.0004228	+0.0005172	+0.0006028	+0.0006829	+0.0007549	+0.0008190	+0.0008834
2014-04	0.010	-0.0009449	-0.0008672	-0.0007765	-0.0006812	-0.0005844	-0.0004765	-0.0003576	-0.0002317	-0.0001043	+0.0000315	+0.0001716	+0.0003049	+0.0004313	+0.0005475	+0.0006552	+0.0007454	+0.0008257	+0.0008908	+0.0009484	+0.0009961	+0.0010439
2014-05	0.024	-0.0008378	-0.0007370	-0.0006469	-0.0005478	-0.0004386	-0.0003171	-0.0001833	-0.0000494	+0.0000910	+0.0002410	+0.0003875	+0.0005253	+0.0006575	+0.0007818	+0.0008899	+0.0009797	+0.0010526	+0.0011136	+0.0011701	+0.0012204	+0.0012677
2014-06	0.003	-0.0003205	-0.0002557	-0.0001907	-0.0001011	+0.0000114	+0.0003570	+0.0006013	+0.0006968	+0.0007773	+0.0008495	+0.0009191	+0.0009863	+0.0010490	+0.0011062	+0.0011568	+0.0012034	+0.0012469	+0.0012851	+0.0013212	+0.0013508	+0.0013783
2014-07	0.006	-0.0003542	-0.0002871	-0.0002068	-0.0001078	+0.0000270	+0.0002405	+0.0003846	+0.0004835	+0.0005680	+0.0006493	+0.0007272	+0.0008031	+0.0008755	+0.0009440	+0.0010063	+0.0010633	+0.0011159	+0.0011654	+0.0012085	+0.0012451	+0.0012794
2014-08	0.006	-0.0002928	-0.0002475	-0.0001863	-0.0001030	+0.0000152	+0.0001325	+0.0002158	+0.0002853	+0.0003503	+0.0004167	+0.0004831	+0.0005486	+0.0006139	+0.0006760	+0.0007328	+0.0007859	+0.0008382	+0.0008869	+0.0009291	+0.0009695	+0.0010053
2014-09	-0.009	-0.0003015	-0.0002616	-0.0002181	-0.0001729	-0.0001261	-0.0000753	-0.0000209	+0.0000356	+0.0000975	+0.0001602	+0.0002254	+0.0002903	+0.0003528	+0.0004133	+0.0004691	+0.0005213	+0.0005696	+0.0006147	+0.0006589	+0.0007002	+0.0007368
2014-10	0.009	-0.0003706	-0.0003351	-0.0002907	-0.0002434	-0.0001961	-0.0001428	-0.0000847	-0.0000229	+0.0000432	+0.0001137	+0.0001883	+0.0002647	+0.0003417	+0.0004141	+0.0004850	+0.0005518	+0.0006145	+0.0006699	+0.0007239	+0.0007822	+0.0008331
2014-11	0.025	-0.0006202	-0.0005769	-0.0005311	-0.0004755	-0.0004185	-0.0003558	-0.0002867	-0.0002101	-0.0001285	-0.0000414	+0.0000508	+0.0001429	+0.0002329	+0.0003207	+0.0004021	+0.0004784	+0.0005509	+0.0006181	+0.0006765	+0.0007380	+0.0007870
2014-12	-0.033	-0.0005363	-0.0004737	-0.0004063	-0.0003310	-0.0002488	-0.0001554	-0.0000582	+0.0000483	+0.0001609	+0.0002800	+0.0004025	+0.0005237	+0.0006374	+0.0007443	+0.0008416	+0.0009278	+0.0010047	+0.0010722	+0.0011347	+0.0011942	+0.0012456
2015-01	0.008	-0.0016999	-0.0015729	-0.0014442	-0.0013120	-0.0011697	-0.0010147	-0.0008532	-0.0006768	-0.0004921	-0.0003054	-0.0001154	+0.0000664	+0.0002389	+0.0003985	+0.0005430	+0.0006730	+0.0007820	+0.0008789	+0.0009664	+0.0010476	+0.0011145
2015-02	0.000	-0.0016534	-0.0015241	-0.0013814	-0.0012414	-0.0010855	-0.0009092	-0.0007184	-0.0005194	-0.0003178	-0.0001032	+0.0001115	+0.0002963	+0.0004747	+0.0006603	+0.0008089	+0.0009127	+0.0009914	+0.0010605	+0.0011203	+0.0011720	+0.0012128
