2011-11	-0.102	-0.0076179	-0.0073044	-0.0069934	-0.0066190	-0.0062130	-0.0057696	-0.0052397	-0.0046438	-0.0039975	-0.0032715	-0.0024585	-0.0016099	-0.0007367	+0.0001439	+0.0009716	+0.0017480	+0.0024880	+0.0031618	+0.0038203	+0.0044735	+0.0051027
2011-12	0.026	-0.0066859	-0.0063958	-0.0060924	-0.0057568	-0.0053649	-0.0049440	-0.0044697	-0.0039464	-0.0033666	-0.0027553	-0.0021053	-0.0014315	-0.0007642	-0.0001028	+0.0005313	+0.0011320	+0.0016861	+0.0021925	+0.0026529	+0.0031340	+0.0035783
2012-01	0.028	-0.0050870	-0.0046643	-0.0042998	-0.0038813	-0.0034375	-0.0030024	-0.0025050	-0.0019675	-0.0014254	-0.0008669	-0.0002936	+0.0002681	+0.0007941	+0.0012801	+0.0017475	+0.0021885	+0.0025872	+0.0029604	+0.0032951	+0.0036211	+0.0039405
2012-02	0.117	-0.0032017	-0.0028905	-0.0025754	-0.0022137	-0.0018423	-0.0014447	-0.0010440	-0.0006209	-0.0001899	+0.0002521	+0.0006766	+0.0010861	+0.0014656	+0.0018402	+0.0022214	+0.0025782	+0.0029109	+0.0032284	+0.0035045	+0.0037876	+0.0040581
2012-03	0.031	-0.0016886	-0.0013904	-0.0010876	-0.0007401	-0.0004091	-0.0000611	+0.0002920	+0.0006716	+0.0010527	+0.0014156	+0.0017659	+0.0021056	+0.0024323	+0.0027462	+0.0030365	+0.0033160	+0.0035757	+0.0038064	+0.0040381	+0.0042426	+0.0044394
2012-04	-0.002	-0.0003192	-0.0000741	+0.0001545	+0.0004497	+0.0008794	+0.0013945	+0.0018072	+0.0021027	+0.0023696	+0.0026293	+0.0028881	+0.0031414	+0.0033834	+0.0036143	+0.0038335	+0.0040392	+0.0042338	+0.0044173	+0.0045849	+0.0047547	+0.0048991
2012-05	-0.130	-0.0019021	-0.0015304	-0.0011679	-0.0007772	-0.0003916	+0.0000031	+0.0004327	+0.0008689	+0.0013112	+0.0017715	+0.0021959	+0.0026034	+0.0029834	+0.0033257	+0.0036209	+0.0038766	+0.0041115	+0.0043281	+0.0045207	+0.0047084	+0.0048838
2012-06	0.007	-0.0046057	-0.0043030	-0.0039859	-0.0036053	-0.0032268	-0.0028059	-0.0023486	-0.0018215	-0.0012791	-0.0007062	-0.0001205	+0.0004668	+0.0010217	+0.0015422	+0.0020275	+0.0024714	+0.0028687	+0.0032235	+0.0035303	+0.0038210	+0.0040971
2012-07	0.036	-0.0050968	-0.0048841	-0.0046072	-0.0043264	-0.0040090	-0.0036548	-0.0032680	-0.0028618	-0.0024120	-0.0019499	-0.0014786	-0.0010029	-0.0005483	-0.0001095	+0.0002946	+0.0006512	+0.0009952	+0.0013119	+0.0015854	+0.0018670	+0.0021255
2012-08	0.023	-0.0050234	-0.0047672	-0.0044743	-0.0041687	-0.0038325	-0.0034894	-0.0030958	-0.0026829	-0.0022467	-0.0017935	-0.0013281	-0.0008740	-0.0004359	-0.0000205	+0.0003738	+0.0007243	+0.0010428	+0.0013530	+0.0016381	+0.0019101	+0.0021599
2012-09	0.028	-0.0032757	-0.0029852	-0.0027005	-0.0023790	-0.0020509	-0.0016904	-0.0013072	-0.0009041	-0.0004740	-0.0000398	+0.0003955	+0.0008092	+0.0011840	+0.0015272	+0.0018389	+0.0020943	+0.0023202	+0.0025204	+0.0027037	+0.0028917	+0.0030590
2012-10	0.033	-0.0009796	-0.0007577	-0.0005362	-0.0003170	-0.0000836	+0.0001708	+0.0004295	+0.0006856	+0.0009412	+0.0011998	+0.0014508	+0.0016962	+0.0019209	+0.0021327	+0.0023274	+0.0025062	+0.0026648	+0.0028238	+0.0029667	+0.0031142	+0.0032511
2012-11	0.065	-0.0007301	-0.0005502	-0.0003648	-0.0001742	+0.0000428	+0.0002746	+0.0005041	+0.0007448	+0.0009906	+0.0012322	+0.0014757	+0.0017105	+0.0019346	+0.0021484	+0.0023523	+0.0025395	+0.0027211	+0.0028880	+0.0030472	+0.0031919	+0.0033302
2012-12	0.070	-0.0011388	-0.0009449	-0.0007447	-0.0005319	-0.0003048	-0.0000740	+0.0001586	+0.0004088	+0.0006561	+0.0009000	+0.0011431	+0.0013707	+0.0015910	+0.0017934	+0.0019790	+0.0021466	+0.0022955	+0.0024362	+0.0025658	+0.0026891	+0.0027995
2013-01	0.094	-0.0013977	-0.0011349	-0.0008441	-0.0004830	-0.0001223	+0.0002249	+0.0005912	+0.0009675	+0.0013319	+0.0016959	+0.0020505	+0.0023934	+0.0027139	+0.0030069	+0.0032799	+0.0035140	+0.0037455	+0.0039524	+0.0041286	+0.0042969	+0.0044518
2013-02	0.027	-0.0015926	-0.0011710	-0.0007600	-0.0002752	+0.0002471	+0.0007959	+0.0013207	+0.0018297	+0.0023117	+0.0027694	+0.0031924	+0.0035965	+0.0039595	+0.0042896	+0.0045692	+0.0048222	+0.0050462	+0.0052189	+0.0053629	+0.0054907	+0.0055989
2013-03	0.023	-0.0009224	-0.0006321	-0.0003671	-0.0000869	+0.0002887	+0.0025041	+0.0034076	+0.0037650	+0.0040492	+0.0042975	+0.0045236	+0.0047258	+0.0049104	+0.0050731	+0.0052127	+0.0053424	+0.0054553	+0.0055502	+0.0056363	+0.0057200	+0.0057882
2013-04	0.052	-0.0012850	-0.0009888	-0.0006558	-0.0002952	+0.0001925	+0.0010334	+0.0019643	+0.0024271	+0.0027972	+0.0031376	+0.0034610	+0.0037744	+0.0040628	+0.0043311	+0.0045803	+0.0047947	+0.0049899	+0.0051490	+0.0053157	+0.0054682	+0.0055846
2013-05	0.024	-0.0013806	-0.0011160	-0.0008547	-0.0005230	-0.0000553	+0.0006290	+0.0011009	+0.0014295	+0.0017253	+0.0020062	+0.0022811	+0.0025491	+0.0028055	+0.0030447	+0.0032726	+0.0034754	+0.0036676	+0.0038371	+0.0039973	+0.0041498	+0.0042933
2013-06	-0.039	-0.0010675	-0.0008935	-0.0006985	-0.0004333	-0.0000890	+0.0004062	+0.0007724	+0.0010325	+0.0012588	+0.0014694	+0.0016757	+0.0018778	+0.0020681	+0.0022507	+0.0024166	+0.0025725	+0.0027239	+0.0028567	+0.0029802	+0.0030995	+0.0032081
2013-07	0.029	-0.0027453	-0.0025403	-0.0023339	-0.0020853	-0.0018028	-0.0014942	-0.0011747	-0.0008321	-0.0004586	-0.0000773	+0.0003195	+0.0007032	+0.0010669	+0.0014020	+0.0017063	+0.0019844	+0.0022316	+0.0024407	+0.0026271	+0.0027908	+0.0029437
2013-08	0.000	-0.0027438	-0.0024721	-0.0021999	-0.0019198	-0.0016087	-0.0012868	-0.0009362	-0.0005559	-0.0001660	+0.0002379	+0.0006503	+0.0010454	+0.0014118	+0.0017626	+0.0020777	+0.0023643	+0.0025977	+0.0028132	+0.0029969	+0.0031488	+0.0032825
2013-09	0.045	-0.0027269	-0.0025245	-0.0022927	-0.0020574	-0.0018030	-0.0015528	-0.0012698	-0.0009678	-0.0006466	-0.0003134	+0.0000177	+0.0003442	+0.0006530	+0.0009444	+0.0012023	+0.0014403	+0.0016600	+0.0018592	+0.0020363	+0.0022042	+0.0023643
2013-10	0.029	-0.0008491	-0.0006957	-0.0005335	-0.0003683	-0.0001961	-0.0000175	+0.0001729	+0.0003694	+0.0005747	+0.0007867	+0.0010003	+0.0012151	+0.0014238	+0.0016261	+0.0018145	+0.0020010	+0.0021683	+0.0023267	+0.0024746	+0.0026203	+0.0027529
2013-11	0.036	-0.0006194	-0.0005091	-0.0003953	-0.0002723	-0.0001330	+0.0000040	+0.0001447	+0.0002902	+0.0004505	+0.0006109	+0.0007798	+0.0009480	+0.0011173	+0.0012764	+0.0014248	+0.0015629	+0.0016942	+0.0018112	+0.0019185	+0.0020235	+0.0021144
2013-12	0.032	-0.0006202	-0.0004779	-0.0003360	-0.0001713	-0.0000109	+0.0001610	+0.0003401	+0.0005242	+0.0007165	+0.0009144	+0.0011004	+0.0012860	+0.0014631	+0.0016238	+0.0017761	+0.0019167	+0.0020440	+0.0021640	+0.0022647	+0.0023669	+0.0024455
2014-01	-0.026	-0.0009480	-0.0007787	-0.0005943	-0.0003700	-0.0001129	+0.0002116	+0.0004944	+0.0007194	+0.0009173	+0.0011014	+0.0012789	+0.0014520	+0.0016120	+0.0017588	+0.0018999	+0.0020217	+0.0021335	+0.0022353	+0.0023322	+0.0024191	+0.0024959
2014-02	0.037	-0.0006809	-0.0004779	-0.0002871	-0.0000921	+0.0001299	+0.0003759	+0.0006404	+0.0008807	+0.0010880	+0.0012815	+0.0014554	+0.0016163	+0.0017602	+0.0018945	+0.0020189	+0.0021282	+0.0022245	+0.0023128	+0.0023914	+0.0024659	+0.0025358
2014-03	0.010	-0.0008408	-0.0007050	-0.0005495	-0.0003847	-0.0002144	-0.0000316	+0.0001658	+0.0003772	+0.0006022	+0.0008371	+0.0010713	+0.0013002	+0.0015194	+0.0017130	+0.0018925	+0.0020524	+0.0021963	+0.0023208	+0.0024375	+0.0025356	+0.0026289
2014-04	-0.000	-0.0011066	-0.0009608	-0.0008015	-0.0006325	-0.0004414	-0.0002404	-0.0000289	+0.0001901	+0.0004222	+0.0006602	+0.0008981	+0.0011357	+0.0013539	+0.0015621	+0.0017453	+0.0019141	+0.0020643	+0.0021951	+0.0023299	+0.0024422	+0.0025553
2014-05	0.002	-0.0010678	-0.0009692	-0.0008610	-0.0007464	-0.0006235	-0.0004848	-0.0003422	-0.0001841	-0.0000097	+0.0001772	+0.0003770	+0.0005770	+0.0007856	+0.0009840	+0.0011738	+0.0013493	+0.0015136	+0.0016687	+0.0018120	+0.0019602	+0.0020810
2014-06	0.000	-0.0007960	-0.0007097	-0.0006083	-0.0004755	-0.0003211	-0.0001886	-0.0000735	+0.0000347	+0.0001502	+0.0002798	+0.0004266	+0.0005964	+0.0007688	+0.0009317	+0.0010875	+0.0012382	+0.0013952	+0.0015351	+0.0016769	+0.0018077	+0.0019253
2014-07	-0.011	-0.0004289	-0.0003882	-0.0003385	-0.0002839	-0.0002291	-0.0001718	-0.0001092	-0.0000418	+0.0000287	+0.0001007	+0.0001761	+0.0002485	+0.0003190	+0.0003830	+0.0004454	+0.0005010	+0.0005521	+0.0005957	+0.0006380	+0.0006762	+0.0007130
2014-08	0.001	-0.0008472	-0.0007932	-0.0007302	-0.0006596	-0.0005877	-0.0005087	-0.0004261	-0.0003358	-0.0002403	-0.0001392	-0.0000406	+0.0000548	+0.0001462	+0.0002303	+0.0003078	+0.0003754	+0.0004351	+0.0004899	+0.0005428	+0.0005866	+0.0006320
2014-09	0.011	-0.0013371	-0.0012598	-0.0011763	-0.0010857	-0.0009818	-0.0008729	-0.0007536	-0.0006287	-0.0004977	-0.0003618	-0.0002191	-0.0000806	+0.0000579	+0.0001911	+0.0003139	+0.0004241	+0.0005352	+0.0006357	+0.0007262	+0.0008181	+0.0008927
2014-10	-0.004	-0.0013218	-0.0012388	-0.0011443	-0.0010431	-0.0009244	-0.0007950	-0.0006517	-0.0004952	-0.0003314	-0.0001589	+0.0000237	+0.0002073	+0.0003835	+0.0005504	+0.0007028	+0.0008472	+0.0009817	+0.0011115	+0.0012248	+0.0013275	+0.0014317
2014-11	0.075	-0.0025745	-0.0024100	-0.0022271	-0.0020511	-0.0018691	-0.0016590	-0.0014288	-0.0011899	-0.0009414	-0.0006780	-0.0004147	-0.0001566	+0.0000837	+0.0003145	+0.0005235	+0.0007106	+0.0008856	+0.0010381	+0.0011804	+0.0013098	+0.0014207
2014-12	-0.009	-0.0020556	-0.0018010	-0.0015572	-0.0012880	-0.0009918	-0.0006807	-0.0003491	+0.0000058	+0.0003804	+0.0007681	+0.0011699	+0.0015672	+0.0019473	+0.0023191	+0.0026540	+0.0029601	+0.0032302	+0.0035042	+0.0037296	+0.0039441	+0.0041475
2015-01	-0.014	-0.0025182	-0.0022904	-0.0020317	-0.0017681	-0.0014640	-0.0011504	-0.0008028	-0.0004403	-0.0000275	+0.0004015	+0.0008510	+0.0012996	+0.0017247	+0.0021251	+0.0024988	+0.0028412	+0.0031583	+0.0034269	+0.0036751	+0.0039229	+0.0041430
2015-02	-0.002	-0.0011123	-0.0009874	-0.0008429	-0.0006738	-0.0004768	-0.0002359	+0.0000317	+0.0003165	+0.0006336	+0.0009920	+0.0013579	+0.0017198	+0.0020859	+0.0024299	+0.0027461	+0.0030488	+0.0033289	+0.0035883	+0.0038211	+0.0040315	+0.0042178
