2011-05	-0.010	-0.0009714	-0.0008649	-0.0007415	-0.0005700	-0.0003657	-0.0001570	+0.0000077	+0.0001477	+0.0002914	+0.0004584	+0.0006430	+0.0008261	+0.0010216	+0.0012189	+0.0014000	+0.0015877	+0.0017662	+0.0019293	+0.0020878	+0.0022420	+0.0023943
2011-06	-0.005	-0.0009583	-0.0008617	-0.0007765	-0.0006663	-0.0005520	-0.0004276	-0.0002942	-0.0001453	+0.0000215	+0.0002032	+0.0004009	+0.0006098	+0.0008204	+0.0010366	+0.0012457	+0.0014356	+0.0016320	+0.0017930	+0.0019554	+0.0021145	+0.0022801
2011-07	-0.022	-0.0009365	-0.0008574	-0.0007724	-0.0006802	-0.0005848	-0.0004778	-0.0003530	-0.0002130	-0.0000572	+0.0001235	+0.0003237	+0.0005290	+0.0007402	+0.0009520	+0.0011623	+0.0013662	+0.0015546	+0.0017385	+0.0019152	+0.0020828	+0.0022343
2011-08	0.008	-0.0011908	-0.0011287	-0.0010644	-0.0010024	-0.0009311	-0.0008574	-0.0007769	-0.0006913	-0.0006029	-0.0005079	-0.0004093	-0.0003125	-0.0002154	-0.0001236	-0.0000348	+0.0000432	+0.0001183	+0.0001878	+0.0002514	+0.0003115	+0.0003667
2011-09	-0.035	-0.0009913	-0.0009343	-0.0008750	-0.0008113	-0.0007419	-0.0006666	-0.0005869	-0.0004994	-0.0004052	-0.0003062	-0.0002064	-0.0001016	-0.0000010	+0.0000951	+0.0001846	+0.0002688	+0.0003524	+0.0004310	+0.0005028	+0.0005668	+0.0006368
2011-10	0.031	-0.0015266	-0.0014583	-0.0013796	-0.0012918	-0.0012070	-0.0011039	-0.0009916	-0.0008765	-0.0007551	-0.0006279	-0.0004999	-0.0003689	-0.0002479	-0.0001333	-0.0000312	+0.0000648	+0.0001488	+0.0002256	+0.0003013	+0.0003668	+0.0004261
2011-11	-0.018	-0.0017941	-0.0017110	-0.0016118	-0.0015068	-0.0013918	-0.0012631	-0.0011260	-0.0009735	-0.0008102	-0.0006420	-0.0004713	-0.0003014	-0.0001326	+0.0000261	+0.0001771	+0.0003236	+0.0004605	+0.0005849	+0.0007063	+0.0008321	+0.0009363
2011-12	0.003	-0.0018534	-0.0017513	-0.0016421	-0.0015097	-0.0013737	-0.0012262	-0.0010663	-0.0008865	-0.0006978	-0.0005054	-0.0003074	-0.0001075	+0.0000838	+0.0002631	+0.0004288	+0.0005871	+0.0007309	+0.0008548	+0.0009737	+0.0010828	+0.0011955
2012-01	0.004	-0.0017169	-0.0016016	-0.0014640	-0.0013252	-0.0011828	-0.0010184	-0.0008420	-0.0006629	-0.0004685	-0.0002689	-0.0000696	+0.0001242	+0.0003128	+0.0004835	+0.0006407	+0.0007836	+0.0009122	+0.0010261	+0.0011376	+0.0012352	+0.0013434
2012-02	0.061	-0.0010896	-0.0009864	-0.0008874	-0.0007848	-0.0006727	-0.0005453	-0.0004145	-0.0002765	-0.0001286	+0.0000229	+0.0001767	+0.0003301	+0.0004792	+0.0006166	+0.0007511	+0.0008766	+0.0009921	+0.0010922	+0.0011924	+0.0012791	+0.0013629
2012-03	0.005	-0.0008816	-0.0007892	-0.0006755	-0.0005543	-0.0004235	-0.0002848	-0.0001378	+0.0000204	+0.0001905	+0.0003719	+0.0005596	+0.0007515	+0.0009392	+0.0011228	+0.0012998	+0.0014616	+0.0016194	+0.0017623	+0.0018941	+0.0020195	+0.0021470
2012-04	-0.003	-0.0007039	-0.0005525	-0.0003927	-0.0002238	-0.0000448	+0.0001370	+0.0003221	+0.0005094	+0.0007077	+0.0009154	+0.0011228	+0.0013258	+0.0015216	+0.0017100	+0.0018768	+0.0020353	+0.0021840	+0.0023193	+0.0024467	+0.0025697	+0.0026754
2012-05	-0.044	-0.0009872	-0.0008224	-0.0006356	-0.0004443	-0.0002547	-0.0000462	+0.0001632	+0.0003790	+0.0006017	+0.0008332	+0.0010616	+0.0012852	+0.0015005	+0.0016924	+0.0018674	+0.0020328	+0.0021841	+0.0023140	+0.0024362	+0.0025543	+0.0026543
2012-06	0.013	-0.0014878	-0.0013979	-0.0012902	-0.0011793	-0.0010501	-0.0009001	-0.0007269	-0.0005331	-0.0003111	-0.0000709	+0.0001818	+0.0004397	+0.0006978	+0.0009446	+0.0011874	+0.0014084	+0.0016067	+0.0017917	+0.0019562	+0.0021190	+0.0022749
2012-07	0.003	-0.0015552	-0.0014864	-0.0014080	-0.0013310	-0.0012419	-0.0011428	-0.0010303	-0.0009088	-0.0007739	-0.0006354	-0.0004885	-0.0003358	-0.0001898	-0.0000498	+0.0000812	+0.0002069	+0.0003200	+0.0004248	+0.0005224	+0.0006218	+0.0007101
2012-08	0.006	-0.0014509	-0.0013758	-0.0012963	-0.0012002	-0.0011000	-0.0009907	-0.0008705	-0.0007417	-0.0006062	-0.0004630	-0.0003122	-0.0001635	-0.0000200	+0.0001187	+0.0002519	+0.0003687	+0.0004860	+0.0005940	+0.0006851	+0.0007746	+0.0008622
2012-09	0.003	-0.0009750	-0.0008939	-0.0008181	-0.0007300	-0.0006432	-0.0005491	-0.0004425	-0.0003294	-0.0002108	-0.0000880	+0.0000346	+0.0001544	+0.0002628	+0.0003658	+0.0004588	+0.0005426	+0.0006161	+0.0006840	+0.0007470	+0.0008040	+0.0008619
2012-10	0.020	-0.0004531	-0.0004056	-0.0003483	-0.0002902	-0.0002278	-0.0001643	-0.0000935	-0.0000195	+0.0000583	+0.0001356	+0.0002140	+0.0002908	+0.0003669	+0.0004402	+0.0005100	+0.0005735	+0.0006310	+0.0006883	+0.0007424	+0.0007934	+0.0008422
2012-11	0.032	-0.0003597	-0.0003150	-0.0002708	-0.0002146	-0.0001610	-0.0001021	-0.0000418	+0.0000249	+0.0000969	+0.0001724	+0.0002493	+0.0003261	+0.0004016	+0.0004738	+0.0005418	+0.0006035	+0.0006634	+0.0007167	+0.0007687	+0.0008167	+0.0008641
2012-12	0.051	-0.0002700	-0.0002005	-0.0001177	-0.0000290	+0.0000668	+0.0001486	+0.0002295	+0.0003155	+0.0004080	+0.0005006	+0.0005961	+0.0006928	+0.0007872	+0.0008771	+0.0009594	+0.0010406	+0.0011126	+0.0011809	+0.0012420	+0.0013016	+0.0013551
2013-01	0.040	-0.0004069	-0.0002837	-0.0001366	+0.0000176	+0.0002129	+0.0004232	+0.0006016	+0.0007548	+0.0009002	+0.0010408	+0.0011768	+0.0013069	+0.0014334	+0.0015519	+0.0016643	+0.0017636	+0.0018555	+0.0019413	+0.0020218	+0.0020985	+0.0021621
2013-02	0.003	-0.0003790	-0.0002367	-0.0000861	+0.0000996	+0.0003782	+0.0009351	+0.0012617	+0.0014610	+0.0016345	+0.0017943	+0.0019497	+0.0021024	+0.0022453	+0.0023831	+0.0025130	+0.0026320	+0.0027423	+0.0028421	+0.0029324	+0.0030239	+0.0031038
2013-03	0.016	-0.0008062	-0.0005919	-0.0004031	-0.0002108	+0.0000403	+0.0008431	+0.0014541	+0.0017037	+0.0019044	+0.0020738	+0.0022273	+0.0023706	+0.0024993	+0.0026158	+0.0027257	+0.0028270	+0.0029189	+0.0030050	+0.0030807	+0.0031506	+0.0032223
2013-04	0.049	-0.0008906	-0.0006753	-0.0004585	-0.0002077	+0.0000842	+0.0004054	+0.0007345	+0.0010268	+0.0012808	+0.0015197	+0.0017432	+0.0019537	+0.0021491	+0.0023327	+0.0024922	+0.0026358	+0.0027608	+0.0028728	+0.0029797	+0.0030720	+0.0031631
2013-05	0.004	-0.0010779	-0.0008522	-0.0006124	-0.0003627	-0.0000706	+0.0002242	+0.0004939	+0.0007573	+0.0010110	+0.0012516	+0.0014913	+0.0017143	+0.0019256	+0.0021177	+0.0022990	+0.0024644	+0.0026103	+0.0027402	+0.0028624	+0.0029753	+0.0030743
2013-06	-0.042	-0.0010746	-0.0008982	-0.0007023	-0.0004996	-0.0002972	-0.0000871	+0.0001187	+0.0003279	+0.0005495	+0.0007719	+0.0010021	+0.0012268	+0.0014462	+0.0016592	+0.0018555	+0.0020434	+0.0022224	+0.0023859	+0.0025362	+0.0026793	+0.0028111
2013-07	-0.002	-0.0026471	-0.0024724	-0.0022909	-0.0020688	-0.0018365	-0.0015770	-0.0012997	-0.0009891	-0.0006696	-0.0003279	+0.0000188	+0.0003606	+0.0007008	+0.0010193	+0.0013149	+0.0015825	+0.0018285	+0.0020571	+0.0022446	+0.0024367	+0.0026125
2013-08	-0.003	-0.0026601	-0.0024729	-0.0022681	-0.0020718	-0.0018556	-0.0016240	-0.0013710	-0.0011065	-0.0008171	-0.0005304	-0.0002248	+0.0000734	+0.0003597	+0.0006244	+0.0008685	+0.0010957	+0.0013091	+0.0015010	+0.0016845	+0.0018624	+0.0020217
2013-09	0.017	-0.0027763	-0.0026327	-0.0024618	-0.0023012	-0.0021246	-0.0019391	-0.0017346	-0.0015175	-0.0012913	-0.0010586	-0.0008135	-0.0005746	-0.0003475	-0.0001339	+0.0000597	+0.0002381	+0.0003994	+0.0005452	+0.0006776	+0.0007990	+0.0009056
2013-10	0.017	-0.0012685	-0.0011579	-0.0010456	-0.0009258	-0.0007998	-0.0006529	-0.0005075	-0.0003464	-0.0001797	-0.0000051	+0.0001712	+0.0003428	+0.0005103	+0.0006645	+0.0008048	+0.0009259	+0.0010385	+0.0011418	+0.0012284	+0.0013116	+0.0013735
2013-11	0.026	-0.0009336	-0.0008630	-0.0007779	-0.0006892	-0.0005916	-0.0004888	-0.0003782	-0.0002539	-0.0001279	+0.0000011	+0.0001382	+0.0002745	+0.0004049	+0.0005278	+0.0006421	+0.0007471	+0.0008444	+0.0009325	+0.0010164	+0.0010932	+0.0011652
2013-12	0.017	-0.0002268	-0.0001650	-0.0001024	-0.0000306	+0.0000470	+0.0001295	+0.0002139	+0.0003039	+0.0003988	+0.0004990	+0.0006000	+0.0007011	+0.0007992	+0.0008947	+0.0009835	+0.0010668	+0.0011435	+0.0012147	+0.0012773	+0.0013430	+0.0014009
2014-01	-0.016	-0.0004548	-0.0003595	-0.0002544	-0.0001269	+0.0000119	+0.0001601	+0.0002945	+0.0004147	+0.0005284	+0.0006402	+0.0007495	+0.0008591	+0.0009618	+0.0010601	+0.0011530	+0.0012398	+0.0013151	+0.0013836	+0.0014553	+0.0015152	+0.0015676
2014-02	0.002	-0.0005540	-0.0004374	-0.0003192	-0.0001995	-0.0000756	+0.0000453	+0.0001804	+0.0003121	+0.0004417	+0.0005648	+0.0006884	+0.0008068	+0.0009169	+0.0010216	+0.0011184	+0.0012066	+0.0012859	+0.0013583	+0.0014278	+0.0014937	+0.0015563
2014-03	0.012	-0.0007342	-0.0006456	-0.0005577	-0.0004597	-0.0003565	-0.0002421	-0.0001229	+0.0000055	+0.0001446	+0.0002917	+0.0004380	+0.0005835	+0.0007230	+0.0008553	+0.0009798	+0.0010902	+0.0011904	+0.0012826	+0.0013734	+0.0014539	+0.0015331
2014-04	0.003	-0.0007721	-0.0007075	-0.0006362	-0.0005632	-0.0004855	-0.0004029	-0.0003140	-0.0002204	-0.0001210	-0.0000190	+0.0000855	+0.0001861	+0.0002799	+0.0003667	+0.0004453	+0.0005154	+0.0005782	+0.0006345	+0.0006850	+0.0007342	+0.0007800
2014-05	-0.003	-0.0006553	-0.0005959	-0.0005310	-0.0004663	-0.0003932	-0.0003154	-0.0002337	-0.0001461	-0.0000542	+0.0000404	+0.0001330	+0.0002221	+0.0003057	+0.0003811	+0.0004484	+0.0005078	+0.0005598	+0.0006035	+0.0006459	+0.0006846	+0.0007146
2014-06	0.003	-0.0003270	-0.0002813	-0.0002312	-0.0001784	-0.0001205	-0.0000635	-0.0000053	+0.0000510	+0.0001110	+0.0001727	+0.0002347	+0.0002958	+0.0003550	+0.0004123	+0.0004660	+0.0005141	+0.0005584	+0.0005997	+0.0006370	+0.0006754	+0.0007083
2014-07	0.007	-0.0003858	-0.0003400	-0.0002857	-0.0002276	-0.0001590	-0.0000890	-0.0000267	+0.0000305	+0.0000841	+0.0001374	+0.0001910	+0.0002422	+0.0002904	+0.0003360	+0.0003774	+0.0004157	+0.0004519	+0.0004852	+0.0005157	+0.0005447	+0.0005731
2014-08	0.008	-0.0002034	-0.0001854	-0.0001657	-0.0001438	-0.0001208	-0.0000956	-0.0000695	-0.0000403	-0.0000100	+0.0000212	+0.0000544	+0.0000874	+0.0001197	+0.0001507	+0.0001792	+0.0002051	+0.0002292	+0.0002499	+0.0002707	+0.0002892	+0.0003062
2014-09	0.022	-0.0000624	-0.0000482	-0.0000313	-0.0000143	+0.0000058	+0.0000287	+0.0000543	+0.0000813	+0.0001127	+0.0001454	+0.0001793	+0.0002135	+0.0002480	+0.0002819	+0.0003137	+0.0003423	+0.0003695	+0.0003968	+0.0004208	+0.0004416	+0.0004629
2014-10	0.004	-0.0002009	-0.0001472	-0.0000802	-0.0000202	+0.0000385	+0.0000957	+0.0001548	+0.0002188	+0.0002843	+0.0003531	+0.0004250	+0.0004987	+0.0005685	+0.0006359	+0.0007014	+0.0007644	+0.0008217	+0.0008754	+0.0009275	+0.0009739	+0.0010143
2014-11	0.063	-0.0004986	-0.0004186	-0.0003341	-0.0002570	-0.0001755	-0.0000867	+0.0000047	+0.0001019	+0.0001985	+0.0003005	+0.0003995	+0.0004937	+0.0005840	+0.0006656	+0.0007395	+0.0008078	+0.0008681	+0.0009212	+0.0009701	+0.0010154	+0.0010509
2014-12	0.004	-0.0006267	-0.0004714	-0.0003033	-0.0001281	+0.0000523	+0.0002376	+0.0004201	+0.0006026	+0.0008037	+0.0010252	+0.0012494	+0.0014786	+0.0017060	+0.0019248	+0.0021265	+0.0023243	+0.0025191	+0.0026931	+0.0028340	+0.0029742	+0.0031205
2015-01	-0.027	-0.0012644	-0.0010742	-0.0008533	-0.0005771	-0.0002925	-0.0000496	+0.0001883	+0.0004196	+0.0006577	+0.0009057	+0.0011564	+0.0014127	+0.0016559	+0.0018935	+0.0021131	+0.0023207	+0.0025149	+0.0026877	+0.0028475	+0.0030031	+0.0031451
2015-02	0.001	-0.0011643	-0.0010371	-0.0009057	-0.0007597	-0.0006026	-0.0004234	-0.0002036	+0.0000255	+0.0002708	+0.0005441	+0.0008346	+0.0011196	+0.0013990	+0.0016790	+0.0019373	+0.0021669	+0.0023873	+0.0025855	+0.0027823	+0.0029525	+0.0031107
