2011-05	-0.002	-0.0011289	-0.0010333	-0.0009377	-0.0008305	-0.0007207	-0.0005956	-0.0004677	-0.0003304	-0.0001780	-0.0000193	+0.0001481	+0.0003145	+0.0004865	+0.0006493	+0.0008064	+0.0009540	+0.0010962	+0.0012294	+0.0013525	+0.0014720	+0.0015817
2011-06	-0.003	-0.0012071	-0.0010989	-0.0009901	-0.0008772	-0.0007482	-0.0006265	-0.0004807	-0.0003336	-0.0001751	-0.0000062	+0.0001668	+0.0003414	+0.0005156	+0.0006774	+0.0008416	+0.0009848	+0.0011214	+0.0012528	+0.0013698	+0.0014826	+0.0016035
2011-07	-0.028	-0.0011903	-0.0011001	-0.0010083	-0.0009083	-0.0007909	-0.0006721	-0.0005432	-0.0004039	-0.0002511	-0.0000899	+0.0000808	+0.0002557	+0.0004304	+0.0006004	+0.0007578	+0.0009123	+0.0010526	+0.0011905	+0.0013261	+0.0014425	+0.0015573
2011-08	0.006	-0.0014994	-0.0014293	-0.0013502	-0.0012729	-0.0011827	-0.0010858	-0.0009813	-0.0008672	-0.0007476	-0.0006197	-0.0004907	-0.0003628	-0.0002395	-0.0001235	-0.0000202	+0.0000741	+0.0001611	+0.0002365	+0.0003078	+0.0003716	+0.0004262
2011-09	0.004	-0.0012826	-0.0012164	-0.0011428	-0.0010672	-0.0009838	-0.0008945	-0.0007972	-0.0006915	-0.0005802	-0.0004638	-0.0003472	-0.0002349	-0.0001268	-0.0000249	+0.0000638	+0.0001446	+0.0002181	+0.0002845	+0.0003472	+0.0004036	+0.0004543
2011-10	0.008	-0.0012171	-0.0011383	-0.0010605	-0.0009738	-0.0008840	-0.0007830	-0.0006789	-0.0005648	-0.0004418	-0.0003149	-0.0001898	-0.0000699	+0.0000442	+0.0001465	+0.0002390	+0.0003204	+0.0003960	+0.0004583	+0.0005188	+0.0005694	+0.0006185
2011-11	0.010	-0.0012315	-0.0011672	-0.0010848	-0.0010052	-0.0009184	-0.0008229	-0.0007229	-0.0006125	-0.0004970	-0.0003768	-0.0002566	-0.0001388	-0.0000264	+0.0000804	+0.0001773	+0.0002647	+0.0003374	+0.0004098	+0.0004725	+0.0005356	+0.0005924
2011-12	0.002	-0.0008458	-0.0007852	-0.0007101	-0.0006322	-0.0005440	-0.0004511	-0.0003462	-0.0002354	-0.0001163	+0.0000093	+0.0001388	+0.0002667	+0.0003915	+0.0005122	+0.0006253	+0.0007271	+0.0008247	+0.0009134	+0.0009958	+0.0010697	+0.0011410
2012-01	-0.008	-0.0007039	-0.0006379	-0.0005739	-0.0005024	-0.0004292	-0.0003486	-0.0002572	-0.0001584	-0.0000495	+0.0000649	+0.0001877	+0.0003108	+0.0004333	+0.0005496	+0.0006548	+0.0007541	+0.0008426	+0.0009264	+0.0010012	+0.0010786	+0.0011415
2012-02	0.055	-0.0006224	-0.0005695	-0.0005056	-0.0004337	-0.0003549	-0.0002686	-0.0001780	-0.0000736	+0.0000344	+0.0001462	+0.0002672	+0.0003890	+0.0005059	+0.0006153	+0.0007190	+0.0008148	+0.0008989	+0.0009782	+0.0010461	+0.0011139	+0.0011693
2012-03	0.014	-0.0004493	-0.0004015	-0.0003484	-0.0002890	-0.0002254	-0.0001494	-0.0000644	+0.0000335	+0.0001503	+0.0002863	+0.0004422	+0.0006141	+0.0007881	+0.0009563	+0.0011268	+0.0012931	+0.0014473	+0.0015830	+0.0017255	+0.0018640	+0.0019968
2012-04	-0.005	-0.0007618	-0.0006034	-0.0004393	-0.0002782	-0.0001123	+0.0000549	+0.0002299	+0.0004143	+0.0006075	+0.0008200	+0.0010355	+0.0012518	+0.0014604	+0.0016609	+0.0018445	+0.0020148	+0.0021725	+0.0023184	+0.0024606	+0.0025892	+0.0027025
2012-05	-0.017	-0.0010518	-0.0008802	-0.0007104	-0.0005115	-0.0003140	-0.0001239	+0.0000830	+0.0002835	+0.0005003	+0.0007272	+0.0009610	+0.0011954	+0.0014159	+0.0016241	+0.0018192	+0.0019992	+0.0021675	+0.0023149	+0.0024506	+0.0025728	+0.0026915
2012-06	0.008	-0.0011182	-0.0010036	-0.0008889	-0.0007718	-0.0006553	-0.0005194	-0.0003684	-0.0001779	+0.0000379	+0.0002545	+0.0004867	+0.0007426	+0.0009780	+0.0012066	+0.0014416	+0.0016444	+0.0018351	+0.0020107	+0.0021719	+0.0023217	+0.0024542
2012-07	-0.006	-0.0009242	-0.0008791	-0.0008308	-0.0007771	-0.0007208	-0.0006584	-0.0005860	-0.0005071	-0.0004224	-0.0003311	-0.0002376	-0.0001404	-0.0000455	+0.0000455	+0.0001336	+0.0002157	+0.0002898	+0.0003586	+0.0004240	+0.0004861	+0.0005457
2012-08	0.004	-0.0007339	-0.0006943	-0.0006532	-0.0006051	-0.0005534	-0.0004960	-0.0004319	-0.0003640	-0.0002887	-0.0002086	-0.0001227	-0.0000368	+0.0000490	+0.0001299	+0.0002075	+0.0002800	+0.0003473	+0.0004105	+0.0004660	+0.0005203	+0.0005709
2012-09	-0.007	-0.0005587	-0.0005232	-0.0004876	-0.0004468	-0.0003994	-0.0003466	-0.0002905	-0.0002287	-0.0001630	-0.0000944	-0.0000228	+0.0000509	+0.0001240	+0.0001903	+0.0002553	+0.0003164	+0.0003737	+0.0004244	+0.0004743	+0.0005203	+0.0005606
2012-10	0.024	-0.0005752	-0.0005412	-0.0005065	-0.0004650	-0.0004217	-0.0003716	-0.0003170	-0.0002556	-0.0001909	-0.0001213	-0.0000500	+0.0000232	+0.0000938	+0.0001613	+0.0002239	+0.0002822	+0.0003367	+0.0003873	+0.0004325	+0.0004780	+0.0005194
2012-11	0.032	-0.0005391	-0.0005033	-0.0004602	-0.0004155	-0.0003655	-0.0003102	-0.0002480	-0.0001789	-0.0001023	-0.0000201	+0.0000682	+0.0001556	+0.0002441	+0.0003283	+0.0004093	+0.0004811	+0.0005483	+0.0006114	+0.0006713	+0.0007297	+0.0007829
2012-12	0.048	-0.0003382	-0.0002714	-0.0002030	-0.0001284	-0.0000513	+0.0000358	+0.0001310	+0.0002306	+0.0003381	+0.0004480	+0.0005591	+0.0006710	+0.0007782	+0.0008819	+0.0009782	+0.0010652	+0.0011420	+0.0012178	+0.0012898	+0.0013521	+0.0014101
2013-01	0.040	-0.0002767	-0.0001630	-0.0000411	+0.0000844	+0.0002483	+0.0004301	+0.0006013	+0.0007481	+0.0008721	+0.0009930	+0.0011046	+0.0012157	+0.0013192	+0.0014179	+0.0015098	+0.0015924	+0.0016727	+0.0017455	+0.0018185	+0.0018867	+0.0019499
2013-02	0.018	-0.0003396	-0.0002330	-0.0000997	+0.0000908	+0.0003546	+0.0010095	+0.0012605	+0.0014249	+0.0015760	+0.0017294	+0.0018813	+0.0020318	+0.0021841	+0.0023291	+0.0024662	+0.0025960	+0.0027183	+0.0028287	+0.0029273	+0.0030346	+0.0031309
2013-03	0.017	-0.0006670	-0.0005250	-0.0003675	-0.0001817	+0.0000704	+0.0011336	+0.0015719	+0.0017699	+0.0019353	+0.0020877	+0.0022387	+0.0023855	+0.0025269	+0.0026561	+0.0027774	+0.0028912	+0.0029921	+0.0030847	+0.0031712	+0.0032511	+0.0033240
2013-04	0.045	-0.0007118	-0.0005325	-0.0003336	-0.0001094	+0.0001649	+0.0006445	+0.0011720	+0.0014481	+0.0016703	+0.0018673	+0.0020612	+0.0022418	+0.0024115	+0.0025689	+0.0027123	+0.0028366	+0.0029513	+0.0030544	+0.0031507	+0.0032473	+0.0033288
2013-05	0.015	-0.0010210	-0.0007852	-0.0005530	-0.0002982	+0.0000205	+0.0004309	+0.0007845	+0.0010633	+0.0013061	+0.0015323	+0.0017448	+0.0019478	+0.0021306	+0.0023033	+0.0024614	+0.0026066	+0.0027406	+0.0028581	+0.0029674	+0.0030688	+0.0031624
2013-06	-0.043	-0.0010437	-0.0008552	-0.0006389	-0.0004107	-0.0001286	+0.0001547	+0.0004193	+0.0006572	+0.0008805	+0.0011034	+0.0013175	+0.0015217	+0.0017185	+0.0019016	+0.0020740	+0.0022399	+0.0023910	+0.0025360	+0.0026633	+0.0027815	+0.0028962
2013-07	-0.007	-0.0032260	-0.0029942	-0.0027606	-0.0024777	-0.0021897	-0.0018749	-0.0015328	-0.0011687	-0.0007873	-0.0003825	+0.0000108	+0.0003961	+0.0007734	+0.0011228	+0.0014402	+0.0017149	+0.0019749	+0.0021896	+0.0023899	+0.0025569	+0.0027122
2013-08	-0.004	-0.0032742	-0.0030276	-0.0027616	-0.0024957	-0.0022242	-0.0019275	-0.0016036	-0.0012584	-0.0008995	-0.0005237	-0.0001462	+0.0002233	+0.0005724	+0.0008885	+0.0011778	+0.0014339	+0.0016671	+0.0018852	+0.0020755	+0.0022384	+0.0023893
2013-09	0.004	-0.0034969	-0.0032856	-0.0030842	-0.0028764	-0.0026542	-0.0024210	-0.0021542	-0.0018755	-0.0015929	-0.0012886	-0.0009822	-0.0006705	-0.0003787	-0.0001029	+0.0001564	+0.0003887	+0.0005994	+0.0007943	+0.0009705	+0.0011322	+0.0012933
2013-10	0.014	-0.0016312	-0.0015233	-0.0014007	-0.0012698	-0.0011240	-0.0009715	-0.0007998	-0.0006168	-0.0004235	-0.0002210	-0.0000110	+0.0002000	+0.0004063	+0.0006017	+0.0007848	+0.0009509	+0.0011002	+0.0012332	+0.0013541	+0.0014662	+0.0015613
2013-11	0.031	-0.0013912	-0.0012982	-0.0012065	-0.0011094	-0.0009992	-0.0008819	-0.0007552	-0.0006194	-0.0004777	-0.0003292	-0.0001767	-0.0000300	+0.0001162	+0.0002478	+0.0003694	+0.0004814	+0.0005829	+0.0006699	+0.0007560	+0.0008322	+0.0008986
2013-12	0.017	-0.0003337	-0.0002730	-0.0002048	-0.0001351	-0.0000621	+0.0000227	+0.0001070	+0.0002019	+0.0003048	+0.0004107	+0.0005200	+0.0006290	+0.0007352	+0.0008364	+0.0009309	+0.0010183	+0.0010990	+0.0011686	+0.0012347	+0.0012935	+0.0013446
2014-01	-0.010	-0.0003462	-0.0002592	-0.0001561	-0.0000533	+0.0000490	+0.0001542	+0.0002659	+0.0003781	+0.0004916	+0.0006115	+0.0007317	+0.0008499	+0.0009650	+0.0010735	+0.0011714	+0.0012607	+0.0013448	+0.0014183	+0.0014829	+0.0015427	+0.0015954
2014-02	-0.004	-0.0004566	-0.0003395	-0.0002072	-0.0000852	+0.0000509	+0.0002077	+0.0003597	+0.0004939	+0.0006159	+0.0007328	+0.0008467	+0.0009568	+0.0010587	+0.0011545	+0.0012417	+0.0013215	+0.0013945	+0.0014637	+0.0015258	+0.0015835	+0.0016362
2014-03	0.006	-0.0007246	-0.0006350	-0.0005469	-0.0004493	-0.0003469	-0.0002343	-0.0001157	+0.0000132	+0.0001498	+0.0002937	+0.0004390	+0.0005829	+0.0007217	+0.0008543	+0.0009759	+0.0010931	+0.0011938	+0.0012930	+0.0013805	+0.0014650	+0.0015413
2014-04	0.000	-0.0007344	-0.0006730	-0.0006162	-0.0005520	-0.0004856	-0.0004158	-0.0003389	-0.0002544	-0.0001670	-0.0000738	+0.0000236	+0.0001162	+0.0002081	+0.0002944	+0.0003754	+0.0004497	+0.0005197	+0.0005815	+0.0006396	+0.0006912	+0.0007392
2014-05	0.003	-0.0007059	-0.0006573	-0.0006064	-0.0005553	-0.0005014	-0.0004403	-0.0003805	-0.0003129	-0.0002406	-0.0001679	-0.0000961	-0.0000274	+0.0000369	+0.0000964	+0.0001510	+0.0002018	+0.0002472	+0.0002882	+0.0003285	+0.0003659	+0.0004043
2014-06	-0.005	-0.0002063	-0.0001824	-0.0001549	-0.0001266	-0.0000946	-0.0000613	-0.0000254	+0.0000129	+0.0000529	+0.0000948	+0.0001375	+0.0001803	+0.0002204	+0.0002594	+0.0002966	+0.0003318	+0.0003647	+0.0003947	+0.0004245	+0.0004551	+0.0004833
2014-07	0.011	-0.0003523	-0.0003127	-0.0002732	-0.0002329	-0.0001885	-0.0001414	-0.0000946	-0.0000471	+0.0000029	+0.0000529	+0.0001011	+0.0001473	+0.0001908	+0.0002294	+0.0002636	+0.0002948	+0.0003222	+0.0003476	+0.0003676	+0.0003880	+0.0004066
2014-08	0.016	-0.0002907	-0.0002642	-0.0002377	-0.0002105	-0.0001819	-0.0001505	-0.0001169	-0.0000800	-0.0000394	+0.0000030	+0.0000460	+0.0000892	+0.0001315	+0.0001708	+0.0002077	+0.0002430	+0.0002736	+0.0003025	+0.0003294	+0.0003537	+0.0003779
2014-09	0.045	-0.0002103	-0.0001839	-0.0001521	-0.0001174	-0.0000777	-0.0000325	+0.0000190	+0.0000744	+0.0001343	+0.0001989	+0.0002656	+0.0003328	+0.0003993	+0.0004628	+0.0005230	+0.0005772	+0.0006274	+0.0006742	+0.0007172	+0.0007572	+0.0007916
2014-10	0.006	-0.0002918	-0.0002066	-0.0001231	-0.0000381	+0.0000579	+0.0001569	+0.0002657	+0.0003794	+0.0004994	+0.0006236	+0.0007551	+0.0008842	+0.0010145	+0.0011362	+0.0012522	+0.0013588	+0.0014653	+0.0015597	+0.0016473	+0.0017233	+0.0017973
2014-11	0.076	-0.0006065	-0.0004774	-0.0003339	-0.0001666	+0.0000302	+0.0002391	+0.0004089	+0.0005590	+0.0007035	+0.0008399	+0.0009744	+0.0011058	+0.0012314	+0.0013497	+0.0014600	+0.0015586	+0.0016502	+0.0017344	+0.0018128	+0.0018792	+0.0019461
2014-12	0.017	-0.0007688	-0.0005464	-0.0003264	-0.0000424	+0.0002949	+0.0006431	+0.0009320	+0.0011860	+0.0014341	+0.0016809	+0.0019269	+0.0021732	+0.0024167	+0.0026413	+0.0028559	+0.0030617	+0.0032521	+0.0034271	+0.0035881	+0.0037289	+0.0038700
2015-01	-0.002	-0.0014366	-0.0012197	-0.0009727	-0.0006587	-0.0001846	+0.0003187	+0.0006811	+0.0009741	+0.0012438	+0.0015152	+0.0017864	+0.0020536	+0.0023137	+0.0025599	+0.0027947	+0.0030063	+0.0032044	+0.0033855	+0.0035566	+0.0037144	+0.0038644
2015-02	-0.003	-0.0011063	-0.0008664	-0.0005924	-0.0002788	-0.0000058	+0.0002043	+0.0004436	+0.0007061	+0.0009675	+0.0012282	+0.0015254	+0.0018132	+0.0020848	+0.0023581	+0.0026131	+0.0028505	+0.0030665	+0.0032669	+0.0034650	+0.0036454	+0.0038025
