2011-05	-0.016	-0.0066314	-0.0061513	-0.0056820	-0.0051853	-0.0046799	-0.0041534	-0.0035817	-0.0029985	-0.0023998	-0.0018001	-0.0012002	-0.0006292	-0.0001008	+0.0003731	+0.0007960	+0.0011625	+0.0014967	+0.0017906	+0.0020619	+0.0023201	+0.0025481
2011-06	0.013	-0.0068461	-0.0064328	-0.0060128	-0.0055950	-0.0050841	-0.0045836	-0.0040464	-0.0034857	-0.0029316	-0.0023731	-0.0018206	-0.0013200	-0.0008309	-0.0004029	-0.0000216	+0.0003213	+0.0006328	+0.0009222	+0.0012041	+0.0014706	+0.0017347
2011-07	-0.009	-0.0040656	-0.0038322	-0.0035698	-0.0033175	-0.0030309	-0.0027238	-0.0023990	-0.0020625	-0.0017168	-0.0013513	-0.0009892	-0.0006345	-0.0002752	+0.0000941	+0.0005103	+0.0009414	+0.0013380	+0.0017049	+0.0020517	+0.0023927	+0.0027123
2011-08	-0.088	-0.0017821	-0.0016662	-0.0015337	-0.0013971	-0.0012366	-0.0010412	-0.0008321	-0.0005969	-0.0003350	-0.0000540	+0.0002517	+0.0005603	+0.0008669	+0.0011632	+0.0014446	+0.0017079	+0.0019497	+0.0021749	+0.0023732	+0.0025699	+0.0027574
2011-09	-0.003	-0.0056751	-0.0053793	-0.0050896	-0.0047272	-0.0043360	-0.0039211	-0.0034643	-0.0029768	-0.0024633	-0.0019106	-0.0013490	-0.0007874	-0.0002586	+0.0002559	+0.0007256	+0.0011553	+0.0015485	+0.0018926	+0.0022279	+0.0025457	+0.0028399
2011-10	0.002	-0.0056742	-0.0053504	-0.0049968	-0.0046336	-0.0042262	-0.0037982	-0.0033143	-0.0028031	-0.0022586	-0.0016939	-0.0011211	-0.0005597	-0.0000203	+0.0004798	+0.0009276	+0.0013242	+0.0016972	+0.0020222	+0.0023138	+0.0025998	+0.0028473
2011-11	-0.048	-0.0058699	-0.0055625	-0.0052283	-0.0049007	-0.0045581	-0.0041648	-0.0037298	-0.0032918	-0.0028216	-0.0023127	-0.0018298	-0.0013623	-0.0009058	-0.0004743	-0.0000867	+0.0002636	+0.0006075	+0.0009402	+0.0012606	+0.0015956	+0.0019145
2011-12	0.000	-0.0041546	-0.0038990	-0.0036266	-0.0033500	-0.0030573	-0.0027428	-0.0024152	-0.0020715	-0.0017216	-0.0013672	-0.0010185	-0.0006828	-0.0003681	-0.0000530	+0.0002624	+0.0005939	+0.0009350	+0.0012653	+0.0015912	+0.0018668	+0.0021388
2012-01	0.035	-0.0025739	-0.0023976	-0.0022240	-0.0020341	-0.0018292	-0.0016121	-0.0013773	-0.0011278	-0.0008746	-0.0006102	-0.0003389	-0.0000788	+0.0001734	+0.0004133	+0.0006331	+0.0008262	+0.0010100	+0.0011800	+0.0013390	+0.0014737	+0.0016055
2012-02	0.101	-0.0024268	-0.0022532	-0.0020571	-0.0018560	-0.0016419	-0.0014049	-0.0011634	-0.0008906	-0.0006097	-0.0003234	-0.0000302	+0.0002619	+0.0005380	+0.0007987	+0.0010402	+0.0012575	+0.0014453	+0.0016291	+0.0018023	+0.0019569	+0.0020919
2012-03	0.032	-0.0011156	-0.0009245	-0.0007257	-0.0004920	-0.0002577	-0.0000020	+0.0002726	+0.0005706	+0.0008912	+0.0012235	+0.0015578	+0.0018976	+0.0022250	+0.0025462	+0.0028383	+0.0031141	+0.0033646	+0.0035992	+0.0038337	+0.0040411	+0.0042291
2012-04	-0.061	-0.0009550	-0.0006374	-0.0003433	-0.0000133	+0.0003379	+0.0006942	+0.0010738	+0.0014383	+0.0017960	+0.0021365	+0.0024643	+0.0027666	+0.0030471	+0.0033019	+0.0035361	+0.0037526	+0.0039476	+0.0041180	+0.0042774	+0.0044272	+0.0045692
2012-05	-0.111	-0.0025024	-0.0021900	-0.0018751	-0.0014978	-0.0011254	-0.0007499	-0.0003059	+0.0001556	+0.0005982	+0.0010945	+0.0015863	+0.0020343	+0.0024642	+0.0028808	+0.0032331	+0.0035135	+0.0037557	+0.0039703	+0.0041622	+0.0043290	+0.0044845
2012-06	0.068	-0.0050842	-0.0048565	-0.0045665	-0.0042766	-0.0039334	-0.0035507	-0.0031160	-0.0026511	-0.0021445	-0.0015802	-0.0010109	-0.0004299	+0.0001333	+0.0006648	+0.0011459	+0.0016298	+0.0020478	+0.0024105	+0.0027412	+0.0030780	+0.0033614
2012-07	-0.045	-0.0053039	-0.0051153	-0.0048907	-0.0046466	-0.0043664	-0.0040510	-0.0037038	-0.0033148	-0.0028825	-0.0024151	-0.0019346	-0.0014396	-0.0009370	-0.0004551	+0.0000011	+0.0004257	+0.0008348	+0.0011979	+0.0015461	+0.0018438	+0.0021967
2012-08	-0.007	-0.0053877	-0.0051636	-0.0049065	-0.0046077	-0.0042984	-0.0039414	-0.0035444	-0.0031213	-0.0026497	-0.0021371	-0.0015993	-0.0010576	-0.0005216	-0.0000079	+0.0004831	+0.0009162	+0.0013386	+0.0017298	+0.0020780	+0.0023828	+0.0026849
2012-09	0.018	-0.0035520	-0.0032899	-0.0029991	-0.0027146	-0.0024018	-0.0020764	-0.0016814	-0.0012745	-0.0008334	-0.0003744	+0.0001018	+0.0005556	+0.0009948	+0.0014034	+0.0017878	+0.0021076	+0.0024004	+0.0026587	+0.0028859	+0.0030696	+0.0032166
2012-10	0.006	-0.0027670	-0.0025368	-0.0023109	-0.0020419	-0.0017661	-0.0014530	-0.0011188	-0.0007651	-0.0003877	+0.0000132	+0.0004152	+0.0008105	+0.0011906	+0.0015441	+0.0018602	+0.0021500	+0.0024055	+0.0026473	+0.0028733	+0.0030691	+0.0032203
2012-11	0.051	-0.0028104	-0.0026196	-0.0024095	-0.0021822	-0.0019576	-0.0016906	-0.0014022	-0.0010943	-0.0007815	-0.0004470	-0.0001094	+0.0002189	+0.0005380	+0.0008445	+0.0011230	+0.0013857	+0.0016135	+0.0018235	+0.0020217	+0.0022088	+0.0023572
2012-12	0.096	-0.0019504	-0.0017920	-0.0016363	-0.0014549	-0.0012531	-0.0010406	-0.0008008	-0.0005427	-0.0002715	+0.0000007	+0.0002829	+0.0005657	+0.0008391	+0.0010951	+0.0013220	+0.0015229	+0.0017034	+0.0018594	+0.0020065	+0.0021465	+0.0022669
2013-01	0.088	-0.0014526	-0.0012293	-0.0009750	-0.0007223	-0.0004300	-0.0001337	+0.0001822	+0.0005198	+0.0008836	+0.0012539	+0.0016248	+0.0019911	+0.0023322	+0.0026615	+0.0029720	+0.0032473	+0.0034974	+0.0037252	+0.0039353	+0.0041467	+0.0043202
2013-02	0.037	-0.0013104	-0.0009177	-0.0005219	-0.0000662	+0.0004438	+0.0009929	+0.0015247	+0.0020199	+0.0024799	+0.0029088	+0.0033214	+0.0037125	+0.0040787	+0.0044159	+0.0047220	+0.0050036	+0.0052568	+0.0054962	+0.0057120	+0.0059145	+0.0060851
2013-03	0.067	-0.0010292	-0.0007763	-0.0005308	-0.0002251	+0.0002462	+0.0024130	+0.0031906	+0.0035156	+0.0037848	+0.0040508	+0.0043141	+0.0045716	+0.0048242	+0.0050644	+0.0052945	+0.0055040	+0.0056930	+0.0058687	+0.0060355	+0.0062008	+0.0063536
2013-04	0.119	-0.0009145	-0.0006478	-0.0004028	-0.0000937	+0.0003098	+0.0011981	+0.0031150	+0.0035078	+0.0038276	+0.0041150	+0.0043897	+0.0046608	+0.0049127	+0.0051546	+0.0053798	+0.0055941	+0.0057898	+0.0059630	+0.0061277	+0.0062826	+0.0064232
2013-05	-0.026	-0.0010306	-0.0006712	-0.0002710	+0.0001563	+0.0007015	+0.0017942	+0.0025391	+0.0030073	+0.0033910	+0.0037482	+0.0040891	+0.0044135	+0.0047280	+0.0050286	+0.0053195	+0.0056064	+0.0058756	+0.0061138	+0.0063353	+0.0065616	+0.0067842
2013-06	-0.001	-0.0019956	-0.0016379	-0.0011822	-0.0006194	+0.0000665	+0.0010557	+0.0018811	+0.0024819	+0.0029765	+0.0034409	+0.0038805	+0.0042955	+0.0046870	+0.0050375	+0.0053721	+0.0056799	+0.0059598	+0.0062153	+0.0064577	+0.0066930	+0.0068872
2013-07	-0.003	-0.0057775	-0.0053262	-0.0048263	-0.0041784	-0.0035716	-0.0028894	-0.0021917	-0.0014132	-0.0005782	+0.0002701	+0.0011112	+0.0019108	+0.0026700	+0.0033686	+0.0039909	+0.0045557	+0.0050458	+0.0054806	+0.0058217	+0.0061329	+0.0064126
2013-08	-0.024	-0.0061123	-0.0055284	-0.0049663	-0.0043450	-0.0036674	-0.0029686	-0.0021640	-0.0013318	-0.0004742	+0.0004234	+0.0013130	+0.0021819	+0.0029858	+0.0037389	+0.0044134	+0.0049874	+0.0054674	+0.0058909	+0.0062839	+0.0066141	+0.0069211
2013-09	0.083	-0.0066090	-0.0061850	-0.0057694	-0.0053006	-0.0048398	-0.0043043	-0.0037509	-0.0031509	-0.0025026	-0.0018106	-0.0010913	-0.0003759	+0.0003214	+0.0010008	+0.0016177	+0.0022048	+0.0027287	+0.0032278	+0.0037135	+0.0041570	+0.0045453
2013-10	-0.000	-0.0026644	-0.0024172	-0.0021528	-0.0018186	-0.0014925	-0.0011074	-0.0006907	-0.0002353	+0.0002708	+0.0008029	+0.0013514	+0.0019073	+0.0024560	+0.0029891	+0.0034798	+0.0039523	+0.0043549	+0.0047276	+0.0050421	+0.0053718	+0.0056636
2013-11	0.052	-0.0026809	-0.0024950	-0.0023023	-0.0021016	-0.0018652	-0.0016069	-0.0013293	-0.0010195	-0.0006819	-0.0003142	+0.0000628	+0.0004542	+0.0008402	+0.0012126	+0.0015677	+0.0018995	+0.0021993	+0.0024870	+0.0027585	+0.0030026	+0.0032277
2013-12	0.034	-0.0014028	-0.0012233	-0.0010436	-0.0008327	-0.0006238	-0.0003962	-0.0001372	+0.0001401	+0.0004371	+0.0007573	+0.0010842	+0.0014180	+0.0017527	+0.0020648	+0.0023574	+0.0026259	+0.0028790	+0.0031200	+0.0033285	+0.0035352	+0.0037333
2014-01	-0.066	-0.0015274	-0.0013266	-0.0010920	-0.0008198	-0.0005430	-0.0002829	-0.0000358	+0.0002134	+0.0004654	+0.0007283	+0.0010009	+0.0012745	+0.0015459	+0.0018002	+0.0020419	+0.0022662	+0.0024875	+0.0026788	+0.0028714	+0.0030556	+0.0032246
2014-02	-0.008	-0.0016219	-0.0014035	-0.0011712	-0.0009200	-0.0006635	-0.0003987	-0.0001145	+0.0001804	+0.0004835	+0.0007979	+0.0011019	+0.0013935	+0.0016642	+0.0019196	+0.0021452	+0.0023444	+0.0025244	+0.0026954	+0.0028367	+0.0029708	+0.0030918
2014-03	0.002	-0.0040357	-0.0037243	-0.0034291	-0.0030701	-0.0026982	-0.0023006	-0.0018850	-0.0014455	-0.0009769	-0.0004963	-0.0000164	+0.0004404	+0.0008753	+0.0012691	+0.0016250	+0.0019395	+0.0022145	+0.0024615	+0.0026608	+0.0028378	+0.0029964
2014-04	-0.035	-0.0044370	-0.0041814	-0.0039022	-0.0036010	-0.0032539	-0.0029130	-0.0025422	-0.0021409	-0.0016970	-0.0012417	-0.0007788	-0.0003354	+0.0000915	+0.0004855	+0.0008493	+0.0011747	+0.0014639	+0.0017221	+0.0019482	+0.0021594	+0.0023286
2014-05	0.033	-0.0045402	-0.0043097	-0.0040730	-0.0038097	-0.0035339	-0.0032386	-0.0029157	-0.0025719	-0.0022022	-0.0018246	-0.0014403	-0.0010687	-0.0007036	-0.0003568	-0.0000431	+0.0002543	+0.0005332	+0.0007941	+0.0010330	+0.0012715	+0.0014766
2014-06	0.049	-0.0021872	-0.0020433	-0.0018916	-0.0017193	-0.0015222	-0.0013189	-0.0011073	-0.0008804	-0.0006307	-0.0003794	-0.0001226	+0.0001296	+0.0003700	+0.0005955	+0.0008069	+0.0009996	+0.0011781	+0.0013403	+0.0014920	+0.0016510	+0.0017772
2014-07	0.020	-0.0012361	-0.0010917	-0.0009362	-0.0007711	-0.0005941	-0.0003950	-0.0001736	+0.0000576	+0.0003173	+0.0005895	+0.0008725	+0.0011575	+0.0014368	+0.0017039	+0.0019474	+0.0021778	+0.0023858	+0.0025740	+0.0027639	+0.0029310	+0.0030684
2014-08	-0.010	-0.0009392	-0.0007759	-0.0006036	-0.0004196	-0.0002202	-0.0000055	+0.0002260	+0.0004610	+0.0007120	+0.0009718	+0.0012389	+0.0014976	+0.0017424	+0.0019789	+0.0021939	+0.0023964	+0.0025811	+0.0027477	+0.0028935	+0.0030366	+0.0031649
2014-09	0.044	-0.0004891	-0.0003646	-0.0002323	-0.0000991	+0.0000510	+0.0002117	+0.0003913	+0.0005852	+0.0007949	+0.0010195	+0.0012513	+0.0014944	+0.0017279	+0.0019506	+0.0021598	+0.0023629	+0.0025440	+0.0027040	+0.0028696	+0.0030232	+0.0031567
2014-10	0.005	-0.0006938	-0.0005584	-0.0004181	-0.0002716	-0.0001255	+0.0000334	+0.0001964	+0.0003652	+0.0005376	+0.0007161	+0.0008928	+0.0010621	+0.0012250	+0.0013746	+0.0015116	+0.0016360	+0.0017494	+0.0018564	+0.0019497	+0.0020333	+0.0021156
2014-11	0.055	-0.0034657	-0.0032119	-0.0029314	-0.0026312	-0.0023381	-0.0020053	-0.0016482	-0.0012868	-0.0009261	-0.0005545	-0.0001875	+0.0001633	+0.0004676	+0.0007225	+0.0009444	+0.0011424	+0.0013052	+0.0014552	+0.0015883	+0.0017062	+0.0018204
2014-12	-0.001	-0.0031789	-0.0028469	-0.0024746	-0.0020687	-0.0016571	-0.0012004	-0.0007215	-0.0002204	+0.0003223	+0.0009001	+0.0014699	+0.0020710	+0.0026278	+0.0031671	+0.0037004	+0.0041559	+0.0045953	+0.0050058	+0.0053542	+0.0056910	+0.0060539
2015-01	0.005	-0.0037256	-0.0033893	-0.0030095	-0.0026399	-0.0022214	-0.0017733	-0.0012760	-0.0007473	-0.0001636	+0.0004468	+0.0010774	+0.0017164	+0.0023249	+0.0029161	+0.0034726	+0.0039695	+0.0044348	+0.0048602	+0.0052502	+0.0056363	+0.0059675
2015-02	0.001	-0.0016244	-0.0014591	-0.0012730	-0.0010579	-0.0008102	-0.0005123	-0.0001755	+0.0002268	+0.0006799	+0.0011626	+0.0016712	+0.0022067	+0.0027427	+0.0032464	+0.0037318	+0.0041873	+0.0046126	+0.0050210	+0.0053850	+0.0057258	+0.0060482
