2011-05	-0.030	-0.0013521	-0.0012094	-0.0010593	-0.0008868	-0.0006888	-0.0004924	-0.0002942	-0.0000825	+0.0001541	+0.0004312	+0.0007313	+0.0010476	+0.0013739	+0.0016933	+0.0019992	+0.0023095	+0.0026031	+0.0028629	+0.0031145	+0.0033954	+0.0036129
2011-06	0.003	-0.0017515	-0.0016290	-0.0014812	-0.0013278	-0.0011598	-0.0009656	-0.0007593	-0.0005212	-0.0002514	+0.0000469	+0.0003744	+0.0007214	+0.0010707	+0.0014246	+0.0017664	+0.0020837	+0.0023828	+0.0026746	+0.0029224	+0.0031918	+0.0034589
2011-07	-0.020	-0.0016126	-0.0014989	-0.0013676	-0.0012364	-0.0010741	-0.0008944	-0.0006996	-0.0004662	-0.0002142	+0.0000770	+0.0004011	+0.0007320	+0.0010637	+0.0014077	+0.0017423	+0.0020704	+0.0023808	+0.0026702	+0.0029414	+0.0032273	+0.0034775
2011-08	-0.022	-0.0018009	-0.0017137	-0.0016120	-0.0015034	-0.0013936	-0.0012693	-0.0011403	-0.0010026	-0.0008538	-0.0006971	-0.0005366	-0.0003790	-0.0002283	-0.0000883	+0.0000427	+0.0001599	+0.0002693	+0.0003706	+0.0004580	+0.0005376	+0.0006249
2011-09	-0.094	-0.0021473	-0.0020388	-0.0019292	-0.0018090	-0.0016841	-0.0015466	-0.0013989	-0.0012378	-0.0010684	-0.0008828	-0.0006941	-0.0005018	-0.0003091	-0.0001215	+0.0000687	+0.0002569	+0.0004457	+0.0006389	+0.0008314	+0.0010171	+0.0011578
2011-10	0.057	-0.0038594	-0.0036425	-0.0034456	-0.0032271	-0.0030025	-0.0027524	-0.0024814	-0.0022008	-0.0019115	-0.0016197	-0.0013202	-0.0010339	-0.0007713	-0.0005299	-0.0003134	-0.0001060	+0.0000919	+0.0002691	+0.0004376	+0.0005847	+0.0007423
2011-11	-0.047	-0.0047077	-0.0044623	-0.0042225	-0.0039516	-0.0036609	-0.0033626	-0.0030364	-0.0026969	-0.0023305	-0.0019495	-0.0015578	-0.0011559	-0.0007656	-0.0003861	-0.0000185	+0.0003291	+0.0006720	+0.0010103	+0.0013150	+0.0015932	+0.0018824
2011-12	-0.008	-0.0046419	-0.0043597	-0.0040877	-0.0038021	-0.0034731	-0.0031354	-0.0027679	-0.0023597	-0.0019494	-0.0015217	-0.0010871	-0.0006587	-0.0002525	+0.0001298	+0.0004711	+0.0007798	+0.0010562	+0.0012960	+0.0015133	+0.0017174	+0.0019103
2012-01	0.044	-0.0042455	-0.0039852	-0.0037025	-0.0033984	-0.0030800	-0.0027282	-0.0023516	-0.0019677	-0.0015620	-0.0011570	-0.0007457	-0.0003478	+0.0000321	+0.0003698	+0.0006711	+0.0009449	+0.0011936	+0.0014152	+0.0016213	+0.0018116	+0.0019830
2012-02	0.071	-0.0021296	-0.0019481	-0.0017540	-0.0015492	-0.0013191	-0.0010814	-0.0008297	-0.0005624	-0.0002876	-0.0000024	+0.0002833	+0.0005566	+0.0008131	+0.0010614	+0.0012875	+0.0014951	+0.0016887	+0.0018594	+0.0020199	+0.0021679	+0.0023080
2012-03	-0.006	-0.0015627	-0.0013668	-0.0011733	-0.0009444	-0.0006910	-0.0004363	-0.0001758	+0.0001045	+0.0004123	+0.0007187	+0.0010240	+0.0013222	+0.0016095	+0.0018651	+0.0021083	+0.0023293	+0.0025197	+0.0026877	+0.0028394	+0.0029842	+0.0031079
2012-04	-0.013	-0.0008291	-0.0006087	-0.0003948	-0.0001655	+0.0000657	+0.0003233	+0.0005871	+0.0008666	+0.0011415	+0.0014131	+0.0016766	+0.0019271	+0.0021539	+0.0023586	+0.0025383	+0.0026986	+0.0028314	+0.0029490	+0.0030537	+0.0031401	+0.0032061
2012-05	-0.075	-0.0016889	-0.0014562	-0.0012046	-0.0009394	-0.0006854	-0.0004087	-0.0000993	+0.0002100	+0.0005250	+0.0008473	+0.0011683	+0.0014757	+0.0017792	+0.0020483	+0.0022781	+0.0024771	+0.0026783	+0.0028480	+0.0029849	+0.0031083	+0.0031910
2012-06	0.022	-0.0027977	-0.0026532	-0.0025061	-0.0023431	-0.0021608	-0.0019436	-0.0017107	-0.0014534	-0.0011680	-0.0008671	-0.0005490	-0.0002276	+0.0000895	+0.0003865	+0.0006777	+0.0009410	+0.0011777	+0.0014057	+0.0015995	+0.0017850	+0.0019739
2012-07	0.017	-0.0029530	-0.0028411	-0.0027114	-0.0025627	-0.0024102	-0.0022402	-0.0020441	-0.0018339	-0.0016082	-0.0013675	-0.0011131	-0.0008566	-0.0005994	-0.0003507	-0.0001071	+0.0001169	+0.0003308	+0.0005410	+0.0007267	+0.0009141	+0.0010996
2012-08	-0.005	-0.0027893	-0.0026247	-0.0024545	-0.0022678	-0.0020717	-0.0018585	-0.0016282	-0.0013763	-0.0011138	-0.0008313	-0.0005401	-0.0002615	+0.0000047	+0.0002614	+0.0004994	+0.0007198	+0.0009208	+0.0010930	+0.0012596	+0.0014099	+0.0015501
2012-09	0.011	-0.0016274	-0.0014876	-0.0013255	-0.0011691	-0.0010044	-0.0008254	-0.0006328	-0.0004202	-0.0002085	+0.0000124	+0.0002306	+0.0004407	+0.0006278	+0.0007948	+0.0009411	+0.0010711	+0.0011869	+0.0012921	+0.0013804	+0.0014602	+0.0015394
2012-10	0.016	-0.0007499	-0.0006524	-0.0005518	-0.0004490	-0.0003349	-0.0002188	-0.0000950	+0.0000366	+0.0001715	+0.0003133	+0.0004562	+0.0005938	+0.0007299	+0.0008562	+0.0009784	+0.0010875	+0.0011928	+0.0012898	+0.0013742	+0.0014551	+0.0015291
2012-11	0.025	-0.0006447	-0.0005858	-0.0005291	-0.0004589	-0.0003841	-0.0003039	-0.0002169	-0.0001229	-0.0000235	+0.0000822	+0.0001909	+0.0002980	+0.0004010	+0.0004979	+0.0005885	+0.0006775	+0.0007552	+0.0008305	+0.0009034	+0.0009644	+0.0010236
2012-12	0.052	-0.0005971	-0.0005233	-0.0004495	-0.0003677	-0.0002796	-0.0001902	-0.0000870	+0.0000207	+0.0001375	+0.0002533	+0.0003778	+0.0004988	+0.0006139	+0.0007212	+0.0008200	+0.0009112	+0.0009911	+0.0010679	+0.0011348	+0.0011962	+0.0012504
2013-01	0.049	-0.0004887	-0.0003550	-0.0002143	-0.0000592	+0.0000961	+0.0002588	+0.0004205	+0.0005794	+0.0007349	+0.0008869	+0.0010380	+0.0011854	+0.0013216	+0.0014505	+0.0015729	+0.0016798	+0.0017870	+0.0018823	+0.0019683	+0.0020522	+0.0021348
2013-02	0.014	-0.0004462	-0.0002720	-0.0000956	+0.0001222	+0.0004494	+0.0008896	+0.0011689	+0.0013881	+0.0015850	+0.0017728	+0.0019588	+0.0021384	+0.0023157	+0.0024810	+0.0026396	+0.0027810	+0.0029136	+0.0030353	+0.0031504	+0.0032592	+0.0033471
2013-03	0.011	-0.0007673	-0.0005700	-0.0003770	-0.0001650	+0.0001261	+0.0010490	+0.0016496	+0.0018908	+0.0020892	+0.0022672	+0.0024350	+0.0025912	+0.0027380	+0.0028744	+0.0030004	+0.0031105	+0.0032160	+0.0033109	+0.0033966	+0.0034722	+0.0035492
2013-04	0.049	-0.0010504	-0.0008397	-0.0005996	-0.0003341	+0.0000140	+0.0004799	+0.0009320	+0.0012603	+0.0015289	+0.0017754	+0.0020100	+0.0022356	+0.0024483	+0.0026403	+0.0028133	+0.0029663	+0.0031012	+0.0032228	+0.0033385	+0.0034385	+0.0035250
2013-05	-0.023	-0.0010783	-0.0008244	-0.0005843	-0.0003213	-0.0000255	+0.0002879	+0.0005777	+0.0008501	+0.0011116	+0.0013663	+0.0016088	+0.0018468	+0.0020541	+0.0022512	+0.0024308	+0.0025891	+0.0027409	+0.0028683	+0.0029799	+0.0030999	+0.0031959
2013-06	-0.060	-0.0013428	-0.0011737	-0.0009711	-0.0007562	-0.0005329	-0.0002968	-0.0000667	+0.0001625	+0.0003894	+0.0006271	+0.0008647	+0.0011050	+0.0013365	+0.0015534	+0.0017627	+0.0019532	+0.0021330	+0.0023089	+0.0024650	+0.0026073	+0.0027428
2013-07	-0.011	-0.0046072	-0.0043712	-0.0040794	-0.0037467	-0.0033901	-0.0030292	-0.0026214	-0.0021768	-0.0017179	-0.0012305	-0.0007438	-0.0002654	+0.0001880	+0.0006145	+0.0010007	+0.0013430	+0.0016433	+0.0019180	+0.0021459	+0.0023519	+0.0025328
2013-08	-0.032	-0.0046691	-0.0043814	-0.0040446	-0.0037347	-0.0034081	-0.0030510	-0.0026491	-0.0022378	-0.0018012	-0.0013492	-0.0008881	-0.0004422	-0.0000311	+0.0003556	+0.0007075	+0.0010065	+0.0012622	+0.0014881	+0.0016849	+0.0018741	+0.0020428
2013-09	0.023	-0.0048715	-0.0046432	-0.0043877	-0.0041505	-0.0038885	-0.0036039	-0.0032940	-0.0029587	-0.0026044	-0.0022281	-0.0018521	-0.0014733	-0.0011023	-0.0007526	-0.0004295	-0.0001178	+0.0001780	+0.0004601	+0.0007095	+0.0009484	+0.0011697
2013-10	0.031	-0.0022829	-0.0021510	-0.0019983	-0.0018300	-0.0016491	-0.0014509	-0.0012280	-0.0009943	-0.0007375	-0.0004623	-0.0001705	+0.0001328	+0.0004278	+0.0007111	+0.0009846	+0.0012327	+0.0014628	+0.0016721	+0.0018727	+0.0020726	+0.0022446
2013-11	0.002	-0.0017696	-0.0016649	-0.0015438	-0.0014006	-0.0012465	-0.0010798	-0.0009004	-0.0007022	-0.0004818	-0.0002473	+0.0000024	+0.0002536	+0.0005014	+0.0007467	+0.0009679	+0.0011749	+0.0013688	+0.0015443	+0.0017155	+0.0018724	+0.0020236
2013-12	0.003	-0.0012230	-0.0011109	-0.0010039	-0.0008791	-0.0007397	-0.0005895	-0.0004298	-0.0002560	-0.0000646	+0.0001375	+0.0003498	+0.0005621	+0.0007677	+0.0009717	+0.0011666	+0.0013524	+0.0015366	+0.0016967	+0.0018516	+0.0020015	+0.0021394
2014-01	-0.039	-0.0008280	-0.0007293	-0.0006277	-0.0005129	-0.0003934	-0.0002612	-0.0001220	+0.0000163	+0.0001639	+0.0003115	+0.0004564	+0.0005933	+0.0007216	+0.0008359	+0.0009413	+0.0010313	+0.0011166	+0.0011988	+0.0012706	+0.0013412	+0.0014052
2014-02	0.019	-0.0014993	-0.0013945	-0.0012826	-0.0011602	-0.0010251	-0.0008946	-0.0007483	-0.0005900	-0.0004238	-0.0002515	-0.0000773	+0.0000914	+0.0002519	+0.0003970	+0.0005274	+0.0006456	+0.0007480	+0.0008394	+0.0009230	+0.0009969	+0.0010579
2014-03	0.027	-0.0017682	-0.0016507	-0.0015134	-0.0013662	-0.0012206	-0.0010571	-0.0008932	-0.0007096	-0.0005145	-0.0003091	-0.0001043	+0.0000976	+0.0002878	+0.0004630	+0.0006214	+0.0007610	+0.0008892	+0.0009972	+0.0010913	+0.0011765	+0.0012439
2014-04	0.008	-0.0017640	-0.0016470	-0.0015343	-0.0013997	-0.0012575	-0.0010970	-0.0009316	-0.0007507	-0.0005628	-0.0003664	-0.0001666	+0.0000254	+0.0002067	+0.0003769	+0.0005312	+0.0006699	+0.0007969	+0.0009095	+0.0010073	+0.0011012	+0.0011899
2014-05	0.009	-0.0012890	-0.0011534	-0.0010025	-0.0008598	-0.0006930	-0.0005166	-0.0003384	-0.0001416	+0.0000640	+0.0002752	+0.0004808	+0.0006832	+0.0008714	+0.0010424	+0.0011948	+0.0013253	+0.0014440	+0.0015453	+0.0016368	+0.0017197	+0.0017897
2014-06	0.001	-0.0005966	-0.0005036	-0.0004014	-0.0002652	-0.0000680	+0.0001744	+0.0003470	+0.0004816	+0.0006039	+0.0007232	+0.0008442	+0.0009625	+0.0010779	+0.0011903	+0.0012956	+0.0013919	+0.0014818	+0.0015673	+0.0016455	+0.0017138	+0.0017788
2014-07	0.008	-0.0007149	-0.0006276	-0.0005115	-0.0003662	-0.0001693	-0.0000105	+0.0001246	+0.0002426	+0.0003616	+0.0004794	+0.0006014	+0.0007267	+0.0008461	+0.0009678	+0.0010812	+0.0011860	+0.0012882	+0.0013836	+0.0014701	+0.0015456	+0.0016198
2014-08	0.008	-0.0002480	-0.0002085	-0.0001721	-0.0001315	-0.0000887	-0.0000389	+0.0000110	+0.0000645	+0.0001202	+0.0001792	+0.0002383	+0.0002975	+0.0003538	+0.0004066	+0.0004569	+0.0005022	+0.0005423	+0.0005807	+0.0006145	+0.0006458	+0.0006724
2014-09	-0.007	-0.0003223	-0.0002914	-0.0002538	-0.0002179	-0.0001752	-0.0001308	-0.0000821	-0.0000294	+0.0000255	+0.0000846	+0.0001446	+0.0002041	+0.0002643	+0.0003225	+0.0003767	+0.0004298	+0.0004806	+0.0005266	+0.0005717	+0.0006127	+0.0006519
2014-10	0.022	-0.0004607	-0.0003963	-0.0003288	-0.0002603	-0.0001881	-0.0001111	-0.0000299	+0.0000585	+0.0001481	+0.0002414	+0.0003373	+0.0004347	+0.0005295	+0.0006228	+0.0007102	+0.0007941	+0.0008714	+0.0009435	+0.0010133	+0.0010812	+0.0011403
2014-11	0.047	-0.0009144	-0.0008542	-0.0007798	-0.0006973	-0.0006106	-0.0005163	-0.0004077	-0.0002942	-0.0001714	-0.0000425	+0.0000895	+0.0002238	+0.0003519	+0.0004743	+0.0005864	+0.0006923	+0.0007869	+0.0008705	+0.0009552	+0.0010255	+0.0010962
2014-12	-0.027	-0.0008810	-0.0007581	-0.0006241	-0.0004848	-0.0003280	-0.0001600	+0.0000349	+0.0002352	+0.0004542	+0.0006857	+0.0009307	+0.0011728	+0.0014108	+0.0016365	+0.0018436	+0.0020409	+0.0022155	+0.0023758	+0.0025246	+0.0026683	+0.0028048
2015-01	-0.012	-0.0018437	-0.0017108	-0.0015585	-0.0013787	-0.0012062	-0.0010032	-0.0007776	-0.0005279	-0.0002595	+0.0000258	+0.0003279	+0.0006334	+0.0009344	+0.0012222	+0.0014842	+0.0017242	+0.0019436	+0.0021543	+0.0023495	+0.0025124	+0.0026633
2015-02	-0.007	-0.0015209	-0.0013800	-0.0012143	-0.0010349	-0.0008559	-0.0006535	-0.0004325	-0.0001905	+0.0000711	+0.0003524	+0.0006432	+0.0009332	+0.0012107	+0.0014723	+0.0017128	+0.0019324	+0.0021338	+0.0023171	+0.0024879	+0.0026334	+0.0027806
