2012-04	-0.013	-0.0005215	-0.0004912	-0.0004587	-0.0004258	-0.0003870	-0.0003491	-0.0003076	-0.0002636	-0.0002167	-0.0001674	-0.0001163	-0.0000635	-0.0000083	+0.0000472	+0.0001017	+0.0001550	+0.0002065	+0.0002537	+0.0003006	+0.0003423	+0.0003866
2012-05	0.026	-0.0008177	-0.0007843	-0.0007434	-0.0007048	-0.0006598	-0.0006092	-0.0005542	-0.0004947	-0.0004325	-0.0003642	-0.0002933	-0.0002229	-0.0001537	-0.0000857	-0.0000216	+0.0000383	+0.0000931	+0.0001456	+0.0001961	+0.0002403	+0.0002846
2012-06	-0.016	-0.0007902	-0.0007475	-0.0007021	-0.0006506	-0.0005896	-0.0005235	-0.0004431	-0.0003532	-0.0002541	-0.0001509	-0.0000370	+0.0000799	+0.0001938	+0.0003031	+0.0004048	+0.0005045	+0.0005921	+0.0006706	+0.0007475	+0.0008366	+0.0009009
2012-07	-0.007	-0.0012512	-0.0011625	-0.0010672	-0.0009634	-0.0008523	-0.0007303	-0.0005974	-0.0004591	-0.0003148	-0.0001564	+0.0000040	+0.0001632	+0.0003218	+0.0004659	+0.0006020	+0.0007284	+0.0008405	+0.0009438	+0.0010380	+0.0011282	+0.0012070
2012-08	-0.012	-0.0011256	-0.0010256	-0.0009218	-0.0008038	-0.0006843	-0.0005562	-0.0004225	-0.0002719	-0.0001155	+0.0000444	+0.0002008	+0.0003557	+0.0004999	+0.0006335	+0.0007551	+0.0008625	+0.0009607	+0.0010458	+0.0011257	+0.0011954	+0.0012627
2012-09	-0.002	-0.0016451	-0.0015595	-0.0014679	-0.0013668	-0.0012605	-0.0011335	-0.0009988	-0.0008562	-0.0007025	-0.0005413	-0.0003704	-0.0002032	-0.0000328	+0.0001244	+0.0002676	+0.0003969	+0.0005224	+0.0006328	+0.0007342	+0.0008286	+0.0009218
2012-10	-0.015	-0.0016767	-0.0015958	-0.0015179	-0.0014313	-0.0013359	-0.0012376	-0.0011240	-0.0010074	-0.0008795	-0.0007457	-0.0006085	-0.0004726	-0.0003425	-0.0002154	-0.0000946	+0.0000216	+0.0001383	+0.0002618	+0.0003787	+0.0005192	+0.0006107
2012-11	-0.004	-0.0015087	-0.0014412	-0.0013714	-0.0012970	-0.0012123	-0.0011258	-0.0010301	-0.0009283	-0.0008197	-0.0007117	-0.0005977	-0.0004844	-0.0003792	-0.0002774	-0.0001818	-0.0000926	-0.0000118	+0.0000620	+0.0001373	+0.0002273	+0.0003058
2012-12	0.010	-0.0010975	-0.0010467	-0.0009865	-0.0009251	-0.0008591	-0.0007875	-0.0007092	-0.0006247	-0.0005344	-0.0004412	-0.0003426	-0.0002469	-0.0001517	-0.0000571	+0.0000324	+0.0001194	+0.0002060	+0.0002980	+0.0003816	+0.0004680	+0.0005471
2013-01	0.009	-0.0009673	-0.0009097	-0.0008510	-0.0007887	-0.0007180	-0.0006403	-0.0005598	-0.0004728	-0.0003799	-0.0002820	-0.0001816	-0.0000785	+0.0000181	+0.0001106	+0.0001964	+0.0002772	+0.0003479	+0.0004168	+0.0004795	+0.0005340	+0.0005884
2013-02	-0.015	-0.0007595	-0.0006996	-0.0006377	-0.0005673	-0.0004950	-0.0004155	-0.0003298	-0.0002391	-0.0001430	-0.0000467	+0.0000514	+0.0001469	+0.0002343	+0.0003156	+0.0003875	+0.0004488	+0.0005023	+0.0005527	+0.0005935	+0.0006308	+0.0006636
2013-03	0.017	-0.0003086	-0.0002736	-0.0002349	-0.0001920	-0.0001473	-0.0000985	-0.0000467	+0.0000098	+0.0000686	+0.0001293	+0.0001912	+0.0002518	+0.0003090	+0.0003634	+0.0004141	+0.0004597	+0.0004997	+0.0005387	+0.0005727	+0.0006013	+0.0006279
2013-04	0.007	-0.0003637	-0.0003236	-0.0002840	-0.0002398	-0.0001931	-0.0001395	-0.0000815	-0.0000226	+0.0000418	+0.0001082	+0.0001766	+0.0002422	+0.0003046	+0.0003621	+0.0004144	+0.0004608	+0.0005037	+0.0005417	+0.0005737	+0.0006051	+0.0006315
2013-05	-0.028	-0.0003549	-0.0003180	-0.0002746	-0.0002266	-0.0001775	-0.0001238	-0.0000673	-0.0000049	+0.0000593	+0.0001259	+0.0001941	+0.0002626	+0.0003257	+0.0003840	+0.0004365	+0.0004848	+0.0005289	+0.0005655	+0.0005994	+0.0006275	+0.0006565
2013-06	-0.013	-0.0007676	-0.0007071	-0.0006413	-0.0005709	-0.0004980	-0.0004227	-0.0003418	-0.0002592	-0.0001747	-0.0000853	+0.0000042	+0.0000922	+0.0001728	+0.0002493	+0.0003174	+0.0003766	+0.0004288	+0.0004765	+0.0005186	+0.0005584	+0.0005950
2013-07	0.011	-0.0014843	-0.0014015	-0.0013091	-0.0012106	-0.0011087	-0.0010009	-0.0008788	-0.0007514	-0.0006159	-0.0004744	-0.0003324	-0.0001888	-0.0000556	+0.0000630	+0.0001749	+0.0002689	+0.0003538	+0.0004298	+0.0004952	+0.0005473	+0.0005918
2013-08	-0.012	-0.0014644	-0.0013805	-0.0012908	-0.0011859	-0.0010787	-0.0009685	-0.0008436	-0.0007069	-0.0005609	-0.0004098	-0.0002550	-0.0001014	+0.0000472	+0.0001871	+0.0003151	+0.0004355	+0.0005472	+0.0006435	+0.0007355	+0.0008256	+0.0009052
2013-09	0.016	-0.0014963	-0.0014264	-0.0013484	-0.0012626	-0.0011665	-0.0010620	-0.0009543	-0.0008310	-0.0006969	-0.0005527	-0.0004041	-0.0002508	-0.0000988	+0.0000434	+0.0001848	+0.0003129	+0.0004307	+0.0005443	+0.0006383	+0.0007351	+0.0008222
2013-10	0.010	-0.0006820	-0.0006332	-0.0005808	-0.0005235	-0.0004590	-0.0003919	-0.0003114	-0.0002212	-0.0001270	-0.0000223	+0.0000869	+0.0001974	+0.0003071	+0.0004137	+0.0005172	+0.0006121	+0.0007020	+0.0007830	+0.0008604	+0.0009277	+0.0009901
2013-11	-0.001	-0.0006242	-0.0005830	-0.0005356	-0.0004839	-0.0004253	-0.0003619	-0.0002906	-0.0002132	-0.0001303	-0.0000408	+0.0000508	+0.0001444	+0.0002344	+0.0003246	+0.0004074	+0.0004846	+0.0005575	+0.0006238	+0.0006893	+0.0007449	+0.0007979
2013-12	-0.001	-0.0005211	-0.0004780	-0.0004304	-0.0003771	-0.0003213	-0.0002578	-0.0001915	-0.0001188	-0.0000413	+0.0000401	+0.0001249	+0.0002084	+0.0002892	+0.0003663	+0.0004380	+0.0005060	+0.0005673	+0.0006232	+0.0006775	+0.0007268	+0.0007738
2014-01	-0.014	-0.0003971	-0.0003559	-0.0003143	-0.0002721	-0.0002268	-0.0001771	-0.0001231	-0.0000655	-0.0000041	+0.0000648	+0.0001365	+0.0002093	+0.0002832	+0.0003531	+0.0004200	+0.0004816	+0.0005421	+0.0005941	+0.0006436	+0.0006910	+0.0007337
2014-02	0.001	-0.0004486	-0.0004106	-0.0003730	-0.0003327	-0.0002876	-0.0002408	-0.0001914	-0.0001349	-0.0000746	-0.0000108	+0.0000555	+0.0001224	+0.0001898	+0.0002549	+0.0003167	+0.0003744	+0.0004302	+0.0004824	+0.0005305	+0.0005749	+0.0006202
2014-03	-0.006	-0.0007429	-0.0007089	-0.0006685	-0.0006273	-0.0005779	-0.0005273	-0.0004708	-0.0004097	-0.0003454	-0.0002783	-0.0002085	-0.0001376	-0.0000686	-0.0000023	+0.0000622	+0.0001226	+0.0001797	+0.0002327	+0.0002851	+0.0003331	+0.0003792
2014-04	0.001	-0.0007485	-0.0007100	-0.0006686	-0.0006240	-0.0005788	-0.0005248	-0.0004692	-0.0004093	-0.0003423	-0.0002731	-0.0002014	-0.0001314	-0.0000625	+0.0000026	+0.0000637	+0.0001202	+0.0001674	+0.0002126	+0.0002568	+0.0002946	+0.0003272
2014-05	0.014	-0.0007303	-0.0006907	-0.0006525	-0.0006101	-0.0005635	-0.0005100	-0.0004533	-0.0003902	-0.0003232	-0.0002528	-0.0001794	-0.0001068	-0.0000344	+0.0000331	+0.0000976	+0.0001573	+0.0002135	+0.0002653	+0.0003164	+0.0003635	+0.0004043
2014-06	0.006	-0.0003185	-0.0002842	-0.0002454	-0.0002056	-0.0001657	-0.0001218	-0.0000735	-0.0000243	+0.0000280	+0.0000819	+0.0001355	+0.0001888	+0.0002386	+0.0002844	+0.0003258	+0.0003619	+0.0003937	+0.0004228	+0.0004484	+0.0004715	+0.0004945
2014-07	0.007	-0.0002230	-0.0001905	-0.0001544	-0.0001130	-0.0000699	-0.0000277	+0.0000201	+0.0000716	+0.0001235	+0.0001744	+0.0002258	+0.0002751	+0.0003202	+0.0003575	+0.0003886	+0.0004148	+0.0004378	+0.0004588	+0.0004770	+0.0004937	+0.0005109
2014-08	0.005	-0.0000754	-0.0000498	-0.0000236	+0.0000046	+0.0000463	+0.0002135	+0.0002750	+0.0003076	+0.0003343	+0.0003592	+0.0003834	+0.0004058	+0.0004268	+0.0004462	+0.0004641	+0.0004803	+0.0004956	+0.0005090	+0.0005214	+0.0005331	+0.0005433
2014-09	-0.004	-0.0001543	-0.0001167	-0.0000802	-0.0000385	+0.0000163	+0.0001186	+0.0001965	+0.0002415	+0.0002793	+0.0003135	+0.0003456	+0.0003756	+0.0004033	+0.0004284	+0.0004505	+0.0004704	+0.0004878	+0.0005031	+0.0005164	+0.0005288	+0.0005404
2014-10	-0.001	-0.0002179	-0.0001818	-0.0001430	-0.0001031	-0.0000657	-0.0000248	+0.0000187	+0.0000650	+0.0001106	+0.0001578	+0.0002043	+0.0002504	+0.0002940	+0.0003330	+0.0003679	+0.0003987	+0.0004265	+0.0004524	+0.0004730	+0.0004901	+0.0005047
2014-11	0.018	-0.0002076	-0.0001848	-0.0001582	-0.0001307	-0.0001005	-0.0000675	-0.0000330	+0.0000030	+0.0000417	+0.0000835	+0.0001252	+0.0001666	+0.0002068	+0.0002438	+0.0002784	+0.0003103	+0.0003397	+0.0003655	+0.0003895	+0.0004092	+0.0004273
2014-12	-0.001	-0.0002123	-0.0001926	-0.0001683	-0.0001432	-0.0001154	-0.0000821	-0.0000465	-0.0000080	+0.0000344	+0.0000791	+0.0001264	+0.0001746	+0.0002227	+0.0002696	+0.0003151	+0.0003571	+0.0003971	+0.0004323	+0.0004673	+0.0005020	+0.0005322
2015-01	0.021	-0.0002286	-0.0001933	-0.0001548	-0.0001173	-0.0000790	-0.0000391	+0.0000045	+0.0000535	+0.0001059	+0.0001614	+0.0002209	+0.0002812	+0.0003410	+0.0003988	+0.0004536	+0.0005049	+0.0005521	+0.0005969	+0.0006391	+0.0006765	+0.0007116
2015-02	0.001	-0.0001855	-0.0001348	-0.0000874	-0.0000372	+0.0000138	+0.0000714	+0.0001304	+0.0001910	+0.0002569	+0.0003258	+0.0003963	+0.0004670	+0.0005358	+0.0005988	+0.0006581	+0.0007140	+0.0007637	+0.0008095	+0.0008499	+0.0008874	+0.0009236
