2011-05	-0.012	-0.0017908	-0.0015473	-0.0012856	-0.0010191	-0.0007301	-0.0004185	-0.0001065	+0.0002306	+0.0005766	+0.0009207	+0.0012581	+0.0015833	+0.0018914	+0.0021948	+0.0024833	+0.0027666	+0.0030264	+0.0032642	+0.0034973	+0.0037235	+0.0039185
2011-06	-0.020	-0.0017769	-0.0015992	-0.0014144	-0.0012204	-0.0009984	-0.0007781	-0.0005357	-0.0002735	+0.0000051	+0.0002970	+0.0005995	+0.0009174	+0.0012390	+0.0015588	+0.0018630	+0.0021588	+0.0024420	+0.0027135	+0.0029542	+0.0031906	+0.0034370
2011-07	-0.029	-0.0017071	-0.0015779	-0.0014416	-0.0013001	-0.0011320	-0.0009405	-0.0007353	-0.0005043	-0.0002468	+0.0000374	+0.0003499	+0.0006679	+0.0009962	+0.0013265	+0.0016495	+0.0019568	+0.0022618	+0.0025537	+0.0028264	+0.0030836	+0.0033131
2011-08	-0.083	-0.0019779	-0.0018409	-0.0017088	-0.0015691	-0.0013968	-0.0012234	-0.0010345	-0.0008302	-0.0006128	-0.0003884	-0.0001514	+0.0000836	+0.0003163	+0.0005410	+0.0007588	+0.0009604	+0.0011563	+0.0013342	+0.0015094	+0.0016728	+0.0018337
2011-09	-0.093	-0.0075458	-0.0071105	-0.0067204	-0.0062539	-0.0057565	-0.0052303	-0.0046722	-0.0040842	-0.0034625	-0.0028263	-0.0021687	-0.0015314	-0.0009192	-0.0003267	+0.0002548	+0.0007985	+0.0013249	+0.0018447	+0.0023288	+0.0027631	+0.0031992
2011-10	0.123	-0.0078785	-0.0074635	-0.0070336	-0.0065693	-0.0060907	-0.0055400	-0.0049625	-0.0043442	-0.0036835	-0.0029957	-0.0022940	-0.0015886	-0.0009191	-0.0002847	+0.0002940	+0.0008428	+0.0013395	+0.0018542	+0.0022951	+0.0027659	+0.0031777
2011-11	-0.088	-0.0083710	-0.0079951	-0.0076247	-0.0071752	-0.0067130	-0.0061800	-0.0055753	-0.0049001	-0.0041875	-0.0034275	-0.0026027	-0.0017714	-0.0009509	-0.0001518	+0.0006173	+0.0013511	+0.0020610	+0.0027047	+0.0033048	+0.0038928	+0.0043915
2011-12	0.055	-0.0058973	-0.0055289	-0.0051315	-0.0046904	-0.0042114	-0.0036696	-0.0031060	-0.0024812	-0.0018059	-0.0010858	-0.0003697	+0.0003612	+0.0010760	+0.0017458	+0.0023789	+0.0029514	+0.0034631	+0.0039606	+0.0044176	+0.0048264	+0.0052062
2012-01	0.042	-0.0051629	-0.0047695	-0.0043355	-0.0038871	-0.0034115	-0.0028769	-0.0023161	-0.0017122	-0.0010809	-0.0004282	+0.0002414	+0.0008997	+0.0015234	+0.0021285	+0.0026870	+0.0032017	+0.0036844	+0.0041114	+0.0045080	+0.0048730	+0.0052233
2012-02	0.062	-0.0028717	-0.0025207	-0.0021532	-0.0017792	-0.0013270	-0.0008805	-0.0004165	+0.0000915	+0.0006103	+0.0011451	+0.0016742	+0.0021745	+0.0026498	+0.0030965	+0.0035201	+0.0039183	+0.0042943	+0.0046461	+0.0049737	+0.0052828	+0.0055449
2012-03	0.045	-0.0018363	-0.0015301	-0.0012032	-0.0008456	-0.0004694	-0.0000797	+0.0003096	+0.0006991	+0.0010968	+0.0015091	+0.0019032	+0.0022496	+0.0025369	+0.0027916	+0.0030110	+0.0031974	+0.0033637	+0.0035155	+0.0036424	+0.0037586	+0.0038719
2012-04	0.016	-0.0001459	+0.0000147	+0.0001915	+0.0004208	+0.0007327	+0.0015580	+0.0020225	+0.0022524	+0.0024483	+0.0026342	+0.0028154	+0.0029925	+0.0031624	+0.0033162	+0.0034618	+0.0035940	+0.0037151	+0.0038288	+0.0039398	+0.0040292	+0.0041175
2012-05	-0.082	-0.0018384	-0.0014917	-0.0011095	-0.0007319	-0.0003549	+0.0000319	+0.0004534	+0.0008774	+0.0012924	+0.0017051	+0.0020924	+0.0024329	+0.0027582	+0.0030408	+0.0032682	+0.0034645	+0.0036267	+0.0037684	+0.0038938	+0.0040069	+0.0041074
2012-06	0.042	-0.0028451	-0.0026262	-0.0023605	-0.0020618	-0.0017580	-0.0014271	-0.0010676	-0.0006827	-0.0002725	+0.0001405	+0.0005552	+0.0009709	+0.0013691	+0.0017278	+0.0020509	+0.0023501	+0.0026218	+0.0028396	+0.0030337	+0.0031932	+0.0033351
2012-07	0.044	-0.0034312	-0.0032017	-0.0029501	-0.0026942	-0.0024293	-0.0021223	-0.0018091	-0.0014589	-0.0010834	-0.0006957	-0.0003073	+0.0000722	+0.0004448	+0.0007840	+0.0010978	+0.0013710	+0.0016237	+0.0018519	+0.0020588	+0.0022462	+0.0024113
2012-08	0.004	-0.0030498	-0.0027751	-0.0025026	-0.0022167	-0.0019073	-0.0015675	-0.0012037	-0.0008320	-0.0004397	-0.0000329	+0.0003746	+0.0007694	+0.0011424	+0.0014846	+0.0018010	+0.0020794	+0.0023306	+0.0025416	+0.0027428	+0.0029198	+0.0030890
2012-09	-0.012	-0.0023578	-0.0021406	-0.0019142	-0.0016429	-0.0013514	-0.0010493	-0.0007254	-0.0003980	-0.0000460	+0.0003126	+0.0006695	+0.0010070	+0.0013186	+0.0016002	+0.0018574	+0.0020957	+0.0023070	+0.0025013	+0.0026687	+0.0028236	+0.0029597
2012-10	0.025	-0.0011898	-0.0009870	-0.0007925	-0.0005326	-0.0002508	-0.0000002	+0.0002289	+0.0004489	+0.0006809	+0.0009144	+0.0011531	+0.0013915	+0.0016298	+0.0018521	+0.0020616	+0.0022583	+0.0024383	+0.0026165	+0.0027784	+0.0029260	+0.0030627
2012-11	0.035	-0.0010231	-0.0009226	-0.0008140	-0.0007054	-0.0005853	-0.0004537	-0.0003147	-0.0001566	+0.0000078	+0.0001802	+0.0003564	+0.0005352	+0.0007081	+0.0008708	+0.0010248	+0.0011661	+0.0012948	+0.0014113	+0.0015249	+0.0016290	+0.0017255
2012-12	0.084	-0.0011460	-0.0010480	-0.0009367	-0.0008220	-0.0006911	-0.0005455	-0.0003875	-0.0002147	-0.0000316	+0.0001537	+0.0003492	+0.0005450	+0.0007304	+0.0009066	+0.0010715	+0.0012246	+0.0013550	+0.0014796	+0.0015848	+0.0016908	+0.0017827
2013-01	0.086	-0.0011748	-0.0010166	-0.0008433	-0.0006611	-0.0004526	-0.0002245	+0.0000265	+0.0003052	+0.0005901	+0.0008932	+0.0012091	+0.0015125	+0.0018111	+0.0020903	+0.0023502	+0.0025799	+0.0027968	+0.0029897	+0.0031637	+0.0033286	+0.0034870
2013-02	0.017	-0.0012139	-0.0008660	-0.0004927	-0.0000636	+0.0004281	+0.0008927	+0.0013516	+0.0017689	+0.0021807	+0.0025751	+0.0029559	+0.0033248	+0.0036739	+0.0039916	+0.0042836	+0.0045491	+0.0048014	+0.0050124	+0.0052227	+0.0054142	+0.0055624
2013-03	0.037	-0.0010086	-0.0006916	-0.0003616	+0.0000145	+0.0004994	+0.0016951	+0.0025502	+0.0029443	+0.0032652	+0.0035655	+0.0038483	+0.0041159	+0.0043652	+0.0046021	+0.0048146	+0.0050070	+0.0051874	+0.0053468	+0.0054968	+0.0056323	+0.0057673
2013-04	0.099	-0.0014256	-0.0011431	-0.0008239	-0.0004522	+0.0000434	+0.0009558	+0.0018598	+0.0023101	+0.0026841	+0.0030272	+0.0033573	+0.0036782	+0.0039846	+0.0042682	+0.0045371	+0.0047728	+0.0049903	+0.0051816	+0.0053668	+0.0055359	+0.0056737
2013-05	-0.010	-0.0013450	-0.0010071	-0.0006637	-0.0002695	+0.0002946	+0.0009758	+0.0014815	+0.0018710	+0.0022243	+0.0025677	+0.0029045	+0.0032305	+0.0035427	+0.0038395	+0.0041158	+0.0043737	+0.0046116	+0.0048297	+0.0050161	+0.0052000	+0.0053848
2013-06	-0.069	-0.0018065	-0.0014720	-0.0011057	-0.0006546	-0.0000605	+0.0005883	+0.0011007	+0.0015486	+0.0019536	+0.0023446	+0.0027345	+0.0031042	+0.0034598	+0.0037913	+0.0041034	+0.0043938	+0.0046571	+0.0048922	+0.0051222	+0.0053318	+0.0055275
2013-07	0.017	-0.0068164	-0.0063455	-0.0058699	-0.0052977	-0.0046575	-0.0039857	-0.0032758	-0.0024856	-0.0016493	-0.0008067	+0.0000625	+0.0008865	+0.0016606	+0.0023530	+0.0030087	+0.0035996	+0.0040943	+0.0045106	+0.0048311	+0.0051222	+0.0053487
2013-08	-0.067	-0.0068583	-0.0063392	-0.0057418	-0.0051385	-0.0045261	-0.0038596	-0.0031274	-0.0023343	-0.0015296	-0.0007095	+0.0001426	+0.0009561	+0.0017137	+0.0023946	+0.0030403	+0.0035910	+0.0040631	+0.0044370	+0.0047446	+0.0050140	+0.0052652
2013-09	0.039	-0.0077508	-0.0073505	-0.0069524	-0.0065228	-0.0060662	-0.0055790	-0.0050462	-0.0044557	-0.0038183	-0.0031387	-0.0024359	-0.0017283	-0.0010306	-0.0003902	+0.0002046	+0.0007663	+0.0013013	+0.0018072	+0.0022242	+0.0026096	+0.0029584
2013-10	0.047	-0.0040181	-0.0037478	-0.0034828	-0.0031558	-0.0028367	-0.0024612	-0.0020325	-0.0015956	-0.0011083	-0.0005964	-0.0000667	+0.0004800	+0.0010026	+0.0015070	+0.0019788	+0.0023970	+0.0027839	+0.0031490	+0.0034625	+0.0037582	+0.0040075
2013-11	-0.005	-0.0036139	-0.0033794	-0.0030992	-0.0028041	-0.0024970	-0.0021434	-0.0017743	-0.0013926	-0.0009663	-0.0005236	-0.0000712	+0.0003703	+0.0007944	+0.0011964	+0.0015521	+0.0018733	+0.0021515	+0.0024207	+0.0026584	+0.0028657	+0.0030289
2013-12	0.017	-0.0017912	-0.0016467	-0.0014753	-0.0012854	-0.0010797	-0.0008495	-0.0006004	-0.0003300	-0.0000287	+0.0002862	+0.0006177	+0.0009508	+0.0012652	+0.0015718	+0.0018602	+0.0021337	+0.0023743	+0.0026120	+0.0028184	+0.0030118	+0.0031872
2014-01	-0.004	-0.0012671	-0.0011331	-0.0009963	-0.0008512	-0.0006871	-0.0005099	-0.0003141	-0.0001006	+0.0001312	+0.0003811	+0.0006397	+0.0009044	+0.0011558	+0.0014069	+0.0016393	+0.0018581	+0.0020615	+0.0022414	+0.0024115	+0.0025716	+0.0027230
2014-02	0.038	-0.0012291	-0.0010810	-0.0009319	-0.0007824	-0.0006236	-0.0004514	-0.0002587	-0.0000405	+0.0001899	+0.0004331	+0.0006874	+0.0009488	+0.0012069	+0.0014534	+0.0016937	+0.0019116	+0.0021137	+0.0022965	+0.0024620	+0.0026140	+0.0027764
2014-03	0.014	-0.0007693	-0.0006619	-0.0005511	-0.0004277	-0.0002948	-0.0001449	+0.0000229	+0.0002069	+0.0004115	+0.0006344	+0.0008630	+0.0010988	+0.0013281	+0.0015528	+0.0017629	+0.0019547	+0.0021319	+0.0022923	+0.0024376	+0.0025796	+0.0027105
2014-04	0.036	-0.0011940	-0.0010219	-0.0008004	-0.0005947	-0.0003837	-0.0001584	+0.0000824	+0.0003187	+0.0005769	+0.0008376	+0.0011006	+0.0013561	+0.0016037	+0.0018399	+0.0020527	+0.0022474	+0.0024199	+0.0025725	+0.0027188	+0.0028530	+0.0029689
2014-05	0.014	-0.0010157	-0.0008338	-0.0006561	-0.0004800	-0.0002991	-0.0001083	+0.0000938	+0.0003082	+0.0005346	+0.0007698	+0.0010053	+0.0012435	+0.0014691	+0.0016835	+0.0018769	+0.0020611	+0.0022338	+0.0023876	+0.0025318	+0.0026611	+0.0027710
2014-06	0.016	-0.0009708	-0.0008087	-0.0006484	-0.0004451	-0.0001498	+0.0001941	+0.0004905	+0.0007156	+0.0009192	+0.0011137	+0.0013039	+0.0014870	+0.0016622	+0.0018330	+0.0019885	+0.0021329	+0.0022715	+0.0023962	+0.0025201	+0.0026290	+0.0027357
2014-07	0.025	-0.0009381	-0.0008005	-0.0006531	-0.0004655	-0.0002426	+0.0001161	+0.0004203	+0.0006081	+0.0007760	+0.0009295	+0.0010740	+0.0012128	+0.0013479	+0.0014731	+0.0015900	+0.0016980	+0.0018016	+0.0018949	+0.0019876	+0.0020604	+0.0021342
2014-08	0.017	-0.0004064	-0.0002806	-0.0001678	-0.0000472	+0.0001051	+0.0003030	+0.0004753	+0.0006119	+0.0007368	+0.0008518	+0.0009598	+0.0010678	+0.0011774	+0.0012924	+0.0013983	+0.0014969	+0.0015899	+0.0016854	+0.0017752	+0.0018521	+0.0019267
2014-09	-0.005	-0.0003088	-0.0002288	-0.0001471	-0.0000510	+0.0000433	+0.0001454	+0.0002562	+0.0003721	+0.0004907	+0.0006192	+0.0007528	+0.0008829	+0.0010081	+0.0011282	+0.0012407	+0.0013489	+0.0014435	+0.0015336	+0.0016230	+0.0017005	+0.0017830
2014-10	0.059	-0.0010958	-0.0009428	-0.0007858	-0.0006240	-0.0004477	-0.0002702	-0.0000867	+0.0001034	+0.0002972	+0.0004969	+0.0006976	+0.0009030	+0.0011026	+0.0012900	+0.0014658	+0.0016345	+0.0017859	+0.0019288	+0.0020617	+0.0021847	+0.0023068
2014-11	0.103	-0.0013884	-0.0012369	-0.0010929	-0.0009275	-0.0007474	-0.0005661	-0.0003476	-0.0001169	+0.0001303	+0.0003952	+0.0006604	+0.0009298	+0.0011936	+0.0014428	+0.0016755	+0.0018893	+0.0020785	+0.0022614	+0.0024273	+0.0025719	+0.0027225
2014-12	0.044	-0.0019217	-0.0015412	-0.0011710	-0.0007929	-0.0004205	-0.0000330	+0.0003928	+0.0008452	+0.0013155	+0.0018218	+0.0023407	+0.0028762	+0.0033809	+0.0038687	+0.0042973	+0.0047155	+0.0051074	+0.0054652	+0.0057950	+0.0060911	+0.0063546
2015-01	0.038	-0.0022164	-0.0018079	-0.0013707	-0.0009585	-0.0004933	-0.0000317	+0.0004367	+0.0009153	+0.0014037	+0.0019089	+0.0024402	+0.0029658	+0.0034648	+0.0039433	+0.0043945	+0.0048113	+0.0051857	+0.0055293	+0.0058582	+0.0061408	+0.0063998
2015-02	-0.008	-0.0011672	-0.0009073	-0.0005873	-0.0001462	+0.0005076	+0.0015774	+0.0021784	+0.0025674	+0.0029310	+0.0033066	+0.0036807	+0.0040606	+0.0044331	+0.0047866	+0.0051076	+0.0054243	+0.0057210	+0.0059898	+0.0062434	+0.0064641	+0.0067048
