2011-05	-0.015	-0.0009569	-0.0008429	-0.0007173	-0.0005471	-0.0003227	-0.0001013	+0.0000711	+0.0002149	+0.0003560	+0.0005106	+0.0006823	+0.0008566	+0.0010362	+0.0012157	+0.0013855	+0.0015486	+0.0017128	+0.0018646	+0.0019994	+0.0021413	+0.0022757
2011-06	-0.004	-0.0011515	-0.0010475	-0.0009387	-0.0008205	-0.0006892	-0.0005557	-0.0004043	-0.0002355	-0.0000562	+0.0001342	+0.0003382	+0.0005488	+0.0007574	+0.0009665	+0.0011691	+0.0013555	+0.0015399	+0.0016983	+0.0018484	+0.0019896	+0.0021442
2011-07	-0.033	-0.0012045	-0.0011185	-0.0010206	-0.0009132	-0.0008005	-0.0006734	-0.0005301	-0.0003713	-0.0001991	-0.0000040	+0.0002028	+0.0004169	+0.0006298	+0.0008425	+0.0010523	+0.0012540	+0.0014411	+0.0016140	+0.0017730	+0.0019402	+0.0020961
2011-08	0.020	-0.0016421	-0.0015708	-0.0014916	-0.0014130	-0.0013224	-0.0012283	-0.0011222	-0.0010097	-0.0008907	-0.0007643	-0.0006289	-0.0004958	-0.0003651	-0.0002403	-0.0001264	-0.0000213	+0.0000803	+0.0001706	+0.0002522	+0.0003221	+0.0003913
2011-09	-0.031	-0.0013865	-0.0012874	-0.0011906	-0.0010878	-0.0009816	-0.0008654	-0.0007371	-0.0005978	-0.0004525	-0.0003030	-0.0001473	+0.0000026	+0.0001450	+0.0002778	+0.0004019	+0.0005110	+0.0006165	+0.0007075	+0.0007986	+0.0008767	+0.0009543
2011-10	0.025	-0.0017640	-0.0016697	-0.0015827	-0.0014874	-0.0013878	-0.0012657	-0.0011348	-0.0009978	-0.0008452	-0.0006807	-0.0005138	-0.0003470	-0.0001842	-0.0000309	+0.0001098	+0.0002384	+0.0003550	+0.0004651	+0.0005648	+0.0006512	+0.0007311
2011-11	-0.026	-0.0017238	-0.0016418	-0.0015594	-0.0014648	-0.0013414	-0.0011884	-0.0010551	-0.0008998	-0.0007176	-0.0005474	-0.0003658	-0.0001764	-0.0000072	+0.0001542	+0.0003166	+0.0004531	+0.0005804	+0.0006912	+0.0008091	+0.0009100	+0.0010187
2011-12	0.004	-0.0017744	-0.0016764	-0.0015719	-0.0014602	-0.0013430	-0.0012065	-0.0010584	-0.0009002	-0.0007331	-0.0005568	-0.0003747	-0.0001966	-0.0000212	+0.0001402	+0.0002911	+0.0004248	+0.0005489	+0.0006611	+0.0007584	+0.0008569	+0.0009437
2012-01	0.001	-0.0015960	-0.0014851	-0.0013704	-0.0012459	-0.0011162	-0.0009727	-0.0008217	-0.0006619	-0.0004973	-0.0003225	-0.0001483	+0.0000189	+0.0001782	+0.0003253	+0.0004613	+0.0005808	+0.0006871	+0.0007848	+0.0008824	+0.0009710	+0.0010602
2012-02	0.071	-0.0014198	-0.0013347	-0.0012282	-0.0011132	-0.0009934	-0.0008591	-0.0007194	-0.0005704	-0.0004066	-0.0002417	-0.0000749	+0.0000933	+0.0002520	+0.0003980	+0.0005354	+0.0006586	+0.0007696	+0.0008760	+0.0009658	+0.0010455	+0.0011234
2012-03	0.009	-0.0012176	-0.0011082	-0.0009736	-0.0008328	-0.0006804	-0.0005168	-0.0003375	-0.0001449	+0.0000645	+0.0002905	+0.0005227	+0.0007599	+0.0009964	+0.0012218	+0.0014388	+0.0016462	+0.0018396	+0.0020144	+0.0021809	+0.0023379	+0.0024871
2012-04	-0.011	-0.0009921	-0.0008223	-0.0006349	-0.0004313	-0.0002237	-0.0000030	+0.0002259	+0.0004625	+0.0007150	+0.0009828	+0.0012498	+0.0015127	+0.0017654	+0.0020036	+0.0022171	+0.0024153	+0.0026033	+0.0027731	+0.0029380	+0.0030735	+0.0032018
2012-05	-0.049	-0.0012523	-0.0010508	-0.0008499	-0.0006295	-0.0004020	-0.0001661	+0.0000903	+0.0003513	+0.0006254	+0.0009138	+0.0012012	+0.0014878	+0.0017552	+0.0019959	+0.0022210	+0.0024247	+0.0026120	+0.0027774	+0.0029266	+0.0030783	+0.0032108
2012-06	0.005	-0.0017498	-0.0016586	-0.0015522	-0.0014248	-0.0012774	-0.0010975	-0.0008908	-0.0006524	-0.0003903	-0.0001038	+0.0002058	+0.0005247	+0.0008362	+0.0011397	+0.0014355	+0.0017041	+0.0019514	+0.0021693	+0.0023853	+0.0025653	+0.0027649
2012-07	-0.005	-0.0017639	-0.0017039	-0.0016314	-0.0015563	-0.0014734	-0.0013757	-0.0012681	-0.0011485	-0.0010162	-0.0008724	-0.0007205	-0.0005623	-0.0004090	-0.0002590	-0.0001133	+0.0000194	+0.0001469	+0.0002662	+0.0003842	+0.0004955	+0.0006034
2012-08	0.017	-0.0016814	-0.0016165	-0.0015399	-0.0014575	-0.0013666	-0.0012695	-0.0011604	-0.0010475	-0.0009245	-0.0007907	-0.0006472	-0.0005005	-0.0003530	-0.0002017	-0.0000506	+0.0001150	+0.0002771	+0.0004412	+0.0005849	+0.0007183	+0.0008273
2012-09	0.007	-0.0012475	-0.0011702	-0.0010878	-0.0010050	-0.0009049	-0.0008021	-0.0006900	-0.0005697	-0.0004370	-0.0002977	-0.0001553	-0.0000144	+0.0001217	+0.0002530	+0.0003733	+0.0004843	+0.0005887	+0.0006852	+0.0007722	+0.0008531	+0.0009230
2012-10	0.027	-0.0007826	-0.0007092	-0.0006240	-0.0005353	-0.0004403	-0.0003365	-0.0002292	-0.0001162	+0.0000038	+0.0001244	+0.0002438	+0.0003594	+0.0004672	+0.0005659	+0.0006531	+0.0007339	+0.0008073	+0.0008707	+0.0009288	+0.0009804	+0.0010227
2012-11	0.040	-0.0005900	-0.0005059	-0.0004108	-0.0003122	-0.0002029	-0.0000908	+0.0000239	+0.0001412	+0.0002681	+0.0003959	+0.0005194	+0.0006361	+0.0007458	+0.0008417	+0.0009302	+0.0010066	+0.0010784	+0.0011421	+0.0012018	+0.0012560	+0.0013100
2012-12	0.064	-0.0003298	-0.0002303	-0.0001214	-0.0000001	+0.0001655	+0.0003360	+0.0004758	+0.0005924	+0.0007016	+0.0008073	+0.0009125	+0.0010147	+0.0011139	+0.0012063	+0.0012954	+0.0013793	+0.0014560	+0.0015274	+0.0015979	+0.0016586	+0.0017112
2013-01	0.050	-0.0005555	-0.0003997	-0.0002258	-0.0000201	+0.0002198	+0.0005121	+0.0007379	+0.0009317	+0.0011097	+0.0012840	+0.0014518	+0.0016150	+0.0017718	+0.0019185	+0.0020595	+0.0021849	+0.0023047	+0.0024093	+0.0025110	+0.0026088	+0.0026884
2013-02	0.001	-0.0005538	-0.0003424	-0.0001467	+0.0000986	+0.0004479	+0.0010190	+0.0014263	+0.0016934	+0.0019246	+0.0021382	+0.0023433	+0.0025386	+0.0027201	+0.0028926	+0.0030544	+0.0032009	+0.0033322	+0.0034501	+0.0035613	+0.0036616	+0.0037612
2013-03	0.012	-0.0010029	-0.0007281	-0.0004846	-0.0002335	+0.0000671	+0.0009971	+0.0017883	+0.0021083	+0.0023647	+0.0025847	+0.0027792	+0.0029558	+0.0031143	+0.0032518	+0.0033771	+0.0034981	+0.0036011	+0.0037031	+0.0037912	+0.0038749	+0.0039558
2013-04	0.066	-0.0011439	-0.0008869	-0.0006154	-0.0003088	+0.0000480	+0.0004256	+0.0008088	+0.0011564	+0.0014755	+0.0017777	+0.0020649	+0.0023337	+0.0025863	+0.0028175	+0.0030269	+0.0032032	+0.0033639	+0.0035114	+0.0036392	+0.0037552	+0.0038526
2013-05	0.012	-0.0014285	-0.0011408	-0.0008280	-0.0005176	-0.0001719	+0.0001767	+0.0005066	+0.0008318	+0.0011548	+0.0014745	+0.0017870	+0.0020901	+0.0023703	+0.0026285	+0.0028706	+0.0030983	+0.0032959	+0.0034725	+0.0036333	+0.0037766	+0.0039133
2013-06	-0.044	-0.0012795	-0.0010691	-0.0008494	-0.0005891	-0.0003362	-0.0000775	+0.0001706	+0.0004318	+0.0007050	+0.0009812	+0.0012646	+0.0015505	+0.0018250	+0.0020935	+0.0023449	+0.0025839	+0.0028041	+0.0030082	+0.0032073	+0.0033905	+0.0035573
2013-07	0.006	-0.0028000	-0.0026015	-0.0023856	-0.0021495	-0.0018810	-0.0015785	-0.0012648	-0.0009014	-0.0005317	-0.0001370	+0.0002655	+0.0006726	+0.0010702	+0.0014499	+0.0017982	+0.0021218	+0.0024276	+0.0026969	+0.0029379	+0.0031623	+0.0033714
2013-08	-0.004	-0.0027796	-0.0025658	-0.0023341	-0.0020955	-0.0018513	-0.0015885	-0.0012912	-0.0009820	-0.0006474	-0.0003074	+0.0000526	+0.0003991	+0.0007384	+0.0010550	+0.0013455	+0.0016268	+0.0018840	+0.0021165	+0.0023383	+0.0025563	+0.0027529
2013-09	0.014	-0.0029032	-0.0027348	-0.0025496	-0.0023723	-0.0021807	-0.0019713	-0.0017436	-0.0015046	-0.0012572	-0.0009949	-0.0007269	-0.0004629	-0.0002076	+0.0000286	+0.0002447	+0.0004423	+0.0006217	+0.0007852	+0.0009311	+0.0010508	+0.0011840
2013-10	0.024	-0.0013466	-0.0012247	-0.0011061	-0.0009710	-0.0008268	-0.0006769	-0.0005153	-0.0003443	-0.0001655	+0.0000210	+0.0002082	+0.0003928	+0.0005729	+0.0007369	+0.0008874	+0.0010288	+0.0011554	+0.0012676	+0.0013632	+0.0014585	+0.0015453
2013-11	0.034	-0.0009379	-0.0008540	-0.0007623	-0.0006684	-0.0005667	-0.0004589	-0.0003391	-0.0002157	-0.0000867	+0.0000462	+0.0001804	+0.0003114	+0.0004406	+0.0005594	+0.0006679	+0.0007683	+0.0008604	+0.0009456	+0.0010238	+0.0011026	+0.0011645
2013-12	0.024	-0.0001661	-0.0001014	-0.0000285	+0.0000390	+0.0001144	+0.0001935	+0.0002803	+0.0003731	+0.0004697	+0.0005717	+0.0006789	+0.0007870	+0.0008954	+0.0010020	+0.0011008	+0.0011969	+0.0012882	+0.0013721	+0.0014419	+0.0015170	+0.0015827
2014-01	-0.017	-0.0004494	-0.0003324	-0.0002091	-0.0000363	+0.0001581	+0.0003586	+0.0005298	+0.0006742	+0.0008135	+0.0009503	+0.0010891	+0.0012275	+0.0013631	+0.0014908	+0.0016146	+0.0017222	+0.0018248	+0.0019180	+0.0020068	+0.0020900	+0.0021617
2014-02	0.006	-0.0006253	-0.0004876	-0.0003329	-0.0001581	+0.0000212	+0.0002122	+0.0003942	+0.0005636	+0.0007226	+0.0008759	+0.0010301	+0.0011797	+0.0013184	+0.0014551	+0.0015800	+0.0016964	+0.0018030	+0.0018994	+0.0019877	+0.0020771	+0.0021578
2014-03	0.014	-0.0007604	-0.0006511	-0.0005319	-0.0004069	-0.0002803	-0.0001375	+0.0000125	+0.0001761	+0.0003496	+0.0005318	+0.0007178	+0.0009028	+0.0010838	+0.0012514	+0.0014099	+0.0015578	+0.0016888	+0.0018161	+0.0019266	+0.0020365	+0.0021358
2014-04	0.005	-0.0007705	-0.0006908	-0.0006084	-0.0005181	-0.0004231	-0.0003231	-0.0002159	-0.0001028	+0.0000187	+0.0001408	+0.0002653	+0.0003863	+0.0005013	+0.0006052	+0.0007009	+0.0007893	+0.0008669	+0.0009386	+0.0009992	+0.0010627	+0.0011200
2014-05	-0.005	-0.0006433	-0.0005801	-0.0005117	-0.0004375	-0.0003601	-0.0002786	-0.0001906	-0.0000963	+0.0000028	+0.0001055	+0.0002073	+0.0003036	+0.0003969	+0.0004827	+0.0005591	+0.0006285	+0.0006940	+0.0007539	+0.0008075	+0.0008577	+0.0009103
2014-06	0.003	-0.0003915	-0.0003322	-0.0002654	-0.0001988	-0.0001201	-0.0000441	+0.0000318	+0.0001048	+0.0001764	+0.0002478	+0.0003200	+0.0003915	+0.0004617	+0.0005289	+0.0005935	+0.0006561	+0.0007136	+0.0007669	+0.0008196	+0.0008692	+0.0009144
2014-07	0.009	-0.0004591	-0.0004116	-0.0003619	-0.0003007	-0.0002273	-0.0001476	-0.0000791	-0.0000205	+0.0000352	+0.0000895	+0.0001416	+0.0001930	+0.0002426	+0.0002880	+0.0003305	+0.0003706	+0.0004086	+0.0004408	+0.0004728	+0.0004982	+0.0005247
2014-08	0.015	-0.0002345	-0.0002148	-0.0001934	-0.0001692	-0.0001448	-0.0001157	-0.0000858	-0.0000533	-0.0000190	+0.0000186	+0.0000572	+0.0000968	+0.0001357	+0.0001738	+0.0002103	+0.0002440	+0.0002766	+0.0003081	+0.0003365	+0.0003637	+0.0003882
2014-09	0.028	-0.0000947	-0.0000726	-0.0000506	-0.0000241	+0.0000023	+0.0000326	+0.0000696	+0.0001110	+0.0001580	+0.0002088	+0.0002620	+0.0003186	+0.0003740	+0.0004300	+0.0004829	+0.0005318	+0.0005782	+0.0006236	+0.0006675	+0.0007042	+0.0007404
2014-10	0.001	-0.0001816	-0.0001112	-0.0000347	+0.0000407	+0.0001181	+0.0001949	+0.0002717	+0.0003546	+0.0004381	+0.0005226	+0.0006103	+0.0006965	+0.0007803	+0.0008603	+0.0009362	+0.0010069	+0.0010706	+0.0011365	+0.0011933	+0.0012435	+0.0012898
2014-11	0.081	-0.0005962	-0.0004832	-0.0003636	-0.0002493	-0.0001349	-0.0000135	+0.0001103	+0.0002360	+0.0003630	+0.0004878	+0.0006110	+0.0007250	+0.0008331	+0.0009327	+0.0010188	+0.0010983	+0.0011658	+0.0012287	+0.0012849	+0.0013343	+0.0013708
2014-12	0.010	-0.0007643	-0.0005632	-0.0003625	-0.0001324	+0.0001029	+0.0003419	+0.0005609	+0.0007928	+0.0010304	+0.0012904	+0.0015608	+0.0018260	+0.0020926	+0.0023518	+0.0025892	+0.0028274	+0.0030544	+0.0032599	+0.0034460	+0.0035975	+0.0037632
2015-01	-0.031	-0.0013827	-0.0011676	-0.0009154	-0.0005856	-0.0001947	+0.0001411	+0.0004417	+0.0007294	+0.0010155	+0.0013048	+0.0015956	+0.0018849	+0.0021691	+0.0024428	+0.0026896	+0.0029254	+0.0031507	+0.0033464	+0.0035301	+0.0036984	+0.0038652
2015-02	0.003	-0.0014594	-0.0012774	-0.0011044	-0.0008995	-0.0006812	-0.0004343	-0.0001715	+0.0001211	+0.0004305	+0.0007685	+0.0011223	+0.0014689	+0.0018045	+0.0021334	+0.0024421	+0.0027221	+0.0029842	+0.0032124	+0.0034407	+0.0036333	+0.0038275
