2014-05	0.010	-0.0014194	-0.0011756	-0.0009641	-0.0007186	-0.0004132	+0.0000306	+0.0004866	+0.0008012	+0.0010561	+0.0012816	+0.0015044	+0.0017203	+0.0019235	+0.0021179	+0.0022931	+0.0024582	+0.0026011	+0.0027303	+0.0028517	+0.0029689	+0.0030639
2014-06	0.031	-0.0011446	-0.0010024	-0.0008385	-0.0006359	-0.0003375	+0.0000611	+0.0003516	+0.0005560	+0.0007443	+0.0009255	+0.0011099	+0.0012877	+0.0014615	+0.0016256	+0.0017832	+0.0019256	+0.0020602	+0.0021868	+0.0023121	+0.0024214	+0.0025338
2014-07	0.003	-0.0007206	-0.0005765	-0.0004175	-0.0002219	-0.0000031	+0.0002343	+0.0004417	+0.0006201	+0.0007870	+0.0009443	+0.0011008	+0.0012544	+0.0013969	+0.0015293	+0.0016500	+0.0017619	+0.0018661	+0.0019575	+0.0020415	+0.0021208	+0.0021891
2014-08	0.010	-0.0005824	-0.0005038	-0.0004134	-0.0003241	-0.0002278	-0.0001280	-0.0000231	+0.0000907	+0.0002134	+0.0003456	+0.0004833	+0.0006249	+0.0007661	+0.0008993	+0.0010202	+0.0011371	+0.0012473	+0.0013461	+0.0014396	+0.0015238	+0.0016062
2014-09	-0.033	-0.0007584	-0.0006821	-0.0006035	-0.0005155	-0.0004195	-0.0003150	-0.0002024	-0.0000762	+0.0000615	+0.0002079	+0.0003645	+0.0005207	+0.0006713	+0.0008211	+0.0009622	+0.0010900	+0.0012092	+0.0013146	+0.0014168	+0.0015083	+0.0015800
2014-10	-0.001	-0.0013712	-0.0012611	-0.0011421	-0.0010200	-0.0008806	-0.0007359	-0.0005814	-0.0004134	-0.0002391	-0.0000446	+0.0001554	+0.0003579	+0.0005598	+0.0007560	+0.0009431	+0.0011257	+0.0012866	+0.0014378	+0.0015824	+0.0017175	+0.0018487
2014-11	0.045	-0.0033073	-0.0031217	-0.0029148	-0.0026944	-0.0024528	-0.0022033	-0.0019336	-0.0016471	-0.0013374	-0.0010255	-0.0006977	-0.0003843	-0.0000792	+0.0002052	+0.0004697	+0.0007106	+0.0009257	+0.0011264	+0.0013059	+0.0014732	+0.0016392
2014-12	-0.039	-0.0030698	-0.0028182	-0.0025630	-0.0022463	-0.0019377	-0.0015825	-0.0011800	-0.0007652	-0.0003160	+0.0001576	+0.0006351	+0.0011210	+0.0015931	+0.0020346	+0.0024356	+0.0028024	+0.0031376	+0.0034562	+0.0037384	+0.0039927	+0.0042227
2015-01	-0.057	-0.0040404	-0.0038707	-0.0036612	-0.0034368	-0.0031753	-0.0028687	-0.0025085	-0.0021044	-0.0016579	-0.0011734	-0.0006598	-0.0001177	+0.0004124	+0.0009255	+0.0014142	+0.0018630	+0.0022783	+0.0026541	+0.0030018	+0.0033671	+0.0036645
2015-02	-0.013	-0.0030786	-0.0028815	-0.0026725	-0.0024397	-0.0021886	-0.0018954	-0.0015713	-0.0012094	-0.0008137	-0.0003758	+0.0000989	+0.0005665	+0.0010322	+0.0014780	+0.0019002	+0.0023058	+0.0026694	+0.0029899	+0.0033040	+0.0035937	+0.0038807
