2011-05	0.006	-0.0066342	-0.0061892	-0.0057132	-0.0051941	-0.0046806	-0.0041658	-0.0035831	-0.0029759	-0.0023945	-0.0017680	-0.0011646	-0.0006038	-0.0000532	+0.0004202	+0.0008214	+0.0011683	+0.0014752	+0.0017587	+0.0020268	+0.0022869	+0.0025323
2011-06	0.001	-0.0066958	-0.0063019	-0.0058671	-0.0053687	-0.0048638	-0.0043512	-0.0037580	-0.0031773	-0.0026227	-0.0019977	-0.0014181	-0.0009076	-0.0003676	+0.0001035	+0.0004461	+0.0007469	+0.0010304	+0.0013084	+0.0016106	+0.0018573	+0.0021018
2011-07	0.001	-0.0040587	-0.0037436	-0.0034165	-0.0031089	-0.0028131	-0.0024412	-0.0020018	-0.0016276	-0.0012784	-0.0008544	-0.0003856	-0.0000595	+0.0002039	+0.0004722	+0.0007882	+0.0012213	+0.0015487	+0.0017934	+0.0020180	+0.0022668	+0.0025819
2011-08	-0.062	-0.0007412	-0.0006615	-0.0005680	-0.0004650	-0.0003502	-0.0002263	-0.0000871	+0.0000633	+0.0002260	+0.0004027	+0.0005844	+0.0007689	+0.0009469	+0.0011202	+0.0012832	+0.0014384	+0.0015784	+0.0017031	+0.0018188	+0.0019345	+0.0020338
2011-09	-0.008	-0.0041983	-0.0039294	-0.0036705	-0.0034168	-0.0031012	-0.0027528	-0.0023920	-0.0020251	-0.0016290	-0.0012119	-0.0007954	-0.0003949	-0.0000084	+0.0003471	+0.0006662	+0.0009345	+0.0011853	+0.0013968	+0.0015973	+0.0017709	+0.0019288
2011-10	-0.011	-0.0043082	-0.0040578	-0.0037843	-0.0034879	-0.0031828	-0.0028552	-0.0024981	-0.0021036	-0.0016947	-0.0012680	-0.0008453	-0.0004270	-0.0000210	+0.0003360	+0.0006677	+0.0009490	+0.0012086	+0.0014355	+0.0016501	+0.0018536	+0.0020256
2011-11	-0.038	-0.0044652	-0.0042422	-0.0039949	-0.0037557	-0.0034920	-0.0031994	-0.0028703	-0.0025369	-0.0021926	-0.0018111	-0.0014521	-0.0011151	-0.0007850	-0.0004674	-0.0002036	+0.0000369	+0.0002437	+0.0004674	+0.0007191	+0.0009482	+0.0011700
2011-12	0.008	-0.0035068	-0.0033124	-0.0030938	-0.0028864	-0.0026446	-0.0024047	-0.0021520	-0.0018853	-0.0016155	-0.0013382	-0.0010709	-0.0008166	-0.0005777	-0.0003477	-0.0001179	+0.0001329	+0.0004376	+0.0007674	+0.0010506	+0.0012679	+0.0014616
2012-01	0.006	-0.0022167	-0.0020744	-0.0019226	-0.0017671	-0.0016153	-0.0014419	-0.0012621	-0.0010706	-0.0008770	-0.0006674	-0.0004617	-0.0002574	-0.0000581	+0.0001236	+0.0002940	+0.0004483	+0.0005903	+0.0007163	+0.0008344	+0.0009485	+0.0010601
2012-02	0.079	-0.0020454	-0.0019107	-0.0017647	-0.0016018	-0.0014341	-0.0012632	-0.0010699	-0.0008644	-0.0006615	-0.0004533	-0.0002454	-0.0000425	+0.0001441	+0.0003152	+0.0004652	+0.0005984	+0.0007117	+0.0008226	+0.0009127	+0.0009974	+0.0010791
2012-03	0.043	-0.0008881	-0.0007556	-0.0006061	-0.0004483	-0.0002765	-0.0000998	+0.0000886	+0.0002890	+0.0005025	+0.0007301	+0.0009609	+0.0011937	+0.0014292	+0.0016552	+0.0018672	+0.0020668	+0.0022491	+0.0024231	+0.0026003	+0.0027490	+0.0028873
2012-04	-0.021	-0.0006163	-0.0003974	-0.0001654	+0.0000579	+0.0002892	+0.0005362	+0.0007924	+0.0010416	+0.0012937	+0.0015381	+0.0017821	+0.0020189	+0.0022376	+0.0024391	+0.0026218	+0.0027932	+0.0029486	+0.0030837	+0.0032087	+0.0033226	+0.0034132
2012-05	-0.080	-0.0010661	-0.0008179	-0.0005803	-0.0003340	-0.0000704	+0.0002027	+0.0004785	+0.0007635	+0.0010571	+0.0013416	+0.0016256	+0.0019048	+0.0021547	+0.0023873	+0.0025956	+0.0027821	+0.0029444	+0.0030818	+0.0032049	+0.0033163	+0.0034137
2012-06	0.055	-0.0034271	-0.0032050	-0.0029327	-0.0026557	-0.0023712	-0.0020481	-0.0016908	-0.0013176	-0.0009038	-0.0004800	-0.0000443	+0.0003892	+0.0007912	+0.0011801	+0.0015205	+0.0018343	+0.0021427	+0.0023740	+0.0025863	+0.0028021	+0.0029786
2012-07	-0.016	-0.0036942	-0.0034883	-0.0032847	-0.0030629	-0.0028121	-0.0025312	-0.0022385	-0.0019003	-0.0015504	-0.0011799	-0.0007986	-0.0004310	-0.0000715	+0.0002704	+0.0006026	+0.0008845	+0.0011563	+0.0014121	+0.0016328	+0.0018442	+0.0020246
2012-08	0.005	-0.0037260	-0.0035199	-0.0032747	-0.0030357	-0.0027586	-0.0024643	-0.0021368	-0.0017859	-0.0014076	-0.0010046	-0.0005841	-0.0001627	+0.0002396	+0.0006190	+0.0009799	+0.0013047	+0.0016049	+0.0018800	+0.0021331	+0.0023419	+0.0025390
2012-09	0.027	-0.0024060	-0.0022062	-0.0019922	-0.0017466	-0.0015017	-0.0012204	-0.0009317	-0.0006196	-0.0002754	+0.0000753	+0.0004298	+0.0007720	+0.0010937	+0.0013968	+0.0016699	+0.0019165	+0.0021380	+0.0023310	+0.0024934	+0.0026437	+0.0027760
2012-10	0.028	-0.0012003	-0.0010747	-0.0009268	-0.0007720	-0.0005982	-0.0004136	-0.0002066	+0.0000345	+0.0002815	+0.0005463	+0.0008187	+0.0010880	+0.0013554	+0.0016025	+0.0018304	+0.0020448	+0.0022415	+0.0024183	+0.0025873	+0.0027314	+0.0028766
2012-11	0.012	-0.0010040	-0.0009034	-0.0007865	-0.0006562	-0.0005162	-0.0003684	-0.0002026	-0.0000220	+0.0001642	+0.0003587	+0.0005636	+0.0007626	+0.0009481	+0.0011312	+0.0012925	+0.0014419	+0.0015746	+0.0016917	+0.0017953	+0.0018904	+0.0019687
2012-12	0.046	-0.0009797	-0.0008836	-0.0007676	-0.0006371	-0.0004990	-0.0003503	-0.0001902	-0.0000202	+0.0001593	+0.0003515	+0.0005439	+0.0007379	+0.0009225	+0.0010981	+0.0012532	+0.0013967	+0.0015251	+0.0016436	+0.0017517	+0.0018526	+0.0019332
2013-01	0.086	-0.0007043	-0.0005446	-0.0003692	-0.0001922	-0.0000034	+0.0001879	+0.0003955	+0.0006111	+0.0008281	+0.0010393	+0.0012458	+0.0014447	+0.0016238	+0.0017871	+0.0019288	+0.0020540	+0.0021623	+0.0022541	+0.0023432	+0.0024170	+0.0024854
2013-02	0.026	-0.0010404	-0.0007490	-0.0004499	-0.0001247	+0.0002059	+0.0005336	+0.0008668	+0.0011970	+0.0015190	+0.0018511	+0.0021611	+0.0024584	+0.0027334	+0.0029885	+0.0032230	+0.0034298	+0.0036238	+0.0037908	+0.0039388	+0.0040830	+0.0042167
2013-03	0.091	-0.0005787	-0.0003787	-0.0001631	+0.0001053	+0.0004826	+0.0013240	+0.0018851	+0.0021578	+0.0023983	+0.0026136	+0.0028272	+0.0030338	+0.0032281	+0.0034163	+0.0035922	+0.0037510	+0.0038986	+0.0040349	+0.0041615	+0.0042754	+0.0043755
2013-04	0.121	-0.0004798	-0.0002764	-0.0000663	+0.0001647	+0.0004775	+0.0011033	+0.0027138	+0.0030246	+0.0032715	+0.0034975	+0.0037074	+0.0039098	+0.0040975	+0.0042698	+0.0044250	+0.0045658	+0.0046956	+0.0048039	+0.0049018	+0.0049927	+0.0050634
2013-05	-0.011	-0.0009098	-0.0006527	-0.0003811	-0.0000217	+0.0004872	+0.0020943	+0.0027116	+0.0030467	+0.0033477	+0.0036354	+0.0039262	+0.0042144	+0.0044918	+0.0047648	+0.0050229	+0.0052687	+0.0054966	+0.0057146	+0.0059245	+0.0061218	+0.0063126
2013-06	-0.014	-0.0019221	-0.0014991	-0.0010099	-0.0004774	+0.0002181	+0.0012023	+0.0023003	+0.0029372	+0.0034423	+0.0039074	+0.0043558	+0.0047457	+0.0051011	+0.0054103	+0.0056828	+0.0059209	+0.0061292	+0.0063287	+0.0064925	+0.0066588	+0.0068054
2013-07	0.037	-0.0048569	-0.0044318	-0.0038896	-0.0033054	-0.0027333	-0.0021072	-0.0014394	-0.0006963	+0.0000859	+0.0008806	+0.0016893	+0.0024531	+0.0031797	+0.0038460	+0.0044227	+0.0049705	+0.0054511	+0.0058413	+0.0061257	+0.0063834	+0.0065866
2013-08	-0.018	-0.0053234	-0.0047481	-0.0042324	-0.0036557	-0.0030160	-0.0023252	-0.0015710	-0.0007937	+0.0000055	+0.0008623	+0.0016970	+0.0025182	+0.0032673	+0.0039891	+0.0046007	+0.0050945	+0.0056038	+0.0060459	+0.0063660	+0.0066076	+0.0068205
2013-09	0.090	-0.0052993	-0.0049355	-0.0045540	-0.0041459	-0.0037179	-0.0032430	-0.0027380	-0.0022056	-0.0016196	-0.0010283	-0.0004016	+0.0001987	+0.0007903	+0.0013770	+0.0018802	+0.0023721	+0.0028490	+0.0032549	+0.0036430	+0.0040236	+0.0043717
2013-10	0.034	-0.0013574	-0.0012044	-0.0010379	-0.0008345	-0.0005825	-0.0002811	+0.0000359	+0.0003805	+0.0007587	+0.0011726	+0.0016140	+0.0020480	+0.0024968	+0.0029231	+0.0033233	+0.0036938	+0.0040416	+0.0043699	+0.0046537	+0.0049071	+0.0051498
2013-11	0.059	-0.0013186	-0.0011495	-0.0009656	-0.0007426	-0.0005385	-0.0003034	-0.0000468	+0.0002310	+0.0005294	+0.0008355	+0.0011540	+0.0014653	+0.0017705	+0.0020651	+0.0023357	+0.0025852	+0.0028289	+0.0030372	+0.0032423	+0.0034137	+0.0035706
2013-12	0.049	-0.0006511	-0.0004169	-0.0001965	+0.0000436	+0.0003165	+0.0005988	+0.0008921	+0.0011944	+0.0014936	+0.0017889	+0.0020698	+0.0023454	+0.0025905	+0.0028179	+0.0030252	+0.0032097	+0.0033759	+0.0035273	+0.0036680	+0.0037953	+0.0039102
2014-01	0.014	-0.0013603	-0.0011205	-0.0008589	-0.0005637	-0.0001694	+0.0006573	+0.0012203	+0.0015308	+0.0017874	+0.0020313	+0.0022612	+0.0024879	+0.0026950	+0.0028951	+0.0030740	+0.0032400	+0.0033995	+0.0035500	+0.0036895	+0.0038274	+0.0039462
2014-02	-0.046	-0.0011705	-0.0009180	-0.0005909	-0.0002324	+0.0002912	+0.0008596	+0.0012938	+0.0016496	+0.0019765	+0.0022919	+0.0026012	+0.0029103	+0.0032180	+0.0035072	+0.0037829	+0.0040276	+0.0042458	+0.0044583	+0.0046543	+0.0048459	+0.0050335
2014-03	0.011	-0.0034827	-0.0031662	-0.0028525	-0.0024789	-0.0021005	-0.0016897	-0.0012267	-0.0007543	-0.0002237	+0.0003176	+0.0008745	+0.0014229	+0.0019455	+0.0024341	+0.0028848	+0.0032896	+0.0036713	+0.0040047	+0.0043027	+0.0045833	+0.0048277
2014-04	-0.042	-0.0039004	-0.0036491	-0.0033792	-0.0030880	-0.0027634	-0.0024089	-0.0020004	-0.0015573	-0.0010658	-0.0005362	+0.0000102	+0.0005657	+0.0010992	+0.0016060	+0.0020831	+0.0025148	+0.0029296	+0.0033121	+0.0036440	+0.0039435	+0.0042553
2014-05	0.020	-0.0042154	-0.0040400	-0.0038397	-0.0036210	-0.0033951	-0.0031380	-0.0028767	-0.0025905	-0.0022852	-0.0019660	-0.0016380	-0.0013118	-0.0010013	-0.0007019	-0.0004232	-0.0001688	+0.0000696	+0.0002991	+0.0005181	+0.0007144	+0.0009151
2014-06	0.088	-0.0023827	-0.0022466	-0.0021052	-0.0019405	-0.0017740	-0.0015956	-0.0013954	-0.0011848	-0.0009602	-0.0007216	-0.0004816	-0.0002406	-0.0000107	+0.0002066	+0.0004098	+0.0005996	+0.0007738	+0.0009426	+0.0010946	+0.0012338	+0.0013729
2014-07	0.054	-0.0015825	-0.0014212	-0.0012580	-0.0010696	-0.0008661	-0.0006272	-0.0003599	-0.0000569	+0.0002684	+0.0006154	+0.0009850	+0.0013530	+0.0017202	+0.0020767	+0.0024155	+0.0027096	+0.0030065	+0.0032738	+0.0035111	+0.0037301	+0.0039133
2014-08	0.054	-0.0008973	-0.0006609	-0.0004038	-0.0001282	+0.0001531	+0.0004627	+0.0007919	+0.0011216	+0.0014754	+0.0018289	+0.0021905	+0.0025368	+0.0028558	+0.0031506	+0.0034173	+0.0036648	+0.0038755	+0.0040612	+0.0042234	+0.0043806	+0.0045033
2014-09	0.021	-0.0000989	+0.0001262	+0.0003279	+0.0005991	+0.0009871	+0.0017185	+0.0021575	+0.0024197	+0.0026520	+0.0028760	+0.0030881	+0.0032952	+0.0034934	+0.0036775	+0.0038506	+0.0040071	+0.0041508	+0.0042840	+0.0044102	+0.0045170	+0.0046242
2014-10	0.003	-0.0010632	-0.0008773	-0.0006935	-0.0004346	-0.0000718	+0.0011331	+0.0015673	+0.0018106	+0.0020240	+0.0022238	+0.0024219	+0.0026103	+0.0027925	+0.0029620	+0.0031180	+0.0032621	+0.0033915	+0.0035139	+0.0036324	+0.0037296	+0.0038271
2014-11	0.023	-0.0017211	-0.0014971	-0.0012548	-0.0010024	-0.0007504	-0.0004647	-0.0001838	+0.0001102	+0.0004109	+0.0007219	+0.0010245	+0.0013223	+0.0015874	+0.0018246	+0.0020301	+0.0022119	+0.0023699	+0.0025064	+0.0026336	+0.0027526	+0.0028657
2014-12	0.017	-0.0018040	-0.0015987	-0.0013700	-0.0011163	-0.0008287	-0.0005401	-0.0002517	+0.0000720	+0.0004023	+0.0007418	+0.0010847	+0.0014214	+0.0017494	+0.0020533	+0.0023492	+0.0026174	+0.0028461	+0.0030589	+0.0032570	+0.0034546	+0.0036528
2015-01	0.037	-0.0018107	-0.0016087	-0.0014012	-0.0011746	-0.0009479	-0.0006940	-0.0004185	-0.0001310	+0.0001721	+0.0004882	+0.0008208	+0.0011364	+0.0014465	+0.0017477	+0.0020344	+0.0022981	+0.0025314	+0.0027560	+0.0029850	+0.0031695	+0.0033642
2015-02	-0.019	-0.0003780	-0.0002322	-0.0000680	+0.0000840	+0.0002576	+0.0004301	+0.0006122	+0.0008069	+0.0010182	+0.0012430	+0.0014862	+0.0017282	+0.0019748	+0.0022112	+0.0024417	+0.0026567	+0.0028713	+0.0030615	+0.0032450	+0.0034240	+0.0035864
