2011-09	-0.056	-0.0048180	-0.0046750	-0.0045158	-0.0043478	-0.0041694	-0.0039586	-0.0037107	-0.0034487	-0.0031632	-0.0028438	-0.0025144	-0.0021648	-0.0018058	-0.0014310	-0.0010138	-0.0005161	+0.0000182	+0.0005006	+0.0008597	+0.0011994	+0.0014873
2011-10	0.042	-0.0043936	-0.0042516	-0.0040806	-0.0039121	-0.0037199	-0.0035265	-0.0033032	-0.0030549	-0.0027856	-0.0024975	-0.0021965	-0.0018892	-0.0015796	-0.0012654	-0.0009368	-0.0005677	-0.0001700	+0.0002473	+0.0006253	+0.0009477	+0.0012173
2011-11	-0.042	-0.0047509	-0.0046269	-0.0044796	-0.0043062	-0.0041167	-0.0038909	-0.0036406	-0.0033593	-0.0030345	-0.0026857	-0.0022909	-0.0018859	-0.0014508	-0.0010040	-0.0005233	-0.0000130	+0.0005097	+0.0009746	+0.0013961	+0.0018067	+0.0022189
2011-12	-0.007	-0.0037214	-0.0035331	-0.0033311	-0.0031047	-0.0028582	-0.0025920	-0.0022928	-0.0019623	-0.0016108	-0.0012400	-0.0008493	-0.0004590	-0.0000705	+0.0003118	+0.0006643	+0.0009990	+0.0012980	+0.0015893	+0.0018380	+0.0020563	+0.0022978
2012-01	0.041	-0.0035134	-0.0033190	-0.0031073	-0.0028785	-0.0026413	-0.0023832	-0.0020907	-0.0017865	-0.0014456	-0.0010910	-0.0007272	-0.0003559	+0.0000154	+0.0003647	+0.0006887	+0.0009939	+0.0012955	+0.0015570	+0.0018044	+0.0020349	+0.0022452
2012-02	0.084	-0.0018931	-0.0017448	-0.0015977	-0.0014417	-0.0012621	-0.0010652	-0.0008361	-0.0005890	-0.0003201	-0.0000265	+0.0002725	+0.0005719	+0.0008754	+0.0011686	+0.0014402	+0.0016926	+0.0019421	+0.0021577	+0.0023538	+0.0025709	+0.0027456
2012-03	0.013	-0.0016876	-0.0015270	-0.0013494	-0.0011441	-0.0009226	-0.0006787	-0.0004036	-0.0000992	+0.0002247	+0.0005694	+0.0009226	+0.0012817	+0.0016365	+0.0019609	+0.0022731	+0.0025615	+0.0028276	+0.0030556	+0.0032679	+0.0034616	+0.0036438
2012-04	-0.030	-0.0007829	-0.0005221	-0.0002593	+0.0000328	+0.0003283	+0.0006412	+0.0009656	+0.0012873	+0.0016011	+0.0019177	+0.0022157	+0.0024865	+0.0027429	+0.0029765	+0.0031880	+0.0033725	+0.0035284	+0.0036778	+0.0038038	+0.0039093	+0.0040007
2012-05	-0.066	-0.0021708	-0.0018190	-0.0015003	-0.0011640	-0.0007923	-0.0004149	-0.0000485	+0.0003667	+0.0007904	+0.0011934	+0.0016082	+0.0020144	+0.0023693	+0.0026988	+0.0029949	+0.0032566	+0.0034668	+0.0036298	+0.0037690	+0.0039008	+0.0040028
2012-06	0.016	-0.0029430	-0.0028185	-0.0026763	-0.0025026	-0.0022840	-0.0020223	-0.0017369	-0.0014319	-0.0010837	-0.0006944	-0.0002871	+0.0001191	+0.0005289	+0.0009178	+0.0012871	+0.0016269	+0.0019428	+0.0022373	+0.0024855	+0.0027189	+0.0029469
2012-07	0.008	-0.0031140	-0.0030101	-0.0028973	-0.0027651	-0.0026203	-0.0024602	-0.0022766	-0.0020691	-0.0018371	-0.0015882	-0.0013249	-0.0010538	-0.0007772	-0.0005053	-0.0002548	-0.0000126	+0.0002207	+0.0004315	+0.0006208	+0.0008287	+0.0010101
2012-08	0.018	-0.0028202	-0.0026891	-0.0025454	-0.0023846	-0.0022045	-0.0020082	-0.0017986	-0.0015702	-0.0013231	-0.0010639	-0.0007953	-0.0005249	-0.0002645	-0.0000148	+0.0002217	+0.0004414	+0.0006385	+0.0008212	+0.0009836	+0.0011344	+0.0013038
2012-09	0.017	-0.0018659	-0.0017083	-0.0015311	-0.0013576	-0.0011706	-0.0009760	-0.0007615	-0.0005279	-0.0002851	-0.0000416	+0.0002008	+0.0004315	+0.0006384	+0.0008181	+0.0009734	+0.0011110	+0.0012317	+0.0013376	+0.0014359	+0.0015233	+0.0016001
2012-10	0.025	-0.0005237	-0.0004144	-0.0002872	-0.0001580	-0.0000327	+0.0001014	+0.0002371	+0.0003749	+0.0005153	+0.0006545	+0.0007926	+0.0009295	+0.0010602	+0.0011802	+0.0012918	+0.0013943	+0.0014882	+0.0015718	+0.0016487	+0.0017212	+0.0017849
2012-11	0.028	-0.0005575	-0.0004405	-0.0003178	-0.0001935	-0.0000582	+0.0000774	+0.0002174	+0.0003584	+0.0005018	+0.0006442	+0.0007891	+0.0009257	+0.0010571	+0.0011769	+0.0012831	+0.0013832	+0.0014724	+0.0015510	+0.0016250	+0.0016940	+0.0017486
2012-12	0.059	-0.0006288	-0.0005104	-0.0003658	-0.0002165	-0.0000420	+0.0001483	+0.0003272	+0.0004843	+0.0006287	+0.0007642	+0.0008935	+0.0010153	+0.0011288	+0.0012315	+0.0013239	+0.0014055	+0.0014800	+0.0015466	+0.0016071	+0.0016579	+0.0017128
2013-01	0.079	-0.0005154	-0.0003606	-0.0002001	-0.0000189	+0.0001939	+0.0004171	+0.0006406	+0.0008358	+0.0010149	+0.0011813	+0.0013435	+0.0014996	+0.0016476	+0.0017914	+0.0019223	+0.0020417	+0.0021523	+0.0022549	+0.0023545	+0.0024473	+0.0025392
2013-02	-0.002	-0.0008626	-0.0006194	-0.0003609	-0.0000358	+0.0004281	+0.0009450	+0.0012850	+0.0015879	+0.0018657	+0.0021371	+0.0024124	+0.0026799	+0.0029424	+0.0031913	+0.0034221	+0.0036346	+0.0038323	+0.0040186	+0.0041903	+0.0043501	+0.0044803
2013-03	0.025	-0.0011300	-0.0008277	-0.0005694	-0.0002587	+0.0001693	+0.0011439	+0.0018859	+0.0022429	+0.0025347	+0.0027986	+0.0030482	+0.0032864	+0.0035017	+0.0037077	+0.0038965	+0.0040729	+0.0042320	+0.0043768	+0.0045030	+0.0046341	+0.0047401
2013-04	0.044	-0.0013183	-0.0010048	-0.0006749	-0.0003350	+0.0001119	+0.0006228	+0.0010995	+0.0015182	+0.0018906	+0.0022314	+0.0025621	+0.0028749	+0.0031699	+0.0034411	+0.0036783	+0.0039005	+0.0040967	+0.0042748	+0.0044347	+0.0045848	+0.0047094
2013-05	0.032	-0.0011413	-0.0009074	-0.0006501	-0.0003912	-0.0001081	+0.0001989	+0.0004934	+0.0007858	+0.0010775	+0.0013596	+0.0016287	+0.0018838	+0.0021185	+0.0023289	+0.0025252	+0.0026982	+0.0028468	+0.0029810	+0.0030954	+0.0032047	+0.0033106
2013-06	-0.042	-0.0009649	-0.0007567	-0.0005624	-0.0003447	-0.0001175	+0.0001235	+0.0003642	+0.0006047	+0.0008513	+0.0011003	+0.0013419	+0.0015730	+0.0017847	+0.0019837	+0.0021603	+0.0023237	+0.0024622	+0.0025928	+0.0027078	+0.0028191	+0.0029127
2013-07	0.011	-0.0029404	-0.0026987	-0.0024487	-0.0021843	-0.0018868	-0.0015734	-0.0012424	-0.0008877	-0.0005098	-0.0001114	+0.0002793	+0.0006614	+0.0010192	+0.0013568	+0.0016638	+0.0019280	+0.0021658	+0.0023657	+0.0025453	+0.0026892	+0.0028181
2013-08	0.003	-0.0028272	-0.0025799	-0.0023155	-0.0020416	-0.0017470	-0.0014414	-0.0010944	-0.0007372	-0.0003644	+0.0000267	+0.0004182	+0.0007973	+0.0011466	+0.0014658	+0.0017671	+0.0020258	+0.0022514	+0.0024449	+0.0026162	+0.0027621	+0.0028910
2013-09	0.011	-0.0029566	-0.0027503	-0.0025475	-0.0023379	-0.0021127	-0.0018580	-0.0015914	-0.0013150	-0.0010266	-0.0007264	-0.0004206	-0.0001150	+0.0001743	+0.0004413	+0.0006771	+0.0009072	+0.0011115	+0.0013041	+0.0014634	+0.0016109	+0.0017568
2013-10	0.011	-0.0012417	-0.0011130	-0.0009764	-0.0008314	-0.0006721	-0.0005089	-0.0003391	-0.0001596	+0.0000394	+0.0002379	+0.0004417	+0.0006421	+0.0008346	+0.0010200	+0.0011919	+0.0013476	+0.0014869	+0.0016211	+0.0017366	+0.0018393	+0.0019474
2013-11	0.030	-0.0008760	-0.0008014	-0.0007269	-0.0006445	-0.0005572	-0.0004569	-0.0003551	-0.0002402	-0.0001192	+0.0000104	+0.0001436	+0.0002779	+0.0004076	+0.0005293	+0.0006435	+0.0007481	+0.0008427	+0.0009312	+0.0010090	+0.0010800	+0.0011536
2013-12	0.025	-0.0004151	-0.0003444	-0.0002621	-0.0001772	-0.0000849	+0.0000120	+0.0001142	+0.0002235	+0.0003368	+0.0004559	+0.0005761	+0.0006941	+0.0008080	+0.0009122	+0.0010043	+0.0010905	+0.0011694	+0.0012370	+0.0012995	+0.0013558	+0.0014050
2014-01	-0.019	-0.0005567	-0.0004523	-0.0003319	-0.0002082	-0.0000872	+0.0000430	+0.0001772	+0.0003107	+0.0004482	+0.0005830	+0.0007124	+0.0008364	+0.0009541	+0.0010633	+0.0011610	+0.0012514	+0.0013310	+0.0013971	+0.0014571	+0.0015136	+0.0015663
2014-02	0.023	-0.0005774	-0.0004464	-0.0003114	-0.0001705	+0.0000031	+0.0002067	+0.0004372	+0.0006059	+0.0007502	+0.0008809	+0.0009986	+0.0011079	+0.0012046	+0.0012908	+0.0013671	+0.0014342	+0.0014956	+0.0015517	+0.0016009	+0.0016467	+0.0016915
2014-03	-0.002	-0.0007429	-0.0006327	-0.0005085	-0.0003840	-0.0002499	-0.0001142	+0.0000459	+0.0002136	+0.0003760	+0.0005493	+0.0007350	+0.0009027	+0.0010574	+0.0012097	+0.0013437	+0.0014484	+0.0015333	+0.0016058	+0.0016728	+0.0017320	+0.0017829
2014-04	-0.000	-0.0009865	-0.0008854	-0.0007850	-0.0006729	-0.0005552	-0.0004227	-0.0002816	-0.0001319	+0.0000323	+0.0002017	+0.0003817	+0.0005487	+0.0007143	+0.0008687	+0.0010024	+0.0011222	+0.0012392	+0.0013389	+0.0014222	+0.0014987	+0.0015642
2014-05	-0.000	-0.0009800	-0.0009148	-0.0008459	-0.0007690	-0.0006789	-0.0005833	-0.0004817	-0.0003716	-0.0002484	-0.0001158	+0.0000243	+0.0001658	+0.0003071	+0.0004448	+0.0005714	+0.0006929	+0.0008055	+0.0009086	+0.0010064	+0.0010952	+0.0011797
2014-06	0.004	-0.0005642	-0.0005266	-0.0004777	-0.0004271	-0.0003695	-0.0003072	-0.0002360	-0.0001582	-0.0000709	+0.0000257	+0.0001340	+0.0002461	+0.0003632	+0.0004727	+0.0005801	+0.0006869	+0.0007809	+0.0008776	+0.0009631	+0.0010535	+0.0011323
2014-07	0.000	-0.0004842	-0.0004409	-0.0003984	-0.0003522	-0.0002992	-0.0002427	-0.0001812	-0.0001143	-0.0000430	+0.0000314	+0.0001042	+0.0001768	+0.0002463	+0.0003126	+0.0003736	+0.0004292	+0.0004817	+0.0005296	+0.0005727	+0.0006153	+0.0006569
2014-08	0.007	-0.0006101	-0.0005723	-0.0005280	-0.0004859	-0.0004334	-0.0003778	-0.0003147	-0.0002494	-0.0001769	-0.0000993	-0.0000199	+0.0000615	+0.0001390	+0.0002139	+0.0002863	+0.0003522	+0.0004132	+0.0004672	+0.0005182	+0.0005634	+0.0006083
2014-09	0.024	-0.0004415	-0.0004066	-0.0003633	-0.0003175	-0.0002645	-0.0002076	-0.0001468	-0.0000811	-0.0000113	+0.0000628	+0.0001416	+0.0002205	+0.0002978	+0.0003734	+0.0004405	+0.0005020	+0.0005590	+0.0006133	+0.0006629	+0.0007046	+0.0007466
2014-10	-0.009	-0.0005137	-0.0004616	-0.0004026	-0.0003410	-0.0002633	-0.0001806	-0.0000900	+0.0000103	+0.0001184	+0.0002354	+0.0003560	+0.0004785	+0.0005968	+0.0007117	+0.0008209	+0.0009202	+0.0010122	+0.0011014	+0.0011799	+0.0012536	+0.0013175
2014-11	0.063	-0.0013740	-0.0012690	-0.0011414	-0.0010142	-0.0008677	-0.0007147	-0.0005577	-0.0003882	-0.0002070	-0.0000275	+0.0001529	+0.0003245	+0.0004866	+0.0006322	+0.0007629	+0.0008828	+0.0009887	+0.0010867	+0.0011801	+0.0012581	+0.0013296
2014-12	0.007	-0.0012902	-0.0011021	-0.0008981	-0.0006838	-0.0004566	-0.0002123	+0.0000416	+0.0003117	+0.0006011	+0.0009124	+0.0012224	+0.0015369	+0.0018417	+0.0021221	+0.0024122	+0.0026565	+0.0028784	+0.0031136	+0.0032919	+0.0034419	+0.0036043
2015-01	-0.019	-0.0018705	-0.0016442	-0.0014115	-0.0011786	-0.0009374	-0.0006716	-0.0004001	-0.0001088	+0.0002093	+0.0005427	+0.0008909	+0.0012302	+0.0015656	+0.0018843	+0.0021815	+0.0024626	+0.0027174	+0.0029447	+0.0031494	+0.0033567	+0.0035495
2015-02	-0.001	-0.0011978	-0.0010817	-0.0009725	-0.0008418	-0.0006943	-0.0005045	-0.0002898	-0.0000268	+0.0002483	+0.0005397	+0.0008652	+0.0012077	+0.0015187	+0.0018364	+0.0021391	+0.0024227	+0.0026640	+0.0029123	+0.0031387	+0.0033532	+0.0035256
