2011-12	-0.097	-0.0078000	-0.0075011	-0.0071418	-0.0067306	-0.0062911	-0.0057982	-0.0052589	-0.0046659	-0.0040267	-0.0033501	-0.0026517	-0.0019763	-0.0013128	-0.0006949	-0.0001256	+0.0003999	+0.0008504	+0.0012819	+0.0016569	+0.0019946	+0.0023068
2012-01	0.147	-0.0076044	-0.0072837	-0.0069648	-0.0066192	-0.0062386	-0.0058401	-0.0054025	-0.0049179	-0.0044075	-0.0038537	-0.0032758	-0.0026933	-0.0021062	-0.0015272	-0.0009894	-0.0004830	+0.0000055	+0.0004743	+0.0009278	+0.0013446	+0.0017416
2012-02	0.118	-0.0069913	-0.0066477	-0.0062881	-0.0058375	-0.0053421	-0.0048037	-0.0042153	-0.0035254	-0.0027496	-0.0019491	-0.0011090	-0.0002518	+0.0005989	+0.0013802	+0.0021201	+0.0028251	+0.0034660	+0.0040892	+0.0046454	+0.0051553	+0.0056810
2012-03	-0.017	-0.0061190	-0.0056428	-0.0051155	-0.0044971	-0.0038682	-0.0031735	-0.0023934	-0.0015173	-0.0006079	+0.0003687	+0.0013551	+0.0023422	+0.0032702	+0.0041729	+0.0049900	+0.0056981	+0.0063186	+0.0069067	+0.0075127	+0.0080285	+0.0084145
2012-04	-0.045	-0.0034754	-0.0029908	-0.0024661	-0.0019237	-0.0013483	-0.0007147	-0.0000080	+0.0007447	+0.0015217	+0.0023021	+0.0031048	+0.0038743	+0.0046010	+0.0052856	+0.0058806	+0.0064219	+0.0069071	+0.0073301	+0.0076982	+0.0080390	+0.0083697
2012-05	-0.138	-0.0040910	-0.0035063	-0.0027914	-0.0021187	-0.0014674	-0.0008087	-0.0001559	+0.0005159	+0.0011843	+0.0018583	+0.0025495	+0.0032316	+0.0038954	+0.0045382	+0.0051308	+0.0056537	+0.0061544	+0.0066392	+0.0070440	+0.0073963	+0.0076847
2012-06	0.035	-0.0068470	-0.0065212	-0.0061647	-0.0057773	-0.0053477	-0.0048936	-0.0043919	-0.0038541	-0.0032751	-0.0026718	-0.0020618	-0.0014411	-0.0008676	-0.0003265	+0.0001708	+0.0006154	+0.0010356	+0.0013990	+0.0017424	+0.0020202	+0.0022893
2012-07	0.012	-0.0069385	-0.0066398	-0.0063223	-0.0059900	-0.0056099	-0.0052101	-0.0047533	-0.0042661	-0.0037433	-0.0031852	-0.0026224	-0.0020565	-0.0015078	-0.0009921	-0.0005015	-0.0000366	+0.0003973	+0.0008051	+0.0012131	+0.0015907	+0.0019760
2012-08	0.024	-0.0069963	-0.0066250	-0.0062587	-0.0058419	-0.0054222	-0.0049471	-0.0044164	-0.0038289	-0.0032172	-0.0025609	-0.0018862	-0.0012161	-0.0005767	+0.0000472	+0.0006173	+0.0011271	+0.0015945	+0.0020266	+0.0023946	+0.0027717	+0.0030475
2012-09	0.105	-0.0035158	-0.0032192	-0.0028823	-0.0025683	-0.0022260	-0.0018408	-0.0014417	-0.0010203	-0.0005694	-0.0000941	+0.0003738	+0.0008282	+0.0012487	+0.0016307	+0.0019609	+0.0022554	+0.0025022	+0.0027326	+0.0029285	+0.0031089	+0.0032544
2012-10	0.015	-0.0015110	-0.0012919	-0.0010436	-0.0007895	-0.0005153	-0.0002132	+0.0001077	+0.0004490	+0.0008028	+0.0011830	+0.0015679	+0.0019518	+0.0023252	+0.0026637	+0.0029784	+0.0032733	+0.0035358	+0.0037769	+0.0039862	+0.0041830	+0.0043706
2012-11	0.070	-0.0022100	-0.0019113	-0.0015852	-0.0012451	-0.0008792	-0.0004767	-0.0000801	+0.0003471	+0.0008055	+0.0012779	+0.0017603	+0.0022515	+0.0027416	+0.0032116	+0.0036488	+0.0040595	+0.0044382	+0.0047925	+0.0051147	+0.0054165	+0.0056931
2012-12	0.053	-0.0020750	-0.0017313	-0.0013102	-0.0008322	-0.0004091	-0.0000621	+0.0002888	+0.0006748	+0.0010782	+0.0015065	+0.0019442	+0.0023927	+0.0028430	+0.0032654	+0.0036724	+0.0040473	+0.0043958	+0.0047345	+0.0050431	+0.0053392	+0.0056168
2013-01	0.080	-0.0019588	-0.0015599	-0.0011094	-0.0006196	-0.0000640	+0.0004931	+0.0009839	+0.0014742	+0.0019356	+0.0023907	+0.0028521	+0.0032945	+0.0037209	+0.0041225	+0.0044924	+0.0048392	+0.0051600	+0.0054478	+0.0057014	+0.0059381	+0.0061792
2013-02	-0.047	-0.0016199	-0.0013086	-0.0009195	-0.0004833	-0.0000255	+0.0004699	+0.0008958	+0.0013063	+0.0017344	+0.0021314	+0.0025360	+0.0029193	+0.0032653	+0.0036064	+0.0039055	+0.0041655	+0.0043953	+0.0046143	+0.0048378	+0.0049902	+0.0051253
2013-03	-0.018	-0.0019323	-0.0014955	-0.0010682	-0.0005885	-0.0000769	+0.0005086	+0.0011065	+0.0016501	+0.0021324	+0.0025685	+0.0029626	+0.0033332	+0.0036585	+0.0039508	+0.0042137	+0.0044315	+0.0046267	+0.0048005	+0.0049552	+0.0050766	+0.0051816
2013-04	0.058	-0.0024557	-0.0021891	-0.0018912	-0.0016084	-0.0013015	-0.0009599	-0.0006004	-0.0001986	+0.0002261	+0.0006762	+0.0011191	+0.0015626	+0.0019856	+0.0023807	+0.0027402	+0.0030732	+0.0033814	+0.0036491	+0.0039135	+0.0041366	+0.0043285
2013-05	0.038	-0.0029738	-0.0027423	-0.0025167	-0.0022743	-0.0020173	-0.0017233	-0.0014112	-0.0010840	-0.0007323	-0.0003632	+0.0000050	+0.0003701	+0.0007178	+0.0010440	+0.0013470	+0.0016166	+0.0018583	+0.0020832	+0.0022759	+0.0024567	+0.0026215
2013-06	-0.138	-0.0028247	-0.0025589	-0.0022877	-0.0019976	-0.0016813	-0.0013377	-0.0009636	-0.0005570	-0.0001118	+0.0003541	+0.0008295	+0.0013038	+0.0017586	+0.0021929	+0.0025924	+0.0029434	+0.0032619	+0.0035443	+0.0038097	+0.0040622	+0.0042720
2013-07	-0.035	-0.0059016	-0.0055636	-0.0051591	-0.0047243	-0.0042500	-0.0037365	-0.0031642	-0.0025878	-0.0019405	-0.0012748	-0.0005668	+0.0001148	+0.0007669	+0.0013694	+0.0019131	+0.0024055	+0.0028338	+0.0032260	+0.0035813	+0.0038608	+0.0041442
2013-08	-0.115	-0.0058220	-0.0054005	-0.0049632	-0.0045304	-0.0040049	-0.0034976	-0.0029392	-0.0023196	-0.0016648	-0.0010008	-0.0003311	+0.0003430	+0.0009759	+0.0015587	+0.0020987	+0.0025890	+0.0030216	+0.0033965	+0.0036730	+0.0039766	+0.0042172
2013-09	0.112	-0.0074545	-0.0072585	-0.0070312	-0.0067545	-0.0064368	-0.0060775	-0.0056882	-0.0052642	-0.0047792	-0.0042338	-0.0036763	-0.0030847	-0.0024804	-0.0019096	-0.0013305	-0.0007753	-0.0002418	+0.0002775	+0.0007858	+0.0012711	+0.0016889
2013-10	0.071	-0.0067073	-0.0064642	-0.0061607	-0.0058205	-0.0054511	-0.0050292	-0.0045370	-0.0039768	-0.0033614	-0.0026674	-0.0019345	-0.0011613	-0.0003780	+0.0004193	+0.0011791	+0.0019157	+0.0026124	+0.0032527	+0.0038388	+0.0044401	+0.0050573
2013-11	0.025	-0.0059713	-0.0055815	-0.0051224	-0.0046672	-0.0042039	-0.0037137	-0.0030826	-0.0024399	-0.0017819	-0.0010470	-0.0002777	+0.0004203	+0.0011703	+0.0018757	+0.0025023	+0.0030821	+0.0035894	+0.0040595	+0.0044879	+0.0048589	+0.0051954
2013-12	0.073	-0.0031151	-0.0027555	-0.0024017	-0.0020068	-0.0015717	-0.0011238	-0.0006262	-0.0001161	+0.0004399	+0.0009958	+0.0015495	+0.0020989	+0.0026223	+0.0030967	+0.0035259	+0.0039199	+0.0042736	+0.0046167	+0.0049253	+0.0052035	+0.0054385
2014-01	-0.074	-0.0015953	-0.0013103	-0.0010081	-0.0006725	-0.0001950	+0.0008888	+0.0016037	+0.0019771	+0.0022790	+0.0025748	+0.0028593	+0.0031341	+0.0033921	+0.0036369	+0.0038710	+0.0040763	+0.0042658	+0.0044459	+0.0046115	+0.0047558	+0.0048954
2014-02	0.042	-0.0023907	-0.0020195	-0.0016600	-0.0012840	-0.0008598	-0.0004399	+0.0000497	+0.0005303	+0.0009457	+0.0013362	+0.0016937	+0.0020172	+0.0023006	+0.0025555	+0.0027772	+0.0029730	+0.0031486	+0.0033078	+0.0034684	+0.0035991	+0.0037286
2014-03	0.091	-0.0024362	-0.0021780	-0.0018794	-0.0015907	-0.0012896	-0.0009695	-0.0006112	-0.0002483	+0.0001472	+0.0005446	+0.0009696	+0.0013699	+0.0017368	+0.0020934	+0.0024099	+0.0026719	+0.0029063	+0.0031097	+0.0032875	+0.0034376	+0.0035640
2014-04	0.020	-0.0024974	-0.0022322	-0.0019470	-0.0016460	-0.0013314	-0.0010000	-0.0006094	-0.0001961	+0.0001984	+0.0006345	+0.0010801	+0.0014832	+0.0018746	+0.0022508	+0.0025842	+0.0028525	+0.0030729	+0.0032690	+0.0034383	+0.0035867	+0.0037470
2014-05	0.094	-0.0021712	-0.0018865	-0.0015723	-0.0012621	-0.0009560	-0.0005813	-0.0001833	+0.0002173	+0.0006371	+0.0010932	+0.0015340	+0.0019385	+0.0023226	+0.0026933	+0.0030212	+0.0032846	+0.0034947	+0.0036696	+0.0038237	+0.0039482	+0.0040736
2014-06	0.034	-0.0004248	-0.0001495	+0.0001271	+0.0004725	+0.0008894	+0.0014417	+0.0019035	+0.0022518	+0.0025633	+0.0028562	+0.0031468	+0.0034177	+0.0036853	+0.0039277	+0.0041623	+0.0043735	+0.0045725	+0.0047446	+0.0049018	+0.0050606	+0.0051892
2014-07	0.023	-0.0017462	-0.0014369	-0.0011011	-0.0007271	-0.0001535	+0.0010414	+0.0017186	+0.0021253	+0.0024804	+0.0028160	+0.0031497	+0.0034711	+0.0037809	+0.0040684	+0.0043390	+0.0045874	+0.0048139	+0.0050163	+0.0051979	+0.0053602	+0.0055058
2014-08	0.016	-0.0016955	-0.0014209	-0.0010596	-0.0005913	-0.0000723	+0.0003858	+0.0007221	+0.0010606	+0.0014296	+0.0017861	+0.0021399	+0.0025318	+0.0029049	+0.0032438	+0.0035949	+0.0039138	+0.0041827	+0.0044423	+0.0046768	+0.0049285	+0.0051349
2014-09	0.046	-0.0017823	-0.0015428	-0.0012488	-0.0008592	-0.0003880	-0.0000172	+0.0002842	+0.0005851	+0.0008897	+0.0012227	+0.0015833	+0.0019340	+0.0022822	+0.0026432	+0.0029760	+0.0032678	+0.0035511	+0.0038605	+0.0041030	+0.0043131	+0.0044924
2014-10	0.022	-0.0012313	-0.0010128	-0.0007553	-0.0004942	-0.0002238	+0.0000396	+0.0003082	+0.0005791	+0.0008403	+0.0011065	+0.0013773	+0.0016431	+0.0019005	+0.0021427	+0.0023747	+0.0025919	+0.0027816	+0.0029601	+0.0031448	+0.0032958	+0.0034305
2014-11	0.076	-0.0012447	-0.0010958	-0.0009303	-0.0007461	-0.0005705	-0.0003604	-0.0001362	+0.0001099	+0.0003789	+0.0006681	+0.0009632	+0.0012584	+0.0015444	+0.0018222	+0.0020894	+0.0023372	+0.0025650	+0.0027812	+0.0029972	+0.0031735	+0.0033408
2014-12	0.005	-0.0012415	-0.0009326	-0.0005864	-0.0002047	+0.0001636	+0.0005457	+0.0009325	+0.0013337	+0.0017450	+0.0021645	+0.0025724	+0.0029670	+0.0033546	+0.0037110	+0.0040447	+0.0043489	+0.0046299	+0.0048649	+0.0050948	+0.0052833	+0.0054863
2015-01	0.040	-0.0025059	-0.0022156	-0.0018281	-0.0013715	-0.0009271	-0.0005287	-0.0001598	+0.0002233	+0.0006259	+0.0010448	+0.0014666	+0.0019022	+0.0023370	+0.0027362	+0.0031220	+0.0034990	+0.0038309	+0.0041274	+0.0044097	+0.0046872	+0.0049859
2015-02	-0.006	-0.0009776	-0.0007084	-0.0004612	-0.0001798	+0.0001083	+0.0004188	+0.0007198	+0.0010446	+0.0013952	+0.0017713	+0.0021596	+0.0025442	+0.0029193	+0.0032810	+0.0036204	+0.0039316	+0.0042203	+0.0044881	+0.0047424	+0.0049719	+0.0051926
