2011-05	-0.085	-0.0062224	-0.0057977	-0.0052643	-0.0048323	-0.0043204	-0.0037553	-0.0032143	-0.0025647	-0.0019695	-0.0012729	-0.0006310	+0.0000305	+0.0006375	+0.0012075	+0.0017213	+0.0022108	+0.0025778	+0.0029714	+0.0033003	+0.0035608	+0.0038372
2011-06	-0.017	-0.0070441	-0.0067167	-0.0063231	-0.0059203	-0.0054864	-0.0050046	-0.0044930	-0.0039410	-0.0033524	-0.0027183	-0.0020902	-0.0014332	-0.0008186	-0.0002349	+0.0002897	+0.0007770	+0.0012262	+0.0016541	+0.0020516	+0.0024019	+0.0026921
2011-07	-0.000	-0.0058453	-0.0056116	-0.0053728	-0.0051195	-0.0048216	-0.0045165	-0.0041840	-0.0038223	-0.0034332	-0.0030261	-0.0026023	-0.0021728	-0.0017191	-0.0012573	-0.0007630	-0.0001960	+0.0003944	+0.0009345	+0.0014082	+0.0018357	+0.0022142
2011-08	-0.103	-0.0043884	-0.0041614	-0.0039211	-0.0036450	-0.0033466	-0.0030172	-0.0026582	-0.0022567	-0.0018301	-0.0013750	-0.0008986	-0.0004200	+0.0000484	+0.0005048	+0.0009225	+0.0013093	+0.0016788	+0.0020166	+0.0023205	+0.0026231	+0.0028671
2011-09	-0.042	-0.0072255	-0.0068895	-0.0065574	-0.0061782	-0.0057335	-0.0052728	-0.0047642	-0.0042109	-0.0036128	-0.0029673	-0.0022984	-0.0016356	-0.0009660	-0.0003107	+0.0003032	+0.0008882	+0.0014511	+0.0019877	+0.0024983	+0.0029734	+0.0034297
2011-10	0.048	-0.0071318	-0.0067427	-0.0063036	-0.0058598	-0.0053655	-0.0048526	-0.0042713	-0.0036402	-0.0029850	-0.0023081	-0.0016058	-0.0008984	-0.0002446	+0.0003608	+0.0009090	+0.0013870	+0.0018396	+0.0022436	+0.0026171	+0.0029410	+0.0032331
2011-11	-0.048	-0.0072151	-0.0068578	-0.0064820	-0.0060505	-0.0055706	-0.0050521	-0.0044952	-0.0038907	-0.0032608	-0.0026198	-0.0019640	-0.0013123	-0.0007062	-0.0001437	+0.0003828	+0.0008537	+0.0012882	+0.0016651	+0.0020044	+0.0023412	+0.0026466
2011-12	-0.046	-0.0051489	-0.0047841	-0.0044374	-0.0040713	-0.0036867	-0.0032783	-0.0028337	-0.0023730	-0.0018889	-0.0013852	-0.0008835	-0.0003880	+0.0000934	+0.0005356	+0.0009497	+0.0013525	+0.0016967	+0.0020201	+0.0023323	+0.0026084	+0.0028701
2012-01	-0.040	-0.0036080	-0.0033951	-0.0031879	-0.0029756	-0.0027238	-0.0024584	-0.0021812	-0.0018689	-0.0015369	-0.0011904	-0.0008395	-0.0004788	-0.0001272	+0.0002093	+0.0005210	+0.0008242	+0.0010972	+0.0013625	+0.0015847	+0.0018263	+0.0020376
2012-02	0.143	-0.0037409	-0.0035872	-0.0034121	-0.0032355	-0.0030380	-0.0028239	-0.0025976	-0.0023466	-0.0020800	-0.0017938	-0.0015029	-0.0012074	-0.0009131	-0.0006294	-0.0003713	-0.0001232	+0.0001271	+0.0003507	+0.0005700	+0.0007869	+0.0009738
2012-03	0.025	-0.0031703	-0.0029893	-0.0027922	-0.0025572	-0.0022861	-0.0019758	-0.0016139	-0.0012119	-0.0007538	-0.0002503	+0.0002764	+0.0008177	+0.0013567	+0.0018893	+0.0023875	+0.0028390	+0.0032925	+0.0037092	+0.0040852	+0.0044694	+0.0048042
2012-04	-0.073	-0.0025958	-0.0023167	-0.0020358	-0.0017198	-0.0013706	-0.0010002	-0.0005865	-0.0001249	+0.0003701	+0.0008856	+0.0014273	+0.0019653	+0.0024801	+0.0029869	+0.0034443	+0.0038670	+0.0042639	+0.0046058	+0.0049238	+0.0052360	+0.0055197
2012-05	-0.059	-0.0031050	-0.0028252	-0.0025105	-0.0021600	-0.0017707	-0.0013419	-0.0008968	-0.0004064	+0.0001323	+0.0006957	+0.0012750	+0.0018570	+0.0024179	+0.0029415	+0.0034176	+0.0038445	+0.0042233	+0.0045793	+0.0049082	+0.0051974	+0.0054724
2012-06	0.134	-0.0042136	-0.0040596	-0.0038827	-0.0036636	-0.0034033	-0.0030682	-0.0026922	-0.0022859	-0.0018190	-0.0013214	-0.0007565	-0.0001908	+0.0003758	+0.0009323	+0.0014419	+0.0019290	+0.0023672	+0.0027923	+0.0031902	+0.0035276	+0.0038775
2012-07	0.025	-0.0042373	-0.0040990	-0.0039404	-0.0037393	-0.0035018	-0.0031952	-0.0028224	-0.0024101	-0.0019552	-0.0014546	-0.0009177	-0.0003395	+0.0002181	+0.0007615	+0.0012798	+0.0017663	+0.0022175	+0.0026227	+0.0030263	+0.0033986	+0.0037486
2012-08	-0.008	-0.0034123	-0.0031773	-0.0029119	-0.0025805	-0.0022233	-0.0018278	-0.0013946	-0.0009158	-0.0003834	+0.0002008	+0.0007750	+0.0013858	+0.0019862	+0.0025436	+0.0030782	+0.0035663	+0.0040102	+0.0044123	+0.0047822	+0.0051027	+0.0053804
2012-09	0.064	-0.0019066	-0.0016356	-0.0013274	-0.0009853	-0.0006249	-0.0002331	+0.0001807	+0.0006274	+0.0010944	+0.0015795	+0.0020749	+0.0025723	+0.0030519	+0.0035052	+0.0039074	+0.0042739	+0.0046041	+0.0049031	+0.0051735	+0.0054080	+0.0056123
2012-10	-0.069	-0.0020264	-0.0016270	-0.0012052	-0.0007731	-0.0003151	+0.0001396	+0.0005922	+0.0010462	+0.0014993	+0.0019500	+0.0024067	+0.0028460	+0.0032649	+0.0036589	+0.0040258	+0.0043561	+0.0046486	+0.0049402	+0.0051973	+0.0054271	+0.0056532
2012-11	0.113	-0.0026811	-0.0024682	-0.0022376	-0.0019824	-0.0017077	-0.0014030	-0.0010856	-0.0007360	-0.0003721	+0.0000178	+0.0004122	+0.0008100	+0.0011915	+0.0015494	+0.0018744	+0.0021831	+0.0024606	+0.0026953	+0.0029095	+0.0030969	+0.0032858
2012-12	0.060	-0.0025557	-0.0023300	-0.0020897	-0.0018160	-0.0015281	-0.0012062	-0.0008593	-0.0004796	-0.0000459	+0.0003999	+0.0008555	+0.0013185	+0.0017672	+0.0021788	+0.0025691	+0.0029375	+0.0032754	+0.0035687	+0.0038385	+0.0040960	+0.0043143
2013-01	0.165	-0.0024786	-0.0022086	-0.0018845	-0.0015481	-0.0011840	-0.0007742	-0.0003371	+0.0001148	+0.0005958	+0.0010935	+0.0015955	+0.0020842	+0.0025516	+0.0029752	+0.0033659	+0.0037048	+0.0040043	+0.0042872	+0.0045189	+0.0047465	+0.0049453
2013-02	0.131	-0.0010587	-0.0006739	-0.0003076	+0.0000907	+0.0004885	+0.0009157	+0.0013780	+0.0018526	+0.0023412	+0.0028372	+0.0033377	+0.0038053	+0.0042325	+0.0046355	+0.0049941	+0.0053299	+0.0056601	+0.0059545	+0.0062185	+0.0064814	+0.0067320
2013-03	0.191	-0.0017344	-0.0013310	-0.0008308	-0.0001843	+0.0007126	+0.0028940	+0.0038936	+0.0044858	+0.0050422	+0.0055680	+0.0060922	+0.0066303	+0.0071482	+0.0076255	+0.0080870	+0.0085305	+0.0089183	+0.0092798	+0.0096361	+0.0099681	+0.0100000
2013-04	0.328	-0.0015518	-0.0010816	-0.0005727	-0.0000073	+0.0007311	+0.0021915	+0.0061272	+0.0068365	+0.0073735	+0.0078826	+0.0083591	+0.0088205	+0.0092522	+0.0096570	+0.0100000	+0.0100000	+0.0100000	+0.0100000	+0.0100000	+0.0100000	+0.0100000
2013-05	0.060	-0.0009252	-0.0004747	+0.0000344	+0.0006237	+0.0015573	+0.0063837	+0.0075796	+0.0081879	+0.0087226	+0.0092372	+0.0097537	+0.0100000	+0.0100000	+0.0100000	+0.0100000	+0.0100000	+0.0100000	+0.0100000	+0.0100000	+0.0100000	+0.0100000
2013-06	0.005	-0.0039496	-0.0032688	-0.0024288	-0.0013071	+0.0004601	+0.0051215	+0.0067006	+0.0076933	+0.0086866	+0.0096716	+0.0100000	+0.0100000	+0.0100000	+0.0100000	+0.0100000	+0.0100000	+0.0100000	+0.0100000	+0.0100000	+0.0100000	+0.0100000
2013-07	-0.015	-0.0056976	-0.0046913	-0.0036551	-0.0025829	-0.0012498	+0.0000609	+0.0013678	+0.0027023	+0.0040368	+0.0054221	+0.0068604	+0.0082593	+0.0096664	+0.0100000	+0.0100000	+0.0100000	+0.0100000	+0.0100000	+0.0100000	+0.0100000	+0.0100000
2013-08	-0.061	-0.0062771	-0.0054629	-0.0044176	-0.0032681	-0.0021648	-0.0010577	+0.0000433	+0.0012312	+0.0025401	+0.0039734	+0.0053887	+0.0067953	+0.0083212	+0.0096643	+0.0100000	+0.0100000	+0.0100000	+0.0100000	+0.0100000	+0.0100000	+0.0100000
2013-09	0.120	-0.0074539	-0.0070015	-0.0065601	-0.0060336	-0.0055045	-0.0049099	-0.0042837	-0.0036077	-0.0028778	-0.0021150	-0.0013501	-0.0005783	+0.0001341	+0.0008000	+0.0014248	+0.0019799	+0.0024735	+0.0029120	+0.0033334	+0.0037464	+0.0041068
2013-10	-0.068	-0.0060536	-0.0055680	-0.0050813	-0.0045119	-0.0039118	-0.0032779	-0.0025694	-0.0018532	-0.0010845	-0.0002662	+0.0005193	+0.0013165	+0.0020508	+0.0027448	+0.0033574	+0.0039104	+0.0044024	+0.0048296	+0.0052086	+0.0055901	+0.0058815
2013-11	0.097	-0.0061567	-0.0056480	-0.0051002	-0.0045570	-0.0040158	-0.0033711	-0.0027109	-0.0020225	-0.0013015	-0.0005462	+0.0002140	+0.0009454	+0.0016485	+0.0022759	+0.0028530	+0.0033556	+0.0038071	+0.0042045	+0.0045512	+0.0048441	+0.0051339
2013-12	0.118	-0.0035019	-0.0032011	-0.0028348	-0.0024233	-0.0020077	-0.0015262	-0.0010328	-0.0004911	+0.0000802	+0.0006782	+0.0012902	+0.0018909	+0.0024653	+0.0030135	+0.0035089	+0.0039597	+0.0043639	+0.0047104	+0.0050172	+0.0053305	+0.0055931
2014-01	-0.088	-0.0030759	-0.0026880	-0.0022312	-0.0017428	-0.0012472	-0.0007017	-0.0001450	+0.0004605	+0.0011142	+0.0017531	+0.0024000	+0.0030424	+0.0036457	+0.0042082	+0.0046917	+0.0051314	+0.0055312	+0.0058796	+0.0062034	+0.0064887	+0.0067262
2014-02	0.015	-0.0036318	-0.0032078	-0.0027929	-0.0023668	-0.0019174	-0.0013793	-0.0008275	-0.0002329	+0.0004016	+0.0010691	+0.0017506	+0.0024251	+0.0030709	+0.0036630	+0.0042058	+0.0047131	+0.0051619	+0.0055472	+0.0058953	+0.0062217	+0.0064727
2014-03	-0.091	-0.0047844	-0.0042553	-0.0037412	-0.0031725	-0.0025592	-0.0019279	-0.0012595	-0.0005433	+0.0002131	+0.0010027	+0.0017838	+0.0025517	+0.0032543	+0.0039121	+0.0044786	+0.0049997	+0.0054395	+0.0058286	+0.0061620	+0.0064620	+0.0067161
2014-04	-0.059	-0.0057710	-0.0053886	-0.0050050	-0.0046028	-0.0041846	-0.0037030	-0.0032112	-0.0026655	-0.0021030	-0.0014972	-0.0008783	-0.0002817	+0.0002950	+0.0008239	+0.0013250	+0.0017644	+0.0021636	+0.0025275	+0.0028474	+0.0031426	+0.0033986
2014-05	0.033	-0.0074623	-0.0071770	-0.0068279	-0.0065067	-0.0061408	-0.0057371	-0.0053130	-0.0048399	-0.0043311	-0.0037827	-0.0032170	-0.0026307	-0.0020332	-0.0014371	-0.0008394	-0.0002389	+0.0003788	+0.0009354	+0.0014702	+0.0020003	+0.0024525
2014-06	0.012	-0.0066548	-0.0063864	-0.0060785	-0.0057618	-0.0054071	-0.0050339	-0.0046187	-0.0041799	-0.0037085	-0.0032056	-0.0026717	-0.0021220	-0.0015812	-0.0010536	-0.0005529	-0.0000667	+0.0003803	+0.0008228	+0.0012088	+0.0016105	+0.0019612
2014-07	-0.018	-0.0063703	-0.0060469	-0.0057111	-0.0053180	-0.0048994	-0.0044242	-0.0038896	-0.0032921	-0.0026011	-0.0018407	-0.0010437	-0.0001908	+0.0006349	+0.0014302	+0.0021830	+0.0029072	+0.0035682	+0.0041671	+0.0047368	+0.0052496	+0.0058108
2014-08	-0.056	-0.0043115	-0.0040552	-0.0037679	-0.0034681	-0.0031430	-0.0027803	-0.0023890	-0.0019249	-0.0013596	-0.0007180	-0.0000736	+0.0006070	+0.0013260	+0.0020309	+0.0026807	+0.0033096	+0.0039018	+0.0044410	+0.0049669	+0.0054585	+0.0058860
2014-09	-0.002	-0.0039329	-0.0037481	-0.0035340	-0.0033041	-0.0030380	-0.0027351	-0.0023712	-0.0019116	-0.0013287	-0.0007113	-0.0000972	+0.0005910	+0.0013326	+0.0020096	+0.0026551	+0.0032829	+0.0038852	+0.0044546	+0.0049383	+0.0054448	+0.0059194
2014-10	-0.035	-0.0039219	-0.0037221	-0.0035272	-0.0033155	-0.0030874	-0.0028287	-0.0025502	-0.0022391	-0.0019107	-0.0015592	-0.0011984	-0.0008241	-0.0004563	-0.0000982	+0.0002489	+0.0005728	+0.0008676	+0.0011584	+0.0014342	+0.0016839	+0.0019081
2014-11	0.038	-0.0065733	-0.0062499	-0.0059187	-0.0055199	-0.0051225	-0.0046960	-0.0042439	-0.0037501	-0.0032292	-0.0026911	-0.0021466	-0.0016186	-0.0011040	-0.0005927	-0.0001247	+0.0003098	+0.0007285	+0.0011195	+0.0014944	+0.0018504	+0.0021978
2014-12	-0.034	-0.0054703	-0.0049683	-0.0045083	-0.0040155	-0.0034939	-0.0029318	-0.0023358	-0.0017178	-0.0010872	-0.0004316	+0.0002103	+0.0008485	+0.0014215	+0.0019532	+0.0023992	+0.0028078	+0.0031901	+0.0035013	+0.0037778	+0.0040217	+0.0042822
2015-01	-0.064	-0.0060161	-0.0056464	-0.0052107	-0.0047821	-0.0043029	-0.0038322	-0.0032947	-0.0027232	-0.0020985	-0.0014481	-0.0008064	-0.0001883	+0.0004139	+0.0009625	+0.0014801	+0.0019496	+0.0023808	+0.0027633	+0.0031292	+0.0034596	+0.0037461
2015-02	0.005	-0.0032970	-0.0031311	-0.0029394	-0.0027326	-0.0024766	-0.0021890	-0.0018583	-0.0014864	-0.0010756	-0.0006347	-0.0001527	+0.0003467	+0.0008337	+0.0013029	+0.0017292	+0.0021571	+0.0025401	+0.0028946	+0.0032120	+0.0035309	+0.0038075
