2014-04	0.004	-0.0029472	-0.0026051	-0.0022595	-0.0018800	-0.0014703	-0.0010430	-0.0006140	-0.0001609	+0.0002865	+0.0007341	+0.0011644	+0.0015700	+0.0019652	+0.0023322	+0.0026561	+0.0029550	+0.0032237	+0.0034720	+0.0037058	+0.0039102	+0.0041097
2014-05	0.019	-0.0028438	-0.0025286	-0.0021901	-0.0018129	-0.0014405	-0.0010388	-0.0006113	-0.0001874	+0.0002307	+0.0006608	+0.0010731	+0.0014541	+0.0018196	+0.0021649	+0.0024857	+0.0027780	+0.0030482	+0.0032807	+0.0034933	+0.0036986	+0.0038839
2014-06	0.020	-0.0027263	-0.0024280	-0.0021099	-0.0017745	-0.0014245	-0.0010705	-0.0007134	-0.0003258	+0.0000853	+0.0004824	+0.0008713	+0.0012496	+0.0016081	+0.0019447	+0.0022492	+0.0025268	+0.0027790	+0.0030100	+0.0032296	+0.0034253	+0.0036070
2014-07	0.021	-0.0027297	-0.0023704	-0.0020217	-0.0017088	-0.0013891	-0.0010445	-0.0006783	-0.0002897	+0.0001162	+0.0005239	+0.0009198	+0.0013083	+0.0016728	+0.0020113	+0.0023154	+0.0025841	+0.0028201	+0.0030312	+0.0032204	+0.0034038	+0.0035650
2014-08	0.025	-0.0024245	-0.0021402	-0.0018393	-0.0015505	-0.0012542	-0.0009264	-0.0005663	-0.0001945	+0.0001882	+0.0005666	+0.0009426	+0.0013045	+0.0016456	+0.0019619	+0.0022575	+0.0025289	+0.0027765	+0.0029933	+0.0031905	+0.0033699	+0.0035329
2014-09	0.025	-0.0024173	-0.0021399	-0.0018625	-0.0015763	-0.0012648	-0.0009308	-0.0005793	-0.0002211	+0.0001390	+0.0005056	+0.0008659	+0.0012170	+0.0015414	+0.0018443	+0.0021233	+0.0023690	+0.0025863	+0.0027952	+0.0030014	+0.0031983	+0.0033752
2014-10	-0.003	-0.0021657	-0.0019154	-0.0016600	-0.0013706	-0.0011023	-0.0008099	-0.0005009	-0.0001786	+0.0001531	+0.0004972	+0.0008428	+0.0011718	+0.0014839	+0.0017813	+0.0020453	+0.0022770	+0.0024908	+0.0026801	+0.0028522	+0.0030159	+0.0031743
2014-11	0.104	-0.0024224	-0.0021336	-0.0018654	-0.0015661	-0.0012566	-0.0009415	-0.0005920	-0.0002154	+0.0001788	+0.0005554	+0.0009012	+0.0012415	+0.0015670	+0.0018621	+0.0021257	+0.0023664	+0.0026056	+0.0028172	+0.0030130	+0.0031998	+0.0033842
2014-12	0.010	-0.0029452	-0.0025497	-0.0021949	-0.0018432	-0.0014453	-0.0010364	-0.0006403	-0.0002173	+0.0002208	+0.0006776	+0.0010877	+0.0014706	+0.0018246	+0.0021459	+0.0024379	+0.0026968	+0.0029242	+0.0031379	+0.0033219	+0.0034851	+0.0036366
2015-01	-0.053	-0.0030710	-0.0027139	-0.0023268	-0.0019380	-0.0015275	-0.0010887	-0.0006297	-0.0001518	+0.0003445	+0.0008251	+0.0012886	+0.0017239	+0.0021201	+0.0024666	+0.0027877	+0.0030628	+0.0033123	+0.0035423	+0.0037607	+0.0039491	+0.0041208
2015-02	0.004	-0.0026941	-0.0023680	-0.0020429	-0.0017056	-0.0013636	-0.0010118	-0.0006338	-0.0002465	+0.0001500	+0.0005557	+0.0009540	+0.0013290	+0.0016846	+0.0020127	+0.0023046	+0.0025762	+0.0028315	+0.0030600	+0.0032606	+0.0034476	+0.0036279
