2012-05	-0.111	-0.0033129	-0.0030710	-0.0028079	-0.0025364	-0.0022413	-0.0019443	-0.0016300	-0.0013120	-0.0009826	-0.0006364	-0.0002852	+0.0000624	+0.0003913	+0.0007003	+0.0009962	+0.0012672	+0.0015189	+0.0017563	+0.0019811	+0.0021833	+0.0023529
2012-06	0.068	-0.0038148	-0.0035747	-0.0033158	-0.0030674	-0.0027929	-0.0025034	-0.0022009	-0.0018693	-0.0015136	-0.0011495	-0.0007777	-0.0003981	-0.0000187	+0.0003480	+0.0006997	+0.0010260	+0.0013207	+0.0016003	+0.0018665	+0.0021127	+0.0023572
2012-07	-0.045	-0.0037355	-0.0034814	-0.0032285	-0.0029587	-0.0026893	-0.0023755	-0.0020413	-0.0016945	-0.0013211	-0.0009345	-0.0005419	-0.0001530	+0.0002377	+0.0006105	+0.0009654	+0.0013022	+0.0016212	+0.0019410	+0.0022393	+0.0025106	+0.0027515
2012-08	-0.007	-0.0027331	-0.0025697	-0.0023974	-0.0022178	-0.0020186	-0.0018024	-0.0015725	-0.0013231	-0.0010391	-0.0007364	-0.0004295	-0.0001266	+0.0001705	+0.0004530	+0.0007203	+0.0009865	+0.0012468	+0.0014931	+0.0017265	+0.0019412	+0.0021481
2012-09	0.017	-0.0026768	-0.0025160	-0.0023340	-0.0021346	-0.0019401	-0.0017325	-0.0015067	-0.0012576	-0.0009930	-0.0007151	-0.0004215	-0.0001244	+0.0001661	+0.0004396	+0.0007050	+0.0009502	+0.0011872	+0.0014099	+0.0016222	+0.0018309	+0.0020057
2012-10	0.006	-0.0024757	-0.0023108	-0.0021325	-0.0019489	-0.0017498	-0.0015429	-0.0013223	-0.0010858	-0.0008293	-0.0005565	-0.0002790	-0.0000066	+0.0002654	+0.0005270	+0.0007697	+0.0010004	+0.0012117	+0.0014096	+0.0015951	+0.0017567	+0.0019117
2012-11	0.051	-0.0026710	-0.0025031	-0.0023293	-0.0021403	-0.0019344	-0.0017223	-0.0014943	-0.0012460	-0.0009722	-0.0006872	-0.0003907	-0.0000997	+0.0001879	+0.0004676	+0.0007293	+0.0009640	+0.0011877	+0.0013980	+0.0015988	+0.0017781	+0.0019469
2012-12	0.096	-0.0023347	-0.0021686	-0.0019995	-0.0018154	-0.0016196	-0.0014110	-0.0011864	-0.0009465	-0.0006898	-0.0004188	-0.0001429	+0.0001273	+0.0003908	+0.0006466	+0.0008970	+0.0011298	+0.0013493	+0.0015519	+0.0017409	+0.0019254	+0.0020925
2013-01	0.089	-0.0018056	-0.0016574	-0.0014919	-0.0013107	-0.0011076	-0.0008874	-0.0006546	-0.0004069	-0.0001313	+0.0001508	+0.0004433	+0.0007439	+0.0010327	+0.0013001	+0.0015515	+0.0017796	+0.0019846	+0.0021742	+0.0023498	+0.0025072	+0.0026560
2013-02	0.037	-0.0021102	-0.0018646	-0.0016121	-0.0013359	-0.0010383	-0.0007383	-0.0004353	-0.0001187	+0.0002139	+0.0005538	+0.0008863	+0.0012143	+0.0015249	+0.0018199	+0.0020953	+0.0023513	+0.0025757	+0.0027764	+0.0029525	+0.0031184	+0.0032759
2013-03	0.068	-0.0022332	-0.0019780	-0.0016981	-0.0013943	-0.0010980	-0.0007965	-0.0004703	-0.0001103	+0.0002545	+0.0006091	+0.0009694	+0.0013121	+0.0016313	+0.0019330	+0.0022092	+0.0024623	+0.0026890	+0.0028918	+0.0030802	+0.0032468	+0.0034039
2013-04	0.118	-0.0030263	-0.0026506	-0.0022750	-0.0018686	-0.0014406	-0.0010264	-0.0005987	-0.0001388	+0.0003110	+0.0007666	+0.0012109	+0.0016170	+0.0020012	+0.0023535	+0.0026584	+0.0029266	+0.0031645	+0.0033843	+0.0035883	+0.0037678	+0.0039198
2013-05	-0.026	-0.0035424	-0.0030960	-0.0026552	-0.0021706	-0.0017062	-0.0011836	-0.0006262	-0.0000702	+0.0005234	+0.0010982	+0.0016571	+0.0021813	+0.0026497	+0.0030419	+0.0033908	+0.0036976	+0.0039592	+0.0041990	+0.0044189	+0.0046207	+0.0047979
2013-06	-0.001	-0.0034221	-0.0030310	-0.0025878	-0.0021427	-0.0016985	-0.0012096	-0.0007017	-0.0001606	+0.0003762	+0.0009109	+0.0014279	+0.0018999	+0.0023380	+0.0027326	+0.0030886	+0.0034250	+0.0037232	+0.0039875	+0.0042388	+0.0044723	+0.0046672
2013-07	-0.002	-0.0027196	-0.0024378	-0.0020975	-0.0017516	-0.0013895	-0.0010222	-0.0006226	-0.0002088	+0.0002268	+0.0006662	+0.0011058	+0.0015325	+0.0019314	+0.0022950	+0.0026301	+0.0029180	+0.0031781	+0.0034169	+0.0036429	+0.0038611	+0.0040614
2013-08	-0.023	-0.0030813	-0.0027057	-0.0023523	-0.0019935	-0.0016172	-0.0012261	-0.0008224	-0.0003968	+0.0000455	+0.0004952	+0.0009587	+0.0014017	+0.0018115	+0.0021833	+0.0025361	+0.0028611	+0.0031632	+0.0034228	+0.0036665	+0.0039002	+0.0041384
2013-09	0.083	-0.0032724	-0.0028773	-0.0024512	-0.0020477	-0.0016347	-0.0012202	-0.0007647	-0.0002941	+0.0001969	+0.0007066	+0.0012029	+0.0016796	+0.0021211	+0.0025271	+0.0028872	+0.0032137	+0.0035069	+0.0037829	+0.0040321	+0.0042654	+0.0044807
2013-10	-0.000	-0.0043388	-0.0037425	-0.0031643	-0.0026224	-0.0020191	-0.0013997	-0.0007592	-0.0000810	+0.0006131	+0.0012804	+0.0019179	+0.0025228	+0.0030841	+0.0035714	+0.0039858	+0.0043629	+0.0046909	+0.0049728	+0.0052155	+0.0054278	+0.0056372
2013-11	0.052	-0.0039388	-0.0034704	-0.0029946	-0.0024960	-0.0019566	-0.0013773	-0.0007847	-0.0001826	+0.0004210	+0.0010060	+0.0015694	+0.0020862	+0.0025620	+0.0029861	+0.0033662	+0.0037094	+0.0040137	+0.0042919	+0.0045397	+0.0047635	+0.0049639
2013-12	0.034	-0.0044198	-0.0039200	-0.0033348	-0.0027440	-0.0020852	-0.0014217	-0.0007869	-0.0001200	+0.0005697	+0.0012370	+0.0018645	+0.0024728	+0.0030324	+0.0035250	+0.0039299	+0.0042942	+0.0046179	+0.0049211	+0.0052090	+0.0054842	+0.0057533
2014-01	-0.065	-0.0044848	-0.0038949	-0.0033555	-0.0026528	-0.0019667	-0.0013299	-0.0006921	-0.0000044	+0.0007258	+0.0014302	+0.0020884	+0.0027307	+0.0033105	+0.0038233	+0.0042629	+0.0046330	+0.0049734	+0.0053020	+0.0055905	+0.0058416	+0.0060647
2014-02	-0.008	-0.0041223	-0.0036229	-0.0030629	-0.0025345	-0.0019896	-0.0013872	-0.0007763	-0.0001477	+0.0005119	+0.0011401	+0.0017499	+0.0023285	+0.0028648	+0.0033494	+0.0037593	+0.0041228	+0.0044607	+0.0047708	+0.0050524	+0.0052990	+0.0055306
2014-03	0.002	-0.0043910	-0.0038322	-0.0032736	-0.0027278	-0.0021521	-0.0015500	-0.0009050	-0.0002745	+0.0003806	+0.0010318	+0.0016795	+0.0022732	+0.0028029	+0.0032958	+0.0037221	+0.0040975	+0.0044340	+0.0047348	+0.0050088	+0.0052423	+0.0054638
2014-04	-0.035	-0.0037285	-0.0032915	-0.0028413	-0.0023358	-0.0018141	-0.0012801	-0.0007406	-0.0001809	+0.0004112	+0.0009914	+0.0015669	+0.0021058	+0.0026103	+0.0030558	+0.0034733	+0.0038612	+0.0042062	+0.0045133	+0.0047982	+0.0050525	+0.0052860
2014-05	0.033	-0.0030809	-0.0027680	-0.0023980	-0.0020413	-0.0016581	-0.0012523	-0.0008254	-0.0003775	+0.0000780	+0.0005332	+0.0009886	+0.0014355	+0.0018616	+0.0022532	+0.0026099	+0.0029306	+0.0032244	+0.0034980	+0.0037522	+0.0039944	+0.0042119
2014-06	0.050	-0.0031939	-0.0027917	-0.0024121	-0.0020606	-0.0016997	-0.0013260	-0.0009347	-0.0005230	-0.0000987	+0.0003599	+0.0008208	+0.0012697	+0.0016863	+0.0020648	+0.0024205	+0.0027569	+0.0030725	+0.0033830	+0.0036537	+0.0039136	+0.0041742
2014-07	0.021	-0.0028563	-0.0025841	-0.0022659	-0.0019478	-0.0016123	-0.0012548	-0.0008692	-0.0004691	-0.0000499	+0.0003899	+0.0008277	+0.0012533	+0.0016683	+0.0020491	+0.0024052	+0.0027339	+0.0030357	+0.0033125	+0.0035591	+0.0037846	+0.0039986
2014-08	-0.009	-0.0028918	-0.0025660	-0.0022508	-0.0019170	-0.0015644	-0.0011917	-0.0008131	-0.0004036	+0.0000258	+0.0004636	+0.0008973	+0.0013211	+0.0017210	+0.0020907	+0.0024437	+0.0027739	+0.0030811	+0.0033694	+0.0036274	+0.0038714	+0.0041133
2014-09	0.044	-0.0024702	-0.0022689	-0.0020448	-0.0018018	-0.0015563	-0.0012881	-0.0009976	-0.0006922	-0.0003634	-0.0000083	+0.0003499	+0.0007099	+0.0010462	+0.0013611	+0.0016561	+0.0019276	+0.0021806	+0.0024118	+0.0026360	+0.0028505	+0.0030461
2014-10	0.005	-0.0026860	-0.0023765	-0.0020834	-0.0017774	-0.0014742	-0.0011617	-0.0008271	-0.0004765	-0.0001077	+0.0002648	+0.0006458	+0.0010188	+0.0013743	+0.0016953	+0.0019914	+0.0022582	+0.0024941	+0.0027177	+0.0029270	+0.0031164	+0.0033010
2014-11	0.056	-0.0021097	-0.0019005	-0.0016873	-0.0014680	-0.0012398	-0.0009972	-0.0007338	-0.0004509	-0.0001503	+0.0001645	+0.0004774	+0.0007862	+0.0010864	+0.0013683	+0.0016394	+0.0018916	+0.0021241	+0.0023326	+0.0025255	+0.0027135	+0.0028883
2014-12	-0.002	-0.0023059	-0.0021058	-0.0018657	-0.0015947	-0.0013183	-0.0010243	-0.0007227	-0.0004132	-0.0000840	+0.0002550	+0.0005936	+0.0009223	+0.0012378	+0.0015366	+0.0018065	+0.0020628	+0.0022896	+0.0025042	+0.0027160	+0.0029078	+0.0030810
2015-01	0.005	-0.0026790	-0.0024003	-0.0021107	-0.0018289	-0.0015094	-0.0011737	-0.0008192	-0.0004401	-0.0000569	+0.0003334	+0.0007369	+0.0011194	+0.0014683	+0.0017916	+0.0020853	+0.0023527	+0.0025906	+0.0028171	+0.0030263	+0.0032188	+0.0033961
2015-02	0.002	-0.0023359	-0.0020976	-0.0018375	-0.0015712	-0.0012950	-0.0010162	-0.0007165	-0.0003995	-0.0000679	+0.0002746	+0.0006196	+0.0009561	+0.0012841	+0.0015879	+0.0018710	+0.0021336	+0.0023746	+0.0026006	+0.0028130	+0.0030042	+0.0031821
