2012-05	-0.041	-0.0010695	-0.0009612	-0.0008433	-0.0007202	-0.0006029	-0.0004812	-0.0003497	-0.0002110	-0.0000608	+0.0000891	+0.0002433	+0.0003958	+0.0005415	+0.0006738	+0.0007968	+0.0009085	+0.0010126	+0.0011069	+0.0011908	+0.0012651	+0.0013355
2012-06	0.008	-0.0010119	-0.0009248	-0.0008392	-0.0007467	-0.0006478	-0.0005431	-0.0004320	-0.0003141	-0.0001885	-0.0000554	+0.0000829	+0.0002179	+0.0003475	+0.0004697	+0.0005855	+0.0006943	+0.0007951	+0.0008882	+0.0009785	+0.0010665	+0.0011508
2012-07	0.006	-0.0009642	-0.0008950	-0.0008218	-0.0007412	-0.0006491	-0.0005480	-0.0004374	-0.0003189	-0.0001943	-0.0000656	+0.0000673	+0.0001992	+0.0003268	+0.0004508	+0.0005699	+0.0006802	+0.0007811	+0.0008715	+0.0009563	+0.0010360	+0.0011132
2012-08	0.011	-0.0010330	-0.0009553	-0.0008755	-0.0007896	-0.0007040	-0.0006110	-0.0005100	-0.0004006	-0.0002857	-0.0001653	-0.0000419	+0.0000821	+0.0002070	+0.0003261	+0.0004355	+0.0005382	+0.0006388	+0.0007330	+0.0008200	+0.0009008	+0.0009762
2012-09	0.005	-0.0008703	-0.0008022	-0.0007277	-0.0006517	-0.0005733	-0.0004859	-0.0003899	-0.0002865	-0.0001792	-0.0000668	+0.0000518	+0.0001675	+0.0002780	+0.0003843	+0.0004860	+0.0005830	+0.0006757	+0.0007627	+0.0008438	+0.0009213	+0.0009958
2012-10	0.018	-0.0008565	-0.0007960	-0.0007285	-0.0006575	-0.0005827	-0.0005008	-0.0004102	-0.0003118	-0.0002105	-0.0001062	+0.0000023	+0.0001113	+0.0002223	+0.0003308	+0.0004349	+0.0005281	+0.0006181	+0.0007046	+0.0007843	+0.0008599	+0.0009314
2012-11	0.039	-0.0008627	-0.0007868	-0.0007105	-0.0006304	-0.0005464	-0.0004563	-0.0003623	-0.0002598	-0.0001490	-0.0000327	+0.0000847	+0.0002005	+0.0003129	+0.0004205	+0.0005193	+0.0006163	+0.0007084	+0.0007931	+0.0008708	+0.0009400	+0.0010035
2012-12	0.056	-0.0009103	-0.0008196	-0.0007139	-0.0006108	-0.0004948	-0.0003711	-0.0002477	-0.0001207	+0.0000135	+0.0001509	+0.0002895	+0.0004265	+0.0005580	+0.0006815	+0.0007926	+0.0008929	+0.0009847	+0.0010691	+0.0011460	+0.0012226	+0.0012880
2013-01	0.034	-0.0010334	-0.0009002	-0.0007708	-0.0006404	-0.0005082	-0.0003671	-0.0002129	-0.0000461	+0.0001166	+0.0002866	+0.0004607	+0.0006204	+0.0007677	+0.0009026	+0.0010241	+0.0011367	+0.0012408	+0.0013330	+0.0014214	+0.0015037	+0.0015844
2013-02	0.003	-0.0014463	-0.0012588	-0.0010623	-0.0008455	-0.0006320	-0.0004119	-0.0001838	+0.0000497	+0.0002890	+0.0005298	+0.0007645	+0.0009774	+0.0011727	+0.0013361	+0.0014831	+0.0016149	+0.0017321	+0.0018342	+0.0019224	+0.0020066	+0.0020800
2013-03	0.015	-0.0013781	-0.0012065	-0.0010380	-0.0008448	-0.0006549	-0.0004543	-0.0002488	-0.0000409	+0.0001755	+0.0003981	+0.0006054	+0.0008033	+0.0009829	+0.0011479	+0.0012887	+0.0014185	+0.0015300	+0.0016268	+0.0017177	+0.0018006	+0.0018802
2013-04	0.055	-0.0017429	-0.0014952	-0.0012748	-0.0010402	-0.0008205	-0.0005640	-0.0003045	-0.0000367	+0.0002368	+0.0005109	+0.0007674	+0.0010140	+0.0012317	+0.0014203	+0.0015831	+0.0017215	+0.0018372	+0.0019434	+0.0020382	+0.0021254	+0.0022087
2013-05	-0.004	-0.0021235	-0.0018344	-0.0015550	-0.0012713	-0.0009917	-0.0006803	-0.0003573	-0.0000274	+0.0003259	+0.0006644	+0.0009851	+0.0013028	+0.0015691	+0.0017877	+0.0019725	+0.0021275	+0.0022694	+0.0024000	+0.0025213	+0.0026340	+0.0027330
2013-06	-0.053	-0.0019747	-0.0017280	-0.0014608	-0.0011864	-0.0009268	-0.0006487	-0.0003449	-0.0000224	+0.0002874	+0.0005880	+0.0008777	+0.0011588	+0.0014127	+0.0016307	+0.0018188	+0.0019903	+0.0021352	+0.0022667	+0.0023906	+0.0025184	+0.0026473
2013-07	0.002	-0.0012187	-0.0010801	-0.0009394	-0.0007889	-0.0006270	-0.0004616	-0.0002848	-0.0000908	+0.0001123	+0.0003148	+0.0005101	+0.0007008	+0.0008782	+0.0010433	+0.0011973	+0.0013416	+0.0014771	+0.0015986	+0.0017113	+0.0018202	+0.0019148
2013-08	-0.012	-0.0012863	-0.0011295	-0.0009734	-0.0008279	-0.0006715	-0.0004962	-0.0003157	-0.0001263	+0.0000761	+0.0002801	+0.0004767	+0.0006745	+0.0008634	+0.0010427	+0.0012025	+0.0013443	+0.0014696	+0.0015834	+0.0017020	+0.0018228	+0.0019348
2013-09	0.018	-0.0013682	-0.0012258	-0.0010474	-0.0008752	-0.0006912	-0.0004999	-0.0003104	-0.0001069	+0.0000990	+0.0003055	+0.0005068	+0.0007039	+0.0008909	+0.0010629	+0.0012259	+0.0013735	+0.0015093	+0.0016323	+0.0017509	+0.0018571	+0.0019689
2013-10	0.020	-0.0016346	-0.0014457	-0.0012329	-0.0010214	-0.0007985	-0.0005729	-0.0003321	-0.0000823	+0.0001789	+0.0004387	+0.0006842	+0.0009152	+0.0011276	+0.0013228	+0.0014984	+0.0016569	+0.0017997	+0.0019322	+0.0020487	+0.0021488	+0.0022458
2013-11	0.022	-0.0016699	-0.0014681	-0.0012550	-0.0010300	-0.0007954	-0.0005541	-0.0003083	-0.0000550	+0.0001915	+0.0004409	+0.0006811	+0.0009060	+0.0011147	+0.0013043	+0.0014731	+0.0016249	+0.0017577	+0.0018784	+0.0019874	+0.0020856	+0.0021790
2013-12	0.019	-0.0017606	-0.0015515	-0.0013434	-0.0010925	-0.0008472	-0.0005940	-0.0003242	-0.0000523	+0.0002151	+0.0004860	+0.0007460	+0.0009989	+0.0012216	+0.0014211	+0.0015949	+0.0017547	+0.0018976	+0.0020308	+0.0021568	+0.0022715	+0.0023758
2014-01	-0.022	-0.0018144	-0.0015821	-0.0013642	-0.0011144	-0.0008629	-0.0005789	-0.0002980	-0.0000203	+0.0002562	+0.0005323	+0.0008100	+0.0010660	+0.0013026	+0.0015096	+0.0017004	+0.0018742	+0.0020295	+0.0021623	+0.0022824	+0.0023936	+0.0024909
2014-02	0.004	-0.0015716	-0.0014022	-0.0012207	-0.0010173	-0.0008064	-0.0005697	-0.0003303	-0.0000728	+0.0001858	+0.0004417	+0.0006834	+0.0009186	+0.0011385	+0.0013325	+0.0015094	+0.0016740	+0.0018197	+0.0019498	+0.0020705	+0.0021911	+0.0023228
2014-03	0.014	-0.0016861	-0.0014659	-0.0012557	-0.0010504	-0.0008315	-0.0006065	-0.0003749	-0.0001324	+0.0001286	+0.0003880	+0.0006352	+0.0008656	+0.0010765	+0.0012725	+0.0014526	+0.0016116	+0.0017595	+0.0018918	+0.0020189	+0.0021367	+0.0022408
2014-04	0.004	-0.0014568	-0.0012868	-0.0010962	-0.0009071	-0.0007176	-0.0005218	-0.0003102	-0.0000943	+0.0001334	+0.0003616	+0.0005801	+0.0007950	+0.0009955	+0.0011795	+0.0013520	+0.0015130	+0.0016598	+0.0017907	+0.0019145	+0.0020310	+0.0021422
2014-05	0.004	-0.0012687	-0.0011274	-0.0009870	-0.0008428	-0.0006839	-0.0005179	-0.0003490	-0.0001660	+0.0000150	+0.0002009	+0.0003872	+0.0005700	+0.0007481	+0.0009188	+0.0010792	+0.0012300	+0.0013731	+0.0015083	+0.0016309	+0.0017491	+0.0018562
2014-06	0.004	-0.0011161	-0.0009975	-0.0008830	-0.0007726	-0.0006578	-0.0005328	-0.0003981	-0.0002530	-0.0000949	+0.0000627	+0.0002216	+0.0003749	+0.0005236	+0.0006693	+0.0008110	+0.0009432	+0.0010653	+0.0011802	+0.0012889	+0.0013861	+0.0014799
2014-07	0.009	-0.0010730	-0.0009581	-0.0008497	-0.0007404	-0.0006236	-0.0004955	-0.0003599	-0.0002170	-0.0000678	+0.0000926	+0.0002542	+0.0004126	+0.0005652	+0.0007091	+0.0008433	+0.0009657	+0.0010774	+0.0011828	+0.0012779	+0.0013654	+0.0014443
2014-08	0.016	-0.0009612	-0.0008614	-0.0007595	-0.0006523	-0.0005378	-0.0004154	-0.0002901	-0.0001569	-0.0000172	+0.0001321	+0.0002819	+0.0004256	+0.0005683	+0.0007077	+0.0008391	+0.0009583	+0.0010691	+0.0011766	+0.0012749	+0.0013688	+0.0014640
2014-09	0.011	-0.0007611	-0.0006905	-0.0006181	-0.0005436	-0.0004654	-0.0003785	-0.0002854	-0.0001834	-0.0000762	+0.0000351	+0.0001472	+0.0002590	+0.0003675	+0.0004695	+0.0005619	+0.0006488	+0.0007266	+0.0007984	+0.0008642	+0.0009229	+0.0009779
2014-10	-0.002	-0.0007397	-0.0006695	-0.0005872	-0.0004961	-0.0004001	-0.0003020	-0.0002011	-0.0000955	+0.0000178	+0.0001352	+0.0002545	+0.0003678	+0.0004780	+0.0005827	+0.0006780	+0.0007647	+0.0008403	+0.0009093	+0.0009718	+0.0010303	+0.0010867
2014-11	0.068	-0.0008638	-0.0007700	-0.0006738	-0.0005618	-0.0004473	-0.0003252	-0.0001977	-0.0000603	+0.0000764	+0.0002164	+0.0003520	+0.0004779	+0.0005909	+0.0006918	+0.0007829	+0.0008667	+0.0009427	+0.0010153	+0.0010846	+0.0011480	+0.0012119
2014-12	0.009	-0.0012850	-0.0010935	-0.0009401	-0.0007753	-0.0005931	-0.0004076	-0.0002257	-0.0000226	+0.0001918	+0.0003965	+0.0005805	+0.0007612	+0.0009224	+0.0010576	+0.0011701	+0.0012685	+0.0013564	+0.0014381	+0.0015116	+0.0015805	+0.0016444
2015-01	-0.023	-0.0015063	-0.0013103	-0.0011099	-0.0009020	-0.0007075	-0.0004884	-0.0002555	-0.0000295	+0.0002018	+0.0004390	+0.0006522	+0.0008573	+0.0010396	+0.0011906	+0.0013176	+0.0014204	+0.0015113	+0.0015948	+0.0016712	+0.0017418	+0.0018096
2015-02	0.007	-0.0011963	-0.0010431	-0.0008747	-0.0007119	-0.0005443	-0.0003743	-0.0001944	-0.0000179	+0.0001671	+0.0003508	+0.0005236	+0.0006887	+0.0008346	+0.0009649	+0.0010825	+0.0011907	+0.0012870	+0.0013712	+0.0014518	+0.0015274	+0.0015915
