2013-03	0.002	-0.0025681	-0.0022686	-0.0019725	-0.0016576	-0.0013252	-0.0009815	-0.0005983	-0.0002067	+0.0001964	+0.0005879	+0.0009806	+0.0013473	+0.0016828	+0.0019875	+0.0022605	+0.0025038	+0.0027223	+0.0029051	+0.0030740	+0.0032342	+0.0033922
2013-04	0.064	-0.0023936	-0.0021056	-0.0018056	-0.0015201	-0.0012017	-0.0008753	-0.0005311	-0.0001786	+0.0001761	+0.0005424	+0.0008997	+0.0012409	+0.0015616	+0.0018498	+0.0021122	+0.0023490	+0.0025556	+0.0027341	+0.0028945	+0.0030411	+0.0031711
2013-05	-0.010	-0.0030957	-0.0026912	-0.0022463	-0.0018491	-0.0014509	-0.0010111	-0.0005741	-0.0001061	+0.0003590	+0.0008230	+0.0012921	+0.0017365	+0.0021187	+0.0024563	+0.0027540	+0.0030047	+0.0032354	+0.0034413	+0.0036197	+0.0037832	+0.0039181
2013-06	-0.086	-0.0025640	-0.0022844	-0.0019676	-0.0016512	-0.0013085	-0.0009518	-0.0005867	-0.0002094	+0.0001746	+0.0005610	+0.0009393	+0.0012942	+0.0016272	+0.0019325	+0.0022174	+0.0024689	+0.0026982	+0.0029097	+0.0030993	+0.0032766	+0.0034303
2013-07	-0.021	-0.0018596	-0.0017076	-0.0015326	-0.0013459	-0.0011428	-0.0009210	-0.0006846	-0.0004348	-0.0001711	+0.0001047	+0.0003795	+0.0006453	+0.0008954	+0.0011326	+0.0013493	+0.0015510	+0.0017359	+0.0019044	+0.0020522	+0.0021881	+0.0023148
2013-08	-0.048	-0.0017354	-0.0015320	-0.0013391	-0.0011375	-0.0009214	-0.0006813	-0.0004275	-0.0001728	+0.0000952	+0.0003756	+0.0006567	+0.0009270	+0.0011778	+0.0014141	+0.0016328	+0.0018379	+0.0020191	+0.0021802	+0.0023310	+0.0024735	+0.0026028
2013-09	0.021	-0.0016747	-0.0015074	-0.0013214	-0.0011330	-0.0009268	-0.0007055	-0.0004767	-0.0002414	+0.0000068	+0.0002599	+0.0005113	+0.0007506	+0.0009843	+0.0012071	+0.0014159	+0.0016043	+0.0017750	+0.0019325	+0.0020749	+0.0021985	+0.0023135
2013-10	0.040	-0.0021448	-0.0018786	-0.0016446	-0.0013955	-0.0010974	-0.0007983	-0.0004943	-0.0001831	+0.0001424	+0.0004675	+0.0007879	+0.0011047	+0.0013924	+0.0016576	+0.0018897	+0.0021017	+0.0022941	+0.0024600	+0.0026128	+0.0027521	+0.0028753
2013-11	0.006	-0.0019295	-0.0017179	-0.0014893	-0.0012632	-0.0010009	-0.0007261	-0.0004560	-0.0001775	+0.0001121	+0.0004082	+0.0007106	+0.0009978	+0.0012590	+0.0014971	+0.0017140	+0.0019185	+0.0021086	+0.0022726	+0.0024219	+0.0025644	+0.0026954
2013-12	-0.036	-0.0018506	-0.0016482	-0.0014399	-0.0012142	-0.0009809	-0.0007365	-0.0004821	-0.0002099	+0.0000730	+0.0003582	+0.0006413	+0.0009069	+0.0011600	+0.0013945	+0.0016080	+0.0018021	+0.0019817	+0.0021494	+0.0023106	+0.0024579	+0.0026002
2014-01	-0.051	-0.0019112	-0.0016972	-0.0014665	-0.0012387	-0.0010048	-0.0007478	-0.0004939	-0.0002402	+0.0000245	+0.0002956	+0.0005598	+0.0008228	+0.0010782	+0.0013167	+0.0015367	+0.0017418	+0.0019278	+0.0020888	+0.0022300	+0.0023572	+0.0024835
2014-02	0.013	-0.0016443	-0.0014922	-0.0013338	-0.0011688	-0.0009978	-0.0008150	-0.0006239	-0.0004110	-0.0001783	+0.0000654	+0.0003122	+0.0005529	+0.0007849	+0.0010155	+0.0012258	+0.0014237	+0.0016134	+0.0017927	+0.0019599	+0.0021125	+0.0022519
2014-03	0.024	-0.0016954	-0.0015541	-0.0013995	-0.0012397	-0.0010634	-0.0008793	-0.0006858	-0.0004751	-0.0002528	-0.0000211	+0.0002126	+0.0004478	+0.0006752	+0.0008973	+0.0011100	+0.0013037	+0.0014868	+0.0016581	+0.0018156	+0.0019651	+0.0020955
2014-04	0.041	-0.0017060	-0.0015757	-0.0014335	-0.0012774	-0.0011128	-0.0009329	-0.0007463	-0.0005543	-0.0003448	-0.0001168	+0.0001109	+0.0003434	+0.0005734	+0.0007951	+0.0010002	+0.0011946	+0.0013761	+0.0015445	+0.0016982	+0.0018300	+0.0019620
2014-05	0.024	-0.0017104	-0.0015788	-0.0014392	-0.0012934	-0.0011336	-0.0009632	-0.0007812	-0.0005879	-0.0003826	-0.0001649	+0.0000591	+0.0002894	+0.0005149	+0.0007274	+0.0009288	+0.0011229	+0.0013053	+0.0014626	+0.0016156	+0.0017580	+0.0018861
2014-06	-0.002	-0.0018299	-0.0017066	-0.0015820	-0.0014476	-0.0012971	-0.0011329	-0.0009540	-0.0007606	-0.0005564	-0.0003428	-0.0001204	+0.0001006	+0.0003168	+0.0005196	+0.0007073	+0.0008851	+0.0010521	+0.0012080	+0.0013545	+0.0014967	+0.0016346
2014-07	0.014	-0.0017560	-0.0016362	-0.0015123	-0.0013663	-0.0012137	-0.0010531	-0.0008812	-0.0006964	-0.0004998	-0.0002932	-0.0000803	+0.0001315	+0.0003375	+0.0005330	+0.0007208	+0.0008951	+0.0010661	+0.0012214	+0.0013630	+0.0014967	+0.0016320
2014-08	-0.012	-0.0017317	-0.0015941	-0.0014476	-0.0012996	-0.0011479	-0.0009862	-0.0008165	-0.0006300	-0.0004314	-0.0002261	-0.0000092	+0.0002064	+0.0004134	+0.0006109	+0.0007978	+0.0009696	+0.0011275	+0.0012796	+0.0014258	+0.0015624	+0.0016807
2014-09	-0.013	-0.0019490	-0.0018282	-0.0016976	-0.0015491	-0.0013964	-0.0012347	-0.0010612	-0.0008752	-0.0006724	-0.0004603	-0.0002402	-0.0000216	+0.0001868	+0.0003864	+0.0005787	+0.0007561	+0.0009240	+0.0010799	+0.0012167	+0.0013494	+0.0014787
2014-10	0.050	-0.0017364	-0.0016244	-0.0015037	-0.0013742	-0.0012385	-0.0010897	-0.0009287	-0.0007544	-0.0005736	-0.0003833	-0.0001850	+0.0000153	+0.0002153	+0.0004074	+0.0005877	+0.0007521	+0.0009063	+0.0010572	+0.0012026	+0.0013332	+0.0014538
2014-11	0.070	-0.0013268	-0.0012213	-0.0011072	-0.0009874	-0.0008532	-0.0007130	-0.0005602	-0.0003964	-0.0002183	-0.0000353	+0.0001504	+0.0003379	+0.0005196	+0.0006949	+0.0008575	+0.0010104	+0.0011521	+0.0012843	+0.0014086	+0.0015299	+0.0016419
2014-12	-0.017	-0.0015578	-0.0014024	-0.0012335	-0.0010490	-0.0008641	-0.0006704	-0.0004645	-0.0002509	-0.0000294	+0.0001981	+0.0004260	+0.0006426	+0.0008550	+0.0010459	+0.0012267	+0.0013908	+0.0015381	+0.0016830	+0.0018230	+0.0019541	+0.0020772
2015-01	-0.015	-0.0017107	-0.0015281	-0.0013241	-0.0011313	-0.0009318	-0.0007128	-0.0004851	-0.0002452	+0.0000024	+0.0002535	+0.0004985	+0.0007409	+0.0009658	+0.0011765	+0.0013666	+0.0015452	+0.0017093	+0.0018643	+0.0020084	+0.0021507	+0.0022779
2015-02	-0.001	-0.0015975	-0.0014065	-0.0012317	-0.0010540	-0.0008714	-0.0006844	-0.0004807	-0.0002679	-0.0000545	+0.0001635	+0.0003851	+0.0006084	+0.0008209	+0.0010197	+0.0012003	+0.0013704	+0.0015227	+0.0016684	+0.0018194	+0.0019764	+0.0021124
