2012-07	0.055	-0.0038664	-0.0035804	-0.0032931	-0.0029873	-0.0026751	-0.0023328	-0.0019739	-0.0016014	-0.0012086	-0.0007863	-0.0003561	+0.0000702	+0.0004817	+0.0008795	+0.0012562	+0.0015948	+0.0019136	+0.0022119	+0.0024967	+0.0027506	+0.0029857
2012-08	-0.023	-0.0036396	-0.0033753	-0.0031257	-0.0028631	-0.0025813	-0.0022841	-0.0019586	-0.0015953	-0.0012050	-0.0008018	-0.0003950	+0.0000136	+0.0004103	+0.0007981	+0.0011701	+0.0015311	+0.0018502	+0.0021426	+0.0024213	+0.0026706	+0.0029045
2012-09	0.036	-0.0035939	-0.0033626	-0.0031066	-0.0028377	-0.0025611	-0.0022509	-0.0019147	-0.0015470	-0.0011440	-0.0007245	-0.0002980	+0.0001352	+0.0005579	+0.0009608	+0.0013263	+0.0016635	+0.0019782	+0.0022616	+0.0025407	+0.0027976	+0.0030232
2012-10	-0.016	-0.0034486	-0.0031999	-0.0029364	-0.0026645	-0.0023939	-0.0021046	-0.0017817	-0.0014307	-0.0010554	-0.0006572	-0.0002551	+0.0001457	+0.0005316	+0.0009067	+0.0012610	+0.0015935	+0.0019153	+0.0022005	+0.0024535	+0.0026957	+0.0029323
2012-11	0.011	-0.0036069	-0.0033357	-0.0030738	-0.0028107	-0.0025296	-0.0022201	-0.0018906	-0.0015366	-0.0011583	-0.0007627	-0.0003635	+0.0000322	+0.0004281	+0.0008078	+0.0011625	+0.0014894	+0.0017985	+0.0021013	+0.0023914	+0.0026643	+0.0029246
2012-12	0.064	-0.0032192	-0.0029770	-0.0027148	-0.0024448	-0.0021593	-0.0018626	-0.0015511	-0.0012200	-0.0008686	-0.0004958	-0.0001133	+0.0002701	+0.0006479	+0.0010094	+0.0013496	+0.0016621	+0.0019510	+0.0022200	+0.0024644	+0.0027038	+0.0029198
2013-01	0.054	-0.0027606	-0.0025306	-0.0022943	-0.0020401	-0.0017642	-0.0014675	-0.0011567	-0.0008277	-0.0004723	-0.0001045	+0.0002667	+0.0006402	+0.0009977	+0.0013469	+0.0016689	+0.0019727	+0.0022516	+0.0025100	+0.0027480	+0.0029665	+0.0031535
2013-02	0.027	-0.0026554	-0.0023915	-0.0021105	-0.0017987	-0.0014557	-0.0010891	-0.0007137	-0.0003154	+0.0000916	+0.0005081	+0.0009312	+0.0013464	+0.0017405	+0.0021046	+0.0024319	+0.0027309	+0.0030134	+0.0032735	+0.0035083	+0.0037144	+0.0039015
2013-03	0.035	-0.0024266	-0.0022021	-0.0019141	-0.0016022	-0.0013044	-0.0010006	-0.0006639	-0.0003085	+0.0000646	+0.0004542	+0.0008411	+0.0012198	+0.0015832	+0.0019276	+0.0022420	+0.0025177	+0.0027653	+0.0029998	+0.0032165	+0.0034182	+0.0035895
2013-04	0.079	-0.0025868	-0.0023210	-0.0020372	-0.0017180	-0.0013707	-0.0010111	-0.0006435	-0.0002721	+0.0001152	+0.0005066	+0.0009115	+0.0012966	+0.0016605	+0.0020075	+0.0023140	+0.0026049	+0.0028746	+0.0031191	+0.0033533	+0.0035511	+0.0037144
2013-05	-0.074	-0.0030461	-0.0026444	-0.0022360	-0.0018423	-0.0014543	-0.0010459	-0.0006256	-0.0001968	+0.0002404	+0.0006936	+0.0011393	+0.0015752	+0.0019760	+0.0023492	+0.0026863	+0.0029804	+0.0032484	+0.0035018	+0.0037411	+0.0039688	+0.0041787
2013-06	-0.027	-0.0026874	-0.0024184	-0.0021318	-0.0018411	-0.0015452	-0.0012288	-0.0008828	-0.0005142	-0.0001254	+0.0002778	+0.0006895	+0.0010882	+0.0014673	+0.0018158	+0.0021279	+0.0024208	+0.0026973	+0.0029548	+0.0031765	+0.0033779	+0.0035631
2013-07	0.039	-0.0022629	-0.0020873	-0.0018932	-0.0016845	-0.0014609	-0.0012177	-0.0009569	-0.0006759	-0.0003796	-0.0000692	+0.0002481	+0.0005729	+0.0008944	+0.0011978	+0.0014805	+0.0017475	+0.0019980	+0.0022253	+0.0024365	+0.0026257	+0.0028056
2013-08	-0.054	-0.0023497	-0.0021427	-0.0019350	-0.0017112	-0.0014693	-0.0011955	-0.0009036	-0.0005973	-0.0002661	+0.0000738	+0.0004170	+0.0007667	+0.0011025	+0.0014187	+0.0017201	+0.0020089	+0.0022791	+0.0025256	+0.0027456	+0.0029595	+0.0031636
2013-09	0.034	-0.0023475	-0.0021361	-0.0019151	-0.0016926	-0.0014467	-0.0011814	-0.0009069	-0.0006236	-0.0003256	-0.0000053	+0.0003217	+0.0006482	+0.0009656	+0.0012645	+0.0015435	+0.0018008	+0.0020499	+0.0022786	+0.0024888	+0.0026884	+0.0028812
2013-10	0.043	-0.0026542	-0.0023502	-0.0020278	-0.0017027	-0.0013470	-0.0009833	-0.0006187	-0.0002201	+0.0001816	+0.0005845	+0.0009932	+0.0013888	+0.0017642	+0.0021168	+0.0024388	+0.0027271	+0.0029788	+0.0032185	+0.0034312	+0.0036319	+0.0038205
2013-11	-0.004	-0.0023722	-0.0021062	-0.0018512	-0.0015928	-0.0013148	-0.0010056	-0.0006664	-0.0003081	+0.0000665	+0.0004328	+0.0007978	+0.0011498	+0.0014855	+0.0018020	+0.0020890	+0.0023417	+0.0025734	+0.0027864	+0.0029893	+0.0031658	+0.0033253
2013-12	0.024	-0.0023405	-0.0020850	-0.0018263	-0.0015487	-0.0012560	-0.0009552	-0.0006435	-0.0003226	+0.0000137	+0.0003637	+0.0007095	+0.0010391	+0.0013495	+0.0016355	+0.0019079	+0.0021623	+0.0024012	+0.0026171	+0.0028190	+0.0029960	+0.0031721
2014-01	-0.054	-0.0024968	-0.0022086	-0.0019278	-0.0016238	-0.0012903	-0.0009469	-0.0005836	-0.0002186	+0.0001501	+0.0005274	+0.0008941	+0.0012584	+0.0015999	+0.0019101	+0.0021920	+0.0024490	+0.0026914	+0.0029167	+0.0031179	+0.0032937	+0.0034569
2014-02	0.054	-0.0020539	-0.0018541	-0.0016330	-0.0014080	-0.0011667	-0.0009230	-0.0006545	-0.0003626	-0.0000561	+0.0002552	+0.0005687	+0.0008848	+0.0011916	+0.0014809	+0.0017414	+0.0019765	+0.0021959	+0.0023930	+0.0025792	+0.0027588	+0.0029213
2014-03	0.032	-0.0024670	-0.0021709	-0.0018978	-0.0016077	-0.0012974	-0.0009870	-0.0006461	-0.0003038	+0.0000603	+0.0004341	+0.0008097	+0.0011625	+0.0014953	+0.0017929	+0.0020670	+0.0023217	+0.0025627	+0.0027969	+0.0030182	+0.0032114	+0.0033858
2014-04	0.020	-0.0024531	-0.0021653	-0.0018712	-0.0015552	-0.0012341	-0.0008853	-0.0005183	-0.0001485	+0.0002402	+0.0006282	+0.0010090	+0.0013710	+0.0017061	+0.0020244	+0.0023128	+0.0025802	+0.0028271	+0.0030557	+0.0032687	+0.0034623	+0.0036320
2014-05	0.029	-0.0021371	-0.0019214	-0.0016968	-0.0014518	-0.0011980	-0.0009294	-0.0006414	-0.0003361	-0.0000326	+0.0002843	+0.0006036	+0.0009040	+0.0011873	+0.0014519	+0.0016965	+0.0019279	+0.0021517	+0.0023670	+0.0025668	+0.0027480	+0.0029199
2014-06	0.033	-0.0021826	-0.0019438	-0.0017212	-0.0014854	-0.0012221	-0.0009556	-0.0006876	-0.0003976	-0.0000873	+0.0002273	+0.0005518	+0.0008654	+0.0011543	+0.0014249	+0.0016820	+0.0019130	+0.0021227	+0.0023257	+0.0025220	+0.0027026	+0.0028757
2014-07	0.014	-0.0021513	-0.0019069	-0.0016384	-0.0013888	-0.0011394	-0.0008662	-0.0005813	-0.0002843	+0.0000313	+0.0003491	+0.0006609	+0.0009743	+0.0012824	+0.0015718	+0.0018334	+0.0020588	+0.0022645	+0.0024440	+0.0026160	+0.0027766	+0.0029234
2014-08	0.039	-0.0020819	-0.0018683	-0.0016561	-0.0014324	-0.0011775	-0.0009185	-0.0006486	-0.0003537	-0.0000443	+0.0002727	+0.0005885	+0.0008962	+0.0011880	+0.0014681	+0.0017205	+0.0019557	+0.0021771	+0.0023832	+0.0025624	+0.0027278	+0.0028736
2014-09	-0.009	-0.0017772	-0.0016023	-0.0014196	-0.0012198	-0.0010028	-0.0007753	-0.0005393	-0.0002887	-0.0000294	+0.0002435	+0.0005145	+0.0007807	+0.0010397	+0.0012864	+0.0015145	+0.0017242	+0.0019271	+0.0021097	+0.0022805	+0.0024347	+0.0025736
2014-10	0.028	-0.0020103	-0.0017984	-0.0015764	-0.0013102	-0.0010395	-0.0007686	-0.0004753	-0.0001737	+0.0001329	+0.0004487	+0.0007594	+0.0010519	+0.0013294	+0.0015949	+0.0018346	+0.0020502	+0.0022422	+0.0024224	+0.0025847	+0.0027368	+0.0028845
2014-11	0.086	-0.0021352	-0.0019215	-0.0016619	-0.0013861	-0.0011170	-0.0008101	-0.0004904	-0.0001533	+0.0001940	+0.0005310	+0.0008648	+0.0011688	+0.0014455	+0.0016944	+0.0019242	+0.0021363	+0.0023308	+0.0025091	+0.0026686	+0.0028082	+0.0029396
2014-12	-0.031	-0.0025719	-0.0022680	-0.0019236	-0.0015710	-0.0012436	-0.0008827	-0.0005083	-0.0001176	+0.0002806	+0.0006742	+0.0010427	+0.0013883	+0.0017084	+0.0019893	+0.0022415	+0.0024712	+0.0026767	+0.0028640	+0.0030345	+0.0031883	+0.0033454
2015-01	0.000	-0.0026389	-0.0023080	-0.0019710	-0.0016231	-0.0012547	-0.0008830	-0.0004880	-0.0000704	+0.0003406	+0.0007449	+0.0011353	+0.0015037	+0.0018433	+0.0021512	+0.0024248	+0.0026661	+0.0028758	+0.0030784	+0.0032734	+0.0034586	+0.0036210
2015-02	0.017	-0.0026397	-0.0022923	-0.0019380	-0.0015964	-0.0012422	-0.0008749	-0.0005021	-0.0001148	+0.0002653	+0.0006527	+0.0010379	+0.0013930	+0.0017219	+0.0020220	+0.0022900	+0.0025308	+0.0027477	+0.0029529	+0.0031439	+0.0033236	+0.0035068
