2012-05	-0.105	-0.0031602	-0.0029385	-0.0027037	-0.0024499	-0.0021902	-0.0019113	-0.0016170	-0.0013039	-0.0009707	-0.0006201	-0.0002685	+0.0000821	+0.0004205	+0.0007370	+0.0010413	+0.0013181	+0.0015706	+0.0018016	+0.0020188	+0.0022355	+0.0024263
2012-06	0.014	-0.0034492	-0.0032316	-0.0030054	-0.0027654	-0.0024961	-0.0022063	-0.0018931	-0.0015592	-0.0012134	-0.0008523	-0.0004903	-0.0001247	+0.0002371	+0.0005805	+0.0009086	+0.0012189	+0.0015106	+0.0017828	+0.0020269	+0.0022448	+0.0024616
2012-07	0.033	-0.0033130	-0.0031121	-0.0028724	-0.0026060	-0.0023358	-0.0020540	-0.0017612	-0.0014432	-0.0011065	-0.0007500	-0.0003833	-0.0000206	+0.0003356	+0.0006786	+0.0009925	+0.0012830	+0.0015463	+0.0017944	+0.0020500	+0.0022906	+0.0025157
2012-08	0.005	-0.0033048	-0.0031076	-0.0028900	-0.0026479	-0.0023823	-0.0020972	-0.0018021	-0.0014779	-0.0011340	-0.0007839	-0.0004250	-0.0000580	+0.0002905	+0.0006277	+0.0009387	+0.0012362	+0.0015182	+0.0017828	+0.0020339	+0.0022627	+0.0024716
2012-09	0.033	-0.0032474	-0.0030294	-0.0028087	-0.0025786	-0.0023259	-0.0020634	-0.0017775	-0.0014652	-0.0011352	-0.0007787	-0.0004162	-0.0000483	+0.0003162	+0.0006697	+0.0009987	+0.0012980	+0.0015754	+0.0018307	+0.0020560	+0.0022598	+0.0024597
2012-10	0.040	-0.0030714	-0.0028653	-0.0026429	-0.0024202	-0.0021709	-0.0019082	-0.0016267	-0.0013302	-0.0010137	-0.0006803	-0.0003448	-0.0000116	+0.0003279	+0.0006654	+0.0009823	+0.0012683	+0.0015297	+0.0017777	+0.0019947	+0.0022113	+0.0024127
2012-11	0.050	-0.0028134	-0.0026120	-0.0023916	-0.0021657	-0.0019273	-0.0016703	-0.0013991	-0.0011111	-0.0007980	-0.0004737	-0.0001390	+0.0001936	+0.0005146	+0.0008196	+0.0010971	+0.0013578	+0.0016095	+0.0018510	+0.0020838	+0.0023057	+0.0024926
2012-12	0.067	-0.0025700	-0.0023887	-0.0021800	-0.0019642	-0.0017347	-0.0014928	-0.0012369	-0.0009536	-0.0006560	-0.0003408	-0.0000155	+0.0003057	+0.0006214	+0.0009253	+0.0012116	+0.0014782	+0.0017408	+0.0019813	+0.0021974	+0.0024016	+0.0025953
2013-01	0.094	-0.0022443	-0.0020411	-0.0018198	-0.0015783	-0.0013212	-0.0010595	-0.0007760	-0.0004701	-0.0001466	+0.0001929	+0.0005371	+0.0008845	+0.0012233	+0.0015270	+0.0018147	+0.0020932	+0.0023361	+0.0025565	+0.0027564	+0.0029420	+0.0031181
2013-02	0.003	-0.0030737	-0.0026820	-0.0022291	-0.0017931	-0.0013096	-0.0008054	-0.0003184	+0.0001983	+0.0007135	+0.0012202	+0.0017252	+0.0022167	+0.0026506	+0.0030272	+0.0033532	+0.0036356	+0.0038881	+0.0041186	+0.0043402	+0.0045377	+0.0047242
2013-03	0.032	-0.0025191	-0.0022243	-0.0019265	-0.0015838	-0.0012341	-0.0008577	-0.0004826	-0.0001025	+0.0003082	+0.0007185	+0.0011183	+0.0014889	+0.0018236	+0.0021236	+0.0023914	+0.0026439	+0.0028869	+0.0031020	+0.0032845	+0.0034567	+0.0036150
2013-04	0.070	-0.0034301	-0.0030247	-0.0025815	-0.0021390	-0.0016752	-0.0011608	-0.0006501	-0.0001601	+0.0003624	+0.0008881	+0.0014065	+0.0018828	+0.0023093	+0.0026701	+0.0029869	+0.0032610	+0.0034948	+0.0037005	+0.0038819	+0.0040461	+0.0042031
2013-05	0.030	-0.0036589	-0.0031868	-0.0027111	-0.0022241	-0.0017586	-0.0011773	-0.0005872	-0.0000078	+0.0005965	+0.0011884	+0.0017448	+0.0022831	+0.0027643	+0.0031499	+0.0034752	+0.0037497	+0.0039777	+0.0041676	+0.0043331	+0.0044867	+0.0046341
2013-06	-0.104	-0.0036588	-0.0032545	-0.0027769	-0.0022229	-0.0017131	-0.0011515	-0.0005877	-0.0000339	+0.0005508	+0.0011195	+0.0016529	+0.0021540	+0.0026211	+0.0030177	+0.0033438	+0.0036078	+0.0038412	+0.0040555	+0.0042623	+0.0044504	+0.0046239
2013-07	0.036	-0.0021932	-0.0019477	-0.0016835	-0.0014061	-0.0011213	-0.0008107	-0.0004957	-0.0001547	+0.0001958	+0.0005548	+0.0009069	+0.0012464	+0.0015694	+0.0018745	+0.0021470	+0.0023888	+0.0026198	+0.0028413	+0.0030352	+0.0032241	+0.0033855
2013-08	-0.051	-0.0024878	-0.0022039	-0.0019327	-0.0016347	-0.0013344	-0.0010018	-0.0006255	-0.0002353	+0.0001697	+0.0005619	+0.0009427	+0.0013276	+0.0016813	+0.0020114	+0.0023048	+0.0025699	+0.0028082	+0.0030342	+0.0032388	+0.0034290	+0.0035964
2013-09	0.064	-0.0023165	-0.0020742	-0.0017845	-0.0014924	-0.0011997	-0.0009002	-0.0005707	-0.0002340	+0.0001083	+0.0004657	+0.0008205	+0.0011631	+0.0014870	+0.0017872	+0.0020596	+0.0023098	+0.0025491	+0.0027626	+0.0029517	+0.0031275	+0.0032885
2013-10	0.033	-0.0032798	-0.0028347	-0.0024312	-0.0019969	-0.0015510	-0.0010611	-0.0005482	-0.0000268	+0.0005034	+0.0010218	+0.0015155	+0.0019776	+0.0024098	+0.0027914	+0.0031386	+0.0034365	+0.0036864	+0.0039070	+0.0041158	+0.0043095	+0.0044835
2013-11	0.020	-0.0032760	-0.0028821	-0.0024734	-0.0020184	-0.0015478	-0.0010804	-0.0005686	-0.0000691	+0.0004215	+0.0009189	+0.0014139	+0.0018671	+0.0022757	+0.0026293	+0.0029409	+0.0032157	+0.0034687	+0.0036947	+0.0038947	+0.0040700	+0.0042367
2013-12	0.032	-0.0032728	-0.0028871	-0.0024718	-0.0020173	-0.0015544	-0.0011136	-0.0006217	-0.0001165	+0.0003803	+0.0008820	+0.0013641	+0.0018314	+0.0022594	+0.0026202	+0.0029352	+0.0032188	+0.0034747	+0.0037024	+0.0039125	+0.0041112	+0.0042874
2014-01	-0.040	-0.0032987	-0.0028876	-0.0024240	-0.0019733	-0.0014957	-0.0009882	-0.0005014	+0.0000132	+0.0005319	+0.0010468	+0.0015433	+0.0020106	+0.0024411	+0.0028156	+0.0031442	+0.0034322	+0.0036930	+0.0039362	+0.0041543	+0.0043508	+0.0045390
2014-02	0.036	-0.0029429	-0.0026085	-0.0022384	-0.0018842	-0.0015019	-0.0010719	-0.0006088	-0.0001603	+0.0002971	+0.0007589	+0.0012095	+0.0016340	+0.0020253	+0.0023677	+0.0026819	+0.0029684	+0.0032291	+0.0034500	+0.0036574	+0.0038498	+0.0040296
2014-03	-0.010	-0.0031762	-0.0027121	-0.0022967	-0.0019116	-0.0015062	-0.0010819	-0.0006451	-0.0001922	+0.0002826	+0.0007710	+0.0012433	+0.0016860	+0.0020793	+0.0024402	+0.0027611	+0.0030390	+0.0032907	+0.0035158	+0.0037148	+0.0038942	+0.0040578
2014-04	0.003	-0.0025566	-0.0022271	-0.0019371	-0.0016137	-0.0012746	-0.0009296	-0.0005415	-0.0001230	+0.0002822	+0.0007036	+0.0011027	+0.0014799	+0.0018391	+0.0021639	+0.0024648	+0.0027402	+0.0029844	+0.0032151	+0.0034266	+0.0036250	+0.0038049
2014-05	0.014	-0.0024912	-0.0022219	-0.0019383	-0.0016623	-0.0013561	-0.0010432	-0.0007097	-0.0003565	-0.0000033	+0.0003581	+0.0007111	+0.0010448	+0.0013554	+0.0016492	+0.0019171	+0.0021621	+0.0023942	+0.0026136	+0.0028062	+0.0029879	+0.0031574
2014-06	0.015	-0.0022767	-0.0020137	-0.0017720	-0.0015103	-0.0012447	-0.0009834	-0.0007029	-0.0004067	-0.0001041	+0.0002091	+0.0005215	+0.0008352	+0.0011364	+0.0014147	+0.0016707	+0.0019111	+0.0021309	+0.0023374	+0.0025271	+0.0027120	+0.0028820
2014-07	0.038	-0.0020710	-0.0018649	-0.0016465	-0.0014218	-0.0011952	-0.0009513	-0.0006904	-0.0004156	-0.0001225	+0.0001801	+0.0004873	+0.0007945	+0.0010819	+0.0013551	+0.0016087	+0.0018422	+0.0020517	+0.0022423	+0.0024235	+0.0025872	+0.0027349
2014-08	0.007	-0.0020617	-0.0018655	-0.0016480	-0.0014172	-0.0011693	-0.0009059	-0.0006164	-0.0003176	-0.0000130	+0.0002963	+0.0006095	+0.0009156	+0.0011997	+0.0014711	+0.0017220	+0.0019502	+0.0021625	+0.0023593	+0.0025399	+0.0027090	+0.0028660
2014-09	0.012	-0.0019325	-0.0017522	-0.0015758	-0.0013823	-0.0011696	-0.0009382	-0.0006971	-0.0004405	-0.0001663	+0.0001199	+0.0004015	+0.0006804	+0.0009489	+0.0011983	+0.0014245	+0.0016329	+0.0018304	+0.0020127	+0.0021892	+0.0023573	+0.0025102
2014-10	0.009	-0.0017143	-0.0015470	-0.0013761	-0.0011906	-0.0009879	-0.0007789	-0.0005526	-0.0003105	-0.0000603	+0.0001932	+0.0004513	+0.0007057	+0.0009583	+0.0012046	+0.0014285	+0.0016420	+0.0018425	+0.0020159	+0.0021749	+0.0023302	+0.0024697
2014-11	0.081	-0.0018403	-0.0016619	-0.0014430	-0.0012195	-0.0009754	-0.0007088	-0.0004452	-0.0001845	+0.0000967	+0.0003835	+0.0006636	+0.0009308	+0.0011870	+0.0014180	+0.0016347	+0.0018356	+0.0020115	+0.0021705	+0.0023211	+0.0024605	+0.0025867
2014-12	-0.018	-0.0023132	-0.0020464	-0.0017696	-0.0014727	-0.0011696	-0.0008439	-0.0005101	-0.0001768	+0.0001597	+0.0005016	+0.0008352	+0.0011582	+0.0014645	+0.0017330	+0.0019803	+0.0021993	+0.0023874	+0.0025556	+0.0027170	+0.0028677	+0.0030018
2015-01	-0.007	-0.0022630	-0.0020245	-0.0017535	-0.0014564	-0.0011413	-0.0008029	-0.0004696	-0.0001204	+0.0002321	+0.0005872	+0.0009361	+0.0012630	+0.0015664	+0.0018370	+0.0020728	+0.0022824	+0.0024766	+0.0026521	+0.0028131	+0.0029667	+0.0031055
2015-02	-0.005	-0.0021901	-0.0019162	-0.0016329	-0.0013599	-0.0010888	-0.0007870	-0.0004780	-0.0001654	+0.0001689	+0.0005001	+0.0008120	+0.0011100	+0.0013926	+0.0016446	+0.0018665	+0.0020667	+0.0022460	+0.0024047	+0.0025491	+0.0026737	+0.0027973
