2012-05	-0.086	-0.0025300	-0.0023402	-0.0021517	-0.0019417	-0.0017243	-0.0014886	-0.0012370	-0.0009643	-0.0006774	-0.0003803	-0.0000800	+0.0002097	+0.0004872	+0.0007582	+0.0010194	+0.0012649	+0.0014861	+0.0016889	+0.0018827	+0.0020567	+0.0022073
2012-06	0.018	-0.0025985	-0.0024244	-0.0022357	-0.0020227	-0.0018074	-0.0015698	-0.0013219	-0.0010606	-0.0007917	-0.0005033	-0.0002087	+0.0000850	+0.0003709	+0.0006488	+0.0009063	+0.0011473	+0.0013604	+0.0015554	+0.0017403	+0.0019081	+0.0020568
2012-07	0.026	-0.0028541	-0.0026671	-0.0024627	-0.0022396	-0.0020102	-0.0017678	-0.0015004	-0.0012202	-0.0009261	-0.0006191	-0.0003023	+0.0000174	+0.0003338	+0.0006289	+0.0009050	+0.0011620	+0.0014018	+0.0016208	+0.0018225	+0.0020121	+0.0021850
2012-08	-0.007	-0.0027487	-0.0025712	-0.0023759	-0.0021851	-0.0019930	-0.0017761	-0.0015352	-0.0012760	-0.0010031	-0.0007081	-0.0004100	-0.0001084	+0.0001873	+0.0004721	+0.0007457	+0.0010033	+0.0012412	+0.0014581	+0.0016490	+0.0018259	+0.0019962
2012-09	0.029	-0.0027852	-0.0026282	-0.0024481	-0.0022521	-0.0020397	-0.0018087	-0.0015563	-0.0012853	-0.0009993	-0.0007029	-0.0003983	-0.0000929	+0.0002078	+0.0004967	+0.0007653	+0.0010142	+0.0012382	+0.0014498	+0.0016477	+0.0018410	+0.0020087
2012-10	-0.012	-0.0025412	-0.0023661	-0.0021831	-0.0019842	-0.0017877	-0.0015645	-0.0013294	-0.0010840	-0.0008191	-0.0005354	-0.0002518	+0.0000312	+0.0003096	+0.0005786	+0.0008330	+0.0010690	+0.0012923	+0.0014936	+0.0016751	+0.0018390	+0.0019918
2012-11	0.020	-0.0026554	-0.0024676	-0.0022797	-0.0020808	-0.0018697	-0.0016421	-0.0014008	-0.0011381	-0.0008634	-0.0005834	-0.0002893	+0.0000022	+0.0002882	+0.0005580	+0.0008134	+0.0010520	+0.0012783	+0.0014866	+0.0016814	+0.0018556	+0.0020408
2012-12	0.066	-0.0023415	-0.0021829	-0.0019993	-0.0018047	-0.0016052	-0.0014052	-0.0011799	-0.0009334	-0.0006736	-0.0004055	-0.0001294	+0.0001418	+0.0004075	+0.0006619	+0.0009123	+0.0011446	+0.0013485	+0.0015382	+0.0017228	+0.0018975	+0.0020547
2013-01	0.011	-0.0019674	-0.0017764	-0.0015815	-0.0013953	-0.0011929	-0.0009771	-0.0007482	-0.0005035	-0.0002514	+0.0000105	+0.0002774	+0.0005460	+0.0008052	+0.0010445	+0.0012721	+0.0014845	+0.0016896	+0.0018729	+0.0020391	+0.0022018	+0.0023467
2013-02	0.022	-0.0019118	-0.0016843	-0.0014286	-0.0011739	-0.0009077	-0.0006283	-0.0003365	-0.0000354	+0.0002764	+0.0005943	+0.0009134	+0.0012105	+0.0014968	+0.0017564	+0.0019970	+0.0022153	+0.0024039	+0.0025709	+0.0027269	+0.0028745	+0.0030076
2013-03	0.008	-0.0017893	-0.0015932	-0.0013955	-0.0011599	-0.0009154	-0.0006723	-0.0004219	-0.0001475	+0.0001290	+0.0004037	+0.0006809	+0.0009550	+0.0012084	+0.0014417	+0.0016572	+0.0018505	+0.0020314	+0.0021983	+0.0023460	+0.0024818	+0.0026079
2013-04	0.041	-0.0019560	-0.0017305	-0.0014985	-0.0012598	-0.0009944	-0.0007157	-0.0004305	-0.0001415	+0.0001625	+0.0004714	+0.0007703	+0.0010551	+0.0013200	+0.0015654	+0.0017888	+0.0019898	+0.0021803	+0.0023558	+0.0025123	+0.0026483	+0.0027587
2013-05	-0.033	-0.0023291	-0.0020435	-0.0017404	-0.0014448	-0.0011381	-0.0008219	-0.0004986	-0.0001553	+0.0001899	+0.0005438	+0.0008919	+0.0012175	+0.0015187	+0.0017819	+0.0020225	+0.0022282	+0.0024186	+0.0025949	+0.0027579	+0.0029111	+0.0030454
2013-06	-0.030	-0.0018795	-0.0016845	-0.0014699	-0.0012528	-0.0010389	-0.0008037	-0.0005513	-0.0002888	-0.0000103	+0.0002701	+0.0005560	+0.0008355	+0.0010968	+0.0013387	+0.0015529	+0.0017491	+0.0019313	+0.0020936	+0.0022417	+0.0023787	+0.0025107
2013-07	0.022	-0.0014610	-0.0013400	-0.0012148	-0.0010832	-0.0009436	-0.0007891	-0.0006216	-0.0004420	-0.0002528	-0.0000573	+0.0001471	+0.0003551	+0.0005598	+0.0007580	+0.0009457	+0.0011201	+0.0012785	+0.0014270	+0.0015688	+0.0016995	+0.0018173
2013-08	-0.031	-0.0014591	-0.0013388	-0.0012096	-0.0010676	-0.0009201	-0.0007586	-0.0005836	-0.0003954	-0.0001979	+0.0000109	+0.0002239	+0.0004347	+0.0006435	+0.0008440	+0.0010294	+0.0012035	+0.0013668	+0.0015182	+0.0016552	+0.0017832	+0.0019036
2013-09	0.023	-0.0014565	-0.0013314	-0.0011977	-0.0010619	-0.0009121	-0.0007520	-0.0005873	-0.0004111	-0.0002199	-0.0000225	+0.0001776	+0.0003815	+0.0005789	+0.0007634	+0.0009370	+0.0010971	+0.0012446	+0.0013820	+0.0015127	+0.0016329	+0.0017484
2013-10	0.027	-0.0016521	-0.0014775	-0.0012904	-0.0010942	-0.0008760	-0.0006435	-0.0003949	-0.0001413	+0.0001196	+0.0003795	+0.0006334	+0.0008819	+0.0011164	+0.0013371	+0.0015450	+0.0017340	+0.0018971	+0.0020411	+0.0021770	+0.0023053	+0.0024327
2013-11	0.008	-0.0014807	-0.0013258	-0.0011689	-0.0010003	-0.0008221	-0.0006337	-0.0004151	-0.0001833	+0.0000467	+0.0002746	+0.0005031	+0.0007252	+0.0009423	+0.0011459	+0.0013339	+0.0015046	+0.0016598	+0.0017999	+0.0019156	+0.0020268	+0.0021265
2013-12	0.007	-0.0015054	-0.0013344	-0.0011709	-0.0009948	-0.0008019	-0.0005992	-0.0003966	-0.0001838	+0.0000426	+0.0002835	+0.0005114	+0.0007277	+0.0009285	+0.0011180	+0.0013005	+0.0014648	+0.0016140	+0.0017580	+0.0018916	+0.0020189	+0.0021351
2014-01	-0.040	-0.0016690	-0.0014601	-0.0012718	-0.0010621	-0.0008455	-0.0006239	-0.0003840	-0.0001385	+0.0001031	+0.0003460	+0.0005844	+0.0008137	+0.0010269	+0.0012282	+0.0014108	+0.0015799	+0.0017351	+0.0018793	+0.0020024	+0.0021211	+0.0022418
2014-02	0.030	-0.0012850	-0.0011584	-0.0010197	-0.0008797	-0.0007381	-0.0005841	-0.0004181	-0.0002357	-0.0000455	+0.0001468	+0.0003419	+0.0005395	+0.0007274	+0.0009045	+0.0010750	+0.0012306	+0.0013726	+0.0015043	+0.0016244	+0.0017455	+0.0018661
2014-03	0.015	-0.0014900	-0.0013283	-0.0011543	-0.0009842	-0.0008044	-0.0006076	-0.0004060	-0.0002002	+0.0000112	+0.0002348	+0.0004581	+0.0006748	+0.0008732	+0.0010592	+0.0012342	+0.0013970	+0.0015463	+0.0016860	+0.0018214	+0.0019537	+0.0020791
2014-04	0.002	-0.0014498	-0.0013010	-0.0011236	-0.0009389	-0.0007456	-0.0005534	-0.0003485	-0.0001382	+0.0000797	+0.0003008	+0.0005137	+0.0007227	+0.0009303	+0.0011239	+0.0012998	+0.0014575	+0.0015994	+0.0017369	+0.0018659	+0.0019892	+0.0021008
2014-05	0.014	-0.0012761	-0.0011680	-0.0010540	-0.0009325	-0.0007921	-0.0006432	-0.0004869	-0.0003196	-0.0001478	+0.0000297	+0.0002068	+0.0003802	+0.0005472	+0.0007078	+0.0008595	+0.0010035	+0.0011434	+0.0012746	+0.0013944	+0.0014982	+0.0015985
2014-06	-0.003	-0.0012542	-0.0011429	-0.0010268	-0.0009046	-0.0007668	-0.0006259	-0.0004777	-0.0003203	-0.0001527	+0.0000218	+0.0001951	+0.0003657	+0.0005285	+0.0006854	+0.0008324	+0.0009694	+0.0011003	+0.0012197	+0.0013309	+0.0014349	+0.0015338
2014-07	0.004	-0.0011346	-0.0010371	-0.0009336	-0.0008229	-0.0007006	-0.0005709	-0.0004348	-0.0002940	-0.0001450	+0.0000137	+0.0001760	+0.0003426	+0.0005064	+0.0006653	+0.0008114	+0.0009457	+0.0010684	+0.0011779	+0.0012735	+0.0013623	+0.0014465
2014-08	0.014	-0.0011338	-0.0010408	-0.0009358	-0.0008269	-0.0007041	-0.0005709	-0.0004379	-0.0002950	-0.0001468	+0.0000102	+0.0001701	+0.0003335	+0.0004941	+0.0006470	+0.0007875	+0.0009184	+0.0010440	+0.0011604	+0.0012628	+0.0013545	+0.0014395
2014-09	-0.011	-0.0009957	-0.0009141	-0.0008323	-0.0007445	-0.0006520	-0.0005532	-0.0004471	-0.0003342	-0.0002111	-0.0000801	+0.0000538	+0.0001895	+0.0003220	+0.0004499	+0.0005679	+0.0006813	+0.0007938	+0.0008982	+0.0009918	+0.0010800	+0.0011582
2014-10	0.025	-0.0009322	-0.0008432	-0.0007547	-0.0006652	-0.0005656	-0.0004583	-0.0003431	-0.0002219	-0.0000908	+0.0000441	+0.0001793	+0.0003130	+0.0004475	+0.0005736	+0.0006909	+0.0007990	+0.0008965	+0.0009858	+0.0010663	+0.0011426	+0.0012133
2014-11	0.040	-0.0009754	-0.0008828	-0.0007781	-0.0006620	-0.0005387	-0.0004074	-0.0002708	-0.0001293	+0.0000159	+0.0001639	+0.0003109	+0.0004542	+0.0005893	+0.0007144	+0.0008304	+0.0009373	+0.0010341	+0.0011227	+0.0012059	+0.0012795	+0.0013461
2014-12	-0.024	-0.0010957	-0.0009713	-0.0008404	-0.0007033	-0.0005648	-0.0004125	-0.0002475	-0.0000835	+0.0000822	+0.0002524	+0.0004165	+0.0005750	+0.0007198	+0.0008545	+0.0009756	+0.0010847	+0.0011835	+0.0012746	+0.0013618	+0.0014409	+0.0015105
2015-01	-0.002	-0.0011520	-0.0010252	-0.0008901	-0.0007320	-0.0005844	-0.0004240	-0.0002580	-0.0000879	+0.0000839	+0.0002567	+0.0004252	+0.0005864	+0.0007375	+0.0008758	+0.0010014	+0.0011178	+0.0012222	+0.0013209	+0.0014095	+0.0014923	+0.0015729
2015-02	0.004	-0.0010504	-0.0009218	-0.0007930	-0.0006611	-0.0005231	-0.0003842	-0.0002436	-0.0000995	+0.0000517	+0.0002076	+0.0003619	+0.0005123	+0.0006495	+0.0007797	+0.0008997	+0.0010051	+0.0011003	+0.0011911	+0.0012806	+0.0013622	+0.0014382
