2013-12	0.002	-0.0014436	-0.0013116	-0.0011614	-0.0009964	-0.0008240	-0.0006397	-0.0004468	-0.0002478	-0.0000377	+0.0001786	+0.0003990	+0.0006075	+0.0008103	+0.0010060	+0.0011852	+0.0013477	+0.0015010	+0.0016403	+0.0017694	+0.0018944	+0.0020189
2014-01	-0.031	-0.0013709	-0.0012196	-0.0010595	-0.0009029	-0.0007370	-0.0005694	-0.0003901	-0.0001998	-0.0000015	+0.0001994	+0.0004054	+0.0006093	+0.0008062	+0.0009931	+0.0011628	+0.0013192	+0.0014611	+0.0015933	+0.0017151	+0.0018270	+0.0019281
2014-02	0.022	-0.0013097	-0.0011884	-0.0010588	-0.0009260	-0.0007908	-0.0006425	-0.0004822	-0.0003147	-0.0001368	+0.0000488	+0.0002414	+0.0004304	+0.0006129	+0.0007850	+0.0009472	+0.0010969	+0.0012381	+0.0013734	+0.0014966	+0.0016064	+0.0017058
2014-03	0.002	-0.0012793	-0.0011556	-0.0010386	-0.0009111	-0.0007735	-0.0006301	-0.0004727	-0.0003031	-0.0001230	+0.0000652	+0.0002560	+0.0004410	+0.0006224	+0.0007958	+0.0009579	+0.0011055	+0.0012325	+0.0013471	+0.0014503	+0.0015475	+0.0016410
2014-04	0.025	-0.0012843	-0.0011871	-0.0010751	-0.0009523	-0.0008214	-0.0006769	-0.0005264	-0.0003676	-0.0001976	-0.0000202	+0.0001607	+0.0003436	+0.0005178	+0.0006883	+0.0008448	+0.0009943	+0.0011304	+0.0012538	+0.0013727	+0.0014809	+0.0015770
2014-05	0.016	-0.0013213	-0.0012079	-0.0010848	-0.0009635	-0.0008355	-0.0006991	-0.0005534	-0.0003996	-0.0002337	-0.0000539	+0.0001274	+0.0003081	+0.0004750	+0.0006315	+0.0007782	+0.0009141	+0.0010357	+0.0011465	+0.0012509	+0.0013546	+0.0014515
2014-06	0.019	-0.0013586	-0.0012614	-0.0011463	-0.0010145	-0.0008865	-0.0007550	-0.0006142	-0.0004634	-0.0003033	-0.0001388	+0.0000279	+0.0001954	+0.0003589	+0.0005103	+0.0006515	+0.0007828	+0.0009053	+0.0010191	+0.0011321	+0.0012470	+0.0013482
2014-07	0.020	-0.0013004	-0.0011994	-0.0010956	-0.0009898	-0.0008752	-0.0007433	-0.0006019	-0.0004545	-0.0002987	-0.0001383	+0.0000229	+0.0001781	+0.0003273	+0.0004683	+0.0006034	+0.0007313	+0.0008488	+0.0009570	+0.0010567	+0.0011523	+0.0012355
2014-08	0.014	-0.0013013	-0.0012045	-0.0011010	-0.0009969	-0.0008842	-0.0007612	-0.0006255	-0.0004838	-0.0003318	-0.0001689	-0.0000054	+0.0001533	+0.0003085	+0.0004532	+0.0005866	+0.0007133	+0.0008286	+0.0009383	+0.0010398	+0.0011390	+0.0012275
2014-09	-0.049	-0.0012723	-0.0011831	-0.0010903	-0.0009863	-0.0008757	-0.0007539	-0.0006192	-0.0004707	-0.0003195	-0.0001644	-0.0000064	+0.0001472	+0.0002976	+0.0004373	+0.0005671	+0.0006922	+0.0008107	+0.0009191	+0.0010225	+0.0011263	+0.0012164
2014-10	0.021	-0.0011188	-0.0010266	-0.0009240	-0.0008177	-0.0007098	-0.0005934	-0.0004673	-0.0003346	-0.0001946	-0.0000494	+0.0000981	+0.0002427	+0.0003830	+0.0005180	+0.0006412	+0.0007560	+0.0008659	+0.0009737	+0.0010763	+0.0011656	+0.0012481
2014-11	0.005	-0.0010189	-0.0009069	-0.0007825	-0.0006558	-0.0005242	-0.0003918	-0.0002505	-0.0001025	+0.0000613	+0.0002256	+0.0003831	+0.0005317	+0.0006741	+0.0008079	+0.0009306	+0.0010402	+0.0011416	+0.0012357	+0.0013256	+0.0014085	+0.0014865
2014-12	0.001	-0.0009403	-0.0008473	-0.0007456	-0.0006351	-0.0005176	-0.0003889	-0.0002558	-0.0001164	+0.0000280	+0.0001719	+0.0003141	+0.0004521	+0.0005819	+0.0007035	+0.0008159	+0.0009193	+0.0010118	+0.0010988	+0.0011807	+0.0012546	+0.0013200
2015-01	-0.019	-0.0010331	-0.0009165	-0.0007989	-0.0006764	-0.0005551	-0.0004231	-0.0002854	-0.0001446	-0.0000007	+0.0001474	+0.0002945	+0.0004375	+0.0005720	+0.0006970	+0.0008141	+0.0009230	+0.0010255	+0.0011160	+0.0012040	+0.0012862	+0.0013634
2015-02	-0.008	-0.0008834	-0.0008030	-0.0007170	-0.0006246	-0.0005276	-0.0004299	-0.0003246	-0.0002147	-0.0000969	+0.0000269	+0.0001519	+0.0002766	+0.0003981	+0.0005131	+0.0006206	+0.0007224	+0.0008142	+0.0008947	+0.0009707	+0.0010367	+0.0011002
