2012-05	-0.103	-0.0034126	-0.0031303	-0.0028501	-0.0025448	-0.0022180	-0.0018915	-0.0015513	-0.0011842	-0.0007984	-0.0003918	+0.0000296	+0.0004498	+0.0008641	+0.0012518	+0.0016195	+0.0019582	+0.0022799	+0.0025651	+0.0028243	+0.0030746	+0.0033035
2012-06	0.004	-0.0030103	-0.0027623	-0.0025138	-0.0022561	-0.0019674	-0.0016551	-0.0013219	-0.0009888	-0.0006372	-0.0002697	+0.0001143	+0.0004955	+0.0008644	+0.0012065	+0.0015293	+0.0018248	+0.0020962	+0.0023544	+0.0026037	+0.0028355	+0.0030484
2012-07	0.027	-0.0032453	-0.0030177	-0.0027647	-0.0024790	-0.0021796	-0.0018612	-0.0015245	-0.0011712	-0.0008111	-0.0004364	-0.0000504	+0.0003367	+0.0007115	+0.0010696	+0.0014008	+0.0017156	+0.0020142	+0.0022683	+0.0025049	+0.0027402	+0.0029530
2012-08	-0.024	-0.0033966	-0.0031718	-0.0029044	-0.0026342	-0.0023492	-0.0020501	-0.0017133	-0.0013595	-0.0009839	-0.0005996	-0.0002163	+0.0001457	+0.0005073	+0.0008627	+0.0012010	+0.0015144	+0.0018057	+0.0020742	+0.0023205	+0.0025597	+0.0028007
2012-09	0.032	-0.0033453	-0.0031225	-0.0028926	-0.0026491	-0.0023883	-0.0020939	-0.0017771	-0.0014337	-0.0010675	-0.0006799	-0.0002866	+0.0001083	+0.0004900	+0.0008536	+0.0012055	+0.0015295	+0.0018233	+0.0020870	+0.0023262	+0.0025447	+0.0027625
2012-10	0.059	-0.0032672	-0.0030543	-0.0028094	-0.0025531	-0.0022793	-0.0019916	-0.0016833	-0.0013515	-0.0009887	-0.0006003	-0.0002024	+0.0001892	+0.0005603	+0.0009166	+0.0012489	+0.0015511	+0.0018313	+0.0021058	+0.0023597	+0.0025971	+0.0028148
2012-11	0.007	-0.0031489	-0.0029082	-0.0026545	-0.0023808	-0.0020910	-0.0017950	-0.0014878	-0.0011610	-0.0008124	-0.0004464	-0.0000812	+0.0002813	+0.0006308	+0.0009630	+0.0012825	+0.0015653	+0.0018297	+0.0020849	+0.0023463	+0.0026061	+0.0028622
2012-12	0.036	-0.0031175	-0.0028913	-0.0026686	-0.0024173	-0.0021551	-0.0018841	-0.0015869	-0.0012686	-0.0009300	-0.0005744	-0.0001961	+0.0001759	+0.0005461	+0.0009024	+0.0012299	+0.0015366	+0.0018250	+0.0021069	+0.0023571	+0.0025926	+0.0028288
2013-01	0.072	-0.0026200	-0.0024084	-0.0021798	-0.0019383	-0.0016852	-0.0014034	-0.0011044	-0.0007818	-0.0004425	-0.0000905	+0.0002705	+0.0006311	+0.0009850	+0.0013257	+0.0016465	+0.0019391	+0.0021959	+0.0024348	+0.0026532	+0.0028778	+0.0031014
2013-02	0.070	-0.0023016	-0.0020522	-0.0017706	-0.0014611	-0.0011418	-0.0008098	-0.0004506	-0.0000818	+0.0002997	+0.0006849	+0.0010736	+0.0014563	+0.0018258	+0.0021727	+0.0025029	+0.0028056	+0.0030744	+0.0033092	+0.0035287	+0.0037311	+0.0039057
2013-03	0.058	-0.0022923	-0.0020651	-0.0018012	-0.0015225	-0.0012167	-0.0008981	-0.0005737	-0.0002163	+0.0001543	+0.0005114	+0.0008747	+0.0012265	+0.0015554	+0.0018665	+0.0021592	+0.0024287	+0.0026725	+0.0028922	+0.0030953	+0.0032805	+0.0034679
2013-04	0.051	-0.0032078	-0.0028226	-0.0024279	-0.0020245	-0.0016067	-0.0011789	-0.0007560	-0.0003053	+0.0001683	+0.0006419	+0.0011144	+0.0015570	+0.0019541	+0.0023299	+0.0026665	+0.0029747	+0.0032486	+0.0035074	+0.0037549	+0.0039915	+0.0041934
2013-05	0.058	-0.0033182	-0.0028970	-0.0025129	-0.0021201	-0.0016735	-0.0012116	-0.0007177	-0.0002153	+0.0002865	+0.0007951	+0.0012879	+0.0017723	+0.0021938	+0.0025620	+0.0028950	+0.0031984	+0.0034753	+0.0037131	+0.0039304	+0.0041332	+0.0043226
2013-06	-0.132	-0.0033954	-0.0029726	-0.0025439	-0.0020947	-0.0016284	-0.0011486	-0.0006453	-0.0001365	+0.0003832	+0.0009153	+0.0014317	+0.0019212	+0.0023647	+0.0027537	+0.0031010	+0.0034118	+0.0037047	+0.0039745	+0.0042327	+0.0044692	+0.0046873
2013-07	-0.055	-0.0025167	-0.0022767	-0.0020040	-0.0016946	-0.0013779	-0.0010636	-0.0007303	-0.0003748	+0.0000072	+0.0003898	+0.0007764	+0.0011600	+0.0015209	+0.0018557	+0.0021704	+0.0024548	+0.0027185	+0.0029626	+0.0031801	+0.0033813	+0.0035694
2013-08	-0.170	-0.0025465	-0.0023384	-0.0021104	-0.0018587	-0.0015920	-0.0012939	-0.0009780	-0.0006568	-0.0003147	+0.0000494	+0.0004245	+0.0007963	+0.0011516	+0.0014848	+0.0018060	+0.0021144	+0.0024001	+0.0026540	+0.0029004	+0.0031441	+0.0033841
2013-09	0.019	-0.0030488	-0.0028309	-0.0025873	-0.0023320	-0.0020703	-0.0017835	-0.0014762	-0.0011418	-0.0007760	-0.0003937	-0.0000029	+0.0003831	+0.0007623	+0.0011208	+0.0014441	+0.0017514	+0.0020458	+0.0023122	+0.0025627	+0.0028000	+0.0030251
2013-10	0.073	-0.0029740	-0.0027142	-0.0024434	-0.0021554	-0.0018440	-0.0015260	-0.0011833	-0.0008006	-0.0003911	+0.0000334	+0.0004558	+0.0008887	+0.0013237	+0.0017404	+0.0021236	+0.0024823	+0.0028006	+0.0030979	+0.0033790	+0.0036377	+0.0038725
2013-11	-0.100	-0.0031000	-0.0028230	-0.0025283	-0.0022183	-0.0018872	-0.0015601	-0.0012131	-0.0008275	-0.0004120	+0.0000260	+0.0004727	+0.0009236	+0.0013487	+0.0017520	+0.0021227	+0.0024706	+0.0027804	+0.0030709	+0.0033302	+0.0035686	+0.0038033
2013-12	-0.009	-0.0032435	-0.0030130	-0.0027707	-0.0024730	-0.0021555	-0.0018192	-0.0014692	-0.0011023	-0.0007184	-0.0003115	+0.0001047	+0.0005153	+0.0009100	+0.0012892	+0.0016461	+0.0019755	+0.0022671	+0.0025295	+0.0027724	+0.0029946	+0.0031961
2014-01	0.036	-0.0032202	-0.0029566	-0.0026682	-0.0023760	-0.0020824	-0.0017662	-0.0014196	-0.0010375	-0.0006274	-0.0002181	+0.0001996	+0.0006104	+0.0010072	+0.0013873	+0.0017414	+0.0020842	+0.0024025	+0.0026992	+0.0029827	+0.0032448	+0.0035183
2014-02	0.060	-0.0032607	-0.0029777	-0.0027094	-0.0024322	-0.0021388	-0.0018046	-0.0014489	-0.0010677	-0.0006750	-0.0002604	+0.0001632	+0.0005976	+0.0010190	+0.0014116	+0.0017765	+0.0021200	+0.0024360	+0.0027288	+0.0030151	+0.0032767	+0.0034877
2014-03	0.060	-0.0032937	-0.0030352	-0.0027413	-0.0024485	-0.0021380	-0.0018012	-0.0014356	-0.0010440	-0.0006328	-0.0001950	+0.0002491	+0.0006921	+0.0011163	+0.0015154	+0.0018893	+0.0022401	+0.0025702	+0.0028614	+0.0031283	+0.0033937	+0.0036412
2014-04	-0.007	-0.0031490	-0.0028955	-0.0026138	-0.0023260	-0.0020022	-0.0016531	-0.0012875	-0.0009011	-0.0004884	-0.0000447	+0.0004031	+0.0008631	+0.0013128	+0.0017241	+0.0021041	+0.0024650	+0.0027903	+0.0031005	+0.0033921	+0.0036620	+0.0039017
2014-05	0.026	-0.0034366	-0.0031529	-0.0028515	-0.0025494	-0.0022330	-0.0019031	-0.0015386	-0.0011483	-0.0007361	-0.0003149	+0.0001142	+0.0005455	+0.0009685	+0.0013818	+0.0017624	+0.0021035	+0.0024213	+0.0027158	+0.0029950	+0.0032557	+0.0035091
2014-06	-0.061	-0.0035322	-0.0032199	-0.0029096	-0.0025929	-0.0022758	-0.0019434	-0.0015956	-0.0012219	-0.0008145	-0.0003793	+0.0000696	+0.0005102	+0.0009266	+0.0013238	+0.0016981	+0.0020421	+0.0023594	+0.0026559	+0.0029357	+0.0032139	+0.0034364
2014-07	0.089	-0.0039086	-0.0036593	-0.0033903	-0.0030984	-0.0027917	-0.0024603	-0.0021072	-0.0017114	-0.0012941	-0.0008593	-0.0004021	+0.0000506	+0.0004868	+0.0008958	+0.0012798	+0.0016231	+0.0019456	+0.0022509	+0.0025234	+0.0027890	+0.0030556
2014-08	0.018	-0.0035254	-0.0032781	-0.0030137	-0.0027271	-0.0024260	-0.0021054	-0.0017591	-0.0013896	-0.0009969	-0.0005920	-0.0001696	+0.0002510	+0.0006594	+0.0010410	+0.0013975	+0.0017263	+0.0020463	+0.0023280	+0.0025918	+0.0028394	+0.0030672
2014-09	0.000	-0.0037515	-0.0035039	-0.0032403	-0.0029524	-0.0026343	-0.0023076	-0.0019735	-0.0016052	-0.0012035	-0.0007798	-0.0003453	+0.0000832	+0.0004914	+0.0008873	+0.0012686	+0.0016208	+0.0019470	+0.0022536	+0.0025580	+0.0028427	+0.0031259
2014-10	-0.012	-0.0037349	-0.0034429	-0.0031501	-0.0028561	-0.0025490	-0.0022228	-0.0018777	-0.0015125	-0.0011274	-0.0007252	-0.0003032	+0.0001236	+0.0005228	+0.0009086	+0.0012807	+0.0016289	+0.0019639	+0.0022893	+0.0025731	+0.0028435	+0.0030780
2014-11	0.093	-0.0032599	-0.0030348	-0.0027948	-0.0025302	-0.0022560	-0.0019590	-0.0016438	-0.0013031	-0.0009446	-0.0005736	-0.0001923	+0.0002010	+0.0005787	+0.0009331	+0.0012678	+0.0015721	+0.0018479	+0.0021062	+0.0023463	+0.0025725	+0.0027702
2014-12	-0.004	-0.0028504	-0.0025993	-0.0023441	-0.0020858	-0.0018054	-0.0015120	-0.0011955	-0.0008533	-0.0004836	-0.0001024	+0.0002847	+0.0006720	+0.0010492	+0.0014070	+0.0017433	+0.0020544	+0.0023446	+0.0026121	+0.0028602	+0.0030882	+0.0032916
2015-01	-0.004	-0.0026228	-0.0023533	-0.0020732	-0.0017766	-0.0014570	-0.0011159	-0.0007524	-0.0003457	+0.0000836	+0.0005251	+0.0009495	+0.0013604	+0.0017501	+0.0021129	+0.0024465	+0.0027603	+0.0030458	+0.0032991	+0.0035329	+0.0037621	+0.0039653
2015-02	-0.003	-0.0029238	-0.0025570	-0.0022162	-0.0018874	-0.0015350	-0.0011415	-0.0007490	-0.0003455	+0.0000718	+0.0005005	+0.0009244	+0.0013270	+0.0017062	+0.0020566	+0.0023752	+0.0026602	+0.0029247	+0.0031616	+0.0033825	+0.0035890	+0.0037819
