2012-08	0.019	-0.0012977	-0.0012051	-0.0011062	-0.0009959	-0.0008689	-0.0007341	-0.0005906	-0.0004338	-0.0002670	-0.0000976	+0.0000723	+0.0002404	+0.0004035	+0.0005570	+0.0007004	+0.0008369	+0.0009644	+0.0010789	+0.0011824	+0.0012809	+0.0013705
2012-09	0.002	-0.0012217	-0.0011100	-0.0009884	-0.0008685	-0.0007423	-0.0006076	-0.0004692	-0.0003270	-0.0001762	-0.0000162	+0.0001476	+0.0003120	+0.0004750	+0.0006301	+0.0007739	+0.0009064	+0.0010276	+0.0011405	+0.0012448	+0.0013398	+0.0014368
2012-10	0.034	-0.0011448	-0.0010561	-0.0009542	-0.0008405	-0.0007202	-0.0005960	-0.0004616	-0.0003150	-0.0001617	+0.0000017	+0.0001667	+0.0003307	+0.0004887	+0.0006369	+0.0007785	+0.0009104	+0.0010256	+0.0011316	+0.0012276	+0.0013242	+0.0014132
2012-11	0.031	-0.0012941	-0.0011638	-0.0010250	-0.0008835	-0.0007286	-0.0005694	-0.0004013	-0.0002258	-0.0000449	+0.0001379	+0.0003204	+0.0004968	+0.0006642	+0.0008214	+0.0009701	+0.0011138	+0.0012467	+0.0013689	+0.0014814	+0.0015813	+0.0016762
2012-12	0.057	-0.0015093	-0.0013354	-0.0011511	-0.0009694	-0.0007800	-0.0005808	-0.0003679	-0.0001482	+0.0000804	+0.0003042	+0.0005246	+0.0007394	+0.0009407	+0.0011257	+0.0012887	+0.0014361	+0.0015693	+0.0016933	+0.0018027	+0.0019107	+0.0020051
2013-01	0.063	-0.0017912	-0.0015469	-0.0013138	-0.0010691	-0.0008277	-0.0005643	-0.0002747	+0.0000041	+0.0002994	+0.0005967	+0.0008832	+0.0011508	+0.0013877	+0.0015957	+0.0017718	+0.0019214	+0.0020591	+0.0021821	+0.0022939	+0.0023955	+0.0024843
2013-02	0.005	-0.0023304	-0.0020148	-0.0016817	-0.0013470	-0.0009878	-0.0006223	-0.0002274	+0.0001643	+0.0005909	+0.0009669	+0.0013179	+0.0016972	+0.0020342	+0.0022811	+0.0024740	+0.0026328	+0.0027751	+0.0029034	+0.0030183	+0.0031229	+0.0032209
2013-03	0.030	-0.0020877	-0.0018100	-0.0015326	-0.0012916	-0.0009858	-0.0006487	-0.0003246	+0.0000089	+0.0003583	+0.0007042	+0.0010290	+0.0013373	+0.0016081	+0.0018284	+0.0020083	+0.0021649	+0.0022949	+0.0024086	+0.0025157	+0.0026172	+0.0027091
2013-04	0.044	-0.0025645	-0.0022603	-0.0018957	-0.0015420	-0.0012124	-0.0008232	-0.0004106	-0.0000147	+0.0004057	+0.0008297	+0.0012047	+0.0015856	+0.0019246	+0.0021811	+0.0023824	+0.0025520	+0.0026906	+0.0028123	+0.0029311	+0.0030426	+0.0031560
2013-05	0.019	-0.0027801	-0.0024329	-0.0020577	-0.0016781	-0.0013148	-0.0009091	-0.0004635	-0.0000246	+0.0004400	+0.0009043	+0.0012982	+0.0017006	+0.0020768	+0.0023583	+0.0025808	+0.0027630	+0.0029106	+0.0030400	+0.0031583	+0.0032752	+0.0033815
2013-06	-0.047	-0.0027141	-0.0024238	-0.0020486	-0.0016661	-0.0012852	-0.0008499	-0.0003998	+0.0000089	+0.0004611	+0.0008985	+0.0012902	+0.0016746	+0.0020346	+0.0023151	+0.0025411	+0.0027299	+0.0028977	+0.0030583	+0.0032149	+0.0033659	+0.0034949
2013-07	0.016	-0.0018746	-0.0016229	-0.0013784	-0.0011157	-0.0008527	-0.0005939	-0.0003156	-0.0000198	+0.0002798	+0.0005851	+0.0008770	+0.0011550	+0.0014031	+0.0016276	+0.0018263	+0.0020029	+0.0021644	+0.0023106	+0.0024487	+0.0025878	+0.0027098
2013-08	-0.008	-0.0019246	-0.0017058	-0.0014632	-0.0012116	-0.0009395	-0.0006542	-0.0003643	-0.0000575	+0.0002509	+0.0005515	+0.0008529	+0.0011355	+0.0013999	+0.0016378	+0.0018437	+0.0020272	+0.0021911	+0.0023389	+0.0024675	+0.0025852	+0.0026974
2013-09	0.012	-0.0019970	-0.0017386	-0.0014892	-0.0012190	-0.0009247	-0.0006375	-0.0003330	-0.0000201	+0.0002962	+0.0006042	+0.0009008	+0.0011853	+0.0014421	+0.0016708	+0.0018745	+0.0020597	+0.0022273	+0.0023810	+0.0025208	+0.0026578	+0.0027779
2013-10	0.023	-0.0023369	-0.0020363	-0.0017322	-0.0014139	-0.0010986	-0.0007423	-0.0003788	-0.0000085	+0.0003819	+0.0007610	+0.0011052	+0.0014283	+0.0017328	+0.0019921	+0.0022099	+0.0024079	+0.0025803	+0.0027286	+0.0028626	+0.0029770	+0.0030870
2013-11	0.034	-0.0022907	-0.0019956	-0.0016827	-0.0013890	-0.0010491	-0.0007054	-0.0003674	-0.0000130	+0.0003444	+0.0006852	+0.0010133	+0.0013334	+0.0016110	+0.0018514	+0.0020588	+0.0022425	+0.0023979	+0.0025304	+0.0026476	+0.0027669	+0.0028755
2013-12	0.027	-0.0025004	-0.0022089	-0.0018839	-0.0015473	-0.0011827	-0.0008123	-0.0004373	-0.0000462	+0.0003390	+0.0007178	+0.0010866	+0.0014374	+0.0017551	+0.0020256	+0.0022451	+0.0024282	+0.0025928	+0.0027492	+0.0029002	+0.0030307	+0.0031531
2014-01	-0.014	-0.0024982	-0.0021594	-0.0018104	-0.0014480	-0.0010913	-0.0007255	-0.0003465	+0.0000491	+0.0004387	+0.0008229	+0.0011997	+0.0015504	+0.0018664	+0.0021310	+0.0023562	+0.0025473	+0.0027105	+0.0028549	+0.0029849	+0.0031121	+0.0032378
2014-02	0.012	-0.0022541	-0.0019590	-0.0017042	-0.0014215	-0.0010985	-0.0007520	-0.0003825	-0.0000053	+0.0003764	+0.0007374	+0.0010898	+0.0014227	+0.0017280	+0.0019818	+0.0021993	+0.0023907	+0.0025594	+0.0027142	+0.0028682	+0.0030175	+0.0031406
2014-03	0.006	-0.0025159	-0.0021510	-0.0017928	-0.0014841	-0.0011497	-0.0007988	-0.0004441	-0.0000809	+0.0002899	+0.0006743	+0.0010373	+0.0013597	+0.0016639	+0.0019276	+0.0021535	+0.0023393	+0.0025043	+0.0026468	+0.0027720	+0.0028902	+0.0029986
2014-04	0.000	-0.0021102	-0.0018541	-0.0015588	-0.0012568	-0.0009740	-0.0006672	-0.0003512	-0.0000204	+0.0003229	+0.0006524	+0.0009691	+0.0012726	+0.0015447	+0.0017829	+0.0019906	+0.0021801	+0.0023482	+0.0024985	+0.0026371	+0.0027694	+0.0028897
2014-05	-0.002	-0.0019381	-0.0017043	-0.0014770	-0.0012399	-0.0009981	-0.0007347	-0.0004531	-0.0001730	+0.0001179	+0.0003967	+0.0006604	+0.0009116	+0.0011443	+0.0013580	+0.0015522	+0.0017343	+0.0018988	+0.0020450	+0.0021840	+0.0023045	+0.0024188
2014-06	0.004	-0.0015777	-0.0014025	-0.0012199	-0.0010324	-0.0008376	-0.0006363	-0.0004233	-0.0002038	+0.0000167	+0.0002478	+0.0004713	+0.0006828	+0.0008822	+0.0010654	+0.0012372	+0.0013959	+0.0015392	+0.0016759	+0.0018005	+0.0019142	+0.0020264
2014-07	0.003	-0.0014268	-0.0012692	-0.0011095	-0.0009386	-0.0007679	-0.0005939	-0.0003996	-0.0001957	+0.0000190	+0.0002395	+0.0004583	+0.0006671	+0.0008636	+0.0010434	+0.0012069	+0.0013503	+0.0014767	+0.0015968	+0.0017096	+0.0018102	+0.0019022
2014-08	0.014	-0.0012601	-0.0011322	-0.0009949	-0.0008443	-0.0006878	-0.0005285	-0.0003547	-0.0001717	+0.0000202	+0.0002142	+0.0004066	+0.0005935	+0.0007706	+0.0009391	+0.0010956	+0.0012349	+0.0013627	+0.0014774	+0.0015808	+0.0016771	+0.0017727
2014-09	0.022	-0.0011171	-0.0009917	-0.0008681	-0.0007460	-0.0006185	-0.0004795	-0.0003354	-0.0001828	-0.0000191	+0.0001501	+0.0003173	+0.0004797	+0.0006393	+0.0007862	+0.0009149	+0.0010327	+0.0011486	+0.0012549	+0.0013582	+0.0014595	+0.0015490
2014-10	0.009	-0.0009647	-0.0008657	-0.0007623	-0.0006535	-0.0005262	-0.0003859	-0.0002432	-0.0000931	+0.0000661	+0.0002274	+0.0003917	+0.0005500	+0.0007016	+0.0008425	+0.0009691	+0.0010861	+0.0011901	+0.0012833	+0.0013664	+0.0014449	+0.0015233
2014-11	0.057	-0.0011910	-0.0010568	-0.0009228	-0.0007772	-0.0006188	-0.0004495	-0.0002672	-0.0000778	+0.0001209	+0.0003180	+0.0005021	+0.0006742	+0.0008320	+0.0009782	+0.0011045	+0.0012204	+0.0013295	+0.0014280	+0.0015193	+0.0016013	+0.0016786
2014-12	0.008	-0.0015551	-0.0013350	-0.0011442	-0.0009466	-0.0007344	-0.0005071	-0.0002902	-0.0000528	+0.0001892	+0.0004245	+0.0006481	+0.0008632	+0.0010511	+0.0012161	+0.0013556	+0.0014767	+0.0015811	+0.0016742	+0.0017557	+0.0018323	+0.0019000
2015-01	-0.012	-0.0016555	-0.0014308	-0.0012214	-0.0009957	-0.0007572	-0.0005254	-0.0002750	-0.0000240	+0.0002375	+0.0004995	+0.0007418	+0.0009737	+0.0011824	+0.0013650	+0.0015217	+0.0016598	+0.0017852	+0.0018918	+0.0019935	+0.0020917	+0.0021895
2015-02	-0.003	-0.0015537	-0.0013225	-0.0011266	-0.0009333	-0.0007055	-0.0004932	-0.0002610	-0.0000223	+0.0002175	+0.0004500	+0.0006739	+0.0008880	+0.0010821	+0.0012495	+0.0013980	+0.0015307	+0.0016521	+0.0017639	+0.0018623	+0.0019494	+0.0020281
