2012-05	-0.092	-0.0021347	-0.0019914	-0.0018244	-0.0016434	-0.0014674	-0.0012748	-0.0010697	-0.0008542	-0.0006260	-0.0003949	-0.0001609	+0.0000682	+0.0002880	+0.0004981	+0.0007016	+0.0008932	+0.0010641	+0.0012241	+0.0013810	+0.0015326	+0.0016732
2012-06	0.018	-0.0025380	-0.0023778	-0.0022135	-0.0020470	-0.0018664	-0.0016688	-0.0014534	-0.0012275	-0.0009937	-0.0007447	-0.0004869	-0.0002299	+0.0000264	+0.0002675	+0.0004989	+0.0007195	+0.0009332	+0.0011262	+0.0013073	+0.0014843	+0.0016465
2012-07	0.019	-0.0025862	-0.0024359	-0.0022751	-0.0020843	-0.0018895	-0.0016832	-0.0014685	-0.0012432	-0.0009947	-0.0007332	-0.0004646	-0.0001885	+0.0000872	+0.0003593	+0.0006105	+0.0008441	+0.0010548	+0.0012568	+0.0014603	+0.0016526	+0.0018399
2012-08	0.010	-0.0023767	-0.0022412	-0.0021017	-0.0019531	-0.0017926	-0.0016136	-0.0014136	-0.0011924	-0.0009575	-0.0007092	-0.0004529	-0.0001994	+0.0000583	+0.0003054	+0.0005454	+0.0007766	+0.0009912	+0.0011875	+0.0013800	+0.0015524	+0.0017083
2012-09	0.016	-0.0021841	-0.0020510	-0.0019152	-0.0017670	-0.0016078	-0.0014309	-0.0012387	-0.0010303	-0.0008031	-0.0005577	-0.0002972	-0.0000385	+0.0002128	+0.0004453	+0.0006633	+0.0008793	+0.0010868	+0.0012785	+0.0014641	+0.0016392	+0.0017959
2012-10	0.007	-0.0021315	-0.0019894	-0.0018425	-0.0016797	-0.0015123	-0.0013397	-0.0011550	-0.0009585	-0.0007496	-0.0005265	-0.0002977	-0.0000600	+0.0001773	+0.0004087	+0.0006198	+0.0008123	+0.0009954	+0.0011623	+0.0013271	+0.0014853	+0.0016216
2012-11	0.037	-0.0021006	-0.0019455	-0.0018022	-0.0016478	-0.0014830	-0.0013059	-0.0011121	-0.0009102	-0.0006998	-0.0004795	-0.0002562	-0.0000316	+0.0001924	+0.0004018	+0.0005938	+0.0007708	+0.0009428	+0.0011112	+0.0012671	+0.0014083	+0.0015308
2012-12	0.055	-0.0017085	-0.0015827	-0.0014513	-0.0013142	-0.0011658	-0.0010046	-0.0008341	-0.0006526	-0.0004579	-0.0002495	-0.0000387	+0.0001699	+0.0003776	+0.0005738	+0.0007563	+0.0009249	+0.0010838	+0.0012382	+0.0013851	+0.0015215	+0.0016440
2013-01	0.072	-0.0014281	-0.0013025	-0.0011677	-0.0010250	-0.0008629	-0.0006935	-0.0005098	-0.0003148	-0.0001130	+0.0000914	+0.0003030	+0.0005165	+0.0007294	+0.0009319	+0.0011225	+0.0012933	+0.0014538	+0.0016052	+0.0017463	+0.0018772	+0.0019935
2013-02	0.014	-0.0018151	-0.0015923	-0.0013534	-0.0011003	-0.0008348	-0.0005501	-0.0002585	+0.0000401	+0.0003415	+0.0006469	+0.0009508	+0.0012423	+0.0015143	+0.0017597	+0.0019721	+0.0021613	+0.0023298	+0.0024752	+0.0026100	+0.0027322	+0.0028420
2013-03	0.039	-0.0016463	-0.0014588	-0.0012728	-0.0010526	-0.0008295	-0.0005963	-0.0003556	-0.0000942	+0.0001743	+0.0004434	+0.0007030	+0.0009567	+0.0011958	+0.0014104	+0.0016049	+0.0017809	+0.0019436	+0.0020945	+0.0022327	+0.0023559	+0.0024775
2013-04	0.072	-0.0022714	-0.0019949	-0.0017256	-0.0014094	-0.0010864	-0.0007803	-0.0004323	-0.0000874	+0.0002436	+0.0005936	+0.0009418	+0.0012590	+0.0015413	+0.0017975	+0.0020287	+0.0022237	+0.0023965	+0.0025533	+0.0026935	+0.0028160	+0.0029239
2013-05	0.008	-0.0028485	-0.0024248	-0.0020554	-0.0017075	-0.0013224	-0.0009045	-0.0004767	-0.0000392	+0.0004076	+0.0008549	+0.0012919	+0.0016998	+0.0020530	+0.0023443	+0.0025874	+0.0027992	+0.0029821	+0.0031498	+0.0033014	+0.0034423	+0.0035695
2013-06	-0.064	-0.0027298	-0.0023545	-0.0020091	-0.0016585	-0.0013105	-0.0009077	-0.0005019	-0.0000905	+0.0003255	+0.0007363	+0.0011363	+0.0015059	+0.0018525	+0.0021445	+0.0023970	+0.0026214	+0.0028314	+0.0030222	+0.0031936	+0.0033474	+0.0034966
2013-07	0.017	-0.0017247	-0.0015211	-0.0013256	-0.0011121	-0.0009047	-0.0006814	-0.0004351	-0.0001747	+0.0000980	+0.0003761	+0.0006491	+0.0009089	+0.0011598	+0.0013898	+0.0016005	+0.0017966	+0.0019732	+0.0021429	+0.0023113	+0.0024737	+0.0026311
2013-08	-0.016	-0.0018526	-0.0016513	-0.0014542	-0.0012453	-0.0010155	-0.0007682	-0.0005053	-0.0002284	+0.0000559	+0.0003424	+0.0006260	+0.0009111	+0.0011785	+0.0014271	+0.0016527	+0.0018615	+0.0020531	+0.0022311	+0.0023983	+0.0025591	+0.0026971
2013-09	0.034	-0.0019950	-0.0017680	-0.0015178	-0.0012671	-0.0010013	-0.0007389	-0.0004592	-0.0001620	+0.0001340	+0.0004417	+0.0007368	+0.0010234	+0.0013014	+0.0015492	+0.0017729	+0.0019855	+0.0021805	+0.0023692	+0.0025314	+0.0026766	+0.0028193
2013-10	0.021	-0.0026394	-0.0023206	-0.0019836	-0.0015985	-0.0012226	-0.0008420	-0.0004571	-0.0000333	+0.0004015	+0.0008286	+0.0012270	+0.0015985	+0.0019420	+0.0022424	+0.0025065	+0.0027388	+0.0029415	+0.0031285	+0.0032939	+0.0034409	+0.0035761
2013-11	0.034	-0.0025727	-0.0022510	-0.0019138	-0.0015744	-0.0012010	-0.0008303	-0.0004435	-0.0000538	+0.0003267	+0.0007079	+0.0010755	+0.0014197	+0.0017382	+0.0020211	+0.0022690	+0.0024906	+0.0026812	+0.0028467	+0.0029932	+0.0031336	+0.0032692
2013-12	0.026	-0.0027124	-0.0023876	-0.0020347	-0.0016637	-0.0012749	-0.0008941	-0.0004659	-0.0000508	+0.0003507	+0.0007680	+0.0011744	+0.0015699	+0.0019113	+0.0022077	+0.0024698	+0.0026947	+0.0028933	+0.0030748	+0.0032413	+0.0033975	+0.0035385
2014-01	-0.039	-0.0027467	-0.0024080	-0.0020203	-0.0015978	-0.0011966	-0.0008062	-0.0003996	+0.0000288	+0.0004482	+0.0008730	+0.0012853	+0.0016770	+0.0020278	+0.0023295	+0.0025941	+0.0028302	+0.0030440	+0.0032255	+0.0033855	+0.0035347	+0.0036775
2014-02	0.009	-0.0024106	-0.0021494	-0.0018597	-0.0015710	-0.0012395	-0.0008825	-0.0004918	-0.0001105	+0.0002893	+0.0006744	+0.0010404	+0.0013924	+0.0017150	+0.0020002	+0.0022541	+0.0024764	+0.0026815	+0.0028690	+0.0030461	+0.0032054	+0.0033508
2014-03	-0.004	-0.0026545	-0.0023218	-0.0020001	-0.0016532	-0.0013131	-0.0009474	-0.0005623	-0.0001717	+0.0002308	+0.0006403	+0.0010488	+0.0014088	+0.0017359	+0.0020273	+0.0022965	+0.0025360	+0.0027451	+0.0029337	+0.0030992	+0.0032479	+0.0033783
2014-04	-0.007	-0.0022895	-0.0019987	-0.0016914	-0.0013905	-0.0010879	-0.0007762	-0.0004515	-0.0001035	+0.0002553	+0.0006118	+0.0009511	+0.0012747	+0.0015825	+0.0018610	+0.0021105	+0.0023459	+0.0025518	+0.0027392	+0.0029121	+0.0030773	+0.0032422
2014-05	0.008	-0.0020242	-0.0018066	-0.0015766	-0.0013433	-0.0010858	-0.0008218	-0.0005372	-0.0002525	+0.0000347	+0.0003282	+0.0006177	+0.0008926	+0.0011505	+0.0013993	+0.0016326	+0.0018476	+0.0020483	+0.0022327	+0.0024007	+0.0025510	+0.0026919
2014-06	0.023	-0.0017910	-0.0016028	-0.0014287	-0.0012358	-0.0010334	-0.0008195	-0.0005896	-0.0003489	-0.0000967	+0.0001661	+0.0004267	+0.0006777	+0.0009289	+0.0011678	+0.0013827	+0.0015855	+0.0017681	+0.0019472	+0.0021124	+0.0022599	+0.0023922
2014-07	0.018	-0.0017504	-0.0015608	-0.0013826	-0.0011924	-0.0010002	-0.0007865	-0.0005638	-0.0003284	-0.0000763	+0.0001828	+0.0004523	+0.0007143	+0.0009574	+0.0011821	+0.0013857	+0.0015745	+0.0017562	+0.0019210	+0.0020689	+0.0022036	+0.0023317
2014-08	0.008	-0.0016113	-0.0014565	-0.0012793	-0.0010819	-0.0009016	-0.0007022	-0.0004835	-0.0002495	-0.0000095	+0.0002350	+0.0004795	+0.0007252	+0.0009557	+0.0011772	+0.0013853	+0.0015719	+0.0017408	+0.0018960	+0.0020395	+0.0021784	+0.0023060
2014-09	0.022	-0.0014692	-0.0013405	-0.0012026	-0.0010596	-0.0009045	-0.0007398	-0.0005663	-0.0003784	-0.0001784	+0.0000283	+0.0002421	+0.0004548	+0.0006547	+0.0008462	+0.0010249	+0.0011830	+0.0013332	+0.0014800	+0.0016151	+0.0017398	+0.0018594
2014-10	-0.004	-0.0013904	-0.0012445	-0.0010949	-0.0009326	-0.0007664	-0.0005957	-0.0004178	-0.0002300	-0.0000339	+0.0001679	+0.0003772	+0.0005821	+0.0007759	+0.0009570	+0.0011243	+0.0012883	+0.0014381	+0.0015725	+0.0017008	+0.0018136	+0.0019186
2014-11	0.075	-0.0013978	-0.0012585	-0.0011069	-0.0009381	-0.0007629	-0.0005799	-0.0003851	-0.0001793	+0.0000287	+0.0002405	+0.0004528	+0.0006625	+0.0008557	+0.0010378	+0.0012105	+0.0013649	+0.0015087	+0.0016436	+0.0017724	+0.0018878	+0.0019930
2014-12	0.002	-0.0018118	-0.0015968	-0.0013852	-0.0011609	-0.0009229	-0.0006776	-0.0004348	-0.0001716	+0.0001099	+0.0003845	+0.0006439	+0.0008929	+0.0011216	+0.0013337	+0.0015227	+0.0016922	+0.0018573	+0.0019995	+0.0021272	+0.0022388	+0.0023409
2015-01	-0.009	-0.0019138	-0.0016930	-0.0014804	-0.0012354	-0.0009940	-0.0007403	-0.0004546	-0.0001614	+0.0001371	+0.0004388	+0.0007357	+0.0010177	+0.0012724	+0.0014982	+0.0017028	+0.0018932	+0.0020707	+0.0022319	+0.0023706	+0.0024925	+0.0026126
2015-02	-0.004	-0.0017942	-0.0015560	-0.0013314	-0.0011225	-0.0009071	-0.0006787	-0.0004377	-0.0001848	+0.0000770	+0.0003443	+0.0006052	+0.0008556	+0.0010992	+0.0013156	+0.0015127	+0.0016973	+0.0018638	+0.0020209	+0.0021638	+0.0022855	+0.0023974
