2012-05	-0.143	-0.0040435	-0.0037513	-0.0034541	-0.0031364	-0.0027818	-0.0023963	-0.0020059	-0.0015726	-0.0011204	-0.0006674	-0.0002130	+0.0002401	+0.0006871	+0.0011074	+0.0015033	+0.0018693	+0.0022011	+0.0025105	+0.0028055	+0.0030996	+0.0033744
2012-06	0.033	-0.0047540	-0.0044674	-0.0041697	-0.0038441	-0.0035182	-0.0031436	-0.0027353	-0.0023037	-0.0018405	-0.0013613	-0.0008732	-0.0003763	+0.0001115	+0.0005794	+0.0010269	+0.0014512	+0.0018474	+0.0022278	+0.0025806	+0.0028936	+0.0031912
2012-07	0.034	-0.0049010	-0.0046195	-0.0043090	-0.0039521	-0.0035847	-0.0031875	-0.0027622	-0.0023083	-0.0018185	-0.0012974	-0.0007565	-0.0002240	+0.0003040	+0.0008219	+0.0013127	+0.0017788	+0.0022216	+0.0026237	+0.0029928	+0.0033479	+0.0036594
2012-08	0.029	-0.0046620	-0.0043831	-0.0040838	-0.0037822	-0.0034529	-0.0030737	-0.0026701	-0.0022249	-0.0017498	-0.0012497	-0.0007444	-0.0002257	+0.0002850	+0.0007700	+0.0012374	+0.0016851	+0.0021046	+0.0025008	+0.0028588	+0.0031778	+0.0035069
2012-09	0.045	-0.0045252	-0.0042332	-0.0039208	-0.0036097	-0.0032655	-0.0028857	-0.0024757	-0.0020212	-0.0015496	-0.0010470	-0.0005343	-0.0000190	+0.0004844	+0.0009691	+0.0014199	+0.0018439	+0.0022399	+0.0026275	+0.0029750	+0.0033113	+0.0036442
2012-10	0.033	-0.0042889	-0.0040058	-0.0036951	-0.0033654	-0.0030287	-0.0026743	-0.0022969	-0.0018922	-0.0014451	-0.0009655	-0.0004724	+0.0000211	+0.0005097	+0.0009754	+0.0014043	+0.0017975	+0.0021604	+0.0025051	+0.0028315	+0.0031496	+0.0034543
2012-11	0.042	-0.0041651	-0.0038897	-0.0035778	-0.0032428	-0.0028923	-0.0025233	-0.0021407	-0.0017285	-0.0012944	-0.0008310	-0.0003494	+0.0001309	+0.0005954	+0.0010448	+0.0014629	+0.0018591	+0.0022209	+0.0025454	+0.0028460	+0.0031280	+0.0033814
2012-12	0.083	-0.0034748	-0.0032100	-0.0029368	-0.0026425	-0.0023136	-0.0019584	-0.0015790	-0.0011736	-0.0007599	-0.0003261	+0.0001292	+0.0005886	+0.0010374	+0.0014567	+0.0018501	+0.0022206	+0.0025577	+0.0028885	+0.0031990	+0.0034860	+0.0037418
2013-01	0.101	-0.0031798	-0.0028870	-0.0025563	-0.0022189	-0.0018706	-0.0015034	-0.0011062	-0.0006695	-0.0002118	+0.0002569	+0.0007290	+0.0011911	+0.0016444	+0.0020928	+0.0025108	+0.0029004	+0.0032598	+0.0035826	+0.0038824	+0.0041713	+0.0044482
2013-02	-0.012	-0.0034949	-0.0031107	-0.0026585	-0.0021853	-0.0016711	-0.0011613	-0.0006169	-0.0000569	+0.0005034	+0.0010780	+0.0016414	+0.0022113	+0.0027292	+0.0031973	+0.0036208	+0.0039950	+0.0043305	+0.0046474	+0.0049471	+0.0051961	+0.0054315
2013-03	0.023	-0.0028189	-0.0025101	-0.0021620	-0.0018250	-0.0014515	-0.0010614	-0.0006522	-0.0002221	+0.0002371	+0.0006932	+0.0011488	+0.0015968	+0.0020353	+0.0024379	+0.0028070	+0.0031321	+0.0034396	+0.0037241	+0.0039916	+0.0042239	+0.0044400
2013-04	0.055	-0.0033751	-0.0030078	-0.0025730	-0.0021429	-0.0016770	-0.0011934	-0.0007192	-0.0002360	+0.0002794	+0.0007963	+0.0013123	+0.0017954	+0.0022408	+0.0026567	+0.0030402	+0.0033824	+0.0036831	+0.0039524	+0.0042026	+0.0044319	+0.0046427
2013-05	0.048	-0.0037086	-0.0032265	-0.0027380	-0.0022618	-0.0017704	-0.0012557	-0.0007168	-0.0001481	+0.0004214	+0.0009929	+0.0015534	+0.0020896	+0.0025818	+0.0030090	+0.0033953	+0.0037489	+0.0040675	+0.0043616	+0.0046280	+0.0048873	+0.0051141
2013-06	-0.077	-0.0038588	-0.0033830	-0.0028775	-0.0023922	-0.0018816	-0.0013582	-0.0007984	-0.0002114	+0.0003731	+0.0009661	+0.0015545	+0.0021067	+0.0026067	+0.0030497	+0.0034470	+0.0038081	+0.0041264	+0.0044131	+0.0046938	+0.0049616	+0.0052224
2013-07	0.042	-0.0026987	-0.0024175	-0.0021193	-0.0018082	-0.0014791	-0.0011130	-0.0007346	-0.0003355	+0.0000835	+0.0005095	+0.0009353	+0.0013532	+0.0017466	+0.0021111	+0.0024531	+0.0027644	+0.0030517	+0.0033176	+0.0035772	+0.0038115	+0.0040208
2013-08	0.006	-0.0029110	-0.0025932	-0.0022657	-0.0019191	-0.0015534	-0.0011510	-0.0007600	-0.0003630	+0.0000616	+0.0005101	+0.0009631	+0.0013807	+0.0017848	+0.0021618	+0.0025069	+0.0028352	+0.0031352	+0.0034069	+0.0036664	+0.0038988	+0.0041107
2013-09	0.054	-0.0030913	-0.0027287	-0.0023648	-0.0019768	-0.0015500	-0.0011183	-0.0006800	-0.0002321	+0.0002307	+0.0007024	+0.0011756	+0.0016221	+0.0020373	+0.0024164	+0.0027655	+0.0030790	+0.0033600	+0.0036195	+0.0038584	+0.0040892	+0.0042961
2013-10	0.027	-0.0040798	-0.0035455	-0.0029601	-0.0024389	-0.0018890	-0.0012800	-0.0006872	-0.0000196	+0.0006607	+0.0013437	+0.0019658	+0.0025465	+0.0030811	+0.0035558	+0.0039491	+0.0042792	+0.0045657	+0.0048205	+0.0050496	+0.0052569	+0.0054358
2013-11	0.037	-0.0038640	-0.0033379	-0.0028566	-0.0023465	-0.0017859	-0.0012341	-0.0006534	-0.0000670	+0.0005237	+0.0011181	+0.0016860	+0.0022059	+0.0026838	+0.0030913	+0.0034503	+0.0037785	+0.0040602	+0.0043023	+0.0045290	+0.0047345	+0.0049158
2013-12	0.049	-0.0039977	-0.0035343	-0.0030375	-0.0024684	-0.0018672	-0.0012730	-0.0006500	-0.0000388	+0.0005915	+0.0012062	+0.0018008	+0.0023792	+0.0028911	+0.0033101	+0.0036784	+0.0039970	+0.0042646	+0.0045153	+0.0047489	+0.0049564	+0.0051384
2014-01	-0.078	-0.0039608	-0.0034736	-0.0028859	-0.0023248	-0.0017776	-0.0011801	-0.0005551	+0.0000388	+0.0006551	+0.0012807	+0.0018577	+0.0024208	+0.0029232	+0.0033553	+0.0037370	+0.0040703	+0.0043445	+0.0045886	+0.0048067	+0.0050060	+0.0051947
2014-02	0.036	-0.0034875	-0.0030450	-0.0026156	-0.0021790	-0.0017385	-0.0012408	-0.0007099	-0.0001654	+0.0003761	+0.0009168	+0.0014350	+0.0019108	+0.0023579	+0.0027600	+0.0031088	+0.0034179	+0.0036856	+0.0039266	+0.0041517	+0.0043629	+0.0045551
2014-03	0.004	-0.0037933	-0.0032544	-0.0027912	-0.0023310	-0.0018297	-0.0012933	-0.0007827	-0.0002139	+0.0003753	+0.0009401	+0.0014907	+0.0019967	+0.0024466	+0.0028453	+0.0032009	+0.0035068	+0.0037889	+0.0040380	+0.0042552	+0.0044458	+0.0046181
2014-04	0.008	-0.0031273	-0.0027599	-0.0023718	-0.0019169	-0.0015008	-0.0010426	-0.0005638	-0.0000875	+0.0004043	+0.0009068	+0.0013875	+0.0018425	+0.0022695	+0.0026365	+0.0029649	+0.0032648	+0.0035356	+0.0037818	+0.0040095	+0.0042260	+0.0044270
2014-05	-0.013	-0.0027218	-0.0024343	-0.0021117	-0.0017649	-0.0014052	-0.0010272	-0.0006468	-0.0002428	+0.0001692	+0.0005794	+0.0009781	+0.0013511	+0.0017088	+0.0020408	+0.0023440	+0.0026217	+0.0028880	+0.0031239	+0.0033295	+0.0035094	+0.0036892
2014-06	-0.014	-0.0022979	-0.0020419	-0.0018015	-0.0015606	-0.0013078	-0.0010265	-0.0007210	-0.0003974	-0.0000609	+0.0002821	+0.0006215	+0.0009503	+0.0012683	+0.0015543	+0.0018230	+0.0020676	+0.0023065	+0.0025357	+0.0027471	+0.0029424	+0.0031101
2014-07	-0.014	-0.0021690	-0.0019267	-0.0016864	-0.0014482	-0.0011950	-0.0009257	-0.0006413	-0.0003371	-0.0000227	+0.0002975	+0.0006236	+0.0009515	+0.0012627	+0.0015403	+0.0017951	+0.0020342	+0.0022481	+0.0024466	+0.0026179	+0.0027808	+0.0029302
2014-08	-0.007	-0.0020581	-0.0018439	-0.0016211	-0.0013875	-0.0011440	-0.0008950	-0.0006323	-0.0003519	-0.0000515	+0.0002573	+0.0005690	+0.0008757	+0.0011704	+0.0014456	+0.0016959	+0.0019278	+0.0021382	+0.0023345	+0.0025220	+0.0027093	+0.0028836
2014-09	0.018	-0.0019400	-0.0017597	-0.0015772	-0.0013843	-0.0011866	-0.0009748	-0.0007439	-0.0004913	-0.0002314	+0.0000472	+0.0003337	+0.0006130	+0.0008805	+0.0011238	+0.0013440	+0.0015513	+0.0017495	+0.0019417	+0.0021146	+0.0022716	+0.0024201
2014-10	-0.050	-0.0017156	-0.0015624	-0.0014014	-0.0012189	-0.0010209	-0.0008167	-0.0006005	-0.0003727	-0.0001322	+0.0001180	+0.0003779	+0.0006336	+0.0008772	+0.0011109	+0.0013300	+0.0015353	+0.0017211	+0.0018948	+0.0020587	+0.0022121	+0.0023573
2014-11	0.116	-0.0018332	-0.0016606	-0.0014899	-0.0012982	-0.0010965	-0.0008856	-0.0006635	-0.0004353	-0.0001995	+0.0000502	+0.0003119	+0.0005668	+0.0008137	+0.0010469	+0.0012626	+0.0014684	+0.0016611	+0.0018323	+0.0019860	+0.0021300	+0.0022696
2014-12	-0.028	-0.0019955	-0.0017923	-0.0015811	-0.0013619	-0.0011328	-0.0008997	-0.0006530	-0.0003861	-0.0001015	+0.0001886	+0.0004828	+0.0007691	+0.0010432	+0.0013044	+0.0015409	+0.0017579	+0.0019527	+0.0021345	+0.0023046	+0.0024592	+0.0026034
2015-01	-0.030	-0.0021146	-0.0019242	-0.0017270	-0.0014977	-0.0012539	-0.0010107	-0.0007496	-0.0004708	-0.0001809	+0.0001188	+0.0004200	+0.0007183	+0.0010053	+0.0012730	+0.0015232	+0.0017605	+0.0019786	+0.0021823	+0.0023669	+0.0025285	+0.0026755
2015-02	0.019	-0.0019603	-0.0018027	-0.0016395	-0.0014629	-0.0012718	-0.0010628	-0.0008364	-0.0005954	-0.0003383	-0.0000692	+0.0002040	+0.0004772	+0.0007484	+0.0010007	+0.0012376	+0.0014637	+0.0016813	+0.0018869	+0.0020785	+0.0022485	+0.0024027
