2012-05	-0.029	-0.0005761	-0.0005319	-0.0004832	-0.0004322	-0.0003755	-0.0003147	-0.0002484	-0.0001796	-0.0001087	-0.0000359	+0.0000370	+0.0001083	+0.0001765	+0.0002425	+0.0003034	+0.0003581	+0.0004099	+0.0004592	+0.0005057	+0.0005503	+0.0005928
2012-06	0.011	-0.0006676	-0.0006236	-0.0005738	-0.0005226	-0.0004676	-0.0004103	-0.0003484	-0.0002820	-0.0002134	-0.0001432	-0.0000707	+0.0000025	+0.0000754	+0.0001452	+0.0002079	+0.0002668	+0.0003212	+0.0003718	+0.0004162	+0.0004570	+0.0004925
2012-07	-0.006	-0.0006829	-0.0006330	-0.0005812	-0.0005259	-0.0004674	-0.0004048	-0.0003389	-0.0002697	-0.0001965	-0.0001198	-0.0000427	+0.0000317	+0.0001046	+0.0001754	+0.0002448	+0.0003126	+0.0003729	+0.0004281	+0.0004771	+0.0005208	+0.0005619
2012-08	-0.005	-0.0005785	-0.0005364	-0.0004898	-0.0004428	-0.0003952	-0.0003440	-0.0002892	-0.0002297	-0.0001673	-0.0001015	-0.0000336	+0.0000332	+0.0000969	+0.0001579	+0.0002170	+0.0002725	+0.0003233	+0.0003720	+0.0004186	+0.0004654	+0.0005102
2012-09	0.004	-0.0005901	-0.0005491	-0.0005051	-0.0004580	-0.0004106	-0.0003604	-0.0003054	-0.0002473	-0.0001845	-0.0001186	-0.0000513	+0.0000175	+0.0000861	+0.0001490	+0.0002082	+0.0002629	+0.0003157	+0.0003639	+0.0004053	+0.0004421	+0.0004791
2012-10	-0.002	-0.0005789	-0.0005403	-0.0004947	-0.0004501	-0.0004000	-0.0003475	-0.0002938	-0.0002358	-0.0001741	-0.0001099	-0.0000449	+0.0000221	+0.0000866	+0.0001481	+0.0002073	+0.0002630	+0.0003140	+0.0003616	+0.0004051	+0.0004451	+0.0004794
2012-11	0.018	-0.0006190	-0.0005793	-0.0005369	-0.0004912	-0.0004412	-0.0003886	-0.0003323	-0.0002705	-0.0002039	-0.0001355	-0.0000658	+0.0000044	+0.0000731	+0.0001377	+0.0001963	+0.0002501	+0.0003015	+0.0003518	+0.0003992	+0.0004433	+0.0004855
2012-12	0.025	-0.0005287	-0.0004852	-0.0004406	-0.0003957	-0.0003481	-0.0002970	-0.0002420	-0.0001819	-0.0001185	-0.0000537	+0.0000134	+0.0000807	+0.0001466	+0.0002089	+0.0002674	+0.0003213	+0.0003753	+0.0004251	+0.0004729	+0.0005137	+0.0005533
2013-01	0.029	-0.0004834	-0.0004354	-0.0003835	-0.0003260	-0.0002690	-0.0002075	-0.0001414	-0.0000693	+0.0000033	+0.0000785	+0.0001566	+0.0002385	+0.0003146	+0.0003852	+0.0004479	+0.0005064	+0.0005607	+0.0006106	+0.0006546	+0.0006954	+0.0007311
2013-02	0.013	-0.0006392	-0.0005616	-0.0004832	-0.0003936	-0.0002963	-0.0001971	-0.0000988	+0.0000027	+0.0001073	+0.0002133	+0.0003182	+0.0004164	+0.0005083	+0.0005934	+0.0006702	+0.0007363	+0.0007956	+0.0008500	+0.0008990	+0.0009436	+0.0009818
2013-03	0.024	-0.0006734	-0.0005857	-0.0004970	-0.0004074	-0.0003157	-0.0002213	-0.0001237	-0.0000163	+0.0000960	+0.0002043	+0.0003115	+0.0004141	+0.0005054	+0.0005901	+0.0006691	+0.0007407	+0.0008009	+0.0008543	+0.0009027	+0.0009453	+0.0009840
2013-04	0.029	-0.0009520	-0.0008388	-0.0007081	-0.0005787	-0.0004457	-0.0003062	-0.0001676	-0.0000217	+0.0001225	+0.0002718	+0.0004089	+0.0005408	+0.0006592	+0.0007599	+0.0008493	+0.0009254	+0.0009897	+0.0010478	+0.0011007	+0.0011473	+0.0011903
2013-05	-0.006	-0.0010979	-0.0009661	-0.0008174	-0.0006701	-0.0005219	-0.0003556	-0.0001833	-0.0000110	+0.0001709	+0.0003510	+0.0005256	+0.0006852	+0.0008311	+0.0009499	+0.0010495	+0.0011305	+0.0012049	+0.0012720	+0.0013333	+0.0013910	+0.0014457
2013-06	-0.005	-0.0010191	-0.0008851	-0.0007652	-0.0006253	-0.0004804	-0.0003352	-0.0001759	-0.0000186	+0.0001461	+0.0003077	+0.0004589	+0.0005996	+0.0007296	+0.0008416	+0.0009430	+0.0010316	+0.0011080	+0.0011780	+0.0012460	+0.0013083	+0.0013667
2013-07	0.006	-0.0007667	-0.0006747	-0.0005816	-0.0004809	-0.0003726	-0.0002645	-0.0001477	-0.0000267	+0.0001019	+0.0002296	+0.0003552	+0.0004718	+0.0005796	+0.0006790	+0.0007677	+0.0008479	+0.0009206	+0.0009867	+0.0010477	+0.0011045	+0.0011564
2013-08	-0.004	-0.0008530	-0.0007417	-0.0006343	-0.0005339	-0.0004199	-0.0002999	-0.0001811	-0.0000568	+0.0000697	+0.0001998	+0.0003281	+0.0004507	+0.0005646	+0.0006673	+0.0007614	+0.0008469	+0.0009214	+0.0009921	+0.0010616	+0.0011251	+0.0011875
2013-09	0.021	-0.0009199	-0.0007985	-0.0006761	-0.0005552	-0.0004370	-0.0003138	-0.0001810	-0.0000438	+0.0000931	+0.0002342	+0.0003693	+0.0004975	+0.0006202	+0.0007293	+0.0008250	+0.0009134	+0.0009922	+0.0010627	+0.0011300	+0.0011928	+0.0012561
2013-10	0.008	-0.0011985	-0.0010444	-0.0008648	-0.0007047	-0.0005379	-0.0003667	-0.0001938	-0.0000076	+0.0001865	+0.0003722	+0.0005500	+0.0007186	+0.0008701	+0.0010017	+0.0011115	+0.0012064	+0.0012883	+0.0013626	+0.0014284	+0.0014894	+0.0015472
2013-11	0.016	-0.0011762	-0.0010284	-0.0008745	-0.0007294	-0.0005556	-0.0003726	-0.0002003	-0.0000185	+0.0001653	+0.0003363	+0.0005012	+0.0006570	+0.0007933	+0.0009104	+0.0010124	+0.0011058	+0.0011865	+0.0012533	+0.0013114	+0.0013660	+0.0014151
2013-12	0.009	-0.0012814	-0.0011363	-0.0009625	-0.0007766	-0.0005881	-0.0003958	-0.0002060	-0.0000126	+0.0001938	+0.0003880	+0.0005723	+0.0007535	+0.0009135	+0.0010449	+0.0011517	+0.0012486	+0.0013356	+0.0014146	+0.0014825	+0.0015484	+0.0016120
2014-01	-0.011	-0.0013382	-0.0011669	-0.0009853	-0.0007870	-0.0005908	-0.0003857	-0.0001845	+0.0000201	+0.0002451	+0.0004486	+0.0006452	+0.0008405	+0.0010129	+0.0011536	+0.0012692	+0.0013674	+0.0014546	+0.0015372	+0.0016105	+0.0016777	+0.0017340
2014-02	0.001	-0.0012461	-0.0010919	-0.0009239	-0.0007558	-0.0005748	-0.0003906	-0.0002066	-0.0000002	+0.0002029	+0.0004029	+0.0005867	+0.0007603	+0.0009222	+0.0010579	+0.0011719	+0.0012708	+0.0013588	+0.0014391	+0.0015130	+0.0015771	+0.0016295
2014-03	-0.005	-0.0013847	-0.0011851	-0.0010059	-0.0008202	-0.0006364	-0.0004395	-0.0002330	-0.0000269	+0.0001790	+0.0003904	+0.0005843	+0.0007694	+0.0009388	+0.0010778	+0.0011935	+0.0012938	+0.0013810	+0.0014587	+0.0015297	+0.0016000	+0.0016652
2014-04	-0.008	-0.0011137	-0.0009651	-0.0008190	-0.0006680	-0.0005065	-0.0003478	-0.0001786	-0.0000001	+0.0001783	+0.0003524	+0.0005249	+0.0006823	+0.0008270	+0.0009531	+0.0010630	+0.0011610	+0.0012499	+0.0013284	+0.0014006	+0.0014672	+0.0015269
2014-05	0.009	-0.0009490	-0.0008499	-0.0007250	-0.0005989	-0.0004731	-0.0003379	-0.0001962	-0.0000505	+0.0000942	+0.0002359	+0.0003727	+0.0005035	+0.0006243	+0.0007362	+0.0008394	+0.0009300	+0.0010089	+0.0010799	+0.0011513	+0.0012142	+0.0012736
2014-06	0.013	-0.0009199	-0.0007881	-0.0006639	-0.0005566	-0.0004476	-0.0003305	-0.0002115	-0.0000891	+0.0000399	+0.0001768	+0.0003119	+0.0004338	+0.0005480	+0.0006507	+0.0007466	+0.0008366	+0.0009168	+0.0009911	+0.0010614	+0.0011273	+0.0011869
2014-07	0.006	-0.0008413	-0.0007361	-0.0006362	-0.0005333	-0.0004302	-0.0003220	-0.0002068	-0.0000879	+0.0000344	+0.0001605	+0.0002860	+0.0004042	+0.0005179	+0.0006231	+0.0007175	+0.0008026	+0.0008790	+0.0009507	+0.0010208	+0.0010860	+0.0011410
2014-08	0.001	-0.0007832	-0.0006828	-0.0005862	-0.0004931	-0.0003933	-0.0002931	-0.0001864	-0.0000702	+0.0000480	+0.0001673	+0.0002866	+0.0004014	+0.0005072	+0.0006021	+0.0006909	+0.0007755	+0.0008537	+0.0009261	+0.0009924	+0.0010520	+0.0011051
2014-09	0.014	-0.0006189	-0.0005544	-0.0004924	-0.0004262	-0.0003571	-0.0002830	-0.0002023	-0.0001190	-0.0000301	+0.0000637	+0.0001567	+0.0002457	+0.0003306	+0.0004110	+0.0004820	+0.0005454	+0.0006049	+0.0006606	+0.0007164	+0.0007695	+0.0008182
2014-10	0.001	-0.0007021	-0.0006188	-0.0005315	-0.0004370	-0.0003400	-0.0002483	-0.0001516	-0.0000490	+0.0000563	+0.0001615	+0.0002653	+0.0003666	+0.0004616	+0.0005470	+0.0006228	+0.0006904	+0.0007521	+0.0008090	+0.0008625	+0.0009084	+0.0009493
2014-11	0.025	-0.0005997	-0.0005332	-0.0004669	-0.0003990	-0.0003203	-0.0002364	-0.0001476	-0.0000526	+0.0000458	+0.0001447	+0.0002422	+0.0003342	+0.0004201	+0.0004976	+0.0005697	+0.0006343	+0.0006935	+0.0007497	+0.0007989	+0.0008438	+0.0008864
2014-12	0.006	-0.0007372	-0.0006542	-0.0005698	-0.0004799	-0.0003770	-0.0002723	-0.0001629	-0.0000525	+0.0000599	+0.0001762	+0.0002846	+0.0003868	+0.0004834	+0.0005694	+0.0006478	+0.0007181	+0.0007809	+0.0008412	+0.0008949	+0.0009460	+0.0009918
2015-01	-0.004	-0.0008900	-0.0007867	-0.0006799	-0.0005688	-0.0004527	-0.0003298	-0.0001998	-0.0000637	+0.0000746	+0.0002126	+0.0003481	+0.0004713	+0.0005825	+0.0006810	+0.0007669	+0.0008419	+0.0009107	+0.0009745	+0.0010321	+0.0010825	+0.0011269
2015-02	-0.006	-0.0007267	-0.0006353	-0.0005420	-0.0004486	-0.0003599	-0.0002617	-0.0001573	-0.0000541	+0.0000527	+0.0001639	+0.0002720	+0.0003766	+0.0004729	+0.0005599	+0.0006375	+0.0007086	+0.0007719	+0.0008348	+0.0008959	+0.0009466	+0.0009898
