2012-05	-0.060	-0.0011731	-0.0010644	-0.0009456	-0.0008228	-0.0007015	-0.0005706	-0.0004307	-0.0002782	-0.0001153	+0.0000468	+0.0002072	+0.0003656	+0.0005213	+0.0006702	+0.0008058	+0.0009327	+0.0010485	+0.0011553	+0.0012550	+0.0013475	+0.0014356
2012-06	0.025	-0.0012585	-0.0011674	-0.0010685	-0.0009605	-0.0008466	-0.0007214	-0.0005905	-0.0004547	-0.0003119	-0.0001645	-0.0000148	+0.0001351	+0.0002847	+0.0004233	+0.0005547	+0.0006770	+0.0007888	+0.0008904	+0.0009863	+0.0010718	+0.0011548
2012-07	0.007	-0.0012014	-0.0011085	-0.0010102	-0.0009072	-0.0007933	-0.0006730	-0.0005474	-0.0004118	-0.0002674	-0.0001144	+0.0000388	+0.0001914	+0.0003444	+0.0004917	+0.0006313	+0.0007589	+0.0008817	+0.0009956	+0.0010971	+0.0011896	+0.0012731
2012-08	0.009	-0.0011670	-0.0010875	-0.0010014	-0.0009109	-0.0008095	-0.0007032	-0.0005907	-0.0004651	-0.0003306	-0.0001945	-0.0000519	+0.0000914	+0.0002320	+0.0003649	+0.0004899	+0.0006063	+0.0007124	+0.0008078	+0.0009028	+0.0009913	+0.0010729
2012-09	0.009	-0.0010345	-0.0009576	-0.0008722	-0.0007800	-0.0006827	-0.0005797	-0.0004687	-0.0003486	-0.0002220	-0.0000897	+0.0000450	+0.0001819	+0.0003138	+0.0004404	+0.0005592	+0.0006693	+0.0007749	+0.0008731	+0.0009622	+0.0010438	+0.0011199
2012-10	0.031	-0.0010123	-0.0009361	-0.0008526	-0.0007638	-0.0006677	-0.0005653	-0.0004589	-0.0003487	-0.0002344	-0.0001139	+0.0000137	+0.0001420	+0.0002725	+0.0003993	+0.0005128	+0.0006216	+0.0007253	+0.0008216	+0.0009146	+0.0010070	+0.0010947
2012-11	0.038	-0.0010483	-0.0009585	-0.0008602	-0.0007575	-0.0006495	-0.0005438	-0.0004262	-0.0003044	-0.0001747	-0.0000414	+0.0000910	+0.0002264	+0.0003624	+0.0004904	+0.0006081	+0.0007161	+0.0008171	+0.0009062	+0.0009870	+0.0010655	+0.0011400
2012-12	0.053	-0.0010712	-0.0009622	-0.0008505	-0.0007265	-0.0005974	-0.0004627	-0.0003228	-0.0001750	-0.0000202	+0.0001346	+0.0002907	+0.0004467	+0.0005916	+0.0007314	+0.0008590	+0.0009755	+0.0010802	+0.0011818	+0.0012789	+0.0013709	+0.0014570
2013-01	0.053	-0.0012242	-0.0010639	-0.0009096	-0.0007624	-0.0005978	-0.0004272	-0.0002407	-0.0000503	+0.0001447	+0.0003441	+0.0005439	+0.0007263	+0.0008998	+0.0010562	+0.0011988	+0.0013280	+0.0014489	+0.0015621	+0.0016669	+0.0017625	+0.0018622
2013-02	0.002	-0.0017661	-0.0015489	-0.0012892	-0.0010299	-0.0007551	-0.0004728	-0.0001900	+0.0001089	+0.0004307	+0.0007190	+0.0010058	+0.0012912	+0.0015339	+0.0017359	+0.0019152	+0.0020674	+0.0022020	+0.0023165	+0.0024237	+0.0025238	+0.0026132
2013-03	0.019	-0.0015168	-0.0013349	-0.0011438	-0.0009378	-0.0007263	-0.0004963	-0.0002636	-0.0000165	+0.0002372	+0.0004913	+0.0007357	+0.0009597	+0.0011701	+0.0013549	+0.0015165	+0.0016631	+0.0017909	+0.0019023	+0.0019985	+0.0020854	+0.0021686
2013-04	0.056	-0.0019488	-0.0017326	-0.0014595	-0.0011936	-0.0009200	-0.0006353	-0.0003414	-0.0000372	+0.0002702	+0.0005771	+0.0008717	+0.0011471	+0.0013955	+0.0016041	+0.0017834	+0.0019353	+0.0020678	+0.0021864	+0.0022926	+0.0023929	+0.0024845
2013-05	-0.002	-0.0024749	-0.0021104	-0.0017995	-0.0014816	-0.0011425	-0.0007842	-0.0004090	-0.0000316	+0.0003668	+0.0007611	+0.0011246	+0.0014891	+0.0017996	+0.0020467	+0.0022486	+0.0024163	+0.0025665	+0.0027025	+0.0028323	+0.0029512	+0.0030607
2013-06	-0.063	-0.0022830	-0.0019482	-0.0016604	-0.0013724	-0.0010665	-0.0007257	-0.0003844	-0.0000210	+0.0003394	+0.0006849	+0.0010182	+0.0013441	+0.0016323	+0.0018718	+0.0020839	+0.0022734	+0.0024334	+0.0025827	+0.0027221	+0.0028506	+0.0029843
2013-07	0.002	-0.0014202	-0.0012321	-0.0010650	-0.0008882	-0.0007018	-0.0005186	-0.0003173	-0.0000942	+0.0001383	+0.0003658	+0.0005923	+0.0008121	+0.0010155	+0.0011974	+0.0013665	+0.0015240	+0.0016725	+0.0018127	+0.0019335	+0.0020471	+0.0021624
2013-08	-0.004	-0.0015010	-0.0013104	-0.0011375	-0.0009613	-0.0007722	-0.0005635	-0.0003447	-0.0001293	+0.0001093	+0.0003441	+0.0005765	+0.0008007	+0.0010187	+0.0012162	+0.0013940	+0.0015478	+0.0016897	+0.0018184	+0.0019423	+0.0020653	+0.0021803
2013-09	0.020	-0.0015944	-0.0014297	-0.0012355	-0.0010160	-0.0007919	-0.0005741	-0.0003289	-0.0000889	+0.0001598	+0.0004079	+0.0006466	+0.0008759	+0.0010936	+0.0012952	+0.0014775	+0.0016437	+0.0017989	+0.0019367	+0.0020659	+0.0021878	+0.0023032
2013-10	0.032	-0.0020293	-0.0017881	-0.0015241	-0.0012517	-0.0009657	-0.0006720	-0.0003714	-0.0000540	+0.0002783	+0.0006056	+0.0009086	+0.0011897	+0.0014549	+0.0016862	+0.0018858	+0.0020639	+0.0022251	+0.0023698	+0.0025103	+0.0026371	+0.0027416
2013-11	0.020	-0.0020230	-0.0017436	-0.0014924	-0.0012087	-0.0009309	-0.0006367	-0.0003357	-0.0000297	+0.0002791	+0.0005738	+0.0008618	+0.0011294	+0.0013733	+0.0015941	+0.0017820	+0.0019514	+0.0021024	+0.0022354	+0.0023585	+0.0024692	+0.0025738
2013-12	0.018	-0.0021003	-0.0018549	-0.0015986	-0.0013017	-0.0010029	-0.0006998	-0.0003776	-0.0000508	+0.0002729	+0.0005943	+0.0009062	+0.0012086	+0.0014749	+0.0017005	+0.0019014	+0.0020790	+0.0022308	+0.0023751	+0.0025163	+0.0026377	+0.0027442
2014-01	-0.014	-0.0021458	-0.0018795	-0.0016181	-0.0012956	-0.0009934	-0.0006595	-0.0003257	+0.0000036	+0.0003345	+0.0006670	+0.0009962	+0.0012973	+0.0015688	+0.0018136	+0.0020315	+0.0022202	+0.0023872	+0.0025338	+0.0026654	+0.0027811	+0.0028945
2014-02	0.006	-0.0018895	-0.0016722	-0.0014507	-0.0012064	-0.0009402	-0.0006470	-0.0003482	-0.0000376	+0.0002792	+0.0005805	+0.0008789	+0.0011516	+0.0014064	+0.0016364	+0.0018379	+0.0020138	+0.0021670	+0.0023085	+0.0024460	+0.0025807	+0.0027084
2014-03	0.020	-0.0019921	-0.0017218	-0.0014594	-0.0012141	-0.0009566	-0.0006801	-0.0004007	-0.0001112	+0.0001959	+0.0005062	+0.0007961	+0.0010672	+0.0013078	+0.0015292	+0.0017279	+0.0019054	+0.0020612	+0.0022056	+0.0023340	+0.0024585	+0.0025730
2014-04	0.005	-0.0017795	-0.0015638	-0.0013348	-0.0011003	-0.0008638	-0.0005916	-0.0003273	-0.0000611	+0.0002235	+0.0005044	+0.0007651	+0.0010199	+0.0012611	+0.0014687	+0.0016632	+0.0018419	+0.0019999	+0.0021416	+0.0022728	+0.0023996	+0.0025163
2014-05	0.002	-0.0015327	-0.0013637	-0.0011835	-0.0009904	-0.0007928	-0.0005847	-0.0003635	-0.0001364	+0.0000876	+0.0003137	+0.0005340	+0.0007447	+0.0009497	+0.0011385	+0.0013150	+0.0014827	+0.0016401	+0.0017859	+0.0019200	+0.0020449	+0.0021539
2014-06	0.003	-0.0012775	-0.0011412	-0.0009970	-0.0008596	-0.0007141	-0.0005627	-0.0003993	-0.0002173	-0.0000279	+0.0001596	+0.0003412	+0.0005187	+0.0006898	+0.0008528	+0.0010070	+0.0011474	+0.0012765	+0.0013982	+0.0015081	+0.0016136	+0.0017065
2014-07	0.004	-0.0012531	-0.0011129	-0.0009811	-0.0008426	-0.0006944	-0.0005338	-0.0003642	-0.0001903	-0.0000046	+0.0001838	+0.0003732	+0.0005584	+0.0007337	+0.0008902	+0.0010371	+0.0011751	+0.0013011	+0.0014153	+0.0015160	+0.0016112	+0.0017057
2014-08	0.010	-0.0011005	-0.0009842	-0.0008526	-0.0007238	-0.0005885	-0.0004450	-0.0002935	-0.0001354	+0.0000285	+0.0001976	+0.0003661	+0.0005308	+0.0006911	+0.0008463	+0.0009892	+0.0011191	+0.0012415	+0.0013528	+0.0014590	+0.0015558	+0.0016474
2014-09	0.008	-0.0008579	-0.0007702	-0.0006805	-0.0005953	-0.0004999	-0.0003994	-0.0002906	-0.0001742	-0.0000523	+0.0000761	+0.0002063	+0.0003360	+0.0004621	+0.0005771	+0.0006818	+0.0007771	+0.0008660	+0.0009462	+0.0010226	+0.0010932	+0.0011552
2014-10	0.007	-0.0008380	-0.0007446	-0.0006490	-0.0005476	-0.0004392	-0.0003328	-0.0002197	-0.0000982	+0.0000332	+0.0001654	+0.0002958	+0.0004233	+0.0005477	+0.0006627	+0.0007664	+0.0008602	+0.0009439	+0.0010208	+0.0010963	+0.0011650	+0.0012320
2014-11	0.057	-0.0010538	-0.0009386	-0.0008086	-0.0006804	-0.0005334	-0.0003857	-0.0002239	-0.0000558	+0.0001159	+0.0002925	+0.0004589	+0.0006105	+0.0007449	+0.0008636	+0.0009703	+0.0010632	+0.0011479	+0.0012266	+0.0013037	+0.0013748	+0.0014419
2014-12	-0.006	-0.0014404	-0.0012371	-0.0010576	-0.0008729	-0.0006714	-0.0004625	-0.0002495	-0.0000255	+0.0002131	+0.0004397	+0.0006486	+0.0008534	+0.0010328	+0.0011770	+0.0012963	+0.0014016	+0.0014948	+0.0015777	+0.0016495	+0.0017159	+0.0017769
2015-01	-0.028	-0.0015165	-0.0013143	-0.0011204	-0.0009275	-0.0007246	-0.0005124	-0.0002752	-0.0000465	+0.0001845	+0.0004126	+0.0006224	+0.0008283	+0.0010056	+0.0011613	+0.0012894	+0.0013973	+0.0014921	+0.0015782	+0.0016571	+0.0017283	+0.0017938
2015-02	0.003	-0.0011402	-0.0009900	-0.0008405	-0.0006912	-0.0005256	-0.0003740	-0.0002060	-0.0000357	+0.0001371	+0.0003078	+0.0004716	+0.0006262	+0.0007661	+0.0008968	+0.0010155	+0.0011177	+0.0012112	+0.0012956	+0.0013781	+0.0014492	+0.0015123
