2012-05	-0.017	-0.0004078	-0.0003725	-0.0003332	-0.0002908	-0.0002489	-0.0002027	-0.0001554	-0.0001048	-0.0000519	+0.0000011	+0.0000538	+0.0001035	+0.0001512	+0.0001962	+0.0002393	+0.0002792	+0.0003150	+0.0003465	+0.0003750	+0.0004031	+0.0004285
2012-06	0.004	-0.0004381	-0.0004033	-0.0003678	-0.0003293	-0.0002878	-0.0002441	-0.0001997	-0.0001539	-0.0001060	-0.0000563	-0.0000069	+0.0000422	+0.0000894	+0.0001344	+0.0001772	+0.0002165	+0.0002519	+0.0002846	+0.0003132	+0.0003385	+0.0003642
2012-07	-0.002	-0.0004276	-0.0003932	-0.0003554	-0.0003159	-0.0002767	-0.0002368	-0.0001913	-0.0001445	-0.0000964	-0.0000460	+0.0000040	+0.0000526	+0.0000994	+0.0001427	+0.0001830	+0.0002215	+0.0002562	+0.0002881	+0.0003180	+0.0003452	+0.0003698
2012-08	-0.002	-0.0002288	-0.0002067	-0.0001857	-0.0001628	-0.0001379	-0.0001122	-0.0000852	-0.0000563	-0.0000253	+0.0000070	+0.0000396	+0.0000725	+0.0001043	+0.0001355	+0.0001639	+0.0001906	+0.0002153	+0.0002386	+0.0002592	+0.0002785	+0.0002976
2012-09	0.003	-0.0002295	-0.0002111	-0.0001928	-0.0001752	-0.0001540	-0.0001311	-0.0001064	-0.0000799	-0.0000516	-0.0000220	+0.0000087	+0.0000396	+0.0000695	+0.0000980	+0.0001247	+0.0001498	+0.0001729	+0.0001947	+0.0002149	+0.0002345	+0.0002538
2012-10	0.001	-0.0002281	-0.0002086	-0.0001880	-0.0001663	-0.0001439	-0.0001194	-0.0000939	-0.0000660	-0.0000370	-0.0000068	+0.0000245	+0.0000561	+0.0000864	+0.0001154	+0.0001420	+0.0001663	+0.0001887	+0.0002089	+0.0002284	+0.0002475	+0.0002643
2012-11	0.013	-0.0002267	-0.0002096	-0.0001912	-0.0001709	-0.0001499	-0.0001271	-0.0001017	-0.0000745	-0.0000462	-0.0000162	+0.0000148	+0.0000460	+0.0000754	+0.0001037	+0.0001301	+0.0001556	+0.0001798	+0.0002023	+0.0002239	+0.0002445	+0.0002646
2012-12	0.017	-0.0002495	-0.0002248	-0.0001991	-0.0001730	-0.0001460	-0.0001168	-0.0000849	-0.0000522	-0.0000191	+0.0000165	+0.0000522	+0.0000869	+0.0001203	+0.0001519	+0.0001810	+0.0002082	+0.0002340	+0.0002576	+0.0002807	+0.0003024	+0.0003225
2013-01	0.020	-0.0003108	-0.0002754	-0.0002388	-0.0002008	-0.0001570	-0.0001115	-0.0000646	-0.0000154	+0.0000351	+0.0000868	+0.0001386	+0.0001897	+0.0002368	+0.0002790	+0.0003158	+0.0003477	+0.0003774	+0.0004046	+0.0004308	+0.0004560	+0.0004786
2013-02	0.013	-0.0004074	-0.0003612	-0.0003113	-0.0002521	-0.0001889	-0.0001215	-0.0000550	+0.0000146	+0.0000826	+0.0001511	+0.0002158	+0.0002796	+0.0003362	+0.0003856	+0.0004282	+0.0004660	+0.0004995	+0.0005296	+0.0005562	+0.0005836	+0.0006099
2013-03	0.022	-0.0004980	-0.0004289	-0.0003651	-0.0003015	-0.0002260	-0.0001513	-0.0000775	+0.0000057	+0.0000908	+0.0001757	+0.0002552	+0.0003298	+0.0003981	+0.0004561	+0.0005049	+0.0005472	+0.0005855	+0.0006184	+0.0006486	+0.0006753	+0.0006991
2013-04	0.021	-0.0007425	-0.0006507	-0.0005351	-0.0004316	-0.0003380	-0.0002269	-0.0001127	-0.0000075	+0.0001164	+0.0002353	+0.0003348	+0.0004427	+0.0005357	+0.0006075	+0.0006634	+0.0007117	+0.0007550	+0.0007906	+0.0008215	+0.0008515	+0.0008803
2013-05	-0.013	-0.0008119	-0.0007169	-0.0006057	-0.0004909	-0.0003889	-0.0002603	-0.0001288	-0.0000024	+0.0001427	+0.0002808	+0.0004056	+0.0005250	+0.0006378	+0.0007225	+0.0007923	+0.0008496	+0.0008989	+0.0009435	+0.0009867	+0.0010262	+0.0010660
2013-06	0.000	-0.0007284	-0.0006350	-0.0005424	-0.0004463	-0.0003425	-0.0002331	-0.0001226	-0.0000026	+0.0001153	+0.0002309	+0.0003389	+0.0004398	+0.0005315	+0.0006116	+0.0006798	+0.0007413	+0.0007939	+0.0008414	+0.0008861	+0.0009274	+0.0009651
2013-07	0.002	-0.0005742	-0.0004998	-0.0004259	-0.0003493	-0.0002654	-0.0001840	-0.0000921	+0.0000016	+0.0000942	+0.0001877	+0.0002814	+0.0003697	+0.0004496	+0.0005212	+0.0005844	+0.0006405	+0.0006896	+0.0007364	+0.0007779	+0.0008181	+0.0008540
2013-08	-0.001	-0.0006543	-0.0005708	-0.0004847	-0.0004068	-0.0003169	-0.0002248	-0.0001324	-0.0000365	+0.0000614	+0.0001625	+0.0002596	+0.0003498	+0.0004341	+0.0005079	+0.0005759	+0.0006371	+0.0006927	+0.0007445	+0.0007912	+0.0008359	+0.0008794
2013-09	0.018	-0.0006982	-0.0006011	-0.0005044	-0.0004160	-0.0003246	-0.0002306	-0.0001260	-0.0000223	+0.0000859	+0.0001946	+0.0002963	+0.0003923	+0.0004801	+0.0005607	+0.0006295	+0.0006935	+0.0007493	+0.0007983	+0.0008456	+0.0008904	+0.0009339
2013-10	0.003	-0.0008922	-0.0007832	-0.0006497	-0.0005280	-0.0004037	-0.0002727	-0.0001391	+0.0000021	+0.0001422	+0.0002797	+0.0004118	+0.0005374	+0.0006525	+0.0007482	+0.0008281	+0.0008960	+0.0009574	+0.0010091	+0.0010564	+0.0011013	+0.0011414
2013-11	0.010	-0.0009290	-0.0007993	-0.0006869	-0.0005701	-0.0004366	-0.0002912	-0.0001477	-0.0000057	+0.0001397	+0.0002757	+0.0004077	+0.0005293	+0.0006340	+0.0007236	+0.0007972	+0.0008616	+0.0009193	+0.0009707	+0.0010142	+0.0010524	+0.0010884
2013-12	0.002	-0.0009320	-0.0008199	-0.0007002	-0.0005680	-0.0004349	-0.0002870	-0.0001485	-0.0000046	+0.0001490	+0.0002964	+0.0004330	+0.0005656	+0.0006851	+0.0007803	+0.0008607	+0.0009301	+0.0009937	+0.0010482	+0.0011021	+0.0011511	+0.0011957
2014-01	-0.006	-0.0009500	-0.0008207	-0.0006865	-0.0005630	-0.0004184	-0.0002726	-0.0001336	+0.0000141	+0.0001715	+0.0003157	+0.0004545	+0.0005937	+0.0007165	+0.0008166	+0.0008981	+0.0009698	+0.0010341	+0.0010907	+0.0011454	+0.0011934	+0.0012355
2014-02	0.001	-0.0009100	-0.0007981	-0.0006690	-0.0005484	-0.0004202	-0.0002854	-0.0001500	-0.0000028	+0.0001405	+0.0002847	+0.0004189	+0.0005449	+0.0006595	+0.0007589	+0.0008420	+0.0009121	+0.0009747	+0.0010325	+0.0010836	+0.0011295	+0.0011722
2014-03	-0.004	-0.0009796	-0.0008397	-0.0007137	-0.0005793	-0.0004459	-0.0003037	-0.0001607	-0.0000156	+0.0001295	+0.0002781	+0.0004191	+0.0005517	+0.0006697	+0.0007731	+0.0008562	+0.0009281	+0.0009907	+0.0010480	+0.0011018	+0.0011500	+0.0011981
2014-04	-0.003	-0.0008161	-0.0006929	-0.0005934	-0.0004829	-0.0003737	-0.0002603	-0.0001398	-0.0000114	+0.0001177	+0.0002460	+0.0003702	+0.0004864	+0.0005894	+0.0006797	+0.0007597	+0.0008329	+0.0008981	+0.0009586	+0.0010119	+0.0010589	+0.0011023
2014-05	0.005	-0.0006948	-0.0006158	-0.0005272	-0.0004356	-0.0003336	-0.0002382	-0.0001372	-0.0000305	+0.0000752	+0.0001782	+0.0002785	+0.0003735	+0.0004632	+0.0005446	+0.0006190	+0.0006839	+0.0007403	+0.0007901	+0.0008369	+0.0008770	+0.0009162
2014-06	0.007	-0.0006677	-0.0005688	-0.0004821	-0.0003980	-0.0003118	-0.0002290	-0.0001431	-0.0000548	+0.0000404	+0.0001403	+0.0002352	+0.0003232	+0.0004047	+0.0004788	+0.0005496	+0.0006140	+0.0006735	+0.0007269	+0.0007751	+0.0008177	+0.0008565
2014-07	0.005	-0.0005766	-0.0005110	-0.0004382	-0.0003646	-0.0002939	-0.0002272	-0.0001509	-0.0000710	+0.0000126	+0.0000983	+0.0001824	+0.0002614	+0.0003363	+0.0004101	+0.0004767	+0.0005358	+0.0005906	+0.0006411	+0.0006877	+0.0007342	+0.0007801
2014-08	0.000	-0.0005198	-0.0004581	-0.0003981	-0.0003345	-0.0002687	-0.0002006	-0.0001300	-0.0000559	+0.0000213	+0.0001005	+0.0001786	+0.0002542	+0.0003257	+0.0003908	+0.0004517	+0.0005100	+0.0005651	+0.0006163	+0.0006654	+0.0007135	+0.0007575
2014-09	0.008	-0.0003930	-0.0003560	-0.0003188	-0.0002794	-0.0002384	-0.0001929	-0.0001431	-0.0000908	-0.0000362	+0.0000213	+0.0000802	+0.0001372	+0.0001917	+0.0002429	+0.0002902	+0.0003334	+0.0003728	+0.0004092	+0.0004451	+0.0004794	+0.0005115
2014-10	-0.005	-0.0004740	-0.0004176	-0.0003570	-0.0002959	-0.0002313	-0.0001711	-0.0001059	-0.0000380	+0.0000339	+0.0001037	+0.0001716	+0.0002371	+0.0002986	+0.0003553	+0.0004076	+0.0004541	+0.0004945	+0.0005321	+0.0005677	+0.0006015	+0.0006315
2014-11	0.010	-0.0003808	-0.0003420	-0.0003017	-0.0002586	-0.0002121	-0.0001614	-0.0001095	-0.0000536	+0.0000069	+0.0000678	+0.0001272	+0.0001849	+0.0002379	+0.0002856	+0.0003307	+0.0003730	+0.0004101	+0.0004426	+0.0004728	+0.0005021	+0.0005320
2014-12	0.006	-0.0003891	-0.0003461	-0.0003030	-0.0002553	-0.0002043	-0.0001511	-0.0000975	-0.0000410	+0.0000181	+0.0000766	+0.0001340	+0.0001882	+0.0002398	+0.0002874	+0.0003310	+0.0003711	+0.0004081	+0.0004423	+0.0004747	+0.0005049	+0.0005323
2015-01	0.001	-0.0004926	-0.0004365	-0.0003818	-0.0003238	-0.0002591	-0.0001888	-0.0001170	-0.0000445	+0.0000305	+0.0001048	+0.0001782	+0.0002456	+0.0003054	+0.0003588	+0.0004097	+0.0004552	+0.0004947	+0.0005305	+0.0005630	+0.0005916	+0.0006157
2015-02	-0.005	-0.0003900	-0.0003483	-0.0002990	-0.0002485	-0.0002003	-0.0001504	-0.0000966	-0.0000420	+0.0000147	+0.0000726	+0.0001302	+0.0001848	+0.0002367	+0.0002859	+0.0003295	+0.0003682	+0.0004054	+0.0004401	+0.0004749	+0.0005062	+0.0005322
