2012-05	-0.117	-0.0034367	-0.0031405	-0.0028500	-0.0025338	-0.0021900	-0.0018437	-0.0014860	-0.0011030	-0.0006972	-0.0002653	+0.0001760	+0.0006204	+0.0010488	+0.0014609	+0.0018464	+0.0021959	+0.0025322	+0.0028357	+0.0031176	+0.0033778	+0.0036177
2012-06	0.001	-0.0032427	-0.0029776	-0.0027017	-0.0024131	-0.0021063	-0.0017660	-0.0014090	-0.0010460	-0.0006692	-0.0002714	+0.0001413	+0.0005587	+0.0009564	+0.0013281	+0.0016772	+0.0020001	+0.0022898	+0.0025728	+0.0028384	+0.0030860	+0.0033168
2012-07	0.035	-0.0035098	-0.0032430	-0.0029672	-0.0026613	-0.0023354	-0.0019922	-0.0016317	-0.0012442	-0.0008528	-0.0004426	-0.0000257	+0.0003948	+0.0008063	+0.0011993	+0.0015570	+0.0019014	+0.0022198	+0.0024978	+0.0027507	+0.0029901	+0.0032155
2012-08	-0.028	-0.0036228	-0.0033682	-0.0030857	-0.0027976	-0.0024874	-0.0021531	-0.0017818	-0.0013939	-0.0009928	-0.0005743	-0.0001591	+0.0002383	+0.0006291	+0.0010127	+0.0013814	+0.0017154	+0.0020341	+0.0023245	+0.0025962	+0.0028564	+0.0031118
2012-09	0.033	-0.0035980	-0.0033464	-0.0030910	-0.0028250	-0.0025438	-0.0022252	-0.0018800	-0.0015055	-0.0011023	-0.0006801	-0.0002571	+0.0001727	+0.0005875	+0.0009832	+0.0013649	+0.0017266	+0.0020391	+0.0023196	+0.0025803	+0.0028163	+0.0030503
2012-10	0.063	-0.0034887	-0.0032586	-0.0030043	-0.0027281	-0.0024341	-0.0021184	-0.0017790	-0.0014202	-0.0010234	-0.0006035	-0.0001736	+0.0002464	+0.0006493	+0.0010346	+0.0013970	+0.0017261	+0.0020293	+0.0023253	+0.0025984	+0.0028478	+0.0030887
2012-11	0.006	-0.0034378	-0.0031731	-0.0028944	-0.0025965	-0.0022653	-0.0019353	-0.0015979	-0.0012422	-0.0008545	-0.0004566	-0.0000557	+0.0003425	+0.0007250	+0.0010902	+0.0014374	+0.0017523	+0.0020426	+0.0023216	+0.0026005	+0.0028722	+0.0031508
2012-12	0.033	-0.0034129	-0.0031628	-0.0029142	-0.0026369	-0.0023520	-0.0020582	-0.0017320	-0.0013856	-0.0010140	-0.0006196	-0.0002034	+0.0002024	+0.0006049	+0.0009944	+0.0013605	+0.0016899	+0.0020072	+0.0023113	+0.0025850	+0.0028411	+0.0031034
2013-01	0.076	-0.0029010	-0.0026637	-0.0024173	-0.0021534	-0.0018725	-0.0015620	-0.0012317	-0.0008835	-0.0005110	-0.0001250	+0.0002659	+0.0006587	+0.0010474	+0.0014248	+0.0017753	+0.0020960	+0.0023844	+0.0026464	+0.0028835	+0.0031334	+0.0033718
2013-02	0.075	-0.0024850	-0.0022099	-0.0019121	-0.0015800	-0.0012428	-0.0008874	-0.0005076	-0.0001161	+0.0002937	+0.0007112	+0.0011328	+0.0015447	+0.0019459	+0.0023233	+0.0026783	+0.0030053	+0.0032980	+0.0035558	+0.0037927	+0.0040062	+0.0041903
2013-03	0.057	-0.0024382	-0.0021957	-0.0019148	-0.0016237	-0.0012983	-0.0009676	-0.0006241	-0.0002502	+0.0001372	+0.0005235	+0.0009081	+0.0012827	+0.0016359	+0.0019682	+0.0022839	+0.0025665	+0.0028211	+0.0030603	+0.0032807	+0.0034807	+0.0036868
2013-04	0.046	-0.0033320	-0.0029384	-0.0025231	-0.0021182	-0.0016909	-0.0012488	-0.0008065	-0.0003369	+0.0001561	+0.0006526	+0.0011468	+0.0016113	+0.0020290	+0.0024225	+0.0027770	+0.0031025	+0.0033952	+0.0036745	+0.0039302	+0.0041740	+0.0043782
2013-05	0.047	-0.0034371	-0.0030126	-0.0026068	-0.0022085	-0.0017404	-0.0012654	-0.0007568	-0.0002455	+0.0002665	+0.0007888	+0.0012923	+0.0017934	+0.0022387	+0.0026211	+0.0029664	+0.0032895	+0.0035821	+0.0038382	+0.0040670	+0.0042793	+0.0044799
2013-06	-0.120	-0.0033711	-0.0029522	-0.0025296	-0.0021013	-0.0016605	-0.0011765	-0.0006861	-0.0001852	+0.0003251	+0.0008527	+0.0013685	+0.0018587	+0.0022994	+0.0027021	+0.0030584	+0.0033772	+0.0036850	+0.0039696	+0.0042374	+0.0044794	+0.0047044
2013-07	-0.045	-0.0025318	-0.0022919	-0.0020220	-0.0017302	-0.0014119	-0.0010983	-0.0007700	-0.0004109	-0.0000351	+0.0003496	+0.0007382	+0.0011193	+0.0014820	+0.0018218	+0.0021382	+0.0024270	+0.0026887	+0.0029389	+0.0031655	+0.0033674	+0.0035591
2013-08	-0.133	-0.0024875	-0.0022916	-0.0020605	-0.0018135	-0.0015458	-0.0012499	-0.0009367	-0.0006227	-0.0002860	+0.0000763	+0.0004496	+0.0008181	+0.0011728	+0.0015053	+0.0018236	+0.0021292	+0.0024081	+0.0026633	+0.0029029	+0.0031171	+0.0033382
2013-09	0.008	-0.0027762	-0.0025538	-0.0023346	-0.0020906	-0.0018375	-0.0015655	-0.0012722	-0.0009499	-0.0006028	-0.0002384	+0.0001313	+0.0005013	+0.0008630	+0.0012094	+0.0015308	+0.0018276	+0.0021085	+0.0023684	+0.0026063	+0.0028319	+0.0030725
2013-10	0.068	-0.0027824	-0.0025206	-0.0022591	-0.0019758	-0.0016611	-0.0013393	-0.0009954	-0.0006175	-0.0002091	+0.0002137	+0.0006280	+0.0010508	+0.0014712	+0.0018860	+0.0022657	+0.0026110	+0.0029184	+0.0032031	+0.0034645	+0.0037052	+0.0039221
2013-11	-0.095	-0.0028872	-0.0026030	-0.0023285	-0.0020195	-0.0016890	-0.0013643	-0.0010191	-0.0006464	-0.0002427	+0.0001787	+0.0006152	+0.0010465	+0.0014513	+0.0018303	+0.0021888	+0.0025168	+0.0028125	+0.0030717	+0.0033181	+0.0035533	+0.0037773
2013-12	-0.006	-0.0028744	-0.0026681	-0.0024402	-0.0021729	-0.0018833	-0.0015706	-0.0012496	-0.0009096	-0.0005456	-0.0001673	+0.0002209	+0.0006001	+0.0009711	+0.0013276	+0.0016527	+0.0019498	+0.0022190	+0.0024671	+0.0027005	+0.0029130	+0.0031176
2014-01	0.038	-0.0028474	-0.0025950	-0.0023274	-0.0020593	-0.0017905	-0.0014991	-0.0011712	-0.0008176	-0.0004405	-0.0000551	+0.0003363	+0.0007205	+0.0010894	+0.0014469	+0.0017892	+0.0021018	+0.0023931	+0.0026676	+0.0029329	+0.0031944	+0.0034640
2014-02	0.057	-0.0028513	-0.0026115	-0.0023570	-0.0020960	-0.0018220	-0.0015197	-0.0011853	-0.0008294	-0.0004593	-0.0000764	+0.0003138	+0.0007111	+0.0011039	+0.0014714	+0.0018176	+0.0021422	+0.0024355	+0.0027011	+0.0029467	+0.0031976	+0.0034234
2014-03	0.060	-0.0029486	-0.0026791	-0.0024055	-0.0021308	-0.0018423	-0.0015375	-0.0011964	-0.0008337	-0.0004489	-0.0000416	+0.0003778	+0.0007886	+0.0011815	+0.0015602	+0.0019043	+0.0022309	+0.0025284	+0.0028018	+0.0030462	+0.0032707	+0.0034873
2014-04	-0.002	-0.0028370	-0.0025862	-0.0023194	-0.0020306	-0.0017243	-0.0013932	-0.0010415	-0.0006735	-0.0002842	+0.0001266	+0.0005478	+0.0009750	+0.0013876	+0.0017806	+0.0021385	+0.0024767	+0.0027836	+0.0030776	+0.0033593	+0.0036219	+0.0038546
2014-05	0.022	-0.0030052	-0.0027534	-0.0024920	-0.0022168	-0.0019135	-0.0016060	-0.0012693	-0.0008969	-0.0005065	-0.0001183	+0.0002810	+0.0006797	+0.0010681	+0.0014453	+0.0017975	+0.0021085	+0.0024005	+0.0026743	+0.0029309	+0.0031719	+0.0033989
2014-06	-0.052	-0.0030749	-0.0028127	-0.0025257	-0.0022458	-0.0019570	-0.0016566	-0.0013347	-0.0009886	-0.0006166	-0.0002186	+0.0001923	+0.0005955	+0.0009761	+0.0013355	+0.0016712	+0.0019839	+0.0022780	+0.0025463	+0.0028004	+0.0030402	+0.0032536
2014-07	0.079	-0.0033521	-0.0031408	-0.0029001	-0.0026381	-0.0023638	-0.0020698	-0.0017553	-0.0014063	-0.0010397	-0.0006557	-0.0002538	+0.0001407	+0.0005252	+0.0008767	+0.0012129	+0.0015161	+0.0017962	+0.0020618	+0.0023082	+0.0025416	+0.0027718
2014-08	0.011	-0.0029991	-0.0027925	-0.0025540	-0.0022991	-0.0020338	-0.0017534	-0.0014503	-0.0011220	-0.0007806	-0.0004254	-0.0000523	+0.0003214	+0.0006851	+0.0010215	+0.0013346	+0.0016274	+0.0019051	+0.0021546	+0.0023832	+0.0025961	+0.0027939
2014-09	0.007	-0.0031987	-0.0029759	-0.0027566	-0.0025147	-0.0022399	-0.0019531	-0.0016573	-0.0013294	-0.0009811	-0.0006133	-0.0002337	+0.0001427	+0.0005047	+0.0008592	+0.0011895	+0.0014989	+0.0017831	+0.0020471	+0.0023073	+0.0025702	+0.0028224
2014-10	-0.005	-0.0030683	-0.0028169	-0.0025629	-0.0023074	-0.0020453	-0.0017679	-0.0014735	-0.0011562	-0.0008252	-0.0004779	-0.0001216	+0.0002405	+0.0005802	+0.0009116	+0.0012370	+0.0015321	+0.0018074	+0.0020760	+0.0023215	+0.0025454	+0.0027407
2014-11	0.079	-0.0026925	-0.0024907	-0.0022783	-0.0020559	-0.0018248	-0.0015676	-0.0012988	-0.0010060	-0.0006963	-0.0003763	-0.0000438	+0.0002982	+0.0006233	+0.0009227	+0.0012088	+0.0014658	+0.0017101	+0.0019411	+0.0021466	+0.0023398	+0.0025171
2014-12	-0.002	-0.0024698	-0.0022613	-0.0020410	-0.0018056	-0.0015552	-0.0012888	-0.0009961	-0.0006789	-0.0003416	+0.0000063	+0.0003548	+0.0007079	+0.0010469	+0.0013651	+0.0016653	+0.0019413	+0.0022046	+0.0024483	+0.0026686	+0.0028751	+0.0030669
2015-01	-0.001	-0.0024025	-0.0021408	-0.0018793	-0.0015994	-0.0013081	-0.0009951	-0.0006538	-0.0002867	+0.0001083	+0.0005112	+0.0008991	+0.0012718	+0.0016219	+0.0019426	+0.0022409	+0.0025241	+0.0027776	+0.0029995	+0.0032020	+0.0034035	+0.0035979
2015-02	-0.003	-0.0027162	-0.0023776	-0.0020398	-0.0017159	-0.0013897	-0.0010252	-0.0006513	-0.0002699	+0.0001239	+0.0005232	+0.0009207	+0.0012907	+0.0016400	+0.0019592	+0.0022471	+0.0025065	+0.0027490	+0.0029630	+0.0031578	+0.0033442	+0.0035147
