2012-05	0.007	-0.0002791	-0.0002460	-0.0002145	-0.0001789	-0.0001400	-0.0001004	-0.0000595	-0.0000188	+0.0000227	+0.0000672	+0.0001110	+0.0001535	+0.0001946	+0.0002314	+0.0002654	+0.0002957	+0.0003218	+0.0003450	+0.0003682	+0.0003908	+0.0004125
2012-06	-0.003	-0.0003220	-0.0002797	-0.0002401	-0.0001965	-0.0001484	-0.0000986	-0.0000469	+0.0000047	+0.0000586	+0.0001121	+0.0001639	+0.0002123	+0.0002563	+0.0002950	+0.0003283	+0.0003593	+0.0003868	+0.0004117	+0.0004336	+0.0004520	+0.0004703
2012-07	0.005	-0.0003690	-0.0003211	-0.0002734	-0.0002268	-0.0001754	-0.0001250	-0.0000717	-0.0000169	+0.0000387	+0.0000947	+0.0001472	+0.0001965	+0.0002418	+0.0002817	+0.0003178	+0.0003493	+0.0003777	+0.0004030	+0.0004259	+0.0004485	+0.0004707
2012-08	-0.000	-0.0003901	-0.0003433	-0.0002893	-0.0002333	-0.0001757	-0.0001193	-0.0000631	-0.0000044	+0.0000551	+0.0001144	+0.0001721	+0.0002261	+0.0002749	+0.0003166	+0.0003535	+0.0003857	+0.0004131	+0.0004376	+0.0004599	+0.0004805	+0.0004978
2012-09	0.001	-0.0003627	-0.0003192	-0.0002752	-0.0002243	-0.0001723	-0.0001245	-0.0000730	-0.0000184	+0.0000358	+0.0000885	+0.0001405	+0.0001900	+0.0002345	+0.0002741	+0.0003089	+0.0003393	+0.0003672	+0.0003924	+0.0004153	+0.0004351	+0.0004513
2012-10	-0.002	-0.0003420	-0.0003013	-0.0002582	-0.0002112	-0.0001646	-0.0001177	-0.0000685	-0.0000182	+0.0000319	+0.0000822	+0.0001313	+0.0001775	+0.0002194	+0.0002568	+0.0002887	+0.0003177	+0.0003446	+0.0003687	+0.0003907	+0.0004116	+0.0004314
2012-11	0.003	-0.0003261	-0.0002850	-0.0002427	-0.0002010	-0.0001560	-0.0001091	-0.0000620	-0.0000135	+0.0000360	+0.0000856	+0.0001343	+0.0001799	+0.0002219	+0.0002604	+0.0002942	+0.0003240	+0.0003496	+0.0003729	+0.0003946	+0.0004152	+0.0004337
2012-12	-0.002	-0.0003167	-0.0002822	-0.0002431	-0.0001993	-0.0001591	-0.0001169	-0.0000700	-0.0000239	+0.0000235	+0.0000706	+0.0001175	+0.0001617	+0.0002012	+0.0002365	+0.0002678	+0.0002951	+0.0003210	+0.0003442	+0.0003640	+0.0003818	+0.0003987
2013-01	-0.002	-0.0002282	-0.0002010	-0.0001750	-0.0001484	-0.0001204	-0.0000908	-0.0000605	-0.0000285	+0.0000049	+0.0000393	+0.0000735	+0.0001077	+0.0001402	+0.0001703	+0.0001985	+0.0002245	+0.0002476	+0.0002681	+0.0002852	+0.0003011	+0.0003153
2013-02	0.006	-0.0002036	-0.0001824	-0.0001605	-0.0001383	-0.0001157	-0.0000926	-0.0000678	-0.0000416	-0.0000145	+0.0000133	+0.0000415	+0.0000696	+0.0000963	+0.0001212	+0.0001446	+0.0001664	+0.0001861	+0.0002044	+0.0002214	+0.0002373	+0.0002537
2013-03	0.008	-0.0002329	-0.0002087	-0.0001804	-0.0001517	-0.0001235	-0.0000924	-0.0000605	-0.0000270	+0.0000074	+0.0000421	+0.0000761	+0.0001080	+0.0001377	+0.0001647	+0.0001899	+0.0002121	+0.0002330	+0.0002524	+0.0002695	+0.0002850	+0.0002985
2013-04	0.004	-0.0002959	-0.0002587	-0.0002236	-0.0001852	-0.0001454	-0.0001034	-0.0000597	-0.0000139	+0.0000342	+0.0000819	+0.0001256	+0.0001679	+0.0002056	+0.0002373	+0.0002649	+0.0002895	+0.0003106	+0.0003298	+0.0003482	+0.0003653	+0.0003817
2013-05	-0.011	-0.0002611	-0.0002247	-0.0001920	-0.0001599	-0.0001273	-0.0000912	-0.0000511	-0.0000106	+0.0000322	+0.0000744	+0.0001151	+0.0001537	+0.0001888	+0.0002204	+0.0002485	+0.0002727	+0.0002945	+0.0003144	+0.0003319	+0.0003481	+0.0003629
2013-06	-0.006	-0.0001964	-0.0001766	-0.0001560	-0.0001335	-0.0001091	-0.0000852	-0.0000604	-0.0000346	-0.0000066	+0.0000220	+0.0000514	+0.0000810	+0.0001095	+0.0001363	+0.0001617	+0.0001854	+0.0002064	+0.0002267	+0.0002445	+0.0002608	+0.0002769
2013-07	0.002	-0.0001961	-0.0001767	-0.0001572	-0.0001370	-0.0001159	-0.0000940	-0.0000702	-0.0000445	-0.0000182	+0.0000096	+0.0000383	+0.0000661	+0.0000928	+0.0001179	+0.0001417	+0.0001639	+0.0001849	+0.0002052	+0.0002246	+0.0002428	+0.0002623
2013-08	0.000	-0.0002036	-0.0001828	-0.0001630	-0.0001423	-0.0001190	-0.0000946	-0.0000684	-0.0000405	-0.0000119	+0.0000181	+0.0000478	+0.0000772	+0.0001063	+0.0001340	+0.0001604	+0.0001844	+0.0002058	+0.0002248	+0.0002423	+0.0002593	+0.0002748
2013-09	0.004	-0.0001910	-0.0001754	-0.0001576	-0.0001380	-0.0001168	-0.0000952	-0.0000725	-0.0000475	-0.0000221	+0.0000049	+0.0000329	+0.0000607	+0.0000877	+0.0001133	+0.0001369	+0.0001588	+0.0001792	+0.0001983	+0.0002158	+0.0002318	+0.0002465
2013-10	0.006	-0.0002029	-0.0001864	-0.0001688	-0.0001500	-0.0001303	-0.0001092	-0.0000866	-0.0000628	-0.0000373	-0.0000107	+0.0000162	+0.0000432	+0.0000701	+0.0000959	+0.0001198	+0.0001424	+0.0001635	+0.0001825	+0.0001999	+0.0002170	+0.0002323
2013-11	0.000	-0.0002229	-0.0002019	-0.0001796	-0.0001549	-0.0001282	-0.0001012	-0.0000732	-0.0000442	-0.0000141	+0.0000168	+0.0000476	+0.0000774	+0.0001067	+0.0001349	+0.0001613	+0.0001848	+0.0002063	+0.0002257	+0.0002447	+0.0002629	+0.0002809
2013-12	-0.006	-0.0001898	-0.0001752	-0.0001573	-0.0001377	-0.0001171	-0.0000958	-0.0000726	-0.0000474	-0.0000204	+0.0000077	+0.0000363	+0.0000654	+0.0000935	+0.0001203	+0.0001447	+0.0001674	+0.0001881	+0.0002077	+0.0002265	+0.0002441	+0.0002600
2014-01	0.008	-0.0002002	-0.0001838	-0.0001658	-0.0001480	-0.0001292	-0.0001079	-0.0000851	-0.0000609	-0.0000350	-0.0000083	+0.0000188	+0.0000457	+0.0000720	+0.0000966	+0.0001195	+0.0001409	+0.0001609	+0.0001794	+0.0001964	+0.0002130	+0.0002285
2014-02	0.003	-0.0002010	-0.0001831	-0.0001640	-0.0001426	-0.0001203	-0.0000964	-0.0000714	-0.0000446	-0.0000153	+0.0000153	+0.0000460	+0.0000751	+0.0001028	+0.0001294	+0.0001545	+0.0001781	+0.0002013	+0.0002223	+0.0002421	+0.0002607	+0.0002790
2014-03	-0.001	-0.0002103	-0.0001879	-0.0001658	-0.0001432	-0.0001192	-0.0000925	-0.0000647	-0.0000362	-0.0000055	+0.0000255	+0.0000565	+0.0000875	+0.0001170	+0.0001451	+0.0001706	+0.0001957	+0.0002194	+0.0002416	+0.0002615	+0.0002805	+0.0002995
2014-04	0.002	-0.0001966	-0.0001797	-0.0001600	-0.0001391	-0.0001176	-0.0000947	-0.0000703	-0.0000435	-0.0000148	+0.0000148	+0.0000444	+0.0000737	+0.0001025	+0.0001299	+0.0001563	+0.0001808	+0.0002039	+0.0002249	+0.0002441	+0.0002617	+0.0002774
2014-05	0.005	-0.0002222	-0.0001969	-0.0001726	-0.0001474	-0.0001209	-0.0000932	-0.0000637	-0.0000326	+0.0000002	+0.0000340	+0.0000678	+0.0001009	+0.0001319	+0.0001611	+0.0001876	+0.0002119	+0.0002337	+0.0002541	+0.0002729	+0.0002896	+0.0003054
2014-06	0.002	-0.0002415	-0.0002133	-0.0001816	-0.0001515	-0.0001218	-0.0000911	-0.0000582	-0.0000242	+0.0000112	+0.0000464	+0.0000805	+0.0001136	+0.0001453	+0.0001756	+0.0002036	+0.0002288	+0.0002511	+0.0002723	+0.0002911	+0.0003092	+0.0003252
2014-07	0.002	-0.0002236	-0.0001997	-0.0001755	-0.0001512	-0.0001260	-0.0001005	-0.0000733	-0.0000447	-0.0000139	+0.0000172	+0.0000481	+0.0000798	+0.0001103	+0.0001397	+0.0001659	+0.0001888	+0.0002096	+0.0002288	+0.0002474	+0.0002642	+0.0002806
2014-08	0.007	-0.0001960	-0.0001785	-0.0001612	-0.0001415	-0.0001201	-0.0000963	-0.0000718	-0.0000463	-0.0000194	+0.0000087	+0.0000371	+0.0000655	+0.0000927	+0.0001177	+0.0001409	+0.0001625	+0.0001837	+0.0002034	+0.0002213	+0.0002374	+0.0002534
2014-09	-0.001	-0.0001882	-0.0001686	-0.0001493	-0.0001301	-0.0001086	-0.0000866	-0.0000627	-0.0000374	-0.0000107	+0.0000164	+0.0000435	+0.0000713	+0.0000977	+0.0001220	+0.0001441	+0.0001645	+0.0001832	+0.0002004	+0.0002161	+0.0002308	+0.0002448
2014-10	0.004	-0.0001970	-0.0001699	-0.0001426	-0.0001162	-0.0000896	-0.0000614	-0.0000325	-0.0000022	+0.0000292	+0.0000615	+0.0000930	+0.0001232	+0.0001515	+0.0001770	+0.0001998	+0.0002201	+0.0002389	+0.0002566	+0.0002727	+0.0002864	+0.0002996
2014-11	0.008	-0.0002716	-0.0002320	-0.0001965	-0.0001582	-0.0001196	-0.0000803	-0.0000385	+0.0000047	+0.0000476	+0.0000889	+0.0001277	+0.0001633	+0.0001958	+0.0002238	+0.0002479	+0.0002688	+0.0002871	+0.0003033	+0.0003180	+0.0003321	+0.0003455
2014-12	0.007	-0.0002875	-0.0002487	-0.0002105	-0.0001705	-0.0001303	-0.0000858	-0.0000400	+0.0000064	+0.0000554	+0.0001018	+0.0001468	+0.0001899	+0.0002284	+0.0002608	+0.0002874	+0.0003106	+0.0003316	+0.0003497	+0.0003662	+0.0003802	+0.0003940
2015-01	0.009	-0.0003633	-0.0003185	-0.0002691	-0.0002087	-0.0001585	-0.0001021	-0.0000440	+0.0000076	+0.0000646	+0.0001209	+0.0001707	+0.0002224	+0.0002672	+0.0003016	+0.0003294	+0.0003534	+0.0003737	+0.0003916	+0.0004087	+0.0004243	+0.0004370
2015-02	-0.004	-0.0004001	-0.0003481	-0.0002943	-0.0002351	-0.0001809	-0.0001218	-0.0000612	-0.0000032	+0.0000625	+0.0001225	+0.0001757	+0.0002302	+0.0002813	+0.0003210	+0.0003519	+0.0003760	+0.0003968	+0.0004156	+0.0004323	+0.0004466	+0.0004592
