2012-05	-0.090	-0.0034610	-0.0031983	-0.0029647	-0.0027211	-0.0024541	-0.0021510	-0.0018221	-0.0014686	-0.0011064	-0.0007438	-0.0003750	-0.0000049	+0.0003642	+0.0007191	+0.0010433	+0.0013484	+0.0016310	+0.0018930	+0.0021359	+0.0023629	+0.0025743
2012-06	-0.020	-0.0037364	-0.0034998	-0.0032549	-0.0029968	-0.0027203	-0.0024168	-0.0020917	-0.0017450	-0.0013747	-0.0009880	-0.0006008	-0.0002060	+0.0001737	+0.0005295	+0.0008729	+0.0011957	+0.0015072	+0.0017919	+0.0020439	+0.0022814	+0.0025143
2012-07	-0.000	-0.0037400	-0.0035205	-0.0032856	-0.0030215	-0.0027479	-0.0024438	-0.0021064	-0.0017496	-0.0013736	-0.0009856	-0.0005899	-0.0001996	+0.0002045	+0.0005845	+0.0009377	+0.0012725	+0.0015863	+0.0018884	+0.0021638	+0.0024128	+0.0026579
2012-08	0.002	-0.0040649	-0.0038555	-0.0036142	-0.0033465	-0.0030499	-0.0027359	-0.0024003	-0.0020369	-0.0016515	-0.0012482	-0.0008282	-0.0003988	+0.0000201	+0.0004319	+0.0008214	+0.0011906	+0.0015448	+0.0018842	+0.0022034	+0.0024969	+0.0027802
2012-09	0.042	-0.0037912	-0.0035811	-0.0033455	-0.0030993	-0.0028341	-0.0025530	-0.0022408	-0.0018870	-0.0015136	-0.0011076	-0.0006817	-0.0002546	+0.0001641	+0.0005564	+0.0009418	+0.0013118	+0.0016740	+0.0020297	+0.0023575	+0.0026563	+0.0029194
2012-10	0.025	-0.0036497	-0.0034266	-0.0031867	-0.0029295	-0.0026691	-0.0023910	-0.0020888	-0.0017612	-0.0014134	-0.0010329	-0.0006381	-0.0002424	+0.0001518	+0.0005391	+0.0009054	+0.0012502	+0.0015847	+0.0018928	+0.0021798	+0.0024350	+0.0026707
2012-11	0.049	-0.0034230	-0.0032126	-0.0029831	-0.0027376	-0.0024840	-0.0022195	-0.0019226	-0.0015939	-0.0012430	-0.0008772	-0.0005009	-0.0001259	+0.0002407	+0.0005901	+0.0009167	+0.0012119	+0.0015059	+0.0017925	+0.0020475	+0.0022793	+0.0025029
2012-12	0.097	-0.0029822	-0.0027761	-0.0025517	-0.0023239	-0.0020811	-0.0018246	-0.0015480	-0.0012564	-0.0009359	-0.0005973	-0.0002470	+0.0001078	+0.0004556	+0.0007847	+0.0010939	+0.0013911	+0.0016713	+0.0019363	+0.0021783	+0.0023991	+0.0026133
2013-01	0.105	-0.0023974	-0.0021841	-0.0019789	-0.0017494	-0.0014860	-0.0012079	-0.0009182	-0.0006167	-0.0003004	+0.0000313	+0.0003750	+0.0007265	+0.0010613	+0.0013757	+0.0016645	+0.0019309	+0.0021720	+0.0023896	+0.0025959	+0.0027979	+0.0029895
2013-02	-0.003	-0.0027781	-0.0024392	-0.0020826	-0.0016926	-0.0012877	-0.0008581	-0.0004269	+0.0000081	+0.0004547	+0.0009126	+0.0013724	+0.0018170	+0.0022277	+0.0026007	+0.0029314	+0.0032323	+0.0034985	+0.0037357	+0.0039614	+0.0041920	+0.0044009
2013-03	0.008	-0.0023719	-0.0020830	-0.0018029	-0.0015241	-0.0012219	-0.0009018	-0.0005699	-0.0002133	+0.0001524	+0.0005227	+0.0008936	+0.0012504	+0.0015793	+0.0018849	+0.0021798	+0.0024498	+0.0027114	+0.0029516	+0.0031723	+0.0033745	+0.0035582
2013-04	0.043	-0.0031455	-0.0027929	-0.0024168	-0.0020361	-0.0016261	-0.0012101	-0.0007736	-0.0003291	+0.0001169	+0.0005776	+0.0010343	+0.0014710	+0.0018666	+0.0022206	+0.0025426	+0.0028277	+0.0030817	+0.0033071	+0.0035317	+0.0037207	+0.0038907
2013-05	0.060	-0.0031528	-0.0027624	-0.0023655	-0.0019801	-0.0015591	-0.0010934	-0.0006005	-0.0001080	+0.0004101	+0.0009133	+0.0014225	+0.0018983	+0.0023060	+0.0026714	+0.0029924	+0.0032730	+0.0035115	+0.0037244	+0.0039217	+0.0041038	+0.0042670
2013-06	-0.137	-0.0033393	-0.0029657	-0.0025097	-0.0020508	-0.0015824	-0.0011116	-0.0005914	-0.0000905	+0.0004192	+0.0009273	+0.0014325	+0.0018899	+0.0023084	+0.0026832	+0.0030138	+0.0033103	+0.0035804	+0.0038328	+0.0040597	+0.0042604	+0.0044479
2013-07	0.018	-0.0020682	-0.0018776	-0.0016623	-0.0014300	-0.0011762	-0.0009273	-0.0006560	-0.0003651	-0.0000606	+0.0002550	+0.0005736	+0.0008834	+0.0011833	+0.0014746	+0.0017428	+0.0019923	+0.0022256	+0.0024567	+0.0026842	+0.0028814	+0.0030663
2013-08	-0.004	-0.0022834	-0.0020790	-0.0018489	-0.0016070	-0.0013369	-0.0010363	-0.0007306	-0.0004067	-0.0000609	+0.0002947	+0.0006490	+0.0009962	+0.0013305	+0.0016500	+0.0019482	+0.0022202	+0.0024677	+0.0027042	+0.0029213	+0.0031235	+0.0033138
2013-09	0.053	-0.0022970	-0.0020488	-0.0018079	-0.0015453	-0.0012816	-0.0010028	-0.0007067	-0.0003878	-0.0000521	+0.0002874	+0.0006376	+0.0009796	+0.0013080	+0.0016135	+0.0018976	+0.0021675	+0.0024178	+0.0026517	+0.0028575	+0.0030407	+0.0032041
2013-10	0.023	-0.0029424	-0.0025974	-0.0022170	-0.0018449	-0.0014523	-0.0010218	-0.0005900	-0.0001499	+0.0003122	+0.0007718	+0.0012169	+0.0016457	+0.0020476	+0.0024162	+0.0027610	+0.0030706	+0.0033413	+0.0035794	+0.0037938	+0.0040028	+0.0041862
2013-11	0.035	-0.0030260	-0.0026369	-0.0022585	-0.0018586	-0.0014367	-0.0010275	-0.0005972	-0.0001399	+0.0003044	+0.0007486	+0.0011887	+0.0016025	+0.0019941	+0.0023528	+0.0026745	+0.0029708	+0.0032349	+0.0034666	+0.0036658	+0.0038539	+0.0040369
2013-12	0.004	-0.0032369	-0.0028618	-0.0024334	-0.0020086	-0.0015864	-0.0011521	-0.0006718	-0.0001825	+0.0003115	+0.0008108	+0.0012981	+0.0017606	+0.0021819	+0.0025568	+0.0028849	+0.0031807	+0.0034542	+0.0037006	+0.0039269	+0.0041453	+0.0043339
2014-01	-0.058	-0.0032802	-0.0028766	-0.0024694	-0.0020020	-0.0015274	-0.0010376	-0.0005695	-0.0000749	+0.0004314	+0.0009244	+0.0014133	+0.0018807	+0.0023082	+0.0026975	+0.0030364	+0.0033532	+0.0036419	+0.0039142	+0.0041529	+0.0043664	+0.0045517
2014-02	0.005	-0.0025921	-0.0023330	-0.0020489	-0.0017522	-0.0014224	-0.0010512	-0.0006612	-0.0002549	+0.0001531	+0.0005579	+0.0009644	+0.0013562	+0.0017199	+0.0020573	+0.0023758	+0.0026732	+0.0029388	+0.0031887	+0.0034133	+0.0036236	+0.0037997
2014-03	0.001	-0.0028403	-0.0025171	-0.0021803	-0.0018318	-0.0014761	-0.0011086	-0.0007351	-0.0003493	+0.0000605	+0.0004963	+0.0009333	+0.0013362	+0.0017093	+0.0020568	+0.0023754	+0.0026666	+0.0029246	+0.0031617	+0.0033864	+0.0035941	+0.0037920
2014-04	0.004	-0.0023781	-0.0021311	-0.0018607	-0.0015834	-0.0012778	-0.0009601	-0.0006111	-0.0002619	+0.0001074	+0.0004811	+0.0008523	+0.0012151	+0.0015620	+0.0018859	+0.0021808	+0.0024586	+0.0027307	+0.0029846	+0.0032158	+0.0034456	+0.0036483
2014-05	0.011	-0.0021153	-0.0019347	-0.0017384	-0.0015365	-0.0013162	-0.0010706	-0.0008046	-0.0005300	-0.0002405	+0.0000631	+0.0003646	+0.0006665	+0.0009590	+0.0012366	+0.0015006	+0.0017455	+0.0019757	+0.0021734	+0.0023580	+0.0025447	+0.0027190
2014-06	0.006	-0.0021625	-0.0020009	-0.0018203	-0.0016177	-0.0013956	-0.0011738	-0.0009386	-0.0006810	-0.0004144	-0.0001392	+0.0001442	+0.0004316	+0.0007101	+0.0009772	+0.0012310	+0.0014709	+0.0016858	+0.0018820	+0.0020670	+0.0022305	+0.0023940
2014-07	0.071	-0.0020615	-0.0018862	-0.0017029	-0.0015153	-0.0013296	-0.0011280	-0.0009112	-0.0006790	-0.0004264	-0.0001574	+0.0001213	+0.0004015	+0.0006689	+0.0009223	+0.0011583	+0.0013682	+0.0015709	+0.0017591	+0.0019390	+0.0021050	+0.0022662
2014-08	0.000	-0.0019636	-0.0017931	-0.0016133	-0.0014057	-0.0011881	-0.0009510	-0.0006912	-0.0004211	-0.0001458	+0.0001422	+0.0004325	+0.0007260	+0.0010067	+0.0012753	+0.0015246	+0.0017549	+0.0019679	+0.0021637	+0.0023418	+0.0025047	+0.0026568
2014-09	0.010	-0.0019965	-0.0018125	-0.0016292	-0.0014417	-0.0012460	-0.0010311	-0.0007998	-0.0005497	-0.0002792	-0.0000009	+0.0002816	+0.0005571	+0.0008294	+0.0010879	+0.0013282	+0.0015504	+0.0017441	+0.0019229	+0.0020971	+0.0022745	+0.0024493
2014-10	0.005	-0.0017493	-0.0015984	-0.0014397	-0.0012777	-0.0011047	-0.0009142	-0.0007078	-0.0004858	-0.0002485	-0.0000020	+0.0002567	+0.0005169	+0.0007661	+0.0010045	+0.0012338	+0.0014430	+0.0016382	+0.0018226	+0.0019917	+0.0021451	+0.0022907
2014-11	0.095	-0.0018472	-0.0016702	-0.0014605	-0.0012428	-0.0010185	-0.0007975	-0.0005576	-0.0003069	-0.0000466	+0.0002228	+0.0004916	+0.0007608	+0.0010195	+0.0012575	+0.0014835	+0.0016911	+0.0018752	+0.0020499	+0.0022201	+0.0023777	+0.0025229
2014-12	0.037	-0.0022979	-0.0020205	-0.0017663	-0.0015028	-0.0012035	-0.0008751	-0.0005366	-0.0002145	+0.0001166	+0.0004540	+0.0007924	+0.0011169	+0.0014164	+0.0016840	+0.0019279	+0.0021543	+0.0023554	+0.0025264	+0.0026910	+0.0028393	+0.0029883
2015-01	0.023	-0.0024325	-0.0021646	-0.0018589	-0.0015575	-0.0012360	-0.0008927	-0.0005358	-0.0001799	+0.0002040	+0.0005661	+0.0009277	+0.0012707	+0.0015939	+0.0018801	+0.0021393	+0.0023717	+0.0025749	+0.0027623	+0.0029368	+0.0031171	+0.0032788
2015-02	-0.009	-0.0024962	-0.0021989	-0.0018643	-0.0015373	-0.0012106	-0.0008798	-0.0005332	-0.0001627	+0.0002122	+0.0005794	+0.0009360	+0.0012809	+0.0015991	+0.0018770	+0.0021331	+0.0023599	+0.0025624	+0.0027458	+0.0029146	+0.0030765	+0.0032275
