2012-05	-0.073	-0.0041393	-0.0038615	-0.0035933	-0.0033344	-0.0030489	-0.0027605	-0.0024635	-0.0021479	-0.0017972	-0.0014126	-0.0009972	-0.0005760	-0.0001444	+0.0002812	+0.0006914	+0.0010692	+0.0014027	+0.0017122	+0.0020257	+0.0023349	+0.0026338
2012-06	-0.014	-0.0042276	-0.0040004	-0.0037559	-0.0035082	-0.0032526	-0.0029699	-0.0026466	-0.0023050	-0.0019385	-0.0015501	-0.0011370	-0.0007086	-0.0002702	+0.0001570	+0.0005703	+0.0009722	+0.0013633	+0.0017305	+0.0020474	+0.0023521	+0.0026413
2012-07	0.017	-0.0044415	-0.0042179	-0.0039766	-0.0037280	-0.0034666	-0.0031720	-0.0028381	-0.0024896	-0.0021158	-0.0017019	-0.0012528	-0.0007675	-0.0002888	+0.0001906	+0.0006641	+0.0011225	+0.0015726	+0.0019923	+0.0023706	+0.0027308	+0.0030387
2012-08	0.020	-0.0040969	-0.0038913	-0.0036732	-0.0034380	-0.0031862	-0.0029028	-0.0025857	-0.0022398	-0.0018725	-0.0014854	-0.0010735	-0.0006210	-0.0001647	+0.0002781	+0.0007239	+0.0011463	+0.0015388	+0.0019147	+0.0022881	+0.0026282	+0.0029469
2012-09	0.040	-0.0038238	-0.0036137	-0.0033887	-0.0031635	-0.0029358	-0.0026756	-0.0023788	-0.0020513	-0.0016929	-0.0012931	-0.0008877	-0.0004703	-0.0000511	+0.0003748	+0.0007876	+0.0011740	+0.0015803	+0.0019728	+0.0022970	+0.0026212	+0.0029766
2012-10	-0.020	-0.0036360	-0.0034450	-0.0032301	-0.0030015	-0.0027406	-0.0024661	-0.0021725	-0.0018603	-0.0015195	-0.0011664	-0.0007924	-0.0004084	-0.0000247	+0.0003465	+0.0006964	+0.0010336	+0.0013568	+0.0016642	+0.0019552	+0.0022343	+0.0025338
2012-11	-0.034	-0.0034615	-0.0032862	-0.0030943	-0.0028766	-0.0026358	-0.0023793	-0.0020910	-0.0017834	-0.0014544	-0.0011034	-0.0007480	-0.0003781	-0.0000004	+0.0003683	+0.0007249	+0.0010604	+0.0013697	+0.0016624	+0.0019415	+0.0022012	+0.0024494
2012-12	0.013	-0.0037427	-0.0035537	-0.0033502	-0.0031226	-0.0028710	-0.0026089	-0.0023185	-0.0019997	-0.0016583	-0.0012904	-0.0008971	-0.0004866	-0.0000686	+0.0003443	+0.0007334	+0.0011055	+0.0014604	+0.0018098	+0.0021356	+0.0024540	+0.0027593
2013-01	0.030	-0.0032452	-0.0030665	-0.0028645	-0.0026571	-0.0024373	-0.0021975	-0.0019480	-0.0016720	-0.0013678	-0.0010502	-0.0007111	-0.0003605	-0.0000208	+0.0003058	+0.0006183	+0.0009270	+0.0012158	+0.0014979	+0.0017711	+0.0020286	+0.0022789
2013-02	-0.036	-0.0020009	-0.0018686	-0.0017282	-0.0015774	-0.0014059	-0.0012200	-0.0010221	-0.0008197	-0.0006032	-0.0003739	-0.0001410	+0.0000949	+0.0003349	+0.0005690	+0.0007910	+0.0009985	+0.0011843	+0.0013605	+0.0015310	+0.0016933	+0.0018436
2013-03	0.014	-0.0025743	-0.0024428	-0.0022916	-0.0021306	-0.0019611	-0.0017792	-0.0015791	-0.0013572	-0.0011166	-0.0008566	-0.0005832	-0.0002957	-0.0000180	+0.0002535	+0.0005193	+0.0007684	+0.0010065	+0.0012390	+0.0014570	+0.0016557	+0.0018345
2013-04	-0.052	-0.0021295	-0.0020136	-0.0018847	-0.0017459	-0.0015951	-0.0014270	-0.0012493	-0.0010566	-0.0008534	-0.0006360	-0.0004050	-0.0001754	+0.0000472	+0.0002571	+0.0004573	+0.0006438	+0.0008256	+0.0010041	+0.0011851	+0.0013535	+0.0015047
2013-05	0.015	-0.0022642	-0.0021394	-0.0020013	-0.0018506	-0.0016920	-0.0015161	-0.0013268	-0.0011240	-0.0009091	-0.0006818	-0.0004428	-0.0002003	+0.0000367	+0.0002609	+0.0004759	+0.0006833	+0.0008761	+0.0010736	+0.0012613	+0.0014405	+0.0016230
2013-06	-0.069	-0.0023111	-0.0021712	-0.0020315	-0.0018746	-0.0017148	-0.0015441	-0.0013626	-0.0011646	-0.0009504	-0.0007268	-0.0004860	-0.0002353	+0.0000131	+0.0002609	+0.0004849	+0.0006883	+0.0008851	+0.0010683	+0.0012431	+0.0014090	+0.0015537
2013-07	0.035	-0.0028371	-0.0027173	-0.0025746	-0.0024096	-0.0022319	-0.0020402	-0.0018330	-0.0016041	-0.0013515	-0.0010766	-0.0007891	-0.0004879	-0.0001767	+0.0001481	+0.0004873	+0.0008004	+0.0010812	+0.0013426	+0.0015918	+0.0018641	+0.0020954
2013-08	0.004	-0.0022422	-0.0021112	-0.0019838	-0.0018387	-0.0016751	-0.0015052	-0.0013229	-0.0011206	-0.0008962	-0.0006668	-0.0004344	-0.0001983	+0.0000380	+0.0002705	+0.0004899	+0.0006874	+0.0008694	+0.0010417	+0.0012188	+0.0013856	+0.0015352
2013-09	0.015	-0.0020914	-0.0019760	-0.0018466	-0.0017002	-0.0015446	-0.0013825	-0.0012104	-0.0010184	-0.0008157	-0.0006040	-0.0003826	-0.0001611	+0.0000607	+0.0002765	+0.0004776	+0.0006649	+0.0008453	+0.0010132	+0.0011756	+0.0013274	+0.0014717
2013-10	0.041	-0.0015168	-0.0014046	-0.0012822	-0.0011552	-0.0010204	-0.0008701	-0.0007158	-0.0005567	-0.0003849	-0.0002077	-0.0000252	+0.0001598	+0.0003384	+0.0005126	+0.0006768	+0.0008254	+0.0009661	+0.0010974	+0.0012252	+0.0013484	+0.0014705
2013-11	-0.021	-0.0014122	-0.0013003	-0.0011822	-0.0010552	-0.0009254	-0.0007831	-0.0006321	-0.0004766	-0.0003070	-0.0001318	+0.0000518	+0.0002376	+0.0004147	+0.0005780	+0.0007307	+0.0008707	+0.0009988	+0.0011203	+0.0012412	+0.0013526	+0.0014574
2013-12	0.030	-0.0014424	-0.0013248	-0.0012122	-0.0010994	-0.0009733	-0.0008326	-0.0006836	-0.0005294	-0.0003648	-0.0001917	-0.0000105	+0.0001706	+0.0003478	+0.0005175	+0.0006711	+0.0008119	+0.0009439	+0.0010728	+0.0011952	+0.0013033	+0.0014024
2014-01	-0.004	-0.0014655	-0.0013375	-0.0012120	-0.0010850	-0.0009474	-0.0007990	-0.0006458	-0.0004848	-0.0003146	-0.0001353	+0.0000480	+0.0002252	+0.0003972	+0.0005673	+0.0007298	+0.0008820	+0.0010172	+0.0011400	+0.0012512	+0.0013488	+0.0014351
2014-02	0.050	-0.0016461	-0.0015388	-0.0014224	-0.0012920	-0.0011549	-0.0010141	-0.0008633	-0.0007000	-0.0005291	-0.0003458	-0.0001616	+0.0000188	+0.0001944	+0.0003621	+0.0005157	+0.0006612	+0.0007976	+0.0009252	+0.0010399	+0.0011538	+0.0012605
2014-03	0.002	-0.0014431	-0.0013129	-0.0011865	-0.0010639	-0.0009285	-0.0007841	-0.0006337	-0.0004730	-0.0002975	-0.0001140	+0.0000710	+0.0002531	+0.0004319	+0.0006084	+0.0007713	+0.0009201	+0.0010558	+0.0011789	+0.0013008	+0.0014096	+0.0015167
2014-04	0.007	-0.0012677	-0.0011570	-0.0010394	-0.0009172	-0.0007910	-0.0006519	-0.0005006	-0.0003356	-0.0001617	+0.0000194	+0.0002031	+0.0003828	+0.0005559	+0.0007208	+0.0008735	+0.0010214	+0.0011616	+0.0012883	+0.0014113	+0.0015269	+0.0016354
2014-05	0.011	-0.0013349	-0.0012208	-0.0011049	-0.0009838	-0.0008549	-0.0007107	-0.0005620	-0.0004044	-0.0002375	-0.0000653	+0.0001124	+0.0002920	+0.0004624	+0.0006232	+0.0007757	+0.0009176	+0.0010490	+0.0011701	+0.0012854	+0.0013935	+0.0014953
2014-06	0.028	-0.0012868	-0.0011718	-0.0010567	-0.0009322	-0.0007964	-0.0006521	-0.0005028	-0.0003473	-0.0001811	-0.0000088	+0.0001657	+0.0003380	+0.0005026	+0.0006590	+0.0008109	+0.0009515	+0.0010783	+0.0011927	+0.0012970	+0.0013980	+0.0014977
2014-07	0.000	-0.0012826	-0.0011608	-0.0010345	-0.0008897	-0.0007393	-0.0005877	-0.0004251	-0.0002525	-0.0000737	+0.0001132	+0.0003034	+0.0004918	+0.0006748	+0.0008433	+0.0009973	+0.0011426	+0.0012758	+0.0014048	+0.0015346	+0.0016556	+0.0017666
2014-08	-0.002	-0.0012836	-0.0011645	-0.0010463	-0.0009146	-0.0007656	-0.0006133	-0.0004507	-0.0002782	-0.0000979	+0.0000863	+0.0002759	+0.0004670	+0.0006469	+0.0008159	+0.0009701	+0.0011192	+0.0012507	+0.0013717	+0.0014854	+0.0015953	+0.0017054
2014-09	-0.064	-0.0013585	-0.0012011	-0.0010339	-0.0008679	-0.0007020	-0.0005236	-0.0003386	-0.0001503	+0.0000425	+0.0002398	+0.0004384	+0.0006285	+0.0008076	+0.0009719	+0.0011193	+0.0012556	+0.0013772	+0.0014831	+0.0015816	+0.0016746	+0.0017686
2014-10	-0.034	-0.0010899	-0.0009946	-0.0008829	-0.0007675	-0.0006459	-0.0005161	-0.0003753	-0.0002287	-0.0000780	+0.0000788	+0.0002399	+0.0003974	+0.0005488	+0.0006962	+0.0008383	+0.0009690	+0.0010911	+0.0012078	+0.0013254	+0.0014300	+0.0015172
2014-11	0.026	-0.0012395	-0.0011274	-0.0009999	-0.0008568	-0.0007130	-0.0005563	-0.0003952	-0.0002239	-0.0000419	+0.0001421	+0.0003269	+0.0005056	+0.0006735	+0.0008315	+0.0009770	+0.0011178	+0.0012467	+0.0013620	+0.0014681	+0.0015702	+0.0016714
2014-12	-0.029	-0.0011937	-0.0010710	-0.0009565	-0.0008374	-0.0007068	-0.0005698	-0.0004183	-0.0002618	-0.0000958	+0.0000793	+0.0002554	+0.0004257	+0.0005909	+0.0007498	+0.0008982	+0.0010403	+0.0011708	+0.0012878	+0.0013999	+0.0014984	+0.0015929
2015-01	-0.007	-0.0012707	-0.0011483	-0.0010220	-0.0008992	-0.0007761	-0.0006429	-0.0004935	-0.0003352	-0.0001706	-0.0000019	+0.0001713	+0.0003452	+0.0005182	+0.0006831	+0.0008378	+0.0009793	+0.0011087	+0.0012264	+0.0013326	+0.0014261	+0.0015216
2015-02	0.022	-0.0013960	-0.0012808	-0.0011589	-0.0010312	-0.0008953	-0.0007542	-0.0005997	-0.0004302	-0.0002488	-0.0000593	+0.0001286	+0.0003163	+0.0004987	+0.0006704	+0.0008276	+0.0009760	+0.0011109	+0.0012343	+0.0013530	+0.0014601	+0.0015691
