2012-05	-0.116	-0.0046258	-0.0043559	-0.0040653	-0.0037593	-0.0034214	-0.0030668	-0.0026826	-0.0022674	-0.0018271	-0.0013638	-0.0008919	-0.0004107	+0.0000718	+0.0005325	+0.0009657	+0.0013794	+0.0017493	+0.0020930	+0.0024493	+0.0027891	+0.0030854
2012-06	0.009	-0.0047149	-0.0044514	-0.0041707	-0.0038566	-0.0035330	-0.0031947	-0.0028330	-0.0024362	-0.0019995	-0.0015263	-0.0010382	-0.0005488	-0.0000737	+0.0003908	+0.0008328	+0.0012793	+0.0016816	+0.0020574	+0.0024331	+0.0027784	+0.0031078
2012-07	0.020	-0.0047031	-0.0044266	-0.0041293	-0.0038113	-0.0034997	-0.0031592	-0.0027919	-0.0023960	-0.0019593	-0.0015012	-0.0010172	-0.0005290	-0.0000463	+0.0004182	+0.0008687	+0.0013062	+0.0017110	+0.0020933	+0.0024562	+0.0027884	+0.0030724
2012-08	0.007	-0.0048565	-0.0045872	-0.0042830	-0.0039887	-0.0036919	-0.0033723	-0.0030065	-0.0025987	-0.0021522	-0.0016780	-0.0011767	-0.0006689	-0.0001610	+0.0003415	+0.0008293	+0.0013002	+0.0017604	+0.0021961	+0.0025993	+0.0029830	+0.0033583
2012-09	0.062	-0.0044028	-0.0041766	-0.0039256	-0.0036425	-0.0033325	-0.0030153	-0.0026618	-0.0022660	-0.0018301	-0.0013606	-0.0008672	-0.0003722	+0.0001212	+0.0006046	+0.0010722	+0.0015498	+0.0020053	+0.0024387	+0.0028421	+0.0032100	+0.0035671
2012-10	0.026	-0.0041706	-0.0039166	-0.0036554	-0.0033854	-0.0031009	-0.0028015	-0.0024712	-0.0021014	-0.0016932	-0.0012661	-0.0008310	-0.0003850	+0.0000717	+0.0005095	+0.0009209	+0.0013145	+0.0017053	+0.0020688	+0.0024025	+0.0026980	+0.0029751
2012-11	0.060	-0.0039663	-0.0037265	-0.0034709	-0.0032099	-0.0029123	-0.0025872	-0.0022516	-0.0018920	-0.0014981	-0.0010811	-0.0006541	-0.0002222	+0.0001906	+0.0005929	+0.0009748	+0.0013345	+0.0016679	+0.0019886	+0.0022739	+0.0025413	+0.0028176
2012-12	0.060	-0.0033330	-0.0031152	-0.0028871	-0.0026367	-0.0023674	-0.0020752	-0.0017676	-0.0014351	-0.0010816	-0.0007043	-0.0003145	+0.0000747	+0.0004663	+0.0008455	+0.0011981	+0.0015233	+0.0018201	+0.0020994	+0.0023581	+0.0025978	+0.0028265
2013-01	0.105	-0.0027509	-0.0025321	-0.0023095	-0.0020566	-0.0017844	-0.0014865	-0.0011690	-0.0008418	-0.0004934	-0.0001296	+0.0002408	+0.0006097	+0.0009701	+0.0013178	+0.0016370	+0.0019295	+0.0022026	+0.0024530	+0.0026835	+0.0028944	+0.0031000
2013-02	-0.045	-0.0026935	-0.0023600	-0.0020303	-0.0016929	-0.0012874	-0.0008839	-0.0004842	-0.0000583	+0.0003835	+0.0008300	+0.0012784	+0.0017229	+0.0021445	+0.0025325	+0.0028851	+0.0031995	+0.0034977	+0.0037764	+0.0040347	+0.0042687	+0.0044600
2013-03	0.016	-0.0023181	-0.0020884	-0.0018481	-0.0015923	-0.0013201	-0.0010245	-0.0007226	-0.0003997	-0.0000638	+0.0002857	+0.0006391	+0.0009904	+0.0013293	+0.0016478	+0.0019473	+0.0022281	+0.0024976	+0.0027358	+0.0029549	+0.0031671	+0.0033531
2013-04	0.047	-0.0030420	-0.0026970	-0.0023495	-0.0019842	-0.0016071	-0.0012250	-0.0008197	-0.0003967	+0.0000366	+0.0004846	+0.0009323	+0.0013644	+0.0017634	+0.0021313	+0.0024672	+0.0027816	+0.0030659	+0.0033242	+0.0035563	+0.0037733	+0.0039875
2013-05	0.044	-0.0032100	-0.0028133	-0.0023903	-0.0020029	-0.0015696	-0.0011314	-0.0006279	-0.0001456	+0.0003471	+0.0008484	+0.0013396	+0.0018132	+0.0022410	+0.0026057	+0.0029316	+0.0032399	+0.0035214	+0.0037664	+0.0039793	+0.0041714	+0.0043538
2013-06	-0.134	-0.0029467	-0.0025956	-0.0022427	-0.0018677	-0.0014597	-0.0010646	-0.0006330	-0.0001973	+0.0002433	+0.0007011	+0.0011472	+0.0015642	+0.0019537	+0.0023073	+0.0026281	+0.0029260	+0.0031844	+0.0034152	+0.0036266	+0.0038208	+0.0040227
2013-07	0.032	-0.0021198	-0.0019499	-0.0017461	-0.0015382	-0.0013276	-0.0010947	-0.0008474	-0.0005766	-0.0002888	+0.0000145	+0.0003251	+0.0006402	+0.0009462	+0.0012399	+0.0015190	+0.0017761	+0.0020216	+0.0022626	+0.0025173	+0.0027393	+0.0029226
2013-08	-0.053	-0.0023376	-0.0021252	-0.0019026	-0.0016734	-0.0014168	-0.0011451	-0.0008464	-0.0005336	-0.0002046	+0.0001312	+0.0004724	+0.0008136	+0.0011492	+0.0014697	+0.0017664	+0.0020443	+0.0023003	+0.0025379	+0.0027491	+0.0029579	+0.0031683
2013-09	0.093	-0.0022509	-0.0020488	-0.0018470	-0.0016232	-0.0013801	-0.0011118	-0.0008263	-0.0005310	-0.0002161	+0.0001143	+0.0004525	+0.0007885	+0.0011081	+0.0014168	+0.0017005	+0.0019724	+0.0022323	+0.0024767	+0.0027052	+0.0029047	+0.0030907
2013-10	0.051	-0.0031562	-0.0027832	-0.0024151	-0.0020121	-0.0016011	-0.0011521	-0.0006916	-0.0002118	+0.0002716	+0.0007438	+0.0012178	+0.0016771	+0.0021009	+0.0025015	+0.0028708	+0.0032144	+0.0035187	+0.0037917	+0.0040333	+0.0042618	+0.0044576
2013-11	0.047	-0.0030358	-0.0026819	-0.0023251	-0.0019450	-0.0015407	-0.0011243	-0.0006762	-0.0002086	+0.0002570	+0.0007289	+0.0011992	+0.0016355	+0.0020417	+0.0024239	+0.0027796	+0.0031026	+0.0033760	+0.0036248	+0.0038544	+0.0040713	+0.0042725
2013-12	0.040	-0.0034237	-0.0030315	-0.0026137	-0.0021957	-0.0017401	-0.0012738	-0.0007758	-0.0002550	+0.0002823	+0.0008150	+0.0013276	+0.0018236	+0.0022710	+0.0026806	+0.0030466	+0.0033893	+0.0037086	+0.0040043	+0.0042620	+0.0044968	+0.0047144
2014-01	-0.062	-0.0035067	-0.0030981	-0.0026268	-0.0021185	-0.0016064	-0.0010971	-0.0005905	-0.0000713	+0.0004853	+0.0010320	+0.0015643	+0.0020767	+0.0025468	+0.0029701	+0.0033550	+0.0037064	+0.0040294	+0.0043130	+0.0045628	+0.0048092	+0.0050477
2014-02	0.028	-0.0029353	-0.0026376	-0.0023065	-0.0019439	-0.0015775	-0.0011930	-0.0007790	-0.0003491	+0.0000959	+0.0005468	+0.0009914	+0.0014141	+0.0018221	+0.0021982	+0.0025521	+0.0028830	+0.0031795	+0.0034487	+0.0036933	+0.0039414	+0.0041755
2014-03	0.027	-0.0030844	-0.0027276	-0.0023683	-0.0019996	-0.0016250	-0.0012237	-0.0008186	-0.0003991	+0.0000641	+0.0005311	+0.0009909	+0.0014352	+0.0018634	+0.0022557	+0.0026138	+0.0029381	+0.0032405	+0.0035018	+0.0037399	+0.0039578	+0.0041722
2014-04	-0.014	-0.0027142	-0.0023702	-0.0020636	-0.0017503	-0.0014145	-0.0010561	-0.0006670	-0.0002667	+0.0001480	+0.0005794	+0.0010015	+0.0014146	+0.0018070	+0.0021717	+0.0025097	+0.0028213	+0.0031033	+0.0033573	+0.0036151	+0.0038502	+0.0040585
2014-05	0.043	-0.0026017	-0.0023587	-0.0020871	-0.0017927	-0.0015156	-0.0012102	-0.0008874	-0.0005522	-0.0001982	+0.0001752	+0.0005425	+0.0008983	+0.0012394	+0.0015672	+0.0018816	+0.0021636	+0.0024337	+0.0026815	+0.0029176	+0.0031277	+0.0033171
2014-06	0.032	-0.0026719	-0.0023788	-0.0020982	-0.0018275	-0.0015459	-0.0012427	-0.0009237	-0.0005898	-0.0002410	+0.0001228	+0.0004883	+0.0008512	+0.0012002	+0.0015300	+0.0018353	+0.0021189	+0.0023773	+0.0026129	+0.0028629	+0.0031103	+0.0033254
2014-07	0.071	-0.0025083	-0.0022616	-0.0020017	-0.0017429	-0.0014642	-0.0011549	-0.0008274	-0.0004740	-0.0001102	+0.0002760	+0.0006644	+0.0010519	+0.0014237	+0.0017605	+0.0020746	+0.0023714	+0.0026349	+0.0028661	+0.0030774	+0.0032826	+0.0034644
2014-08	0.019	-0.0027626	-0.0024849	-0.0021968	-0.0018779	-0.0015240	-0.0011405	-0.0007327	-0.0003259	+0.0001025	+0.0005313	+0.0009518	+0.0013616	+0.0017468	+0.0020960	+0.0024194	+0.0027152	+0.0029780	+0.0032243	+0.0034594	+0.0036877	+0.0038865
2014-09	0.033	-0.0028058	-0.0025152	-0.0022140	-0.0018671	-0.0015296	-0.0011695	-0.0007924	-0.0003859	+0.0000297	+0.0004474	+0.0008590	+0.0012505	+0.0016153	+0.0019513	+0.0022600	+0.0025441	+0.0028182	+0.0030669	+0.0032940	+0.0035017	+0.0036795
2014-10	0.017	-0.0025212	-0.0022065	-0.0019070	-0.0015919	-0.0012647	-0.0009336	-0.0005776	-0.0002112	+0.0001749	+0.0005686	+0.0009646	+0.0013494	+0.0017204	+0.0020633	+0.0023831	+0.0026648	+0.0029268	+0.0031770	+0.0034119	+0.0036258	+0.0038257
2014-11	0.110	-0.0029918	-0.0026537	-0.0022908	-0.0019122	-0.0014928	-0.0010626	-0.0006268	-0.0001517	+0.0003197	+0.0007948	+0.0012445	+0.0016754	+0.0020682	+0.0024256	+0.0027478	+0.0030362	+0.0032960	+0.0035187	+0.0037206	+0.0039124	+0.0040935
2014-12	-0.000	-0.0037724	-0.0032636	-0.0027918	-0.0023105	-0.0017854	-0.0012444	-0.0007038	-0.0001388	+0.0004516	+0.0009989	+0.0015596	+0.0020710	+0.0025438	+0.0029731	+0.0033234	+0.0036341	+0.0039060	+0.0041472	+0.0043744	+0.0045769	+0.0047687
2015-01	0.055	-0.0040257	-0.0034875	-0.0029784	-0.0024505	-0.0018982	-0.0012998	-0.0006844	-0.0000778	+0.0005363	+0.0011492	+0.0017404	+0.0022972	+0.0028026	+0.0032442	+0.0036091	+0.0039248	+0.0042140	+0.0044632	+0.0047011	+0.0049408	+0.0051638
2015-02	-0.010	-0.0042363	-0.0035823	-0.0030143	-0.0024356	-0.0018791	-0.0012912	-0.0007021	-0.0000566	+0.0005785	+0.0012096	+0.0018139	+0.0023721	+0.0028570	+0.0032747	+0.0036242	+0.0039181	+0.0041760	+0.0044189	+0.0046326	+0.0048316	+0.0050158
