2014-04	-0.023	-0.0037489	-0.0037489	-0.0037489	-0.0037489	-0.0037489	-0.0032576	-0.0032576	-0.0031549	-0.0021447	-0.0019258	-0.0016307	-0.0015817	-0.0014827	-0.0012153	-0.0010193	-0.0010193	+0.0011161	+0.0011161	+0.0011161	+0.0011161	+0.0011161
2014-05	-0.003	-0.0024882	-0.0024283	-0.0022886	-0.0022238	-0.0021244	-0.0020149	-0.0018747	-0.0016800	-0.0015065	-0.0012871	-0.0010931	-0.0008482	-0.0006399	-0.0003753	-0.0002351	-0.0000775	+0.0001671	+0.0004362	+0.0005465	+0.0006016	+0.0006380
2014-06	0.045	-0.0028422	-0.0028109	-0.0027615	-0.0027284	-0.0026534	-0.0025704	-0.0024570	-0.0022391	-0.0020268	-0.0018085	-0.0015227	-0.0012384	-0.0008809	-0.0005186	-0.0001034	+0.0007732	+0.0010376	+0.0014990	+0.0017321	+0.0020279	+0.0025428
2014-07	0.005	-0.0003725	-0.0001036	+0.0000128	+0.0001977	+0.0003525	+0.0004665	+0.0007038	+0.0009293	+0.0011577	+0.0013401	+0.0015456	+0.0017409	+0.0019306	+0.0020972	+0.0022082	+0.0023454	+0.0025435	+0.0026508	+0.0027167	+0.0027845	+0.0027909
2014-08	0.008	-0.0017802	-0.0017343	-0.0015098	-0.0008405	-0.0007554	-0.0006275	-0.0003586	+0.0002042	+0.0004371	+0.0008098	+0.0011432	+0.0014771	+0.0018377	+0.0021166	+0.0022906	+0.0024840	+0.0026777	+0.0027864	+0.0028937	+0.0029256	+0.0030344
2014-09	0.013	-0.0014894	-0.0014400	-0.0012424	-0.0011956	-0.0011137	-0.0010280	-0.0008349	-0.0007167	-0.0005272	-0.0003050	+0.0000002	+0.0003707	+0.0006839	+0.0008999	+0.0011597	+0.0014061	+0.0017444	+0.0020702	+0.0021731	+0.0022566	+0.0023454
2014-10	-0.010	-0.0018078	-0.0013421	-0.0011477	-0.0007593	-0.0005790	-0.0002224	+0.0005737	+0.0010213	+0.0012576	+0.0015674	+0.0018978	+0.0021657	+0.0023058	+0.0024297	+0.0025088	+0.0026138	+0.0026479	+0.0026957	+0.0027929	+0.0027937	+0.0028501
2014-11	0.088	-0.0067839	-0.0061057	-0.0056099	-0.0051659	-0.0047746	-0.0044029	-0.0040398	-0.0034245	-0.0027850	-0.0022579	-0.0018075	-0.0014014	-0.0010029	-0.0006610	-0.0002397	-0.0000807	+0.0002428	+0.0004202	+0.0005576	+0.0008526	+0.0010418
2014-12	-0.040	-0.0022389	-0.0019511	-0.0016364	-0.0011990	-0.0007510	+0.0001419	+0.0012178	+0.0018598	+0.0026183	+0.0031855	+0.0043405	+0.0053041	+0.0063140	+0.0066989	+0.0069385	+0.0071985	+0.0076535	+0.0080449	+0.0082981	+0.0084416	+0.0086475
2015-01	-0.027	-0.0057751	-0.0057687	-0.0052661	-0.0048286	-0.0045114	-0.0040691	-0.0036525	-0.0030335	-0.0024910	-0.0019207	-0.0013209	-0.0006329	+0.0000258	+0.0004649	+0.0010661	+0.0015162	+0.0020164	+0.0023101	+0.0025732	+0.0027268	+0.0030042
2015-02	0.015	-0.0027520	-0.0027148	-0.0026715	-0.0025851	-0.0025120	-0.0024206	-0.0023005	-0.0021653	-0.0019592	-0.0017189	-0.0013476	-0.0006313	-0.0002625	+0.0000965	+0.0004828	+0.0008966	+0.0013643	+0.0015655	+0.0020714	+0.0024480	+0.0025145
