2011-03	0.026	-0.0008234	-0.0005921	-0.0004252	-0.0002516	-0.0000505	+0.0001357	+0.0005022	+0.0007777	+0.0010557	+0.0013185	+0.0015505	+0.0018486	+0.0020728	+0.0022151	+0.0023778	+0.0026247	+0.0027575	+0.0028552	+0.0029403	+0.0029568	+0.0030053
2011-04	0.026	-0.0045959	-0.0042839	-0.0039810	-0.0037059	-0.0033280	-0.0029142	-0.0025235	-0.0021042	-0.0016295	-0.0012176	-0.0007909	-0.0003961	+0.0000116	+0.0002682	+0.0005982	+0.0007930	+0.0009935	+0.0011987	+0.0012189	+0.0014093	+0.0014193
2011-05	-0.036	-0.0025049	-0.0021664	-0.0020032	-0.0015646	-0.0013262	-0.0009185	-0.0005750	-0.0001639	+0.0004031	+0.0010128	+0.0016546	+0.0023200	+0.0029497	+0.0037078	+0.0043536	+0.0050024	+0.0054641	+0.0061689	+0.0066312	+0.0068442	+0.0077290
2011-06	-0.021	-0.0027622	-0.0027437	-0.0026566	-0.0024885	-0.0022786	-0.0020168	-0.0018936	-0.0016813	-0.0015094	-0.0012274	-0.0009106	-0.0007211	-0.0005267	-0.0003383	-0.0001811	-0.0000211	+0.0001578	+0.0002650	+0.0003100	+0.0003728	+0.0006304
2011-07	-0.050	-0.0034306	-0.0033059	-0.0032797	-0.0031428	-0.0030337	-0.0029252	-0.0027469	-0.0025269	-0.0023486	-0.0020478	-0.0018025	-0.0013608	-0.0010504	-0.0006838	-0.0001021	+0.0005404	+0.0010664	+0.0015363	+0.0016553	+0.0022366	+0.0024801
2011-08	-0.077	-0.0039633	-0.0038151	-0.0034835	-0.0032824	-0.0028968	-0.0026438	-0.0023416	-0.0018489	-0.0013957	-0.0009023	-0.0004527	+0.0000811	+0.0005445	+0.0009303	+0.0013767	+0.0017818	+0.0020590	+0.0022085	+0.0024693	+0.0026083	+0.0028001
2011-09	-0.045	-0.0095557	-0.0093420	-0.0092411	-0.0090193	-0.0086150	-0.0082859	-0.0078919	-0.0074596	-0.0069383	-0.0063190	-0.0056893	-0.0049490	-0.0040798	-0.0031104	-0.0014410	+0.0006587	+0.0023493	+0.0033718	+0.0040527	+0.0044490	+0.0074493
2011-10	0.109	-0.0066808	-0.0065444	-0.0057014	-0.0054651	-0.0048981	-0.0044201	-0.0039969	-0.0031886	-0.0027146	-0.0018816	-0.0011970	-0.0005060	-0.0000204	+0.0007972	+0.0016873	+0.0022244	+0.0029773	+0.0033896	+0.0036590	+0.0041961	+0.0049655
2011-11	-0.072	-0.0053587	-0.0052208	-0.0045145	-0.0040652	-0.0034775	-0.0025417	-0.0018062	-0.0011380	-0.0003124	+0.0005776	+0.0016841	+0.0027006	+0.0034760	+0.0042341	+0.0049342	+0.0056701	+0.0063578	+0.0066522	+0.0069976	+0.0077271	+0.0079539
2011-12	0.043	-0.0069941	-0.0064775	-0.0059947	-0.0056834	-0.0049206	-0.0040551	-0.0031861	-0.0023920	-0.0015306	-0.0004605	+0.0005185	+0.0015713	+0.0024348	+0.0035090	+0.0044635	+0.0051930	+0.0055802	+0.0063996	+0.0071673	+0.0077271	+0.0079539
2012-01	0.015	-0.0051076	-0.0042011	-0.0037465	-0.0032458	-0.0028504	-0.0024822	-0.0017186	-0.0012471	-0.0004619	+0.0002443	+0.0007442	+0.0011715	+0.0015065	+0.0018866	+0.0022893	+0.0025985	+0.0027295	+0.0030151	+0.0032225	+0.0036274	+0.0037398
2012-02	0.094	-0.0001162	-0.0000850	+0.0000054	+0.0001676	+0.0003295	+0.0004199	+0.0005620	+0.0007462	+0.0009215	+0.0011396	+0.0012865	+0.0014635	+0.0016602	+0.0018170	+0.0019471	+0.0020725	+0.0021956	+0.0023193	+0.0024303	+0.0024889	+0.0025247
2012-03	0.022	-0.0007566	-0.0006160	-0.0005712	-0.0003318	+0.0000874	+0.0012225	+0.0014826	+0.0017065	+0.0019761	+0.0022722	+0.0027204	+0.0031437	+0.0034756	+0.0037656	+0.0040560	+0.0044072	+0.0047796	+0.0049976	+0.0051765	+0.0053450	+0.0054164
2012-04	-0.012	-0.0020010	-0.0017401	-0.0016773	-0.0013550	-0.0008003	+0.0016050	+0.0020981	+0.0024841	+0.0028657	+0.0031577	+0.0034218	+0.0037180	+0.0040308	+0.0042546	+0.0044390	+0.0046564	+0.0048178	+0.0049953	+0.0051145	+0.0052375	+0.0053450
2012-05	-0.104	-0.0040363	-0.0039225	-0.0038140	-0.0036604	-0.0033605	-0.0030190	-0.0028052	-0.0025554	-0.0020750	-0.0015150	-0.0007581	-0.0003419	+0.0001392	+0.0005121	+0.0009766	+0.0017380	+0.0020333	+0.0023711	+0.0025788	+0.0028016	+0.0028109
2012-06	0.037	-0.0058540	-0.0056702	-0.0055966	-0.0053444	-0.0052285	-0.0049711	-0.0045781	-0.0042593	-0.0036755	-0.0032838	-0.0027655	-0.0023075	-0.0017625	-0.0011947	-0.0006012	+0.0000007	+0.0007901	+0.0017026	+0.0020653	+0.0021213	+0.0026364
2012-07	0.038	-0.0057718	-0.0057066	-0.0053824	-0.0050389	-0.0048002	-0.0042999	-0.0035954	-0.0026558	-0.0019100	-0.0011560	-0.0004923	+0.0003667	+0.0013070	+0.0020659	+0.0026030	+0.0029594	+0.0034643	+0.0037205	+0.0038684	+0.0042406	+0.0043104
2012-08	0.009	-0.0032877	-0.0024164	-0.0023252	-0.0019402	-0.0014847	-0.0009957	-0.0005844	-0.0001291	+0.0005148	+0.0009557	+0.0015717	+0.0020565	+0.0024249	+0.0028199	+0.0033211	+0.0035640	+0.0037170	+0.0037986	+0.0039691	+0.0040523	+0.0041221
2012-09	0.018	-0.0020118	-0.0019547	-0.0014930	-0.0011939	-0.0009741	-0.0007308	-0.0003409	-0.0000244	+0.0003656	+0.0008558	+0.0012104	+0.0015764	+0.0019747	+0.0022854	+0.0027239	+0.0029812	+0.0033463	+0.0035715	+0.0036454	+0.0040777	+0.0043028
2012-10	0.013	-0.0008975	-0.0008751	-0.0008427	-0.0008074	-0.0006245	-0.0005697	-0.0004835	-0.0002428	+0.0000175	+0.0003193	+0.0005175	+0.0007335	+0.0009653	+0.0012427	+0.0015085	+0.0016155	+0.0017415	+0.0018257	+0.0019086	+0.0019524	+0.0020156
2012-11	0.033	-0.0014642	-0.0013337	-0.0012007	-0.0008906	-0.0007613	-0.0006261	-0.0003853	-0.0001866	+0.0000383	+0.0003066	+0.0005532	+0.0007697	+0.0009603	+0.0011667	+0.0012904	+0.0014290	+0.0015211	+0.0015791	+0.0016653	+0.0017588	+0.0018491
2012-12	0.068	-0.0024933	-0.0023266	-0.0021373	-0.0019962	-0.0017486	-0.0014188	-0.0011438	-0.0008550	-0.0005621	-0.0002427	+0.0001137	+0.0004945	+0.0007713	+0.0010085	+0.0012267	+0.0013840	+0.0015067	+0.0016721	+0.0017430	+0.0019316	+0.0019628
2013-01	0.096	-0.0009409	-0.0005102	+0.0000933	+0.0004644	+0.0006994	+0.0009221	+0.0016153	+0.0021866	+0.0024734	+0.0029097	+0.0034287	+0.0037409	+0.0039353	+0.0040837	+0.0042150	+0.0042985	+0.0043759	+0.0044489	+0.0044798	+0.0045529	+0.0045803
2013-02	0.012	-0.0008577	-0.0008189	-0.0005784	-0.0003043	-0.0001848	+0.0002045	+0.0039714	+0.0043412	+0.0046009	+0.0048261	+0.0050241	+0.0052444	+0.0054289	+0.0056050	+0.0056728	+0.0058342	+0.0058967	+0.0060457	+0.0060544	+0.0060684	+0.0062148
2013-03	0.042	-0.0029501	-0.0027802	-0.0021005	-0.0015781	-0.0011620	-0.0006940	+0.0006656	+0.0014969	+0.0021791	+0.0028172	+0.0033776	+0.0037814	+0.0040219	+0.0042893	+0.0044558	+0.0047074	+0.0048122	+0.0050638	+0.0051285	+0.0051922	+0.0054850
2013-04	0.070	-0.0016579	-0.0010934	-0.0010215	-0.0008516	-0.0005657	-0.0001369	+0.0002190	+0.0004467	+0.0009084	+0.0012742	+0.0016846	+0.0020680	+0.0023774	+0.0026168	+0.0029310	+0.0030866	+0.0033000	+0.0035039	+0.0035229	+0.0036455	+0.0040488
2013-05	0.039	-0.0029534	-0.0021294	-0.0020225	-0.0016439	-0.0013622	-0.0006533	+0.0001525	+0.0007206	+0.0014314	+0.0018930	+0.0023609	+0.0027623	+0.0031296	+0.0035352	+0.0038373	+0.0041353	+0.0043784	+0.0046408	+0.0048586	+0.0050252	+0.0053394
2013-06	-0.059	-0.0032899	-0.0030020	-0.0027629	-0.0022765	-0.0014081	+0.0007886	+0.0015318	+0.0021095	+0.0026319	+0.0030627	+0.0035401	+0.0039670	+0.0044208	+0.0048361	+0.0051443	+0.0054689	+0.0056464	+0.0058230	+0.0060435	+0.0062668	+0.0063547
2013-07	0.027	-0.0069421	-0.0069134	-0.0067438	-0.0063992	-0.0062286	-0.0057983	-0.0055037	-0.0050754	-0.0046139	-0.0040460	-0.0032053	-0.0022361	-0.0015028	-0.0009149	-0.0003160	+0.0004714	+0.0010305	+0.0017689	+0.0021638	+0.0025362	+0.0029022
2013-08	-0.015	-0.0043770	-0.0038026	-0.0024900	-0.0022807	-0.0019094	-0.0015696	-0.0007459	-0.0002315	+0.0005271	+0.0012898	+0.0018177	+0.0023581	+0.0028985	+0.0032667	+0.0037778	+0.0040735	+0.0042686	+0.0044848	+0.0048851	+0.0049090	+0.0051433
2013-09	0.036	-0.0022862	-0.0021663	-0.0019613	-0.0019314	-0.0018815	-0.0016806	-0.0015055	-0.0013325	-0.0011507	-0.0008862	-0.0006068	-0.0002276	+0.0000762	+0.0004947	+0.0007174	+0.0010819	+0.0013307	+0.0015004	+0.0019511	+0.0020630	+0.0021528
2013-10	0.047	-0.0018505	-0.0018115	-0.0015297	-0.0013866	-0.0012267	-0.0009301	-0.0006652	-0.0002627	+0.0001685	+0.0006164	+0.0010244	+0.0013974	+0.0019070	+0.0023312	+0.0026790	+0.0029496	+0.0031752	+0.0034702	+0.0038118	+0.0039533	+0.0040444
2013-11	0.045	-0.0018685	-0.0017991	-0.0016010	-0.0015316	-0.0012613	-0.0010328	-0.0006718	-0.0003317	-0.0000327	+0.0004203	+0.0008275	+0.0012594	+0.0016341	+0.0020031	+0.0023492	+0.0026821	+0.0029447	+0.0031044	+0.0033938	+0.0036798	+0.0037006
2013-12	0.040	-0.0003362	-0.0003021	-0.0002033	-0.0000418	+0.0002318	+0.0016121	+0.0018083	+0.0019698	+0.0021483	+0.0022929	+0.0024707	+0.0026931	+0.0029143	+0.0031039	+0.0032959	+0.0034720	+0.0035736	+0.0036798	+0.0039633	+0.0042027	+0.0042527
2014-01	-0.059	-0.0011170	-0.0010763	-0.0005581	-0.0004109	-0.0002121	+0.0000884	+0.0003660	+0.0006036	+0.0009320	+0.0012161	+0.0015069	+0.0018434	+0.0021210	+0.0023282	+0.0025984	+0.0027874	+0.0029644	+0.0032177	+0.0032713	+0.0033946	+0.0034381
2014-02	0.024	-0.0036443	-0.0034771	-0.0033014	-0.0029857	-0.0026709	-0.0019808	-0.0013329	-0.0008981	-0.0005642	-0.0000017	+0.0007304	+0.0013931	+0.0018416	+0.0020754	+0.0023624	+0.0025596	+0.0027596	+0.0029346	+0.0030532	+0.0031547	+0.0032733
2014-03	0.023	-0.0047744	-0.0047065	-0.0045286	-0.0042880	-0.0040422	-0.0037759	-0.0034733	-0.0031089	-0.0025696	-0.0015721	-0.0007141	-0.0002235	+0.0004438	+0.0012124	+0.0019210	+0.0026682	+0.0032491	+0.0033941	+0.0039101	+0.0042596	+0.0045852
2014-04	0.017	-0.0021888	-0.0021829	-0.0019812	-0.0018607	-0.0012391	-0.0006889	-0.0003403	-0.0000070	+0.0003464	+0.0007038	+0.0010244	+0.0014684	+0.0018793	+0.0021943	+0.0024839	+0.0028873	+0.0031322	+0.0032037	+0.0033941	+0.0038520	+0.0040423
2014-05	0.008	-0.0011635	-0.0010816	-0.0007655	-0.0006553	-0.0004822	-0.0003041	-0.0001232	+0.0001598	+0.0004058	+0.0006146	+0.0008357	+0.0010961	+0.0012997	+0.0014861	+0.0016350	+0.0017750	+0.0019033	+0.0020495	+0.0021964	+0.0022878	+0.0023208
2014-06	0.012	-0.0008557	-0.0006936	-0.0006117	-0.0005258	-0.0003907	-0.0002476	-0.0001259	+0.0000419	+0.0002150	+0.0003864	+0.0005900	+0.0007748	+0.0009541	+0.0011493	+0.0012823	+0.0014592	+0.0015921	+0.0017178	+0.0018309	+0.0018875	+0.0019638
2014-07	0.009	-0.0006758	-0.0006550	-0.0004803	-0.0002971	-0.0002099	+0.0002127	+0.0004195	+0.0006258	+0.0007589	+0.0009084	+0.0010795	+0.0012022	+0.0013471	+0.0014596	+0.0016110	+0.0016806	+0.0017727	+0.0018635	+0.0020605	+0.0020708	+0.0020775
2014-08	0.008	-0.0008013	-0.0007470	-0.0007059	-0.0006514	-0.0005871	-0.0005018	-0.0003946	-0.0002942	-0.0001910	-0.0000830	+0.0000477	+0.0001683	+0.0002987	+0.0004265	+0.0005602	+0.0006996	+0.0007745	+0.0008271	+0.0009137	+0.0010330	+0.0011642
2014-09	0.032	-0.0019340	-0.0017780	-0.0016860	-0.0015525	-0.0014274	-0.0012807	-0.0010936	-0.0009209	-0.0007187	-0.0004520	-0.0001636	+0.0001546	+0.0006025	+0.0008545	+0.0011072	+0.0013145	+0.0015672	+0.0020840	+0.0023101	+0.0023319	+0.0023574
2014-10	-0.014	-0.0007998	-0.0007052	-0.0003194	-0.0002386	-0.0000480	+0.0004359	+0.0015390	+0.0017393	+0.0019679	+0.0022098	+0.0023616	+0.0025658	+0.0027606	+0.0028751	+0.0029937	+0.0031222	+0.0032356	+0.0033128	+0.0033676	+0.0034369	+0.0034759
2014-11	0.099	-0.0061441	-0.0060153	-0.0057744	-0.0054657	-0.0049301	-0.0044165	-0.0038586	-0.0032993	-0.0028531	-0.0022191	-0.0015627	-0.0008614	-0.0003570	+0.0001070	+0.0004080	+0.0006643	+0.0010131	+0.0011678	+0.0012769	+0.0017124	+0.0018525
2014-12	0.005	-0.0019146	-0.0019141	-0.0016695	-0.0014014	-0.0007020	+0.0005156	+0.0014123	+0.0021532	+0.0028678	+0.0034287	+0.0047361	+0.0056674	+0.0067650	+0.0071371	+0.0074617	+0.0076806	+0.0078623	+0.0080628	+0.0081257	+0.0083262	+0.0085197
2015-01	-0.027	-0.0042382	-0.0036840	-0.0034289	-0.0029938	-0.0027482	-0.0021845	-0.0018083	-0.0012323	-0.0005798	-0.0000889	+0.0005156	+0.0012607	+0.0016239	+0.0019042	+0.0029038	+0.0031867	+0.0034446	+0.0035847	+0.0036718	+0.0037003	+0.0037690
2015-02	0.009	-0.0027086	-0.0024597	-0.0023483	-0.0021141	-0.0019998	-0.0017914	-0.0015305	-0.0013061	-0.0010134	-0.0007471	-0.0004736	-0.0001831	+0.0001103	+0.0003726	+0.0006418	+0.0009002	+0.0011714	+0.0013103	+0.0015433	+0.0016666	+0.0019030
