2011-03	-0.018	-0.0018711	-0.0018451	-0.0016888	-0.0015182	-0.0010900	-0.0002805	+0.0005735	+0.0008032	+0.0011473	+0.0014623	+0.0019035	+0.0021640	+0.0024662	+0.0027330	+0.0030679	+0.0033597	+0.0035723	+0.0036910	+0.0037931	+0.0038773	+0.0040139
2011-04	-0.049	-0.0096570	-0.0095818	-0.0095115	-0.0092002	-0.0086630	-0.0077347	-0.0067070	-0.0055325	-0.0039610	-0.0030080	-0.0017977	-0.0011630	-0.0004350	+0.0004543	+0.0011951	+0.0018878	+0.0100000	+0.0100000	+0.0100000	+0.0100000	+0.0100000
2011-05	-0.028	-0.0041189	-0.0041051	-0.0037676	-0.0037268	-0.0033740	-0.0031146	-0.0027831	-0.0024518	-0.0020680	-0.0015176	-0.0008871	+0.0002373	+0.0019251	+0.0032218	+0.0040698	+0.0051763	+0.0058954	+0.0066654	+0.0080585	+0.0086805	+0.0099157
2011-06	0.032	-0.0036667	-0.0036184	-0.0034633	-0.0033715	-0.0032122	-0.0030599	-0.0027995	-0.0025673	-0.0021943	-0.0016843	-0.0010653	-0.0006493	-0.0002250	+0.0001671	+0.0006925	+0.0011883	+0.0016008	+0.0018711	+0.0019968	+0.0021936	+0.0023015
2011-07	-0.003	-0.0037781	-0.0037070	-0.0036089	-0.0034254	-0.0032110	-0.0027762	-0.0023487	-0.0017707	-0.0012737	-0.0007566	-0.0001208	+0.0004287	+0.0010582	+0.0015807	+0.0021150	+0.0025489	+0.0028097	+0.0031128	+0.0035310	+0.0036678	+0.0039832
2011-08	-0.034	-0.0018870	-0.0014777	-0.0008016	-0.0006278	-0.0003747	+0.0001366	+0.0005665	+0.0012064	+0.0017772	+0.0021760	+0.0026668	+0.0029643	+0.0032457	+0.0035904	+0.0038116	+0.0039640	+0.0041327	+0.0042470	+0.0043180	+0.0045138	+0.0045598
2011-09	-0.009	-0.0062029	-0.0061929	-0.0061351	-0.0059322	-0.0058383	-0.0056518	-0.0054947	-0.0052917	-0.0044641	-0.0038799	-0.0031227	-0.0023408	-0.0013827	-0.0007349	-0.0000943	+0.0007660	+0.0014977	+0.0020363	+0.0024692	+0.0030963	+0.0038725
2011-10	-0.029	-0.0054947	-0.0053230	-0.0046338	-0.0044025	-0.0036516	-0.0031388	-0.0028805	-0.0022354	-0.0017607	-0.0010777	-0.0004242	+0.0001452	+0.0006137	+0.0011385	+0.0014457	+0.0019444	+0.0022164	+0.0026295	+0.0028895	+0.0029986	+0.0033866
2011-11	-0.021	-0.0032694	-0.0029325	-0.0028554	-0.0026180	-0.0024767	-0.0021543	-0.0017762	-0.0014689	-0.0011788	-0.0007191	-0.0003200	+0.0000226	+0.0004923	+0.0008403	+0.0011557	+0.0015840	+0.0018997	+0.0020639	+0.0022841	+0.0025437	+0.0027933
2011-12	0.015	-0.0031968	-0.0031787	-0.0030934	-0.0029960	-0.0028172	-0.0026350	-0.0024523	-0.0022838	-0.0020655	-0.0018333	-0.0015327	-0.0012413	-0.0007404	-0.0003240	+0.0000879	+0.0004049	+0.0006391	+0.0008304	+0.0012797	+0.0016062	+0.0018404
2012-01	0.101	-0.0023457	-0.0021811	-0.0021565	-0.0018981	-0.0014154	-0.0011171	-0.0009048	-0.0003201	+0.0002323	+0.0007229	+0.0010737	+0.0016169	+0.0022209	+0.0026626	+0.0030636	+0.0033388	+0.0035034	+0.0037123	+0.0039402	+0.0040702	+0.0042697
2012-02	0.067	-0.0016298	-0.0016090	-0.0014892	-0.0013506	-0.0010324	-0.0008032	-0.0003922	+0.0001562	+0.0011908	+0.0019405	+0.0024653	+0.0031293	+0.0039209	+0.0048058	+0.0053631	+0.0058789	+0.0062708	+0.0066161	+0.0067924	+0.0070094	+0.0072097
2012-03	0.033	-0.0025293	-0.0024363	-0.0022537	-0.0019238	-0.0013021	-0.0009671	+0.0027886	+0.0032047	+0.0036039	+0.0038531	+0.0040528	+0.0043736	+0.0047434	+0.0049841	+0.0050441	+0.0050952	+0.0051581	+0.0052956	+0.0053303	+0.0053644	+0.0053702
2012-04	-0.051	-0.0016547	-0.0016147	-0.0015931	-0.0011284	-0.0008682	+0.0008559	+0.0012690	+0.0016234	+0.0018387	+0.0020531	+0.0023558	+0.0026274	+0.0028940	+0.0031779	+0.0034689	+0.0036686	+0.0038687	+0.0040108	+0.0042753	+0.0045156	+0.0047167
2012-05	-0.132	-0.0038934	-0.0038753	-0.0038263	-0.0034926	-0.0033458	-0.0032730	-0.0031134	-0.0028955	-0.0024309	-0.0019198	-0.0013992	-0.0007031	-0.0003771	+0.0001539	+0.0006244	+0.0009499	+0.0016820	+0.0020230	+0.0023045	+0.0023423	+0.0024742
2012-06	0.077	-0.0090589	-0.0089973	-0.0088566	-0.0087361	-0.0085585	-0.0083562	-0.0079707	-0.0072838	-0.0064553	-0.0055687	-0.0049163	-0.0043419	-0.0033582	-0.0021971	-0.0013568	-0.0008624	-0.0000340	+0.0016443	+0.0023008	+0.0027366	+0.0027974
2012-07	-0.066	-0.0075455	-0.0074205	-0.0070429	-0.0066177	-0.0061356	-0.0051653	-0.0039403	-0.0032081	-0.0024731	-0.0014253	-0.0002313	+0.0008674	+0.0019465	+0.0027631	+0.0034265	+0.0040782	+0.0046896	+0.0050700	+0.0054999	+0.0060716	+0.0065941
2012-08	-0.023	-0.0071583	-0.0068392	-0.0066338	-0.0063324	-0.0059482	-0.0053140	-0.0042488	-0.0031567	-0.0016609	-0.0008008	-0.0001876	+0.0011358	+0.0022376	+0.0037145	+0.0045839	+0.0048314	+0.0049691	+0.0050887	+0.0051787	+0.0052506	+0.0053495
2012-09	0.004	-0.0068392	-0.0063771	-0.0059482	-0.0055280	-0.0050957	-0.0044109	-0.0037732	-0.0029705	-0.0022417	-0.0014090	-0.0005721	+0.0003065	+0.0011379	+0.0019520	+0.0025387	+0.0029147	+0.0033099	+0.0036125	+0.0038597	+0.0040079	+0.0044685
2012-10	0.001	-0.0044426	-0.0044128	-0.0042125	-0.0041826	-0.0040704	-0.0032913	-0.0029071	-0.0022794	-0.0018185	-0.0012796	-0.0007980	-0.0001429	+0.0005058	+0.0010004	+0.0013363	+0.0016473	+0.0019293	+0.0020962	+0.0022359	+0.0024165	+0.0025449
2012-11	0.054	-0.0044973	-0.0044397	-0.0041289	-0.0035143	-0.0030937	-0.0026496	-0.0023076	-0.0018418	-0.0013764	-0.0008453	-0.0001912	+0.0002308	+0.0006999	+0.0009673	+0.0013669	+0.0016433	+0.0017896	+0.0018645	+0.0019678	+0.0021054	+0.0021613
2012-12	0.120	-0.0020078	-0.0017605	-0.0013018	-0.0011246	-0.0008615	-0.0004289	-0.0001040	+0.0003306	+0.0007251	+0.0011743	+0.0015971	+0.0020377	+0.0023865	+0.0027486	+0.0030107	+0.0032402	+0.0033949	+0.0036707	+0.0037043	+0.0038181	+0.0039249
2013-01	0.089	-0.0010246	-0.0009035	-0.0007622	-0.0003160	+0.0001481	+0.0011692	+0.0032402	+0.0036135	+0.0039810	+0.0043975	+0.0047794	+0.0051932	+0.0055002	+0.0058478	+0.0060955	+0.0064804	+0.0066901	+0.0069811	+0.0071636	+0.0072453	+0.0072496
2013-02	0.020	-0.0035269	-0.0030644	-0.0030066	-0.0019895	-0.0016307	-0.0002926	+0.0037625	+0.0045283	+0.0053381	+0.0057851	+0.0064765	+0.0069931	+0.0075274	+0.0080634	+0.0083424	+0.0087496	+0.0089086	+0.0093874	+0.0095435	+0.0095773	+0.0097221
2013-03	0.071	-0.0025986	-0.0024711	-0.0023949	-0.0020249	-0.0014641	-0.0004637	-0.0000386	+0.0003603	+0.0007296	+0.0011903	+0.0015725	+0.0019674	+0.0022607	+0.0026258	+0.0029489	+0.0033186	+0.0036164	+0.0036919	+0.0037096	+0.0041490	+0.0041671
2013-04	0.101	-0.0014814	-0.0011824	-0.0009140	-0.0001703	+0.0005903	+0.0009704	+0.0014346	+0.0022114	+0.0030360	+0.0036435	+0.0042916	+0.0052032	+0.0057500	+0.0061244	+0.0064443	+0.0068566	+0.0071611	+0.0074391	+0.0076122	+0.0079394	+0.0080504
2013-05	-0.051	-0.0042244	-0.0031319	-0.0026408	-0.0023001	-0.0018597	-0.0006214	+0.0005673	+0.0011232	+0.0019879	+0.0025839	+0.0032067	+0.0039275	+0.0045385	+0.0055505	+0.0061158	+0.0066351	+0.0072435	+0.0077028	+0.0080610	+0.0091189	+0.0096383
2013-06	-0.048	-0.0072335	-0.0071395	-0.0060962	-0.0044287	-0.0038708	-0.0032601	-0.0019557	-0.0005060	+0.0004191	+0.0014564	+0.0033090	+0.0040759	+0.0046867	+0.0054057	+0.0064177	+0.0069111	+0.0073703	+0.0076949	+0.0080894	+0.0091790	+0.0096383
2013-07	0.010	-0.0095638	-0.0095101	-0.0094429	-0.0091499	-0.0090271	-0.0083423	-0.0080193	-0.0074093	-0.0066989	-0.0060672	-0.0051982	-0.0043468	-0.0033150	-0.0027923	-0.0001538	+0.0031216	+0.0060579	+0.0100000	+0.0100000	+0.0100000	+0.0100000
2013-08	-0.008	-0.0041173	-0.0040129	-0.0029216	-0.0026826	-0.0024888	-0.0017238	-0.0004654	-0.0000159	+0.0009210	+0.0014004	+0.0024014	+0.0035328	+0.0043244	+0.0047875	+0.0052532	+0.0055666	+0.0058510	+0.0061207	+0.0063625	+0.0064480	+0.0067418
2013-09	0.142	-0.0029842	-0.0029237	-0.0028824	-0.0027225	-0.0026004	-0.0024220	-0.0022513	-0.0020596	-0.0017986	-0.0015315	-0.0011934	-0.0008266	-0.0004058	-0.0000264	+0.0004051	+0.0007056	+0.0011040	+0.0013303	+0.0017794	+0.0019303	+0.0022176
2013-10	0.001	-0.0020212	-0.0018463	-0.0017949	-0.0013978	-0.0011726	-0.0010050	-0.0006883	-0.0001872	+0.0011965	+0.0020860	+0.0029552	+0.0038435	+0.0045340	+0.0056855	+0.0066699	+0.0072904	+0.0080645	+0.0084690	+0.0088735	+0.0090895	+0.0091929
2013-11	0.022	-0.0040563	-0.0036097	-0.0034172	-0.0032603	-0.0025184	-0.0007031	-0.0003003	+0.0000519	+0.0004360	+0.0008557	+0.0016596	+0.0025585	+0.0035967	+0.0041577	+0.0049017	+0.0054034	+0.0062363	+0.0069297	+0.0074853	+0.0080645	+0.0082574
2013-12	0.034	-0.0004741	-0.0003891	-0.0002126	-0.0001166	-0.0000187	+0.0000859	+0.0001960	+0.0003831	+0.0005607	+0.0007650	+0.0010344	+0.0013255	+0.0015903	+0.0018830	+0.0021772	+0.0024778	+0.0026316	+0.0028428	+0.0031214	+0.0033057	+0.0036536
2014-01	-0.025	-0.0018400	-0.0018213	-0.0017377	-0.0016100	-0.0014495	-0.0012622	-0.0009866	-0.0007632	-0.0004079	+0.0000111	+0.0003904	+0.0007817	+0.0011291	+0.0014840	+0.0018754	+0.0022325	+0.0024841	+0.0026130	+0.0027433	+0.0028531	+0.0029820
2014-02	-0.027	-0.0029461	-0.0025056	-0.0022240	-0.0019384	-0.0015648	-0.0007576	-0.0001271	+0.0004968	+0.0012007	+0.0018039	+0.0025574	+0.0034237	+0.0041602	+0.0046964	+0.0050822	+0.0055723	+0.0057972	+0.0060795	+0.0062758	+0.0063923	+0.0064803
2014-03	0.016	-0.0080319	-0.0080271	-0.0076118	-0.0072899	-0.0069680	-0.0065362	-0.0061671	-0.0055397	-0.0049522	-0.0041290	-0.0033260	-0.0022962	-0.0012652	-0.0003966	+0.0005155	+0.0012924	+0.0020546	+0.0027127	+0.0035071	+0.0046122	+0.0046574
2014-04	-0.032	-0.0037217	-0.0032808	-0.0031677	-0.0028237	-0.0024889	-0.0022002	-0.0017255	-0.0014483	-0.0009674	-0.0005615	-0.0000289	+0.0003073	+0.0007926	+0.0012482	+0.0015896	+0.0021473	+0.0023604	+0.0026082	+0.0030807	+0.0033570	+0.0036035
2014-05	0.004	-0.0024986	-0.0024725	-0.0024356	-0.0022180	-0.0019823	-0.0016899	-0.0014101	-0.0012211	-0.0010134	-0.0007144	-0.0003456	-0.0000536	+0.0001536	+0.0003493	+0.0005055	+0.0006533	+0.0007550	+0.0008439	+0.0009885	+0.0010522	+0.0011391
2014-06	0.067	-0.0028661	-0.0028327	-0.0028023	-0.0026342	-0.0025097	-0.0023592	-0.0021550	-0.0018128	-0.0014568	-0.0011170	-0.0007538	-0.0004369	-0.0000014	+0.0003782	+0.0006685	+0.0010244	+0.0012538	+0.0015400	+0.0018525	+0.0021650	+0.0022724
2014-07	0.022	-0.0011106	-0.0008371	-0.0002371	+0.0000364	+0.0002982	+0.0006791	+0.0010803	+0.0015200	+0.0019538	+0.0024627	+0.0028899	+0.0032837	+0.0036463	+0.0039652	+0.0041049	+0.0044488	+0.0046449	+0.0047831	+0.0049240	+0.0050958	+0.0052266
2014-08	0.026	-0.0020269	-0.0019032	-0.0017756	-0.0016590	-0.0008586	+0.0002617	+0.0005407	+0.0007477	+0.0009780	+0.0014358	+0.0017236	+0.0019119	+0.0021240	+0.0024627	+0.0027931	+0.0029799	+0.0030673	+0.0031596	+0.0032582	+0.0033137	+0.0033750
2014-09	0.019	-0.0015952	-0.0015606	-0.0012942	-0.0011695	-0.0010075	-0.0007660	-0.0005684	-0.0003372	-0.0001273	+0.0001378	+0.0003574	+0.0006689	+0.0010414	+0.0014099	+0.0017626	+0.0020236	+0.0022219	+0.0024939	+0.0027733	+0.0029574	+0.0034171
2014-10	-0.021	-0.0012369	-0.0010688	-0.0008072	-0.0006143	+0.0000188	+0.0004928	+0.0009337	+0.0012126	+0.0015624	+0.0019289	+0.0022934	+0.0026242	+0.0030176	+0.0032739	+0.0036911	+0.0039011	+0.0042234	+0.0043758	+0.0047585	+0.0048355	+0.0052763
2014-11	0.038	-0.0067416	-0.0065783	-0.0062779	-0.0061035	-0.0058430	-0.0053715	-0.0048571	-0.0043960	-0.0037623	-0.0032091	-0.0024472	-0.0019703	-0.0012049	-0.0006990	-0.0003852	+0.0003712	+0.0005854	+0.0007776	+0.0016512	+0.0017732	+0.0019413
2014-12	0.004	-0.0031954	-0.0029013	-0.0023610	-0.0019798	-0.0013744	-0.0005328	-0.0000742	+0.0005565	+0.0010693	+0.0018236	+0.0026370	+0.0032935	+0.0038441	+0.0040815	+0.0044927	+0.0049240	+0.0051402	+0.0054319	+0.0055367	+0.0057769	+0.0061133
2015-01	-0.002	-0.0023805	-0.0023060	-0.0020666	-0.0017641	-0.0015451	-0.0011931	-0.0009330	-0.0006060	-0.0002410	+0.0003415	+0.0007118	+0.0010821	+0.0014000	+0.0018734	+0.0023768	+0.0025890	+0.0027992	+0.0029635	+0.0030460	+0.0030600	+0.0033105
2015-02	-0.008	-0.0013941	-0.0013867	-0.0013770	-0.0012885	-0.0011616	-0.0010503	-0.0009806	-0.0008273	-0.0007242	-0.0005528	-0.0003787	-0.0001950	-0.0000074	+0.0001860	+0.0003373	+0.0004995	+0.0006120	+0.0007807	+0.0009199	+0.0010167	+0.0010821
