2011-03	0.027	-0.0010991	-0.0010901	-0.0010174	-0.0009696	-0.0008769	-0.0007837	-0.0006636	-0.0004772	-0.0000968	+0.0002433	+0.0004512	+0.0006688	+0.0009696	+0.0012856	+0.0015748	+0.0017667	+0.0019288	+0.0020002	+0.0021403	+0.0023249	+0.0023564
2011-04	0.003	-0.0037582	-0.0036150	-0.0033615	-0.0030292	-0.0027946	-0.0024990	-0.0022450	-0.0017861	-0.0014288	-0.0010167	-0.0006593	-0.0003996	-0.0001475	+0.0000883	+0.0003333	+0.0004603	+0.0006206	+0.0007689	+0.0009087	+0.0010690	+0.0010923
2011-05	-0.053	-0.0028883	-0.0026179	-0.0021282	-0.0020739	-0.0018219	-0.0013322	-0.0010376	-0.0006712	-0.0002374	+0.0002868	+0.0008341	+0.0014062	+0.0020432	+0.0026700	+0.0031754	+0.0037246	+0.0043450	+0.0047771	+0.0052362	+0.0057441	+0.0060644
2011-06	-0.038	-0.0047155	-0.0046813	-0.0044574	-0.0043476	-0.0041107	-0.0039267	-0.0034872	-0.0031923	-0.0028741	-0.0026756	-0.0024432	-0.0021613	-0.0018501	-0.0013630	-0.0010555	-0.0001978	+0.0002286	+0.0004969	+0.0005819	+0.0012754	+0.0013352
2011-07	-0.061	-0.0050706	-0.0050607	-0.0049062	-0.0048261	-0.0045821	-0.0043832	-0.0041485	-0.0038594	-0.0035288	-0.0031966	-0.0027310	-0.0022304	-0.0017295	-0.0012720	-0.0006299	+0.0007476	+0.0017351	+0.0022333	+0.0025900	+0.0034658	+0.0035904
2011-08	-0.123	-0.0049485	-0.0047425	-0.0044471	-0.0040204	-0.0035528	-0.0030773	-0.0026913	-0.0021247	-0.0015429	-0.0009242	-0.0003120	+0.0003578	+0.0009625	+0.0014607	+0.0019308	+0.0023343	+0.0027771	+0.0029869	+0.0032865	+0.0035551	+0.0037120
2011-09	-0.063	-0.0099641	-0.0099460	-0.0098371	-0.0097687	-0.0096626	-0.0093481	-0.0090170	-0.0085260	-0.0078008	-0.0067246	-0.0053599	-0.0021123	+0.0100000	+0.0100000	+0.0100000	+0.0100000	+0.0100000	+0.0100000	+0.0100000	+0.0100000	+0.0100000
2011-10	0.131	-0.0088927	-0.0088634	-0.0078690	-0.0077271	-0.0071363	-0.0062278	-0.0052608	-0.0042294	-0.0031194	-0.0020263	-0.0007223	+0.0002766	+0.0009916	+0.0021424	+0.0028499	+0.0034109	+0.0042831	+0.0062023	+0.0066884	+0.0099659	+0.0100000
2011-11	-0.048	-0.0064421	-0.0057639	-0.0056260	-0.0051680	-0.0046793	-0.0037838	-0.0030711	-0.0021683	-0.0014648	-0.0002631	+0.0009450	+0.0020487	+0.0031820	+0.0042938	+0.0050990	+0.0062608	+0.0071205	+0.0075351	+0.0077552	+0.0094045	+0.0095566
2011-12	0.029	-0.0072197	-0.0063224	-0.0059956	-0.0050983	-0.0043346	-0.0033211	-0.0025324	-0.0013651	-0.0002194	+0.0007447	+0.0020890	+0.0032089	+0.0039364	+0.0049740	+0.0060350	+0.0066716	+0.0071313	+0.0076032	+0.0083082	+0.0094045	+0.0095566
2012-01	0.049	-0.0040406	-0.0035413	-0.0033211	-0.0029455	-0.0025278	-0.0019858	-0.0015844	-0.0010336	-0.0004821	+0.0000861	+0.0006582	+0.0009909	+0.0015185	+0.0020233	+0.0022207	+0.0027057	+0.0030087	+0.0032275	+0.0034225	+0.0036463	+0.0039170
2012-02	0.102	-0.0012454	-0.0011804	-0.0010302	-0.0007563	-0.0005387	-0.0002918	+0.0001176	+0.0004781	+0.0008561	+0.0012616	+0.0016521	+0.0021661	+0.0024830	+0.0028583	+0.0031888	+0.0034705	+0.0036386	+0.0038898	+0.0040948	+0.0042554	+0.0042998
2012-03	0.027	-0.0015883	-0.0014645	-0.0014348	-0.0009375	-0.0006232	+0.0003633	+0.0027332	+0.0031754	+0.0033987	+0.0037024	+0.0039820	+0.0042194	+0.0045313	+0.0047337	+0.0050061	+0.0051658	+0.0053738	+0.0055603	+0.0056418	+0.0059124	+0.0060085
2012-04	-0.018	-0.0021829	-0.0019677	-0.0019349	-0.0016935	-0.0012487	+0.0016704	+0.0022442	+0.0025632	+0.0029104	+0.0031831	+0.0034493	+0.0037551	+0.0040659	+0.0043522	+0.0045418	+0.0048198	+0.0050256	+0.0052185	+0.0054498	+0.0054699	+0.0059124
2012-05	-0.095	-0.0046558	-0.0044316	-0.0043480	-0.0040940	-0.0039267	-0.0034916	-0.0031114	-0.0027120	-0.0023015	-0.0018115	-0.0009916	-0.0002925	+0.0001244	+0.0005470	+0.0010454	+0.0019578	+0.0024128	+0.0026327	+0.0028783	+0.0029112	+0.0030047
2012-06	0.003	-0.0065941	-0.0065284	-0.0062818	-0.0061502	-0.0056026	-0.0051399	-0.0048275	-0.0044960	-0.0039811	-0.0035106	-0.0029506	-0.0025886	-0.0020864	-0.0015580	-0.0009471	-0.0003173	+0.0012425	+0.0017867	+0.0019785	+0.0024776	+0.0025022
2012-07	0.001	-0.0058598	-0.0056359	-0.0050898	-0.0048017	-0.0044853	-0.0039165	-0.0033817	-0.0027869	-0.0023194	-0.0016381	-0.0010303	-0.0003724	+0.0001131	+0.0006079	+0.0011736	+0.0015861	+0.0022893	+0.0026562	+0.0029045	+0.0032577	+0.0038383
2012-08	0.015	-0.0036876	-0.0036418	-0.0032994	-0.0030145	-0.0024293	-0.0018041	-0.0014891	-0.0009492	-0.0004985	+0.0001400	+0.0008026	+0.0013896	+0.0018012	+0.0022512	+0.0024902	+0.0028677	+0.0030959	+0.0033196	+0.0034085	+0.0036502	+0.0040223
2012-09	0.027	-0.0036418	-0.0033528	-0.0032537	-0.0030638	-0.0026685	-0.0023536	-0.0019197	-0.0014343	-0.0009857	-0.0003719	+0.0000898	+0.0007060	+0.0012514	+0.0017145	+0.0021746	+0.0025509	+0.0028972	+0.0031759	+0.0032995	+0.0035306	+0.0035536
2012-10	0.023	-0.0008875	-0.0008277	-0.0006651	-0.0004676	-0.0000334	+0.0002443	+0.0004069	+0.0006679	+0.0009255	+0.0012525	+0.0014776	+0.0017737	+0.0020205	+0.0022399	+0.0025019	+0.0026696	+0.0028796	+0.0030067	+0.0030384	+0.0032456	+0.0032533
2012-11	0.064	-0.0021438	-0.0019782	-0.0017393	-0.0014162	-0.0010996	-0.0009561	-0.0007161	-0.0002892	-0.0000394	+0.0003045	+0.0007096	+0.0009983	+0.0013189	+0.0015833	+0.0017836	+0.0019852	+0.0021613	+0.0023244	+0.0024923	+0.0025082	+0.0028188
2012-12	0.083	-0.0019112	-0.0017539	-0.0015611	-0.0010637	-0.0007626	-0.0003068	-0.0000684	+0.0002818	+0.0006147	+0.0008771	+0.0013604	+0.0016183	+0.0018507	+0.0023814	+0.0025216	+0.0026549	+0.0029559	+0.0033722	+0.0034529	+0.0035081	+0.0035154
2013-01	0.101	-0.0014733	-0.0013996	-0.0007313	-0.0004114	+0.0000907	+0.0008651	+0.0020819	+0.0026585	+0.0030381	+0.0033800	+0.0038573	+0.0041815	+0.0045621	+0.0048414	+0.0049559	+0.0051390	+0.0052797	+0.0053524	+0.0054843	+0.0056365	+0.0056977
2013-02	0.030	-0.0027262	-0.0025178	-0.0015902	-0.0012114	-0.0006022	+0.0000882	+0.0041408	+0.0049944	+0.0054249	+0.0060546	+0.0066318	+0.0071053	+0.0074050	+0.0077689	+0.0080140	+0.0081647	+0.0083611	+0.0085079	+0.0086047	+0.0087550	+0.0087853
2013-03	0.066	-0.0027325	-0.0021816	-0.0017888	-0.0013508	-0.0010876	-0.0005871	+0.0008940	+0.0015870	+0.0023228	+0.0028704	+0.0032624	+0.0036254	+0.0038690	+0.0040965	+0.0042730	+0.0044307	+0.0045485	+0.0047130	+0.0048715	+0.0049281	+0.0049931
2013-04	0.036	-0.0017673	-0.0016693	-0.0015267	-0.0010714	-0.0004038	-0.0000345	+0.0003102	+0.0009054	+0.0014763	+0.0018806	+0.0023319	+0.0029914	+0.0033475	+0.0036234	+0.0039237	+0.0045321	+0.0047484	+0.0049715	+0.0051809	+0.0052846	+0.0058203
2013-05	0.081	-0.0032844	-0.0028171	-0.0024423	-0.0021646	-0.0015025	-0.0011748	-0.0004120	+0.0002184	+0.0008938	+0.0014197	+0.0018872	+0.0023073	+0.0027342	+0.0030692	+0.0033439	+0.0035755	+0.0038341	+0.0040321	+0.0043095	+0.0044729	+0.0046509
2013-06	-0.038	-0.0026383	-0.0022368	-0.0021376	-0.0012826	-0.0004235	+0.0007203	+0.0016800	+0.0023795	+0.0030730	+0.0038949	+0.0045177	+0.0050801	+0.0055724	+0.0062135	+0.0068428	+0.0072083	+0.0074233	+0.0076411	+0.0077541	+0.0080180	+0.0081869
2013-07	0.042	-0.0062009	-0.0061031	-0.0058000	-0.0055331	-0.0053780	-0.0051434	-0.0047784	-0.0042716	-0.0039502	-0.0031959	-0.0025239	-0.0015023	-0.0005764	+0.0004430	+0.0011328	+0.0018084	+0.0024935	+0.0033526	+0.0038949	+0.0047180	+0.0051683
2013-08	-0.019	-0.0030288	-0.0021822	-0.0021638	-0.0014229	-0.0011395	-0.0004750	-0.0001044	+0.0007257	+0.0013859	+0.0020075	+0.0027370	+0.0034224	+0.0039837	+0.0045574	+0.0050365	+0.0054304	+0.0057586	+0.0060273	+0.0062367	+0.0064333	+0.0064577
2013-09	0.044	-0.0032235	-0.0031181	-0.0029856	-0.0027859	-0.0026404	-0.0024660	-0.0022272	-0.0019675	-0.0016761	-0.0013109	-0.0008412	-0.0003338	+0.0001174	+0.0005342	+0.0010039	+0.0013754	+0.0017760	+0.0021535	+0.0025427	+0.0027385	+0.0029390
2013-10	0.029	-0.0031181	-0.0027042	-0.0025349	-0.0020584	-0.0017277	-0.0013837	-0.0008323	-0.0002081	+0.0003707	+0.0009739	+0.0016311	+0.0021798	+0.0029332	+0.0034818	+0.0039047	+0.0041858	+0.0044194	+0.0047776	+0.0052609	+0.0053813	+0.0053926
2013-11	0.102	-0.0023422	-0.0022965	-0.0021145	-0.0020688	-0.0018563	-0.0016062	-0.0013193	-0.0010560	-0.0005786	-0.0001788	+0.0001949	+0.0006285	+0.0010830	+0.0013997	+0.0018192	+0.0022122	+0.0025630	+0.0027877	+0.0030348	+0.0033446	+0.0035693
2013-12	0.041	-0.0008454	-0.0005288	+0.0000143	+0.0003204	+0.0007517	+0.0012912	+0.0018096	+0.0022754	+0.0028210	+0.0032373	+0.0036787	+0.0041041	+0.0044463	+0.0048046	+0.0051638	+0.0053685	+0.0056346	+0.0057978	+0.0058541	+0.0060494	+0.0062325
2014-01	-0.023	-0.0026687	-0.0025141	-0.0022194	-0.0020055	-0.0014799	+0.0002985	+0.0010164	+0.0013934	+0.0017712	+0.0021219	+0.0026407	+0.0032991	+0.0037783	+0.0041113	+0.0044724	+0.0048627	+0.0054386	+0.0058170	+0.0059473	+0.0062135	+0.0062508
2014-02	0.040	-0.0026241	-0.0025182	-0.0022350	-0.0019944	-0.0016052	-0.0006163	-0.0000907	+0.0002576	+0.0006463	+0.0012765	+0.0021800	+0.0027767	+0.0032592	+0.0035400	+0.0038433	+0.0041298	+0.0042792	+0.0045185	+0.0047170	+0.0049410	+0.0049441
2014-03	0.000	-0.0046309	-0.0045321	-0.0042391	-0.0038873	-0.0035492	-0.0032660	-0.0028643	-0.0023278	-0.0015935	-0.0009535	+0.0001002	+0.0006708	+0.0011527	+0.0018527	+0.0028422	+0.0033818	+0.0038698	+0.0040736	+0.0042839	+0.0046789	+0.0046980
2014-04	-0.015	-0.0030623	-0.0029300	-0.0026115	-0.0023893	-0.0013707	-0.0010156	-0.0006930	-0.0003626	+0.0000517	+0.0006483	+0.0011851	+0.0015473	+0.0021059	+0.0026003	+0.0029712	+0.0034031	+0.0037577	+0.0040399	+0.0041950	+0.0044349	+0.0047383
2014-05	0.034	-0.0029747	-0.0027736	-0.0027240	-0.0025151	-0.0023211	-0.0021098	-0.0018892	-0.0016063	-0.0013635	-0.0011218	-0.0007788	-0.0005260	-0.0002925	-0.0000156	+0.0002359	+0.0003336	+0.0004240	+0.0005328	+0.0006653	+0.0007025	+0.0007742
2014-06	0.004	-0.0027410	-0.0024903	-0.0022108	-0.0018512	-0.0014619	-0.0011146	-0.0007913	-0.0004473	-0.0000568	+0.0004397	+0.0008930	+0.0012853	+0.0016351	+0.0018829	+0.0021356	+0.0022786	+0.0024121	+0.0024787	+0.0025487	+0.0026398	+0.0026918
2014-07	0.008	-0.0023877	-0.0022199	-0.0018324	-0.0015869	-0.0010639	-0.0006653	-0.0000984	+0.0003231	+0.0006445	+0.0009414	+0.0012059	+0.0015378	+0.0018124	+0.0020633	+0.0022424	+0.0023918	+0.0025087	+0.0025724	+0.0027177	+0.0027731	+0.0027764
2014-08	0.011	-0.0009835	-0.0009830	-0.0009283	-0.0008901	-0.0008732	-0.0008008	-0.0007640	-0.0006739	-0.0005584	-0.0003800	-0.0002427	-0.0001219	-0.0000139	+0.0001421	+0.0002822	+0.0004607	+0.0004984	+0.0005788	+0.0006799	+0.0006840	+0.0007089
2014-09	0.029	-0.0022891	-0.0022625	-0.0022344	-0.0021302	-0.0020288	-0.0018897	-0.0015083	-0.0012257	-0.0009723	-0.0007041	-0.0002281	+0.0001363	+0.0004337	+0.0008489	+0.0012161	+0.0014646	+0.0016562	+0.0021051	+0.0022620	+0.0024478	+0.0027208
2014-10	-0.011	-0.0010393	-0.0008828	-0.0005502	-0.0002299	+0.0001376	+0.0007727	+0.0014386	+0.0018448	+0.0021535	+0.0024729	+0.0027629	+0.0030755	+0.0033213	+0.0035303	+0.0037605	+0.0039170	+0.0040830	+0.0042221	+0.0043613	+0.0044645	+0.0045273
2014-11	0.113	-0.0067485	-0.0063801	-0.0062303	-0.0057278	-0.0050590	-0.0046236	-0.0041994	-0.0036085	-0.0031128	-0.0024363	-0.0018108	-0.0011668	-0.0006600	-0.0001780	+0.0002016	+0.0004748	+0.0007868	+0.0009909	+0.0011888	+0.0014386	+0.0015900
2014-12	0.026	-0.0022334	-0.0021339	-0.0018763	-0.0013505	-0.0008370	+0.0004504	+0.0015398	+0.0024810	+0.0031173	+0.0038286	+0.0053353	+0.0064844	+0.0074938	+0.0080505	+0.0083189	+0.0085694	+0.0087920	+0.0089435	+0.0090476	+0.0091491	+0.0092941
2015-01	-0.038	-0.0038129	-0.0036576	-0.0030658	-0.0026091	-0.0024656	-0.0015115	-0.0010770	-0.0003213	+0.0003398	+0.0009244	+0.0015751	+0.0020982	+0.0024142	+0.0027671	+0.0034437	+0.0037754	+0.0039106	+0.0040206	+0.0040733	+0.0042229	+0.0042635
2015-02	0.005	-0.0023152	-0.0022978	-0.0022761	-0.0021876	-0.0020851	-0.0019090	-0.0017613	-0.0015256	-0.0009051	-0.0006299	-0.0003510	-0.0001328	+0.0002530	+0.0007838	+0.0010350	+0.0011957	+0.0013392	+0.0014606	+0.0015000	+0.0016213	+0.0017491
