2011-03	-0.039	-0.0011471	-0.0007675	-0.0007072	-0.0006408	-0.0003185	-0.0001737	+0.0001754	+0.0003677	+0.0006342	+0.0008705	+0.0011815	+0.0014480	+0.0016774	+0.0018924	+0.0021421	+0.0023725	+0.0025555	+0.0026885	+0.0027929	+0.0028378	+0.0029096
2011-04	-0.033	-0.0094263	-0.0092471	-0.0089341	-0.0083899	-0.0077992	-0.0072821	-0.0064670	-0.0053666	-0.0044552	-0.0033858	-0.0024708	-0.0017151	-0.0010804	-0.0002770	+0.0002353	+0.0006965	+0.0013067	+0.0100000	+0.0100000	+0.0100000	+0.0100000
2011-05	-0.016	-0.0048473	-0.0043007	-0.0042272	-0.0041277	-0.0037073	-0.0034967	-0.0031841	-0.0027585	-0.0024168	-0.0019295	-0.0014020	-0.0004494	+0.0006897	+0.0017940	+0.0024506	+0.0032239	+0.0039349	+0.0044612	+0.0055088	+0.0060665	+0.0069387
2011-06	0.023	-0.0025564	-0.0024621	-0.0023323	-0.0023272	-0.0022329	-0.0020204	-0.0017939	-0.0016460	-0.0014096	-0.0009895	-0.0006573	-0.0002716	+0.0000138	+0.0002698	+0.0005846	+0.0009986	+0.0012124	+0.0015071	+0.0015594	+0.0016467	+0.0016657
2011-07	-0.007	-0.0023513	-0.0023139	-0.0019989	-0.0018831	-0.0015624	-0.0013281	-0.0011050	-0.0008171	-0.0005132	-0.0001537	+0.0000946	+0.0004523	+0.0007267	+0.0010354	+0.0012312	+0.0014643	+0.0016370	+0.0018328	+0.0019468	+0.0021302	+0.0022115
2011-08	-0.058	-0.0012765	-0.0010847	-0.0006888	-0.0005484	-0.0002918	+0.0000164	+0.0003150	+0.0006634	+0.0010356	+0.0013432	+0.0016785	+0.0019486	+0.0022017	+0.0024290	+0.0026048	+0.0027703	+0.0029211	+0.0030760	+0.0031878	+0.0032247	+0.0033533
2011-09	0.010	-0.0064031	-0.0063401	-0.0062343	-0.0060389	-0.0059228	-0.0057273	-0.0055048	-0.0052319	-0.0047458	-0.0039725	-0.0033077	-0.0027130	-0.0021303	-0.0013136	-0.0005530	-0.0001263	+0.0003998	+0.0009303	+0.0016698	+0.0023933	+0.0027263
2011-10	-0.017	-0.0054119	-0.0052438	-0.0050178	-0.0042426	-0.0039947	-0.0033467	-0.0030109	-0.0023628	-0.0018324	-0.0011833	-0.0005145	-0.0001014	+0.0003639	+0.0007401	+0.0011878	+0.0016767	+0.0023397	+0.0027195	+0.0031148	+0.0034539	+0.0035901
2011-11	-0.038	-0.0019247	-0.0018697	-0.0018111	-0.0014841	-0.0013540	-0.0010421	-0.0008707	-0.0005952	-0.0003147	+0.0000557	+0.0003253	+0.0006680	+0.0009420	+0.0012175	+0.0014618	+0.0016554	+0.0018641	+0.0019752	+0.0022018	+0.0023654	+0.0024782
2011-12	0.021	-0.0042512	-0.0039307	-0.0037787	-0.0035901	-0.0032659	-0.0030819	-0.0027963	-0.0025062	-0.0021928	-0.0018013	-0.0014389	-0.0011656	-0.0007699	-0.0003754	+0.0000159	+0.0002269	+0.0005692	+0.0007808	+0.0009813	+0.0013125	+0.0015347
2012-01	0.036	-0.0028227	-0.0024322	-0.0022053	-0.0019764	-0.0016920	-0.0012524	-0.0009210	-0.0005708	-0.0000779	+0.0002734	+0.0006461	+0.0010090	+0.0012566	+0.0014848	+0.0017532	+0.0019606	+0.0021288	+0.0022891	+0.0023295	+0.0023578	+0.0023804
2012-02	0.070	-0.0008560	-0.0007068	-0.0005930	-0.0004438	-0.0002832	-0.0000611	+0.0001669	+0.0003949	+0.0006795	+0.0009357	+0.0012655	+0.0015349	+0.0017852	+0.0020757	+0.0022983	+0.0025079	+0.0026681	+0.0028942	+0.0030656	+0.0031272	+0.0032567
2012-03	0.043	-0.0007406	-0.0006379	-0.0004409	-0.0003462	-0.0000407	+0.0006869	+0.0018695	+0.0020534	+0.0022522	+0.0024854	+0.0027169	+0.0029299	+0.0031174	+0.0032944	+0.0034844	+0.0036488	+0.0038130	+0.0039024	+0.0040211	+0.0040889	+0.0041876
2012-04	-0.042	-0.0017980	-0.0015857	-0.0012117	-0.0011047	-0.0009403	+0.0011992	+0.0019729	+0.0021684	+0.0024567	+0.0027034	+0.0028734	+0.0030407	+0.0032420	+0.0034065	+0.0035110	+0.0036394	+0.0037831	+0.0038720	+0.0040010	+0.0040889	+0.0041876
2012-05	-0.103	-0.0027520	-0.0027451	-0.0026435	-0.0025710	-0.0024539	-0.0023342	-0.0021819	-0.0019491	-0.0017199	-0.0013107	-0.0007104	-0.0000198	+0.0003387	+0.0006119	+0.0010349	+0.0015244	+0.0020769	+0.0024550	+0.0027881	+0.0028331	+0.0029034
2012-06	0.050	-0.0070229	-0.0068550	-0.0067691	-0.0065621	-0.0063623	-0.0061342	-0.0058990	-0.0055239	-0.0046703	-0.0040405	-0.0035785	-0.0031976	-0.0023700	-0.0015139	-0.0010365	-0.0006315	-0.0002744	+0.0013101	+0.0016575	+0.0018589	+0.0021686
2012-07	-0.034	-0.0067178	-0.0064901	-0.0061549	-0.0059588	-0.0056014	-0.0051111	-0.0038445	-0.0031226	-0.0024465	-0.0016925	-0.0008148	+0.0002276	+0.0010239	+0.0017118	+0.0024173	+0.0028824	+0.0033332	+0.0037661	+0.0041290	+0.0046413	+0.0050127
2012-08	0.008	-0.0042003	-0.0041700	-0.0040370	-0.0038936	-0.0035602	-0.0030424	-0.0023408	-0.0018095	-0.0007279	-0.0003641	+0.0001581	+0.0010423	+0.0016545	+0.0024759	+0.0030621	+0.0032238	+0.0033117	+0.0034334	+0.0035213	+0.0035243	+0.0035565
2012-09	0.019	-0.0040569	-0.0035905	-0.0033089	-0.0032095	-0.0026465	-0.0022155	-0.0017077	-0.0012517	-0.0007213	-0.0001325	+0.0003837	+0.0010721	+0.0016902	+0.0020839	+0.0025456	+0.0027507	+0.0030822	+0.0033264	+0.0035107	+0.0036684	+0.0037778
2012-10	-0.005	-0.0021889	-0.0021590	-0.0021006	-0.0019992	-0.0017461	-0.0015189	-0.0012711	-0.0009470	-0.0006892	-0.0002687	+0.0000935	+0.0004311	+0.0008256	+0.0011225	+0.0014305	+0.0017411	+0.0019641	+0.0020916	+0.0022441	+0.0023871	+0.0023940
2012-11	0.032	-0.0025358	-0.0023994	-0.0021798	-0.0019359	-0.0016966	-0.0015295	-0.0012501	-0.0009833	-0.0006600	-0.0003282	+0.0000122	+0.0003083	+0.0005808	+0.0008403	+0.0010840	+0.0013212	+0.0014820	+0.0016318	+0.0017751	+0.0019249	+0.0020492
2012-12	0.080	-0.0016177	-0.0015816	-0.0011289	-0.0009162	-0.0008275	-0.0004976	-0.0003098	-0.0000289	+0.0002455	+0.0005952	+0.0008879	+0.0011434	+0.0013767	+0.0016339	+0.0018513	+0.0020370	+0.0022248	+0.0024007	+0.0025647	+0.0026910	+0.0028409
2013-01	0.089	-0.0008009	-0.0003316	-0.0000620	+0.0001795	+0.0004576	+0.0010506	+0.0018006	+0.0021788	+0.0025487	+0.0028629	+0.0031623	+0.0034833	+0.0037703	+0.0039709	+0.0041688	+0.0044441	+0.0045745	+0.0047031	+0.0047649	+0.0047880	+0.0047988
2013-02	0.034	-0.0016154	-0.0012818	-0.0012605	-0.0011494	-0.0006395	-0.0002333	+0.0041240	+0.0045653	+0.0048721	+0.0051583	+0.0053801	+0.0055768	+0.0059008	+0.0059893	+0.0061970	+0.0063598	+0.0065429	+0.0065829	+0.0067416	+0.0067836	+0.0069492
2013-03	0.080	-0.0021780	-0.0021682	-0.0020084	-0.0017979	-0.0015165	-0.0007456	+0.0012673	+0.0015301	+0.0018147	+0.0021015	+0.0024329	+0.0026996	+0.0029703	+0.0032165	+0.0035069	+0.0036892	+0.0038949	+0.0040937	+0.0042192	+0.0044015	+0.0044411
2013-04	0.113	-0.0014307	-0.0011960	-0.0007759	-0.0001948	+0.0006012	+0.0010697	+0.0018791	+0.0027224	+0.0032491	+0.0037434	+0.0042735	+0.0048427	+0.0052293	+0.0055024	+0.0057814	+0.0060080	+0.0061932	+0.0063035	+0.0065361	+0.0066141	+0.0068367
2013-05	-0.026	-0.0033239	-0.0027575	-0.0021558	-0.0018675	-0.0015514	+0.0004994	+0.0016211	+0.0021136	+0.0027399	+0.0032778	+0.0037622	+0.0043055	+0.0050760	+0.0057515	+0.0062820	+0.0067970	+0.0071186	+0.0077463	+0.0084081	+0.0087184	+0.0093802
2013-06	-0.026	-0.0076768	-0.0074115	-0.0062785	-0.0043897	-0.0035464	-0.0028541	-0.0012815	+0.0007828	+0.0018026	+0.0027782	+0.0043860	+0.0057829	+0.0063958	+0.0069920	+0.0073360	+0.0078033	+0.0080873	+0.0085646	+0.0087796	+0.0091952	+0.0093802
2013-07	0.015	-0.0098064	-0.0097598	-0.0093479	-0.0089419	-0.0085987	-0.0081315	-0.0073468	-0.0066174	-0.0060744	-0.0053252	-0.0044150	-0.0035191	-0.0028315	-0.0020944	-0.0011317	+0.0003703	+0.0019957	+0.0028265	+0.0031108	+0.0033565	+0.0081294
2013-08	-0.022	-0.0029129	-0.0026110	-0.0024369	-0.0020664	-0.0013494	-0.0006787	+0.0001138	+0.0007685	+0.0012808	+0.0019599	+0.0028879	+0.0037969	+0.0043364	+0.0047822	+0.0051055	+0.0054418	+0.0056664	+0.0059240	+0.0059999	+0.0061921	+0.0063522
2013-09	0.105	-0.0032907	-0.0032526	-0.0032414	-0.0031094	-0.0029591	-0.0026782	-0.0025032	-0.0023077	-0.0020160	-0.0017388	-0.0014152	-0.0011030	-0.0007145	-0.0003805	+0.0000684	+0.0004473	+0.0008396	+0.0011632	+0.0014421	+0.0016274	+0.0019627
2013-10	0.013	-0.0026401	-0.0024876	-0.0020836	-0.0018359	-0.0015376	-0.0011989	-0.0007442	-0.0000466	+0.0006969	+0.0013317	+0.0019302	+0.0026635	+0.0033460	+0.0040678	+0.0047241	+0.0050648	+0.0054750	+0.0058555	+0.0061679	+0.0063005	+0.0064520
2013-11	0.036	-0.0024407	-0.0023203	-0.0022459	-0.0022337	-0.0017793	+0.0005627	+0.0009200	+0.0010711	+0.0012505	+0.0014934	+0.0018299	+0.0023378	+0.0029505	+0.0033364	+0.0037361	+0.0040633	+0.0043941	+0.0048826	+0.0052959	+0.0055432	+0.0058923
2013-12	0.039	-0.0003961	-0.0003413	-0.0002463	-0.0001713	-0.0000638	+0.0000935	+0.0003182	+0.0005303	+0.0007844	+0.0010277	+0.0013456	+0.0015426	+0.0018605	+0.0021027	+0.0023099	+0.0025117	+0.0026918	+0.0029077	+0.0029786	+0.0030948	+0.0031255
2014-01	-0.012	-0.0017493	-0.0016891	-0.0015454	-0.0011168	-0.0009518	-0.0008504	-0.0005988	-0.0001363	+0.0001300	+0.0005403	+0.0010426	+0.0013075	+0.0017856	+0.0021253	+0.0024579	+0.0028534	+0.0030948	+0.0032397	+0.0033209	+0.0033790	+0.0033822
2014-02	0.003	-0.0022935	-0.0022263	-0.0020870	-0.0014127	-0.0010793	-0.0005972	+0.0000302	+0.0008438	+0.0013525	+0.0020105	+0.0024516	+0.0035010	+0.0040770	+0.0045425	+0.0048159	+0.0051997	+0.0054021	+0.0054342	+0.0055170	+0.0055544	+0.0056367
2014-03	0.017	-0.0060443	-0.0058038	-0.0054360	-0.0053776	-0.0048803	-0.0044692	-0.0041396	-0.0035314	-0.0029861	-0.0023994	-0.0017588	-0.0008832	-0.0001330	+0.0004777	+0.0012602	+0.0020137	+0.0024579	+0.0027803	+0.0032322	+0.0043029	+0.0045418
2014-04	-0.020	-0.0027584	-0.0024717	-0.0023298	-0.0019967	-0.0018912	-0.0013440	-0.0010400	-0.0006941	-0.0003065	+0.0002359	+0.0006423	+0.0010483	+0.0015559	+0.0019346	+0.0024071	+0.0026994	+0.0029409	+0.0033646	+0.0036502	+0.0038126	+0.0041358
2014-05	0.025	-0.0016377	-0.0016078	-0.0015415	-0.0014658	-0.0012639	-0.0010640	-0.0008029	-0.0006485	-0.0004843	-0.0002579	-0.0000200	+0.0002576	+0.0004438	+0.0005922	+0.0007306	+0.0008409	+0.0009334	+0.0010100	+0.0010891	+0.0011893	+0.0012390
2014-06	0.069	-0.0015415	-0.0015129	-0.0014658	-0.0014155	-0.0013340	-0.0012451	-0.0010189	-0.0007136	-0.0003966	-0.0001056	+0.0001926	+0.0004160	+0.0007394	+0.0010533	+0.0012785	+0.0014921	+0.0017168	+0.0018013	+0.0019221	+0.0019460	+0.0020226
2014-07	0.027	-0.0010341	-0.0003410	-0.0001052	+0.0001663	+0.0004998	+0.0011558	+0.0016904	+0.0021131	+0.0026013	+0.0029053	+0.0032486	+0.0035008	+0.0037672	+0.0040074	+0.0042270	+0.0043954	+0.0045502	+0.0047347	+0.0048617	+0.0049771	+0.0051244
2014-08	0.036	-0.0021015	-0.0020863	-0.0019403	-0.0018237	-0.0010067	+0.0003647	+0.0006963	+0.0009146	+0.0011698	+0.0015916	+0.0019568	+0.0022136	+0.0024296	+0.0027742	+0.0030934	+0.0033295	+0.0034681	+0.0036079	+0.0037367	+0.0037798	+0.0038723
2014-09	0.047	-0.0002944	-0.0001758	-0.0000875	-0.0000400	+0.0000686	+0.0002647	+0.0003722	+0.0004991	+0.0006206	+0.0007264	+0.0008493	+0.0010468	+0.0013847	+0.0017323	+0.0019476	+0.0020622	+0.0021783	+0.0023374	+0.0026827	+0.0030072	+0.0031852
2014-10	-0.019	-0.0006650	-0.0005897	-0.0005515	-0.0004861	-0.0003227	+0.0008205	+0.0021666	+0.0022694	+0.0023693	+0.0024817	+0.0026309	+0.0027856	+0.0029919	+0.0032272	+0.0034148	+0.0036597	+0.0037620	+0.0039231	+0.0041337	+0.0041810	+0.0045663
2014-11	0.042	-0.0051776	-0.0049217	-0.0048180	-0.0046088	-0.0044430	-0.0040620	-0.0036167	-0.0030539	-0.0025719	-0.0019166	-0.0013872	-0.0007887	-0.0001404	+0.0003383	+0.0009442	+0.0012703	+0.0015178	+0.0020850	+0.0022089	+0.0022859	+0.0023072
2014-12	0.015	-0.0027870	-0.0026188	-0.0020929	-0.0017584	-0.0011435	-0.0004625	+0.0000572	+0.0006801	+0.0010780	+0.0017586	+0.0025292	+0.0032135	+0.0037731	+0.0040190	+0.0043089	+0.0045628	+0.0047504	+0.0050834	+0.0051766	+0.0052664	+0.0056460
2015-01	0.000	-0.0024244	-0.0023846	-0.0020465	-0.0016780	-0.0013161	-0.0007225	-0.0002604	+0.0001175	+0.0005018	+0.0009238	+0.0012912	+0.0016553	+0.0019852	+0.0022382	+0.0026025	+0.0028827	+0.0030960	+0.0032447	+0.0033256	+0.0033901	+0.0035821
2015-02	-0.004	-0.0017802	-0.0017728	-0.0017212	-0.0014425	-0.0014233	-0.0013621	-0.0011024	-0.0009853	-0.0007166	-0.0005707	-0.0003052	-0.0000400	+0.0001365	+0.0003179	+0.0005261	+0.0006963	+0.0008872	+0.0009445	+0.0011190	+0.0012593	+0.0013104
