2011-03	-0.004	-0.0005622	-0.0005085	-0.0003885	-0.0003691	-0.0002348	-0.0001250	+0.0000144	+0.0001441	+0.0002786	+0.0004365	+0.0005997	+0.0007752	+0.0008989	+0.0010446	+0.0011634	+0.0013030	+0.0014125	+0.0015136	+0.0015513	+0.0015749	+0.0016078
2011-04	0.012	-0.0043968	-0.0043662	-0.0041856	-0.0038845	-0.0035394	-0.0031789	-0.0027800	-0.0024191	-0.0020374	-0.0015815	-0.0011786	-0.0008363	-0.0004606	-0.0001425	+0.0001400	+0.0003454	+0.0004329	+0.0005171	+0.0006595	+0.0007417	+0.0008292
2011-05	-0.013	-0.0024316	-0.0022148	-0.0020040	-0.0016771	-0.0015101	-0.0012619	-0.0010222	-0.0005900	-0.0002437	+0.0001028	+0.0006169	+0.0011041	+0.0015814	+0.0021721	+0.0025935	+0.0029998	+0.0034623	+0.0038867	+0.0041806	+0.0043577	+0.0049376
2011-06	-0.002	-0.0015217	-0.0015122	-0.0013752	-0.0013398	-0.0012865	-0.0011873	-0.0010667	-0.0009784	-0.0008474	-0.0007467	-0.0005902	-0.0004607	-0.0003413	-0.0002120	-0.0001160	-0.0000199	+0.0000759	+0.0001832	+0.0002456	+0.0003229	+0.0003664
2011-07	-0.014	-0.0012591	-0.0012266	-0.0011688	-0.0011115	-0.0009866	-0.0009091	-0.0007866	-0.0006772	-0.0005390	-0.0004173	-0.0002571	-0.0000870	+0.0000465	+0.0002099	+0.0003963	+0.0005632	+0.0006964	+0.0008599	+0.0010644	+0.0011475	+0.0012132
2011-08	-0.023	-0.0013643	-0.0012303	-0.0010889	-0.0009742	-0.0008587	-0.0006988	-0.0005222	-0.0003207	-0.0001389	+0.0000747	+0.0002813	+0.0004872	+0.0006844	+0.0008848	+0.0010468	+0.0011932	+0.0013160	+0.0014424	+0.0015292	+0.0016381	+0.0017637
2011-09	-0.032	-0.0029400	-0.0029185	-0.0028797	-0.0028118	-0.0027489	-0.0026851	-0.0025936	-0.0024497	-0.0022421	-0.0020008	-0.0017497	-0.0014884	-0.0012132	-0.0008682	-0.0005066	+0.0000200	+0.0003036	+0.0006486	+0.0009644	+0.0012323	+0.0013837
2011-10	0.031	-0.0029302	-0.0028970	-0.0026560	-0.0025646	-0.0023254	-0.0021383	-0.0019310	-0.0016694	-0.0014816	-0.0011999	-0.0009097	-0.0006127	-0.0003224	-0.0001012	+0.0001739	+0.0003370	+0.0007544	+0.0009863	+0.0012765	+0.0014286	+0.0016129
2011-11	-0.029	-0.0029718	-0.0029209	-0.0025984	-0.0024982	-0.0023184	-0.0019716	-0.0017256	-0.0013609	-0.0011105	-0.0007205	-0.0002879	+0.0000954	+0.0004803	+0.0008587	+0.0012775	+0.0016009	+0.0017890	+0.0019861	+0.0025069	+0.0027255	+0.0027866
2011-12	0.003	-0.0028989	-0.0028602	-0.0027434	-0.0026026	-0.0022026	-0.0019895	-0.0016961	-0.0012944	-0.0008253	-0.0005260	-0.0000454	+0.0003446	+0.0006967	+0.0011288	+0.0015087	+0.0016660	+0.0019739	+0.0022739	+0.0024016	+0.0025516	+0.0026792
2012-01	0.016	-0.0025794	-0.0021639	-0.0020418	-0.0019833	-0.0016099	-0.0013803	-0.0011706	-0.0008008	-0.0005624	-0.0002541	+0.0000273	+0.0002312	+0.0005255	+0.0007056	+0.0008007	+0.0009266	+0.0009863	+0.0010816	+0.0011103	+0.0011593	+0.0011834
2012-02	0.075	-0.0007497	-0.0007479	-0.0007412	-0.0006566	-0.0006428	-0.0005493	-0.0004404	-0.0003218	-0.0001582	+0.0000181	+0.0002550	+0.0004573	+0.0006143	+0.0008037	+0.0009569	+0.0011495	+0.0012770	+0.0015021	+0.0015608	+0.0016116	+0.0016703
2012-03	0.013	-0.0004025	-0.0003710	-0.0002428	-0.0001808	+0.0001183	+0.0011050	+0.0016890	+0.0018223	+0.0020193	+0.0022355	+0.0025118	+0.0027685	+0.0029749	+0.0031879	+0.0033636	+0.0035598	+0.0038572	+0.0040100	+0.0040793	+0.0042426	+0.0042607
2012-04	-0.018	-0.0019594	-0.0017306	-0.0016758	-0.0013059	-0.0007862	+0.0003924	+0.0012474	+0.0015489	+0.0018381	+0.0021819	+0.0024650	+0.0027241	+0.0030118	+0.0032323	+0.0035060	+0.0037125	+0.0038758	+0.0039730	+0.0040814	+0.0041914	+0.0042426
2012-05	-0.067	-0.0021788	-0.0021508	-0.0021085	-0.0019802	-0.0018504	-0.0017786	-0.0016368	-0.0014661	-0.0012656	-0.0009533	-0.0005917	-0.0002454	+0.0000367	+0.0002612	+0.0005592	+0.0008816	+0.0011431	+0.0013863	+0.0016151	+0.0016703	+0.0017087
2012-06	0.028	-0.0037434	-0.0036890	-0.0035259	-0.0034550	-0.0032691	-0.0031771	-0.0029611	-0.0027590	-0.0025176	-0.0022599	-0.0020032	-0.0017608	-0.0014661	-0.0011458	-0.0008169	-0.0000059	+0.0006501	+0.0012561	+0.0013163	+0.0015152	+0.0016823
2012-07	-0.010	-0.0030875	-0.0030745	-0.0029449	-0.0028576	-0.0027157	-0.0024426	-0.0020318	-0.0015281	-0.0011132	-0.0007170	-0.0002991	+0.0001369	+0.0006794	+0.0010606	+0.0013948	+0.0016659	+0.0019059	+0.0021382	+0.0022648	+0.0023441	+0.0025901
2012-08	0.004	-0.0026056	-0.0024272	-0.0022585	-0.0020915	-0.0019131	-0.0016053	-0.0012915	-0.0009576	-0.0005628	-0.0001859	+0.0001691	+0.0005698	+0.0009369	+0.0012590	+0.0014862	+0.0018052	+0.0019598	+0.0021198	+0.0021324	+0.0022732	+0.0022851
2012-09	0.014	-0.0023867	-0.0022083	-0.0020125	-0.0017837	-0.0015172	-0.0013258	-0.0010206	-0.0007473	-0.0004523	-0.0001307	+0.0001618	+0.0005122	+0.0006965	+0.0009723	+0.0011978	+0.0012937	+0.0014786	+0.0017078	+0.0017837	+0.0018580	+0.0019266
2012-10	0.017	-0.0005798	-0.0005705	-0.0005128	-0.0004836	-0.0004360	-0.0003747	-0.0003054	-0.0001553	+0.0000286	+0.0002536	+0.0003502	+0.0004890	+0.0006393	+0.0008911	+0.0010139	+0.0010977	+0.0011708	+0.0012132	+0.0012466	+0.0013089	+0.0013550
2012-11	0.042	-0.0009230	-0.0008826	-0.0008167	-0.0006494	-0.0003930	-0.0002604	-0.0000904	+0.0000522	+0.0001918	+0.0004151	+0.0007011	+0.0008616	+0.0010003	+0.0011179	+0.0011946	+0.0012336	+0.0013035	+0.0013287	+0.0013542	+0.0013980	+0.0014059
2012-12	0.063	-0.0009558	-0.0008360	-0.0006353	-0.0005304	-0.0002729	-0.0000428	+0.0001860	+0.0003867	+0.0006558	+0.0009133	+0.0012084	+0.0014709	+0.0016748	+0.0018615	+0.0019784	+0.0021317	+0.0021899	+0.0023371	+0.0024020	+0.0024522	+0.0024619
2013-01	0.062	-0.0005671	-0.0005519	-0.0003328	-0.0002328	+0.0000067	+0.0005755	+0.0020715	+0.0021986	+0.0024076	+0.0025240	+0.0027144	+0.0028344	+0.0030264	+0.0031466	+0.0033177	+0.0034055	+0.0035728	+0.0036225	+0.0037164	+0.0038042	+0.0039243
2013-02	0.009	-0.0008621	-0.0008435	-0.0006057	-0.0005881	-0.0002979	+0.0001359	+0.0030504	+0.0033452	+0.0035774	+0.0038300	+0.0039908	+0.0042213	+0.0043832	+0.0045210	+0.0046736	+0.0047985	+0.0049140	+0.0049593	+0.0050797	+0.0052052	+0.0052391
2013-03	0.031	-0.0024313	-0.0024152	-0.0017334	-0.0014572	-0.0012017	-0.0006002	+0.0003738	+0.0009801	+0.0014307	+0.0019542	+0.0023250	+0.0026173	+0.0029032	+0.0031328	+0.0032841	+0.0034459	+0.0035501	+0.0036950	+0.0037527	+0.0038829	+0.0039039
2013-04	0.076	-0.0012146	-0.0010784	-0.0007309	-0.0006599	-0.0005738	-0.0002052	+0.0000124	+0.0002787	+0.0006421	+0.0008543	+0.0011877	+0.0015753	+0.0017986	+0.0021073	+0.0022572	+0.0024240	+0.0025396	+0.0026400	+0.0028283	+0.0028487	+0.0030574
2013-05	-0.003	-0.0031629	-0.0024895	-0.0019489	-0.0018121	-0.0009386	-0.0002652	+0.0003533	+0.0011355	+0.0017068	+0.0023540	+0.0029122	+0.0034362	+0.0038921	+0.0043173	+0.0047169	+0.0050277	+0.0052958	+0.0054525	+0.0056976	+0.0058649	+0.0059968
2013-06	-0.035	-0.0038305	-0.0033922	-0.0032933	-0.0029025	-0.0022019	-0.0004915	+0.0001208	+0.0006047	+0.0009888	+0.0014142	+0.0018435	+0.0023892	+0.0029215	+0.0033939	+0.0038622	+0.0043389	+0.0045818	+0.0049362	+0.0054525	+0.0058525	+0.0059968
2013-07	0.000	-0.0064145	-0.0060391	-0.0058438	-0.0055178	-0.0052259	-0.0050306	-0.0046533	-0.0042149	-0.0038788	-0.0033707	-0.0029141	-0.0023926	-0.0017851	-0.0013809	-0.0008592	-0.0002144	+0.0000118	+0.0003848	+0.0009855	+0.0013658	+0.0014884
2013-08	-0.012	-0.0024935	-0.0021091	-0.0019535	-0.0016644	-0.0014600	-0.0009541	-0.0005835	-0.0001296	+0.0003087	+0.0007343	+0.0012000	+0.0017083	+0.0021126	+0.0024410	+0.0027005	+0.0029818	+0.0031210	+0.0032816	+0.0034429	+0.0035408	+0.0035823
2013-09	0.038	-0.0025360	-0.0025280	-0.0023660	-0.0023300	-0.0021972	-0.0020621	-0.0018869	-0.0017231	-0.0015382	-0.0013440	-0.0011432	-0.0008804	-0.0006609	-0.0004294	-0.0001605	+0.0001207	+0.0003203	+0.0005022	+0.0007218	+0.0008391	+0.0009967
2013-10	0.018	-0.0017618	-0.0015394	-0.0012828	-0.0011990	-0.0009875	-0.0007085	-0.0004167	-0.0001491	+0.0002258	+0.0005691	+0.0009221	+0.0012902	+0.0016574	+0.0020299	+0.0022678	+0.0025864	+0.0027588	+0.0030470	+0.0030918	+0.0031763	+0.0034949
2013-11	0.026	-0.0011738	-0.0010092	-0.0008775	-0.0008165	-0.0006158	-0.0003372	-0.0002130	-0.0000484	+0.0001447	+0.0002867	+0.0005727	+0.0007632	+0.0010066	+0.0012025	+0.0014652	+0.0016471	+0.0017853	+0.0020621	+0.0021961	+0.0022478	+0.0025651
2013-12	0.023	-0.0001665	-0.0001514	-0.0000760	-0.0000394	+0.0000217	+0.0001475	+0.0003051	+0.0004746	+0.0006327	+0.0007879	+0.0009593	+0.0011402	+0.0013120	+0.0014846	+0.0016292	+0.0017362	+0.0018211	+0.0019082	+0.0019938	+0.0020608	+0.0021921
2014-01	-0.025	-0.0006669	-0.0006541	-0.0005036	-0.0003395	-0.0001192	+0.0003569	+0.0005670	+0.0007822	+0.0009334	+0.0011095	+0.0012727	+0.0014689	+0.0016371	+0.0018105	+0.0019833	+0.0020853	+0.0022254	+0.0023834	+0.0024333	+0.0025646	+0.0027834
2014-02	0.002	-0.0016780	-0.0016420	-0.0016030	-0.0014761	-0.0012137	-0.0008393	-0.0004822	-0.0003572	-0.0001404	+0.0000977	+0.0005894	+0.0008680	+0.0010824	+0.0012273	+0.0013523	+0.0014407	+0.0015647	+0.0016589	+0.0017352	+0.0017571	+0.0018496
2014-03	0.012	-0.0029001	-0.0028384	-0.0027053	-0.0026457	-0.0024056	-0.0021966	-0.0020133	-0.0018402	-0.0015292	-0.0011325	-0.0007415	-0.0004253	-0.0000120	+0.0002765	+0.0006126	+0.0009561	+0.0012036	+0.0015057	+0.0017282	+0.0018644	+0.0021416
2014-04	-0.005	-0.0014204	-0.0013993	-0.0012492	-0.0009421	-0.0008595	-0.0007723	-0.0005416	-0.0003143	-0.0002099	+0.0000157	+0.0002552	+0.0003959	+0.0007018	+0.0008503	+0.0009421	+0.0012336	+0.0013509	+0.0014393	+0.0016098	+0.0017642	+0.0017945
2014-05	0.008	-0.0009420	-0.0009281	-0.0007812	-0.0007158	-0.0005880	-0.0004434	-0.0003739	-0.0002398	-0.0001077	+0.0000211	+0.0002162	+0.0003146	+0.0004203	+0.0005300	+0.0006037	+0.0006397	+0.0007190	+0.0008084	+0.0008483	+0.0008897	+0.0009133
2014-06	0.019	-0.0008734	-0.0008244	-0.0007669	-0.0007179	-0.0006479	-0.0005476	-0.0004504	-0.0003287	-0.0002297	-0.0001098	+0.0000210	+0.0001586	+0.0002685	+0.0003756	+0.0004823	+0.0005340	+0.0006238	+0.0006499	+0.0007105	+0.0007856	+0.0008463
2014-07	0.011	-0.0004809	-0.0003048	-0.0002791	-0.0001770	-0.0000744	+0.0002165	+0.0003763	+0.0005204	+0.0006650	+0.0007826	+0.0008797	+0.0010129	+0.0010980	+0.0011941	+0.0012854	+0.0013702	+0.0014480	+0.0014992	+0.0015307	+0.0015904	+0.0016318
2014-08	0.009	-0.0004979	-0.0004911	-0.0004244	-0.0003332	-0.0002336	+0.0000570	+0.0001672	+0.0002586	+0.0003250	+0.0004086	+0.0004981	+0.0005695	+0.0006559	+0.0007245	+0.0007796	+0.0008529	+0.0009150	+0.0009482	+0.0009915	+0.0010430	+0.0010695
2014-09	0.018	-0.0005148	-0.0004343	-0.0003439	-0.0003104	-0.0002637	-0.0001441	-0.0000773	+0.0000232	+0.0000937	+0.0001838	+0.0002585	+0.0003616	+0.0004475	+0.0005562	+0.0006634	+0.0007167	+0.0008123	+0.0008524	+0.0009503	+0.0009717	+0.0010818
2014-10	0.009	-0.0002630	-0.0002500	-0.0002366	-0.0001065	-0.0000006	+0.0003694	+0.0007176	+0.0008324	+0.0009238	+0.0009751	+0.0010800	+0.0011978	+0.0012554	+0.0013616	+0.0014807	+0.0015640	+0.0015811	+0.0016125	+0.0017803	+0.0018587	+0.0018648
2014-11	0.062	-0.0021644	-0.0021534	-0.0021136	-0.0020309	-0.0019106	-0.0017772	-0.0014030	-0.0011443	-0.0009708	-0.0008062	-0.0004942	-0.0001475	+0.0000624	+0.0002930	+0.0004722	+0.0006488	+0.0007243	+0.0008189	+0.0010127	+0.0010535	+0.0010815
2014-12	0.007	-0.0013527	-0.0011952	-0.0010810	-0.0004906	-0.0001177	+0.0005015	+0.0010083	+0.0015777	+0.0020462	+0.0024519	+0.0031672	+0.0040121	+0.0045091	+0.0047139	+0.0048529	+0.0049135	+0.0049708	+0.0050286	+0.0050632	+0.0051019	+0.0051172
2015-01	-0.018	-0.0019890	-0.0019517	-0.0018149	-0.0016793	-0.0010287	-0.0004562	-0.0002773	-0.0000706	+0.0001883	+0.0006358	+0.0010215	+0.0013057	+0.0014835	+0.0018050	+0.0022546	+0.0024423	+0.0026101	+0.0027568	+0.0027704	+0.0027796	+0.0027847
2015-02	0.001	-0.0013286	-0.0012512	-0.0012259	-0.0011425	-0.0010368	-0.0009534	-0.0008545	-0.0007687	-0.0006505	-0.0005161	-0.0004048	-0.0002797	-0.0001522	-0.0000613	+0.0000367	+0.0001354	+0.0002101	+0.0002837	+0.0003484	+0.0004079	+0.0004289
