2011-03	-0.072	-0.0011128	-0.0010503	-0.0008285	-0.0006847	-0.0004730	-0.0003293	-0.0001350	+0.0001599	+0.0004214	+0.0007247	+0.0010093	+0.0014156	+0.0016221	+0.0018656	+0.0021579	+0.0024789	+0.0026841	+0.0027921	+0.0029085	+0.0030058	+0.0030385
2011-04	-0.013	-0.0098001	-0.0096125	-0.0094972	-0.0085568	-0.0082540	-0.0078802	-0.0071759	-0.0063809	-0.0054736	-0.0043902	-0.0034715	-0.0027583	-0.0017865	-0.0006191	-0.0000248	+0.0005501	+0.0011054	+0.0100000	+0.0100000	+0.0100000	+0.0100000
2011-05	-0.001	-0.0068143	-0.0066864	-0.0061779	-0.0056767	-0.0053868	-0.0047613	-0.0041634	-0.0037295	-0.0029471	-0.0023140	-0.0013873	-0.0006494	+0.0001921	+0.0011990	+0.0019378	+0.0029941	+0.0034177	+0.0040459	+0.0046736	+0.0055842	+0.0056451
2011-06	0.000	-0.0019093	-0.0018167	-0.0016743	-0.0015181	-0.0012717	-0.0011232	-0.0008882	-0.0006985	-0.0004635	-0.0001317	+0.0001732	+0.0004280	+0.0006887	+0.0009219	+0.0011491	+0.0014076	+0.0015009	+0.0016407	+0.0018028	+0.0021031	+0.0021733
2011-07	0.007	-0.0018193	-0.0017753	-0.0017149	-0.0015340	-0.0014652	-0.0013797	-0.0012090	-0.0010547	-0.0008750	-0.0006429	-0.0004664	-0.0002318	-0.0000066	+0.0002265	+0.0004681	+0.0006912	+0.0008963	+0.0010860	+0.0013354	+0.0014802	+0.0016147
2011-08	-0.036	-0.0013725	-0.0012339	-0.0009760	-0.0008022	-0.0004920	-0.0001545	+0.0002227	+0.0005460	+0.0008725	+0.0012114	+0.0016485	+0.0020857	+0.0024441	+0.0026442	+0.0028869	+0.0030283	+0.0032090	+0.0033203	+0.0034614	+0.0036055	+0.0037492
2011-09	0.010	-0.0056009	-0.0054369	-0.0053700	-0.0051701	-0.0050319	-0.0049029	-0.0047055	-0.0044435	-0.0041260	-0.0031253	-0.0026623	-0.0021015	-0.0014007	-0.0009642	-0.0003996	+0.0002282	+0.0006722	+0.0010775	+0.0013738	+0.0016958	+0.0023011
2011-10	-0.035	-0.0050875	-0.0048132	-0.0042001	-0.0037103	-0.0032227	-0.0027421	-0.0022492	-0.0017320	-0.0011893	-0.0004453	+0.0001883	+0.0007178	+0.0011408	+0.0014521	+0.0018417	+0.0020879	+0.0024224	+0.0026890	+0.0028624	+0.0032688	+0.0033625
2011-11	-0.036	-0.0022558	-0.0021199	-0.0021174	-0.0019477	-0.0017443	-0.0015906	-0.0013535	-0.0011645	-0.0008818	-0.0006484	-0.0003576	-0.0000864	+0.0001743	+0.0004462	+0.0006358	+0.0009471	+0.0011264	+0.0012810	+0.0014356	+0.0017277	+0.0018448
2011-12	0.006	-0.0037111	-0.0036643	-0.0036053	-0.0033583	-0.0032090	-0.0030163	-0.0028708	-0.0026108	-0.0024064	-0.0021911	-0.0018842	-0.0016756	-0.0014636	-0.0011792	-0.0009122	-0.0003971	+0.0002173	+0.0006129	+0.0007395	+0.0007673	+0.0009297
2012-01	0.024	-0.0031955	-0.0026441	-0.0025399	-0.0024064	-0.0021257	-0.0018163	-0.0014900	-0.0011764	-0.0008150	-0.0005609	-0.0001568	+0.0000793	+0.0003422	+0.0005949	+0.0007473	+0.0009660	+0.0010506	+0.0010856	+0.0011115	+0.0011522	+0.0011781
2012-02	0.067	-0.0011012	-0.0010587	-0.0009847	-0.0008256	-0.0007091	-0.0005609	-0.0003987	-0.0001852	+0.0000286	+0.0002523	+0.0004738	+0.0007085	+0.0009510	+0.0011300	+0.0013140	+0.0015473	+0.0016933	+0.0017776	+0.0018620	+0.0019680	+0.0020039
2012-03	0.040	-0.0001513	+0.0000215	+0.0000393	+0.0001753	+0.0005493	+0.0012334	+0.0015644	+0.0017700	+0.0019931	+0.0022297	+0.0024483	+0.0027295	+0.0029673	+0.0031848	+0.0034126	+0.0035141	+0.0038330	+0.0040401	+0.0041532	+0.0042330	+0.0042895
2012-04	-0.035	-0.0013835	-0.0012596	-0.0010900	-0.0008466	-0.0005946	+0.0014838	+0.0022143	+0.0024758	+0.0026868	+0.0028707	+0.0030910	+0.0032735	+0.0034398	+0.0035905	+0.0037282	+0.0038443	+0.0039393	+0.0040352	+0.0041012	+0.0041793	+0.0042330
2012-05	-0.103	-0.0029385	-0.0027699	-0.0026719	-0.0024927	-0.0023587	-0.0022483	-0.0020620	-0.0018324	-0.0015848	-0.0012673	-0.0005467	+0.0002170	+0.0006326	+0.0009172	+0.0012270	+0.0018755	+0.0025859	+0.0030408	+0.0032115	+0.0033090	+0.0034039
2012-06	0.055	-0.0068082	-0.0066841	-0.0066272	-0.0065032	-0.0063324	-0.0061439	-0.0058136	-0.0052909	-0.0048839	-0.0042882	-0.0037772	-0.0033471	-0.0026149	-0.0020923	-0.0013733	-0.0004742	+0.0006595	+0.0014554	+0.0021654	+0.0024770	+0.0026441
2012-07	-0.037	-0.0057678	-0.0054296	-0.0051688	-0.0049935	-0.0046283	-0.0041922	-0.0034251	-0.0027420	-0.0019756	-0.0013046	-0.0005662	+0.0002271	+0.0011331	+0.0017128	+0.0023511	+0.0028336	+0.0031056	+0.0037131	+0.0043377	+0.0046073	+0.0046414
2012-08	-0.012	-0.0047509	-0.0047434	-0.0045175	-0.0043091	-0.0039346	-0.0032837	-0.0026499	-0.0019104	-0.0010129	-0.0004781	+0.0001331	+0.0011291	+0.0017517	+0.0025849	+0.0031792	+0.0034598	+0.0035971	+0.0038541	+0.0039184	+0.0040454	+0.0040823
2012-09	0.017	-0.0045956	-0.0043764	-0.0039421	-0.0037082	-0.0033104	-0.0026678	-0.0022689	-0.0016669	-0.0011950	-0.0005717	-0.0000081	+0.0006600	+0.0011553	+0.0016414	+0.0019420	+0.0022345	+0.0025252	+0.0027793	+0.0029845	+0.0030197	+0.0033405
2012-10	-0.004	-0.0028073	-0.0027803	-0.0026000	-0.0025105	-0.0024057	-0.0021882	-0.0019216	-0.0014452	-0.0010849	-0.0006828	-0.0003104	+0.0000609	+0.0005304	+0.0009507	+0.0012650	+0.0014932	+0.0017595	+0.0019049	+0.0020093	+0.0021123	+0.0021584
2012-11	0.045	-0.0026072	-0.0025763	-0.0020644	-0.0017601	-0.0015302	-0.0012213	-0.0010281	-0.0007721	-0.0003711	-0.0000058	+0.0003388	+0.0005975	+0.0008432	+0.0010606	+0.0012620	+0.0013807	+0.0015501	+0.0016848	+0.0017995	+0.0019383	+0.0019510
2012-12	0.083	-0.0027698	-0.0026048	-0.0023622	-0.0018704	-0.0016854	-0.0012346	-0.0009251	-0.0005686	-0.0002039	+0.0002021	+0.0007337	+0.0011150	+0.0014424	+0.0017019	+0.0018849	+0.0020702	+0.0021909	+0.0023272	+0.0023829	+0.0024333	+0.0024987
2013-01	0.109	-0.0004479	-0.0003927	-0.0002137	-0.0001049	+0.0003985	+0.0013947	+0.0021559	+0.0024169	+0.0027129	+0.0030938	+0.0033623	+0.0036470	+0.0038679	+0.0042072	+0.0044093	+0.0046832	+0.0047911	+0.0049653	+0.0051353	+0.0052429	+0.0052636
2013-02	0.021	-0.0012900	-0.0012305	-0.0009771	-0.0007427	-0.0005418	+0.0001979	+0.0045501	+0.0049436	+0.0052011	+0.0055093	+0.0057682	+0.0060758	+0.0063034	+0.0065622	+0.0067113	+0.0069858	+0.0071567	+0.0073520	+0.0074054	+0.0075796	+0.0076087
2013-03	0.061	-0.0029588	-0.0029158	-0.0025563	-0.0016329	-0.0012674	-0.0004116	+0.0011954	+0.0017534	+0.0025292	+0.0030911	+0.0037142	+0.0041012	+0.0046376	+0.0049706	+0.0052385	+0.0055369	+0.0057776	+0.0060478	+0.0062068	+0.0063457	+0.0064934
2013-04	0.139	-0.0012094	-0.0009351	-0.0009233	-0.0003967	-0.0000202	+0.0005979	+0.0009485	+0.0013907	+0.0021635	+0.0025324	+0.0030058	+0.0035568	+0.0039908	+0.0042858	+0.0047636	+0.0048660	+0.0050448	+0.0052683	+0.0055732	+0.0057783	+0.0057966
2013-05	-0.052	-0.0047202	-0.0037776	-0.0027723	-0.0023447	-0.0011124	-0.0002034	+0.0013271	+0.0024847	+0.0034044	+0.0043762	+0.0051566	+0.0059318	+0.0066990	+0.0073314	+0.0080423	+0.0087427	+0.0091575	+0.0094523	+0.0100000	+0.0100000	+0.0100000
2013-06	-0.008	-0.0078490	-0.0077809	-0.0068250	-0.0049106	-0.0043534	-0.0032070	-0.0014426	-0.0001096	+0.0009136	+0.0018460	+0.0034963	+0.0042281	+0.0048893	+0.0059381	+0.0071920	+0.0077492	+0.0081651	+0.0087980	+0.0096656	+0.0100000	+0.0100000
2013-07	0.002	-0.0098256	-0.0097783	-0.0095863	-0.0092819	-0.0089627	-0.0085120	-0.0079574	-0.0072951	-0.0065052	-0.0056060	-0.0046751	-0.0035361	-0.0025304	-0.0015370	+0.0002906	+0.0022742	+0.0044662	+0.0100000	+0.0100000	+0.0100000	+0.0100000
2013-08	-0.028	-0.0033425	-0.0030866	-0.0027371	-0.0023327	-0.0016881	-0.0008320	-0.0000417	+0.0006792	+0.0013054	+0.0020924	+0.0030181	+0.0040836	+0.0047068	+0.0052703	+0.0055755	+0.0059495	+0.0061744	+0.0065382	+0.0066185	+0.0068246	+0.0070977
2013-09	0.076	-0.0041365	-0.0040766	-0.0038552	-0.0034949	-0.0032692	-0.0030710	-0.0028898	-0.0026130	-0.0022671	-0.0019440	-0.0015057	-0.0011126	-0.0007332	-0.0003345	+0.0000108	+0.0004231	+0.0006695	+0.0009728	+0.0012475	+0.0016418	+0.0017421
2013-10	-0.007	-0.0041436	-0.0038552	-0.0033595	-0.0031710	-0.0027751	-0.0022214	-0.0016847	-0.0010323	-0.0003138	+0.0004099	+0.0011030	+0.0018186	+0.0025432	+0.0031650	+0.0037791	+0.0042171	+0.0046242	+0.0049310	+0.0053574	+0.0056007	+0.0058241
2013-11	0.052	-0.0023239	-0.0022191	-0.0019361	-0.0017547	-0.0015443	-0.0011136	-0.0008835	-0.0006142	-0.0002982	+0.0000283	+0.0004923	+0.0008691	+0.0012830	+0.0018409	+0.0022802	+0.0028203	+0.0031096	+0.0035330	+0.0040322	+0.0042348	+0.0044703
2013-12	0.038	-0.0015810	-0.0014842	-0.0013127	-0.0011541	-0.0009477	-0.0007347	-0.0003892	+0.0000538	+0.0004078	+0.0008269	+0.0012879	+0.0016611	+0.0020992	+0.0025832	+0.0028319	+0.0031468	+0.0033896	+0.0036153	+0.0038678	+0.0039058	+0.0040035
2014-01	-0.066	-0.0018430	-0.0015637	-0.0013711	-0.0011226	-0.0008702	-0.0006329	-0.0002635	+0.0000876	+0.0003648	+0.0007792	+0.0013823	+0.0018672	+0.0023309	+0.0025314	+0.0029796	+0.0036918	+0.0040330	+0.0041018	+0.0041494	+0.0042125	+0.0042505
2014-02	-0.027	-0.0039126	-0.0038952	-0.0036674	-0.0031942	-0.0027003	-0.0019269	-0.0011907	-0.0006967	-0.0002190	+0.0003261	+0.0012195	+0.0021436	+0.0025933	+0.0029031	+0.0030977	+0.0033379	+0.0034767	+0.0035875	+0.0036932	+0.0038318	+0.0039346
2014-03	-0.014	-0.0077822	-0.0076562	-0.0073086	-0.0072346	-0.0068182	-0.0064117	-0.0059598	-0.0056278	-0.0049648	-0.0042638	-0.0035823	-0.0026344	-0.0017671	-0.0007667	+0.0001574	+0.0009215	+0.0021838	+0.0028355	+0.0030836	+0.0039978	+0.0046487
2014-04	-0.022	-0.0038414	-0.0036468	-0.0035308	-0.0033323	-0.0032126	-0.0027735	-0.0024818	-0.0021829	-0.0017613	-0.0013316	-0.0009229	-0.0004491	+0.0000213	+0.0003955	+0.0008333	+0.0011053	+0.0015092	+0.0017561	+0.0019951	+0.0023754	+0.0024198
2014-05	0.027	-0.0020758	-0.0020351	-0.0020081	-0.0019535	-0.0019121	-0.0018062	-0.0017230	-0.0016451	-0.0015593	-0.0014027	-0.0012258	-0.0009472	-0.0007732	-0.0005975	-0.0003315	-0.0000890	+0.0000460	+0.0001774	+0.0004314	+0.0006383	+0.0007641
2014-06	0.059	-0.0016712	-0.0015148	-0.0014845	-0.0013159	-0.0012731	-0.0011131	-0.0008576	-0.0005182	-0.0002016	+0.0000843	+0.0004019	+0.0006839	+0.0010232	+0.0013733	+0.0015689	+0.0017062	+0.0019443	+0.0021365	+0.0022339	+0.0023287	+0.0023345
2014-07	0.030	-0.0009238	-0.0004254	-0.0002732	-0.0001226	+0.0003374	+0.0008214	+0.0015226	+0.0020027	+0.0023355	+0.0026512	+0.0029253	+0.0031893	+0.0034321	+0.0036344	+0.0038776	+0.0040219	+0.0042450	+0.0043561	+0.0043865	+0.0045673	+0.0045707
2014-08	-0.004	-0.0014598	-0.0014510	-0.0013731	-0.0010128	-0.0007106	+0.0001895	+0.0005210	+0.0007904	+0.0010269	+0.0012511	+0.0014515	+0.0016276	+0.0018279	+0.0020027	+0.0021365	+0.0022865	+0.0023851	+0.0025672	+0.0026120	+0.0026790	+0.0027975
2014-09	0.039	-0.0009267	-0.0009047	-0.0008141	-0.0005982	-0.0004642	-0.0003292	-0.0001981	-0.0000791	+0.0001290	+0.0003874	+0.0005795	+0.0007471	+0.0009330	+0.0011578	+0.0013336	+0.0014276	+0.0015491	+0.0015997	+0.0017355	+0.0017458	+0.0017537
2014-10	-0.010	-0.0001685	-0.0000742	+0.0000811	+0.0002045	+0.0004400	+0.0006276	+0.0008666	+0.0010658	+0.0012321	+0.0013698	+0.0015697	+0.0016627	+0.0018167	+0.0019582	+0.0021250	+0.0021752	+0.0022873	+0.0024080	+0.0026183	+0.0026424	+0.0026574
2014-11	0.041	-0.0056576	-0.0055854	-0.0052725	-0.0051467	-0.0048493	-0.0043959	-0.0039096	-0.0032463	-0.0027505	-0.0021135	-0.0014534	-0.0009235	-0.0002077	+0.0002927	+0.0006788	+0.0010643	+0.0015328	+0.0018327	+0.0019759	+0.0021121	+0.0022552
2014-12	-0.002	-0.0024876	-0.0022727	-0.0015937	-0.0013599	-0.0010929	-0.0002138	+0.0003585	+0.0010074	+0.0016350	+0.0020563	+0.0030209	+0.0039352	+0.0045667	+0.0048621	+0.0052041	+0.0055967	+0.0058764	+0.0062126	+0.0063425	+0.0064972	+0.0068378
2015-01	-0.002	-0.0022118	-0.0021837	-0.0018022	-0.0016879	-0.0014806	-0.0011296	-0.0008846	-0.0004950	-0.0002349	+0.0002131	+0.0005629	+0.0009296	+0.0013002	+0.0015243	+0.0018904	+0.0021672	+0.0023376	+0.0024761	+0.0025483	+0.0025810	+0.0027658
2015-02	-0.005	-0.0023005	-0.0022837	-0.0021994	-0.0019235	-0.0017996	-0.0016396	-0.0014998	-0.0012978	-0.0011015	-0.0008426	-0.0006473	-0.0003254	-0.0000376	+0.0001716	+0.0004509	+0.0007116	+0.0008902	+0.0010527	+0.0012392	+0.0015382	+0.0016098
