2011-03	-0.017	-0.0005314	-0.0004895	-0.0004606	-0.0003789	-0.0002203	-0.0001495	-0.0000755	+0.0000661	+0.0002109	+0.0003708	+0.0004993	+0.0006778	+0.0008219	+0.0009380	+0.0010556	+0.0012043	+0.0013597	+0.0014040	+0.0014476	+0.0015042	+0.0015197
2011-04	0.002	-0.0050404	-0.0046065	-0.0044228	-0.0041245	-0.0038068	-0.0034090	-0.0030852	-0.0026793	-0.0022810	-0.0018668	-0.0014500	-0.0010321	-0.0007464	-0.0004248	-0.0000401	+0.0001893	+0.0002951	+0.0004718	+0.0005212	+0.0005635	+0.0007174
2011-05	-0.010	-0.0026093	-0.0025611	-0.0022751	-0.0020173	-0.0018263	-0.0015913	-0.0013573	-0.0010801	-0.0007608	-0.0004037	-0.0000535	+0.0002971	+0.0006718	+0.0010932	+0.0014783	+0.0017580	+0.0021032	+0.0022472	+0.0025785	+0.0026893	+0.0031311
2011-06	-0.002	-0.0010655	-0.0009077	-0.0008760	-0.0008561	-0.0007004	-0.0006666	-0.0005957	-0.0004829	-0.0004100	-0.0002937	-0.0002140	-0.0001127	-0.0000442	+0.0000472	+0.0000964	+0.0001704	+0.0002441	+0.0002685	+0.0002969	+0.0003588	+0.0003594
2011-07	-0.007	-0.0012439	-0.0012374	-0.0012268	-0.0011146	-0.0010401	-0.0009811	-0.0009291	-0.0008381	-0.0007259	-0.0006359	-0.0005282	-0.0003829	-0.0002209	-0.0000502	+0.0001157	+0.0003808	+0.0005790	+0.0006648	+0.0008414	+0.0010100	+0.0011641
2011-08	-0.047	-0.0010558	-0.0010332	-0.0008524	-0.0007521	-0.0005790	-0.0004225	-0.0002674	-0.0000899	+0.0001136	+0.0003406	+0.0005462	+0.0007549	+0.0009247	+0.0010894	+0.0012764	+0.0013492	+0.0015214	+0.0016036	+0.0017381	+0.0017725	+0.0017765
2011-09	-0.014	-0.0043542	-0.0042982	-0.0042408	-0.0041855	-0.0040681	-0.0039783	-0.0038226	-0.0036348	-0.0032325	-0.0027583	-0.0024175	-0.0020817	-0.0016965	-0.0011643	-0.0006252	-0.0002021	+0.0002048	+0.0009196	+0.0014590	+0.0014803	+0.0019133
2011-10	0.022	-0.0039373	-0.0037242	-0.0034654	-0.0032245	-0.0028233	-0.0026210	-0.0023236	-0.0019965	-0.0016259	-0.0012582	-0.0008943	-0.0005872	-0.0003124	-0.0000908	+0.0000668	+0.0003894	+0.0014559	+0.0019247	+0.0021021	+0.0023137	+0.0023782
2011-11	-0.031	-0.0018932	-0.0017788	-0.0015906	-0.0012374	-0.0010980	-0.0009108	-0.0007415	-0.0005068	-0.0001703	+0.0000725	+0.0003304	+0.0005619	+0.0008600	+0.0011916	+0.0013689	+0.0015857	+0.0018276	+0.0019900	+0.0022649	+0.0023667	+0.0024884
2011-12	0.004	-0.0027198	-0.0025082	-0.0023485	-0.0022041	-0.0019925	-0.0017119	-0.0014963	-0.0011812	-0.0009097	-0.0005713	-0.0002264	+0.0001253	+0.0004359	+0.0007626	+0.0011228	+0.0013171	+0.0016198	+0.0018658	+0.0020190	+0.0022649	+0.0024884
2012-01	0.017	-0.0021119	-0.0018526	-0.0017572	-0.0016153	-0.0013607	-0.0012344	-0.0010492	-0.0007693	-0.0005983	-0.0003760	-0.0001575	+0.0000277	+0.0002438	+0.0003815	+0.0004658	+0.0005572	+0.0006063	+0.0006493	+0.0006595	+0.0007070	+0.0007128
2012-02	0.062	-0.0009066	-0.0008668	-0.0008310	-0.0007912	-0.0006920	-0.0005913	-0.0004285	-0.0001979	-0.0000424	+0.0001615	+0.0003323	+0.0005451	+0.0007680	+0.0009288	+0.0011209	+0.0012206	+0.0013517	+0.0014051	+0.0015102	+0.0015374	+0.0015963
2012-03	0.014	-0.0004683	-0.0003899	-0.0003118	-0.0002133	+0.0001202	+0.0008109	+0.0013518	+0.0015243	+0.0017252	+0.0019304	+0.0021846	+0.0023530	+0.0025361	+0.0027195	+0.0028998	+0.0030947	+0.0032571	+0.0033556	+0.0034105	+0.0035357	+0.0035537
2012-04	-0.023	-0.0014410	-0.0012093	-0.0011371	-0.0010453	-0.0007074	+0.0005428	+0.0011473	+0.0013737	+0.0015586	+0.0017311	+0.0019304	+0.0021417	+0.0023635	+0.0025447	+0.0026884	+0.0028581	+0.0030341	+0.0032046	+0.0033119	+0.0034102	+0.0035357
2012-05	-0.060	-0.0023087	-0.0022364	-0.0021737	-0.0021059	-0.0019987	-0.0018874	-0.0017923	-0.0016706	-0.0014544	-0.0010452	-0.0006153	-0.0002536	-0.0000342	+0.0002051	+0.0005402	+0.0009461	+0.0011973	+0.0015012	+0.0016122	+0.0016694	+0.0017612
2012-06	0.022	-0.0038296	-0.0038172	-0.0037321	-0.0036326	-0.0034972	-0.0033536	-0.0031095	-0.0029422	-0.0026726	-0.0024565	-0.0021875	-0.0019029	-0.0015833	-0.0013740	-0.0010384	+0.0000143	+0.0007801	+0.0011674	+0.0011900	+0.0014278	+0.0015739
2012-07	-0.008	-0.0032294	-0.0031053	-0.0029108	-0.0028077	-0.0026836	-0.0023726	-0.0019387	-0.0014466	-0.0010861	-0.0007669	-0.0003476	+0.0001972	+0.0006654	+0.0009590	+0.0011952	+0.0014619	+0.0016738	+0.0018872	+0.0021419	+0.0023598	+0.0023882
2012-08	0.002	-0.0021647	-0.0021605	-0.0020464	-0.0018066	-0.0016474	-0.0013733	-0.0011042	-0.0008089	-0.0003801	-0.0001425	+0.0001701	+0.0005844	+0.0008796	+0.0011370	+0.0014997	+0.0016750	+0.0017557	+0.0018252	+0.0018526	+0.0019150	+0.0019821
2012-09	0.010	-0.0020506	-0.0018906	-0.0017421	-0.0015797	-0.0013733	-0.0010682	-0.0008867	-0.0005865	-0.0003401	-0.0000622	+0.0002682	+0.0005146	+0.0008053	+0.0009963	+0.0012163	+0.0013476	+0.0015322	+0.0016667	+0.0017580	+0.0018457	+0.0019641
2012-10	0.005	-0.0007733	-0.0007344	-0.0007030	-0.0006641	-0.0006229	-0.0005546	-0.0004456	-0.0002578	-0.0000618	+0.0000807	+0.0002237	+0.0003882	+0.0005802	+0.0007616	+0.0008894	+0.0010101	+0.0010770	+0.0011600	+0.0012146	+0.0012814	+0.0013099
2012-11	0.029	-0.0012315	-0.0011862	-0.0010084	-0.0008408	-0.0007561	-0.0006177	-0.0004815	-0.0003178	-0.0001486	+0.0000263	+0.0002350	+0.0003585	+0.0004968	+0.0006193	+0.0006992	+0.0007593	+0.0008154	+0.0008415	+0.0008920	+0.0008996	+0.0009474
2012-12	0.045	-0.0012264	-0.0011598	-0.0010600	-0.0007818	-0.0007162	-0.0005545	-0.0002931	-0.0001389	+0.0001222	+0.0003076	+0.0005636	+0.0007751	+0.0009797	+0.0011456	+0.0013074	+0.0013813	+0.0014993	+0.0016103	+0.0016577	+0.0017104	+0.0017168
2013-01	0.055	-0.0004488	-0.0003632	-0.0002341	-0.0001546	+0.0000594	+0.0004596	+0.0014813	+0.0016236	+0.0017856	+0.0019161	+0.0020657	+0.0021928	+0.0023351	+0.0024324	+0.0025414	+0.0026613	+0.0027733	+0.0028093	+0.0028615	+0.0030083	+0.0030534
2013-02	0.015	-0.0006147	-0.0005320	-0.0004798	-0.0002596	-0.0001201	+0.0000896	+0.0024378	+0.0026397	+0.0028249	+0.0029673	+0.0031212	+0.0032766	+0.0033467	+0.0034758	+0.0035641	+0.0036747	+0.0037632	+0.0038117	+0.0039112	+0.0039621	+0.0039718
2013-03	0.034	-0.0017140	-0.0015097	-0.0012871	-0.0009999	-0.0007696	-0.0003592	+0.0007307	+0.0011985	+0.0014956	+0.0018555	+0.0020889	+0.0023342	+0.0025304	+0.0026461	+0.0028077	+0.0029089	+0.0030350	+0.0031660	+0.0032138	+0.0032491	+0.0032720
2013-04	0.058	-0.0009297	-0.0007198	-0.0006497	-0.0003759	-0.0000386	+0.0001327	+0.0004537	+0.0007442	+0.0011041	+0.0013662	+0.0016067	+0.0018802	+0.0020829	+0.0023203	+0.0024815	+0.0025760	+0.0026903	+0.0028434	+0.0029288	+0.0030462	+0.0030522
2013-05	-0.003	-0.0025296	-0.0020015	-0.0014385	-0.0012754	-0.0009257	-0.0002980	+0.0006141	+0.0010223	+0.0015491	+0.0019506	+0.0023086	+0.0026767	+0.0029463	+0.0032796	+0.0035484	+0.0037334	+0.0040415	+0.0042270	+0.0043610	+0.0045177	+0.0046206
2013-06	-0.019	-0.0035218	-0.0029357	-0.0026441	-0.0024789	-0.0017632	-0.0006319	-0.0000284	+0.0006527	+0.0010649	+0.0015407	+0.0019123	+0.0023488	+0.0026991	+0.0030749	+0.0033897	+0.0037105	+0.0038802	+0.0042103	+0.0043629	+0.0044639	+0.0046206
2013-07	0.008	-0.0056205	-0.0054910	-0.0051867	-0.0048101	-0.0046529	-0.0044465	-0.0040352	-0.0036962	-0.0033769	-0.0029135	-0.0024833	-0.0019759	-0.0015470	-0.0010163	-0.0006387	-0.0001254	+0.0001484	+0.0006521	+0.0007855	+0.0013716	+0.0016006
2013-08	-0.010	-0.0019195	-0.0017095	-0.0014884	-0.0012682	-0.0009318	-0.0005478	-0.0001492	+0.0002761	+0.0006374	+0.0010985	+0.0015404	+0.0020398	+0.0024709	+0.0028396	+0.0031459	+0.0033358	+0.0035168	+0.0037296	+0.0038277	+0.0038506	+0.0038625
2013-09	0.038	-0.0019965	-0.0019263	-0.0018395	-0.0017932	-0.0017129	-0.0015729	-0.0014117	-0.0012512	-0.0011044	-0.0009382	-0.0007292	-0.0005290	-0.0003092	-0.0001001	+0.0001745	+0.0004332	+0.0007268	+0.0009011	+0.0009497	+0.0012604	+0.0012770
2013-10	0.016	-0.0016655	-0.0014271	-0.0013122	-0.0011643	-0.0009990	-0.0007480	-0.0004631	-0.0001868	+0.0001620	+0.0004910	+0.0008273	+0.0012122	+0.0015310	+0.0018655	+0.0021333	+0.0024224	+0.0026216	+0.0026916	+0.0029442	+0.0030411	+0.0032134
2013-11	0.032	-0.0011677	-0.0010031	-0.0008766	-0.0006770	-0.0005733	-0.0003858	-0.0001785	-0.0000269	+0.0001730	+0.0003865	+0.0006218	+0.0008547	+0.0010635	+0.0013010	+0.0015210	+0.0017177	+0.0018385	+0.0021475	+0.0021811	+0.0022353	+0.0025651
2013-12	0.023	-0.0001315	+0.0000110	+0.0000217	+0.0001104	+0.0001949	+0.0003374	+0.0004841	+0.0006818	+0.0008154	+0.0009694	+0.0011902	+0.0013261	+0.0015210	+0.0016888	+0.0017948	+0.0018946	+0.0020349	+0.0021007	+0.0021671	+0.0022205	+0.0022410
2014-01	-0.027	-0.0010139	-0.0008186	-0.0006479	-0.0004785	-0.0003721	-0.0000371	+0.0001889	+0.0003289	+0.0005504	+0.0007612	+0.0009904	+0.0012662	+0.0014635	+0.0016047	+0.0018120	+0.0020985	+0.0022667	+0.0023409	+0.0024070	+0.0025059	+0.0025463
2014-02	0.005	-0.0016832	-0.0016250	-0.0015710	-0.0013924	-0.0011813	-0.0006830	-0.0004435	-0.0001924	+0.0000515	+0.0003046	+0.0007940	+0.0011111	+0.0013559	+0.0015326	+0.0016778	+0.0018229	+0.0019102	+0.0020229	+0.0020949	+0.0021096	+0.0021596
2014-03	0.001	-0.0030951	-0.0030284	-0.0029524	-0.0027657	-0.0025686	-0.0023219	-0.0021081	-0.0018362	-0.0015588	-0.0011682	-0.0007700	-0.0003495	+0.0000811	+0.0004363	+0.0007361	+0.0011758	+0.0015082	+0.0017208	+0.0019846	+0.0023300	+0.0025640
2014-04	-0.011	-0.0015540	-0.0015092	-0.0014601	-0.0014105	-0.0013155	-0.0011742	-0.0009962	-0.0008527	-0.0006027	-0.0002996	-0.0000156	+0.0002244	+0.0004570	+0.0007784	+0.0010997	+0.0011821	+0.0014787	+0.0016521	+0.0018536	+0.0018637	+0.0020073
2014-05	0.011	-0.0012987	-0.0011384	-0.0010505	-0.0009658	-0.0008902	-0.0007708	-0.0006965	-0.0005433	-0.0004414	-0.0003172	-0.0001630	-0.0000582	+0.0000586	+0.0001831	+0.0002555	+0.0003615	+0.0004139	+0.0004843	+0.0005352	+0.0005830	+0.0005886
2014-06	0.022	-0.0012987	-0.0011384	-0.0010797	-0.0009595	-0.0009081	-0.0007378	-0.0006175	-0.0004764	-0.0003041	-0.0001381	+0.0000213	+0.0001811	+0.0003530	+0.0005003	+0.0006073	+0.0006891	+0.0007676	+0.0008521	+0.0008895	+0.0009125	+0.0009272
2014-07	0.010	-0.0005733	-0.0004009	-0.0002746	-0.0000918	+0.0000237	+0.0003318	+0.0005322	+0.0007664	+0.0009436	+0.0010789	+0.0012248	+0.0013879	+0.0015035	+0.0016255	+0.0017322	+0.0018162	+0.0019261	+0.0019756	+0.0020407	+0.0020819	+0.0021362
2014-08	-0.000	-0.0006565	-0.0006059	-0.0005651	-0.0004860	-0.0003053	-0.0001780	-0.0000762	+0.0000086	+0.0001205	+0.0002380	+0.0003572	+0.0004697	+0.0005732	+0.0006751	+0.0007673	+0.0008568	+0.0009306	+0.0009942	+0.0010358	+0.0010789	+0.0011113
2014-09	0.024	-0.0007027	-0.0006859	-0.0005893	-0.0005398	-0.0004417	-0.0003933	-0.0002863	-0.0001956	-0.0001133	-0.0000250	+0.0000725	+0.0001880	+0.0003159	+0.0004276	+0.0005060	+0.0005789	+0.0006710	+0.0007688	+0.0008580	+0.0009308	+0.0009790
2014-10	-0.002	-0.0001141	-0.0000925	+0.0000113	+0.0000974	+0.0001712	+0.0004404	+0.0007066	+0.0008099	+0.0008941	+0.0009903	+0.0010719	+0.0011617	+0.0012496	+0.0013173	+0.0013732	+0.0014499	+0.0015355	+0.0015552	+0.0016147	+0.0016192	+0.0016261
2014-11	0.047	-0.0034107	-0.0033987	-0.0033137	-0.0031323	-0.0029779	-0.0027463	-0.0022464	-0.0019154	-0.0016140	-0.0012955	-0.0008383	-0.0004669	-0.0001111	+0.0002233	+0.0004997	+0.0006463	+0.0009355	+0.0011273	+0.0012373	+0.0013751	+0.0014165
2014-12	0.003	-0.0012357	-0.0012241	-0.0010475	-0.0008419	-0.0004979	+0.0002703	+0.0007259	+0.0012624	+0.0016238	+0.0018633	+0.0026908	+0.0034224	+0.0039235	+0.0041383	+0.0043438	+0.0044732	+0.0046206	+0.0047731	+0.0048508	+0.0048894	+0.0050915
2015-01	-0.011	-0.0019476	-0.0017046	-0.0015652	-0.0013306	-0.0011740	-0.0008573	-0.0006289	-0.0003042	-0.0000755	+0.0002365	+0.0006290	+0.0009002	+0.0011190	+0.0012452	+0.0017027	+0.0019215	+0.0020387	+0.0020978	+0.0021335	+0.0021985	+0.0022150
2015-02	-0.001	-0.0014890	-0.0014755	-0.0014419	-0.0012080	-0.0011803	-0.0011245	-0.0009680	-0.0008158	-0.0006560	-0.0005101	-0.0003465	-0.0001542	+0.0000062	+0.0001481	+0.0002984	+0.0004275	+0.0005335	+0.0006176	+0.0007331	+0.0007780	+0.0008998
