2012-09	0.028	-0.0015365	-0.0012904	-0.0009203	-0.0007128	-0.0005422	-0.0000966	+0.0002277	+0.0005459	+0.0009232	+0.0013411	+0.0016661	+0.0020004	+0.0023263	+0.0025828	+0.0028431	+0.0030488	+0.0032155	+0.0034567	+0.0035932	+0.0036956	+0.0038086
2012-10	0.037	-0.0014915	-0.0014289	-0.0013624	-0.0013232	-0.0012347	-0.0011379	-0.0009774	-0.0007406	-0.0003041	-0.0000169	+0.0002225	+0.0004430	+0.0007451	+0.0011425	+0.0014250	+0.0015542	+0.0016763	+0.0018056	+0.0018365	+0.0019657	+0.0019784
2012-11	0.046	-0.0012266	-0.0008354	-0.0007043	-0.0005795	-0.0002831	+0.0001139	+0.0007261	+0.0010448	+0.0013289	+0.0015613	+0.0018018	+0.0020132	+0.0021872	+0.0023316	+0.0025100	+0.0026451	+0.0027460	+0.0028169	+0.0028811	+0.0029153	+0.0029621
2012-12	0.071	-0.0015907	-0.0015323	-0.0012495	-0.0006826	-0.0004815	-0.0002744	+0.0002307	+0.0007140	+0.0009618	+0.0012088	+0.0015670	+0.0019133	+0.0020763	+0.0022023	+0.0023042	+0.0023764	+0.0024986	+0.0025131	+0.0025251	+0.0025721	+0.0025728
2013-01	0.093	-0.0007076	-0.0005833	-0.0004996	-0.0001669	+0.0000411	+0.0004602	+0.0025143	+0.0028793	+0.0030770	+0.0032400	+0.0034515	+0.0036535	+0.0038294	+0.0039547	+0.0040897	+0.0041633	+0.0042696	+0.0043451	+0.0043915	+0.0044426	+0.0044812
2013-02	0.016	-0.0010338	-0.0009412	-0.0006059	-0.0004377	-0.0001210	+0.0001521	+0.0037879	+0.0041284	+0.0044450	+0.0046432	+0.0049243	+0.0051552	+0.0053384	+0.0055202	+0.0056238	+0.0057038	+0.0057780	+0.0058559	+0.0059127	+0.0059458	+0.0059912
2013-03	0.033	-0.0031572	-0.0023733	-0.0018381	-0.0011378	-0.0009024	-0.0005930	+0.0010158	+0.0017135	+0.0024271	+0.0030898	+0.0037443	+0.0040991	+0.0043271	+0.0045186	+0.0047281	+0.0049075	+0.0049834	+0.0051111	+0.0051709	+0.0054441	+0.0055043
2013-04	0.073	-0.0016618	-0.0014079	-0.0012347	-0.0008779	-0.0007422	-0.0003668	+0.0000168	+0.0004930	+0.0007881	+0.0011049	+0.0013461	+0.0015859	+0.0018172	+0.0019986	+0.0021795	+0.0023490	+0.0024972	+0.0025931	+0.0026785	+0.0027679	+0.0028053
2013-05	-0.026	-0.0023634	-0.0021857	-0.0016208	-0.0012462	-0.0009684	-0.0005017	-0.0000578	+0.0004909	+0.0010239	+0.0015590	+0.0020801	+0.0025567	+0.0030322	+0.0033857	+0.0037795	+0.0040553	+0.0043546	+0.0046586	+0.0048122	+0.0050251	+0.0053384
2013-06	-0.092	-0.0046226	-0.0043059	-0.0035119	-0.0026143	-0.0021811	-0.0016627	-0.0007751	+0.0001436	+0.0007977	+0.0016582	+0.0024761	+0.0030997	+0.0035850	+0.0039494	+0.0042748	+0.0045205	+0.0047515	+0.0050359	+0.0051994	+0.0053384	+0.0054908
2013-07	0.019	-0.0097282	-0.0096575	-0.0095948	-0.0094802	-0.0092275	-0.0089440	-0.0085207	-0.0080036	-0.0074602	-0.0069482	-0.0062062	-0.0052111	-0.0043840	-0.0035677	-0.0016627	-0.0002586	+0.0023266	+0.0100000	+0.0100000	+0.0100000	+0.0100000
2013-08	-0.023	-0.0069922	-0.0063802	-0.0048795	-0.0038021	-0.0035579	-0.0029235	-0.0023049	-0.0015117	-0.0003677	+0.0007458	+0.0014589	+0.0020120	+0.0024409	+0.0028995	+0.0032177	+0.0036423	+0.0037952	+0.0042889	+0.0044101	+0.0044222	+0.0044360
2013-09	0.038	-0.0023933	-0.0022724	-0.0021644	-0.0020863	-0.0019755	-0.0018304	-0.0016840	-0.0014770	-0.0012872	-0.0010205	-0.0007004	-0.0003923	-0.0000408	+0.0003089	+0.0005579	+0.0007956	+0.0011251	+0.0013784	+0.0015298	+0.0018496	+0.0021849
2013-10	0.045	-0.0018607	-0.0018387	-0.0016439	-0.0012914	-0.0011048	-0.0009793	-0.0006329	-0.0002839	+0.0001733	+0.0005847	+0.0012325	+0.0015188	+0.0020609	+0.0025748	+0.0029517	+0.0031919	+0.0037486	+0.0040602	+0.0041506	+0.0043733	+0.0044845
2013-11	0.008	-0.0016485	-0.0014760	-0.0012537	-0.0010296	-0.0008237	-0.0006819	-0.0003150	-0.0000951	+0.0001839	+0.0005390	+0.0008149	+0.0011742	+0.0013922	+0.0017290	+0.0018942	+0.0022293	+0.0023546	+0.0024691	+0.0025089	+0.0028321	+0.0029319
2013-12	-0.004	-0.0013173	-0.0012045	-0.0010356	-0.0009349	-0.0006487	-0.0003854	-0.0001487	+0.0000620	+0.0002809	+0.0005189	+0.0007973	+0.0010217	+0.0012821	+0.0015103	+0.0017123	+0.0019105	+0.0020697	+0.0022247	+0.0023876	+0.0024942	+0.0025717
2014-01	-0.054	-0.0009318	-0.0009148	-0.0009005	-0.0008422	-0.0008073	-0.0007261	-0.0006147	-0.0004626	-0.0003050	-0.0000747	+0.0001368	+0.0003171	+0.0005195	+0.0006887	+0.0009166	+0.0010633	+0.0012223	+0.0013360	+0.0014684	+0.0014878	+0.0016202
2014-02	0.027	-0.0036003	-0.0034658	-0.0034125	-0.0032343	-0.0029217	-0.0023369	-0.0021773	-0.0020107	-0.0017898	-0.0014560	-0.0008678	-0.0006113	-0.0004472	-0.0002744	-0.0001311	+0.0000267	+0.0001131	+0.0002444	+0.0003372	+0.0004449	+0.0005814
2014-03	0.016	-0.0036333	-0.0035482	-0.0034998	-0.0034018	-0.0033274	-0.0031810	-0.0028034	-0.0020418	-0.0015343	-0.0006838	-0.0004345	+0.0002733	+0.0008201	+0.0015230	+0.0021036	+0.0024035	+0.0025626	+0.0032013	+0.0033098	+0.0034147	+0.0036656
2014-04	0.014	-0.0020024	-0.0019533	-0.0018969	-0.0017329	-0.0011511	-0.0006050	-0.0003444	-0.0001152	+0.0001198	+0.0004505	+0.0007797	+0.0010606	+0.0012617	+0.0015439	+0.0017699	+0.0020507	+0.0022520	+0.0023326	+0.0024577	+0.0026457	+0.0027622
2014-05	0.000	-0.0013930	-0.0012066	-0.0011344	-0.0009363	-0.0003802	-0.0001906	+0.0000234	+0.0002937	+0.0006534	+0.0009676	+0.0011848	+0.0014275	+0.0017445	+0.0020090	+0.0021322	+0.0022893	+0.0023774	+0.0024154	+0.0025036	+0.0025428	+0.0026475
2014-06	0.006	-0.0014894	-0.0013985	-0.0013562	-0.0012931	-0.0012009	-0.0010918	-0.0009729	-0.0008682	-0.0007326	-0.0005926	-0.0004519	-0.0003050	-0.0001602	-0.0000393	+0.0000730	+0.0002177	+0.0002937	+0.0004200	+0.0004923	+0.0005683	+0.0005766
2014-07	0.035	-0.0004060	-0.0003445	-0.0002725	-0.0002290	-0.0000654	+0.0000526	+0.0001600	+0.0002643	+0.0003743	+0.0004697	+0.0005868	+0.0007140	+0.0008749	+0.0010107	+0.0011603	+0.0012250	+0.0013392	+0.0014534	+0.0015567	+0.0016887	+0.0018190
2014-08	0.025	-0.0008053	-0.0007805	-0.0006261	-0.0003973	-0.0002251	-0.0000811	+0.0001245	+0.0003470	+0.0004668	+0.0005696	+0.0007271	+0.0008679	+0.0009711	+0.0010656	+0.0011453	+0.0011987	+0.0012535	+0.0013430	+0.0013705	+0.0013843	+0.0014496
2014-09	-0.007	-0.0003646	-0.0002393	-0.0001812	-0.0000782	+0.0001447	+0.0004187	+0.0005594	+0.0007248	+0.0008558	+0.0010096	+0.0011737	+0.0013396	+0.0015175	+0.0016588	+0.0017809	+0.0019618	+0.0020132	+0.0021888	+0.0022497	+0.0023939	+0.0023999
2014-10	0.010	-0.0021040	-0.0017427	-0.0015491	-0.0013246	-0.0008792	-0.0005443	-0.0002410	+0.0001627	+0.0005466	+0.0010429	+0.0013763	+0.0017405	+0.0021612	+0.0025562	+0.0027858	+0.0029815	+0.0031077	+0.0032197	+0.0033872	+0.0034804	+0.0034898
2014-11	0.060	-0.0031286	-0.0030898	-0.0029205	-0.0027887	-0.0025909	-0.0024217	-0.0022433	-0.0020745	-0.0017447	-0.0015406	-0.0012653	-0.0009652	-0.0007091	-0.0003612	-0.0001945	+0.0000923	+0.0002500	+0.0005634	+0.0006876	+0.0008351	+0.0009144
2014-12	0.007	-0.0014882	-0.0012392	-0.0007681	-0.0004261	-0.0000742	+0.0004204	+0.0008748	+0.0014808	+0.0021567	+0.0025256	+0.0030477	+0.0039108	+0.0043673	+0.0047035	+0.0048885	+0.0050357	+0.0051243	+0.0052069	+0.0052337	+0.0052780	+0.0052964
2015-01	-0.013	-0.0022621	-0.0019080	-0.0017444	-0.0015570	-0.0013558	-0.0011734	-0.0009184	-0.0005717	-0.0003658	-0.0000154	+0.0002475	+0.0005980	+0.0008133	+0.0009134	+0.0013693	+0.0015429	+0.0016486	+0.0016979	+0.0017357	+0.0017573	+0.0017634
2015-02	0.002	-0.0005361	-0.0005075	-0.0005060	-0.0004774	-0.0004565	-0.0003954	-0.0003011	-0.0002430	-0.0001863	-0.0000737	+0.0000087	+0.0001051	+0.0002157	+0.0003141	+0.0004096	+0.0005229	+0.0006180	+0.0006561	+0.0007916	+0.0008233	+0.0008856
