2011-03	0.003	-0.0008394	-0.0006722	-0.0004772	-0.0002655	-0.0001592	+0.0001170	+0.0006393	+0.0008237	+0.0010469	+0.0012313	+0.0013910	+0.0015677	+0.0016760	+0.0017742	+0.0018742	+0.0019548	+0.0019953	+0.0020780	+0.0020975	+0.0021315	+0.0021695
2011-04	0.016	-0.0031898	-0.0031018	-0.0027507	-0.0026627	-0.0025620	-0.0022055	-0.0019762	-0.0016685	-0.0013729	-0.0010540	-0.0007831	-0.0004131	-0.0000999	+0.0001550	+0.0004162	+0.0005835	+0.0007785	+0.0009103	+0.0009946	+0.0011052	+0.0011793
2011-05	0.004	-0.0015869	-0.0013729	-0.0011907	-0.0009537	-0.0008041	-0.0005445	-0.0003676	-0.0000948	+0.0001881	+0.0004192	+0.0007607	+0.0011207	+0.0014566	+0.0018422	+0.0021171	+0.0023776	+0.0026278	+0.0029310	+0.0031297	+0.0034261	+0.0037080
2011-06	-0.015	-0.0007774	-0.0006876	-0.0005678	-0.0005001	-0.0003297	-0.0001201	-0.0000053	+0.0002010	+0.0003663	+0.0004960	+0.0006448	+0.0007827	+0.0008934	+0.0010161	+0.0011141	+0.0012198	+0.0012918	+0.0013521	+0.0014357	+0.0014859	+0.0015269
2011-07	-0.014	-0.0021476	-0.0021185	-0.0020672	-0.0019468	-0.0018649	-0.0017941	-0.0016526	-0.0014964	-0.0013735	-0.0011596	-0.0009669	-0.0007424	-0.0004981	-0.0002653	-0.0000673	+0.0001436	+0.0003647	+0.0005366	+0.0006817	+0.0009871	+0.0010284
2011-08	-0.063	-0.0020804	-0.0020287	-0.0019176	-0.0017950	-0.0014549	-0.0011862	-0.0009895	-0.0006938	-0.0004649	-0.0001467	+0.0002134	+0.0005183	+0.0008200	+0.0010550	+0.0013239	+0.0015592	+0.0016889	+0.0017970	+0.0021397	+0.0022591	+0.0022807
2011-09	-0.006	-0.0083780	-0.0081437	-0.0079320	-0.0076857	-0.0074328	-0.0071646	-0.0067908	-0.0063408	-0.0056849	-0.0049672	-0.0043063	-0.0035552	-0.0026976	-0.0017003	-0.0007836	+0.0006313	+0.0013764	+0.0025733	+0.0033107	+0.0037656	+0.0044803
2011-10	0.065	-0.0051312	-0.0046783	-0.0043638	-0.0039108	-0.0032569	-0.0029160	-0.0023497	-0.0016878	-0.0010684	-0.0004023	+0.0001684	+0.0006872	+0.0011340	+0.0016324	+0.0022837	+0.0028089	+0.0032244	+0.0034203	+0.0035456	+0.0043255	+0.0045779
2011-11	-0.038	-0.0021431	-0.0018758	-0.0018219	-0.0011933	-0.0008038	-0.0003141	+0.0000163	+0.0004437	+0.0010043	+0.0014930	+0.0020624	+0.0025452	+0.0029405	+0.0034705	+0.0038316	+0.0042596	+0.0044045	+0.0048785	+0.0049775	+0.0053958	+0.0056218
2011-12	0.042	-0.0041661	-0.0040650	-0.0038200	-0.0032900	-0.0029065	-0.0024393	-0.0020304	-0.0015701	-0.0010162	-0.0003450	+0.0002336	+0.0008112	+0.0014254	+0.0021774	+0.0027438	+0.0031879	+0.0036033	+0.0041016	+0.0045756	+0.0051478	+0.0056218
2012-01	0.011	-0.0027726	-0.0023295	-0.0018965	-0.0017092	-0.0015277	-0.0011322	-0.0007736	-0.0004045	-0.0000003	+0.0004255	+0.0007566	+0.0010161	+0.0013081	+0.0015905	+0.0018328	+0.0020706	+0.0021972	+0.0023376	+0.0025885	+0.0028332	+0.0028579
2012-02	0.042	-0.0003517	-0.0002475	-0.0001882	+0.0000254	+0.0002690	+0.0004384	+0.0005967	+0.0007937	+0.0010373	+0.0012256	+0.0014048	+0.0016146	+0.0017870	+0.0019620	+0.0021484	+0.0022759	+0.0023916	+0.0024723	+0.0025788	+0.0027026	+0.0028122
2012-03	0.015	-0.0005316	-0.0004793	-0.0003936	-0.0002210	-0.0000597	+0.0004926	+0.0007238	+0.0009063	+0.0010443	+0.0011956	+0.0013488	+0.0014908	+0.0016293	+0.0017701	+0.0019235	+0.0020079	+0.0021171	+0.0021808	+0.0023130	+0.0023353	+0.0024548
2012-04	-0.002	-0.0008834	-0.0006187	-0.0005868	-0.0005470	-0.0003631	+0.0001688	+0.0008011	+0.0010658	+0.0011630	+0.0012707	+0.0013913	+0.0014995	+0.0015779	+0.0016790	+0.0017773	+0.0018374	+0.0019434	+0.0019917	+0.0020081	+0.0021163	+0.0021645
2012-05	-0.052	-0.0021768	-0.0020652	-0.0019732	-0.0018676	-0.0017442	-0.0015993	-0.0015004	-0.0013367	-0.0011624	-0.0007982	-0.0003626	-0.0000621	+0.0001139	+0.0003689	+0.0007184	+0.0011246	+0.0012937	+0.0014358	+0.0015400	+0.0015906	+0.0016000
2012-06	0.032	-0.0033225	-0.0032186	-0.0031001	-0.0029963	-0.0028511	-0.0026789	-0.0025312	-0.0023129	-0.0020253	-0.0017361	-0.0013823	-0.0010622	-0.0007815	-0.0004639	-0.0000297	+0.0001994	+0.0003762	+0.0006933	+0.0011062	+0.0012683	+0.0014408
2012-07	0.033	-0.0032316	-0.0031952	-0.0031366	-0.0027586	-0.0026117	-0.0023546	-0.0018482	-0.0012691	-0.0007324	-0.0004395	+0.0000582	+0.0006434	+0.0012211	+0.0016624	+0.0019577	+0.0022199	+0.0024631	+0.0026337	+0.0027205	+0.0029279	+0.0030041
2012-08	0.015	-0.0021447	-0.0016289	-0.0014037	-0.0008639	-0.0006722	-0.0002214	+0.0000688	+0.0005404	+0.0010345	+0.0012952	+0.0017863	+0.0020659	+0.0024506	+0.0026625	+0.0028593	+0.0030839	+0.0031743	+0.0032502	+0.0033244	+0.0033918	+0.0034444
2012-09	0.018	-0.0014290	-0.0011076	-0.0009614	-0.0008089	-0.0005062	-0.0002638	-0.0000141	+0.0003825	+0.0006303	+0.0009931	+0.0012918	+0.0015840	+0.0018733	+0.0021197	+0.0024458	+0.0026256	+0.0028276	+0.0029792	+0.0031618	+0.0034453	+0.0035455
2012-10	-0.002	-0.0009013	-0.0008786	-0.0007908	-0.0007414	-0.0006607	-0.0005867	-0.0004298	-0.0002137	-0.0000163	+0.0001863	+0.0003917	+0.0006147	+0.0008014	+0.0010587	+0.0012149	+0.0013681	+0.0014871	+0.0016025	+0.0016858	+0.0017745	+0.0018341
2012-11	0.016	-0.0013652	-0.0011819	-0.0010283	-0.0008922	-0.0007968	-0.0006135	-0.0004074	-0.0002241	-0.0000224	+0.0001759	+0.0004036	+0.0006295	+0.0007715	+0.0009841	+0.0011002	+0.0011949	+0.0013480	+0.0014496	+0.0015173	+0.0015544	+0.0016221
2012-12	0.024	-0.0016319	-0.0016132	-0.0015450	-0.0015195	-0.0013748	-0.0012755	-0.0011579	-0.0009824	-0.0008146	-0.0006652	-0.0004935	-0.0003151	-0.0001450	+0.0000167	+0.0001487	+0.0002334	+0.0003410	+0.0004459	+0.0005140	+0.0005629	+0.0005929
2013-01	0.053	-0.0008454	-0.0005713	-0.0003318	-0.0000531	+0.0001118	+0.0003351	+0.0006302	+0.0009056	+0.0011428	+0.0014078	+0.0016473	+0.0019636	+0.0021281	+0.0023573	+0.0025129	+0.0026161	+0.0027729	+0.0028775	+0.0029959	+0.0030417	+0.0031515
2013-02	0.017	-0.0006154	-0.0006126	-0.0004340	-0.0003099	-0.0002843	-0.0000364	+0.0017845	+0.0019288	+0.0020368	+0.0021568	+0.0022487	+0.0023567	+0.0024473	+0.0025126	+0.0026543	+0.0027611	+0.0028080	+0.0028783	+0.0029486	+0.0030236	+0.0031361
2013-03	0.039	-0.0007906	-0.0006572	-0.0004777	-0.0004195	-0.0002647	-0.0001149	+0.0008863	+0.0010515	+0.0012541	+0.0014445	+0.0015531	+0.0016622	+0.0017398	+0.0018101	+0.0018942	+0.0019649	+0.0019913	+0.0020382	+0.0021144	+0.0021397	+0.0022128
2013-04	0.023	-0.0008073	-0.0006017	-0.0005272	-0.0004632	-0.0002940	+0.0000268	+0.0010414	+0.0013543	+0.0015608	+0.0017153	+0.0018481	+0.0019482	+0.0020683	+0.0021537	+0.0022635	+0.0023488	+0.0024211	+0.0024976	+0.0025337	+0.0025700	+0.0026449
2013-05	0.027	-0.0009126	-0.0008191	-0.0006793	-0.0004908	-0.0002270	-0.0000393	+0.0001947	+0.0004214	+0.0006292	+0.0007890	+0.0009599	+0.0011168	+0.0012893	+0.0014100	+0.0015131	+0.0016407	+0.0017208	+0.0017341	+0.0017879	+0.0019474	+0.0019494
2013-06	-0.024	-0.0008598	-0.0006810	-0.0006234	-0.0005124	+0.0000368	+0.0007538	+0.0011069	+0.0013141	+0.0015595	+0.0018767	+0.0021678	+0.0024795	+0.0027125	+0.0030092	+0.0032268	+0.0035229	+0.0036879	+0.0039143	+0.0040252	+0.0042302	+0.0043824
2013-07	0.044	-0.0034179	-0.0033678	-0.0032972	-0.0031539	-0.0030906	-0.0029698	-0.0027902	-0.0025993	-0.0023061	-0.0018673	-0.0013249	-0.0008623	-0.0003338	+0.0000172	+0.0004437	+0.0007941	+0.0012875	+0.0017003	+0.0018342	+0.0023701	+0.0024795
2013-08	-0.019	-0.0020538	-0.0016833	-0.0012464	-0.0011527	-0.0007823	-0.0003276	-0.0000333	+0.0004507	+0.0010011	+0.0013636	+0.0018252	+0.0022699	+0.0026464	+0.0031329	+0.0033912	+0.0036459	+0.0038830	+0.0042674	+0.0045289	+0.0046971	+0.0049252
2013-09	0.028	-0.0024938	-0.0021815	-0.0019507	-0.0018513	-0.0014886	-0.0011676	-0.0009296	-0.0006294	-0.0003071	+0.0000128	+0.0003407	+0.0006171	+0.0009448	+0.0012375	+0.0014565	+0.0017331	+0.0019095	+0.0021054	+0.0023398	+0.0024684	+0.0026903
2013-10	0.033	-0.0020564	-0.0019471	-0.0017524	-0.0017393	-0.0015883	-0.0013790	-0.0011571	-0.0007586	-0.0003612	-0.0000472	+0.0002042	+0.0005230	+0.0009680	+0.0013369	+0.0015259	+0.0018004	+0.0018760	+0.0020064	+0.0021747	+0.0022972	+0.0024190
2013-11	0.023	-0.0014934	-0.0014018	-0.0012184	-0.0011268	-0.0009196	-0.0007053	-0.0004556	-0.0001081	+0.0001905	+0.0004804	+0.0007793	+0.0011213	+0.0014386	+0.0017403	+0.0019823	+0.0021613	+0.0023509	+0.0025029	+0.0026352	+0.0027086	+0.0028409
2013-12	0.011	-0.0008203	-0.0007039	-0.0006805	-0.0006215	-0.0003372	+0.0007387	+0.0010353	+0.0011751	+0.0013479	+0.0014647	+0.0016917	+0.0019058	+0.0020988	+0.0022950	+0.0024923	+0.0026440	+0.0028275	+0.0029776	+0.0031115	+0.0032390	+0.0033500
2014-01	-0.022	-0.0015716	-0.0015457	-0.0015066	-0.0013744	-0.0012526	-0.0011085	-0.0009331	-0.0007630	-0.0005656	-0.0002703	-0.0000375	+0.0002317	+0.0005028	+0.0006939	+0.0009369	+0.0011804	+0.0013434	+0.0014170	+0.0015762	+0.0016166	+0.0017471
2014-02	0.037	-0.0016892	-0.0016601	-0.0014647	-0.0013386	-0.0011141	-0.0007167	-0.0002909	+0.0000776	+0.0003858	+0.0007404	+0.0011735	+0.0016683	+0.0020157	+0.0023244	+0.0025339	+0.0027257	+0.0029046	+0.0030326	+0.0031875	+0.0032458	+0.0033472
2014-03	-0.007	-0.0028803	-0.0027751	-0.0027529	-0.0026159	-0.0023700	-0.0022204	-0.0019156	-0.0016788	-0.0011596	-0.0004308	+0.0000498	+0.0004939	+0.0008530	+0.0014118	+0.0020758	+0.0024621	+0.0027156	+0.0029793	+0.0030390	+0.0031657	+0.0035939
2014-04	0.007	-0.0021186	-0.0020507	-0.0019921	-0.0018437	-0.0013311	-0.0010429	-0.0008745	-0.0006926	-0.0003929	+0.0000584	+0.0005063	+0.0009318	+0.0013791	+0.0016598	+0.0021264	+0.0024723	+0.0027911	+0.0031548	+0.0032783	+0.0036049	+0.0037174
2014-05	0.026	-0.0012064	-0.0011998	-0.0010756	-0.0010429	-0.0009750	-0.0008860	-0.0007869	-0.0006709	-0.0005467	-0.0003661	-0.0002286	-0.0000778	+0.0000890	+0.0001799	+0.0002794	+0.0005290	+0.0006181	+0.0006584	+0.0006879	+0.0007003	+0.0007248
2014-06	-0.004	-0.0011361	-0.0009177	-0.0008474	-0.0006078	-0.0005091	-0.0002699	-0.0000493	+0.0000796	+0.0003310	+0.0005937	+0.0008248	+0.0010214	+0.0012368	+0.0014154	+0.0015342	+0.0017285	+0.0018593	+0.0019396	+0.0020067	+0.0021785	+0.0022653
2014-07	-0.007	-0.0014390	-0.0013716	-0.0009664	-0.0008126	-0.0004884	-0.0002862	+0.0000907	+0.0003573	+0.0006041	+0.0008950	+0.0010843	+0.0013756	+0.0015402	+0.0017393	+0.0018635	+0.0020557	+0.0022008	+0.0022595	+0.0022952	+0.0023181	+0.0023820
2014-08	0.008	-0.0014432	-0.0013458	-0.0012838	-0.0012162	-0.0011279	-0.0010345	-0.0009282	-0.0008350	-0.0007281	-0.0005988	-0.0004751	-0.0003536	-0.0002421	-0.0001280	-0.0000158	+0.0000690	+0.0001516	+0.0002419	+0.0002933	+0.0003886	+0.0004103
2014-09	-0.005	-0.0020612	-0.0020296	-0.0019201	-0.0018568	-0.0017420	-0.0016497	-0.0014881	-0.0013470	-0.0011476	-0.0009201	-0.0006436	-0.0001521	+0.0002905	+0.0005372	+0.0007894	+0.0011053	+0.0012443	+0.0018304	+0.0021387	+0.0023156	+0.0023909
2014-10	-0.013	-0.0012152	-0.0008800	-0.0007573	-0.0006289	-0.0004306	-0.0000652	+0.0001357	+0.0003717	+0.0007220	+0.0009335	+0.0012668	+0.0015188	+0.0016932	+0.0019209	+0.0021691	+0.0023214	+0.0024075	+0.0024859	+0.0025452	+0.0026116	+0.0026460
2014-11	0.044	-0.0053598	-0.0053162	-0.0050059	-0.0045957	-0.0043186	-0.0038853	-0.0035203	-0.0031950	-0.0027607	-0.0022636	-0.0017913	-0.0014129	-0.0010693	-0.0007485	-0.0004523	-0.0000828	+0.0001926	+0.0004652	+0.0006674	+0.0007629	+0.0012154
2014-12	0.001	-0.0012638	-0.0012164	-0.0010059	-0.0007257	-0.0004885	+0.0000972	+0.0004607	+0.0007941	+0.0011268	+0.0015695	+0.0021338	+0.0026004	+0.0029167	+0.0032147	+0.0035070	+0.0037562	+0.0039720	+0.0041261	+0.0043370	+0.0044995	+0.0047028
2015-01	0.001	-0.0026050	-0.0024647	-0.0021166	-0.0019764	-0.0015887	-0.0013631	-0.0010627	-0.0007345	-0.0003070	+0.0000103	+0.0004128	+0.0008606	+0.0011422	+0.0014115	+0.0017620	+0.0019962	+0.0021373	+0.0023112	+0.0023805	+0.0025059	+0.0025929
2015-02	0.010	-0.0017000	-0.0015507	-0.0013739	-0.0012379	-0.0010929	-0.0009250	-0.0006780	-0.0004676	-0.0002034	+0.0000061	+0.0002861	+0.0005660	+0.0008381	+0.0010679	+0.0013215	+0.0015030	+0.0017028	+0.0019506	+0.0021379	+0.0021843	+0.0021964
