2013-07	0.006	-0.0065904	-0.0063598	-0.0062080	-0.0060304	-0.0056913	-0.0055255	-0.0052144	-0.0048753	-0.0045472	-0.0041546	-0.0037202	-0.0031731	-0.0026394	-0.0020223	-0.0014843	-0.0008781	-0.0005672	-0.0000415	+0.0003814	+0.0005534	+0.0014825
2013-08	-0.011	-0.0037202	-0.0034487	-0.0027016	-0.0024301	-0.0021084	-0.0016329	-0.0012249	-0.0007379	-0.0003535	+0.0003029	+0.0007729	+0.0011958	+0.0015393	+0.0019022	+0.0021689	+0.0023905	+0.0025698	+0.0027758	+0.0028628	+0.0029340	+0.0030810
2013-09	0.008	-0.0027276	-0.0026232	-0.0025241	-0.0023036	-0.0022506	-0.0019901	-0.0018534	-0.0016256	-0.0014522	-0.0012059	-0.0010180	-0.0007534	-0.0004488	-0.0002602	+0.0000176	+0.0001652	+0.0004058	+0.0004436	+0.0007842	+0.0008043	+0.0011646
2013-10	0.024	-0.0012751	-0.0011748	-0.0008313	-0.0007582	-0.0006790	-0.0003901	-0.0002802	-0.0000620	+0.0001141	+0.0003599	+0.0005809	+0.0007486	+0.0009578	+0.0010965	+0.0012503	+0.0014201	+0.0015085	+0.0015928	+0.0018241	+0.0019150	+0.0019808
2013-11	0.034	-0.0008511	-0.0008318	-0.0007112	-0.0006593	-0.0005566	-0.0004634	-0.0003692	-0.0002142	-0.0001212	+0.0000520	+0.0002250	+0.0003893	+0.0005870	+0.0007748	+0.0009053	+0.0010618	+0.0012199	+0.0013447	+0.0014225	+0.0016176	+0.0016593
2013-12	0.026	-0.0002233	-0.0001210	-0.0000718	+0.0000974	+0.0003348	+0.0004346	+0.0005259	+0.0006917	+0.0008933	+0.0010183	+0.0011470	+0.0013477	+0.0014793	+0.0015777	+0.0017161	+0.0018525	+0.0019431	+0.0019995	+0.0020893	+0.0021793	+0.0022869
2014-01	-0.018	-0.0004310	-0.0004310	-0.0002486	-0.0001434	-0.0000068	+0.0003934	+0.0012240	+0.0013948	+0.0015117	+0.0016450	+0.0017917	+0.0019128	+0.0020052	+0.0021152	+0.0022261	+0.0023287	+0.0024021	+0.0024496	+0.0025770	+0.0026187	+0.0027530
2014-02	0.006	-0.0014103	-0.0013122	-0.0013008	-0.0011740	-0.0009653	-0.0006747	-0.0004215	-0.0002038	-0.0000188	+0.0001980	+0.0005194	+0.0008402	+0.0010615	+0.0012166	+0.0013232	+0.0014569	+0.0015324	+0.0016197	+0.0016778	+0.0017251	+0.0017425
2014-03	0.011	-0.0019795	-0.0019222	-0.0018140	-0.0017531	-0.0016289	-0.0014961	-0.0014336	-0.0012394	-0.0010667	-0.0008156	-0.0004673	-0.0002048	+0.0000230	+0.0002544	+0.0004917	+0.0008045	+0.0009927	+0.0011798	+0.0012070	+0.0014160	+0.0015904
2014-04	0.003	-0.0009293	-0.0008863	-0.0007945	-0.0007192	-0.0004486	-0.0003010	-0.0001673	+0.0000067	+0.0001658	+0.0003263	+0.0004582	+0.0006272	+0.0007679	+0.0008937	+0.0010151	+0.0011320	+0.0012003	+0.0012553	+0.0013663	+0.0014022	+0.0014093
2014-05	0.003	-0.0009044	-0.0007860	-0.0006406	-0.0005723	-0.0004397	-0.0003411	-0.0002114	-0.0000622	+0.0000672	+0.0002154	+0.0003374	+0.0004557	+0.0005523	+0.0006455	+0.0007056	+0.0007720	+0.0007986	+0.0008773	+0.0008993	+0.0009243	+0.0009909
2014-06	0.003	-0.0006182	-0.0005083	-0.0004544	-0.0004091	-0.0003443	-0.0002928	-0.0001833	-0.0001050	-0.0000193	+0.0000549	+0.0001617	+0.0002324	+0.0002954	+0.0003674	+0.0004269	+0.0004949	+0.0005334	+0.0005622	+0.0005694	+0.0005890	+0.0005967
2014-07	0.008	-0.0005990	-0.0005033	-0.0004259	-0.0003589	-0.0002562	-0.0001373	+0.0000554	+0.0001602	+0.0002264	+0.0003237	+0.0004036	+0.0004559	+0.0005283	+0.0005833	+0.0006352	+0.0007003	+0.0007281	+0.0007511	+0.0008151	+0.0008752	+0.0008851
2014-08	0.015	-0.0003571	-0.0003445	-0.0003322	-0.0002997	-0.0002786	-0.0002593	-0.0002296	-0.0002012	-0.0001634	-0.0001278	-0.0000863	-0.0000415	+0.0000096	+0.0000674	+0.0001214	+0.0001689	+0.0001981	+0.0002328	+0.0002620	+0.0003004	+0.0003737
2014-09	0.031	-0.0003584	-0.0003526	-0.0003173	-0.0002782	-0.0002337	-0.0001634	-0.0001023	-0.0000189	+0.0000836	+0.0002112	+0.0003875	+0.0006170	+0.0007549	+0.0008940	+0.0010324	+0.0011310	+0.0013681	+0.0015135	+0.0016195	+0.0016735	+0.0017111
2014-10	0.012	-0.0004375	-0.0003414	-0.0003136	-0.0002198	-0.0000745	+0.0001071	+0.0013745	+0.0014925	+0.0015797	+0.0016711	+0.0017686	+0.0018419	+0.0019194	+0.0020004	+0.0020862	+0.0021312	+0.0021683	+0.0022099	+0.0022333	+0.0022551	+0.0022553
2014-11	0.076	-0.0017752	-0.0017427	-0.0016627	-0.0014924	-0.0013275	-0.0011665	-0.0009381	-0.0006811	-0.0003942	-0.0001205	+0.0001526	+0.0003960	+0.0006888	+0.0009627	+0.0012418	+0.0014191	+0.0015150	+0.0015506	+0.0016200	+0.0018284	+0.0018748
2014-12	0.005	-0.0019747	-0.0017447	-0.0012708	-0.0003630	-0.0000120	+0.0003535	+0.0008600	+0.0017525	+0.0024496	+0.0027090	+0.0033614	+0.0044211	+0.0050212	+0.0051998	+0.0053062	+0.0053650	+0.0054456	+0.0054872	+0.0055185	+0.0055744	+0.0056057
2015-01	-0.016	-0.0026812	-0.0024370	-0.0021237	-0.0019707	-0.0018433	-0.0014056	-0.0010195	-0.0006681	-0.0003134	-0.0000261	+0.0005491	+0.0009179	+0.0011662	+0.0014095	+0.0019890	+0.0022218	+0.0023733	+0.0024715	+0.0025361	+0.0026320	+0.0026907
2015-02	0.000	-0.0012941	-0.0012438	-0.0011902	-0.0011576	-0.0010972	-0.0010142	-0.0009200	-0.0007759	-0.0006330	-0.0004727	-0.0002590	-0.0000674	+0.0001198	+0.0003190	+0.0004755	+0.0006254	+0.0008153	+0.0009394	+0.0009878	+0.0011875	+0.0012822
