2014-03	0.002	-0.0024400	-0.0024400	-0.0024400	-0.0024400	-0.0024400	-0.0024400	-0.0021859	-0.0021859	-0.0007714	-0.0006834	-0.0002695	+0.0013975	+0.0026959	+0.0044593	+0.0044593	+0.0049448	+0.0049448	+0.0049448	+0.0049448	+0.0049448	+0.0049448
2014-04	-0.046	-0.0046944	-0.0046300	-0.0042376	-0.0040945	-0.0039163	-0.0033808	-0.0029591	-0.0025190	-0.0019698	-0.0013231	-0.0007512	-0.0001363	+0.0005589	+0.0010231	+0.0015780	+0.0021476	+0.0025394	+0.0029941	+0.0031711	+0.0038204	+0.0039336
2014-05	0.033	-0.0043611	-0.0039786	-0.0036006	-0.0033622	-0.0030777	-0.0028609	-0.0026017	-0.0022031	-0.0018985	-0.0014078	-0.0011381	-0.0007379	-0.0004995	-0.0001615	+0.0000131	+0.0001600	+0.0004560	+0.0006590	+0.0006986	+0.0009596	+0.0009895
2014-06	0.049	-0.0043611	-0.0039786	-0.0036006	-0.0032181	-0.0028745	-0.0024618	-0.0020250	-0.0015513	-0.0010354	-0.0005082	+0.0000392	+0.0005363	+0.0010131	+0.0014439	+0.0017295	+0.0020524	+0.0022851	+0.0025592	+0.0027723	+0.0027922	+0.0029870
2014-07	0.041	-0.0013500	-0.0012864	-0.0009783	-0.0002300	+0.0001608	+0.0006947	+0.0011996	+0.0019479	+0.0022963	+0.0027539	+0.0031647	+0.0035752	+0.0038786	+0.0041831	+0.0044762	+0.0046704	+0.0048678	+0.0051553	+0.0051857	+0.0052753	+0.0054080
2014-08	-0.004	-0.0015303	-0.0014508	-0.0012587	-0.0011017	-0.0007714	-0.0004350	-0.0001507	+0.0001086	+0.0003401	+0.0006051	+0.0008675	+0.0011011	+0.0013134	+0.0015429	+0.0017576	+0.0019517	+0.0020695	+0.0021924	+0.0023081	+0.0023893	+0.0025290
2014-09	0.089	-0.0011133	-0.0011092	-0.0009198	-0.0008512	-0.0005217	-0.0002460	-0.0000714	+0.0000903	+0.0002788	+0.0005043	+0.0007543	+0.0009280	+0.0011033	+0.0012542	+0.0014521	+0.0016559	+0.0017633	+0.0018541	+0.0019165	+0.0019784	+0.0020323
2014-10	-0.009	-0.0003968	-0.0000743	+0.0000474	+0.0004336	+0.0009131	+0.0015266	+0.0021002	+0.0025198	+0.0028007	+0.0031053	+0.0034655	+0.0036908	+0.0039961	+0.0042286	+0.0044752	+0.0047271	+0.0048734	+0.0050317	+0.0052025	+0.0053608	+0.0055057
2014-11	0.122	-0.0086735	-0.0083041	-0.0080369	-0.0078360	-0.0073453	-0.0067088	-0.0058344	-0.0048247	-0.0040444	-0.0029708	-0.0018628	-0.0010096	+0.0001339	+0.0010817	+0.0018127	+0.0026283	+0.0035279	+0.0039871	+0.0043008	+0.0047181	+0.0050448
2014-12	0.009	-0.0038494	-0.0037023	-0.0034614	-0.0027341	-0.0019620	+0.0000405	+0.0014375	+0.0031844	+0.0042502	+0.0050225	+0.0070615	+0.0095076	+0.0100000	+0.0100000	+0.0100000	+0.0100000	+0.0100000	+0.0100000	+0.0100000	+0.0100000	+0.0100000
2015-01	-0.016	-0.0046270	-0.0043406	-0.0038771	-0.0034233	-0.0029591	-0.0019234	-0.0012950	-0.0008277	-0.0000808	+0.0006588	+0.0014471	+0.0020507	+0.0025335	+0.0031024	+0.0039605	+0.0043904	+0.0045808	+0.0048379	+0.0050954	+0.0051382	+0.0052339
2015-02	0.001	-0.0035111	-0.0035005	-0.0033865	-0.0029595	-0.0028496	-0.0026953	-0.0025011	-0.0022242	-0.0017622	-0.0014600	-0.0011410	-0.0006955	-0.0003960	+0.0000018	+0.0003197	+0.0005075	+0.0007816	+0.0009295	+0.0012288	+0.0012916	+0.0013346
