2011-03	-0.083	-0.0011888	-0.0009793	-0.0007960	-0.0005870	-0.0004904	-0.0002477	-0.0000127	+0.0002535	+0.0005491	+0.0007851	+0.0011115	+0.0014167	+0.0017349	+0.0019843	+0.0022269	+0.0025040	+0.0027212	+0.0028745	+0.0030754	+0.0030992	+0.0032879
2011-04	-0.016	-0.0098992	-0.0094560	-0.0093700	-0.0092008	-0.0088524	-0.0084473	-0.0078472	-0.0069471	-0.0058203	-0.0049507	-0.0038818	-0.0030502	-0.0018838	-0.0005670	+0.0001436	+0.0007546	+0.0100000	+0.0100000	+0.0100000	+0.0100000	+0.0100000
2011-05	-0.017	-0.0079536	-0.0075478	-0.0072152	-0.0068551	-0.0062490	-0.0056702	-0.0048122	-0.0041977	-0.0033690	-0.0026963	-0.0015458	-0.0005878	+0.0000855	+0.0012158	+0.0020704	+0.0032909	+0.0039633	+0.0043871	+0.0051741	+0.0063044	+0.0065329
2011-06	0.015	-0.0024445	-0.0023719	-0.0023291	-0.0021234	-0.0019459	-0.0017846	-0.0015676	-0.0013497	-0.0010539	-0.0007831	-0.0004981	-0.0002046	+0.0000959	+0.0003401	+0.0006446	+0.0008680	+0.0010279	+0.0011976	+0.0013216	+0.0015809	+0.0017001
2011-07	-0.010	-0.0025846	-0.0024903	-0.0022634	-0.0022026	-0.0020773	-0.0018737	-0.0017214	-0.0014884	-0.0012661	-0.0009497	-0.0007310	-0.0002122	+0.0000393	+0.0005523	+0.0009032	+0.0013258	+0.0014940	+0.0020209	+0.0021209	+0.0025371	+0.0028698
2011-08	-0.086	-0.0019820	-0.0019639	-0.0014823	-0.0010726	-0.0008151	-0.0003236	+0.0000536	+0.0005137	+0.0009630	+0.0014890	+0.0020451	+0.0024943	+0.0028961	+0.0032500	+0.0035777	+0.0038116	+0.0039981	+0.0043590	+0.0045238	+0.0046507	+0.0046573
2011-09	0.006	-0.0085648	-0.0084760	-0.0082605	-0.0080207	-0.0078330	-0.0075935	-0.0072747	-0.0069357	-0.0063718	-0.0053506	-0.0046945	-0.0040669	-0.0032584	-0.0022785	-0.0013582	-0.0005923	-0.0001944	+0.0009936	+0.0018376	+0.0023230	+0.0029468
2011-10	-0.003	-0.0076675	-0.0075126	-0.0064711	-0.0061486	-0.0053066	-0.0049087	-0.0044141	-0.0036069	-0.0026992	-0.0018016	-0.0011491	-0.0005686	-0.0001128	+0.0004253	+0.0009082	+0.0016571	+0.0028905	+0.0038224	+0.0039858	+0.0046904	+0.0048448
2011-11	-0.051	-0.0019622	-0.0016893	-0.0016237	-0.0013859	-0.0011670	-0.0008967	-0.0006774	-0.0003346	-0.0000163	+0.0003823	+0.0007069	+0.0011245	+0.0014546	+0.0018432	+0.0021566	+0.0023766	+0.0026338	+0.0028392	+0.0030902	+0.0031640	+0.0034560
2011-12	0.017	-0.0051585	-0.0051340	-0.0048964	-0.0042823	-0.0039388	-0.0037245	-0.0034124	-0.0029843	-0.0025019	-0.0020371	-0.0016496	-0.0011804	-0.0005700	+0.0000095	+0.0005229	+0.0009510	+0.0014198	+0.0017585	+0.0022692	+0.0024521	+0.0031267
2012-01	0.034	-0.0035418	-0.0030522	-0.0027394	-0.0024879	-0.0021843	-0.0017603	-0.0014492	-0.0009028	-0.0005457	-0.0001338	+0.0002567	+0.0006435	+0.0010090	+0.0012366	+0.0014277	+0.0017398	+0.0018298	+0.0019983	+0.0021391	+0.0023977	+0.0024005
2012-02	0.087	-0.0011112	-0.0009884	-0.0008879	-0.0007811	-0.0005899	-0.0004240	-0.0001476	+0.0001063	+0.0004023	+0.0006989	+0.0011224	+0.0013771	+0.0016989	+0.0020031	+0.0023465	+0.0025081	+0.0028218	+0.0030220	+0.0031984	+0.0033496	+0.0035260
2012-03	0.041	-0.0006141	-0.0004633	-0.0003896	-0.0001276	+0.0004018	+0.0014213	+0.0018741	+0.0021230	+0.0024474	+0.0027619	+0.0031520	+0.0034829	+0.0037485	+0.0040806	+0.0043410	+0.0045519	+0.0050039	+0.0051966	+0.0052933	+0.0053897	+0.0054860
2012-04	-0.056	-0.0019603	-0.0018768	-0.0015872	-0.0013807	-0.0010745	+0.0017167	+0.0022761	+0.0025245	+0.0027746	+0.0030359	+0.0033143	+0.0035643	+0.0038277	+0.0041567	+0.0043786	+0.0045526	+0.0046651	+0.0049631	+0.0052148	+0.0053294	+0.0054860
2012-05	-0.099	-0.0038498	-0.0038203	-0.0037227	-0.0036043	-0.0035473	-0.0034438	-0.0032892	-0.0030902	-0.0026763	-0.0020026	-0.0012107	-0.0003343	+0.0000795	+0.0004079	+0.0010163	+0.0017895	+0.0025073	+0.0030476	+0.0032612	+0.0034279	+0.0035019
2012-06	0.056	-0.0066317	-0.0064428	-0.0063545	-0.0062064	-0.0060570	-0.0058350	-0.0055272	-0.0050657	-0.0047279	-0.0043479	-0.0039237	-0.0034994	-0.0030515	-0.0025421	-0.0021483	-0.0001440	+0.0010998	+0.0017270	+0.0018309	+0.0023920	+0.0024375
2012-07	-0.036	-0.0055852	-0.0053564	-0.0051107	-0.0048820	-0.0045891	-0.0041147	-0.0034084	-0.0027020	-0.0020628	-0.0014091	-0.0006824	+0.0001172	+0.0009620	+0.0015127	+0.0021234	+0.0026760	+0.0030119	+0.0033418	+0.0040136	+0.0043515	+0.0045644
2012-08	-0.017	-0.0046264	-0.0046075	-0.0044017	-0.0041668	-0.0038212	-0.0033551	-0.0022858	-0.0015645	-0.0007942	-0.0002047	+0.0003398	+0.0015003	+0.0022395	+0.0028889	+0.0033634	+0.0037114	+0.0038737	+0.0041311	+0.0042786	+0.0043814	+0.0044173
2012-09	0.020	-0.0044444	-0.0041624	-0.0039084	-0.0038212	-0.0034523	-0.0028300	-0.0023841	-0.0017280	-0.0013557	-0.0007388	-0.0002695	+0.0004365	+0.0009487	+0.0014677	+0.0018673	+0.0020868	+0.0022749	+0.0026861	+0.0028111	+0.0028672	+0.0029441
2012-10	0.009	-0.0029147	-0.0027355	-0.0026938	-0.0025848	-0.0024392	-0.0023004	-0.0019704	-0.0013236	-0.0009345	-0.0005855	-0.0001436	+0.0002175	+0.0007957	+0.0012767	+0.0015525	+0.0017898	+0.0021097	+0.0022682	+0.0023587	+0.0024298	+0.0025024
2012-11	0.041	-0.0027078	-0.0026818	-0.0022012	-0.0018010	-0.0014790	-0.0012489	-0.0009869	-0.0006625	-0.0002259	+0.0001982	+0.0005558	+0.0008498	+0.0011125	+0.0013723	+0.0015356	+0.0017633	+0.0018881	+0.0020670	+0.0022339	+0.0022761	+0.0023587
2012-12	0.087	-0.0024354	-0.0022814	-0.0020115	-0.0015260	-0.0013215	-0.0008303	-0.0005045	-0.0002214	+0.0001564	+0.0006485	+0.0010907	+0.0015035	+0.0017823	+0.0020315	+0.0021748	+0.0023606	+0.0024730	+0.0025517	+0.0027072	+0.0028552	+0.0028557
2013-01	0.090	-0.0005681	-0.0004592	-0.0003990	-0.0001795	+0.0003593	+0.0013054	+0.0022550	+0.0024935	+0.0027557	+0.0031715	+0.0034290	+0.0037506	+0.0039979	+0.0043266	+0.0045947	+0.0047868	+0.0050451	+0.0051484	+0.0053165	+0.0053939	+0.0054943
2013-02	0.036	-0.0020445	-0.0020188	-0.0018083	-0.0013301	-0.0010729	-0.0001047	+0.0035148	+0.0039869	+0.0043611	+0.0047920	+0.0052029	+0.0055135	+0.0059462	+0.0061853	+0.0064435	+0.0066735	+0.0070426	+0.0071754	+0.0072408	+0.0072522	+0.0073196
2013-03	0.067	-0.0019259	-0.0018519	-0.0016338	-0.0012701	-0.0007762	-0.0003073	+0.0018697	+0.0024277	+0.0029883	+0.0033981	+0.0036905	+0.0040204	+0.0043157	+0.0045614	+0.0047759	+0.0049816	+0.0051768	+0.0053458	+0.0055480	+0.0056068	+0.0057633
2013-04	0.125	-0.0014917	-0.0014551	-0.0010384	-0.0007598	+0.0000718	+0.0006305	+0.0016048	+0.0022027	+0.0027749	+0.0032073	+0.0035477	+0.0041077	+0.0044170	+0.0047735	+0.0050385	+0.0052585	+0.0055147	+0.0056911	+0.0057278	+0.0061604	+0.0061716
2013-05	-0.017	-0.0046602	-0.0038168	-0.0027155	-0.0021292	-0.0012128	-0.0004512	+0.0013435	+0.0022393	+0.0032457	+0.0040896	+0.0048662	+0.0055395	+0.0062542	+0.0067677	+0.0073883	+0.0079876	+0.0085585	+0.0087091	+0.0090322	+0.0094857	+0.0100000
2013-06	0.005	-0.0067904	-0.0066718	-0.0058326	-0.0049528	-0.0037980	-0.0015540	+0.0000873	+0.0014601	+0.0024083	+0.0034167	+0.0042615	+0.0051525	+0.0059597	+0.0065385	+0.0072318	+0.0079888	+0.0083750	+0.0087555	+0.0091606	+0.0099373	+0.0100000
2013-07	-0.001	-0.0097854	-0.0097472	-0.0094553	-0.0091543	-0.0086202	-0.0080431	-0.0074760	-0.0066070	-0.0059224	-0.0048803	-0.0040176	-0.0029043	-0.0019215	-0.0009677	+0.0000347	+0.0010040	+0.0021367	+0.0028935	+0.0049956	+0.0100000	+0.0100000
2013-08	-0.029	-0.0044624	-0.0043702	-0.0033944	-0.0026912	-0.0020614	-0.0010713	-0.0000747	+0.0008657	+0.0018300	+0.0026573	+0.0038786	+0.0050786	+0.0058315	+0.0065644	+0.0069073	+0.0074577	+0.0077554	+0.0079059	+0.0081200	+0.0085376	+0.0087285
2013-09	0.084	-0.0048565	-0.0048070	-0.0045162	-0.0043660	-0.0042039	-0.0039389	-0.0036408	-0.0033799	-0.0030054	-0.0026447	-0.0021815	-0.0017638	-0.0012721	-0.0007842	-0.0003094	+0.0001783	+0.0005914	+0.0009469	+0.0014919	+0.0016122	+0.0018216
2013-10	0.000	-0.0042309	-0.0037111	-0.0034409	-0.0030109	-0.0025809	-0.0020200	-0.0014196	-0.0007647	-0.0000409	+0.0006533	+0.0014119	+0.0021514	+0.0028516	+0.0035301	+0.0041296	+0.0046155	+0.0049674	+0.0053417	+0.0058137	+0.0060465	+0.0061768
2013-11	0.054	-0.0022588	-0.0022043	-0.0018728	-0.0016952	-0.0014098	-0.0008298	-0.0005098	-0.0002150	+0.0000948	+0.0003632	+0.0007770	+0.0012138	+0.0015505	+0.0020661	+0.0025162	+0.0031191	+0.0034184	+0.0038193	+0.0042736	+0.0044211	+0.0048221
2013-12	0.029	-0.0011592	-0.0010856	-0.0008878	-0.0008041	-0.0005837	-0.0003375	-0.0000178	+0.0003381	+0.0006999	+0.0011145	+0.0014468	+0.0018297	+0.0022198	+0.0026416	+0.0028765	+0.0031969	+0.0033702	+0.0035387	+0.0036646	+0.0037712	+0.0038445
2014-01	-0.063	-0.0021700	-0.0017955	-0.0016617	-0.0013046	-0.0010317	-0.0008184	-0.0004154	-0.0000630	+0.0002586	+0.0007409	+0.0012985	+0.0017190	+0.0021628	+0.0025550	+0.0029250	+0.0034576	+0.0037712	+0.0040376	+0.0041527	+0.0043241	+0.0045172
2014-02	-0.013	-0.0037278	-0.0037041	-0.0035300	-0.0030841	-0.0024667	-0.0018448	-0.0012692	-0.0008928	-0.0004819	+0.0001381	+0.0008185	+0.0016075	+0.0020907	+0.0023397	+0.0025336	+0.0027282	+0.0028408	+0.0030083	+0.0030778	+0.0031231	+0.0031823
2014-03	-0.006	-0.0075509	-0.0072697	-0.0070107	-0.0069598	-0.0064312	-0.0059024	-0.0055589	-0.0050951	-0.0044162	-0.0036650	-0.0029356	-0.0020048	-0.0011836	-0.0002275	+0.0007807	+0.0013405	+0.0023628	+0.0030723	+0.0036124	+0.0041264	+0.0046375
2014-04	-0.039	-0.0040559	-0.0040041	-0.0037832	-0.0036232	-0.0032711	-0.0029167	-0.0026850	-0.0023148	-0.0017456	-0.0012786	-0.0007491	-0.0002215	+0.0002566	+0.0007663	+0.0012890	+0.0018112	+0.0020499	+0.0022821	+0.0027233	+0.0030383	+0.0031163
2014-05	0.041	-0.0031325	-0.0029047	-0.0027140	-0.0026412	-0.0024170	-0.0022756	-0.0020706	-0.0018288	-0.0015714	-0.0012934	-0.0010219	-0.0007798	-0.0004995	-0.0002460	-0.0000281	+0.0001413	+0.0003511	+0.0005958	+0.0007162	+0.0007858	+0.0007934
2014-06	0.050	-0.0031325	-0.0029419	-0.0027140	-0.0023797	-0.0018931	-0.0015978	-0.0012697	-0.0009454	-0.0004983	-0.0000446	+0.0003623	+0.0007791	+0.0011230	+0.0014282	+0.0016821	+0.0019251	+0.0020841	+0.0022960	+0.0024192	+0.0025424	+0.0026346
2014-07	0.027	-0.0010666	-0.0008524	-0.0007230	-0.0001711	+0.0001289	+0.0008712	+0.0016157	+0.0020584	+0.0023550	+0.0027124	+0.0030006	+0.0032808	+0.0035409	+0.0037674	+0.0039934	+0.0041481	+0.0043208	+0.0045011	+0.0046034	+0.0046502	+0.0047016
2014-08	-0.012	-0.0015115	-0.0014383	-0.0012687	-0.0011295	-0.0006021	-0.0002345	+0.0000753	+0.0002873	+0.0005293	+0.0007813	+0.0010560	+0.0012553	+0.0014625	+0.0016788	+0.0018922	+0.0020946	+0.0022313	+0.0022817	+0.0024195	+0.0024656	+0.0025811
2014-09	0.035	-0.0013365	-0.0013179	-0.0012576	-0.0010457	-0.0008094	-0.0006047	-0.0004589	-0.0002867	-0.0001418	+0.0000372	+0.0002121	+0.0003629	+0.0005248	+0.0007156	+0.0008638	+0.0010031	+0.0011469	+0.0012848	+0.0014261	+0.0015857	+0.0016169
2014-10	-0.008	-0.0000313	+0.0000296	+0.0002860	+0.0003960	+0.0004634	+0.0006858	+0.0008256	+0.0009624	+0.0011299	+0.0012870	+0.0014066	+0.0015860	+0.0017343	+0.0018554	+0.0019686	+0.0021284	+0.0022019	+0.0023447	+0.0023787	+0.0024852	+0.0024998
2014-11	0.054	-0.0068286	-0.0066530	-0.0063896	-0.0061890	-0.0058671	-0.0052971	-0.0046929	-0.0041220	-0.0034510	-0.0028632	-0.0020167	-0.0014171	-0.0007818	+0.0000291	+0.0003315	+0.0007416	+0.0015413	+0.0017192	+0.0018888	+0.0020073	+0.0021308
2014-12	-0.007	-0.0027148	-0.0026372	-0.0018211	-0.0016183	-0.0014155	-0.0001829	+0.0004852	+0.0015534	+0.0023289	+0.0027671	+0.0039491	+0.0052726	+0.0062171	+0.0065534	+0.0069032	+0.0072899	+0.0076026	+0.0079211	+0.0080725	+0.0081847	+0.0085346
2015-01	0.000	-0.0028749	-0.0028711	-0.0024502	-0.0022355	-0.0020645	-0.0016734	-0.0013989	-0.0009633	-0.0005323	-0.0001232	+0.0003959	+0.0008384	+0.0012217	+0.0016608	+0.0021504	+0.0024330	+0.0027270	+0.0029018	+0.0029726	+0.0030440	+0.0031070
2015-02	0.005	-0.0030337	-0.0029633	-0.0028731	-0.0025516	-0.0024007	-0.0022231	-0.0019821	-0.0017283	-0.0015193	-0.0012420	-0.0009319	-0.0006551	-0.0002332	+0.0000915	+0.0004525	+0.0007122	+0.0009124	+0.0012618	+0.0013975	+0.0019514	+0.0019526
