2011-03	0.003	-0.0006113	-0.0004627	-0.0000382	+0.0001586	+0.0003171	+0.0005495	+0.0009029	+0.0012813	+0.0015561	+0.0018602	+0.0021539	+0.0023965	+0.0026005	+0.0027894	+0.0029159	+0.0030837	+0.0031705	+0.0032346	+0.0033808	+0.0034099	+0.0036050
2011-04	0.054	-0.0025424	-0.0023905	-0.0022580	-0.0021643	-0.0017007	-0.0015559	-0.0012758	-0.0010843	-0.0008001	-0.0005258	-0.0002678	+0.0000346	+0.0002579	+0.0005778	+0.0008162	+0.0011046	+0.0014195	+0.0014888	+0.0017266	+0.0019177	+0.0021348
2011-05	0.006	-0.0022403	-0.0016517	-0.0012808	-0.0010792	-0.0006927	-0.0004712	+0.0000981	+0.0004752	+0.0008294	+0.0011359	+0.0014687	+0.0017301	+0.0019316	+0.0021601	+0.0022671	+0.0024178	+0.0025388	+0.0026338	+0.0027166	+0.0027635	+0.0028915
2011-06	-0.020	-0.0015709	-0.0014375	-0.0008879	-0.0007310	-0.0005141	-0.0001566	+0.0002996	+0.0004955	+0.0010693	+0.0013969	+0.0017765	+0.0022078	+0.0025230	+0.0028441	+0.0031343	+0.0033563	+0.0035183	+0.0036888	+0.0039171	+0.0040238	+0.0040877
2011-07	0.015	-0.0028797	-0.0028308	-0.0026567	-0.0024985	-0.0023403	-0.0021609	-0.0019897	-0.0017699	-0.0014829	-0.0012306	-0.0009691	-0.0006236	-0.0003059	-0.0000043	+0.0003435	+0.0006309	+0.0008060	+0.0010116	+0.0012466	+0.0015340	+0.0017278
2011-08	-0.067	-0.0020381	-0.0017005	-0.0016563	-0.0013532	-0.0010236	-0.0006881	-0.0002700	+0.0001694	+0.0005904	+0.0011214	+0.0015856	+0.0020494	+0.0026017	+0.0029700	+0.0033306	+0.0035705	+0.0038117	+0.0040966	+0.0043015	+0.0044640	+0.0045434
2011-09	-0.066	-0.0097971	-0.0096906	-0.0096823	-0.0089897	-0.0086636	-0.0083751	-0.0077696	-0.0072797	-0.0064362	-0.0054036	-0.0041469	-0.0028607	-0.0015619	+0.0000404	+0.0013419	+0.0028416	+0.0044392	+0.0082743	+0.0100000	+0.0100000	+0.0100000
2011-10	0.106	-0.0069304	-0.0064568	-0.0061913	-0.0057001	-0.0049610	-0.0043928	-0.0038636	-0.0027939	-0.0019589	-0.0013260	-0.0003910	+0.0007763	+0.0014623	+0.0023040	+0.0031357	+0.0037389	+0.0047781	+0.0052344	+0.0057274	+0.0062702	+0.0068106
2011-11	-0.087	-0.0074298	-0.0074269	-0.0069677	-0.0066945	-0.0059550	-0.0051996	-0.0045686	-0.0040051	-0.0033561	-0.0021844	-0.0006445	+0.0007485	+0.0020868	+0.0029569	+0.0040106	+0.0054323	+0.0069720	+0.0074672	+0.0079207	+0.0093114	+0.0096078
2011-12	0.085	-0.0071665	-0.0069492	-0.0063154	-0.0058686	-0.0055478	-0.0041985	-0.0028167	-0.0015782	-0.0005967	+0.0005939	+0.0019569	+0.0035358	+0.0047264	+0.0059356	+0.0068357	+0.0074346	+0.0079244	+0.0084723	+0.0089152	+0.0093114	+0.0096078
2012-01	0.050	-0.0055478	-0.0050008	-0.0044647	-0.0041934	-0.0035012	-0.0031104	-0.0024012	-0.0017561	-0.0009402	-0.0002812	+0.0004978	+0.0013559	+0.0019953	+0.0024670	+0.0032891	+0.0036999	+0.0039698	+0.0041691	+0.0042873	+0.0044486	+0.0045584
2012-02	-0.007	-0.0001347	-0.0001339	+0.0000833	+0.0002344	+0.0005375	+0.0012746	+0.0021782	+0.0023945	+0.0025841	+0.0027878	+0.0029884	+0.0031958	+0.0034054	+0.0035807	+0.0038037	+0.0040221	+0.0041229	+0.0041887	+0.0042446	+0.0046501	+0.0047119
2012-03	0.035	-0.0033263	-0.0028591	-0.0024652	-0.0020491	-0.0015501	-0.0010234	-0.0005587	-0.0000919	+0.0006673	+0.0012971	+0.0018562	+0.0023964	+0.0030309	+0.0036769	+0.0040827	+0.0042600	+0.0044678	+0.0046042	+0.0047358	+0.0048424	+0.0048759
2012-04	0.031	-0.0020173	-0.0020011	-0.0019685	-0.0018382	-0.0016186	-0.0014417	-0.0013203	-0.0009968	-0.0006063	-0.0001777	+0.0001546	+0.0004223	+0.0007243	+0.0013117	+0.0015952	+0.0017573	+0.0018964	+0.0019794	+0.0020651	+0.0021083	+0.0021866
2012-05	-0.046	-0.0017451	-0.0015818	-0.0012285	-0.0010652	-0.0008531	-0.0007597	-0.0003365	-0.0000447	+0.0001912	+0.0004818	+0.0008802	+0.0011528	+0.0014310	+0.0017043	+0.0019379	+0.0021794	+0.0023695	+0.0025369	+0.0026519	+0.0027105	+0.0029519
2012-06	0.029	-0.0030367	-0.0029867	-0.0029630	-0.0029359	-0.0027022	-0.0024653	-0.0022610	-0.0016127	-0.0009779	-0.0004189	+0.0001887	+0.0006234	+0.0012456	+0.0018760	+0.0024992	+0.0028596	+0.0030909	+0.0034022	+0.0036257	+0.0038446	+0.0039659
2012-07	0.042	-0.0042082	-0.0041811	-0.0039233	-0.0036868	-0.0032484	-0.0029359	-0.0023864	-0.0018750	-0.0013789	-0.0009228	-0.0004684	+0.0002376	+0.0007902	+0.0011477	+0.0014171	+0.0016437	+0.0017733	+0.0020832	+0.0021707	+0.0022381	+0.0023256
2012-08	-0.009	-0.0021106	-0.0018054	-0.0015451	-0.0010639	-0.0005300	-0.0000869	+0.0003977	+0.0007989	+0.0012395	+0.0016665	+0.0020816	+0.0023496	+0.0027501	+0.0030705	+0.0033564	+0.0035676	+0.0037578	+0.0039466	+0.0040640	+0.0041117	+0.0042671
2012-09	-0.015	-0.0014184	-0.0013635	-0.0013067	-0.0012165	-0.0011146	-0.0009448	-0.0008354	-0.0007393	-0.0006244	-0.0003988	-0.0002534	-0.0000849	+0.0001062	+0.0002665	+0.0004124	+0.0005452	+0.0006961	+0.0007627	+0.0008715	+0.0010083	+0.0010219
2012-10	-0.023	-0.0014961	-0.0014364	-0.0012342	-0.0011745	-0.0010569	-0.0008987	-0.0006756	-0.0004367	-0.0001760	+0.0000580	+0.0002558	+0.0004879	+0.0008190	+0.0010452	+0.0012088	+0.0014022	+0.0015614	+0.0016671	+0.0017911	+0.0017975	+0.0019237
2012-11	0.000	-0.0028306	-0.0027318	-0.0026552	-0.0025670	-0.0024103	-0.0022578	-0.0021488	-0.0018939	-0.0017577	-0.0014968	-0.0012967	-0.0010253	-0.0007548	-0.0004568	-0.0002043	+0.0000229	+0.0002459	+0.0004695	+0.0006807	+0.0008389	+0.0010501
2012-12	0.033	-0.0023360	-0.0022327	-0.0021609	-0.0020118	-0.0019119	-0.0017998	-0.0016418	-0.0014761	-0.0013132	-0.0011414	-0.0009475	-0.0007900	-0.0006097	-0.0004558	-0.0003524	-0.0002658	-0.0001851	-0.0000260	+0.0001086	+0.0001832	+0.0002211
2013-01	0.038	-0.0012624	-0.0011207	-0.0010066	-0.0008926	-0.0006368	-0.0003944	-0.0001543	+0.0000718	+0.0003524	+0.0006318	+0.0009541	+0.0012585	+0.0015638	+0.0017561	+0.0019906	+0.0021677	+0.0023931	+0.0025388	+0.0026141	+0.0026851	+0.0026898
2013-02	-0.000	-0.0008057	-0.0007367	-0.0005410	-0.0004780	-0.0004503	-0.0001342	+0.0018038	+0.0019251	+0.0020798	+0.0022396	+0.0023097	+0.0024812	+0.0025494	+0.0026069	+0.0027583	+0.0028193	+0.0028707	+0.0029447	+0.0030397	+0.0030813	+0.0031198
2013-03	0.024	-0.0008589	-0.0008583	-0.0006565	-0.0004892	-0.0004521	-0.0002181	-0.0000607	+0.0001400	+0.0003414	+0.0005038	+0.0006920	+0.0008371	+0.0009676	+0.0011468	+0.0013130	+0.0014020	+0.0016236	+0.0016676	+0.0017260	+0.0018193	+0.0021155
2013-04	0.049	-0.0008498	-0.0008356	-0.0006284	-0.0005614	-0.0004401	-0.0002520	-0.0000283	+0.0000619	+0.0002483	+0.0003265	+0.0004658	+0.0005645	+0.0006773	+0.0007821	+0.0008613	+0.0009661	+0.0010407	+0.0010887	+0.0011664	+0.0012464	+0.0012465
2013-05	-0.032	-0.0013233	-0.0012157	-0.0010671	-0.0006263	-0.0003107	+0.0005088	+0.0009285	+0.0013903	+0.0016416	+0.0018375	+0.0021134	+0.0024475	+0.0026255	+0.0027920	+0.0030650	+0.0032385	+0.0033574	+0.0034844	+0.0035637	+0.0037606	+0.0039455
2013-06	-0.028	-0.0036682	-0.0032719	-0.0025377	-0.0020316	-0.0014561	-0.0009634	-0.0007122	-0.0002371	+0.0005792	+0.0013169	+0.0019164	+0.0022963	+0.0025426	+0.0027256	+0.0028727	+0.0029757	+0.0030736	+0.0031920	+0.0032740	+0.0033918	+0.0034706
2013-07	0.021	-0.0071343	-0.0071090	-0.0067336	-0.0065290	-0.0061536	-0.0059463	-0.0055824	-0.0052528	-0.0048238	-0.0044231	-0.0039548	-0.0034504	-0.0027392	-0.0021436	-0.0016506	-0.0007708	-0.0001714	+0.0000714	+0.0003804	+0.0016207	+0.0018419
2013-08	-0.074	-0.0029834	-0.0027446	-0.0024748	-0.0021306	-0.0018113	-0.0012520	-0.0008992	-0.0003846	+0.0000945	+0.0007434	+0.0013319	+0.0019171	+0.0025301	+0.0030137	+0.0034788	+0.0039608	+0.0044947	+0.0047585	+0.0051206	+0.0053893	+0.0054888
2013-09	0.033	-0.0061403	-0.0058707	-0.0057600	-0.0054265	-0.0050907	-0.0048574	-0.0043844	-0.0039463	-0.0035012	-0.0030001	-0.0022813	-0.0014619	-0.0007369	-0.0003559	+0.0002612	+0.0008860	+0.0015766	+0.0019934	+0.0021563	+0.0026311	+0.0026860
2013-10	0.037	-0.0039831	-0.0039376	-0.0037180	-0.0036248	-0.0035501	-0.0033748	-0.0031403	-0.0024010	-0.0009500	-0.0005778	-0.0002363	+0.0002439	+0.0017289	+0.0023508	+0.0027444	+0.0029742	+0.0031718	+0.0034252	+0.0036069	+0.0036803	+0.0039536
2013-11	-0.048	-0.0012693	-0.0009923	-0.0009291	-0.0007677	-0.0004863	-0.0002058	+0.0003185	+0.0007892	+0.0010650	+0.0014279	+0.0017588	+0.0024246	+0.0028436	+0.0030522	+0.0032318	+0.0033493	+0.0034533	+0.0035411	+0.0036251	+0.0036465	+0.0037415
2013-12	-0.007	-0.0040162	-0.0039361	-0.0036793	-0.0035992	-0.0035042	-0.0032729	-0.0031355	-0.0028249	-0.0025240	-0.0016728	-0.0004157	+0.0001391	+0.0004342	+0.0008330	+0.0018657	+0.0030547	+0.0033723	+0.0035411	+0.0036361	+0.0037217	+0.0037745
2014-01	0.026	-0.0030301	-0.0030153	-0.0029367	-0.0027762	-0.0025376	-0.0024075	-0.0020806	-0.0018666	-0.0016272	-0.0014377	-0.0011557	-0.0008478	-0.0005815	-0.0002994	+0.0000303	+0.0005568	+0.0008180	+0.0011449	+0.0014024	+0.0018520	+0.0019289
2014-02	0.042	-0.0003802	-0.0003583	-0.0002321	-0.0000562	-0.0000280	+0.0001190	+0.0002443	+0.0004078	+0.0005948	+0.0008304	+0.0010542	+0.0012689	+0.0014862	+0.0016643	+0.0018923	+0.0021185	+0.0022097	+0.0023126	+0.0024337	+0.0024809	+0.0026020
2014-03	0.007	-0.0005144	-0.0004961	-0.0002929	-0.0002380	+0.0003288	+0.0005239	+0.0007437	+0.0009909	+0.0013118	+0.0015869	+0.0018751	+0.0021279	+0.0023670	+0.0026548	+0.0028663	+0.0030400	+0.0031973	+0.0033460	+0.0034832	+0.0036092	+0.0036467
2014-04	0.034	-0.0020837	-0.0020739	-0.0017212	-0.0015415	-0.0012976	-0.0007520	-0.0004210	-0.0001509	+0.0000929	+0.0004305	+0.0008020	+0.0012751	+0.0016061	+0.0018821	+0.0021517	+0.0025521	+0.0028742	+0.0030157	+0.0031973	+0.0032746	+0.0034562
2014-05	0.021	-0.0010966	-0.0010555	-0.0009393	-0.0006404	-0.0003865	-0.0001325	+0.0000432	+0.0002046	+0.0004827	+0.0007461	+0.0010605	+0.0012453	+0.0014404	+0.0015463	+0.0017018	+0.0017683	+0.0019343	+0.0019942	+0.0020512	+0.0022027	+0.0022626
2014-06	0.013	-0.0011019	-0.0010492	-0.0010087	-0.0009102	-0.0008226	+0.0001106	+0.0008424	+0.0010904	+0.0012177	+0.0013318	+0.0014270	+0.0015596	+0.0017271	+0.0020040	+0.0021695	+0.0022873	+0.0023897	+0.0024991	+0.0026666	+0.0028595	+0.0030713
2014-07	0.009	-0.0013804	-0.0013768	-0.0012231	-0.0011918	-0.0010075	-0.0005254	-0.0002196	+0.0000277	+0.0001614	+0.0002868	+0.0004216	+0.0005482	+0.0006618	+0.0008654	+0.0009960	+0.0011069	+0.0012912	+0.0014084	+0.0014570	+0.0015044	+0.0015742
2014-08	0.002	-0.0006965	-0.0005650	-0.0003680	-0.0002686	-0.0001749	-0.0000723	+0.0000466	+0.0001830	+0.0003661	+0.0005386	+0.0006728	+0.0007709	+0.0008673	+0.0009383	+0.0010112	+0.0010622	+0.0011165	+0.0011499	+0.0011911	+0.0012172	+0.0012333
2014-09	-0.045	-0.0012712	-0.0011923	-0.0011455	-0.0010019	-0.0009270	-0.0008237	-0.0006287	-0.0004090	-0.0001689	+0.0000283	+0.0001787	+0.0004109	+0.0006872	+0.0008859	+0.0010101	+0.0011190	+0.0012125	+0.0012869	+0.0013474	+0.0013794	+0.0014350
2014-10	0.069	-0.0038202	-0.0037250	-0.0035942	-0.0034619	-0.0033106	-0.0030047	-0.0025561	-0.0020924	-0.0014582	-0.0011172	-0.0007589	-0.0002880	+0.0002670	+0.0009800	+0.0011685	+0.0013225	+0.0014271	+0.0014769	+0.0015187	+0.0016006	+0.0016637
2014-11	0.026	-0.0042116	-0.0041961	-0.0039794	-0.0039485	-0.0037976	-0.0035880	-0.0031054	-0.0017579	-0.0009926	-0.0002369	+0.0002599	+0.0009499	+0.0021936	+0.0028436	+0.0034238	+0.0038410	+0.0041564	+0.0043561	+0.0045463	+0.0045921	+0.0045976
2014-12	0.036	-0.0030163	-0.0027468	-0.0024743	-0.0022933	-0.0011051	-0.0005025	+0.0008137	+0.0013097	+0.0019520	+0.0024527	+0.0028155	+0.0031668	+0.0037041	+0.0041790	+0.0044505	+0.0046088	+0.0047692	+0.0049205	+0.0050724	+0.0051257	+0.0051349
2015-01	0.054	-0.0001128	+0.0000041	+0.0001367	+0.0002370	+0.0003540	+0.0004931	+0.0006774	+0.0008145	+0.0010022	+0.0011643	+0.0013520	+0.0015055	+0.0016540	+0.0017557	+0.0018625	+0.0019363	+0.0019825	+0.0020508	+0.0020869	+0.0021485	+0.0021552
2015-02	-0.012	-0.0009058	-0.0008630	-0.0008387	-0.0004345	-0.0000421	+0.0006484	+0.0019196	+0.0021957	+0.0024873	+0.0028037	+0.0029636	+0.0032429	+0.0034820	+0.0037231	+0.0039158	+0.0039773	+0.0041671	+0.0042804	+0.0044534	+0.0044683	+0.0044937
