2011-03	0.026	-0.0054239	-0.0053772	-0.0049578	-0.0048020	-0.0046290	-0.0042157	-0.0039855	-0.0035281	-0.0031732	-0.0027142	-0.0023630	-0.0018988	-0.0013857	-0.0009281	-0.0005780	+0.0000378	+0.0008517	+0.0016728	+0.0017205	+0.0018970	+0.0021317
2011-04	0.021	-0.0050101	-0.0046090	-0.0037114	-0.0034600	-0.0032880	-0.0031451	-0.0028816	-0.0025272	-0.0015994	-0.0013738	-0.0011322	-0.0009596	-0.0007204	-0.0005204	-0.0003500	-0.0001987	-0.0000433	+0.0000806	+0.0002228	+0.0004010	+0.0005146
2011-05	-0.049	-0.0035301	-0.0033098	-0.0030296	-0.0023937	-0.0019385	-0.0015177	-0.0010553	-0.0005076	-0.0000071	+0.0009144	+0.0017645	+0.0024985	+0.0035823	+0.0044477	+0.0051078	+0.0058756	+0.0067963	+0.0073045	+0.0077001	+0.0090809	+0.0091279
2011-06	-0.019	-0.0053386	-0.0051781	-0.0050055	-0.0046729	-0.0044336	-0.0042133	-0.0038802	-0.0035358	-0.0032080	-0.0027864	-0.0024385	-0.0019893	-0.0016427	-0.0013120	-0.0008524	-0.0004935	-0.0000431	+0.0004235	+0.0005992	+0.0010171	+0.0011881
2011-07	-0.041	-0.0038267	-0.0036604	-0.0033195	-0.0030692	-0.0027494	-0.0024220	-0.0021022	-0.0017667	-0.0013529	-0.0008969	-0.0005095	-0.0001145	+0.0002593	+0.0007050	+0.0009855	+0.0013130	+0.0015101	+0.0018230	+0.0021725	+0.0022757	+0.0023050
2011-08	-0.098	-0.0040650	-0.0039828	-0.0037850	-0.0034101	-0.0031300	-0.0029222	-0.0027254	-0.0024216	-0.0019838	-0.0016429	-0.0013601	-0.0010229	-0.0006819	-0.0002865	+0.0000213	+0.0003536	+0.0006238	+0.0008082	+0.0010795	+0.0014603	+0.0015962
2011-09	-0.090	-0.0084135	-0.0082782	-0.0080642	-0.0079965	-0.0078045	-0.0075080	-0.0071955	-0.0068235	-0.0062874	-0.0059245	-0.0053601	-0.0048230	-0.0042096	-0.0035026	-0.0025875	-0.0006494	+0.0024333	+0.0033743	+0.0037548	+0.0043100	+0.0048153
2011-10	0.072	-0.0069075	-0.0068769	-0.0067336	-0.0064616	-0.0062602	-0.0060434	-0.0055998	-0.0040876	-0.0033027	-0.0028423	-0.0023132	-0.0009720	-0.0000280	+0.0005039	+0.0008061	+0.0016991	+0.0020394	+0.0023646	+0.0026146	+0.0026655	+0.0033246
2011-11	-0.066	-0.0079271	-0.0077800	-0.0076644	-0.0075173	-0.0072178	-0.0066887	-0.0063214	-0.0054932	-0.0044245	-0.0034385	-0.0023884	-0.0014861	-0.0003173	+0.0008817	+0.0016973	+0.0027857	+0.0034380	+0.0046597	+0.0047803	+0.0051515	+0.0064274
2011-12	-0.005	-0.0061879	-0.0058899	-0.0058236	-0.0057092	-0.0053641	-0.0048854	-0.0026202	-0.0018785	-0.0013999	-0.0006773	+0.0008362	+0.0022705	+0.0027599	+0.0034201	+0.0038846	+0.0040752	+0.0045468	+0.0046839	+0.0051841	+0.0052445	+0.0052587
2012-01	0.058	-0.0057248	-0.0056584	-0.0052785	-0.0044692	-0.0042001	-0.0037114	-0.0033289	-0.0030221	-0.0023943	-0.0018493	-0.0012892	-0.0008378	-0.0005482	-0.0001734	+0.0001414	+0.0003758	+0.0005845	+0.0008310	+0.0010321	+0.0013546	+0.0013921
2012-02	0.113	-0.0022469	-0.0021390	-0.0020881	-0.0019439	-0.0015102	-0.0011502	-0.0008110	-0.0003612	+0.0001076	+0.0004564	+0.0010208	+0.0015133	+0.0019597	+0.0023885	+0.0027072	+0.0030075	+0.0032558	+0.0034457	+0.0036844	+0.0039696	+0.0040199
2012-03	-0.026	-0.0009878	-0.0008427	-0.0007829	-0.0005427	-0.0000272	+0.0003982	+0.0031730	+0.0034481	+0.0037777	+0.0041184	+0.0043356	+0.0045524	+0.0048033	+0.0050687	+0.0052803	+0.0054106	+0.0054942	+0.0055462	+0.0055962	+0.0056394	+0.0056730
2012-04	-0.002	-0.0039055	-0.0038359	-0.0036234	-0.0021817	-0.0015568	-0.0009080	-0.0004308	+0.0007649	+0.0013099	+0.0021188	+0.0026551	+0.0033176	+0.0041402	+0.0045317	+0.0049540	+0.0054342	+0.0056935	+0.0058929	+0.0061444	+0.0062711	+0.0064561
2012-05	-0.090	-0.0051475	-0.0050024	-0.0049292	-0.0047009	-0.0043573	-0.0040427	-0.0037377	-0.0033647	-0.0030318	-0.0025820	-0.0021911	-0.0017595	-0.0013173	-0.0009255	-0.0005616	-0.0002183	+0.0002415	+0.0007518	+0.0011452	+0.0013577	+0.0016653
2012-06	0.005	-0.0046999	-0.0043916	-0.0042205	-0.0041787	-0.0038117	-0.0035389	-0.0032317	-0.0028349	-0.0023113	-0.0019156	-0.0013766	-0.0008621	-0.0003781	+0.0001591	+0.0005566	+0.0010179	+0.0013082	+0.0016102	+0.0020306	+0.0021722	+0.0023333
2012-07	0.015	-0.0054216	-0.0051975	-0.0048884	-0.0047080	-0.0044027	-0.0039933	-0.0034882	-0.0031243	-0.0025764	-0.0020473	-0.0014652	-0.0009465	-0.0004426	+0.0001583	+0.0004228	+0.0010905	+0.0013370	+0.0015000	+0.0019707	+0.0023145	+0.0024547
2012-08	0.019	-0.0026512	-0.0024451	-0.0022847	-0.0021172	-0.0018640	-0.0014968	-0.0011476	-0.0008073	-0.0004626	-0.0001749	+0.0002525	+0.0006760	+0.0010310	+0.0012960	+0.0014706	+0.0015682	+0.0018164	+0.0019759	+0.0021803	+0.0022095	+0.0022437
2012-09	0.050	-0.0024451	-0.0022558	-0.0020785	-0.0018724	-0.0015586	-0.0012524	-0.0008582	-0.0004904	-0.0001160	+0.0003633	+0.0008006	+0.0012854	+0.0016853	+0.0020684	+0.0024060	+0.0027489	+0.0029822	+0.0031585	+0.0034085	+0.0036087	+0.0038598
2012-10	0.016	-0.0011496	-0.0010945	-0.0008909	-0.0003923	-0.0001686	-0.0000195	+0.0002369	+0.0006827	+0.0009726	+0.0014034	+0.0018710	+0.0021716	+0.0025947	+0.0029334	+0.0032703	+0.0035549	+0.0037865	+0.0039678	+0.0040091	+0.0041909	+0.0042135
2012-11	0.009	-0.0020229	-0.0019945	-0.0018852	-0.0015550	-0.0012867	-0.0011263	-0.0009030	-0.0005714	-0.0002220	+0.0001342	+0.0004418	+0.0008114	+0.0012282	+0.0015466	+0.0018976	+0.0021336	+0.0025053	+0.0028456	+0.0029758	+0.0031561	+0.0032396
2012-12	0.113	-0.0010010	-0.0007576	-0.0006305	-0.0005397	-0.0003389	-0.0001773	-0.0000569	+0.0001686	+0.0003866	+0.0005995	+0.0008319	+0.0010319	+0.0012546	+0.0014798	+0.0016466	+0.0018637	+0.0020353	+0.0020941	+0.0022832	+0.0024325	+0.0025672
2013-01	0.052	-0.0006653	-0.0006305	-0.0005565	-0.0004161	-0.0003206	-0.0000477	+0.0003888	+0.0007749	+0.0011802	+0.0017951	+0.0025688	+0.0030746	+0.0037933	+0.0042952	+0.0047308	+0.0054797	+0.0058376	+0.0064129	+0.0066707	+0.0067189	+0.0069767
2013-02	-0.001	-0.0045148	-0.0044135	-0.0031823	-0.0028583	-0.0019198	-0.0004948	+0.0023597	+0.0032008	+0.0039786	+0.0047822	+0.0053331	+0.0060382	+0.0066661	+0.0071725	+0.0076046	+0.0079728	+0.0084171	+0.0086893	+0.0089689	+0.0091716	+0.0092019
2013-03	-0.012	-0.0037813	-0.0024560	-0.0023795	-0.0021350	-0.0018658	-0.0008347	-0.0005386	+0.0005175	+0.0009637	+0.0015980	+0.0023398	+0.0026558	+0.0029842	+0.0036019	+0.0039694	+0.0041243	+0.0042579	+0.0043809	+0.0044679	+0.0045358	+0.0045908
2013-04	0.032	-0.0033408	-0.0032157	-0.0031755	-0.0029269	-0.0026633	-0.0024485	-0.0022608	-0.0019528	-0.0016194	-0.0014102	-0.0011906	-0.0007068	-0.0004731	-0.0003393	-0.0002313	-0.0001558	-0.0000653	-0.0000034	+0.0000881	+0.0001512	+0.0001640
2013-05	0.008	-0.0036926	-0.0033190	-0.0031504	-0.0029602	-0.0026827	-0.0021386	-0.0016993	-0.0013162	-0.0008734	-0.0004666	+0.0000503	+0.0005074	+0.0009342	+0.0013778	+0.0018009	+0.0021589	+0.0024712	+0.0027587	+0.0030617	+0.0031932	+0.0035512
2013-06	-0.097	-0.0030632	-0.0025709	-0.0021587	-0.0017736	-0.0016058	-0.0010074	-0.0003857	-0.0001176	+0.0004205	+0.0011233	+0.0016156	+0.0022199	+0.0028771	+0.0032785	+0.0036644	+0.0041344	+0.0049030	+0.0050125	+0.0053557	+0.0056852	+0.0057547
2013-07	0.049	-0.0085594	-0.0084930	-0.0083275	-0.0079996	-0.0078233	-0.0076401	-0.0072860	-0.0070462	-0.0066306	-0.0059874	-0.0050904	-0.0042372	-0.0033570	-0.0026447	-0.0019428	-0.0013252	-0.0003554	+0.0002973	+0.0006105	+0.0012559	+0.0020496
2013-08	-0.027	-0.0071310	-0.0065228	-0.0050904	-0.0038727	-0.0034131	-0.0028432	-0.0023196	-0.0013723	-0.0000607	+0.0010340	+0.0017581	+0.0023961	+0.0029855	+0.0034596	+0.0040184	+0.0043709	+0.0047177	+0.0052282	+0.0053661	+0.0059885	+0.0060834
2013-09	0.072	-0.0020673	-0.0020615	-0.0019225	-0.0016332	-0.0014885	-0.0013414	-0.0011471	-0.0009651	-0.0007321	-0.0004276	+0.0000093	+0.0002983	+0.0005752	+0.0008985	+0.0012170	+0.0015548	+0.0017673	+0.0019407	+0.0022359	+0.0022999	+0.0024060
2013-10	0.044	-0.0017754	-0.0017470	-0.0016332	-0.0014292	-0.0009023	-0.0007332	-0.0005785	-0.0003154	+0.0003047	+0.0011298	+0.0014920	+0.0020590	+0.0026410	+0.0032595	+0.0037574	+0.0043211	+0.0046481	+0.0051555	+0.0053038	+0.0055388	+0.0060766
2013-11	0.006	-0.0020032	-0.0018506	-0.0013462	-0.0009991	-0.0007265	-0.0001854	+0.0005490	+0.0009196	+0.0012651	+0.0016193	+0.0019278	+0.0022067	+0.0025086	+0.0027275	+0.0029895	+0.0033171	+0.0035018	+0.0036982	+0.0038565	+0.0040981	+0.0042263
2013-12	0.022	-0.0013764	-0.0013463	-0.0012884	-0.0012041	-0.0010469	-0.0005427	-0.0004209	-0.0002410	+0.0001526	+0.0004651	+0.0007535	+0.0010750	+0.0014686	+0.0017005	+0.0019664	+0.0022797	+0.0024614	+0.0025563	+0.0027024	+0.0027979	+0.0029440
2014-01	-0.064	-0.0016088	-0.0014546	-0.0011965	-0.0010741	-0.0008463	-0.0006814	-0.0005172	-0.0002603	+0.0000175	+0.0002884	+0.0005399	+0.0007935	+0.0010601	+0.0012773	+0.0016113	+0.0017776	+0.0020403	+0.0022045	+0.0024614	+0.0026874	+0.0027578
2014-02	0.011	-0.0041113	-0.0037575	-0.0036728	-0.0028783	-0.0024101	-0.0018930	-0.0015240	-0.0010952	-0.0006441	+0.0001070	+0.0007481	+0.0011553	+0.0016254	+0.0019133	+0.0020801	+0.0024768	+0.0026874	+0.0027845	+0.0029595	+0.0030413	+0.0030532
2014-03	0.025	-0.0051086	-0.0047957	-0.0047306	-0.0046728	-0.0044657	-0.0043203	-0.0040925	-0.0038268	-0.0035483	-0.0029608	-0.0022046	-0.0015644	-0.0010527	-0.0002850	+0.0006146	+0.0012445	+0.0014762	+0.0024087	+0.0033150	+0.0036348	+0.0038665
2014-04	0.016	-0.0013744	-0.0013378	-0.0011326	-0.0008385	-0.0006221	-0.0003803	-0.0001309	+0.0000994	+0.0003329	+0.0006080	+0.0008222	+0.0010502	+0.0012645	+0.0014127	+0.0015701	+0.0017472	+0.0018996	+0.0019401	+0.0020124	+0.0020996	+0.0021181
2014-05	0.007	-0.0015293	-0.0012282	-0.0010683	-0.0008740	-0.0005809	-0.0002451	+0.0002791	+0.0006524	+0.0009135	+0.0012147	+0.0014685	+0.0016993	+0.0019053	+0.0020598	+0.0021970	+0.0023249	+0.0024699	+0.0025492	+0.0026837	+0.0027642	+0.0028619
2014-06	0.007	-0.0004199	-0.0003970	-0.0003599	-0.0002389	-0.0001032	-0.0000322	+0.0000687	+0.0002439	+0.0003821	+0.0005287	+0.0006698	+0.0007818	+0.0009992	+0.0011277	+0.0012223	+0.0013930	+0.0015055	+0.0015911	+0.0017266	+0.0017928	+0.0018121
2014-07	0.035	-0.0008096	-0.0007708	-0.0007354	-0.0006924	-0.0006233	-0.0005109	-0.0004009	-0.0002463	-0.0000511	+0.0001365	+0.0002825	+0.0004646	+0.0006530	+0.0008484	+0.0009955	+0.0011583	+0.0012878	+0.0013839	+0.0014509	+0.0015720	+0.0016644
2014-08	0.002	-0.0009838	-0.0009224	-0.0008300	-0.0007005	-0.0005207	-0.0001649	+0.0000839	+0.0002855	+0.0004724	+0.0006067	+0.0007686	+0.0009249	+0.0010752	+0.0011972	+0.0013111	+0.0014278	+0.0015608	+0.0016371	+0.0016984	+0.0017497	+0.0017809
2014-09	0.027	-0.0005261	-0.0004627	-0.0004179	-0.0002406	-0.0000794	+0.0005572	+0.0006856	+0.0007944	+0.0009443	+0.0010172	+0.0011784	+0.0012947	+0.0014035	+0.0015341	+0.0016203	+0.0017514	+0.0018172	+0.0019106	+0.0019865	+0.0020306	+0.0021071
2014-10	-0.028	-0.0012782	-0.0011630	-0.0010493	-0.0008579	-0.0006510	-0.0004060	+0.0004568	+0.0006680	+0.0008233	+0.0009781	+0.0011283	+0.0012649	+0.0013694	+0.0014455	+0.0015484	+0.0015777	+0.0016092	+0.0016612	+0.0017567	+0.0017881	+0.0017934
2014-11	0.055	-0.0041966	-0.0040537	-0.0039147	-0.0036769	-0.0033598	-0.0031119	-0.0027705	-0.0024785	-0.0021179	-0.0017458	-0.0013776	-0.0010726	-0.0007138	-0.0003747	-0.0001006	+0.0000630	+0.0001914	+0.0003509	+0.0004876	+0.0006058	+0.0007039
2014-12	-0.027	-0.0024170	-0.0023518	-0.0022671	-0.0021770	-0.0017458	-0.0007767	-0.0004339	+0.0001546	+0.0005347	+0.0008553	+0.0017297	+0.0023661	+0.0028260	+0.0032358	+0.0034404	+0.0035828	+0.0037172	+0.0038145	+0.0038476	+0.0038722	+0.0039449
2015-01	-0.021	-0.0062338	-0.0058602	-0.0057108	-0.0053911	-0.0046979	-0.0043522	-0.0038670	-0.0032652	-0.0026989	-0.0019988	-0.0015030	-0.0007555	-0.0003249	+0.0000578	+0.0007945	+0.0010532	+0.0013370	+0.0014192	+0.0014965	+0.0017168	+0.0017410
2015-02	0.007	-0.0024198	-0.0024175	-0.0023801	-0.0023337	-0.0022275	-0.0019805	-0.0018142	-0.0016159	-0.0012497	-0.0009745	-0.0005199	-0.0002426	+0.0001907	+0.0005413	+0.0010373	+0.0015456	+0.0017986	+0.0022290	+0.0024864	+0.0031279	+0.0031686
