2011-03	0.014	-0.0011722	-0.0011677	-0.0011491	-0.0011298	-0.0010830	-0.0010390	-0.0009905	-0.0009378	-0.0008547	-0.0007881	-0.0007115	-0.0006255	-0.0005371	-0.0004340	-0.0003622	-0.0002414	-0.0001579	-0.0001174	-0.0000349	+0.0000034	+0.0000575
2011-04	0.004	-0.0005594	-0.0005205	-0.0004515	-0.0003900	-0.0001964	-0.0001150	+0.0000390	+0.0001663	+0.0002792	+0.0004172	+0.0006032	+0.0007377	+0.0008707	+0.0009756	+0.0010348	+0.0011009	+0.0011483	+0.0011914	+0.0012006	+0.0012480	+0.0012822
2011-05	0.016	-0.0004357	-0.0004072	-0.0003914	-0.0003344	-0.0002711	-0.0000801	-0.0000252	+0.0000223	+0.0000757	+0.0001233	+0.0001775	+0.0002479	+0.0003110	+0.0003789	+0.0004383	+0.0004862	+0.0005363	+0.0005846	+0.0006645	+0.0006802	+0.0007251
2011-06	0.011	-0.0005028	-0.0004888	-0.0004284	-0.0002054	-0.0000391	+0.0000542	+0.0002812	+0.0005456	+0.0006590	+0.0007295	+0.0008040	+0.0010270	+0.0011227	+0.0011614	+0.0011932	+0.0012161	+0.0012366	+0.0012414	+0.0012793	+0.0012878	+0.0013070
2011-07	0.018	-0.0005983	-0.0005913	-0.0005461	-0.0005086	-0.0004665	-0.0002938	+0.0002076	+0.0002599	+0.0003099	+0.0003470	+0.0003872	+0.0004236	+0.0004487	+0.0004783	+0.0005017	+0.0005485	+0.0005797	+0.0006151	+0.0006256	+0.0006452	+0.0006628
2011-08	0.005	-0.0002523	-0.0002002	-0.0001851	-0.0001451	+0.0000177	+0.0001019	+0.0002492	+0.0003198	+0.0003961	+0.0004767	+0.0005376	+0.0006001	+0.0006657	+0.0007388	+0.0007801	+0.0008261	+0.0008405	+0.0008866	+0.0009006	+0.0009108	+0.0009572
2011-09	-0.029	-0.0008260	-0.0007451	-0.0006662	-0.0005721	-0.0004137	-0.0002830	-0.0001694	-0.0000198	+0.0001293	+0.0003480	+0.0005207	+0.0006662	+0.0008357	+0.0010287	+0.0011573	+0.0012494	+0.0013810	+0.0014791	+0.0015982	+0.0016962	+0.0017676
2011-10	0.035	-0.0025229	-0.0024889	-0.0023889	-0.0018368	-0.0016574	-0.0014541	-0.0013374	-0.0011412	-0.0007335	-0.0004326	-0.0001860	-0.0000004	+0.0001844	+0.0003773	+0.0005291	+0.0006431	+0.0008113	+0.0008738	+0.0010211	+0.0010836	+0.0011680
2011-11	-0.014	-0.0027199	-0.0026445	-0.0026098	-0.0025344	-0.0024889	-0.0023889	-0.0020979	-0.0016231	-0.0012260	-0.0005462	-0.0002998	+0.0000786	+0.0005791	+0.0010683	+0.0016600	+0.0018330	+0.0020163	+0.0021803	+0.0023064	+0.0023391	+0.0024344
2011-12	0.012	-0.0016797	-0.0015822	-0.0014657	-0.0009492	-0.0008396	-0.0006557	-0.0004500	-0.0000160	+0.0001681	+0.0004230	+0.0007739	+0.0010569	+0.0012862	+0.0014234	+0.0016390	+0.0018346	+0.0019652	+0.0020897	+0.0022031	+0.0023179	+0.0023391
2012-01	0.012	-0.0009371	-0.0008720	-0.0008305	-0.0007532	-0.0006475	-0.0006028	-0.0005108	-0.0004140	-0.0002990	-0.0001939	-0.0000745	+0.0000248	+0.0001380	+0.0002432	+0.0003064	+0.0003830	+0.0004818	+0.0005328	+0.0005724	+0.0006846	+0.0006925
2012-02	0.009	-0.0003088	-0.0002909	-0.0002521	-0.0002343	-0.0002128	+0.0000115	+0.0000987	+0.0001256	+0.0001499	+0.0001978	+0.0002298	+0.0002686	+0.0003180	+0.0003303	+0.0003760	+0.0004392	+0.0004463	+0.0004566	+0.0005322	+0.0005637	+0.0005681
2012-03	-0.005	-0.0004794	-0.0004734	-0.0003997	-0.0003157	-0.0000475	+0.0000573	+0.0001910	+0.0002815	+0.0004724	+0.0005799	+0.0006942	+0.0008002	+0.0009127	+0.0010312	+0.0011134	+0.0011847	+0.0012327	+0.0012708	+0.0012943	+0.0013304	+0.0013538
2012-04	0.010	-0.0005399	-0.0005278	-0.0005153	-0.0004694	-0.0004248	-0.0003606	-0.0002787	-0.0002020	-0.0001224	-0.0000470	+0.0000527	+0.0001350	+0.0002224	+0.0003044	+0.0003608	+0.0004133	+0.0004629	+0.0005098	+0.0005626	+0.0006032	+0.0006034
2012-05	-0.015	-0.0007382	-0.0006619	-0.0006444	-0.0006004	-0.0005681	-0.0004955	-0.0004231	-0.0003427	-0.0001701	-0.0000553	+0.0000322	+0.0000852	+0.0002492	+0.0004046	+0.0004803	+0.0005187	+0.0005396	+0.0005683	+0.0006177	+0.0006384	+0.0006389
2012-06	0.016	-0.0014925	-0.0014784	-0.0014442	-0.0012453	-0.0011792	-0.0010618	-0.0009184	-0.0007270	-0.0004894	-0.0002494	-0.0000909	+0.0001109	+0.0002877	+0.0005519	+0.0007523	+0.0008530	+0.0009343	+0.0010050	+0.0010820	+0.0011316	+0.0011443
2012-07	0.031	-0.0014925	-0.0014606	-0.0014124	-0.0013586	-0.0012686	-0.0010966	-0.0006676	-0.0004855	-0.0003335	-0.0001708	+0.0000538	+0.0004401	+0.0006569	+0.0007855	+0.0009066	+0.0009873	+0.0010948	+0.0011423	+0.0012119	+0.0012752	+0.0012752
2012-08	0.004	-0.0005009	-0.0004828	-0.0004464	-0.0003652	-0.0001827	+0.0004273	+0.0006239	+0.0007013	+0.0007843	+0.0008896	+0.0010082	+0.0011448	+0.0012648	+0.0013705	+0.0014516	+0.0015626	+0.0016541	+0.0017689	+0.0018576	+0.0018994	+0.0019390
2012-09	0.008	-0.0011352	-0.0011180	-0.0010928	-0.0008503	-0.0004440	-0.0002192	-0.0001433	-0.0000619	+0.0001395	+0.0004010	+0.0005734	+0.0006862	+0.0008244	+0.0009778	+0.0012531	+0.0013392	+0.0014049	+0.0014588	+0.0014713	+0.0015066	+0.0015090
2012-10	-0.003	-0.0002755	-0.0002583	-0.0002358	-0.0002019	-0.0001548	-0.0001234	-0.0000280	+0.0000424	+0.0001008	+0.0001655	+0.0003146	+0.0003850	+0.0004951	+0.0006367	+0.0007112	+0.0007756	+0.0008568	+0.0009834	+0.0010813	+0.0011141	+0.0011892
2012-11	0.001	-0.0004940	-0.0004409	-0.0003872	-0.0003342	-0.0002489	-0.0001736	-0.0001281	-0.0000527	+0.0000215	+0.0001222	+0.0002154	+0.0002958	+0.0003673	+0.0004129	+0.0004634	+0.0004909	+0.0005461	+0.0005573	+0.0005736	+0.0006293	+0.0006377
2012-12	-0.008	-0.0005532	-0.0005409	-0.0005214	-0.0005091	-0.0004976	-0.0004543	-0.0004357	-0.0004012	-0.0003607	-0.0003312	-0.0002873	-0.0002382	-0.0001978	-0.0001529	-0.0001091	-0.0000897	-0.0000500	-0.0000108	+0.0000001	+0.0000282	+0.0000338
2013-01	-0.017	-0.0005044	-0.0004844	-0.0004647	-0.0004483	-0.0003694	-0.0003192	-0.0002438	-0.0002041	-0.0001455	-0.0000919	-0.0000281	+0.0000232	+0.0001010	+0.0001565	+0.0002044	+0.0002637	+0.0003077	+0.0003611	+0.0003831	+0.0004229	+0.0004311
2013-02	-0.005	-0.0011799	-0.0011688	-0.0011392	-0.0010869	-0.0010453	-0.0010140	-0.0009821	-0.0009409	-0.0008699	-0.0008154	-0.0007649	-0.0006953	-0.0006291	-0.0005521	-0.0004565	-0.0001422	+0.0000355	+0.0000834	+0.0001476	+0.0002218	+0.0002329
2013-03	-0.006	-0.0010472	-0.0010278	-0.0010278	-0.0010233	-0.0010108	-0.0009962	-0.0009825	-0.0009536	-0.0009140	-0.0008648	-0.0008132	-0.0007252	-0.0005696	-0.0004421	-0.0003261	+0.0002641	+0.0003123	+0.0003824	+0.0004516	+0.0006193	+0.0007202
2013-04	0.021	-0.0005456	-0.0005424	-0.0005258	-0.0005166	-0.0004938	-0.0004905	-0.0004503	-0.0003987	-0.0003581	-0.0003062	-0.0002509	-0.0002025	-0.0001587	-0.0001037	-0.0000407	-0.0000142	+0.0000117	+0.0000664	+0.0000922	+0.0001009	+0.0001038
2013-05	-0.034	-0.0005947	-0.0005946	-0.0005457	-0.0005256	-0.0004734	-0.0002078	+0.0000215	+0.0002811	+0.0004074	+0.0004825	+0.0006796	+0.0010078	+0.0012837	+0.0013845	+0.0014588	+0.0014992	+0.0015219	+0.0015787	+0.0015909	+0.0016127	+0.0016354
2013-06	-0.051	-0.0023678	-0.0023321	-0.0021196	-0.0019685	-0.0016470	-0.0014951	-0.0012731	-0.0010658	-0.0008022	-0.0005074	-0.0002356	+0.0000103	+0.0002378	+0.0004552	+0.0006161	+0.0008014	+0.0009403	+0.0010474	+0.0012051	+0.0013287	+0.0013650
2013-07	0.011	-0.0045416	-0.0044388	-0.0042934	-0.0040704	-0.0038886	-0.0037460	-0.0035250	-0.0033079	-0.0031379	-0.0029112	-0.0026982	-0.0025358	-0.0023366	-0.0021624	-0.0019769	-0.0009100	+0.0002681	+0.0003998	+0.0005007	+0.0006535	+0.0008938
2013-08	-0.028	-0.0044388	-0.0040173	-0.0039434	-0.0035996	-0.0033234	-0.0029316	-0.0025806	-0.0022398	-0.0017272	-0.0011041	-0.0006319	-0.0001022	+0.0004533	+0.0009744	+0.0014989	+0.0018428	+0.0021893	+0.0024286	+0.0026853	+0.0030291	+0.0032240
2013-09	0.025	-0.0017506	-0.0017286	-0.0016973	-0.0016653	-0.0016083	-0.0015502	-0.0014833	-0.0013738	-0.0011475	-0.0007483	-0.0005055	-0.0003435	-0.0001454	+0.0001530	+0.0004550	+0.0006319	+0.0007576	+0.0008759	+0.0010217	+0.0011009	+0.0011575
2013-10	0.014	-0.0020091	-0.0019766	-0.0018913	-0.0018475	-0.0017966	-0.0017337	-0.0016281	-0.0015004	-0.0010308	-0.0004933	-0.0000421	+0.0001720	+0.0003303	+0.0008581	+0.0013819	+0.0016172	+0.0019509	+0.0020235	+0.0020509	+0.0021000	+0.0021409
2013-11	-0.023	-0.0009320	-0.0006617	-0.0005792	-0.0004202	-0.0002312	+0.0000365	+0.0003442	+0.0005749	+0.0007763	+0.0009248	+0.0010911	+0.0012606	+0.0013857	+0.0015277	+0.0015906	+0.0016756	+0.0017487	+0.0018333	+0.0018713	+0.0019341	+0.0019593
2013-12	0.002	-0.0018028	-0.0017785	-0.0017258	-0.0016541	-0.0016201	-0.0015130	-0.0014184	-0.0013018	-0.0010501	-0.0007842	-0.0004393	-0.0001990	-0.0000153	+0.0002518	+0.0004620	+0.0007847	+0.0010379	+0.0010911	+0.0012735	+0.0012912	+0.0013063
2014-01	-0.010	-0.0010501	-0.0010073	-0.0010000	-0.0009529	-0.0007495	-0.0007019	-0.0006493	-0.0004637	-0.0003821	-0.0002108	-0.0000836	+0.0000590	+0.0002080	+0.0002998	+0.0004581	+0.0006325	+0.0009260	+0.0010840	+0.0011701	+0.0012014	+0.0013505
2014-02	0.021	-0.0007012	-0.0006167	-0.0006111	-0.0005639	-0.0004862	-0.0004241	-0.0003499	-0.0003005	-0.0002195	-0.0001027	-0.0000340	+0.0000680	+0.0001902	+0.0002636	+0.0003160	+0.0003872	+0.0005044	+0.0005793	+0.0006108	+0.0006325	+0.0006627
2014-03	0.008	-0.0007498	-0.0007012	-0.0006711	-0.0006154	-0.0006048	-0.0005497	-0.0004725	-0.0003961	-0.0002660	-0.0000746	+0.0000907	+0.0002930	+0.0004481	+0.0005703	+0.0007366	+0.0009265	+0.0010619	+0.0011606	+0.0013373	+0.0014044	+0.0014274
2014-04	0.009	-0.0009907	-0.0009814	-0.0008101	-0.0007200	-0.0005790	-0.0002487	+0.0001011	+0.0002462	+0.0003836	+0.0004913	+0.0006293	+0.0007416	+0.0008618	+0.0009574	+0.0010514	+0.0011611	+0.0011966	+0.0012867	+0.0013590	+0.0014274	+0.0014718
2014-05	0.025	-0.0001382	-0.0001206	-0.0001101	-0.0000018	+0.0000644	+0.0001819	+0.0003470	+0.0004618	+0.0005212	+0.0006344	+0.0007416	+0.0008180	+0.0008978	+0.0009755	+0.0010529	+0.0011332	+0.0011717	+0.0012253	+0.0012779	+0.0013013	+0.0013153
2014-06	0.003	-0.0005827	-0.0005808	-0.0005181	-0.0004519	-0.0003642	-0.0002261	+0.0005376	+0.0006177	+0.0006880	+0.0007253	+0.0007902	+0.0008504	+0.0009056	+0.0009386	+0.0009625	+0.0009967	+0.0010456	+0.0010543	+0.0010700	+0.0010901	+0.0010928
2014-07	0.000	-0.0008599	-0.0007747	-0.0007718	-0.0006451	-0.0005424	-0.0003216	+0.0000471	+0.0001378	+0.0002271	+0.0003172	+0.0003879	+0.0004725	+0.0005442	+0.0006203	+0.0006733	+0.0007194	+0.0007697	+0.0008253	+0.0008463	+0.0008983	+0.0009087
2014-08	0.003	-0.0001870	-0.0001784	-0.0001490	-0.0001375	-0.0001024	-0.0000730	-0.0000201	+0.0000355	+0.0000935	+0.0001497	+0.0002028	+0.0002643	+0.0003285	+0.0003754	+0.0004367	+0.0004717	+0.0005003	+0.0005252	+0.0005691	+0.0005839	+0.0006189
2014-09	-0.020	-0.0007141	-0.0006936	-0.0006725	-0.0006169	-0.0005953	-0.0005602	-0.0004843	-0.0003907	-0.0002729	-0.0001643	-0.0000525	+0.0000682	+0.0001955	+0.0003156	+0.0004220	+0.0005161	+0.0006291	+0.0006875	+0.0007335	+0.0008063	+0.0008573
2014-10	0.008	-0.0012110	-0.0012096	-0.0011597	-0.0010785	-0.0010500	-0.0009660	-0.0008676	-0.0007384	-0.0005534	-0.0003265	-0.0001350	+0.0000032	+0.0001637	+0.0003438	+0.0005605	+0.0007334	+0.0008063	+0.0008387	+0.0009703	+0.0010032	+0.0010356
2014-11	-0.005	-0.0012812	-0.0012093	-0.0011496	-0.0011183	-0.0010297	-0.0009415	-0.0008349	-0.0006959	-0.0005665	-0.0004320	-0.0002613	-0.0001272	+0.0000541	+0.0002010	+0.0003207	+0.0004923	+0.0005859	+0.0006578	+0.0008426	+0.0008724	+0.0010199
2014-12	-0.017	-0.0006353	-0.0006247	-0.0006008	-0.0005845	-0.0005619	-0.0005358	-0.0004781	-0.0004092	-0.0003146	-0.0002247	-0.0000980	+0.0000088	+0.0001008	+0.0001996	+0.0003137	+0.0003822	+0.0004918	+0.0005550	+0.0006306	+0.0006578	+0.0006665
2015-01	0.005	-0.0025633	-0.0023693	-0.0022043	-0.0020275	-0.0018703	-0.0017992	-0.0014943	-0.0013512	-0.0011033	-0.0008640	-0.0006916	-0.0004185	-0.0003205	-0.0001267	+0.0000387	+0.0000983	+0.0001513	+0.0002436	+0.0004505	+0.0004655	+0.0004684
2015-02	0.005	-0.0009585	-0.0009525	-0.0009084	-0.0008012	-0.0007536	-0.0006900	-0.0004492	-0.0003614	-0.0002293	-0.0000515	+0.0001421	+0.0003057	+0.0004965	+0.0006605	+0.0007996	+0.0009746	+0.0011004	+0.0012510	+0.0013100	+0.0013888	+0.0015864
