2011-03	0.048	-0.0059876	-0.0059795	-0.0059648	-0.0056515	-0.0055288	-0.0050913	-0.0044799	-0.0040027	-0.0034990	-0.0029919	-0.0025058	-0.0018121	-0.0010699	-0.0006369	-0.0001062	+0.0004040	+0.0008773	+0.0015512	+0.0018020	+0.0022325	+0.0023106
2011-04	-0.001	-0.0026627	-0.0026243	-0.0026009	-0.0024837	-0.0021387	-0.0019050	-0.0016694	-0.0013415	-0.0009033	-0.0005867	-0.0000927	+0.0002687	+0.0007031	+0.0011282	+0.0014859	+0.0018198	+0.0021432	+0.0024466	+0.0026768	+0.0031134	+0.0032204
2011-05	-0.070	-0.0046665	-0.0042939	-0.0036467	-0.0032098	-0.0026400	-0.0019863	-0.0012316	-0.0004219	+0.0003891	+0.0012351	+0.0022536	+0.0032085	+0.0041173	+0.0049694	+0.0058784	+0.0066178	+0.0073496	+0.0078730	+0.0082365	+0.0087896	+0.0094544
2011-06	-0.015	-0.0094867	-0.0092042	-0.0090285	-0.0087103	-0.0084469	-0.0080258	-0.0075177	-0.0070743	-0.0065742	-0.0061052	-0.0055014	-0.0045713	-0.0034821	-0.0024284	-0.0013750	-0.0000783	+0.0004207	+0.0012481	+0.0023181	+0.0033122	+0.0043822
2011-07	-0.092	-0.0044557	-0.0043938	-0.0042270	-0.0040254	-0.0039267	-0.0035583	-0.0030661	-0.0023229	-0.0018785	-0.0014255	-0.0008027	-0.0001988	+0.0004871	+0.0008975	+0.0013227	+0.0019276	+0.0021228	+0.0023927	+0.0030344	+0.0031229	+0.0034558
2011-08	-0.089	-0.0075919	-0.0068368	-0.0065740	-0.0061440	-0.0056956	-0.0051794	-0.0044361	-0.0038091	-0.0031890	-0.0024745	-0.0017184	-0.0009138	-0.0003034	+0.0003071	+0.0010167	+0.0015563	+0.0019980	+0.0023360	+0.0025774	+0.0026924	+0.0029105
2011-09	-0.179	-0.0099457	-0.0098872	-0.0098605	-0.0097281	-0.0095793	-0.0093338	-0.0090393	-0.0086548	-0.0081448	-0.0073796	-0.0062971	-0.0032667	+0.0046588	+0.0100000	+0.0100000	+0.0100000	+0.0100000	+0.0100000	+0.0100000	+0.0100000	+0.0100000
2011-10	0.184	-0.0095678	-0.0093775	-0.0090694	-0.0086328	-0.0081201	-0.0074570	-0.0065836	-0.0059695	-0.0048295	-0.0032565	-0.0017687	-0.0000287	+0.0008922	+0.0035614	+0.0044079	+0.0081425	+0.0100000	+0.0100000	+0.0100000	+0.0100000	+0.0100000
2011-11	-0.143	-0.0096099	-0.0093775	-0.0092061	-0.0089928	-0.0088374	-0.0077223	-0.0066473	-0.0055322	-0.0039589	-0.0018684	+0.0006578	+0.0034269	+0.0070225	+0.0100000	+0.0100000	+0.0100000	+0.0100000	+0.0100000	+0.0100000	+0.0100000	+0.0100000
2011-12	0.004	-0.0091444	-0.0090215	-0.0088027	-0.0076198	-0.0063613	-0.0046788	-0.0034958	-0.0025050	-0.0010328	+0.0006338	+0.0033715	+0.0053151	+0.0065692	+0.0083380	+0.0098823	+0.0100000	+0.0100000	+0.0100000	+0.0100000	+0.0100000	+0.0100000
2012-01	0.148	-0.0088294	-0.0087026	-0.0081816	-0.0073724	-0.0068718	-0.0061271	-0.0051986	-0.0044685	-0.0036995	-0.0029048	-0.0018642	-0.0008925	-0.0001517	+0.0003529	+0.0010157	+0.0013268	+0.0017752	+0.0022481	+0.0025319	+0.0029409	+0.0032361
2012-02	0.132	-0.0044685	-0.0043849	-0.0042345	-0.0037271	-0.0027329	-0.0018882	-0.0009080	+0.0002571	+0.0013238	+0.0024096	+0.0033037	+0.0045010	+0.0062248	+0.0070996	+0.0075243	+0.0078023	+0.0087698	+0.0089082	+0.0090705	+0.0091181	+0.0091694
2012-03	-0.071	-0.0031741	-0.0029441	-0.0028595	-0.0022587	-0.0018331	+0.0035319	+0.0048783	+0.0053307	+0.0057937	+0.0061302	+0.0064940	+0.0068429	+0.0071289	+0.0074316	+0.0076122	+0.0078316	+0.0079269	+0.0080950	+0.0082601	+0.0083025	+0.0084084
2012-04	-0.087	-0.0052247	-0.0046066	-0.0041018	-0.0036577	-0.0032460	-0.0025508	-0.0019161	-0.0012027	-0.0005092	+0.0003929	+0.0011208	+0.0019776	+0.0027946	+0.0035319	+0.0041621	+0.0048278	+0.0052686	+0.0056102	+0.0059430	+0.0066902	+0.0067322
2012-05	-0.245	-0.0084689	-0.0084212	-0.0083203	-0.0081331	-0.0078426	-0.0072978	-0.0069581	-0.0066526	-0.0062033	-0.0057079	-0.0052170	-0.0047184	-0.0041830	-0.0035723	-0.0029461	-0.0018956	-0.0003591	+0.0005137	+0.0006551	+0.0012731	+0.0015190
2012-06	-0.049	-0.0098866	-0.0098857	-0.0098164	-0.0097006	-0.0095407	-0.0094133	-0.0091598	-0.0086394	-0.0077381	-0.0065225	+0.0001956	+0.0100000	+0.0100000	+0.0100000	+0.0100000	+0.0100000	+0.0100000	+0.0100000	+0.0100000	+0.0100000	+0.0100000
2012-07	0.086	-0.0099704	-0.0097068	-0.0096095	-0.0086708	-0.0081448	-0.0075450	-0.0065830	-0.0059016	-0.0053571	-0.0043009	-0.0021532	-0.0007436	+0.0004921	+0.0010697	+0.0048892	+0.0100000	+0.0100000	+0.0100000	+0.0100000	+0.0100000	+0.0100000
2012-08	0.001	-0.0051171	-0.0047967	-0.0045646	-0.0042810	-0.0038059	-0.0033664	-0.0027519	-0.0021573	-0.0016925	-0.0010602	-0.0003644	+0.0002791	+0.0008990	+0.0012609	+0.0018245	+0.0021265	+0.0024948	+0.0026848	+0.0029974	+0.0033100	+0.0035925
2012-09	0.045	-0.0046676	-0.0043397	-0.0038315	-0.0033112	-0.0027883	-0.0023183	-0.0013346	-0.0004047	+0.0002816	+0.0013124	+0.0021634	+0.0030544	+0.0042522	+0.0049406	+0.0054175	+0.0060488	+0.0066209	+0.0070348	+0.0074490	+0.0077195	+0.0081646
2012-10	-0.019	-0.0033438	-0.0032815	-0.0028322	-0.0027643	-0.0025075	-0.0022241	-0.0018718	-0.0013140	-0.0003250	+0.0004332	+0.0009683	+0.0015055	+0.0023132	+0.0033591	+0.0038414	+0.0042064	+0.0043890	+0.0046082	+0.0047082	+0.0049053	+0.0050551
2012-11	-0.001	-0.0039508	-0.0037409	-0.0034821	-0.0031081	-0.0028226	-0.0024900	-0.0022042	-0.0018416	-0.0013875	-0.0008789	-0.0004545	-0.0000786	+0.0004029	+0.0009932	+0.0014318	+0.0017108	+0.0019599	+0.0022904	+0.0028609	+0.0032974	+0.0034404
2012-12	0.122	-0.0033408	-0.0032767	-0.0031325	-0.0030751	-0.0028899	-0.0027048	-0.0025200	-0.0021663	-0.0018771	-0.0016066	-0.0011997	-0.0008789	-0.0006230	-0.0002216	+0.0001049	+0.0002916	+0.0005874	+0.0008170	+0.0009999	+0.0012991	+0.0014466
2013-01	0.058	-0.0026816	-0.0025815	-0.0025356	-0.0024168	-0.0016392	-0.0011453	-0.0003841	+0.0005922	+0.0014226	+0.0021936	+0.0029089	+0.0039708	+0.0049655	+0.0057886	+0.0066181	+0.0070265	+0.0074638	+0.0078277	+0.0081814	+0.0083680	+0.0087216
2013-02	-0.015	-0.0049418	-0.0048126	-0.0031682	-0.0025887	-0.0015926	+0.0001361	+0.0027359	+0.0039275	+0.0046959	+0.0058831	+0.0065119	+0.0072531	+0.0079353	+0.0084171	+0.0087402	+0.0093894	+0.0097172	+0.0100000	+0.0100000	+0.0100000	+0.0100000
2013-03	-0.025	-0.0034393	-0.0031989	-0.0026885	-0.0024361	-0.0022879	-0.0016836	-0.0013551	-0.0008820	-0.0005263	-0.0000217	+0.0005425	+0.0009666	+0.0012728	+0.0015866	+0.0018888	+0.0022894	+0.0024307	+0.0026290	+0.0028038	+0.0029833	+0.0034476
2013-04	0.020	-0.0036479	-0.0035692	-0.0033981	-0.0031738	-0.0030511	-0.0027531	-0.0024305	-0.0020827	-0.0015811	-0.0010747	-0.0005515	-0.0001055	+0.0003768	+0.0008961	+0.0013488	+0.0017870	+0.0020302	+0.0022489	+0.0024085	+0.0025712	+0.0027869
2013-05	-0.024	-0.0076692	-0.0075130	-0.0067235	-0.0057941	-0.0049568	-0.0046619	-0.0038980	-0.0031084	-0.0021681	-0.0012792	-0.0005011	+0.0003046	+0.0007802	+0.0015635	+0.0020276	+0.0025966	+0.0028811	+0.0032525	+0.0033567	+0.0036918	+0.0037859
2013-06	-0.206	-0.0035774	-0.0034629	-0.0027502	-0.0025171	-0.0021274	-0.0014470	-0.0010606	-0.0004736	+0.0001440	+0.0006902	+0.0013429	+0.0019125	+0.0024901	+0.0029221	+0.0033233	+0.0036735	+0.0039420	+0.0043267	+0.0043919	+0.0047592	+0.0047766
2013-07	-0.024	-0.0098824	-0.0098811	-0.0097680	-0.0096494	-0.0092618	-0.0088510	-0.0081501	-0.0072671	-0.0057472	-0.0031464	+0.0100000	+0.0100000	+0.0100000	+0.0100000	+0.0100000	+0.0100000	+0.0100000	+0.0100000	+0.0100000	+0.0100000	+0.0100000
2013-08	-0.005	-0.0098679	-0.0097855	-0.0094496	-0.0091270	-0.0086924	-0.0078741	-0.0069035	-0.0060102	-0.0047830	-0.0035537	-0.0020825	-0.0001379	+0.0013786	+0.0026608	+0.0040925	+0.0086343	+0.0100000	+0.0100000	+0.0100000	+0.0100000	+0.0100000
2013-09	0.107	-0.0027790	-0.0027012	-0.0025195	-0.0023943	-0.0022143	-0.0019323	-0.0015433	-0.0009834	-0.0005448	-0.0000322	+0.0004284	+0.0009978	+0.0015874	+0.0020552	+0.0025124	+0.0028741	+0.0032937	+0.0036652	+0.0039271	+0.0040347	+0.0042532
2013-10	0.040	-0.0016308	-0.0012814	-0.0011550	-0.0003641	+0.0001109	+0.0005168	+0.0009926	+0.0017263	+0.0027609	+0.0038203	+0.0048860	+0.0055478	+0.0065524	+0.0075808	+0.0085777	+0.0091934	+0.0098204	+0.0100000	+0.0100000	+0.0100000	+0.0100000
2013-11	-0.062	-0.0040620	-0.0040101	-0.0035201	-0.0026489	-0.0017360	-0.0014038	-0.0008619	-0.0000618	+0.0006934	+0.0012560	+0.0018969	+0.0025628	+0.0032587	+0.0038739	+0.0042961	+0.0048642	+0.0054679	+0.0060522	+0.0066011	+0.0067073	+0.0068368
2013-12	0.007	-0.0083815	-0.0082812	-0.0081236	-0.0075050	-0.0065907	-0.0060515	-0.0053903	-0.0047058	-0.0036013	-0.0028342	-0.0020684	-0.0008921	-0.0000416	+0.0006738	+0.0015140	+0.0023204	+0.0027474	+0.0030404	+0.0034244	+0.0036669	+0.0037732
2014-01	-0.138	-0.0039640	-0.0038483	-0.0036492	-0.0035804	-0.0033162	-0.0031209	-0.0027602	-0.0024235	-0.0020465	-0.0016745	-0.0011928	-0.0006891	+0.0000020	+0.0007254	+0.0013085	+0.0019444	+0.0023197	+0.0028659	+0.0032863	+0.0037553	+0.0041757
2014-02	0.034	-0.0083131	-0.0078180	-0.0076610	-0.0071383	-0.0066432	-0.0058398	-0.0051204	-0.0046863	-0.0039403	-0.0030372	-0.0021229	-0.0013621	-0.0006385	+0.0001795	+0.0009022	+0.0012772	+0.0019588	+0.0021228	+0.0029117	+0.0029388	+0.0037277
2014-03	0.077	-0.0077877	-0.0076335	-0.0074230	-0.0071383	-0.0069424	-0.0066029	-0.0060167	-0.0054222	-0.0046833	-0.0037076	-0.0026817	-0.0017607	-0.0007954	+0.0003095	+0.0013181	+0.0022403	+0.0030414	+0.0037307	+0.0046531	+0.0055573	+0.0060821
2014-04	0.046	-0.0034961	-0.0029975	-0.0029296	-0.0027602	-0.0022267	-0.0020573	-0.0016965	-0.0011865	-0.0007732	-0.0002172	+0.0004223	+0.0009591	+0.0016051	+0.0021373	+0.0028058	+0.0032560	+0.0038130	+0.0043531	+0.0047140	+0.0049983	+0.0056974
2014-05	0.001	-0.0053055	-0.0046814	-0.0043691	-0.0027870	-0.0016326	+0.0005451	+0.0016095	+0.0029829	+0.0041139	+0.0052296	+0.0063090	+0.0071361	+0.0082206	+0.0093578	+0.0100000	+0.0100000	+0.0100000	+0.0100000	+0.0100000	+0.0100000	+0.0100000
2014-06	0.028	-0.0029934	-0.0028751	-0.0022604	-0.0020375	-0.0015980	-0.0012000	-0.0007785	-0.0003173	+0.0002050	+0.0007207	+0.0011414	+0.0016317	+0.0019649	+0.0022590	+0.0026782	+0.0030094	+0.0033566	+0.0035081	+0.0037343	+0.0041408	+0.0041802
2014-07	0.057	-0.0046320	-0.0042726	-0.0042153	-0.0038308	-0.0033279	-0.0026992	-0.0019853	-0.0013036	-0.0005790	-0.0000360	+0.0007296	+0.0016051	+0.0023651	+0.0028992	+0.0032774	+0.0036091	+0.0037759	+0.0038807	+0.0039947	+0.0042020	+0.0043172
2014-08	0.068	-0.0024326	-0.0023375	-0.0021703	-0.0017774	-0.0013322	-0.0010221	-0.0007051	-0.0001170	+0.0005765	+0.0012265	+0.0017384	+0.0023060	+0.0030241	+0.0036519	+0.0041184	+0.0044390	+0.0046267	+0.0048562	+0.0051141	+0.0052563	+0.0053707
2014-09	-0.133	-0.0031554	-0.0030254	-0.0027597	-0.0024283	-0.0021203	-0.0016364	-0.0010555	-0.0003027	+0.0002570	+0.0010022	+0.0017080	+0.0023917	+0.0031714	+0.0037405	+0.0043032	+0.0047206	+0.0051889	+0.0054455	+0.0057982	+0.0060211	+0.0062184
2014-10	-0.027	-0.0095579	-0.0087598	-0.0081716	-0.0076029	-0.0069142	-0.0052727	-0.0039410	-0.0027842	-0.0014887	+0.0000754	+0.0013460	+0.0029621	+0.0043985	+0.0056427	+0.0065811	+0.0074678	+0.0082478	+0.0087145	+0.0087896	+0.0088326	+0.0088654
2014-11	0.070	-0.0099157	-0.0098817	-0.0097171	-0.0095492	-0.0092106	-0.0087056	-0.0083327	-0.0076317	-0.0071013	-0.0062717	-0.0054742	-0.0046706	-0.0038509	-0.0032209	-0.0020580	+0.0006125	+0.0024641	+0.0100000	+0.0100000	+0.0100000	+0.0100000
2014-12	-0.127	-0.0073680	-0.0070953	-0.0065689	-0.0060687	-0.0054979	-0.0049922	-0.0041706	-0.0034058	-0.0024267	-0.0014673	-0.0004596	+0.0005912	+0.0016928	+0.0024663	+0.0033676	+0.0044074	+0.0051506	+0.0056285	+0.0062426	+0.0068994	+0.0069634
2015-01	-0.040	-0.0094761	-0.0091941	-0.0090773	-0.0085410	-0.0082424	-0.0077562	-0.0071811	-0.0060733	-0.0051036	-0.0037475	-0.0020016	-0.0010472	+0.0002666	+0.0012569	+0.0019582	+0.0100000	+0.0100000	+0.0100000	+0.0100000	+0.0100000	+0.0100000
2015-02	-0.013	-0.0076056	-0.0072684	-0.0070081	-0.0064289	-0.0057687	-0.0054123	-0.0045844	-0.0039591	-0.0032989	-0.0023690	-0.0015462	-0.0006514	+0.0002423	+0.0008760	+0.0017016	+0.0025132	+0.0033987	+0.0044581	+0.0051093	+0.0055757	+0.0060311
