2011-03	-0.006	-0.0002046	-0.0001794	-0.0001474	-0.0001057	-0.0000958	-0.0000672	-0.0000065	+0.0000256	+0.0000768	+0.0001409	+0.0001915	+0.0002524	+0.0003095	+0.0003610	+0.0004115	+0.0004558	+0.0004946	+0.0005203	+0.0005454	+0.0005608	+0.0005647
2011-04	0.003	-0.0019013	-0.0018331	-0.0016662	-0.0015606	-0.0014650	-0.0013218	-0.0011434	-0.0010039	-0.0008686	-0.0006879	-0.0005067	-0.0003535	-0.0002135	-0.0000636	+0.0000481	+0.0001502	+0.0002304	+0.0002842	+0.0003097	+0.0003388	+0.0003931
2011-05	-0.005	-0.0009915	-0.0009850	-0.0008686	-0.0007464	-0.0006798	-0.0005710	-0.0004879	-0.0003815	-0.0002496	-0.0001234	+0.0000270	+0.0001647	+0.0002972	+0.0004569	+0.0006440	+0.0007661	+0.0008752	+0.0009526	+0.0010206	+0.0011708	+0.0013638
2011-06	0.000	-0.0003786	-0.0003658	-0.0003498	-0.0003210	-0.0002794	-0.0002441	-0.0002123	-0.0001541	-0.0001222	-0.0000705	-0.0000224	+0.0000227	+0.0000834	+0.0001125	+0.0001637	+0.0001961	+0.0002346	+0.0002563	+0.0002794	+0.0003176	+0.0003178
2011-07	-0.006	-0.0005489	-0.0005340	-0.0005183	-0.0004996	-0.0004807	-0.0004617	-0.0004314	-0.0004042	-0.0003658	-0.0003255	-0.0002805	-0.0002181	-0.0001217	-0.0000096	+0.0000906	+0.0001894	+0.0002646	+0.0003213	+0.0003839	+0.0004064	+0.0005988
2011-08	-0.015	-0.0005277	-0.0004471	-0.0004088	-0.0003505	-0.0002765	-0.0002024	-0.0001385	-0.0000512	+0.0000388	+0.0001258	+0.0002163	+0.0003129	+0.0003932	+0.0004774	+0.0005578	+0.0006091	+0.0006796	+0.0007126	+0.0007541	+0.0007767	+0.0007931
2011-09	-0.006	-0.0016445	-0.0016260	-0.0015782	-0.0015641	-0.0015203	-0.0014832	-0.0014321	-0.0013500	-0.0012175	-0.0010654	-0.0009310	-0.0008123	-0.0006498	-0.0004719	-0.0002695	-0.0000152	+0.0001206	+0.0003900	+0.0005446	+0.0006413	+0.0007344
2011-10	0.010	-0.0013712	-0.0013258	-0.0012047	-0.0011081	-0.0009741	-0.0008788	-0.0007865	-0.0006921	-0.0005340	-0.0003816	-0.0002233	-0.0001244	-0.0000460	+0.0000393	+0.0001216	+0.0002140	+0.0005034	+0.0006514	+0.0006943	+0.0007829	+0.0007997
2011-11	-0.015	-0.0007491	-0.0007490	-0.0005776	-0.0005583	-0.0004822	-0.0003867	-0.0003294	-0.0002345	-0.0001185	-0.0000231	+0.0000730	+0.0001594	+0.0002875	+0.0003900	+0.0004846	+0.0005643	+0.0006228	+0.0007061	+0.0007868	+0.0008739	+0.0008949
2011-12	0.007	-0.0011836	-0.0011684	-0.0011229	-0.0010767	-0.0009494	-0.0008152	-0.0006501	-0.0005419	-0.0004054	-0.0002572	-0.0000792	+0.0000723	+0.0002002	+0.0003391	+0.0004674	+0.0005499	+0.0006198	+0.0007007	+0.0008032	+0.0008739	+0.0008949
2012-01	0.007	-0.0011229	-0.0010404	-0.0009554	-0.0008585	-0.0006850	-0.0005987	-0.0005028	-0.0004053	-0.0002893	-0.0001185	+0.0000286	+0.0001225	+0.0001982	+0.0002771	+0.0003232	+0.0003874	+0.0004345	+0.0004470	+0.0005049	+0.0005484	+0.0005517
2012-02	0.028	-0.0002208	-0.0002207	-0.0001943	-0.0001812	-0.0001350	-0.0001087	-0.0000658	-0.0000096	+0.0000463	+0.0001189	+0.0001802	+0.0002556	+0.0003191	+0.0003847	+0.0004473	+0.0005002	+0.0005553	+0.0005912	+0.0006334	+0.0006566	+0.0006636
2012-03	0.006	-0.0001367	-0.0001298	-0.0000970	-0.0000468	+0.0000594	+0.0004233	+0.0005971	+0.0006562	+0.0007405	+0.0008160	+0.0009313	+0.0010338	+0.0011082	+0.0011875	+0.0012520	+0.0013472	+0.0014444	+0.0014765	+0.0015513	+0.0015609	+0.0015930
2012-04	-0.006	-0.0007039	-0.0005896	-0.0005707	-0.0004775	-0.0003214	+0.0002163	+0.0004940	+0.0005826	+0.0006792	+0.0007775	+0.0008972	+0.0010109	+0.0010963	+0.0011494	+0.0012641	+0.0013652	+0.0014363	+0.0014712	+0.0015114	+0.0015528	+0.0015609
2012-05	-0.022	-0.0008365	-0.0008101	-0.0007692	-0.0007366	-0.0007114	-0.0006673	-0.0006197	-0.0005647	-0.0004833	-0.0003622	-0.0002349	-0.0000763	+0.0000160	+0.0000994	+0.0002223	+0.0003081	+0.0004457	+0.0005833	+0.0006214	+0.0006547	+0.0006928
2012-06	0.009	-0.0013146	-0.0012840	-0.0012597	-0.0012209	-0.0011789	-0.0011192	-0.0010363	-0.0009831	-0.0008463	-0.0007732	-0.0006539	-0.0005804	-0.0004553	-0.0003330	-0.0002195	-0.0000669	+0.0001923	+0.0004200	+0.0004426	+0.0005108	+0.0005776
2012-07	-0.001	-0.0011966	-0.0011626	-0.0011227	-0.0010356	-0.0009938	-0.0008990	-0.0007702	-0.0005809	-0.0004075	-0.0002535	-0.0001174	+0.0000323	+0.0002364	+0.0003845	+0.0005260	+0.0005880	+0.0006912	+0.0007291	+0.0007651	+0.0008566	+0.0008933
2012-08	0.001	-0.0008381	-0.0007880	-0.0007109	-0.0006608	-0.0005398	-0.0004126	-0.0002877	-0.0001606	-0.0000388	+0.0000809	+0.0002267	+0.0003978	+0.0005104	+0.0006132	+0.0006924	+0.0007362	+0.0008094	+0.0008299	+0.0008457	+0.0008918	+0.0009270
2012-09	0.006	-0.0006872	-0.0006608	-0.0006132	-0.0005490	-0.0004606	-0.0003866	-0.0003317	-0.0002357	-0.0001484	-0.0000546	+0.0000452	+0.0001353	+0.0002295	+0.0002842	+0.0003774	+0.0004318	+0.0004679	+0.0005327	+0.0005938	+0.0006129	+0.0006278
2012-10	0.003	-0.0002318	-0.0002192	-0.0002128	-0.0001999	-0.0001863	-0.0001638	-0.0001193	-0.0000706	+0.0000162	+0.0000810	+0.0001221	+0.0001735	+0.0002387	+0.0003377	+0.0003795	+0.0004023	+0.0004242	+0.0004320	+0.0004469	+0.0004701	+0.0004827
2012-11	0.013	-0.0003757	-0.0003626	-0.0003182	-0.0002762	-0.0002054	-0.0001507	-0.0001062	-0.0000577	-0.0000004	+0.0000667	+0.0001422	+0.0002020	+0.0002406	+0.0002834	+0.0003119	+0.0003378	+0.0003597	+0.0003791	+0.0003992	+0.0004185	+0.0004187
2012-12	0.018	-0.0003875	-0.0003586	-0.0003234	-0.0002563	-0.0002146	-0.0001569	-0.0000863	-0.0000090	+0.0000717	+0.0001475	+0.0002309	+0.0003195	+0.0003893	+0.0004665	+0.0005132	+0.0005679	+0.0006079	+0.0006427	+0.0006717	+0.0006873	+0.0007160
2013-01	0.023	-0.0002472	-0.0001739	-0.0001519	-0.0000935	-0.0000468	+0.0001445	+0.0006427	+0.0007190	+0.0007680	+0.0008270	+0.0008759	+0.0009275	+0.0009735	+0.0010250	+0.0010699	+0.0011107	+0.0011429	+0.0011675	+0.0012038	+0.0012411	+0.0012573
2013-02	0.010	-0.0002204	-0.0001766	-0.0001410	-0.0000914	-0.0000296	+0.0000415	+0.0010291	+0.0011101	+0.0011709	+0.0012247	+0.0012769	+0.0013279	+0.0013843	+0.0014180	+0.0014559	+0.0014898	+0.0015328	+0.0015821	+0.0016169	+0.0016192	+0.0016227
2013-03	0.018	-0.0006454	-0.0005754	-0.0004886	-0.0004300	-0.0003517	-0.0001550	+0.0004405	+0.0005776	+0.0007087	+0.0007983	+0.0008711	+0.0009437	+0.0010163	+0.0010806	+0.0011222	+0.0011723	+0.0012230	+0.0012727	+0.0013099	+0.0013363	+0.0013642
2013-04	0.019	-0.0003369	-0.0003270	-0.0002018	-0.0001632	+0.0000249	+0.0001866	+0.0004221	+0.0005763	+0.0006926	+0.0008079	+0.0009155	+0.0010138	+0.0011024	+0.0011849	+0.0012608	+0.0013119	+0.0013630	+0.0013968	+0.0014444	+0.0014722	+0.0015178
2013-05	-0.007	-0.0011059	-0.0009288	-0.0008378	-0.0006671	-0.0005830	-0.0002292	+0.0004122	+0.0005032	+0.0006799	+0.0007654	+0.0009025	+0.0009865	+0.0011112	+0.0011719	+0.0012670	+0.0013511	+0.0014045	+0.0014962	+0.0015379	+0.0015872	+0.0015985
2013-06	-0.008	-0.0013671	-0.0011704	-0.0010017	-0.0008732	-0.0008013	-0.0005818	-0.0003544	-0.0001886	-0.0000098	+0.0001657	+0.0003330	+0.0004849	+0.0006362	+0.0007908	+0.0009493	+0.0010658	+0.0011846	+0.0012614	+0.0013316	+0.0014314	+0.0015985
2013-07	0.004	-0.0019379	-0.0018412	-0.0018029	-0.0016836	-0.0016131	-0.0015577	-0.0014358	-0.0013421	-0.0012470	-0.0011224	-0.0010177	-0.0009080	-0.0007667	-0.0006441	-0.0004393	-0.0001738	+0.0001013	+0.0002105	+0.0002671	+0.0004638	+0.0004726
2013-08	-0.001	-0.0007250	-0.0006033	-0.0005156	-0.0004568	-0.0003378	-0.0001740	-0.0000379	+0.0000740	+0.0002512	+0.0004457	+0.0005825	+0.0007463	+0.0008880	+0.0010221	+0.0011651	+0.0012768	+0.0013177	+0.0014055	+0.0014664	+0.0014990	+0.0015028
2013-09	0.015	-0.0005938	-0.0005789	-0.0005601	-0.0005365	-0.0005106	-0.0004773	-0.0004341	-0.0003786	-0.0003150	-0.0002616	-0.0001933	-0.0001111	-0.0000408	+0.0000756	+0.0001607	+0.0002722	+0.0003413	+0.0004431	+0.0004697	+0.0005716	+0.0006361
2013-10	0.008	-0.0004814	-0.0004371	-0.0003681	-0.0003299	-0.0003030	-0.0002535	-0.0001402	-0.0000903	+0.0001297	+0.0002652	+0.0003500	+0.0004993	+0.0006244	+0.0007751	+0.0008981	+0.0009687	+0.0010618	+0.0011006	+0.0011646	+0.0011965	+0.0012549
2013-11	0.011	-0.0004163	-0.0003873	-0.0003295	-0.0002927	-0.0001830	-0.0000056	+0.0000808	+0.0001361	+0.0002013	+0.0002678	+0.0003742	+0.0004635	+0.0005234	+0.0006162	+0.0006940	+0.0007601	+0.0008130	+0.0008852	+0.0009782	+0.0009873	+0.0010222
2013-12	0.003	-0.0000748	-0.0000521	-0.0000029	+0.0000677	+0.0000891	+0.0001154	+0.0001642	+0.0002307	+0.0002779	+0.0003197	+0.0003916	+0.0004492	+0.0005059	+0.0005690	+0.0006076	+0.0006440	+0.0006971	+0.0007596	+0.0007782	+0.0008054	+0.0008057
2014-01	-0.006	-0.0002801	-0.0002290	-0.0002261	-0.0001605	-0.0000695	-0.0000170	+0.0000342	+0.0001021	+0.0001595	+0.0002256	+0.0003113	+0.0003965	+0.0004624	+0.0005220	+0.0005997	+0.0006732	+0.0007336	+0.0007882	+0.0007996	+0.0008330	+0.0008617
2014-02	0.003	-0.0004219	-0.0004051	-0.0003854	-0.0003458	-0.0002832	-0.0001614	-0.0000990	-0.0000365	+0.0000259	+0.0001142	+0.0002239	+0.0003060	+0.0003740	+0.0004247	+0.0004675	+0.0005046	+0.0005328	+0.0005726	+0.0005981	+0.0006268	+0.0006295
2014-03	-0.001	-0.0009087	-0.0008890	-0.0008286	-0.0007956	-0.0007485	-0.0006824	-0.0006149	-0.0005267	-0.0004365	-0.0003198	-0.0001814	-0.0000648	+0.0000525	+0.0001555	+0.0002614	+0.0003954	+0.0004756	+0.0005314	+0.0006205	+0.0006893	+0.0007168
2014-04	-0.002	-0.0005475	-0.0005278	-0.0004966	-0.0004795	-0.0004343	-0.0004061	-0.0003579	-0.0003008	-0.0002215	-0.0000762	+0.0000137	+0.0000861	+0.0001595	+0.0002853	+0.0003861	+0.0004413	+0.0004973	+0.0005581	+0.0006003	+0.0006205	+0.0006610
2014-05	0.005	-0.0003457	-0.0003115	-0.0003035	-0.0002833	-0.0002580	-0.0002327	-0.0002071	-0.0001643	-0.0001247	-0.0000817	-0.0000365	+0.0000001	+0.0000460	+0.0000851	+0.0001310	+0.0001647	+0.0001760	+0.0001904	+0.0002106	+0.0002245	+0.0002333
2014-06	0.007	-0.0003457	-0.0003115	-0.0002890	-0.0002524	-0.0002153	-0.0001841	-0.0001359	-0.0000933	-0.0000426	+0.0000028	+0.0000568	+0.0001051	+0.0001505	+0.0001877	+0.0002189	+0.0002417	+0.0002641	+0.0002835	+0.0002955	+0.0003075	+0.0003208
2014-07	0.003	-0.0001524	-0.0001078	-0.0000768	-0.0000598	-0.0000258	+0.0000770	+0.0002123	+0.0002515	+0.0002909	+0.0003194	+0.0003473	+0.0003786	+0.0004126	+0.0004408	+0.0004587	+0.0004777	+0.0005041	+0.0005295	+0.0005491	+0.0005549	+0.0005692
2014-08	0.002	-0.0001802	-0.0001801	-0.0001634	-0.0001381	-0.0000648	+0.0000253	+0.0000505	+0.0000731	+0.0001095	+0.0001433	+0.0001827	+0.0002055	+0.0002334	+0.0002699	+0.0002958	+0.0003209	+0.0003459	+0.0003600	+0.0003685	+0.0003852	+0.0003881
2014-09	0.007	-0.0001908	-0.0001684	-0.0001264	-0.0001122	-0.0000984	-0.0000786	-0.0000589	-0.0000111	+0.0000225	+0.0000449	+0.0000646	+0.0001009	+0.0001652	+0.0002043	+0.0002410	+0.0002606	+0.0002915	+0.0003472	+0.0003619	+0.0003921	+0.0004089
2014-10	0.002	-0.0001035	-0.0000532	-0.0000448	+0.0000030	+0.0000189	+0.0001008	+0.0001986	+0.0002292	+0.0002769	+0.0003034	+0.0003383	+0.0003599	+0.0003966	+0.0004201	+0.0004441	+0.0004690	+0.0004897	+0.0005078	+0.0005268	+0.0005377	+0.0005631
2014-11	0.020	-0.0008400	-0.0008125	-0.0007640	-0.0007375	-0.0007044	-0.0006181	-0.0004888	-0.0004137	-0.0003313	-0.0002512	-0.0001345	-0.0000222	+0.0000607	+0.0001531	+0.0002226	+0.0002560	+0.0003340	+0.0003476	+0.0004201	+0.0004283	+0.0004365
2014-12	0.008	-0.0004006	-0.0003839	-0.0003532	-0.0001753	-0.0000417	+0.0002077	+0.0003459	+0.0005233	+0.0006522	+0.0007588	+0.0010097	+0.0013034	+0.0014124	+0.0014841	+0.0015272	+0.0015592	+0.0015868	+0.0016072	+0.0016272	+0.0016321	+0.0016549
2015-01	-0.005	-0.0004597	-0.0003973	-0.0003222	-0.0002938	-0.0002113	-0.0000157	+0.0001510	+0.0002466	+0.0003431	+0.0004092	+0.0005000	+0.0005831	+0.0006442	+0.0006994	+0.0007768	+0.0008565	+0.0009051	+0.0009291	+0.0009396	+0.0009618	+0.0009633
2015-02	-0.005	-0.0004211	-0.0003887	-0.0003536	-0.0003182	-0.0002593	-0.0002024	-0.0001459	-0.0000754	-0.0000022	+0.0000676	+0.0001431	+0.0002243	+0.0002946	+0.0003619	+0.0004134	+0.0004548	+0.0004894	+0.0005037	+0.0005369	+0.0005391	+0.0005688
