2011-03	-0.001	-0.0003657	-0.0003593	-0.0003531	-0.0003464	-0.0003272	-0.0003177	-0.0003016	-0.0002791	-0.0002508	-0.0002226	-0.0001931	-0.0001652	-0.0001330	-0.0000982	-0.0000538	+0.0000661	+0.0001076	+0.0001585	+0.0001996	+0.0002092	+0.0002282
2011-04	0.003	-0.0000698	-0.0000602	-0.0000475	-0.0000380	-0.0000253	-0.0000126	+0.0000065	+0.0000287	+0.0000509	+0.0000733	+0.0000986	+0.0001273	+0.0001561	+0.0001816	+0.0002132	+0.0002415	+0.0002611	+0.0002924	+0.0002989	+0.0003182	+0.0003560
2011-05	0.004	-0.0003399	-0.0003339	-0.0003143	-0.0002895	-0.0002698	-0.0002415	-0.0001936	-0.0001494	-0.0001018	-0.0000605	-0.0000063	+0.0000446	+0.0000953	+0.0001302	+0.0001778	+0.0002033	+0.0002414	+0.0002572	+0.0002922	+0.0003049	+0.0003525
2011-06	0.003	-0.0002312	-0.0001864	-0.0001387	-0.0001204	-0.0001080	+0.0000793	+0.0001738	+0.0002572	+0.0003191	+0.0003512	+0.0003920	+0.0004837	+0.0005443	+0.0005700	+0.0005993	+0.0006710	+0.0007409	+0.0007695	+0.0007732	+0.0007735	+0.0007984
2011-07	0.003	-0.0002176	-0.0002081	-0.0001767	-0.0001641	-0.0001200	-0.0000755	-0.0000345	-0.0000031	+0.0000221	+0.0000442	+0.0000757	+0.0000977	+0.0001229	+0.0001513	+0.0001763	+0.0001989	+0.0002202	+0.0002424	+0.0002555	+0.0002745	+0.0002932
2011-08	0.003	-0.0000944	-0.0000692	-0.0000566	-0.0000377	-0.0000158	-0.0000062	+0.0000221	+0.0000440	+0.0000692	+0.0000913	+0.0001227	+0.0001539	+0.0001763	+0.0002044	+0.0002326	+0.0002547	+0.0002737	+0.0002956	+0.0003116	+0.0003336	+0.0003427
2011-09	0.003	-0.0002444	-0.0002288	-0.0001380	-0.0001317	-0.0001062	-0.0000374	+0.0000003	+0.0000441	+0.0001040	+0.0001442	+0.0001978	+0.0002389	+0.0002794	+0.0003203	+0.0003490	+0.0003867	+0.0004079	+0.0004400	+0.0004620	+0.0004678	+0.0004740
2011-10	-0.002	-0.0002249	-0.0002093	-0.0001593	-0.0001313	-0.0001062	-0.0000655	-0.0000218	+0.0000156	+0.0000626	+0.0001061	+0.0001469	+0.0001934	+0.0002343	+0.0002686	+0.0003029	+0.0003277	+0.0003497	+0.0003558	+0.0003779	+0.0003808	+0.0004053
2011-11	-0.000	-0.0003555	-0.0003429	-0.0002931	-0.0002773	-0.0002620	-0.0002149	-0.0001961	-0.0001526	-0.0001213	-0.0000746	-0.0000404	+0.0000066	+0.0000499	+0.0000904	+0.0001309	+0.0001624	+0.0002091	+0.0002310	+0.0002653	+0.0002840	+0.0002902
2011-12	0.006	-0.0002803	-0.0002773	-0.0002649	-0.0002524	-0.0002370	-0.0001807	-0.0001464	-0.0000905	-0.0000466	-0.0000094	+0.0000312	+0.0000904	+0.0001401	+0.0001776	+0.0002089	+0.0002336	+0.0002462	+0.0002556	+0.0002680	+0.0002774	+0.0002836
2012-01	0.002	-0.0002651	-0.0002526	-0.0002370	-0.0002181	-0.0002056	-0.0001900	-0.0001590	-0.0001247	-0.0000967	-0.0000497	+0.0000123	+0.0000685	+0.0001155	+0.0001498	+0.0002027	+0.0002587	+0.0003085	+0.0003303	+0.0003740	+0.0003865	+0.0003928
2012-02	0.001	-0.0002055	-0.0001899	-0.0001775	-0.0001620	-0.0001464	-0.0000248	+0.0000312	+0.0000498	+0.0000654	+0.0000839	+0.0001025	+0.0001181	+0.0001338	+0.0001588	+0.0001869	+0.0002087	+0.0002336	+0.0002429	+0.0002524	+0.0002711	+0.0002960
2012-03	0.000	-0.0000557	-0.0000557	-0.0000557	-0.0000496	-0.0000495	-0.0000341	-0.0000154	-0.0000030	+0.0000218	+0.0000312	+0.0000498	+0.0000684	+0.0000932	+0.0001087	+0.0001181	+0.0001336	+0.0001429	+0.0001708	+0.0001769	+0.0001801	+0.0001987
2012-04	0.005	-0.0001770	-0.0001739	-0.0001583	-0.0001490	-0.0001304	-0.0001116	-0.0000869	-0.0000775	-0.0000557	-0.0000402	-0.0000216	-0.0000030	+0.0000156	+0.0000373	+0.0000498	+0.0000653	+0.0000838	+0.0000932	+0.0000994	+0.0001211	+0.0001242
2012-05	0.005	-0.0001674	-0.0001457	-0.0001240	-0.0001146	-0.0000929	-0.0000712	-0.0000278	+0.0000247	+0.0000774	+0.0001116	+0.0001426	+0.0002014	+0.0002603	+0.0003007	+0.0003288	+0.0003498	+0.0003625	+0.0003876	+0.0003999	+0.0004149	+0.0004213
2012-06	-0.000	-0.0002381	-0.0002073	-0.0001918	-0.0001237	-0.0000992	-0.0000470	+0.0001477	+0.0002008	+0.0002343	+0.0002651	+0.0003088	+0.0003423	+0.0003670	+0.0003852	+0.0003978	+0.0004149	+0.0004272	+0.0004386	+0.0004446	+0.0004510	+0.0004536
2012-07	0.003	-0.0001690	-0.0001229	-0.0001168	-0.0000983	-0.0000799	-0.0000615	-0.0000368	-0.0000122	+0.0000154	+0.0000371	+0.0000617	+0.0000862	+0.0001107	+0.0001322	+0.0001475	+0.0001630	+0.0001844	+0.0001937	+0.0002090	+0.0002152	+0.0002183
2012-08	-0.002	-0.0000612	-0.0000459	-0.0000121	+0.0000032	+0.0000308	+0.0000554	+0.0000889	+0.0001224	+0.0001503	+0.0001870	+0.0002174	+0.0002544	+0.0002846	+0.0003151	+0.0003338	+0.0003672	+0.0003825	+0.0003978	+0.0004162	+0.0004284	+0.0004345
2012-09	0.002	-0.0004098	-0.0003884	-0.0003733	-0.0003424	-0.0003302	-0.0003060	-0.0002723	-0.0002416	-0.0002079	-0.0001592	-0.0001009	-0.0000397	+0.0000091	+0.0000551	+0.0001042	+0.0001470	+0.0002112	+0.0002416	+0.0002571	+0.0002876	+0.0003303
2012-10	-0.001	-0.0002998	-0.0002967	-0.0002415	-0.0002079	-0.0001744	-0.0001589	-0.0001254	-0.0000978	-0.0000519	-0.0000122	+0.0000217	+0.0000522	+0.0000766	+0.0000950	+0.0001102	+0.0001287	+0.0001380	+0.0001501	+0.0001533	+0.0001687	+0.0001749
2012-11	0.002	-0.0001008	-0.0000978	-0.0000917	-0.0000764	-0.0000672	-0.0000580	-0.0000336	-0.0000152	+0.0000032	+0.0000215	+0.0000490	+0.0000704	+0.0000919	+0.0001133	+0.0001317	+0.0001470	+0.0001562	+0.0001715	+0.0001898	+0.0001990	+0.0002021
2012-12	-0.003	-0.0000916	-0.0000824	-0.0000733	-0.0000641	-0.0000610	-0.0000457	-0.0000305	-0.0000152	+0.0000093	+0.0000337	+0.0000490	+0.0000704	+0.0000887	+0.0001132	+0.0001254	+0.0001406	+0.0001468	+0.0001559	+0.0001652	+0.0001712	+0.0001712
2013-01	0.003	-0.0002716	-0.0002505	-0.0002199	-0.0002044	-0.0001771	-0.0001433	-0.0001129	-0.0000854	-0.0000488	-0.0000152	+0.0000276	+0.0000580	+0.0000887	+0.0001129	+0.0001315	+0.0001527	+0.0001619	+0.0001800	+0.0001861	+0.0001892	+0.0001953
2013-02	0.008	-0.0004643	-0.0004643	-0.0004552	-0.0004399	-0.0003726	-0.0003482	-0.0003054	-0.0001984	-0.0001558	-0.0001038	-0.0000517	+0.0000245	+0.0001131	+0.0001531	+0.0001865	+0.0002079	+0.0002264	+0.0002447	+0.0002570	+0.0002753	+0.0002755
2013-03	0.010	-0.0001345	-0.0001253	-0.0000979	-0.0000701	-0.0000580	-0.0000304	+0.0000001	+0.0000211	+0.0000550	+0.0000889	+0.0001286	+0.0001680	+0.0002174	+0.0002682	+0.0003292	+0.0003624	+0.0004115	+0.0004273	+0.0004513	+0.0005086	+0.0005790
2013-04	-0.005	-0.0001000	-0.0000640	-0.0000278	-0.0000067	+0.0000089	+0.0000423	+0.0004691	+0.0004982	+0.0005266	+0.0005644	+0.0005891	+0.0006031	+0.0006190	+0.0006307	+0.0006427	+0.0006658	+0.0007284	+0.0007440	+0.0007572	+0.0007686	+0.0007735
2013-05	-0.012	-0.0009511	-0.0008969	-0.0007400	-0.0006885	-0.0006520	-0.0005995	-0.0004001	-0.0003228	-0.0002283	-0.0000418	+0.0001027	+0.0001991	+0.0003767	+0.0005111	+0.0006026	+0.0007099	+0.0007932	+0.0009181	+0.0009418	+0.0009745	+0.0010642
2013-06	0.000	-0.0011653	-0.0011450	-0.0011264	-0.0010993	-0.0010770	-0.0010446	-0.0010101	-0.0009641	-0.0008887	-0.0007744	-0.0006563	-0.0005653	-0.0004812	-0.0003385	-0.0002254	-0.0001593	-0.0001015	+0.0000079	+0.0001453	+0.0002113	+0.0002502
2013-07	0.002	-0.0010920	-0.0010717	-0.0010437	-0.0008886	-0.0007070	-0.0006188	-0.0005393	-0.0004884	-0.0003840	-0.0001617	-0.0000457	+0.0000400	+0.0001161	+0.0001679	+0.0002048	+0.0002478	+0.0003510	+0.0004454	+0.0004729	+0.0005129	+0.0005160
2013-08	0.004	-0.0003048	-0.0002746	-0.0002560	-0.0002258	-0.0001953	-0.0001677	-0.0001189	-0.0000702	-0.0000303	+0.0000185	+0.0000763	+0.0001222	+0.0001741	+0.0002259	+0.0002564	+0.0002837	+0.0002959	+0.0003234	+0.0003354	+0.0003447	+0.0003449
2013-09	0.005	-0.0001797	-0.0001735	-0.0001494	-0.0001432	-0.0001008	+0.0000518	+0.0000914	+0.0001156	+0.0001370	+0.0001582	+0.0001770	+0.0001976	+0.0002163	+0.0002348	+0.0002499	+0.0002648	+0.0002802	+0.0002924	+0.0002991	+0.0003142	+0.0003234
2013-10	0.005	-0.0001122	-0.0000971	-0.0000879	-0.0000667	-0.0000333	-0.0000090	+0.0000212	+0.0000548	+0.0000935	+0.0001305	+0.0001730	+0.0002065	+0.0002489	+0.0002846	+0.0003122	+0.0003450	+0.0003663	+0.0003908	+0.0004053	+0.0004239	+0.0004420
2013-11	0.001	-0.0002357	-0.0001903	-0.0001786	-0.0001241	-0.0000605	+0.0000782	+0.0001653	+0.0002196	+0.0002660	+0.0003109	+0.0003527	+0.0003955	+0.0004373	+0.0004762	+0.0005048	+0.0005426	+0.0005764	+0.0005984	+0.0006165	+0.0006437	+0.0006503
2013-12	-0.005	-0.0002402	-0.0002221	-0.0001801	-0.0001501	-0.0001259	-0.0001019	-0.0000569	-0.0000239	+0.0000062	+0.0000421	+0.0000691	+0.0000991	+0.0001262	+0.0001501	+0.0001712	+0.0001921	+0.0002071	+0.0002222	+0.0002374	+0.0002434	+0.0002554
2014-01	0.007	-0.0002283	-0.0002192	-0.0002102	-0.0002043	-0.0001740	-0.0001590	-0.0001442	-0.0001290	-0.0001079	-0.0000899	-0.0000660	-0.0000479	-0.0000209	-0.0000060	+0.0000181	+0.0000391	+0.0000571	+0.0000602	+0.0000691	+0.0001081	+0.0001141
2014-02	0.002	-0.0002102	-0.0002043	-0.0001833	-0.0001532	-0.0001442	-0.0001050	-0.0000782	-0.0000510	-0.0000060	+0.0000420	+0.0000931	+0.0001381	+0.0001800	+0.0002223	+0.0002673	+0.0003063	+0.0003484	+0.0003630	+0.0003812	+0.0004023	+0.0004024
2014-03	-0.003	-0.0002727	-0.0002458	-0.0002309	-0.0002099	-0.0001291	-0.0000866	+0.0000300	+0.0000779	+0.0001287	+0.0001677	+0.0001949	+0.0002307	+0.0002607	+0.0002968	+0.0003180	+0.0003413	+0.0003540	+0.0003597	+0.0003715	+0.0003747	+0.0003809
2014-04	0.001	-0.0001612	-0.0001553	-0.0001433	-0.0001373	-0.0001253	-0.0001164	-0.0000985	-0.0000866	-0.0000717	-0.0000537	-0.0000387	-0.0000148	+0.0000031	+0.0000270	+0.0000419	+0.0000538	+0.0000777	+0.0000897	+0.0000957	+0.0001255	+0.0001285
2014-05	0.003	-0.0001612	-0.0001553	-0.0001373	-0.0001104	-0.0001015	-0.0000835	-0.0000686	-0.0000476	-0.0000238	+0.0000001	+0.0000210	+0.0000390	+0.0000539	+0.0000718	+0.0000868	+0.0000987	+0.0001077	+0.0001167	+0.0001315	+0.0001376	+0.0001436
2014-06	0.003	-0.0000358	-0.0000298	-0.0000268	-0.0000208	-0.0000148	-0.0000059	+0.0000031	+0.0000150	+0.0000270	+0.0000389	+0.0000508	+0.0000598	+0.0000748	+0.0000866	+0.0000956	+0.0001016	+0.0001046	+0.0001076	+0.0001106	+0.0001136	+0.0001166
2014-07	0.001	-0.0000596	-0.0000536	-0.0000507	-0.0000357	-0.0000179	+0.0000120	+0.0000269	+0.0000389	+0.0000508	+0.0000627	+0.0000717	+0.0000896	+0.0001015	+0.0001164	+0.0001461	+0.0001610	+0.0001818	+0.0001968	+0.0002026	+0.0002086	+0.0002473
2014-08	0.003	-0.0000833	-0.0000744	-0.0000656	-0.0000477	-0.0000297	+0.0000536	+0.0000922	+0.0001102	+0.0001282	+0.0001401	+0.0001577	+0.0001698	+0.0001816	+0.0001936	+0.0002025	+0.0002144	+0.0002263	+0.0002382	+0.0002472	+0.0002533	+0.0002563
2014-09	0.000	-0.0000563	-0.0000534	-0.0000444	-0.0000296	-0.0000207	+0.0000209	+0.0000506	+0.0000684	+0.0000802	+0.0000920	+0.0001011	+0.0001128	+0.0001217	+0.0001306	+0.0001365	+0.0001425	+0.0001485	+0.0001543	+0.0001576	+0.0001633	+0.0001663
2014-10	0.004	-0.0001897	-0.0001839	-0.0001661	-0.0001482	-0.0001393	-0.0001215	-0.0000978	-0.0000770	-0.0000504	-0.0000267	+0.0000000	+0.0000238	+0.0000475	+0.0000771	+0.0000949	+0.0001068	+0.0001186	+0.0001305	+0.0001365	+0.0001454	+0.0001573
2014-11	0.006	-0.0000501	-0.0000413	-0.0000324	-0.0000059	+0.0000295	+0.0000475	+0.0000773	+0.0001066	+0.0001245	+0.0001511	+0.0001776	+0.0001987	+0.0002252	+0.0002458	+0.0002725	+0.0002844	+0.0003055	+0.0003258	+0.0003320	+0.0003529	+0.0003676
2014-12	0.010	-0.0001594	-0.0001417	-0.0001181	-0.0000796	-0.0000562	+0.0000290	+0.0001062	+0.0001389	+0.0001647	+0.0001919	+0.0002218	+0.0002472	+0.0002653	+0.0002856	+0.0003010	+0.0003212	+0.0003333	+0.0003535	+0.0003626	+0.0003743	+0.0003891
2015-01	-0.000	+0.0000764	+0.0000912	+0.0001235	+0.0001527	+0.0001956	+0.0002196	+0.0002703	+0.0003377	+0.0003819	+0.0004215	+0.0004540	+0.0004768	+0.0005081	+0.0005261	+0.0005517	+0.0005686	+0.0005761	+0.0005968	+0.0006033	+0.0006154	+0.0006154
2015-02	-0.007	-0.0006535	-0.0005435	-0.0004680	-0.0002837	-0.0002082	-0.0001464	-0.0000731	+0.0001616	+0.0002467	+0.0003360	+0.0004447	+0.0006345	+0.0006883	+0.0007308	+0.0007629	+0.0007842	+0.0008073	+0.0008164	+0.0008271	+0.0008436	+0.0008449
