2011-03	0.032	-0.0004846	-0.0003876	-0.0002114	-0.0000713	+0.0000841	+0.0002604	+0.0004157	+0.0005908	+0.0007729	+0.0009706	+0.0011520	+0.0013620	+0.0015301	+0.0016608	+0.0017926	+0.0018793	+0.0020027	+0.0020697	+0.0021264	+0.0021610	+0.0021850
2011-04	0.055	-0.0027518	-0.0024854	-0.0022240	-0.0019627	-0.0016894	-0.0015652	-0.0013205	-0.0009576	-0.0006517	-0.0004088	-0.0000153	+0.0003192	+0.0005167	+0.0006953	+0.0010026	+0.0012478	+0.0013179	+0.0014734	+0.0014953	+0.0015331	+0.0015540
2011-05	-0.037	-0.0031319	-0.0029073	-0.0022734	-0.0019817	-0.0007380	-0.0003880	+0.0002597	+0.0009955	+0.0015814	+0.0024171	+0.0028875	+0.0036765	+0.0043805	+0.0051552	+0.0057462	+0.0061439	+0.0068692	+0.0072106	+0.0076500	+0.0078016	+0.0083080
2011-06	0.011	-0.0041011	-0.0039835	-0.0038788	-0.0034763	-0.0033197	-0.0032102	-0.0029878	-0.0026950	-0.0023288	-0.0019625	-0.0015601	-0.0009702	-0.0006038	-0.0002628	+0.0000570	+0.0006501	+0.0009955	+0.0011778	+0.0014156	+0.0017206	+0.0017855
2011-07	-0.015	-0.0016772	-0.0015186	-0.0014861	-0.0013276	-0.0012612	-0.0011161	-0.0009309	-0.0007277	-0.0004236	-0.0001694	+0.0001104	+0.0003494	+0.0005849	+0.0008641	+0.0011385	+0.0013427	+0.0014781	+0.0015747	+0.0016534	+0.0017177	+0.0017539
2011-08	-0.055	-0.0018098	-0.0018016	-0.0016350	-0.0014959	-0.0013193	-0.0010007	-0.0007340	-0.0004816	-0.0001756	+0.0001461	+0.0004401	+0.0007756	+0.0011223	+0.0013851	+0.0016568	+0.0018089	+0.0020248	+0.0021995	+0.0023248	+0.0024248	+0.0024769
2011-09	-0.129	-0.0065177	-0.0061767	-0.0060963	-0.0060127	-0.0056493	-0.0055159	-0.0051110	-0.0047883	-0.0044447	-0.0039074	-0.0033654	-0.0028609	-0.0023419	-0.0017119	-0.0010554	-0.0001422	+0.0013732	+0.0022414	+0.0028116	+0.0035847	+0.0036143
2011-10	0.100	-0.0089196	-0.0087858	-0.0085841	-0.0077321	-0.0074969	-0.0069286	-0.0063820	-0.0057209	-0.0049791	-0.0042485	-0.0035358	-0.0026858	-0.0017860	-0.0009949	-0.0002672	+0.0006115	+0.0013182	+0.0019941	+0.0022839	+0.0028001	+0.0037136
2011-11	-0.070	-0.0095601	-0.0091433	-0.0090607	-0.0088883	-0.0085346	-0.0075984	-0.0063020	-0.0047876	-0.0034684	-0.0023130	-0.0007379	+0.0006149	+0.0024065	+0.0036361	+0.0049428	+0.0059851	+0.0066554	+0.0077345	+0.0086029	+0.0089842	+0.0100000
2011-12	0.019	-0.0063034	-0.0062266	-0.0061002	-0.0055758	-0.0048732	-0.0036027	-0.0024926	-0.0017780	-0.0011312	+0.0002474	+0.0014994	+0.0022946	+0.0033034	+0.0043816	+0.0051939	+0.0057870	+0.0063788	+0.0066554	+0.0076053	+0.0084303	+0.0085596
2012-01	0.060	-0.0056397	-0.0053166	-0.0047922	-0.0043317	-0.0039873	-0.0035063	-0.0029038	-0.0025953	-0.0018089	-0.0012461	-0.0007501	-0.0004093	+0.0002016	+0.0005634	+0.0007952	+0.0012868	+0.0015967	+0.0017482	+0.0021737	+0.0025113	+0.0026304
2012-02	0.083	-0.0015230	-0.0013838	-0.0012036	-0.0009838	-0.0008070	-0.0005107	-0.0001182	+0.0005000	+0.0009838	+0.0013092	+0.0016988	+0.0023257	+0.0028829	+0.0032615	+0.0035938	+0.0037871	+0.0039713	+0.0041396	+0.0043838	+0.0045963	+0.0046914
2012-03	-0.040	-0.0013503	-0.0013395	-0.0012629	-0.0011603	-0.0009097	-0.0002984	+0.0026799	+0.0028393	+0.0030205	+0.0031612	+0.0033372	+0.0035119	+0.0036804	+0.0038351	+0.0039923	+0.0040908	+0.0042088	+0.0043222	+0.0044465	+0.0045480	+0.0045990
2012-04	-0.028	-0.0026927	-0.0024061	-0.0023735	-0.0021228	-0.0018193	-0.0016148	-0.0013405	-0.0009624	-0.0004836	+0.0000968	+0.0008780	+0.0013498	+0.0017881	+0.0022815	+0.0028932	+0.0035754	+0.0038520	+0.0040146	+0.0041688	+0.0043017	+0.0044465
2012-05	-0.067	-0.0025097	-0.0024643	-0.0024170	-0.0023084	-0.0022250	-0.0021595	-0.0020726	-0.0019329	-0.0018089	-0.0016740	-0.0015156	-0.0013345	-0.0011323	-0.0009218	-0.0006319	-0.0001343	+0.0002005	+0.0004183	+0.0006609	+0.0006729	+0.0009975
2012-06	-0.012	-0.0058628	-0.0053142	-0.0052967	-0.0049375	-0.0047384	-0.0044923	-0.0042270	-0.0039295	-0.0035521	-0.0032685	-0.0029860	-0.0027376	-0.0025506	-0.0023462	-0.0021467	-0.0009896	+0.0006511	+0.0008904	+0.0010386	+0.0012386	+0.0013211
2012-07	0.026	-0.0041353	-0.0040718	-0.0036451	-0.0035411	-0.0034115	-0.0030143	-0.0027235	-0.0023110	-0.0018577	-0.0015406	-0.0010436	-0.0006553	-0.0002131	+0.0002848	+0.0005028	+0.0009871	+0.0011718	+0.0018288	+0.0023285	+0.0025019	+0.0025425
2012-08	0.010	-0.0014353	-0.0013377	-0.0011478	-0.0010519	-0.0008129	-0.0005857	-0.0003000	-0.0000092	+0.0002802	+0.0005169	+0.0008267	+0.0012103	+0.0014652	+0.0017341	+0.0018134	+0.0020412	+0.0020871	+0.0021495	+0.0022272	+0.0023910	+0.0024046
2012-09	0.008	-0.0010586	-0.0009811	-0.0009565	-0.0008163	-0.0007047	-0.0005704	-0.0004588	-0.0002361	-0.0000175	+0.0001774	+0.0003762	+0.0005819	+0.0007916	+0.0010005	+0.0011644	+0.0013115	+0.0014141	+0.0015328	+0.0016250	+0.0016689	+0.0017257
2012-10	0.024	-0.0007080	-0.0006873	-0.0006738	-0.0005601	-0.0003918	-0.0001980	-0.0001513	-0.0000806	+0.0000103	+0.0001711	+0.0003696	+0.0004995	+0.0006174	+0.0007828	+0.0009293	+0.0010277	+0.0011182	+0.0012109	+0.0013810	+0.0014715	+0.0015035
2012-11	0.003	-0.0004532	-0.0004232	-0.0003645	-0.0002273	-0.0001190	-0.0000630	+0.0000270	+0.0001628	+0.0002910	+0.0004223	+0.0005558	+0.0007117	+0.0008780	+0.0010253	+0.0011166	+0.0012288	+0.0013580	+0.0015256	+0.0016094	+0.0016687	+0.0016900
2012-12	0.055	-0.0011265	-0.0010478	-0.0009684	-0.0008333	-0.0006825	-0.0004969	-0.0003908	-0.0002055	-0.0000317	+0.0001832	+0.0004288	+0.0006060	+0.0007655	+0.0009445	+0.0011572	+0.0013059	+0.0014117	+0.0014772	+0.0015299	+0.0015450	+0.0015494
2013-01	0.068	-0.0002504	-0.0001562	-0.0001461	-0.0000876	+0.0000067	+0.0001238	+0.0003147	+0.0007027	+0.0008593	+0.0010167	+0.0013178	+0.0016924	+0.0018844	+0.0021067	+0.0022904	+0.0027061	+0.0028288	+0.0029125	+0.0031604	+0.0032190	+0.0033079
2013-02	0.013	-0.0011216	-0.0010671	-0.0008286	-0.0006088	-0.0004519	-0.0001993	+0.0028991	+0.0032108	+0.0034067	+0.0035772	+0.0037670	+0.0039353	+0.0040910	+0.0041895	+0.0042987	+0.0043436	+0.0044044	+0.0044731	+0.0044954	+0.0045044	+0.0045196
2013-03	0.012	-0.0022839	-0.0016393	-0.0013798	-0.0009474	-0.0007729	-0.0003748	+0.0011484	+0.0015214	+0.0020726	+0.0024948	+0.0028728	+0.0030880	+0.0032804	+0.0034267	+0.0035742	+0.0036908	+0.0037913	+0.0038529	+0.0039872	+0.0040765	+0.0040930
2013-04	0.044	-0.0011844	-0.0010504	-0.0009433	-0.0008022	-0.0005448	-0.0002297	-0.0000586	+0.0001798	+0.0004102	+0.0005827	+0.0007855	+0.0009803	+0.0011671	+0.0013192	+0.0014739	+0.0015572	+0.0017070	+0.0017923	+0.0018806	+0.0018947	+0.0020434
2013-05	-0.018	-0.0025133	-0.0024605	-0.0020752	-0.0016363	-0.0013856	-0.0011136	-0.0005805	-0.0001602	+0.0001433	+0.0006534	+0.0011419	+0.0015106	+0.0020753	+0.0024062	+0.0026346	+0.0028099	+0.0029507	+0.0030821	+0.0032143	+0.0032622	+0.0033732
2013-06	-0.052	-0.0026000	-0.0019525	-0.0018876	-0.0016711	-0.0011346	-0.0008993	-0.0004273	+0.0000088	+0.0003098	+0.0006784	+0.0010372	+0.0014009	+0.0016566	+0.0019531	+0.0022338	+0.0024704	+0.0026220	+0.0028449	+0.0029841	+0.0031277	+0.0032229
2013-07	-0.011	-0.0063586	-0.0061939	-0.0061584	-0.0058722	-0.0057725	-0.0055422	-0.0053785	-0.0051401	-0.0048656	-0.0044031	-0.0038157	-0.0032346	-0.0025025	-0.0020763	-0.0012919	-0.0008869	-0.0004138	+0.0002850	+0.0006290	+0.0014745	+0.0017915
2013-08	-0.021	-0.0039904	-0.0032322	-0.0031198	-0.0026069	-0.0023654	-0.0021273	-0.0015652	-0.0012625	-0.0007681	-0.0004522	-0.0000029	+0.0003210	+0.0007217	+0.0010028	+0.0013035	+0.0015948	+0.0018281	+0.0020192	+0.0022696	+0.0024157	+0.0026713
2013-09	0.033	-0.0028330	-0.0028302	-0.0027933	-0.0027328	-0.0026706	-0.0025657	-0.0024549	-0.0022721	-0.0019935	-0.0015685	-0.0012932	-0.0009974	-0.0006681	-0.0003352	-0.0000668	+0.0001819	+0.0004289	+0.0006339	+0.0008222	+0.0009683	+0.0010565
2013-10	0.030	-0.0024027	-0.0022493	-0.0020091	-0.0017962	-0.0015396	-0.0012541	-0.0008417	-0.0002800	+0.0002170	+0.0007096	+0.0011909	+0.0016050	+0.0022092	+0.0027947	+0.0031612	+0.0032786	+0.0033920	+0.0037461	+0.0039496	+0.0039880	+0.0039954
2013-11	-0.005	-0.0013582	-0.0011953	-0.0011317	-0.0009795	-0.0008545	+0.0000574	+0.0007549	+0.0009006	+0.0010333	+0.0011726	+0.0012896	+0.0014296	+0.0015904	+0.0017960	+0.0020808	+0.0022566	+0.0023732	+0.0024466	+0.0026252	+0.0026953	+0.0027411
2013-12	0.011	-0.0021136	-0.0020647	-0.0019108	-0.0018410	-0.0015859	-0.0013912	-0.0011660	-0.0009607	-0.0006139	-0.0003829	-0.0001237	+0.0001903	+0.0004365	+0.0006858	+0.0009641	+0.0011498	+0.0012636	+0.0013590	+0.0014282	+0.0014778	+0.0015054
2014-01	-0.019	-0.0000001	+0.0000478	+0.0000820	+0.0001207	+0.0001686	+0.0002284	+0.0003146	+0.0004034	+0.0005132	+0.0006058	+0.0007191	+0.0008112	+0.0009196	+0.0010219	+0.0011224	+0.0011851	+0.0012619	+0.0013032	+0.0013326	+0.0013714	+0.0013915
2014-02	0.025	-0.0013372	-0.0013238	-0.0012646	-0.0011506	-0.0010204	-0.0006952	-0.0004818	-0.0003999	-0.0002697	-0.0000501	+0.0002699	+0.0004726	+0.0005761	+0.0006645	+0.0007971	+0.0008758	+0.0009456	+0.0010140	+0.0010761	+0.0011437	+0.0012181
2014-03	0.025	-0.0015261	-0.0015038	-0.0014793	-0.0014053	-0.0013508	-0.0013040	-0.0012212	-0.0011349	-0.0009865	-0.0003521	+0.0000251	+0.0003307	+0.0004863	+0.0006883	+0.0013284	+0.0015836	+0.0018050	+0.0019975	+0.0020883	+0.0021019	+0.0021900
2014-04	0.012	-0.0014778	-0.0014224	-0.0012270	-0.0010742	-0.0007300	-0.0003339	+0.0001446	+0.0004378	+0.0006647	+0.0009140	+0.0010803	+0.0012855	+0.0014644	+0.0016436	+0.0017730	+0.0018729	+0.0020206	+0.0021019	+0.0021833	+0.0021974	+0.0022048
2014-05	0.004	-0.0010714	-0.0010151	-0.0008701	-0.0006510	-0.0003860	+0.0001517	+0.0003669	+0.0006075	+0.0008463	+0.0010415	+0.0013028	+0.0014903	+0.0016683	+0.0019280	+0.0020560	+0.0022116	+0.0024211	+0.0025472	+0.0025937	+0.0027503	+0.0027968
2014-06	0.011	-0.0004674	-0.0004062	-0.0003049	-0.0002349	-0.0001874	-0.0001227	+0.0000026	+0.0000782	+0.0001545	+0.0002474	+0.0003199	+0.0003882	+0.0004605	+0.0005189	+0.0005709	+0.0006105	+0.0006472	+0.0007026	+0.0007250	+0.0007870	+0.0007913
2014-07	-0.004	-0.0005448	-0.0005049	-0.0004653	-0.0003588	-0.0002739	-0.0002025	-0.0001301	-0.0000057	+0.0001084	+0.0002286	+0.0003175	+0.0004167	+0.0005239	+0.0006690	+0.0007354	+0.0007859	+0.0008565	+0.0009623	+0.0010731	+0.0011156	+0.0011193
2014-08	0.012	-0.0005278	-0.0005200	-0.0004806	-0.0004438	-0.0003149	-0.0002578	-0.0001526	-0.0001023	-0.0000133	+0.0001055	+0.0001713	+0.0003239	+0.0004539	+0.0005142	+0.0006707	+0.0007262	+0.0007950	+0.0009198	+0.0010731	+0.0010768	+0.0011169
2014-09	-0.023	-0.0009557	-0.0009027	-0.0008302	-0.0007847	-0.0006978	-0.0006258	-0.0005169	-0.0004203	-0.0003031	-0.0001999	-0.0000387	+0.0001573	+0.0003390	+0.0004580	+0.0005969	+0.0007406	+0.0008945	+0.0010296	+0.0011733	+0.0012069	+0.0012448
2014-10	0.019	-0.0019105	-0.0017411	-0.0016218	-0.0014523	-0.0010968	-0.0009195	-0.0006407	-0.0003868	-0.0001247	+0.0001510	+0.0004774	+0.0007880	+0.0010416	+0.0012832	+0.0014508	+0.0015929	+0.0017194	+0.0018207	+0.0018817	+0.0019659	+0.0020338
2014-11	0.018	-0.0022120	-0.0021570	-0.0020782	-0.0020160	-0.0019170	-0.0017847	-0.0015847	-0.0014509	-0.0012924	-0.0011032	-0.0009065	-0.0006969	-0.0004983	-0.0003006	-0.0001374	+0.0000602	+0.0002604	+0.0003934	+0.0004716	+0.0005902	+0.0008138
2014-12	-0.021	-0.0008416	-0.0005372	-0.0004830	-0.0003863	-0.0001894	-0.0000441	+0.0001278	+0.0003469	+0.0005441	+0.0007313	+0.0009465	+0.0011330	+0.0012909	+0.0014254	+0.0015627	+0.0016574	+0.0017701	+0.0018396	+0.0019202	+0.0020026	+0.0020512
2015-01	0.011	-0.0027027	-0.0026669	-0.0024882	-0.0022313	-0.0020183	-0.0017594	-0.0014808	-0.0012976	-0.0009785	-0.0006652	-0.0003694	-0.0001314	+0.0000886	+0.0004306	+0.0006170	+0.0007216	+0.0007917	+0.0009118	+0.0010330	+0.0010641	+0.0011330
2015-02	-0.016	-0.0013011	-0.0012416	-0.0012093	-0.0011357	-0.0010546	-0.0009672	-0.0007055	-0.0003444	-0.0001627	+0.0000114	+0.0002245	+0.0005945	+0.0008401	+0.0010260	+0.0011523	+0.0013337	+0.0014584	+0.0016384	+0.0018230	+0.0019542	+0.0019625
