2013-07	0.018	-0.0099823	-0.0099717	-0.0098478	-0.0097824	-0.0096323	-0.0091408	-0.0088892	-0.0085565	-0.0080716	-0.0076153	-0.0069684	-0.0063294	-0.0049142	-0.0004038	+0.0018029	+0.0100000	+0.0100000	+0.0100000	+0.0100000	+0.0100000	+0.0100000
2013-08	-0.048	-0.0054999	-0.0046036	-0.0035205	-0.0029047	-0.0026861	-0.0019420	-0.0010113	-0.0002622	+0.0004558	+0.0013823	+0.0022024	+0.0028798	+0.0036577	+0.0042146	+0.0048589	+0.0052585	+0.0056402	+0.0060405	+0.0062000	+0.0065657	+0.0067597
2013-09	0.053	-0.0046334	-0.0045509	-0.0044431	-0.0041643	-0.0040490	-0.0039458	-0.0037062	-0.0034388	-0.0031383	-0.0027152	-0.0022268	-0.0016939	-0.0012477	-0.0005717	-0.0001338	+0.0002730	+0.0007439	+0.0011012	+0.0016228	+0.0019020	+0.0020303
2013-10	0.030	-0.0030036	-0.0029197	-0.0027441	-0.0025041	-0.0022641	-0.0020416	-0.0016084	-0.0009782	-0.0000515	+0.0005449	+0.0008906	+0.0015120	+0.0024791	+0.0031857	+0.0035182	+0.0038361	+0.0041773	+0.0045445	+0.0050564	+0.0050983	+0.0052870
2013-11	0.003	-0.0016154	-0.0015511	-0.0014712	-0.0013071	-0.0011659	-0.0007072	-0.0002174	+0.0001844	+0.0005081	+0.0008801	+0.0012921	+0.0018267	+0.0022804	+0.0025898	+0.0028591	+0.0030296	+0.0032123	+0.0033812	+0.0035437	+0.0037074	+0.0037493
2013-12	0.016	-0.0015646	-0.0015299	-0.0014410	-0.0013260	-0.0012371	-0.0010891	-0.0009451	-0.0007121	-0.0004653	-0.0001159	+0.0003730	+0.0008902	+0.0012460	+0.0015636	+0.0019079	+0.0023028	+0.0028481	+0.0031330	+0.0033610	+0.0034035	+0.0034323
2014-01	-0.020	-0.0009529	-0.0009334	-0.0009135	-0.0008763	-0.0006187	-0.0005412	-0.0004184	-0.0002399	-0.0000842	+0.0000991	+0.0003295	+0.0005047	+0.0006871	+0.0008812	+0.0010568	+0.0012277	+0.0013711	+0.0014971	+0.0015484	+0.0017484	+0.0018877
2014-02	0.022	-0.0018693	-0.0018572	-0.0016760	-0.0015061	-0.0012852	-0.0008297	-0.0004018	-0.0001697	+0.0000929	+0.0004922	+0.0010337	+0.0013841	+0.0016683	+0.0019086	+0.0021106	+0.0022731	+0.0024583	+0.0026237	+0.0027136	+0.0028280	+0.0029690
2014-03	0.015	-0.0028631	-0.0027141	-0.0025686	-0.0024210	-0.0021811	-0.0019619	-0.0017258	-0.0013828	-0.0009560	-0.0003323	+0.0002126	+0.0005592	+0.0009383	+0.0013712	+0.0020980	+0.0023254	+0.0025967	+0.0029038	+0.0030761	+0.0031145	+0.0032501
2014-04	0.029	-0.0023196	-0.0021993	-0.0021285	-0.0020952	-0.0012341	-0.0008442	-0.0006409	-0.0004636	-0.0001493	+0.0003615	+0.0006418	+0.0009437	+0.0012481	+0.0017247	+0.0019534	+0.0021752	+0.0024470	+0.0027350	+0.0029493	+0.0031149	+0.0032501
2014-05	0.019	-0.0013783	-0.0013621	-0.0012341	-0.0008290	-0.0006647	-0.0003535	-0.0001339	+0.0001813	+0.0004993	+0.0007652	+0.0010935	+0.0013758	+0.0016341	+0.0018868	+0.0021001	+0.0022554	+0.0024285	+0.0025768	+0.0026965	+0.0027823	+0.0029715
2014-06	0.011	-0.0009076	-0.0007642	-0.0005092	-0.0004144	-0.0002381	+0.0000408	+0.0003032	+0.0005357	+0.0007352	+0.0009187	+0.0010741	+0.0012349	+0.0013632	+0.0015370	+0.0017248	+0.0018008	+0.0018596	+0.0019191	+0.0022096	+0.0022783	+0.0023263
2014-07	0.031	-0.0018129	-0.0017472	-0.0015007	-0.0011550	-0.0009964	-0.0007029	-0.0001344	+0.0001583	+0.0003699	+0.0005894	+0.0008130	+0.0010631	+0.0012083	+0.0013076	+0.0013954	+0.0016229	+0.0017301	+0.0017951	+0.0018636	+0.0019037	+0.0019711
2014-08	0.011	-0.0007480	-0.0007087	-0.0006824	-0.0005743	-0.0003809	-0.0002713	-0.0000687	+0.0000688	+0.0002478	+0.0004343	+0.0006232	+0.0008304	+0.0009748	+0.0011080	+0.0011998	+0.0013113	+0.0013807	+0.0014255	+0.0015148	+0.0015660	+0.0015874
2014-09	-0.005	-0.0009880	-0.0008949	-0.0006191	-0.0005133	-0.0003976	-0.0002001	-0.0000108	+0.0001660	+0.0004111	+0.0006371	+0.0008886	+0.0010929	+0.0013428	+0.0015221	+0.0017591	+0.0019079	+0.0020928	+0.0021821	+0.0022948	+0.0024183	+0.0025394
2014-10	0.054	-0.0023596	-0.0021034	-0.0018439	-0.0015116	-0.0014084	-0.0009220	-0.0005728	-0.0002382	+0.0001715	+0.0006818	+0.0010422	+0.0014071	+0.0019534	+0.0024267	+0.0026466	+0.0028384	+0.0029669	+0.0030484	+0.0031503	+0.0031741	+0.0031797
2014-11	0.094	-0.0028470	-0.0028007	-0.0026518	-0.0025341	-0.0024053	-0.0021548	-0.0019790	-0.0017069	-0.0013539	-0.0008799	-0.0004093	+0.0001655	+0.0006927	+0.0011435	+0.0016621	+0.0020406	+0.0026217	+0.0028926	+0.0031868	+0.0037295	+0.0039948
2014-12	0.042	-0.0029815	-0.0027258	-0.0024606	-0.0006559	-0.0002004	+0.0006568	+0.0025086	+0.0041155	+0.0047529	+0.0051860	+0.0057471	+0.0069257	+0.0074617	+0.0078137	+0.0080878	+0.0083047	+0.0084650	+0.0085920	+0.0088243	+0.0088645	+0.0089787
2015-01	0.034	-0.0024686	-0.0019105	-0.0018323	-0.0014888	-0.0013799	-0.0006400	-0.0001602	+0.0005234	+0.0010482	+0.0013618	+0.0016665	+0.0021340	+0.0024246	+0.0027519	+0.0030008	+0.0032849	+0.0035711	+0.0038200	+0.0039028	+0.0041517	+0.0041715
2015-02	-0.009	-0.0009329	-0.0008443	-0.0005985	-0.0002787	+0.0002295	+0.0003668	+0.0008192	+0.0012337	+0.0015196	+0.0018089	+0.0020878	+0.0023970	+0.0026952	+0.0029697	+0.0030720	+0.0034458	+0.0036515	+0.0040390	+0.0041342	+0.0041951	+0.0042269
