2011-02	-0.004	-0.0008471	-0.0008001	-0.0007520	-0.0007114	-0.0006301	-0.0005487	-0.0004745	-0.0003796	-0.0002910	-0.0001834	-0.0000677	+0.0000686	+0.0002043	+0.0003394	+0.0004347	+0.0005636	+0.0006990	+0.0007943	+0.0008823	+0.0009709	+0.0010586
2011-03	-0.003	-0.0039345	-0.0037829	-0.0033407	-0.0028723	-0.0025212	-0.0022143	-0.0018256	-0.0014222	-0.0008204	-0.0003025	+0.0000830	+0.0005630	+0.0011328	+0.0015777	+0.0018824	+0.0021640	+0.0023698	+0.0024993	+0.0026767	+0.0027956	+0.0028878
2011-04	0.014	-0.0021079	-0.0020136	-0.0018914	-0.0017449	-0.0015664	-0.0013571	-0.0010918	-0.0008174	-0.0005195	-0.0001865	+0.0001617	+0.0005327	+0.0008669	+0.0012152	+0.0015321	+0.0018411	+0.0021069	+0.0023477	+0.0025842	+0.0027887	+0.0029725
2011-05	0.017	-0.0016370	-0.0015274	-0.0014238	-0.0012445	-0.0009386	-0.0007455	-0.0005518	-0.0002692	+0.0000618	+0.0003073	+0.0006704	+0.0009533	+0.0012318	+0.0015344	+0.0017845	+0.0019919	+0.0022365	+0.0023878	+0.0025299	+0.0026477	+0.0028020
2011-06	0.001	-0.0015718	-0.0013934	-0.0008921	-0.0008389	-0.0007191	-0.0006001	-0.0004542	-0.0000898	+0.0002326	+0.0003856	+0.0005242	+0.0006505	+0.0007700	+0.0008798	+0.0009796	+0.0010657	+0.0011584	+0.0012445	+0.0013028	+0.0014226	+0.0014537
2011-07	0.008	-0.0006179	-0.0005535	-0.0004941	-0.0004203	-0.0003408	-0.0002576	-0.0001679	-0.0000648	+0.0000438	+0.0001559	+0.0002720	+0.0003854	+0.0004969	+0.0005941	+0.0006908	+0.0007680	+0.0008498	+0.0009080	+0.0009727	+0.0010305	+0.0010763
2011-08	0.045	-0.0011505	-0.0010851	-0.0010218	-0.0008950	-0.0007203	-0.0005724	-0.0004127	-0.0000883	+0.0002827	+0.0005274	+0.0007926	+0.0011600	+0.0015386	+0.0017685	+0.0020046	+0.0022788	+0.0026172	+0.0028006	+0.0029697	+0.0030985	+0.0031440
2011-09	0.007	-0.0037861	-0.0034042	-0.0028085	-0.0023209	-0.0018627	-0.0012770	-0.0008005	-0.0001747	+0.0004863	+0.0010502	+0.0015864	+0.0020967	+0.0024973	+0.0028803	+0.0031942	+0.0035014	+0.0037451	+0.0039403	+0.0041446	+0.0042800	+0.0044011
2011-10	-0.019	-0.0013451	-0.0012834	-0.0011530	-0.0010174	-0.0008867	-0.0007238	-0.0005768	-0.0003960	-0.0001727	+0.0000540	+0.0002712	+0.0005114	+0.0007127	+0.0009664	+0.0011502	+0.0013333	+0.0014681	+0.0016712	+0.0017686	+0.0019513	+0.0020301
2011-11	0.000	-0.0042935	-0.0041328	-0.0038762	-0.0035916	-0.0033284	-0.0030348	-0.0027487	-0.0024217	-0.0020043	-0.0016138	-0.0012796	-0.0009038	-0.0003963	-0.0001321	+0.0000508	+0.0004177	+0.0008409	+0.0010049	+0.0010990	+0.0012311	+0.0017699
2011-12	0.012	-0.0036529	-0.0034439	-0.0032113	-0.0029979	-0.0027984	-0.0026493	-0.0024167	-0.0021062	-0.0018205	-0.0015660	-0.0012768	-0.0009285	-0.0006415	-0.0004272	-0.0001527	+0.0002555	+0.0004818	+0.0006751	+0.0007930	+0.0009483	+0.0013964
2012-01	0.011	-0.0012807	-0.0011393	-0.0009942	-0.0008353	-0.0006649	-0.0004741	-0.0002737	-0.0000668	+0.0001555	+0.0003926	+0.0006271	+0.0008423	+0.0010499	+0.0012524	+0.0014278	+0.0015718	+0.0016881	+0.0017742	+0.0018450	+0.0019079	+0.0019618
2012-02	0.001	-0.0014975	-0.0013597	-0.0013533	-0.0011159	-0.0009721	-0.0007626	-0.0006052	-0.0003793	-0.0001644	+0.0000734	+0.0003128	+0.0004996	+0.0007602	+0.0009284	+0.0010840	+0.0012655	+0.0013834	+0.0014968	+0.0015639	+0.0016079	+0.0016823
2012-03	-0.012	-0.0013132	-0.0012705	-0.0012054	-0.0011444	-0.0010701	-0.0009815	-0.0008741	-0.0007528	-0.0006145	-0.0004705	-0.0003161	-0.0001545	+0.0000002	+0.0001503	+0.0002944	+0.0004323	+0.0005499	+0.0006708	+0.0007634	+0.0008478	+0.0009224
2012-04	0.012	-0.0036210	-0.0034528	-0.0031656	-0.0029700	-0.0027670	-0.0025187	-0.0022046	-0.0018810	-0.0015382	-0.0011565	-0.0007810	-0.0003786	-0.0000028	+0.0003532	+0.0006999	+0.0010015	+0.0012734	+0.0015338	+0.0017641	+0.0019593	+0.0021877
2012-05	0.013	-0.0009351	-0.0006776	-0.0005107	-0.0004551	-0.0003127	-0.0000614	+0.0001115	+0.0002787	+0.0005064	+0.0007066	+0.0008672	+0.0010377	+0.0012457	+0.0013232	+0.0014559	+0.0016385	+0.0017072	+0.0017563	+0.0018910	+0.0019094	+0.0019148
2012-06	0.012	-0.0007708	-0.0007078	-0.0006186	-0.0005175	-0.0004237	-0.0003239	-0.0002138	-0.0000920	+0.0000324	+0.0001627	+0.0002964	+0.0004251	+0.0005522	+0.0006685	+0.0007725	+0.0008757	+0.0009651	+0.0010374	+0.0011075	+0.0011675	+0.0012278
2012-07	0.008	-0.0008704	-0.0008011	-0.0007193	-0.0006370	-0.0005547	-0.0004593	-0.0003471	-0.0002370	-0.0001138	+0.0000146	+0.0001402	+0.0002680	+0.0003920	+0.0005044	+0.0006060	+0.0007094	+0.0007969	+0.0008745	+0.0009460	+0.0010203	+0.0010838
2012-08	0.000	-0.0011666	-0.0010554	-0.0009362	-0.0006061	-0.0003792	-0.0001864	-0.0000313	+0.0001474	+0.0004632	+0.0007559	+0.0009166	+0.0010551	+0.0011609	+0.0012406	+0.0013165	+0.0013844	+0.0014293	+0.0014839	+0.0015262	+0.0015622	+0.0015920
2012-09	0.003	-0.0018347	-0.0017895	-0.0017320	-0.0016600	-0.0015734	-0.0014647	-0.0012575	-0.0008772	-0.0006870	-0.0005049	-0.0001684	+0.0001926	+0.0003934	+0.0006151	+0.0010362	+0.0012304	+0.0013546	+0.0015025	+0.0018372	+0.0020407	+0.0021383
2012-10	0.002	-0.0018540	-0.0017682	-0.0016970	-0.0016034	-0.0014555	-0.0013322	-0.0011672	-0.0009741	-0.0007257	-0.0004940	-0.0002522	+0.0000122	+0.0002786	+0.0005226	+0.0007442	+0.0009092	+0.0011047	+0.0012659	+0.0015021	+0.0015436	+0.0018247
2012-11	0.010	-0.0009823	-0.0009556	-0.0009019	-0.0008492	-0.0007721	-0.0007047	-0.0005960	-0.0004934	-0.0003808	-0.0002561	-0.0001168	+0.0000268	+0.0001616	+0.0002907	+0.0004130	+0.0005338	+0.0006326	+0.0007260	+0.0008164	+0.0008922	+0.0009739
2012-12	-0.006	-0.0008083	-0.0007288	-0.0006445	-0.0005453	-0.0004409	-0.0003189	-0.0001835	-0.0000401	+0.0001100	+0.0002762	+0.0004539	+0.0006185	+0.0007868	+0.0009463	+0.0010808	+0.0012001	+0.0012954	+0.0014139	+0.0015514	+0.0016282	+0.0016576
2013-01	-0.014	-0.0021713	-0.0020920	-0.0020146	-0.0019076	-0.0017993	-0.0016841	-0.0015492	-0.0013869	-0.0011979	-0.0009863	-0.0007500	-0.0004907	-0.0002351	+0.0000002	+0.0002328	+0.0004708	+0.0006497	+0.0008895	+0.0010210	+0.0012466	+0.0013276
2013-02	0.013	-0.0016507	-0.0015607	-0.0014584	-0.0013155	-0.0011894	-0.0010595	-0.0008861	-0.0007119	-0.0005501	-0.0003238	-0.0001378	+0.0000421	+0.0002445	+0.0004063	+0.0005673	+0.0006989	+0.0008123	+0.0008907	+0.0009687	+0.0010813	+0.0011594
2013-03	0.004	-0.0005271	-0.0004191	-0.0003770	-0.0002756	-0.0001865	-0.0000540	+0.0000604	+0.0001918	+0.0003354	+0.0004917	+0.0006560	+0.0008172	+0.0009618	+0.0011016	+0.0012411	+0.0013456	+0.0014560	+0.0015467	+0.0016066	+0.0016653	+0.0017241
2013-04	0.014	-0.0021330	-0.0020188	-0.0018885	-0.0016673	-0.0013760	-0.0011546	-0.0009287	-0.0007035	-0.0003810	+0.0000037	+0.0002709	+0.0005031	+0.0008272	+0.0011152	+0.0014018	+0.0015034	+0.0015826	+0.0016254	+0.0016542	+0.0016810	+0.0017391
2013-05	-0.027	-0.0007762	-0.0006762	-0.0005254	-0.0003842	-0.0002697	-0.0001625	-0.0000303	+0.0001279	+0.0002811	+0.0004126	+0.0005324	+0.0006443	+0.0007541	+0.0008517	+0.0009481	+0.0010322	+0.0011127	+0.0011786	+0.0012524	+0.0013070	+0.0013802
2013-06	-0.033	-0.0025197	-0.0024370	-0.0023452	-0.0022687	-0.0021696	-0.0020624	-0.0019445	-0.0018173	-0.0016775	-0.0015249	-0.0013573	-0.0011701	-0.0009168	-0.0004961	-0.0001904	+0.0000084	+0.0001710	+0.0003648	+0.0008325	+0.0011007	+0.0012403
2013-07	-0.001	-0.0063071	-0.0061082	-0.0057841	-0.0054427	-0.0050287	-0.0046867	-0.0042728	-0.0038224	-0.0032464	-0.0026908	-0.0022353	-0.0016637	-0.0010342	-0.0006203	-0.0002588	+0.0002059	+0.0007885	+0.0010631	+0.0012351	+0.0014818	+0.0022695
2013-08	-0.009	-0.0019415	-0.0018299	-0.0017128	-0.0015973	-0.0014508	-0.0012909	-0.0011005	-0.0008798	-0.0006262	-0.0003669	-0.0001003	+0.0001851	+0.0004861	+0.0007408	+0.0009713	+0.0012333	+0.0014676	+0.0016389	+0.0017552	+0.0019208	+0.0021404
2013-09	0.013	-0.0028195	-0.0026550	-0.0024939	-0.0023202	-0.0021095	-0.0018903	-0.0016373	-0.0013695	-0.0010694	-0.0007744	-0.0004455	-0.0001238	+0.0001766	+0.0004684	+0.0007328	+0.0009743	+0.0011946	+0.0013756	+0.0015790	+0.0017472	+0.0018793
2013-10	0.011	-0.0017420	-0.0015172	-0.0013209	-0.0010766	-0.0007412	-0.0004846	-0.0001411	+0.0001979	+0.0006037	+0.0009883	+0.0013914	+0.0017694	+0.0020818	+0.0024605	+0.0027393	+0.0030099	+0.0031462	+0.0032716	+0.0033276	+0.0033859	+0.0034217
2013-11	-0.008	-0.0011607	-0.0010403	-0.0008962	-0.0007193	-0.0005531	-0.0003723	-0.0001770	+0.0000321	+0.0002610	+0.0004883	+0.0007221	+0.0009543	+0.0011726	+0.0013848	+0.0015746	+0.0017505	+0.0019130	+0.0020677	+0.0021915	+0.0023245	+0.0024410
2013-12	-0.014	-0.0018243	-0.0017393	-0.0016543	-0.0014878	-0.0012209	-0.0010927	-0.0009388	-0.0007126	-0.0004867	-0.0002831	-0.0000555	+0.0001676	+0.0003832	+0.0005824	+0.0007761	+0.0009488	+0.0011289	+0.0012611	+0.0013835	+0.0015558	+0.0016390
2014-01	0.018	-0.0013066	-0.0012688	-0.0012429	-0.0011942	-0.0011366	-0.0010749	-0.0009869	-0.0008783	-0.0007756	-0.0006638	-0.0005212	-0.0003729	-0.0001869	+0.0000166	+0.0002466	+0.0004039	+0.0005519	+0.0006947	+0.0008499	+0.0010408	+0.0011666
2014-02	0.009	-0.0012000	-0.0010661	-0.0009669	-0.0005640	-0.0003827	-0.0001829	+0.0000698	+0.0002519	+0.0005692	+0.0008611	+0.0010767	+0.0012684	+0.0014241	+0.0015332	+0.0016233	+0.0016988	+0.0017665	+0.0018154	+0.0018709	+0.0019209	+0.0019375
2014-03	-0.002	-0.0011207	-0.0010226	-0.0009432	-0.0008081	-0.0006859	-0.0005514	-0.0004346	-0.0003370	-0.0001851	-0.0000427	+0.0000854	+0.0002144	+0.0003433	+0.0004027	+0.0005203	+0.0005745	+0.0005990	+0.0007340	+0.0007637	+0.0007765	+0.0008057
2014-04	0.005	-0.0012320	-0.0011576	-0.0010255	-0.0009386	-0.0008174	-0.0007194	-0.0005676	-0.0004340	-0.0002625	-0.0000969	+0.0000794	+0.0002564	+0.0004092	+0.0005680	+0.0007077	+0.0008309	+0.0009514	+0.0010749	+0.0011602	+0.0012279	+0.0012810
2014-05	0.025	-0.0008955	-0.0008265	-0.0007359	-0.0006235	-0.0005138	-0.0004053	-0.0002805	-0.0001120	+0.0000469	+0.0002295	+0.0004227	+0.0006063	+0.0008050	+0.0009733	+0.0011484	+0.0013132	+0.0014435	+0.0015784	+0.0017165	+0.0018088	+0.0019233
2014-06	-0.004	-0.0012286	-0.0010962	-0.0009358	-0.0007413	-0.0005255	-0.0003442	-0.0001461	+0.0000974	+0.0002962	+0.0005579	+0.0007937	+0.0009902	+0.0011712	+0.0013339	+0.0014657	+0.0015823	+0.0016706	+0.0017413	+0.0018139	+0.0019021	+0.0019220
2014-07	-0.001	-0.0011421	-0.0010467	-0.0009433	-0.0008155	-0.0006806	-0.0005386	-0.0004154	-0.0002562	-0.0000864	+0.0000674	+0.0002410	+0.0004074	+0.0005551	+0.0007157	+0.0008517	+0.0009623	+0.0010788	+0.0012042	+0.0013014	+0.0013563	+0.0014135
2014-08	0.017	-0.0005113	-0.0004487	-0.0003570	-0.0002711	-0.0001778	-0.0000805	+0.0000241	+0.0001430	+0.0002684	+0.0003958	+0.0005238	+0.0006531	+0.0007770	+0.0008929	+0.0009985	+0.0010909	+0.0011833	+0.0012554	+0.0013375	+0.0013939	+0.0014708
2014-09	-0.008	-0.0008935	-0.0007746	-0.0006318	-0.0004698	-0.0003297	-0.0001929	-0.0000435	+0.0001283	+0.0003068	+0.0004683	+0.0006110	+0.0007396	+0.0008505	+0.0009617	+0.0010599	+0.0011500	+0.0012296	+0.0013107	+0.0013765	+0.0014491	+0.0015045
2014-10	0.012	-0.0017971	-0.0017865	-0.0017720	-0.0017346	-0.0016238	-0.0015738	-0.0014500	-0.0012404	-0.0009951	-0.0007072	-0.0004810	-0.0001798	+0.0001207	+0.0003968	+0.0007133	+0.0009348	+0.0011730	+0.0013741	+0.0016064	+0.0017128	+0.0019559
2014-11	0.006	-0.0019606	-0.0018366	-0.0016656	-0.0014727	-0.0012641	-0.0010212	-0.0007628	-0.0004836	-0.0001698	+0.0001722	+0.0005032	+0.0008615	+0.0012065	+0.0015190	+0.0018115	+0.0020894	+0.0023407	+0.0025791	+0.0027668	+0.0029618	+0.0031520
2014-12	0.003	-0.0001808	-0.0001575	-0.0001225	-0.0000989	-0.0000582	+0.0000000	+0.0000582	+0.0001218	+0.0001985	+0.0002909	+0.0003852	+0.0004883	+0.0005871	+0.0006693	+0.0007616	+0.0008433	+0.0009247	+0.0010008	+0.0010755	+0.0011514	+0.0011680
2015-01	0.032	-0.0016927	-0.0016022	-0.0014814	-0.0013295	-0.0011701	-0.0010152	-0.0008032	-0.0005880	-0.0003630	-0.0001169	+0.0001313	+0.0003964	+0.0006378	+0.0008808	+0.0010931	+0.0012823	+0.0014733	+0.0016285	+0.0017688	+0.0018814	+0.0020344
2015-02	-0.002	-0.0015604	-0.0014180	-0.0012609	-0.0009792	-0.0007595	-0.0004755	-0.0001571	+0.0001348	+0.0004544	+0.0007734	+0.0010927	+0.0013960	+0.0016593	+0.0018975	+0.0021051	+0.0023196	+0.0024358	+0.0025754	+0.0027650	+0.0028256	+0.0028812
