2011-02	-0.003	-0.0013104	-0.0012708	-0.0010784	-0.0009536	-0.0007047	-0.0005799	-0.0003781	-0.0001657	+0.0000169	+0.0002567	+0.0004730	+0.0006598	+0.0008349	+0.0010035	+0.0011562	+0.0012812	+0.0014217	+0.0015116	+0.0016528	+0.0017501	+0.0017944
2011-03	0.030	-0.0022437	-0.0021019	-0.0019673	-0.0017005	-0.0014598	-0.0012734	-0.0008923	-0.0006831	-0.0002859	+0.0000108	+0.0004059	+0.0007145	+0.0010785	+0.0013708	+0.0016505	+0.0019112	+0.0020905	+0.0022443	+0.0024141	+0.0025428	+0.0026765
2011-04	0.018	-0.0034617	-0.0031563	-0.0025505	-0.0022428	-0.0020119	-0.0017268	-0.0013191	-0.0007969	-0.0004028	-0.0000633	+0.0002725	+0.0006244	+0.0009749	+0.0013066	+0.0016125	+0.0019095	+0.0022062	+0.0024882	+0.0027061	+0.0029109	+0.0031754
2011-05	-0.022	-0.0048461	-0.0045825	-0.0044140	-0.0041214	-0.0038201	-0.0034620	-0.0030475	-0.0027103	-0.0023279	-0.0017404	-0.0012231	-0.0007635	-0.0000208	+0.0003913	+0.0008696	+0.0015352	+0.0018380	+0.0021566	+0.0029957	+0.0031455	+0.0032703
2011-06	-0.006	-0.0029150	-0.0027105	-0.0024135	-0.0021696	-0.0018060	-0.0015569	-0.0011820	-0.0008196	-0.0004810	-0.0000742	+0.0003225	+0.0006848	+0.0010345	+0.0013641	+0.0016390	+0.0019223	+0.0021863	+0.0024562	+0.0025399	+0.0027798	+0.0029664
2011-07	-0.028	-0.0019766	-0.0019350	-0.0018509	-0.0017476	-0.0016768	-0.0015318	-0.0014276	-0.0012687	-0.0010872	-0.0008894	-0.0006647	-0.0004227	-0.0001619	+0.0000974	+0.0003446	+0.0005728	+0.0008048	+0.0010114	+0.0012121	+0.0014219	+0.0016121
2011-08	0.019	-0.0045932	-0.0044831	-0.0042319	-0.0039363	-0.0037632	-0.0035572	-0.0032277	-0.0029817	-0.0025527	-0.0022626	-0.0018475	-0.0015238	-0.0009993	-0.0006369	-0.0002216	+0.0003262	+0.0006757	+0.0010337	+0.0012402	+0.0013255	+0.0021342
2011-09	-0.028	-0.0023125	-0.0020329	-0.0018186	-0.0015959	-0.0013266	-0.0010592	-0.0007526	-0.0004423	-0.0001518	+0.0001899	+0.0004934	+0.0008005	+0.0010663	+0.0013149	+0.0015119	+0.0016884	+0.0018490	+0.0019847	+0.0021076	+0.0022051	+0.0023274
2011-10	0.023	-0.0041549	-0.0039888	-0.0039078	-0.0038047	-0.0036359	-0.0034714	-0.0032633	-0.0030443	-0.0027663	-0.0025144	-0.0021433	-0.0017643	-0.0013152	-0.0007521	-0.0003401	+0.0000663	+0.0004136	+0.0008765	+0.0013223	+0.0015875	+0.0019110
2011-11	-0.024	-0.0016300	-0.0014470	-0.0013969	-0.0012089	-0.0010206	-0.0008320	-0.0006104	-0.0004056	-0.0001696	+0.0000865	+0.0003674	+0.0006606	+0.0009213	+0.0012141	+0.0014999	+0.0017515	+0.0020154	+0.0022802	+0.0024396	+0.0025986	+0.0028006
2011-12	0.002	-0.0049502	-0.0049044	-0.0047428	-0.0046169	-0.0042713	-0.0040773	-0.0038131	-0.0035230	-0.0032173	-0.0028334	-0.0024248	-0.0018950	-0.0013052	-0.0005664	+0.0000146	+0.0005532	+0.0011068	+0.0013997	+0.0019346	+0.0027021	+0.0032033
2012-01	-0.002	-0.0013469	-0.0012906	-0.0012207	-0.0011415	-0.0010663	-0.0009617	-0.0008443	-0.0007120	-0.0005688	-0.0004152	-0.0002515	-0.0000851	+0.0000797	+0.0002349	+0.0003808	+0.0005150	+0.0006444	+0.0007541	+0.0008662	+0.0009554	+0.0010548
2012-02	0.067	-0.0005452	-0.0003175	-0.0001667	+0.0000258	+0.0001888	+0.0003744	+0.0005932	+0.0008148	+0.0010521	+0.0013572	+0.0015966	+0.0018600	+0.0021270	+0.0023419	+0.0025643	+0.0027539	+0.0029132	+0.0030681	+0.0031716	+0.0033213	+0.0034315
2012-03	0.006	-0.0025937	-0.0023485	-0.0017916	-0.0000525	+0.0003111	+0.0006148	+0.0010093	+0.0015975	+0.0032488	+0.0037384	+0.0040830	+0.0043937	+0.0046740	+0.0049474	+0.0052012	+0.0054295	+0.0056561	+0.0058605	+0.0060395	+0.0062341	+0.0063701
2012-04	-0.013	-0.0012440	-0.0011184	-0.0009878	-0.0008392	-0.0006520	-0.0004778	-0.0002908	-0.0000723	+0.0001503	+0.0004060	+0.0006705	+0.0009352	+0.0012082	+0.0014866	+0.0017663	+0.0020035	+0.0022613	+0.0024741	+0.0027012	+0.0029206	+0.0030927
2012-05	-0.046	-0.0045363	-0.0041264	-0.0038518	-0.0036408	-0.0031803	-0.0027803	-0.0024788	-0.0019813	-0.0015252	-0.0009295	-0.0003835	+0.0001974	+0.0006897	+0.0012215	+0.0016433	+0.0020288	+0.0024159	+0.0027074	+0.0029823	+0.0031582	+0.0033238
2012-06	0.003	-0.0025985	-0.0025397	-0.0024769	-0.0024086	-0.0023330	-0.0022407	-0.0021408	-0.0020286	-0.0018998	-0.0017534	-0.0015847	-0.0013791	-0.0010544	-0.0004117	-0.0001176	+0.0000893	+0.0003076	+0.0005515	+0.0012225	+0.0014835	+0.0016295
2012-07	-0.004	-0.0022419	-0.0020692	-0.0018886	-0.0016738	-0.0014724	-0.0012343	-0.0009956	-0.0007055	-0.0004239	-0.0001265	+0.0001508	+0.0004596	+0.0007369	+0.0010117	+0.0012891	+0.0015395	+0.0017217	+0.0019558	+0.0021424	+0.0023091	+0.0025071
2012-08	0.014	-0.0033134	-0.0031674	-0.0030300	-0.0028543	-0.0026560	-0.0024577	-0.0022468	-0.0020182	-0.0017588	-0.0014971	-0.0012200	-0.0009383	-0.0006415	-0.0003347	-0.0000268	+0.0002568	+0.0005195	+0.0007784	+0.0010279	+0.0012417	+0.0015044
2012-09	0.007	-0.0010761	-0.0009182	-0.0007260	-0.0005421	-0.0003921	-0.0002290	-0.0000536	+0.0001594	+0.0003740	+0.0005593	+0.0007220	+0.0008678	+0.0009991	+0.0011199	+0.0012293	+0.0013290	+0.0014183	+0.0014995	+0.0015796	+0.0016546	+0.0017060
2012-10	0.026	-0.0026443	-0.0024777	-0.0022091	-0.0018197	-0.0015599	-0.0013776	-0.0011322	-0.0008026	-0.0002998	-0.0000201	+0.0002423	+0.0005794	+0.0010820	+0.0013311	+0.0015016	+0.0016473	+0.0017201	+0.0018207	+0.0018907	+0.0019848	+0.0019912
2012-11	0.040	-0.0022863	-0.0019191	-0.0015956	-0.0013234	-0.0010606	-0.0007512	-0.0003784	+0.0000050	+0.0003732	+0.0007171	+0.0010459	+0.0013655	+0.0016635	+0.0019380	+0.0021954	+0.0024356	+0.0026437	+0.0028531	+0.0030303	+0.0032239	+0.0033980
2012-12	0.063	-0.0027100	-0.0024075	-0.0019478	-0.0016109	-0.0011456	-0.0007057	-0.0002192	+0.0003800	+0.0009441	+0.0015571	+0.0021636	+0.0027700	+0.0033190	+0.0038356	+0.0042888	+0.0047456	+0.0051131	+0.0053604	+0.0057130	+0.0058825	+0.0061456
2013-01	0.051	-0.0026235	-0.0022015	-0.0016027	-0.0009731	-0.0005310	+0.0000822	+0.0006974	+0.0012728	+0.0020414	+0.0027798	+0.0033421	+0.0038685	+0.0042660	+0.0046028	+0.0049110	+0.0051410	+0.0053893	+0.0056104	+0.0057736	+0.0058934	+0.0061079
2013-02	0.001	-0.0023520	-0.0020013	-0.0015107	-0.0011542	-0.0006884	-0.0002008	+0.0003702	+0.0009529	+0.0016492	+0.0022523	+0.0029465	+0.0035748	+0.0041377	+0.0046534	+0.0051527	+0.0055751	+0.0060081	+0.0062362	+0.0066174	+0.0070651	+0.0070668
2013-03	0.013	-0.0044124	-0.0042074	-0.0039063	-0.0036335	-0.0033272	-0.0030672	-0.0027220	-0.0023766	-0.0019490	-0.0015579	-0.0010970	-0.0007222	-0.0003023	+0.0001072	+0.0004673	+0.0007980	+0.0010710	+0.0014137	+0.0015177	+0.0020528	+0.0020934
2013-04	0.071	-0.0043560	-0.0041028	-0.0037941	-0.0034656	-0.0031887	-0.0028481	-0.0023173	-0.0018147	-0.0011140	-0.0003222	+0.0002822	+0.0010647	+0.0017180	+0.0026096	+0.0032439	+0.0035431	+0.0038459	+0.0051651	+0.0054572	+0.0056283	+0.0058043
2013-05	0.009	-0.0070370	-0.0060240	-0.0050676	-0.0044193	-0.0035161	-0.0024708	-0.0011801	-0.0001012	+0.0010432	+0.0024872	+0.0038865	+0.0051103	+0.0064785	+0.0078705	+0.0089111	+0.0099256	+0.0100000	+0.0100000	+0.0100000	+0.0100000	+0.0100000
2013-06	-0.048	-0.0046562	-0.0043426	-0.0039865	-0.0036126	-0.0032705	-0.0028746	-0.0023981	-0.0018905	-0.0013390	-0.0007274	-0.0001320	+0.0005036	+0.0010832	+0.0016733	+0.0022143	+0.0026796	+0.0031577	+0.0035501	+0.0038764	+0.0042134	+0.0045478
2013-07	0.005	-0.0079473	-0.0077471	-0.0071039	-0.0066699	-0.0063681	-0.0057294	-0.0051422	-0.0045852	-0.0037560	-0.0031700	-0.0023420	-0.0016654	-0.0007996	+0.0000177	+0.0008592	+0.0014965	+0.0025558	+0.0028224	+0.0034553	+0.0038458	+0.0048842
2013-08	-0.005	-0.0031899	-0.0029865	-0.0027854	-0.0025362	-0.0022564	-0.0019669	-0.0016383	-0.0013161	-0.0009596	-0.0005770	-0.0002045	+0.0001693	+0.0005047	+0.0008355	+0.0011215	+0.0013868	+0.0016005	+0.0018308	+0.0019577	+0.0020492	+0.0022071
2013-09	0.014	-0.0025774	-0.0024186	-0.0022177	-0.0020204	-0.0018477	-0.0015784	-0.0013196	-0.0010996	-0.0008717	-0.0005931	-0.0003180	-0.0001059	+0.0000840	+0.0002899	+0.0004531	+0.0006266	+0.0007805	+0.0008787	+0.0010153	+0.0011613	+0.0012729
2013-10	0.026	-0.0034640	-0.0034198	-0.0018697	-0.0015782	-0.0013464	-0.0010549	-0.0009467	-0.0005287	+0.0008374	+0.0011857	+0.0014780	+0.0016506	+0.0017519	+0.0019402	+0.0020116	+0.0020822	+0.0023192	+0.0023477	+0.0023728	+0.0024239	+0.0027155
2013-11	0.035	-0.0010526	-0.0008644	-0.0006987	-0.0005074	-0.0003179	-0.0000962	+0.0001327	+0.0003669	+0.0006300	+0.0009078	+0.0011757	+0.0014378	+0.0016812	+0.0019191	+0.0021058	+0.0023098	+0.0024353	+0.0026478	+0.0027280	+0.0028095	+0.0030145
2013-12	0.024	-0.0020250	-0.0018744	-0.0010920	-0.0006026	-0.0003226	+0.0002262	+0.0006783	+0.0010956	+0.0018695	+0.0023795	+0.0027716	+0.0031524	+0.0034409	+0.0036810	+0.0038816	+0.0040801	+0.0043000	+0.0044149	+0.0045430	+0.0046920	+0.0048848
2014-01	-0.014	-0.0015208	-0.0013697	-0.0008622	-0.0006077	-0.0003806	-0.0001195	+0.0001378	+0.0005352	+0.0008702	+0.0011712	+0.0014462	+0.0016959	+0.0019312	+0.0021759	+0.0023729	+0.0025161	+0.0027254	+0.0028830	+0.0030644	+0.0031278	+0.0031969
2014-02	0.009	-0.0027899	-0.0025855	-0.0024737	-0.0023111	-0.0021009	-0.0019096	-0.0017215	-0.0014480	-0.0012138	-0.0009132	-0.0006568	-0.0003681	-0.0001340	+0.0001337	+0.0003177	+0.0005642	+0.0006728	+0.0008145	+0.0010216	+0.0011012	+0.0011924
2014-03	0.017	-0.0012270	-0.0010208	-0.0007444	-0.0004596	-0.0002936	-0.0000528	+0.0001597	+0.0004801	+0.0007857	+0.0010683	+0.0013113	+0.0015011	+0.0017059	+0.0018551	+0.0019692	+0.0021343	+0.0022616	+0.0023126	+0.0023987	+0.0025071	+0.0026200
2014-04	0.006	-0.0022263	-0.0021419	-0.0020460	-0.0019494	-0.0017827	-0.0015782	-0.0013517	-0.0010797	-0.0007417	-0.0003981	+0.0000024	+0.0003924	+0.0007899	+0.0011687	+0.0015418	+0.0019007	+0.0022667	+0.0024820	+0.0027570	+0.0029625	+0.0033112
2014-05	-0.005	-0.0017038	-0.0015846	-0.0014737	-0.0013593	-0.0012104	-0.0010525	-0.0008768	-0.0006754	-0.0004645	-0.0002440	-0.0000270	+0.0002050	+0.0004127	+0.0006147	+0.0008053	+0.0009698	+0.0011273	+0.0012676	+0.0013907	+0.0014990	+0.0015954
2014-06	0.004	-0.0023461	-0.0022626	-0.0021753	-0.0020120	-0.0018528	-0.0016800	-0.0014804	-0.0012537	-0.0010013	-0.0007060	-0.0004073	-0.0001119	+0.0001698	+0.0004489	+0.0006794	+0.0009165	+0.0011315	+0.0013201	+0.0014636	+0.0016654	+0.0017979
2014-07	0.009	-0.0012885	-0.0012171	-0.0011059	-0.0009967	-0.0008875	-0.0007633	-0.0006414	-0.0005056	-0.0003623	-0.0002086	-0.0000631	+0.0000795	+0.0002137	+0.0003410	+0.0004646	+0.0005654	+0.0006599	+0.0007490	+0.0008312	+0.0009087	+0.0009941
2014-08	0.018	-0.0008200	-0.0007261	-0.0006929	-0.0006001	-0.0005498	-0.0004474	-0.0003370	-0.0002290	-0.0001417	-0.0000219	+0.0001110	+0.0002459	+0.0003750	+0.0005040	+0.0006256	+0.0007367	+0.0008458	+0.0009413	+0.0010243	+0.0011167	+0.0011673
2014-09	0.028	-0.0011693	-0.0009665	-0.0007139	-0.0005183	-0.0002792	-0.0000088	+0.0002619	+0.0005511	+0.0008558	+0.0011380	+0.0014394	+0.0017092	+0.0019584	+0.0021869	+0.0023718	+0.0025238	+0.0026373	+0.0027400	+0.0028222	+0.0028843	+0.0029456
2014-10	0.002	-0.0029280	-0.0023073	-0.0015368	-0.0012965	-0.0010367	-0.0006778	-0.0002575	+0.0005076	+0.0010237	+0.0014469	+0.0017541	+0.0020617	+0.0023668	+0.0026204	+0.0028528	+0.0030431	+0.0032667	+0.0034758	+0.0035564	+0.0037272	+0.0038738
2014-11	0.083	-0.0017797	-0.0017062	-0.0016608	-0.0015567	-0.0014458	-0.0012692	-0.0010497	-0.0008399	-0.0006233	-0.0003546	-0.0000647	+0.0002094	+0.0004931	+0.0007685	+0.0010310	+0.0012681	+0.0014898	+0.0016891	+0.0018835	+0.0020494	+0.0022208
2014-12	0.013	-0.0040819	-0.0038975	-0.0010950	-0.0006708	-0.0004670	-0.0002728	-0.0000441	+0.0003345	+0.0031383	+0.0034731	+0.0037112	+0.0039021	+0.0040804	+0.0042399	+0.0043930	+0.0045315	+0.0046628	+0.0047552	+0.0048660	+0.0049545	+0.0050652
2015-01	-0.025	-0.0025463	-0.0023612	-0.0020883	-0.0018670	-0.0016244	-0.0013425	-0.0010388	-0.0007298	-0.0004157	-0.0000957	+0.0002333	+0.0005388	+0.0008196	+0.0010579	+0.0012623	+0.0014397	+0.0015944	+0.0017254	+0.0018486	+0.0019592	+0.0020541
2015-02	0.003	-0.0040919	-0.0038886	-0.0036568	-0.0034013	-0.0031398	-0.0028942	-0.0025805	-0.0021760	-0.0018416	-0.0014310	-0.0010247	-0.0005932	-0.0001561	+0.0002769	+0.0006463	+0.0011470	+0.0016156	+0.0018446	+0.0020710	+0.0023514	+0.0028990
