2011-02	-0.007	-0.0062057	-0.0058885	-0.0056005	-0.0050958	-0.0047657	-0.0042661	-0.0037095	-0.0031677	-0.0025544	-0.0019333	-0.0012704	-0.0005955	+0.0000552	+0.0006583	+0.0012801	+0.0019362	+0.0024074	+0.0028709	+0.0033327	+0.0036516	+0.0043409
2011-03	-0.049	-0.0066850	-0.0062550	-0.0057900	-0.0054640	-0.0047376	-0.0041581	-0.0034247	-0.0027711	-0.0019800	-0.0010949	-0.0001508	+0.0006212	+0.0013994	+0.0021950	+0.0029513	+0.0035678	+0.0039909	+0.0044078	+0.0046900	+0.0049165	+0.0052776
2011-04	0.017	-0.0097301	-0.0095564	-0.0092879	-0.0089224	-0.0084453	-0.0078505	-0.0069993	-0.0056996	-0.0039669	-0.0020854	+0.0002157	+0.0030084	+0.0063957	+0.0100000	+0.0100000	+0.0100000	+0.0100000	+0.0100000	+0.0100000	+0.0100000	+0.0100000
2011-05	-0.002	-0.0051832	-0.0048128	-0.0044282	-0.0038615	-0.0034464	-0.0029159	-0.0025008	-0.0019334	-0.0012299	-0.0005357	+0.0000089	+0.0006373	+0.0012381	+0.0018973	+0.0023070	+0.0026755	+0.0029156	+0.0031553	+0.0033722	+0.0035557	+0.0037021
2011-06	-0.032	-0.0033244	-0.0029326	-0.0028061	-0.0026213	-0.0023929	-0.0021029	-0.0017276	-0.0014243	-0.0011673	-0.0007372	-0.0003451	-0.0000183	+0.0003145	+0.0007189	+0.0010801	+0.0013511	+0.0016236	+0.0018723	+0.0022278	+0.0024363	+0.0026191
2011-07	-0.023	-0.0043805	-0.0042108	-0.0040153	-0.0038083	-0.0035513	-0.0033053	-0.0030328	-0.0027286	-0.0023857	-0.0020408	-0.0016694	-0.0012605	-0.0008312	-0.0003319	+0.0002659	+0.0007756	+0.0011141	+0.0014229	+0.0017653	+0.0024319	+0.0029180
2011-08	-0.004	-0.0036094	-0.0033740	-0.0030524	-0.0029646	-0.0028603	-0.0027834	-0.0025912	-0.0022479	-0.0021052	-0.0019836	-0.0018449	-0.0016664	-0.0013681	-0.0008734	-0.0000906	+0.0000482	+0.0002021	+0.0005250	+0.0006726	+0.0017268	+0.0018537
2011-09	-0.053	-0.0087329	-0.0082584	-0.0076591	-0.0069650	-0.0062086	-0.0054070	-0.0044592	-0.0034911	-0.0024154	-0.0013003	-0.0001913	+0.0009218	+0.0019644	+0.0029254	+0.0038166	+0.0045443	+0.0052699	+0.0058484	+0.0064370	+0.0069905	+0.0074525
2011-10	-0.019	-0.0067977	-0.0065861	-0.0064145	-0.0062397	-0.0060622	-0.0058299	-0.0055426	-0.0052993	-0.0050084	-0.0046890	-0.0042458	-0.0036994	-0.0031355	-0.0008219	+0.0003988	+0.0008943	+0.0015333	+0.0019711	+0.0025710	+0.0055270	+0.0058707
2011-11	-0.045	-0.0059826	-0.0056216	-0.0052710	-0.0047706	-0.0041308	-0.0034684	-0.0027695	-0.0020209	-0.0012139	-0.0004583	+0.0004146	+0.0012905	+0.0020336	+0.0028394	+0.0036288	+0.0042578	+0.0049372	+0.0054457	+0.0060033	+0.0066485	+0.0067416
2011-12	-0.003	-0.0085895	-0.0084767	-0.0083280	-0.0081308	-0.0079128	-0.0075879	-0.0073184	-0.0069619	-0.0064982	-0.0059400	-0.0050178	-0.0034937	-0.0020619	-0.0002766	+0.0006621	+0.0014444	+0.0028458	+0.0041905	+0.0053478	+0.0069676	+0.0075990
2012-01	0.014	-0.0031204	-0.0029786	-0.0027750	-0.0026199	-0.0024129	-0.0021824	-0.0019545	-0.0016870	-0.0014149	-0.0011297	-0.0008346	-0.0005399	-0.0002705	-0.0000152	+0.0002083	+0.0004242	+0.0006100	+0.0007655	+0.0008897	+0.0010197	+0.0011262
2012-02	0.103	-0.0044544	-0.0042644	-0.0039708	-0.0034134	-0.0031679	-0.0025480	-0.0021116	-0.0015269	-0.0010253	-0.0003333	+0.0002024	+0.0009253	+0.0013753	+0.0021192	+0.0024050	+0.0029840	+0.0033196	+0.0035042	+0.0041602	+0.0041683	+0.0045731
2012-03	0.034	-0.0026871	-0.0023755	-0.0019625	-0.0006734	-0.0000078	+0.0005002	+0.0017464	+0.0026039	+0.0032876	+0.0046850	+0.0053825	+0.0062920	+0.0073872	+0.0079399	+0.0085309	+0.0094540	+0.0099812	+0.0100000	+0.0100000	+0.0100000	+0.0100000
2012-04	-0.010	-0.0034835	-0.0031566	-0.0026680	-0.0023009	-0.0018903	-0.0014326	-0.0009138	-0.0002767	+0.0003085	+0.0009644	+0.0016160	+0.0023316	+0.0029468	+0.0034918	+0.0040482	+0.0045361	+0.0049705	+0.0053152	+0.0056202	+0.0058630	+0.0060705
2012-05	-0.036	-0.0045172	-0.0042839	-0.0039616	-0.0035872	-0.0032231	-0.0028037	-0.0023125	-0.0018443	-0.0012478	-0.0007244	-0.0001186	+0.0004120	+0.0009690	+0.0014212	+0.0019041	+0.0021518	+0.0027091	+0.0029225	+0.0030605	+0.0031179	+0.0038530
2012-06	0.034	-0.0057763	-0.0056532	-0.0055136	-0.0053527	-0.0051731	-0.0049612	-0.0046791	-0.0043117	-0.0038119	-0.0032383	-0.0025679	-0.0017155	-0.0007744	+0.0000145	+0.0008688	+0.0016324	+0.0023912	+0.0033495	+0.0039339	+0.0046260	+0.0052832
2012-07	-0.007	-0.0021414	-0.0018346	-0.0012020	-0.0005641	+0.0001629	+0.0005499	+0.0010833	+0.0017332	+0.0024694	+0.0031179	+0.0036485	+0.0040934	+0.0044700	+0.0048613	+0.0051814	+0.0054725	+0.0057612	+0.0060615	+0.0062427	+0.0064744	+0.0066549
2012-08	0.030	-0.0042953	-0.0040340	-0.0037376	-0.0034800	-0.0031575	-0.0028296	-0.0024315	-0.0020278	-0.0015987	-0.0011266	-0.0006552	-0.0001982	+0.0002623	+0.0006919	+0.0010871	+0.0014718	+0.0017939	+0.0021901	+0.0024507	+0.0026328	+0.0028950
2012-09	0.047	-0.0026634	-0.0023071	-0.0019772	-0.0015803	-0.0011951	-0.0007995	-0.0003643	+0.0000866	+0.0005541	+0.0010329	+0.0015078	+0.0019699	+0.0023985	+0.0027988	+0.0031589	+0.0034917	+0.0037733	+0.0040403	+0.0042813	+0.0044893	+0.0046777
2012-10	0.028	-0.0014656	-0.0010109	-0.0007765	-0.0002779	-0.0000417	+0.0003494	+0.0007813	+0.0012536	+0.0017410	+0.0021590	+0.0026065	+0.0029777	+0.0032944	+0.0035581	+0.0037955	+0.0040240	+0.0041630	+0.0043140	+0.0044929	+0.0046166	+0.0046989
2012-11	0.016	-0.0010179	-0.0007980	-0.0005394	-0.0002339	+0.0001249	+0.0004661	+0.0007703	+0.0010941	+0.0014654	+0.0018685	+0.0022275	+0.0025097	+0.0027462	+0.0029396	+0.0031164	+0.0032709	+0.0034176	+0.0035454	+0.0036644	+0.0037807	+0.0038895
2012-12	0.045	-0.0036992	-0.0034322	-0.0031040	-0.0027779	-0.0024056	-0.0019903	-0.0015319	-0.0010655	-0.0005698	-0.0000274	+0.0004887	+0.0010060	+0.0015237	+0.0020032	+0.0024566	+0.0028797	+0.0032654	+0.0036026	+0.0039220	+0.0042404	+0.0045020
2013-01	0.093	-0.0029043	-0.0027586	-0.0023528	-0.0017569	-0.0012322	-0.0004240	+0.0000938	+0.0006395	+0.0014266	+0.0023428	+0.0031601	+0.0038986	+0.0046543	+0.0054602	+0.0061006	+0.0067008	+0.0071067	+0.0072877	+0.0076104	+0.0079464	+0.0079766
2013-02	0.060	-0.0012220	-0.0010788	-0.0007306	-0.0006356	-0.0002881	+0.0001533	+0.0005500	+0.0009887	+0.0016466	+0.0023363	+0.0031980	+0.0040632	+0.0049200	+0.0059315	+0.0066176	+0.0075669	+0.0081208	+0.0091438	+0.0096656	+0.0100000	+0.0100000
2013-03	0.197	-0.0022877	-0.0019440	-0.0012731	-0.0011392	-0.0005159	-0.0000149	+0.0005121	+0.0011505	+0.0019026	+0.0026874	+0.0033005	+0.0039193	+0.0046017	+0.0051535	+0.0056707	+0.0062225	+0.0067026	+0.0069522	+0.0072636	+0.0074106	+0.0075395
2013-04	-0.019	-0.0035328	-0.0028802	-0.0026731	-0.0019304	-0.0009708	+0.0001235	+0.0015929	+0.0072071	+0.0100000	+0.0100000	+0.0100000	+0.0100000	+0.0100000	+0.0100000	+0.0100000	+0.0100000	+0.0100000	+0.0100000	+0.0100000	+0.0100000	+0.0100000
2013-05	-0.138	-0.0081810	-0.0076116	-0.0071029	-0.0063235	-0.0056476	-0.0047517	-0.0038202	-0.0028208	-0.0017010	-0.0005359	+0.0006519	+0.0017857	+0.0029220	+0.0040141	+0.0050203	+0.0058593	+0.0066988	+0.0073889	+0.0081141	+0.0086575	+0.0093073
2013-06	0.027	-0.0098493	-0.0097771	-0.0096229	-0.0094318	-0.0091116	-0.0085331	-0.0077375	-0.0066343	-0.0050218	-0.0028191	+0.0002861	+0.0052331	+0.0100000	+0.0100000	+0.0100000	+0.0100000	+0.0100000	+0.0100000	+0.0100000	+0.0100000	+0.0100000
2013-07	-0.053	-0.0076506	-0.0075875	-0.0067053	-0.0063122	-0.0052995	-0.0048439	-0.0037550	-0.0026118	-0.0014762	-0.0002977	+0.0008873	+0.0021072	+0.0032320	+0.0042955	+0.0055002	+0.0066778	+0.0079259	+0.0089461	+0.0095246	+0.0100000	+0.0100000
2013-08	-0.003	-0.0057247	-0.0054212	-0.0050959	-0.0047320	-0.0042837	-0.0038695	-0.0034443	-0.0029896	-0.0025309	-0.0020565	-0.0015939	-0.0011878	-0.0008223	-0.0004955	-0.0001797	+0.0000632	+0.0002873	+0.0005145	+0.0006582	+0.0008694	+0.0010161
2013-09	0.128	-0.0062362	-0.0059061	-0.0054926	-0.0051993	-0.0049095	-0.0045013	-0.0039962	-0.0035312	-0.0030252	-0.0023942	-0.0018306	-0.0012066	-0.0006258	-0.0000920	+0.0004482	+0.0009329	+0.0013465	+0.0017574	+0.0021441	+0.0024546	+0.0027224
2013-10	-0.018	-0.0081042	-0.0073147	-0.0028208	-0.0022967	-0.0011975	-0.0006964	+0.0004001	+0.0020471	+0.0058014	+0.0069989	+0.0077866	+0.0085453	+0.0090503	+0.0097859	+0.0100000	+0.0100000	+0.0100000	+0.0100000	+0.0100000	+0.0100000	+0.0100000
2013-11	0.001	-0.0006360	-0.0005558	-0.0004204	-0.0002841	-0.0001316	+0.0000339	+0.0002258	+0.0004253	+0.0006514	+0.0009096	+0.0011774	+0.0014351	+0.0016890	+0.0019545	+0.0022063	+0.0024094	+0.0026326	+0.0028286	+0.0030024	+0.0031698	+0.0033254
2013-12	0.034	-0.0035443	-0.0032965	-0.0028655	-0.0025573	-0.0022842	-0.0019941	-0.0014876	-0.0010009	-0.0005442	-0.0000089	+0.0005214	+0.0010172	+0.0015598	+0.0020325	+0.0024714	+0.0028851	+0.0032155	+0.0035333	+0.0038160	+0.0040727	+0.0042944
2014-01	-0.009	-0.0033976	-0.0033693	-0.0033107	-0.0029586	-0.0027308	-0.0026161	-0.0022498	-0.0018305	-0.0012749	-0.0007606	-0.0002349	+0.0004761	+0.0012994	+0.0020327	+0.0028665	+0.0035833	+0.0040814	+0.0047312	+0.0056971	+0.0059981	+0.0066128
2014-02	0.009	-0.0035546	-0.0029547	-0.0027833	-0.0025477	-0.0022382	-0.0017515	-0.0014180	-0.0010506	-0.0004769	-0.0000469	+0.0005485	+0.0009758	+0.0014467	+0.0019184	+0.0022611	+0.0026262	+0.0029855	+0.0031991	+0.0033205	+0.0034252	+0.0035419
2014-03	-0.020	-0.0013355	-0.0007275	-0.0002589	-0.0000652	+0.0001179	+0.0004591	+0.0008311	+0.0012810	+0.0016591	+0.0020564	+0.0023451	+0.0025636	+0.0028787	+0.0031359	+0.0032500	+0.0033939	+0.0036146	+0.0038869	+0.0039362	+0.0039884	+0.0040019
2014-04	0.018	-0.0037180	-0.0036287	-0.0034757	-0.0033517	-0.0031720	-0.0029618	-0.0026958	-0.0023382	-0.0019214	-0.0014383	-0.0009353	-0.0004273	+0.0000931	+0.0005965	+0.0010958	+0.0016821	+0.0020236	+0.0023985	+0.0027400	+0.0032662	+0.0036197
2014-05	0.037	-0.0032930	-0.0030766	-0.0027927	-0.0025082	-0.0021814	-0.0018328	-0.0014432	-0.0010276	-0.0005770	-0.0001097	+0.0003597	+0.0008352	+0.0012974	+0.0017238	+0.0020872	+0.0024273	+0.0027606	+0.0030228	+0.0032406	+0.0034111	+0.0035634
2014-06	0.020	-0.0008545	-0.0006584	-0.0004764	-0.0003339	-0.0001727	+0.0000556	+0.0003426	+0.0006146	+0.0008653	+0.0011523	+0.0015585	+0.0019161	+0.0022072	+0.0025506	+0.0029353	+0.0032235	+0.0034854	+0.0036902	+0.0039033	+0.0041534	+0.0043666
2014-07	0.012	-0.0014995	-0.0012491	-0.0010371	-0.0007926	-0.0005441	-0.0002702	+0.0000153	+0.0003155	+0.0006423	+0.0009552	+0.0012791	+0.0015904	+0.0018915	+0.0021889	+0.0024805	+0.0027667	+0.0030397	+0.0032562	+0.0034771	+0.0037122	+0.0039612
2014-08	0.017	-0.0007207	-0.0006800	-0.0006057	-0.0004549	-0.0003565	-0.0002639	-0.0001320	+0.0000143	+0.0001636	+0.0003263	+0.0005083	+0.0006728	+0.0008495	+0.0010081	+0.0011542	+0.0013112	+0.0014407	+0.0015608	+0.0016808	+0.0017917	+0.0018829
2014-09	0.013	-0.0014626	-0.0012827	-0.0010544	-0.0008590	-0.0005954	-0.0003459	-0.0000767	+0.0002083	+0.0005124	+0.0008205	+0.0011482	+0.0014654	+0.0017634	+0.0020433	+0.0023106	+0.0025447	+0.0027549	+0.0029500	+0.0031226	+0.0032757	+0.0034281
2014-10	0.023	-0.0013371	-0.0012607	-0.0012033	-0.0011284	-0.0010285	-0.0006839	-0.0005560	-0.0004042	-0.0000925	+0.0002001	+0.0004445	+0.0008404	+0.0010688	+0.0014543	+0.0016976	+0.0020267	+0.0022868	+0.0024278	+0.0027208	+0.0029921	+0.0030710
2014-11	0.057	-0.0029852	-0.0027833	-0.0025583	-0.0022716	-0.0019688	-0.0016503	-0.0013181	-0.0009352	-0.0005148	-0.0000661	+0.0003842	+0.0008649	+0.0013215	+0.0017736	+0.0022016	+0.0026406	+0.0030214	+0.0033772	+0.0037065	+0.0039885	+0.0043069
2014-12	0.033	-0.0014277	-0.0012710	-0.0008386	-0.0000212	+0.0004248	+0.0012725	+0.0017102	+0.0021212	+0.0029444	+0.0036751	+0.0043807	+0.0048739	+0.0051879	+0.0054525	+0.0057979	+0.0061490	+0.0063052	+0.0066074	+0.0067269	+0.0070030	+0.0071597
2015-01	-0.001	-0.0021257	-0.0019896	-0.0018033	-0.0016297	-0.0014084	-0.0011901	-0.0009174	-0.0006112	-0.0002791	+0.0000869	+0.0004652	+0.0008633	+0.0012611	+0.0016494	+0.0020089	+0.0023539	+0.0026493	+0.0029406	+0.0032391	+0.0034415	+0.0037008
2015-02	-0.026	-0.0058216	-0.0056140	-0.0054175	-0.0052099	-0.0049764	-0.0046094	-0.0041942	-0.0032593	-0.0020591	-0.0011831	-0.0004072	+0.0005876	+0.0018560	+0.0028474	+0.0035824	+0.0042463	+0.0052450	+0.0060139	+0.0066777	+0.0070749	+0.0077017
