2011-02	-0.005	-0.0057954	-0.0056395	-0.0054386	-0.0049411	-0.0046030	-0.0042200	-0.0037664	-0.0032829	-0.0027905	-0.0022202	-0.0016441	-0.0010617	-0.0004013	+0.0003971	+0.0012625	+0.0018791	+0.0024356	+0.0029467	+0.0033794	+0.0042678	+0.0049400
2011-03	-0.043	-0.0062326	-0.0058917	-0.0055508	-0.0051456	-0.0045199	-0.0038704	-0.0032829	-0.0025875	-0.0018491	-0.0009666	-0.0001448	+0.0006299	+0.0013918	+0.0021781	+0.0029166	+0.0035300	+0.0038908	+0.0043358	+0.0045423	+0.0046691	+0.0052050
2011-04	0.017	-0.0098258	-0.0096966	-0.0094299	-0.0089117	-0.0082873	-0.0077231	-0.0069218	-0.0056695	-0.0038569	-0.0021384	+0.0001341	+0.0027622	+0.0055821	+0.0100000	+0.0100000	+0.0100000	+0.0100000	+0.0100000	+0.0100000	+0.0100000	+0.0100000
2011-05	-0.004	-0.0051372	-0.0047910	-0.0043537	-0.0039002	-0.0035073	-0.0030191	-0.0024092	-0.0019230	-0.0011955	-0.0006837	-0.0000350	+0.0005082	+0.0011171	+0.0016708	+0.0020799	+0.0024434	+0.0027436	+0.0028895	+0.0031581	+0.0032226	+0.0034584
2011-06	-0.031	-0.0037934	-0.0032947	-0.0031335	-0.0028877	-0.0026563	-0.0023334	-0.0019590	-0.0015945	-0.0012677	-0.0008821	-0.0003937	-0.0000146	+0.0003128	+0.0006933	+0.0011257	+0.0014449	+0.0016871	+0.0019064	+0.0023255	+0.0024478	+0.0027805
2011-07	-0.024	-0.0040667	-0.0038964	-0.0037162	-0.0035063	-0.0032696	-0.0030300	-0.0027657	-0.0024852	-0.0021548	-0.0018096	-0.0014565	-0.0010664	-0.0006585	-0.0001891	+0.0003438	+0.0008144	+0.0011727	+0.0014546	+0.0017785	+0.0023516	+0.0028029
2011-08	-0.008	-0.0036335	-0.0035133	-0.0031972	-0.0030952	-0.0029995	-0.0028338	-0.0026955	-0.0024300	-0.0022140	-0.0020693	-0.0019045	-0.0017470	-0.0014278	-0.0007921	-0.0000394	+0.0001622	+0.0002778	+0.0006308	+0.0007630	+0.0018998	+0.0020974
2011-09	-0.049	-0.0088243	-0.0083360	-0.0077236	-0.0069938	-0.0063067	-0.0055386	-0.0045837	-0.0036028	-0.0025604	-0.0014438	-0.0003303	+0.0007589	+0.0018000	+0.0027608	+0.0036587	+0.0044133	+0.0051337	+0.0057563	+0.0063649	+0.0069175	+0.0075545
2011-10	-0.026	-0.0065288	-0.0063161	-0.0062492	-0.0060183	-0.0058460	-0.0055861	-0.0053363	-0.0050938	-0.0047930	-0.0044566	-0.0040150	-0.0034887	-0.0029029	-0.0008140	+0.0003856	+0.0008398	+0.0015525	+0.0019249	+0.0025118	+0.0053282	+0.0056073
2011-11	-0.052	-0.0066146	-0.0063165	-0.0056599	-0.0052315	-0.0045377	-0.0039346	-0.0032252	-0.0024220	-0.0016252	-0.0007662	+0.0000937	+0.0010313	+0.0018326	+0.0026809	+0.0034488	+0.0041716	+0.0049213	+0.0056033	+0.0061858	+0.0069298	+0.0073375
2011-12	-0.009	-0.0091781	-0.0089433	-0.0088038	-0.0085745	-0.0083645	-0.0080881	-0.0077646	-0.0073813	-0.0068925	-0.0063653	-0.0054217	-0.0038717	-0.0023754	-0.0002636	+0.0006305	+0.0015588	+0.0030176	+0.0043134	+0.0055230	+0.0075049	+0.0082839
2012-01	0.018	-0.0034885	-0.0033298	-0.0031454	-0.0029689	-0.0027813	-0.0025589	-0.0023196	-0.0020512	-0.0017796	-0.0014809	-0.0011797	-0.0008693	-0.0005800	-0.0002896	-0.0000260	+0.0002164	+0.0004450	+0.0006695	+0.0008543	+0.0010150	+0.0012262
2012-02	0.103	-0.0044812	-0.0043095	-0.0039844	-0.0034111	-0.0031338	-0.0024744	-0.0021048	-0.0014564	-0.0009462	-0.0002436	+0.0002786	+0.0010801	+0.0015818	+0.0022751	+0.0025834	+0.0032040	+0.0036211	+0.0037561	+0.0044978	+0.0045395	+0.0049929
2012-03	0.030	-0.0028281	-0.0024794	-0.0020803	-0.0009048	-0.0001321	+0.0003675	+0.0015301	+0.0024571	+0.0031656	+0.0045392	+0.0052754	+0.0061579	+0.0072995	+0.0078838	+0.0084896	+0.0093720	+0.0099536	+0.0100000	+0.0100000	+0.0100000	+0.0100000
2012-04	-0.016	-0.0037359	-0.0033772	-0.0029629	-0.0025568	-0.0021668	-0.0016661	-0.0011205	-0.0005310	+0.0001109	+0.0007632	+0.0014480	+0.0021429	+0.0027831	+0.0033774	+0.0039079	+0.0043838	+0.0048252	+0.0052147	+0.0054979	+0.0057720	+0.0059940
2012-05	-0.038	-0.0047154	-0.0044751	-0.0042103	-0.0037518	-0.0033897	-0.0030192	-0.0024607	-0.0019846	-0.0014238	-0.0008616	-0.0002685	+0.0002588	+0.0008453	+0.0013247	+0.0017854	+0.0020888	+0.0026927	+0.0028775	+0.0030231	+0.0031952	+0.0037745
2012-06	0.030	-0.0059116	-0.0058274	-0.0057037	-0.0055577	-0.0053894	-0.0051911	-0.0049512	-0.0046019	-0.0040522	-0.0034568	-0.0027540	-0.0018836	-0.0008589	-0.0000701	+0.0008497	+0.0016183	+0.0023958	+0.0034669	+0.0040054	+0.0048597	+0.0054323
2012-07	-0.010	-0.0019759	-0.0017407	-0.0010120	-0.0006210	+0.0001492	+0.0005269	+0.0010451	+0.0016744	+0.0023576	+0.0029791	+0.0035329	+0.0040232	+0.0044265	+0.0048529	+0.0052106	+0.0055097	+0.0058254	+0.0061310	+0.0063512	+0.0065977	+0.0067689
2012-08	0.029	-0.0046886	-0.0044269	-0.0040981	-0.0038349	-0.0034885	-0.0031355	-0.0027461	-0.0023169	-0.0018602	-0.0013581	-0.0008638	-0.0003615	+0.0001197	+0.0006054	+0.0010216	+0.0014474	+0.0018650	+0.0022740	+0.0025596	+0.0028122	+0.0031507
2012-09	0.044	-0.0026885	-0.0023511	-0.0019975	-0.0016330	-0.0012618	-0.0008630	-0.0004501	-0.0000032	+0.0004600	+0.0009333	+0.0014020	+0.0018573	+0.0022928	+0.0026890	+0.0030506	+0.0033727	+0.0036675	+0.0039238	+0.0041670	+0.0043777	+0.0045689
2012-10	0.027	-0.0012851	-0.0010280	-0.0006590	-0.0003635	-0.0000100	+0.0003591	+0.0007300	+0.0011618	+0.0015819	+0.0020202	+0.0024405	+0.0028008	+0.0031116	+0.0034179	+0.0036528	+0.0038877	+0.0040353	+0.0042006	+0.0043441	+0.0044720	+0.0045323
2012-11	0.012	-0.0009829	-0.0007648	-0.0005127	-0.0001885	+0.0001718	+0.0004888	+0.0007722	+0.0010815	+0.0014533	+0.0018484	+0.0021840	+0.0024483	+0.0026640	+0.0028469	+0.0030083	+0.0031443	+0.0032811	+0.0033914	+0.0035053	+0.0035992	+0.0036958
2012-12	0.044	-0.0037724	-0.0035397	-0.0032223	-0.0028599	-0.0024572	-0.0020313	-0.0016073	-0.0011288	-0.0006237	-0.0000876	+0.0004241	+0.0009563	+0.0014512	+0.0019432	+0.0023737	+0.0027987	+0.0031844	+0.0035047	+0.0038441	+0.0041198	+0.0043797
2013-01	0.090	-0.0029719	-0.0027940	-0.0023485	-0.0017973	-0.0012733	-0.0004580	+0.0000734	+0.0006052	+0.0013670	+0.0022869	+0.0031275	+0.0039045	+0.0046314	+0.0054232	+0.0060596	+0.0067856	+0.0072044	+0.0072780	+0.0076446	+0.0080307	+0.0080634
2013-02	0.058	-0.0010391	-0.0009929	-0.0006953	-0.0005993	-0.0002801	-0.0001103	+0.0003317	+0.0008274	+0.0013678	+0.0020901	+0.0029182	+0.0037981	+0.0046899	+0.0056598	+0.0063446	+0.0073753	+0.0079732	+0.0089440	+0.0095420	+0.0100000	+0.0100000
2013-03	0.189	-0.0018895	-0.0017722	-0.0013298	-0.0009477	-0.0005052	-0.0000784	+0.0004792	+0.0010803	+0.0017370	+0.0023490	+0.0030110	+0.0036161	+0.0042898	+0.0049710	+0.0054054	+0.0058513	+0.0064400	+0.0067163	+0.0072278	+0.0073622	+0.0074499
2013-04	-0.019	-0.0034308	-0.0030283	-0.0026454	-0.0018894	-0.0010799	-0.0000742	+0.0014961	+0.0071183	+0.0100000	+0.0100000	+0.0100000	+0.0100000	+0.0100000	+0.0100000	+0.0100000	+0.0100000	+0.0100000	+0.0100000	+0.0100000	+0.0100000	+0.0100000
2013-05	-0.134	-0.0080433	-0.0074122	-0.0068814	-0.0061821	-0.0054354	-0.0046239	-0.0037441	-0.0027888	-0.0017370	-0.0006384	+0.0004932	+0.0015794	+0.0026399	+0.0036337	+0.0045231	+0.0053492	+0.0060559	+0.0067091	+0.0073119	+0.0078380	+0.0082749
2013-06	0.026	-0.0098418	-0.0098022	-0.0097268	-0.0095429	-0.0091358	-0.0086130	-0.0078040	-0.0068284	-0.0052859	-0.0032200	-0.0004996	+0.0036627	+0.0100000	+0.0100000	+0.0100000	+0.0100000	+0.0100000	+0.0100000	+0.0100000	+0.0100000	+0.0100000
2013-07	-0.050	-0.0073388	-0.0072258	-0.0070949	-0.0060198	-0.0051094	-0.0046201	-0.0035528	-0.0025061	-0.0014397	-0.0003435	+0.0007620	+0.0018517	+0.0029163	+0.0038946	+0.0050026	+0.0061362	+0.0072140	+0.0079851	+0.0086708	+0.0093208	+0.0100000
2013-08	-0.003	-0.0054539	-0.0052017	-0.0048562	-0.0045443	-0.0041146	-0.0037223	-0.0032972	-0.0028739	-0.0024209	-0.0019588	-0.0015179	-0.0011186	-0.0007610	-0.0004413	-0.0001443	+0.0001078	+0.0003379	+0.0005390	+0.0007209	+0.0008820	+0.0010409
2013-09	0.125	-0.0059539	-0.0056587	-0.0052465	-0.0049610	-0.0046867	-0.0043350	-0.0038337	-0.0033874	-0.0029160	-0.0023155	-0.0017770	-0.0011979	-0.0006294	-0.0001298	+0.0003886	+0.0008505	+0.0012584	+0.0016416	+0.0019958	+0.0023020	+0.0025335
2013-10	-0.019	-0.0078188	-0.0069951	-0.0027847	-0.0022334	-0.0011324	-0.0005811	+0.0005666	+0.0021802	+0.0056126	+0.0068501	+0.0075719	+0.0084117	+0.0089263	+0.0097359	+0.0100000	+0.0100000	+0.0100000	+0.0100000	+0.0100000	+0.0100000	+0.0100000
2013-11	-0.000	-0.0006714	-0.0006118	-0.0004477	-0.0003253	-0.0001447	+0.0000186	+0.0001976	+0.0004049	+0.0006474	+0.0008642	+0.0011142	+0.0013382	+0.0015915	+0.0018270	+0.0020562	+0.0022326	+0.0024429	+0.0026073	+0.0027556	+0.0029020	+0.0030691
2013-12	0.032	-0.0035528	-0.0031235	-0.0026924	-0.0024582	-0.0022441	-0.0019435	-0.0014441	-0.0009792	-0.0005740	-0.0000256	+0.0004711	+0.0009450	+0.0014882	+0.0019202	+0.0023134	+0.0026655	+0.0030350	+0.0033384	+0.0035213	+0.0037796	+0.0039681
2014-01	-0.005	-0.0030928	-0.0030506	-0.0029827	-0.0026146	-0.0024680	-0.0023011	-0.0020283	-0.0016497	-0.0011721	-0.0007144	-0.0001566	+0.0005249	+0.0013132	+0.0020312	+0.0027411	+0.0035028	+0.0040002	+0.0044572	+0.0054805	+0.0057656	+0.0063635
2014-02	0.007	-0.0031668	-0.0025923	-0.0024336	-0.0022718	-0.0019380	-0.0014990	-0.0012239	-0.0007879	-0.0002924	+0.0001481	+0.0006739	+0.0011157	+0.0015473	+0.0019951	+0.0023729	+0.0026845	+0.0029456	+0.0032011	+0.0033423	+0.0034835	+0.0036163
2014-03	-0.020	-0.0012620	-0.0006820	-0.0002938	-0.0000901	+0.0001427	+0.0004450	+0.0008072	+0.0011780	+0.0015859	+0.0019412	+0.0022705	+0.0024861	+0.0027000	+0.0030207	+0.0031169	+0.0032162	+0.0033921	+0.0037162	+0.0037703	+0.0037923	+0.0037994
2014-04	0.017	-0.0035776	-0.0034865	-0.0032882	-0.0031863	-0.0030381	-0.0028172	-0.0025882	-0.0022341	-0.0018538	-0.0014163	-0.0009490	-0.0004316	+0.0000524	+0.0005450	+0.0010370	+0.0015430	+0.0018598	+0.0022386	+0.0025971	+0.0029779	+0.0034097
2014-05	0.037	-0.0031550	-0.0029295	-0.0026420	-0.0023822	-0.0020693	-0.0017510	-0.0013698	-0.0009628	-0.0005270	-0.0000863	+0.0003724	+0.0008292	+0.0012759	+0.0016875	+0.0020520	+0.0023808	+0.0026772	+0.0029520	+0.0031696	+0.0033530	+0.0034983
2014-06	0.018	-0.0010373	-0.0006292	-0.0004437	-0.0002947	-0.0001821	+0.0001037	+0.0005014	+0.0007157	+0.0009428	+0.0012446	+0.0015923	+0.0019093	+0.0021798	+0.0024964	+0.0028122	+0.0030682	+0.0032760	+0.0034661	+0.0036675	+0.0038740	+0.0040806
2014-07	0.011	-0.0013945	-0.0011760	-0.0009695	-0.0007542	-0.0005205	-0.0002733	-0.0000207	+0.0002482	+0.0005250	+0.0008227	+0.0011262	+0.0014127	+0.0016937	+0.0019856	+0.0022692	+0.0025230	+0.0027656	+0.0029989	+0.0031925	+0.0033918	+0.0036478
2014-08	0.022	-0.0007095	-0.0006523	-0.0005623	-0.0004387	-0.0003525	-0.0002330	-0.0001121	+0.0000338	+0.0001881	+0.0003514	+0.0005300	+0.0007139	+0.0008882	+0.0010604	+0.0012255	+0.0013720	+0.0015102	+0.0016369	+0.0017747	+0.0018797	+0.0019617
2014-09	0.015	-0.0014578	-0.0012233	-0.0010253	-0.0007473	-0.0004860	-0.0002030	+0.0000964	+0.0003969	+0.0007210	+0.0010454	+0.0013664	+0.0016754	+0.0019624	+0.0022187	+0.0024636	+0.0026711	+0.0028584	+0.0030409	+0.0031966	+0.0033338	+0.0034746
2014-10	0.023	-0.0010598	-0.0009622	-0.0008988	-0.0007315	-0.0006183	-0.0004655	-0.0003165	-0.0001200	+0.0000858	+0.0003236	+0.0005721	+0.0008508	+0.0011201	+0.0013902	+0.0016116	+0.0018168	+0.0020475	+0.0022533	+0.0025118	+0.0026297	+0.0027693
2014-11	0.058	-0.0028439	-0.0026385	-0.0024119	-0.0021381	-0.0018488	-0.0015359	-0.0012014	-0.0008422	-0.0004238	+0.0000050	+0.0004431	+0.0009007	+0.0013514	+0.0017836	+0.0021897	+0.0026029	+0.0029637	+0.0033008	+0.0036011	+0.0039030	+0.0042317
2014-12	0.034	-0.0011568	-0.0009990	-0.0006115	+0.0000001	+0.0005093	+0.0011547	+0.0018040	+0.0022220	+0.0028583	+0.0035053	+0.0042719	+0.0047942	+0.0051694	+0.0054617	+0.0057469	+0.0059808	+0.0062078	+0.0064115	+0.0066365	+0.0067825	+0.0069264
2015-01	-0.003	-0.0018364	-0.0017115	-0.0015547	-0.0013862	-0.0011838	-0.0009786	-0.0007298	-0.0004473	-0.0001314	+0.0002119	+0.0005766	+0.0009356	+0.0013137	+0.0016854	+0.0020205	+0.0023500	+0.0026340	+0.0029091	+0.0031991	+0.0034221	+0.0036585
2015-02	-0.026	-0.0060645	-0.0058257	-0.0057042	-0.0054583	-0.0052607	-0.0049027	-0.0044747	-0.0036654	-0.0022914	-0.0014219	-0.0006079	+0.0003023	+0.0017183	+0.0026370	+0.0034837	+0.0040765	+0.0051699	+0.0059540	+0.0066174	+0.0069476	+0.0076697
