2011-02	0.026	-0.0031419	-0.0027402	-0.0025616	-0.0022134	-0.0019813	-0.0017101	-0.0012533	-0.0008861	-0.0004513	+0.0001062	+0.0006415	+0.0011019	+0.0016693	+0.0021771	+0.0026017	+0.0030118	+0.0033915	+0.0037845	+0.0040204	+0.0042811	+0.0046400
2011-03	0.023	-0.0084840	-0.0080489	-0.0074127	-0.0066401	-0.0054694	-0.0043997	-0.0036004	-0.0027749	-0.0014081	+0.0002164	+0.0011637	+0.0019861	+0.0033962	+0.0049154	+0.0055411	+0.0059729	+0.0062736	+0.0065195	+0.0067162	+0.0068802	+0.0070770
2011-04	0.007	-0.0091753	-0.0086034	-0.0080209	-0.0073163	-0.0065583	-0.0057109	-0.0045941	-0.0035266	-0.0023512	-0.0011058	+0.0001412	+0.0012853	+0.0024846	+0.0035479	+0.0046167	+0.0055918	+0.0064771	+0.0073941	+0.0083699	+0.0096187	+0.0100000
2011-05	-0.033	-0.0075831	-0.0072296	-0.0069232	-0.0064555	-0.0059114	-0.0053754	-0.0047914	-0.0041238	-0.0034111	-0.0026703	-0.0018171	-0.0010946	-0.0003235	+0.0003935	+0.0009401	+0.0016529	+0.0021868	+0.0025219	+0.0027834	+0.0034180	+0.0037531
2011-06	-0.018	-0.0036655	-0.0033943	-0.0030781	-0.0028069	-0.0025753	-0.0023022	-0.0020004	-0.0016003	-0.0012475	-0.0008898	-0.0004173	-0.0000447	+0.0004335	+0.0007175	+0.0012091	+0.0014780	+0.0019075	+0.0021239	+0.0023385	+0.0028401	+0.0030181
2011-07	-0.041	-0.0072574	-0.0066718	-0.0061161	-0.0055183	-0.0048327	-0.0041197	-0.0033877	-0.0026032	-0.0017982	-0.0009534	-0.0001262	+0.0006373	+0.0013652	+0.0020472	+0.0026759	+0.0033283	+0.0039134	+0.0044414	+0.0049249	+0.0054094	+0.0059192
2011-08	-0.084	-0.0093872	-0.0092862	-0.0089886	-0.0084462	-0.0079482	-0.0073886	-0.0066205	-0.0059107	-0.0050321	-0.0041006	-0.0032569	-0.0023284	-0.0010461	-0.0005713	+0.0000267	+0.0008717	+0.0020675	+0.0024024	+0.0027000	+0.0027974	+0.0100000
2011-09	-0.047	-0.0098217	-0.0096234	-0.0094974	-0.0091983	-0.0087805	-0.0081730	-0.0071745	-0.0059373	-0.0044017	-0.0024657	-0.0001302	+0.0024364	+0.0056317	+0.0100000	+0.0100000	+0.0100000	+0.0100000	+0.0100000	+0.0100000	+0.0100000	+0.0100000
2011-10	0.118	-0.0080438	-0.0077887	-0.0075307	-0.0071897	-0.0068257	-0.0062477	-0.0055422	-0.0048093	-0.0041233	-0.0031429	-0.0021891	-0.0013251	-0.0003508	+0.0006928	+0.0014339	+0.0024118	+0.0031567	+0.0039595	+0.0044726	+0.0049128	+0.0061850
2011-11	-0.064	-0.0062079	-0.0047015	-0.0041920	-0.0037546	-0.0031038	-0.0012278	+0.0004105	+0.0022174	+0.0035425	+0.0051998	+0.0064970	+0.0079049	+0.0091720	+0.0100000	+0.0100000	+0.0100000	+0.0100000	+0.0100000	+0.0100000	+0.0100000	+0.0100000
2011-12	0.049	-0.0098268	-0.0097572	-0.0096014	-0.0092875	-0.0090688	-0.0084223	-0.0078660	-0.0070264	-0.0061419	-0.0051327	-0.0038732	-0.0025139	-0.0011883	+0.0006503	+0.0030957	+0.0100000	+0.0100000	+0.0100000	+0.0100000	+0.0100000	+0.0100000
2012-01	0.022	-0.0053456	-0.0049925	-0.0045841	-0.0041679	-0.0036459	-0.0031198	-0.0025048	-0.0018513	-0.0011277	-0.0003586	+0.0004710	+0.0012993	+0.0020692	+0.0028320	+0.0035461	+0.0041390	+0.0047527	+0.0052826	+0.0056937	+0.0061545	+0.0064800
2012-02	0.100	-0.0038773	-0.0033341	-0.0025056	-0.0020226	-0.0015815	-0.0010250	-0.0003768	+0.0003466	+0.0010694	+0.0017505	+0.0023518	+0.0029318	+0.0034020	+0.0038878	+0.0043489	+0.0047333	+0.0050943	+0.0053816	+0.0057807	+0.0060980	+0.0062071
2012-03	0.041	-0.0058750	-0.0054949	-0.0049606	-0.0010470	-0.0006210	-0.0002117	+0.0002441	+0.0008842	+0.0046761	+0.0053285	+0.0057552	+0.0061154	+0.0064202	+0.0066974	+0.0069359	+0.0071528	+0.0073047	+0.0074920	+0.0076241	+0.0077484	+0.0078626
2012-04	-0.015	-0.0038185	-0.0033333	-0.0028137	-0.0024314	-0.0018216	-0.0012414	-0.0005225	+0.0002285	+0.0011321	+0.0020331	+0.0030210	+0.0040114	+0.0050166	+0.0059403	+0.0068578	+0.0077002	+0.0084359	+0.0091618	+0.0097663	+0.0100000	+0.0100000
2012-05	-0.094	-0.0093539	-0.0092167	-0.0082541	-0.0078658	-0.0072171	-0.0062933	-0.0057284	-0.0048341	-0.0038209	-0.0027968	-0.0018114	-0.0008206	+0.0002879	+0.0010538	+0.0019817	+0.0027613	+0.0034755	+0.0041001	+0.0046694	+0.0052353	+0.0056536
2012-06	0.016	-0.0084297	-0.0080790	-0.0078040	-0.0073797	-0.0070035	-0.0065311	-0.0060306	-0.0054427	-0.0047825	-0.0040217	-0.0031812	-0.0022509	-0.0012206	-0.0002479	+0.0006909	+0.0016449	+0.0023989	+0.0034060	+0.0041623	+0.0048777	+0.0057583
2012-07	0.026	-0.0036888	-0.0032352	-0.0026779	-0.0023221	-0.0018781	-0.0012899	-0.0006253	-0.0000041	+0.0007062	+0.0014833	+0.0022040	+0.0029363	+0.0036375	+0.0043023	+0.0048942	+0.0054195	+0.0058965	+0.0063170	+0.0066877	+0.0070208	+0.0073941
2012-08	0.015	-0.0056049	-0.0053797	-0.0050924	-0.0047961	-0.0044544	-0.0040646	-0.0036597	-0.0031876	-0.0026766	-0.0021204	-0.0015481	-0.0009678	-0.0004082	+0.0001451	+0.0006300	+0.0011198	+0.0015554	+0.0019489	+0.0023194	+0.0026333	+0.0029269
2012-09	0.020	-0.0030570	-0.0028283	-0.0025182	-0.0021436	-0.0017747	-0.0014073	-0.0010226	-0.0005104	+0.0000221	+0.0005428	+0.0010620	+0.0016503	+0.0021934	+0.0026237	+0.0030602	+0.0035144	+0.0038728	+0.0041785	+0.0044077	+0.0045904	+0.0047628
2012-10	0.000	-0.0060060	-0.0055006	-0.0049343	-0.0040302	-0.0033903	-0.0029216	-0.0023719	-0.0015706	-0.0004022	+0.0003266	+0.0009298	+0.0016728	+0.0028963	+0.0034477	+0.0038966	+0.0041759	+0.0043059	+0.0045193	+0.0047704	+0.0048016	+0.0050033
2012-11	0.033	-0.0040785	-0.0038044	-0.0036316	-0.0034271	-0.0031373	-0.0028984	-0.0025420	-0.0021650	-0.0017329	-0.0012187	-0.0007019	-0.0002147	+0.0002841	+0.0008053	+0.0013193	+0.0017578	+0.0021388	+0.0025811	+0.0028775	+0.0032670	+0.0035357
2012-12	0.054	-0.0075430	-0.0071037	-0.0065031	-0.0056845	-0.0048923	-0.0041189	-0.0032947	-0.0022174	-0.0010643	+0.0000472	+0.0012062	+0.0024700	+0.0035699	+0.0046344	+0.0056171	+0.0065242	+0.0073606	+0.0080373	+0.0086180	+0.0091128	+0.0096599
2013-01	0.106	-0.0034510	-0.0032097	-0.0018471	-0.0010362	-0.0005892	-0.0000454	+0.0004469	+0.0014861	+0.0026750	+0.0033086	+0.0038235	+0.0042837	+0.0046809	+0.0050111	+0.0054573	+0.0057376	+0.0060889	+0.0062361	+0.0066379	+0.0068154	+0.0072076
2013-02	0.023	-0.0029464	-0.0022748	-0.0010462	-0.0005643	-0.0001123	+0.0004524	+0.0010888	+0.0021298	+0.0031898	+0.0038528	+0.0044696	+0.0049321	+0.0053882	+0.0058401	+0.0062586	+0.0066846	+0.0071091	+0.0073504	+0.0076503	+0.0080196	+0.0082584
2013-03	0.053	-0.0065049	-0.0059826	-0.0057080	-0.0050594	-0.0044133	-0.0039944	-0.0035841	-0.0027411	-0.0018569	-0.0012854	-0.0004069	+0.0004337	+0.0010823	+0.0017428	+0.0025380	+0.0031600	+0.0036216	+0.0040631	+0.0048918	+0.0050990	+0.0053757
2013-04	0.055	-0.0064773	-0.0059627	-0.0053267	-0.0046988	-0.0041638	-0.0035264	-0.0026149	-0.0017234	-0.0008455	+0.0003173	+0.0016592	+0.0026515	+0.0037561	+0.0051797	+0.0060793	+0.0067550	+0.0075478	+0.0087602	+0.0095674	+0.0100000	+0.0100000
2013-05	0.075	-0.0061627	-0.0056902	-0.0049788	-0.0042461	-0.0034142	-0.0025208	-0.0015497	-0.0004410	+0.0007637	+0.0020387	+0.0033829	+0.0046981	+0.0059961	+0.0072441	+0.0083454	+0.0094024	+0.0100000	+0.0100000	+0.0100000	+0.0100000	+0.0100000
2013-06	-0.049	-0.0075457	-0.0069735	-0.0062647	-0.0051092	-0.0040872	-0.0030950	-0.0018708	-0.0005723	+0.0006841	+0.0020703	+0.0033728	+0.0046373	+0.0057935	+0.0068786	+0.0078499	+0.0087340	+0.0095497	+0.0100000	+0.0100000	+0.0100000	+0.0100000
2013-07	0.043	-0.0085475	-0.0082255	-0.0079418	-0.0074748	-0.0065329	-0.0060585	-0.0054372	-0.0044625	-0.0037743	-0.0028863	-0.0019201	-0.0010631	-0.0001264	+0.0009456	+0.0017217	+0.0026488	+0.0039041	+0.0043794	+0.0048920	+0.0056073	+0.0075459
2013-08	-0.022	-0.0052281	-0.0046899	-0.0041776	-0.0034736	-0.0027958	-0.0020777	-0.0013382	-0.0005624	+0.0002404	+0.0010832	+0.0019155	+0.0026814	+0.0033789	+0.0040040	+0.0045692	+0.0050467	+0.0054515	+0.0057846	+0.0061334	+0.0064585	+0.0066418
2013-09	0.025	-0.0058032	-0.0055268	-0.0051685	-0.0048503	-0.0044659	-0.0040977	-0.0036919	-0.0032533	-0.0027857	-0.0023124	-0.0018377	-0.0013813	-0.0009639	-0.0005723	-0.0002307	+0.0000862	+0.0003640	+0.0006357	+0.0008634	+0.0010988	+0.0012985
2013-10	0.049	-0.0072171	-0.0064341	-0.0058796	-0.0049882	-0.0043195	-0.0033920	-0.0024796	-0.0014514	-0.0004830	+0.0005474	+0.0015588	+0.0024583	+0.0031813	+0.0039072	+0.0044549	+0.0050232	+0.0054182	+0.0057492	+0.0060222	+0.0064049	+0.0065973
2013-11	0.069	-0.0035100	-0.0031333	-0.0023188	-0.0019042	-0.0014989	-0.0009346	-0.0001151	+0.0004695	+0.0011665	+0.0020280	+0.0027473	+0.0035473	+0.0043495	+0.0050156	+0.0057288	+0.0064090	+0.0069079	+0.0073710	+0.0078910	+0.0084345	+0.0087985
2013-12	0.045	-0.0060119	-0.0052171	-0.0017055	-0.0013822	-0.0012179	-0.0008922	-0.0004408	+0.0016448	+0.0037228	+0.0040737	+0.0044268	+0.0047759	+0.0051862	+0.0056435	+0.0061005	+0.0064044	+0.0067546	+0.0070856	+0.0074113	+0.0077072	+0.0081900
2014-01	-0.054	-0.0031114	-0.0026118	-0.0024927	-0.0019930	-0.0016518	-0.0011152	-0.0004964	+0.0002246	+0.0009718	+0.0017795	+0.0026706	+0.0035331	+0.0043706	+0.0051304	+0.0058793	+0.0065672	+0.0072405	+0.0077376	+0.0082946	+0.0084974	+0.0090883
2014-02	0.024	-0.0097341	-0.0095305	-0.0092301	-0.0087852	-0.0080309	-0.0073858	-0.0067181	-0.0061024	-0.0051536	-0.0040456	-0.0030089	-0.0021685	-0.0012139	-0.0002117	+0.0007326	+0.0014158	+0.0019710	+0.0025553	+0.0032885	+0.0100000	+0.0100000
2014-03	0.016	-0.0036818	-0.0016920	-0.0016681	-0.0012902	-0.0009525	-0.0004318	+0.0008531	+0.0015190	+0.0020249	+0.0027663	+0.0037515	+0.0044708	+0.0050875	+0.0058617	+0.0066574	+0.0071848	+0.0076728	+0.0081455	+0.0086770	+0.0091939	+0.0096135
2014-04	0.009	-0.0051080	-0.0048611	-0.0046336	-0.0041456	-0.0038744	-0.0033864	-0.0029771	-0.0024322	-0.0018466	-0.0011672	-0.0004998	+0.0002000	+0.0008848	+0.0015346	+0.0021644	+0.0027015	+0.0031965	+0.0037250	+0.0041077	+0.0044641	+0.0050491
2014-05	0.013	-0.0081355	-0.0074978	-0.0070218	-0.0064130	-0.0056465	-0.0049514	-0.0041132	-0.0032771	-0.0023780	-0.0014328	-0.0005181	+0.0003616	+0.0012254	+0.0020083	+0.0026535	+0.0033162	+0.0038635	+0.0043411	+0.0048099	+0.0052162	+0.0056355
2014-06	0.015	-0.0028295	-0.0024203	-0.0022957	-0.0018755	-0.0014750	-0.0011170	-0.0008240	-0.0003551	+0.0000572	+0.0005606	+0.0010256	+0.0014817	+0.0019624	+0.0022796	+0.0026217	+0.0029173	+0.0032405	+0.0034758	+0.0036140	+0.0037337	+0.0038888
2014-07	0.022	-0.0024647	-0.0023038	-0.0021106	-0.0019270	-0.0017106	-0.0014685	-0.0012014	-0.0009149	-0.0005998	-0.0002617	+0.0000788	+0.0004280	+0.0007685	+0.0010943	+0.0013903	+0.0016701	+0.0019354	+0.0021685	+0.0023510	+0.0025862	+0.0027168
2014-08	0.024	-0.0023218	-0.0021758	-0.0019550	-0.0017573	-0.0015103	-0.0012689	-0.0010002	-0.0007122	-0.0003991	-0.0000747	+0.0002445	+0.0005511	+0.0008475	+0.0011176	+0.0013534	+0.0015640	+0.0017246	+0.0019110	+0.0020334	+0.0021871	+0.0022806
2014-09	0.041	-0.0029281	-0.0024676	-0.0018152	-0.0012425	-0.0006333	+0.0000817	+0.0007364	+0.0014396	+0.0021833	+0.0029170	+0.0036042	+0.0042562	+0.0047963	+0.0052872	+0.0057186	+0.0060946	+0.0063875	+0.0066889	+0.0069224	+0.0071189	+0.0072711
2014-10	0.006	-0.0051131	-0.0046612	-0.0036522	-0.0030008	-0.0024639	-0.0018704	-0.0011594	-0.0003298	+0.0005380	+0.0013459	+0.0019984	+0.0025768	+0.0031067	+0.0035786	+0.0039629	+0.0043586	+0.0046607	+0.0050300	+0.0052541	+0.0054390	+0.0056907
2014-11	0.116	-0.0091896	-0.0089004	-0.0084560	-0.0078473	-0.0071137	-0.0061440	-0.0051023	-0.0037204	-0.0022254	-0.0007838	+0.0007815	+0.0024998	+0.0040205	+0.0053628	+0.0066986	+0.0082241	+0.0094869	+0.0100000	+0.0100000	+0.0100000	+0.0100000
2014-12	0.029	-0.0056150	-0.0052862	-0.0011512	-0.0009032	-0.0006200	-0.0004538	-0.0002069	+0.0001336	+0.0042842	+0.0046625	+0.0049010	+0.0051046	+0.0052648	+0.0054284	+0.0055923	+0.0056925	+0.0057659	+0.0058778	+0.0059817	+0.0060552	+0.0060986
2015-01	-0.050	-0.0089388	-0.0084142	-0.0079894	-0.0073849	-0.0063951	-0.0055081	-0.0043907	-0.0031756	-0.0017675	-0.0003861	+0.0011353	+0.0025737	+0.0039819	+0.0053282	+0.0065728	+0.0077527	+0.0088624	+0.0099255	+0.0100000	+0.0100000	+0.0100000
2015-02	0.010	-0.0068109	-0.0064908	-0.0062494	-0.0055142	-0.0051016	-0.0045333	-0.0038388	-0.0031509	-0.0022692	-0.0015059	-0.0005653	+0.0003274	+0.0012488	+0.0020967	+0.0029050	+0.0035264	+0.0042697	+0.0049168	+0.0053103	+0.0057446	+0.0062679
