2013-03	-0.004	2013-04	0.013	-0.0010826	-0.0010555	-0.0009889	-0.0009028	-0.0008620	-0.0007952	-0.0007081	-0.0006083	-0.0005080	-0.0003943	-0.0002874	-0.0001739	-0.0000600	+0.0000471	+0.0001540	+0.0002544	+0.0003209	+0.0003952	+0.0004882	+0.0005346	+0.0006221
2013-05	-0.010	-0.0005310	-0.0004462	-0.0003651	-0.0002803	-0.0001700	-0.0000666	+0.0000312	+0.0001302	+0.0002383	+0.0003650	+0.0004740	+0.0005647	+0.0006360	+0.0007015	+0.0007610	+0.0008104	+0.0008562	+0.0008962	+0.0009362	+0.0009615	+0.0010021
2013-06	-0.031	-0.0013275	-0.0012692	-0.0011731	-0.0011035	-0.0010142	-0.0009286	-0.0008203	-0.0007151	-0.0006108	-0.0005019	-0.0003917	-0.0002847	-0.0001930	-0.0001090	-0.0000397	+0.0000200	+0.0000696	+0.0001192	+0.0001685	+0.0001984	+0.0002379
2013-07	0.005	-0.0057297	-0.0054846	-0.0052136	-0.0049217	-0.0046614	-0.0043293	-0.0039728	-0.0035820	-0.0031647	-0.0027148	-0.0022718	-0.0017735	-0.0012408	-0.0007199	-0.0000436	+0.0007266	+0.0011512	+0.0014450	+0.0017278	+0.0024007	+0.0033049
2013-08	-0.011	-0.0015186	-0.0014105	-0.0012798	-0.0011406	-0.0009921	-0.0008095	-0.0006100	-0.0003869	-0.0001395	+0.0001213	+0.0003879	+0.0006686	+0.0009467	+0.0011917	+0.0014350	+0.0016674	+0.0018640	+0.0020415	+0.0021932	+0.0023730	+0.0025179
2013-09	0.008	-0.0029135	-0.0027571	-0.0025919	-0.0024503	-0.0022624	-0.0020360	-0.0017839	-0.0015554	-0.0012814	-0.0009768	-0.0006827	-0.0003920	-0.0000793	+0.0001951	+0.0004523	+0.0007101	+0.0009535	+0.0011574	+0.0013379	+0.0015499	+0.0017340
2013-10	0.014	-0.0015885	-0.0013383	-0.0012496	-0.0010018	-0.0007017	-0.0004614	-0.0002231	+0.0000070	+0.0003293	+0.0006277	+0.0009098	+0.0011531	+0.0013708	+0.0015663	+0.0017453	+0.0019070	+0.0020461	+0.0021771	+0.0023316	+0.0024174	+0.0024936
2013-11	-0.002	-0.0010988	-0.0009324	-0.0005912	-0.0004294	-0.0003066	-0.0001705	-0.0000017	+0.0002605	+0.0005313	+0.0007133	+0.0008569	+0.0009827	+0.0011089	+0.0012158	+0.0013102	+0.0014060	+0.0014976	+0.0015720	+0.0016350	+0.0016871	+0.0017572
2013-12	-0.005	-0.0013992	-0.0013730	-0.0013320	-0.0012234	-0.0011492	-0.0010615	-0.0009460	-0.0008322	-0.0006813	-0.0005341	-0.0003914	-0.0002166	-0.0000673	+0.0000813	+0.0002165	+0.0003580	+0.0004666	+0.0005822	+0.0006908	+0.0007443	+0.0008191
2014-01	0.013	-0.0007551	-0.0007075	-0.0006395	-0.0005918	-0.0005034	-0.0004356	-0.0003605	-0.0002787	-0.0001837	-0.0000950	-0.0000067	+0.0000817	+0.0001699	+0.0002387	+0.0003201	+0.0003819	+0.0004292	+0.0004836	+0.0005240	+0.0005792	+0.0006132
2014-02	0.012	-0.0010361	-0.0010134	-0.0008385	-0.0007375	-0.0006219	-0.0004719	-0.0003429	-0.0001402	+0.0000067	+0.0001893	+0.0003505	+0.0005366	+0.0006574	+0.0007998	+0.0009191	+0.0010491	+0.0011064	+0.0011986	+0.0012148	+0.0012340	+0.0013054
2014-03	-0.001	-0.0002952	-0.0002138	-0.0001409	+0.0000065	+0.0000946	+0.0001863	+0.0002957	+0.0004354	+0.0005626	+0.0006967	+0.0008118	+0.0009107	+0.0010009	+0.0010720	+0.0011405	+0.0012094	+0.0012515	+0.0012805	+0.0013004	+0.0013246	+0.0013419
2014-04	0.007	-0.0016467	-0.0015916	-0.0015180	-0.0014256	-0.0013456	-0.0012308	-0.0010446	-0.0007830	-0.0005620	-0.0003542	-0.0001402	+0.0001759	+0.0004232	+0.0005938	+0.0008178	+0.0010183	+0.0012261	+0.0013648	+0.0014917	+0.0015481	+0.0016479
2014-05	0.015	-0.0007582	-0.0006984	-0.0006235	-0.0005537	-0.0004694	-0.0003742	-0.0002743	-0.0001696	-0.0000598	+0.0000646	+0.0001884	+0.0003077	+0.0004139	+0.0005134	+0.0005985	+0.0006783	+0.0007433	+0.0007881	+0.0008525	+0.0008930	+0.0009027
2014-06	0.003	-0.0013018	-0.0011288	-0.0004029	-0.0003493	-0.0003029	-0.0002389	-0.0001522	+0.0001598	+0.0007184	+0.0007947	+0.0008656	+0.0009324	+0.0010043	+0.0010619	+0.0011080	+0.0011768	+0.0012302	+0.0012572	+0.0012810	+0.0013012	+0.0013959
2014-07	0.004	-0.0006855	-0.0006224	-0.0004961	-0.0004230	-0.0003456	-0.0002191	-0.0001405	-0.0000245	+0.0000924	+0.0001860	+0.0003166	+0.0004089	+0.0005070	+0.0005993	+0.0006678	+0.0007255	+0.0007789	+0.0008270	+0.0008662	+0.0009009	+0.0009398
2014-08	0.001	-0.0001849	-0.0001557	-0.0001411	-0.0001216	-0.0000973	-0.0000681	-0.0000389	+0.0000000	+0.0000390	+0.0000829	+0.0001315	+0.0001799	+0.0002243	+0.0002726	+0.0003163	+0.0003553	+0.0003941	+0.0004286	+0.0004576	+0.0004825	+0.0005115
2014-09	-0.002	-0.0003064	-0.0002283	-0.0001546	-0.0000773	+0.0000037	+0.0001075	+0.0002197	+0.0003211	+0.0004140	+0.0005161	+0.0006341	+0.0007389	+0.0008115	+0.0008667	+0.0009145	+0.0009545	+0.0009871	+0.0010129	+0.0010419	+0.0010670	+0.0010823
2014-10	0.004	-0.0011221	-0.0009724	-0.0008683	-0.0007447	-0.0006421	-0.0005061	-0.0003760	-0.0002134	-0.0000516	+0.0001097	+0.0002601	+0.0004203	+0.0005707	+0.0006947	+0.0007913	+0.0008738	+0.0009398	+0.0009918	+0.0010303	+0.0010768	+0.0011233
2014-11	0.000	-0.0011619	-0.0010797	-0.0009936	-0.0009057	-0.0008090	-0.0006929	-0.0005713	-0.0004357	-0.0002862	-0.0001264	+0.0000380	+0.0001993	+0.0003633	+0.0005093	+0.0006585	+0.0007842	+0.0009098	+0.0010117	+0.0011188	+0.0012003	+0.0012979
2014-12	-0.013	-0.0015889	-0.0015886	-0.0015119	-0.0014849	-0.0013943	-0.0012399	-0.0010716	-0.0009036	-0.0006907	-0.0005101	-0.0003164	-0.0000775	+0.0001368	+0.0003497	+0.0005553	+0.0007238	+0.0008981	+0.0010275	+0.0011953	+0.0012796	+0.0013765
2015-01	-0.012	-0.0028416	-0.0026809	-0.0024897	-0.0023071	-0.0020934	-0.0018618	-0.0016047	-0.0013175	-0.0010097	-0.0006812	-0.0003469	-0.0000089	+0.0003151	+0.0006171	+0.0009017	+0.0011549	+0.0013870	+0.0016000	+0.0017898	+0.0019752	+0.0021311
2015-02	0.006	-0.0054171	-0.0053207	-0.0052030	-0.0050187	-0.0046725	-0.0038727	-0.0033898	-0.0029578	-0.0025536	-0.0017599	-0.0010119	-0.0003866	+0.0000813	+0.0007598	+0.0014218	+0.0018756	+0.0023375	+0.0025566	+0.0029528	+0.0030880	+0.0032581
