2011-02	0.014	-0.0019879	-0.0019354	-0.0017364	-0.0015897	-0.0013706	-0.0011714	-0.0009724	-0.0007524	-0.0005125	-0.0002817	-0.0000427	+0.0001766	+0.0003572	+0.0005344	+0.0007206	+0.0008148	+0.0008973	+0.0010455	+0.0011923	+0.0012348	+0.0012748
2011-03	-0.014	-0.0028773	-0.0026343	-0.0023871	-0.0020015	-0.0017710	-0.0014271	-0.0010659	-0.0007028	-0.0002303	+0.0001194	+0.0005290	+0.0009631	+0.0013247	+0.0016095	+0.0018567	+0.0019799	+0.0022604	+0.0023836	+0.0024436	+0.0025068	+0.0027840
2011-04	0.008	-0.0096021	-0.0093467	-0.0090127	-0.0085038	-0.0078456	-0.0070534	-0.0061441	-0.0050212	-0.0037856	-0.0024571	-0.0010839	+0.0002298	+0.0015527	+0.0028011	+0.0039767	+0.0050930	+0.0062582	+0.0084063	+0.0100000	+0.0100000	+0.0100000
2011-05	-0.012	-0.0028730	-0.0028077	-0.0027341	-0.0024878	-0.0023388	-0.0021897	-0.0018184	-0.0014965	-0.0012585	-0.0007944	-0.0004553	-0.0000955	+0.0003246	+0.0006353	+0.0009881	+0.0013044	+0.0015933	+0.0018618	+0.0021450	+0.0022728	+0.0025566
2011-06	-0.009	-0.0027567	-0.0026374	-0.0025213	-0.0022447	-0.0021286	-0.0019726	-0.0016959	-0.0015262	-0.0012253	-0.0010080	-0.0006766	-0.0004454	-0.0000115	+0.0003817	+0.0009453	+0.0013488	+0.0014756	+0.0019528	+0.0021229	+0.0027384	+0.0032166
2011-07	-0.019	-0.0030953	-0.0028702	-0.0026823	-0.0024364	-0.0022095	-0.0019311	-0.0016491	-0.0013389	-0.0009924	-0.0006345	-0.0002701	+0.0000970	+0.0004714	+0.0008138	+0.0011342	+0.0014448	+0.0017302	+0.0019980	+0.0022554	+0.0024949	+0.0027137
2011-08	-0.038	-0.0040984	-0.0038720	-0.0037280	-0.0036052	-0.0033725	-0.0031291	-0.0028425	-0.0025404	-0.0021933	-0.0018175	-0.0015006	-0.0010525	-0.0006584	-0.0004371	-0.0002779	+0.0002122	+0.0005442	+0.0006655	+0.0007590	+0.0008130	+0.0008310
2011-09	-0.032	-0.0091167	-0.0086877	-0.0082253	-0.0075542	-0.0068542	-0.0060845	-0.0052777	-0.0044070	-0.0034223	-0.0024101	-0.0014428	-0.0003587	+0.0005609	+0.0014197	+0.0022945	+0.0030710	+0.0038114	+0.0044887	+0.0051771	+0.0059465	+0.0068133
2011-10	0.026	-0.0042678	-0.0042008	-0.0040310	-0.0039248	-0.0037411	-0.0036031	-0.0034117	-0.0032123	-0.0029755	-0.0027394	-0.0024641	-0.0021673	-0.0018453	-0.0003536	+0.0006973	+0.0011307	+0.0013586	+0.0015294	+0.0019009	+0.0039811	+0.0045003
2011-11	-0.044	-0.0016422	-0.0013765	-0.0012012	-0.0009440	-0.0007246	-0.0004295	-0.0000904	+0.0003369	+0.0009881	+0.0015513	+0.0020658	+0.0025662	+0.0032916	+0.0039020	+0.0042405	+0.0045506	+0.0050411	+0.0058286	+0.0060229	+0.0061387	+0.0062091
2011-12	0.012	-0.0062214	-0.0061323	-0.0060304	-0.0058623	-0.0057331	-0.0055221	-0.0053166	-0.0050940	-0.0047951	-0.0044252	-0.0038222	-0.0030463	-0.0023119	-0.0004877	+0.0002533	+0.0008178	+0.0018143	+0.0023262	+0.0029001	+0.0048914	+0.0054053
2012-01	0.019	-0.0027269	-0.0025966	-0.0024094	-0.0022282	-0.0020432	-0.0017937	-0.0015615	-0.0012820	-0.0009860	-0.0007042	-0.0003894	-0.0000880	+0.0001915	+0.0004595	+0.0006885	+0.0009025	+0.0010875	+0.0012485	+0.0013967	+0.0015205	+0.0016173
2012-02	0.073	-0.0016431	-0.0015245	-0.0013143	-0.0010487	-0.0008196	-0.0004908	-0.0001685	+0.0002569	+0.0006152	+0.0011098	+0.0016183	+0.0020110	+0.0025122	+0.0029834	+0.0033052	+0.0037695	+0.0040023	+0.0043489	+0.0045849	+0.0047500	+0.0050468
2012-03	0.025	-0.0031701	-0.0027983	-0.0021808	-0.0005967	-0.0000876	+0.0003202	+0.0008031	+0.0014625	+0.0029820	+0.0036403	+0.0040817	+0.0044534	+0.0047757	+0.0050731	+0.0053495	+0.0055654	+0.0057580	+0.0059783	+0.0061238	+0.0061923	+0.0063892
2012-04	-0.017	-0.0017881	-0.0015629	-0.0013249	-0.0010709	-0.0007768	-0.0004632	-0.0001187	+0.0002760	+0.0006813	+0.0011232	+0.0015883	+0.0020578	+0.0025245	+0.0029582	+0.0033615	+0.0037519	+0.0040866	+0.0044048	+0.0046981	+0.0049838	+0.0052009
2012-05	-0.059	-0.0054250	-0.0050539	-0.0046915	-0.0042531	-0.0038320	-0.0034574	-0.0029089	-0.0023601	-0.0017813	-0.0012046	-0.0005872	+0.0000773	+0.0005461	+0.0010893	+0.0016206	+0.0018982	+0.0024038	+0.0026770	+0.0028056	+0.0033079	+0.0035605
2012-06	0.029	-0.0052366	-0.0051312	-0.0050242	-0.0048914	-0.0047429	-0.0045715	-0.0043586	-0.0040719	-0.0036888	-0.0033063	-0.0028776	-0.0022469	-0.0014034	-0.0005501	+0.0002197	+0.0007030	+0.0013712	+0.0019934	+0.0029588	+0.0035805	+0.0040792
2012-07	-0.004	-0.0023474	-0.0019547	-0.0013629	-0.0009495	-0.0005437	-0.0001381	+0.0002762	+0.0008233	+0.0013976	+0.0018542	+0.0022566	+0.0025986	+0.0029129	+0.0032028	+0.0034613	+0.0036770	+0.0038753	+0.0040694	+0.0042273	+0.0043774	+0.0044995
2012-08	0.008	-0.0039553	-0.0038621	-0.0037207	-0.0035625	-0.0034000	-0.0032064	-0.0029817	-0.0027352	-0.0024453	-0.0021147	-0.0017360	-0.0012958	-0.0008234	-0.0003620	+0.0000705	+0.0004865	+0.0009099	+0.0013449	+0.0017662	+0.0020472	+0.0024158
2012-09	0.019	-0.0016445	-0.0014687	-0.0012901	-0.0010702	-0.0008593	-0.0005883	-0.0003575	-0.0000838	+0.0001763	+0.0004534	+0.0007103	+0.0009503	+0.0011726	+0.0013785	+0.0015517	+0.0016980	+0.0018387	+0.0019627	+0.0020671	+0.0021452	+0.0022312
2012-10	0.015	-0.0020842	-0.0019992	-0.0018387	-0.0013799	-0.0009917	-0.0007317	-0.0003388	+0.0000833	+0.0004554	+0.0009014	+0.0013180	+0.0016902	+0.0020214	+0.0023266	+0.0025919	+0.0028103	+0.0029794	+0.0031324	+0.0032292	+0.0033714	+0.0034437
2012-11	0.026	-0.0014755	-0.0013841	-0.0012481	-0.0010657	-0.0008690	-0.0006825	-0.0004621	-0.0001805	+0.0001364	+0.0004955	+0.0008284	+0.0011828	+0.0015705	+0.0019157	+0.0022216	+0.0025377	+0.0028385	+0.0030958	+0.0032889	+0.0035037	+0.0037172
2012-12	0.054	-0.0036198	-0.0033399	-0.0029653	-0.0025070	-0.0021351	-0.0017050	-0.0012187	-0.0006487	-0.0000506	+0.0005360	+0.0011739	+0.0018138	+0.0024143	+0.0029559	+0.0034568	+0.0039322	+0.0043558	+0.0047147	+0.0049881	+0.0052470	+0.0054350
2013-01	0.068	-0.0028246	-0.0023291	-0.0015938	-0.0009175	-0.0004595	-0.0000290	+0.0005399	+0.0013300	+0.0021255	+0.0028224	+0.0033835	+0.0038407	+0.0042471	+0.0046102	+0.0048926	+0.0051675	+0.0053807	+0.0055296	+0.0056631	+0.0057442	+0.0058762
2013-02	0.029	-0.0011060	-0.0009189	-0.0005629	-0.0002855	+0.0000163	+0.0004507	+0.0008780	+0.0012325	+0.0017552	+0.0022609	+0.0026888	+0.0032043	+0.0035935	+0.0040560	+0.0044911	+0.0048456	+0.0051908	+0.0055452	+0.0058080	+0.0062610	+0.0064415
2013-03	0.078	-0.0022080	-0.0019049	-0.0015914	-0.0012629	-0.0009435	-0.0007240	-0.0003955	-0.0000530	+0.0003369	+0.0007136	+0.0010699	+0.0013622	+0.0016590	+0.0019309	+0.0021753	+0.0024160	+0.0026517	+0.0028942	+0.0030627	+0.0032376	+0.0033727
2013-04	0.042	-0.0059769	-0.0054966	-0.0023038	-0.0018665	-0.0012653	-0.0008241	-0.0002601	+0.0013426	+0.0035812	+0.0042087	+0.0047543	+0.0051493	+0.0056159	+0.0059167	+0.0063024	+0.0065728	+0.0067820	+0.0071397	+0.0073885	+0.0075042	+0.0076200
2013-05	-0.038	-0.0059812	-0.0052663	-0.0045583	-0.0039029	-0.0031490	-0.0022329	-0.0013365	-0.0004345	+0.0005496	+0.0016378	+0.0026932	+0.0037188	+0.0047782	+0.0057758	+0.0066243	+0.0075061	+0.0082884	+0.0089344	+0.0096116	+0.0100000	+0.0100000
2013-06	-0.010	-0.0082649	-0.0078577	-0.0074523	-0.0069257	-0.0063774	-0.0057683	-0.0051155	-0.0043672	-0.0036287	-0.0028026	-0.0019588	-0.0011540	-0.0003678	+0.0003784	+0.0010444	+0.0016125	+0.0021627	+0.0026592	+0.0030424	+0.0033760	+0.0037405
2013-07	-0.005	-0.0063056	-0.0057841	-0.0055641	-0.0049665	-0.0042251	-0.0037870	-0.0033879	-0.0027825	-0.0019166	-0.0013516	-0.0007663	-0.0000440	+0.0008185	+0.0014134	+0.0018302	+0.0025864	+0.0033436	+0.0036724	+0.0041668	+0.0043285	+0.0045349
2013-08	-0.014	-0.0048230	-0.0044867	-0.0042074	-0.0038912	-0.0034219	-0.0028064	-0.0023538	-0.0019297	-0.0013761	-0.0006312	-0.0001236	+0.0002834	+0.0008539	+0.0014904	+0.0018472	+0.0020591	+0.0022244	+0.0023752	+0.0024827	+0.0025581	+0.0026360
2013-09	0.059	-0.0036984	-0.0035439	-0.0033715	-0.0031793	-0.0029977	-0.0027765	-0.0025350	-0.0022909	-0.0020159	-0.0017519	-0.0014589	-0.0011611	-0.0008888	-0.0006157	-0.0003282	-0.0000936	+0.0001474	+0.0003746	+0.0005813	+0.0007615	+0.0009276
2013-10	0.010	-0.0065151	-0.0059864	-0.0027817	-0.0025036	-0.0017325	-0.0014576	-0.0009518	-0.0001577	+0.0027811	+0.0035465	+0.0039453	+0.0043225	+0.0046192	+0.0049030	+0.0051526	+0.0054156	+0.0056556	+0.0057520	+0.0060908	+0.0061973	+0.0062603
2013-11	0.020	-0.0012259	-0.0010651	-0.0008314	-0.0006617	-0.0004142	-0.0001682	+0.0001134	+0.0004099	+0.0007603	+0.0010923	+0.0014614	+0.0018226	+0.0021714	+0.0025156	+0.0028211	+0.0031083	+0.0033781	+0.0036189	+0.0038121	+0.0040125	+0.0041823
2013-12	0.024	-0.0012186	-0.0011093	-0.0009372	-0.0006068	-0.0003529	-0.0001090	+0.0002690	+0.0005749	+0.0009052	+0.0012672	+0.0016300	+0.0019426	+0.0023203	+0.0025834	+0.0029088	+0.0031400	+0.0034477	+0.0036204	+0.0038122	+0.0039948	+0.0041742
2014-01	-0.023	-0.0015791	-0.0014280	-0.0013643	-0.0011931	-0.0010343	-0.0008480	-0.0005997	-0.0003085	+0.0000911	+0.0005390	+0.0009737	+0.0013970	+0.0018431	+0.0023254	+0.0027011	+0.0030752	+0.0033640	+0.0037417	+0.0040238	+0.0042829	+0.0045420
2014-02	0.009	-0.0049468	-0.0047904	-0.0046635	-0.0040934	-0.0037873	-0.0031944	-0.0029461	-0.0026400	-0.0020386	-0.0014215	-0.0009545	-0.0005531	-0.0000541	+0.0005039	+0.0009320	+0.0010992	+0.0013403	+0.0015815	+0.0016809	+0.0018155	+0.0020581
2014-03	-0.004	-0.0017285	-0.0013395	-0.0006929	-0.0003997	-0.0000670	+0.0001826	+0.0005311	+0.0009964	+0.0015896	+0.0019750	+0.0022884	+0.0025304	+0.0027771	+0.0030300	+0.0032227	+0.0034029	+0.0036072	+0.0037452	+0.0039559	+0.0040010	+0.0041702
2014-04	0.004	-0.0048213	-0.0047788	-0.0044157	-0.0042304	-0.0038518	-0.0034172	-0.0029463	-0.0025239	-0.0021121	-0.0014650	-0.0009303	-0.0004065	+0.0000658	+0.0005787	+0.0010243	+0.0014193	+0.0017098	+0.0019709	+0.0021866	+0.0024321	+0.0025800
2014-05	0.019	-0.0040405	-0.0037235	-0.0034467	-0.0031500	-0.0028502	-0.0024732	-0.0020409	-0.0016004	-0.0011543	-0.0006755	-0.0001565	+0.0003174	+0.0007761	+0.0011915	+0.0015899	+0.0019623	+0.0022319	+0.0024935	+0.0027045	+0.0028790	+0.0030558
2014-06	0.020	-0.0009301	-0.0008764	-0.0007401	-0.0006118	-0.0005064	-0.0003163	-0.0001584	+0.0000912	+0.0003542	+0.0006859	+0.0009529	+0.0012506	+0.0015705	+0.0018785	+0.0021602	+0.0023425	+0.0025434	+0.0028337	+0.0030352	+0.0032248	+0.0033325
2014-07	0.012	-0.0014001	-0.0012415	-0.0010154	-0.0008196	-0.0006283	-0.0004348	-0.0002223	+0.0000195	+0.0002608	+0.0004817	+0.0006831	+0.0008876	+0.0010593	+0.0012330	+0.0013910	+0.0015353	+0.0016601	+0.0017654	+0.0018997	+0.0019562	+0.0020616
2014-08	0.007	-0.0010093	-0.0009219	-0.0008189	-0.0007035	-0.0005885	-0.0004640	-0.0003181	-0.0001772	-0.0000176	+0.0001464	+0.0003087	+0.0004664	+0.0006135	+0.0007477	+0.0008704	+0.0009788	+0.0010694	+0.0011423	+0.0012118	+0.0012639	+0.0013115
2014-09	0.015	-0.0012767	-0.0010928	-0.0008876	-0.0006829	-0.0004326	-0.0001646	+0.0001036	+0.0003927	+0.0007081	+0.0010308	+0.0013494	+0.0016584	+0.0019520	+0.0022230	+0.0024628	+0.0026525	+0.0028206	+0.0029667	+0.0030854	+0.0032002	+0.0032875
2014-10	0.013	-0.0017075	-0.0015051	-0.0009714	-0.0008582	-0.0007162	-0.0005684	-0.0003482	+0.0000582	+0.0003489	+0.0005321	+0.0007066	+0.0008550	+0.0009926	+0.0011338	+0.0012687	+0.0013860	+0.0015082	+0.0015930	+0.0017118	+0.0017675	+0.0018768
2014-11	0.058	-0.0046572	-0.0043989	-0.0040775	-0.0036664	-0.0031942	-0.0027030	-0.0021907	-0.0016248	-0.0009697	-0.0002855	+0.0003952	+0.0010958	+0.0018031	+0.0024124	+0.0029644	+0.0035156	+0.0040086	+0.0044358	+0.0048021	+0.0051237	+0.0054097
2014-12	0.017	-0.0019500	-0.0018529	-0.0006244	-0.0000670	+0.0001015	+0.0004128	+0.0005921	+0.0009297	+0.0023345	+0.0026437	+0.0029073	+0.0030866	+0.0032236	+0.0033647	+0.0034938	+0.0035730	+0.0036898	+0.0037809	+0.0038545	+0.0039105	+0.0039840
2015-01	-0.004	-0.0042999	-0.0040118	-0.0036007	-0.0032634	-0.0028558	-0.0024100	-0.0019223	-0.0014394	-0.0008581	-0.0003012	+0.0003286	+0.0008966	+0.0014761	+0.0020128	+0.0025361	+0.0029787	+0.0033941	+0.0037650	+0.0041280	+0.0044465	+0.0047570
2015-02	-0.006	-0.0010851	-0.0009761	-0.0008324	-0.0007081	-0.0005939	-0.0003873	-0.0002133	-0.0000274	+0.0001624	+0.0003681	+0.0005758	+0.0007832	+0.0009683	+0.0011329	+0.0012852	+0.0014060	+0.0015360	+0.0016785	+0.0017548	+0.0018507	+0.0019741
