2011-02	0.005	-0.0023177	-0.0022327	-0.0020944	-0.0018915	-0.0016956	-0.0013765	-0.0011607	-0.0008968	-0.0006079	-0.0002604	-0.0000199	+0.0002846	+0.0005412	+0.0007965	+0.0010482	+0.0012542	+0.0014205	+0.0016312	+0.0018064	+0.0019597	+0.0020429
2011-03	0.040	-0.0035814	-0.0031611	-0.0027994	-0.0025159	-0.0021175	-0.0018197	-0.0013088	-0.0008490	-0.0003014	+0.0001895	+0.0006285	+0.0011761	+0.0016337	+0.0020796	+0.0023885	+0.0026509	+0.0029115	+0.0030494	+0.0032340	+0.0033100	+0.0034116
2011-04	0.050	-0.0060129	-0.0055988	-0.0050708	-0.0045514	-0.0040166	-0.0033929	-0.0026917	-0.0019984	-0.0012418	-0.0004501	+0.0003063	+0.0010960	+0.0018213	+0.0024892	+0.0031229	+0.0036714	+0.0042107	+0.0046531	+0.0050354	+0.0055152	+0.0058169
2011-05	-0.021	-0.0069226	-0.0064679	-0.0062736	-0.0057481	-0.0051475	-0.0044932	-0.0039085	-0.0030137	-0.0022748	-0.0012958	-0.0003646	+0.0007070	+0.0017624	+0.0027324	+0.0038029	+0.0046071	+0.0056023	+0.0061532	+0.0072638	+0.0077803	+0.0084157
2011-06	0.030	-0.0035664	-0.0031940	-0.0028089	-0.0023746	-0.0018560	-0.0014332	-0.0010114	-0.0004666	+0.0001151	+0.0006736	+0.0012139	+0.0017407	+0.0022386	+0.0026222	+0.0029304	+0.0033371	+0.0035284	+0.0038609	+0.0040127	+0.0041292	+0.0043618
2011-07	-0.017	-0.0020449	-0.0019530	-0.0017994	-0.0016686	-0.0015157	-0.0013367	-0.0011460	-0.0009170	-0.0006701	-0.0003719	-0.0000401	+0.0003077	+0.0006516	+0.0009947	+0.0013309	+0.0016661	+0.0019863	+0.0022542	+0.0025329	+0.0027873	+0.0029974
2011-08	-0.023	-0.0060473	-0.0058748	-0.0054450	-0.0051821	-0.0046348	-0.0041821	-0.0035815	-0.0031209	-0.0024947	-0.0017314	-0.0011184	-0.0004553	+0.0002605	+0.0007740	+0.0014412	+0.0018162	+0.0021148	+0.0026782	+0.0029331	+0.0030609	+0.0033447
2011-09	-0.158	-0.0095296	-0.0093200	-0.0089832	-0.0085159	-0.0079351	-0.0071614	-0.0063719	-0.0053052	-0.0043211	-0.0030840	-0.0020428	-0.0007305	+0.0001985	+0.0014538	+0.0022485	+0.0033722	+0.0040290	+0.0053498	+0.0100000	+0.0100000	+0.0100000
2011-10	0.095	-0.0099390	-0.0098880	-0.0098325	-0.0096900	-0.0094014	-0.0090114	-0.0083838	-0.0068525	-0.0006771	+0.0045561	+0.0100000	+0.0100000	+0.0100000	+0.0100000	+0.0100000	+0.0100000	+0.0100000	+0.0100000	+0.0100000	+0.0100000	+0.0100000
2011-11	-0.059	-0.0059245	-0.0054479	-0.0044148	-0.0038638	-0.0029097	-0.0020033	-0.0009234	+0.0001133	+0.0015433	+0.0030857	+0.0045711	+0.0058768	+0.0072600	+0.0088540	+0.0100000	+0.0100000	+0.0100000	+0.0100000	+0.0100000	+0.0100000	+0.0100000
2011-12	0.008	-0.0099442	-0.0097735	-0.0096482	-0.0095161	-0.0091959	-0.0088289	-0.0083764	-0.0079726	-0.0075252	-0.0069271	-0.0062440	-0.0056399	-0.0049587	-0.0011038	+0.0005718	+0.0011877	+0.0018572	+0.0082925	+0.0100000	+0.0100000	+0.0100000
2012-01	0.055	-0.0048406	-0.0046325	-0.0044086	-0.0041430	-0.0038725	-0.0035452	-0.0032051	-0.0028190	-0.0024220	-0.0019921	-0.0015428	-0.0011023	-0.0006742	-0.0002680	+0.0001073	+0.0004583	+0.0007728	+0.0010629	+0.0013509	+0.0016132	+0.0018451
2012-02	0.093	-0.0051049	-0.0044873	-0.0018289	-0.0013718	-0.0009822	-0.0006006	-0.0001354	+0.0007877	+0.0031388	+0.0037308	+0.0040637	+0.0044596	+0.0047538	+0.0051468	+0.0053974	+0.0057465	+0.0059554	+0.0061401	+0.0064636	+0.0066649	+0.0067089
2012-03	-0.034	-0.0041304	-0.0038587	-0.0034927	-0.0000629	+0.0002272	+0.0004610	+0.0007665	+0.0012113	+0.0045588	+0.0049687	+0.0052635	+0.0054958	+0.0057138	+0.0059223	+0.0060995	+0.0062675	+0.0064228	+0.0065528	+0.0067131	+0.0068132	+0.0069352
2012-04	-0.027	-0.0046346	-0.0044613	-0.0042361	-0.0040192	-0.0037320	-0.0034432	-0.0031169	-0.0027541	-0.0023331	-0.0018946	-0.0014216	-0.0009346	-0.0004477	+0.0000084	+0.0004469	+0.0008433	+0.0012385	+0.0015841	+0.0018939	+0.0022164	+0.0025365
2012-05	-0.075	-0.0029602	-0.0028798	-0.0028228	-0.0027762	-0.0026635	-0.0025632	-0.0024628	-0.0023500	-0.0022284	-0.0020617	-0.0019066	-0.0017083	-0.0014553	-0.0002805	+0.0002922	+0.0005053	+0.0007399	+0.0009008	+0.0010722	+0.0025497	+0.0027806
2012-06	-0.005	-0.0084690	-0.0083013	-0.0081288	-0.0079428	-0.0077474	-0.0075088	-0.0072050	-0.0068694	-0.0063101	-0.0055375	-0.0047467	-0.0038316	-0.0020841	-0.0004532	+0.0007114	+0.0017945	+0.0026190	+0.0042447	+0.0059465	+0.0066618	+0.0077462
2012-07	0.042	-0.0037700	-0.0032750	-0.0029159	-0.0024467	-0.0020126	-0.0015297	-0.0010115	-0.0004103	+0.0000591	+0.0006971	+0.0011688	+0.0017689	+0.0022101	+0.0027109	+0.0031044	+0.0034798	+0.0038046	+0.0040875	+0.0044000	+0.0046338	+0.0048409
2012-08	0.008	-0.0025423	-0.0024260	-0.0022938	-0.0021686	-0.0019928	-0.0018010	-0.0015628	-0.0012990	-0.0009828	-0.0006759	-0.0003603	-0.0000057	+0.0003430	+0.0006321	+0.0009157	+0.0013588	+0.0015355	+0.0016869	+0.0018137	+0.0019416	+0.0025007
2012-09	0.012	-0.0023860	-0.0021886	-0.0019935	-0.0017653	-0.0015247	-0.0012577	-0.0009808	-0.0006709	-0.0003562	-0.0000196	+0.0003118	+0.0006406	+0.0009527	+0.0012368	+0.0015048	+0.0017356	+0.0019455	+0.0021426	+0.0023137	+0.0024787	+0.0026452
2012-10	0.028	-0.0026325	-0.0023038	-0.0020858	-0.0018846	-0.0016024	-0.0014249	-0.0011122	-0.0007456	-0.0004139	-0.0001328	+0.0002273	+0.0006215	+0.0009193	+0.0011922	+0.0014078	+0.0016517	+0.0018588	+0.0020352	+0.0022123	+0.0023887	+0.0026201
2012-11	0.007	-0.0026655	-0.0024443	-0.0019450	-0.0015317	-0.0011723	-0.0007484	-0.0003524	+0.0001236	+0.0006263	+0.0011032	+0.0015014	+0.0018617	+0.0021747	+0.0024605	+0.0027102	+0.0029268	+0.0031249	+0.0033165	+0.0034696	+0.0036299	+0.0037506
2012-12	0.058	-0.0021069	-0.0019607	-0.0017875	-0.0016114	-0.0014282	-0.0012111	-0.0009726	-0.0007159	-0.0004422	-0.0001503	+0.0001549	+0.0004524	+0.0007357	+0.0010123	+0.0012564	+0.0014821	+0.0016765	+0.0018484	+0.0019952	+0.0021569	+0.0022482
2013-01	0.063	-0.0029187	-0.0023649	-0.0011509	-0.0009353	-0.0007488	-0.0003675	+0.0000220	+0.0011109	+0.0016752	+0.0020963	+0.0024349	+0.0028014	+0.0032197	+0.0035721	+0.0040286	+0.0043595	+0.0046098	+0.0050141	+0.0053105	+0.0055007	+0.0058734
2013-02	-0.002	-0.0018748	-0.0015712	-0.0011772	-0.0008345	-0.0004910	-0.0000484	+0.0003550	+0.0008282	+0.0013612	+0.0018684	+0.0024365	+0.0029390	+0.0034548	+0.0039343	+0.0042935	+0.0046439	+0.0050525	+0.0052412	+0.0055185	+0.0057282	+0.0060972
2013-03	0.008	-0.0048198	-0.0040632	-0.0037997	-0.0034237	-0.0031404	-0.0027013	-0.0020189	-0.0014573	-0.0008663	-0.0003593	+0.0003077	+0.0009619	+0.0015151	+0.0019193	+0.0022449	+0.0025469	+0.0028167	+0.0030768	+0.0032913	+0.0034353	+0.0036006
2013-04	0.052	-0.0059973	-0.0058158	-0.0056920	-0.0055473	-0.0052600	-0.0049808	-0.0046580	-0.0040474	-0.0027541	-0.0017603	-0.0010737	-0.0002710	+0.0010625	+0.0020587	+0.0027533	+0.0034016	+0.0041661	+0.0051631	+0.0058322	+0.0063168	+0.0065967
2013-05	-0.021	-0.0054831	-0.0049077	-0.0043186	-0.0038369	-0.0031647	-0.0022778	-0.0015026	-0.0005933	+0.0006581	+0.0018216	+0.0028691	+0.0043091	+0.0055507	+0.0065255	+0.0077134	+0.0088952	+0.0097389	+0.0100000	+0.0100000	+0.0100000	+0.0100000
2013-06	-0.095	-0.0061280	-0.0056946	-0.0053768	-0.0050029	-0.0045034	-0.0040502	-0.0035069	-0.0029094	-0.0023360	-0.0016458	-0.0009417	-0.0002666	+0.0003654	+0.0009686	+0.0015399	+0.0020252	+0.0025025	+0.0028847	+0.0032308	+0.0035352	+0.0038667
2013-07	-0.011	-0.0098898	-0.0097195	-0.0095542	-0.0093840	-0.0090972	-0.0087437	-0.0083244	-0.0078288	-0.0072435	-0.0065956	-0.0058626	-0.0049116	-0.0037047	-0.0004607	+0.0011468	+0.0023955	+0.0040435	+0.0100000	+0.0100000	+0.0100000	+0.0100000
2013-08	-0.037	-0.0038737	-0.0036203	-0.0033322	-0.0030086	-0.0026586	-0.0022877	-0.0018348	-0.0013792	-0.0008813	-0.0003390	+0.0002037	+0.0007480	+0.0012759	+0.0017727	+0.0022643	+0.0026992	+0.0030630	+0.0033834	+0.0037457	+0.0040076	+0.0042913
2013-09	0.044	-0.0073530	-0.0069949	-0.0066448	-0.0062201	-0.0057960	-0.0053283	-0.0047901	-0.0042066	-0.0035801	-0.0029003	-0.0022114	-0.0014768	-0.0007204	+0.0000429	+0.0007742	+0.0015131	+0.0021775	+0.0027646	+0.0033342	+0.0039157	+0.0047071
2013-10	0.035	-0.0081634	-0.0077402	-0.0036833	-0.0030470	-0.0023053	-0.0017281	-0.0013106	-0.0006189	+0.0034986	+0.0044027	+0.0049921	+0.0053859	+0.0056972	+0.0059310	+0.0061467	+0.0063362	+0.0065024	+0.0066052	+0.0067521	+0.0068816	+0.0069257
2013-11	-0.022	-0.0027251	-0.0023722	-0.0020849	-0.0017011	-0.0012066	-0.0007960	-0.0003593	+0.0001704	+0.0006687	+0.0011531	+0.0016733	+0.0021432	+0.0025753	+0.0030023	+0.0033742	+0.0036940	+0.0039920	+0.0042719	+0.0045280	+0.0047385	+0.0049274
2013-12	0.016	-0.0058282	-0.0053820	-0.0049008	-0.0043296	-0.0035967	-0.0031020	-0.0023301	-0.0016269	-0.0008632	+0.0000462	+0.0007709	+0.0016479	+0.0023638	+0.0029700	+0.0035214	+0.0042785	+0.0046438	+0.0047597	+0.0049606	+0.0050765	+0.0051736
2014-01	-0.030	-0.0010111	-0.0008693	-0.0006947	-0.0005334	-0.0003511	-0.0001504	+0.0000657	+0.0003171	+0.0005799	+0.0008678	+0.0011786	+0.0015079	+0.0018217	+0.0021075	+0.0023872	+0.0026720	+0.0029217	+0.0030868	+0.0033662	+0.0034327	+0.0036950
2014-02	0.031	-0.0071281	-0.0067748	-0.0065496	-0.0061253	-0.0054088	-0.0046721	-0.0042249	-0.0038100	-0.0030991	-0.0020741	-0.0014636	-0.0009607	-0.0003003	+0.0006462	+0.0011781	+0.0014791	+0.0017411	+0.0019261	+0.0020795	+0.0022744	+0.0023566
2014-03	0.040	-0.0018886	-0.0013599	-0.0011301	-0.0006061	-0.0003433	+0.0000718	+0.0004607	+0.0009031	+0.0014527	+0.0018867	+0.0022823	+0.0026185	+0.0029649	+0.0032098	+0.0035118	+0.0036516	+0.0037830	+0.0040502	+0.0042360	+0.0042705	+0.0043047
2014-04	0.018	-0.0036078	-0.0030832	-0.0029099	-0.0024314	-0.0021337	-0.0017039	-0.0012302	-0.0007220	-0.0001821	+0.0004242	+0.0010249	+0.0016496	+0.0022138	+0.0027669	+0.0032511	+0.0038407	+0.0042295	+0.0045814	+0.0049663	+0.0053298	+0.0055235
2014-05	0.007	-0.0015563	-0.0014676	-0.0013332	-0.0011903	-0.0010262	-0.0008363	-0.0006215	-0.0003954	-0.0001435	+0.0001358	+0.0004297	+0.0007150	+0.0009994	+0.0012788	+0.0015277	+0.0017613	+0.0019752	+0.0021677	+0.0023493	+0.0024871	+0.0026810
2014-06	0.020	-0.0023024	-0.0016202	-0.0015212	-0.0014277	-0.0012618	-0.0010797	-0.0004305	-0.0002151	-0.0000379	+0.0002215	+0.0007212	+0.0010087	+0.0011975	+0.0014396	+0.0019386	+0.0021382	+0.0022813	+0.0024024	+0.0028922	+0.0030810	+0.0031571
2014-07	0.002	-0.0009229	-0.0007743	-0.0007000	-0.0005033	-0.0003296	-0.0002166	-0.0000087	+0.0001929	+0.0004163	+0.0006435	+0.0008712	+0.0011058	+0.0013157	+0.0015213	+0.0016901	+0.0018452	+0.0020115	+0.0021273	+0.0022550	+0.0023392	+0.0024041
2014-08	0.011	-0.0005806	-0.0005107	-0.0004414	-0.0003682	-0.0002862	-0.0001963	-0.0001025	-0.0000088	+0.0000934	+0.0001998	+0.0003063	+0.0004082	+0.0005071	+0.0006078	+0.0006939	+0.0007760	+0.0008458	+0.0009266	+0.0010005	+0.0010457	+0.0010972
2014-09	-0.029	-0.0020812	-0.0018252	-0.0015801	-0.0013100	-0.0010207	-0.0007220	-0.0003690	-0.0000178	+0.0003720	+0.0007675	+0.0011482	+0.0015243	+0.0018949	+0.0022010	+0.0025193	+0.0027678	+0.0029727	+0.0031712	+0.0033509	+0.0034951	+0.0036269
2014-10	0.020	-0.0038696	-0.0038270	-0.0037144	-0.0035692	-0.0034681	-0.0031948	-0.0030230	-0.0027665	-0.0024969	-0.0021992	-0.0018724	-0.0015374	-0.0011669	-0.0008684	-0.0005781	-0.0002675	-0.0000130	+0.0001997	+0.0004870	+0.0006819	+0.0008615
2014-11	0.026	-0.0045275	-0.0042657	-0.0039528	-0.0035696	-0.0031882	-0.0027925	-0.0023449	-0.0018167	-0.0012559	-0.0006909	-0.0001002	+0.0005007	+0.0010424	+0.0015843	+0.0020354	+0.0024977	+0.0028758	+0.0032403	+0.0034731	+0.0037899	+0.0040074
2014-12	-0.037	-0.0017533	-0.0015669	-0.0014127	-0.0012550	-0.0010236	-0.0007923	-0.0004449	-0.0000310	+0.0005616	+0.0012531	+0.0017557	+0.0022887	+0.0029056	+0.0037050	+0.0041780	+0.0045137	+0.0049411	+0.0053318	+0.0063027	+0.0063142	+0.0064368
2015-01	0.011	-0.0092113	-0.0089185	-0.0084580	-0.0079847	-0.0073427	-0.0065949	-0.0057635	-0.0048730	-0.0038826	-0.0028505	-0.0017774	-0.0006987	+0.0003177	+0.0013007	+0.0022251	+0.0030828	+0.0039136	+0.0046989	+0.0056003	+0.0066944	+0.0100000
2015-02	-0.017	-0.0013542	-0.0009205	-0.0006197	-0.0002766	-0.0000740	+0.0001069	+0.0004179	+0.0007943	+0.0011778	+0.0014808	+0.0017487	+0.0019470	+0.0021452	+0.0023304	+0.0024853	+0.0026075	+0.0027196	+0.0028731	+0.0029729	+0.0030440	+0.0031301
