2011-07	-0.040	2011-08	-0.052	-0.0067527	-0.0064614	-0.0063232	-0.0059997	-0.0056409	-0.0051888	-0.0046353	-0.0039181	-0.0034026	-0.0026639	-0.0018236	-0.0010741	-0.0004062	+0.0005361	+0.0011983	+0.0016666	+0.0023473	+0.0030716	+0.0034983	+0.0037720	+0.0040412
2011-09	-0.026	-0.0096981	-0.0094885	-0.0092456	-0.0088551	-0.0083065	-0.0075878	-0.0066480	-0.0055444	-0.0042579	-0.0029415	-0.0015232	+0.0000166	+0.0013973	+0.0027365	+0.0042895	+0.0060427	+0.0100000	+0.0100000	+0.0100000	+0.0100000	+0.0100000
2011-10	0.068	-0.0068262	-0.0065485	-0.0062841	-0.0060054	-0.0055264	-0.0051064	-0.0045618	-0.0040643	-0.0034197	-0.0026852	-0.0019808	-0.0011971	-0.0004396	+0.0001990	+0.0009545	+0.0016009	+0.0021231	+0.0025658	+0.0032785	+0.0037657	+0.0039668
2011-11	-0.050	-0.0040599	-0.0026818	-0.0016468	-0.0011268	-0.0007558	-0.0000340	+0.0009842	+0.0020559	+0.0028878	+0.0036122	+0.0043257	+0.0050065	+0.0056160	+0.0062071	+0.0067932	+0.0072729	+0.0077270	+0.0080894	+0.0083841	+0.0088883	+0.0091830
2011-12	0.036	-0.0078858	-0.0076163	-0.0070364	-0.0066927	-0.0061646	-0.0055628	-0.0049840	-0.0043118	-0.0036605	-0.0029883	-0.0022571	-0.0015156	-0.0008852	-0.0002348	+0.0004650	+0.0009215	+0.0013886	+0.0022069	+0.0024869	+0.0027478	+0.0031306
2012-01	-0.007	-0.0042676	-0.0040199	-0.0037359	-0.0033774	-0.0030070	-0.0026028	-0.0021440	-0.0016508	-0.0011108	-0.0005310	+0.0000571	+0.0006585	+0.0012193	+0.0017634	+0.0022658	+0.0027073	+0.0031200	+0.0034802	+0.0037695	+0.0041092	+0.0043633
2012-02	0.038	-0.0027585	-0.0026171	-0.0023424	-0.0021448	-0.0019131	-0.0017389	-0.0014602	-0.0011936	-0.0009169	-0.0006770	-0.0003418	-0.0000822	+0.0001809	+0.0004514	+0.0006870	+0.0008720	+0.0010771	+0.0012464	+0.0014231	+0.0015603	+0.0016929
2012-03	0.004	-0.0033048	-0.0030908	-0.0025635	-0.0018551	-0.0015442	-0.0011764	-0.0007688	-0.0001839	+0.0004376	+0.0008677	+0.0012525	+0.0016141	+0.0019512	+0.0022725	+0.0025781	+0.0028493	+0.0031010	+0.0033749	+0.0036088	+0.0037853	+0.0039909
2012-04	-0.015	-0.0014046	-0.0012988	-0.0012092	-0.0010790	-0.0009590	-0.0008058	-0.0006450	-0.0004413	-0.0002056	+0.0000498	+0.0002827	+0.0005545	+0.0008576	+0.0010795	+0.0012875	+0.0015594	+0.0017941	+0.0019230	+0.0020461	+0.0021748	+0.0024360
2012-05	-0.008	-0.0049288	-0.0046365	-0.0045246	-0.0042376	-0.0040088	-0.0037840	-0.0035209	-0.0031407	-0.0028058	-0.0023396	-0.0019875	-0.0013993	-0.0007537	-0.0002897	+0.0003861	+0.0010385	+0.0012726	+0.0019799	+0.0021485	+0.0029654	+0.0036181
2012-06	0.006	-0.0042552	-0.0040657	-0.0038624	-0.0035751	-0.0032657	-0.0029778	-0.0026196	-0.0022103	-0.0017968	-0.0013244	-0.0008145	-0.0002769	+0.0002165	+0.0007342	+0.0012301	+0.0017034	+0.0021038	+0.0024467	+0.0028410	+0.0032572	+0.0034548
2012-07	0.045	-0.0020491	-0.0018842	-0.0016361	-0.0014310	-0.0011919	-0.0009429	-0.0006266	-0.0003453	+0.0000018	+0.0002993	+0.0006517	+0.0009752	+0.0012704	+0.0015625	+0.0017959	+0.0020264	+0.0022111	+0.0023440	+0.0024769	+0.0026171	+0.0027058
2012-08	-0.018	-0.0013690	-0.0012684	-0.0011628	-0.0010382	-0.0008927	-0.0007332	-0.0005487	-0.0003446	-0.0001182	+0.0001265	+0.0003735	+0.0006394	+0.0008960	+0.0011247	+0.0013492	+0.0015785	+0.0017601	+0.0019162	+0.0020544	+0.0022027	+0.0023787
2012-09	0.027	-0.0025844	-0.0025094	-0.0024172	-0.0022960	-0.0021561	-0.0019859	-0.0017937	-0.0015942	-0.0013737	-0.0011270	-0.0008611	-0.0006095	-0.0003594	-0.0001141	+0.0001081	+0.0003178	+0.0004987	+0.0006699	+0.0008351	+0.0009801	+0.0010973
2012-10	0.015	-0.0021521	-0.0015137	-0.0013884	-0.0011753	-0.0010302	-0.0006055	-0.0000800	+0.0001059	+0.0003975	+0.0010492	+0.0014296	+0.0016462	+0.0021125	+0.0027023	+0.0029107	+0.0030820	+0.0032883	+0.0039980	+0.0041231	+0.0042117	+0.0042481
2012-11	0.011	-0.0014571	-0.0013186	-0.0012198	-0.0010940	-0.0009613	-0.0007957	-0.0006215	-0.0004265	-0.0001914	+0.0000626	+0.0003139	+0.0005749	+0.0008641	+0.0011201	+0.0013444	+0.0015615	+0.0017928	+0.0019928	+0.0021646	+0.0023224	+0.0024630
2012-12	0.020	-0.0039673	-0.0037286	-0.0034807	-0.0032129	-0.0029249	-0.0025968	-0.0022381	-0.0018218	-0.0013736	-0.0009227	-0.0004490	+0.0000286	+0.0004971	+0.0009212	+0.0013082	+0.0016588	+0.0019799	+0.0022637	+0.0025381	+0.0027016	+0.0029364
2013-01	0.029	-0.0026798	-0.0021912	-0.0016964	-0.0014088	-0.0009425	-0.0006136	-0.0002108	+0.0003081	+0.0008290	+0.0012835	+0.0016925	+0.0020572	+0.0023426	+0.0026058	+0.0028640	+0.0030564	+0.0032095	+0.0033526	+0.0034742	+0.0036058	+0.0036506
2013-02	0.000	-0.0026524	-0.0024789	-0.0016113	-0.0015738	-0.0014128	-0.0012519	-0.0010130	-0.0003469	-0.0000558	+0.0001051	+0.0003009	+0.0004458	+0.0006786	+0.0010317	+0.0013506	+0.0014997	+0.0017283	+0.0018278	+0.0020668	+0.0024791	+0.0026649
2013-03	0.029	-0.0009604	-0.0008803	-0.0008252	-0.0007446	-0.0006218	-0.0005227	-0.0003880	-0.0002698	-0.0001225	+0.0000434	+0.0001924	+0.0003508	+0.0005113	+0.0006467	+0.0007833	+0.0008923	+0.0010079	+0.0010865	+0.0011992	+0.0012479	+0.0012922
2013-04	0.035	-0.0012240	-0.0008531	-0.0007513	-0.0003857	-0.0002374	+0.0000614	+0.0001946	+0.0004578	+0.0007233	+0.0010353	+0.0012147	+0.0014482	+0.0015905	+0.0017410	+0.0018621	+0.0019631	+0.0020626	+0.0021584	+0.0022225	+0.0022727	+0.0023362
2013-05	-0.014	-0.0010814	-0.0009790	-0.0008033	-0.0006395	-0.0004176	-0.0002134	+0.0000576	+0.0003392	+0.0006487	+0.0009868	+0.0013419	+0.0016782	+0.0020293	+0.0023746	+0.0026824	+0.0029494	+0.0032663	+0.0034325	+0.0037067	+0.0038677	+0.0040040
2013-06	-0.038	-0.0053660	-0.0051547	-0.0047394	-0.0042303	-0.0039020	-0.0035986	-0.0032513	-0.0026398	-0.0020807	-0.0016175	-0.0010471	-0.0004013	+0.0000895	+0.0005354	+0.0010394	+0.0014853	+0.0018408	+0.0021015	+0.0023218	+0.0024788	+0.0026251
2013-07	0.042	-0.0065856	-0.0064104	-0.0060528	-0.0057560	-0.0054503	-0.0050319	-0.0046500	-0.0042117	-0.0037891	-0.0033247	-0.0027604	-0.0021826	-0.0015478	-0.0006347	+0.0005738	+0.0011257	+0.0017798	+0.0021616	+0.0029159	+0.0039714	+0.0047745
2013-08	-0.013	-0.0025877	-0.0022824	-0.0013561	-0.0006408	-0.0003346	-0.0000307	+0.0003369	+0.0009221	+0.0019751	+0.0024146	+0.0027419	+0.0030181	+0.0032774	+0.0035036	+0.0037078	+0.0039013	+0.0040752	+0.0042208	+0.0043642	+0.0044809	+0.0045989
2013-09	0.048	-0.0023941	-0.0023134	-0.0022347	-0.0021367	-0.0020161	-0.0018900	-0.0017316	-0.0015575	-0.0013605	-0.0011521	-0.0009319	-0.0007033	-0.0004762	-0.0002608	-0.0000588	+0.0001319	+0.0003078	+0.0004653	+0.0006140	+0.0007415	+0.0008840
2013-10	0.049	-0.0043226	-0.0041450	-0.0013312	-0.0009819	-0.0007544	-0.0004949	-0.0002043	+0.0004502	+0.0030168	+0.0033550	+0.0036059	+0.0038408	+0.0040657	+0.0042751	+0.0044590	+0.0046220	+0.0047677	+0.0049125	+0.0050636	+0.0051850	+0.0052509
2013-11	-0.013	-0.0030009	-0.0027685	-0.0019843	-0.0007032	-0.0004805	-0.0002723	-0.0000178	+0.0004103	+0.0020678	+0.0023899	+0.0026195	+0.0028260	+0.0030095	+0.0031771	+0.0033286	+0.0034698	+0.0035994	+0.0037122	+0.0038148	+0.0039086	+0.0039997
2013-12	-0.001	-0.0029416	-0.0028154	-0.0026662	-0.0025497	-0.0023777	-0.0021976	-0.0020050	-0.0017942	-0.0015718	-0.0013400	-0.0010958	-0.0008375	-0.0005970	-0.0003639	-0.0001634	+0.0000315	+0.0001728	+0.0003200	+0.0004891	+0.0006064	+0.0007082
2014-01	0.005	-0.0025826	-0.0025346	-0.0023934	-0.0023126	-0.0021350	-0.0020174	-0.0017952	-0.0013339	-0.0007133	-0.0003705	-0.0000590	+0.0004147	+0.0011246	+0.0014597	+0.0017017	+0.0020341	+0.0026730	+0.0029944	+0.0031696	+0.0033079	+0.0034310
2014-02	0.041	-0.0030860	-0.0028842	-0.0027084	-0.0024644	-0.0020868	-0.0016954	-0.0013894	-0.0010984	-0.0007178	-0.0001407	+0.0002959	+0.0005763	+0.0008542	+0.0015159	+0.0018890	+0.0020214	+0.0021027	+0.0021312	+0.0021804	+0.0022194	+0.0022407
2014-03	0.039	-0.0032945	-0.0028020	-0.0007914	-0.0003913	-0.0002223	-0.0000279	+0.0003832	+0.0014130	+0.0028017	+0.0031069	+0.0034939	+0.0038831	+0.0040903	+0.0044534	+0.0046275	+0.0049165	+0.0051504	+0.0052314	+0.0055651	+0.0057392	+0.0057686
2014-04	-0.001	-0.0017977	-0.0016114	-0.0014535	-0.0012258	-0.0009516	-0.0005617	-0.0002536	+0.0000576	+0.0004816	+0.0008797	+0.0012450	+0.0015934	+0.0019685	+0.0022905	+0.0025859	+0.0028348	+0.0031314	+0.0033753	+0.0035464	+0.0037255	+0.0038123
2014-05	0.042	-0.0016478	-0.0015524	-0.0014419	-0.0013206	-0.0011821	-0.0010366	-0.0008693	-0.0006962	-0.0004996	-0.0002959	-0.0000778	+0.0001338	+0.0003348	+0.0005191	+0.0006960	+0.0008565	+0.0010022	+0.0011478	+0.0012934	+0.0014063	+0.0014732
2014-06	0.015	-0.0023634	-0.0020353	-0.0016239	-0.0014444	-0.0010745	-0.0006108	-0.0001824	+0.0002675	+0.0007475	+0.0011430	+0.0015627	+0.0019358	+0.0022971	+0.0026610	+0.0029500	+0.0032677	+0.0035026	+0.0036731	+0.0040161	+0.0041817	+0.0043051
2014-07	0.019	-0.0017881	-0.0016281	-0.0014615	-0.0012905	-0.0010856	-0.0009009	-0.0006955	-0.0004526	-0.0001699	+0.0000937	+0.0003550	+0.0006285	+0.0008670	+0.0011308	+0.0013485	+0.0015545	+0.0016928	+0.0018585	+0.0020293	+0.0021427	+0.0022725
2014-08	0.001	-0.0009700	-0.0008876	-0.0006096	-0.0002829	-0.0001718	-0.0000733	+0.0000468	+0.0002185	+0.0006361	+0.0007972	+0.0009030	+0.0009962	+0.0010722	+0.0011448	+0.0012060	+0.0012595	+0.0013144	+0.0013620	+0.0013999	+0.0014385	+0.0014772
2014-09	-0.021	-0.0014209	-0.0012057	-0.0009784	-0.0007043	-0.0004535	-0.0001871	+0.0000983	+0.0004028	+0.0007177	+0.0010377	+0.0013387	+0.0016377	+0.0019028	+0.0021581	+0.0023915	+0.0026052	+0.0027967	+0.0029641	+0.0031263	+0.0032689	+0.0034065
2014-10	0.006	-0.0040337	-0.0037343	-0.0034510	-0.0033099	-0.0032083	-0.0029314	-0.0026260	-0.0023327	-0.0020592	-0.0017131	-0.0013387	-0.0010186	-0.0006371	-0.0003116	-0.0000087	+0.0002626	+0.0005147	+0.0008306	+0.0010358	+0.0011286	+0.0013532
2014-11	0.030	-0.0042248	-0.0040228	-0.0037784	-0.0034265	-0.0029616	-0.0023943	-0.0018791	-0.0013507	-0.0006939	+0.0000654	+0.0007548	+0.0014765	+0.0022190	+0.0028852	+0.0034707	+0.0040109	+0.0045225	+0.0050304	+0.0054492	+0.0057906	+0.0060727
2014-12	-0.017	-0.0006482	-0.0006149	-0.0005734	-0.0005276	-0.0004757	-0.0003649	-0.0002489	-0.0000735	+0.0001342	+0.0004018	+0.0007045	+0.0010062	+0.0012842	+0.0015759	+0.0018719	+0.0021613	+0.0023410	+0.0025615	+0.0028027	+0.0028898	+0.0031469
2015-01	0.004	-0.0069393	-0.0065206	-0.0059814	-0.0054969	-0.0049024	-0.0043222	-0.0036628	-0.0029209	-0.0021673	-0.0013643	-0.0005771	+0.0002173	+0.0009922	+0.0016876	+0.0023211	+0.0028837	+0.0034423	+0.0039178	+0.0043034	+0.0046439	+0.0049715
2015-02	0.004	-0.0011762	-0.0010611	-0.0009107	-0.0007678	-0.0005671	-0.0003016	-0.0000485	+0.0003622	+0.0007425	+0.0011821	+0.0015141	+0.0020086	+0.0025489	+0.0028275	+0.0031754	+0.0034284	+0.0039460	+0.0042008	+0.0045322	+0.0045944	+0.0046706
