2011-02	-0.007	-0.0067546	-0.0064310	-0.0060475	-0.0059422	-0.0054528	-0.0049949	-0.0042261	-0.0035505	-0.0029040	-0.0021646	-0.0013133	-0.0004520	+0.0002747	+0.0010201	+0.0016401	+0.0024530	+0.0029697	+0.0033203	+0.0039388	+0.0042166	+0.0044842
2011-03	0.030	-0.0094654	-0.0093757	-0.0088030	-0.0079513	-0.0069031	-0.0061039	-0.0051731	-0.0041085	-0.0030512	-0.0015451	-0.0002535	+0.0009939	+0.0020156	+0.0032824	+0.0044759	+0.0052508	+0.0060127	+0.0066730	+0.0070780	+0.0073378	+0.0076543
2011-04	0.074	-0.0095914	-0.0093507	-0.0089892	-0.0084563	-0.0077340	-0.0068613	-0.0057088	-0.0044178	-0.0029431	-0.0013642	+0.0002613	+0.0018411	+0.0034147	+0.0049234	+0.0063716	+0.0079006	+0.0098559	+0.0100000	+0.0100000	+0.0100000	+0.0100000
2011-05	-0.008	-0.0065034	-0.0062441	-0.0055941	-0.0047896	-0.0038428	-0.0029663	-0.0021919	-0.0011401	-0.0000807	+0.0008904	+0.0019071	+0.0029512	+0.0038704	+0.0046427	+0.0054410	+0.0060282	+0.0066483	+0.0070981	+0.0074673	+0.0077181	+0.0079405
2011-06	0.015	-0.0029119	-0.0027114	-0.0025109	-0.0022545	-0.0021001	-0.0017434	-0.0014020	-0.0010530	-0.0007213	-0.0003569	+0.0001067	+0.0004738	+0.0008355	+0.0015737	+0.0025528	+0.0030836	+0.0033790	+0.0035281	+0.0038365	+0.0047933	+0.0057493
2011-07	-0.008	-0.0077626	-0.0074808	-0.0070200	-0.0065090	-0.0058318	-0.0050690	-0.0042690	-0.0033723	-0.0024376	-0.0013424	-0.0002046	+0.0008670	+0.0019357	+0.0030183	+0.0039583	+0.0048101	+0.0055542	+0.0062885	+0.0069643	+0.0075332	+0.0080362
2011-08	-0.144	-0.0093650	-0.0090021	-0.0085872	-0.0078185	-0.0070534	-0.0062629	-0.0055350	-0.0046617	-0.0037332	-0.0025410	-0.0014569	-0.0005207	+0.0005078	+0.0014671	+0.0023005	+0.0030620	+0.0035298	+0.0040693	+0.0043517	+0.0047508	+0.0050201
2011-09	-0.109	-0.0098682	-0.0097750	-0.0095601	-0.0093285	-0.0089564	-0.0083100	-0.0073261	-0.0058470	-0.0037091	-0.0006185	+0.0039966	+0.0100000	+0.0100000	+0.0100000	+0.0100000	+0.0100000	+0.0100000	+0.0100000	+0.0100000	+0.0100000	+0.0100000
2011-10	0.169	-0.0099167	-0.0098534	-0.0097588	-0.0094873	-0.0092165	-0.0089508	-0.0082965	-0.0075357	-0.0063460	-0.0048723	-0.0029721	-0.0007631	+0.0024522	+0.0100000	+0.0100000	+0.0100000	+0.0100000	+0.0100000	+0.0100000	+0.0100000	+0.0100000
2011-11	-0.134	-0.0075565	-0.0071668	-0.0055446	-0.0045042	-0.0028937	-0.0001471	+0.0021196	+0.0047265	+0.0071099	+0.0100000	+0.0100000	+0.0100000	+0.0100000	+0.0100000	+0.0100000	+0.0100000	+0.0100000	+0.0100000	+0.0100000	+0.0100000	+0.0100000
2011-12	-0.016	-0.0098621	-0.0098467	-0.0098386	-0.0096897	-0.0095577	-0.0092961	-0.0087621	-0.0079860	-0.0070322	-0.0053286	+0.0011508	+0.0100000	+0.0100000	+0.0100000	+0.0100000	+0.0100000	+0.0100000	+0.0100000	+0.0100000	+0.0100000	+0.0100000
2012-01	0.078	-0.0097926	-0.0096400	-0.0094337	-0.0092391	-0.0088000	-0.0081639	-0.0073654	-0.0063814	-0.0052234	-0.0039194	-0.0025580	-0.0010897	+0.0004184	+0.0019158	+0.0035738	+0.0060532	+0.0100000	+0.0100000	+0.0100000	+0.0100000	+0.0100000
2012-02	0.137	-0.0055482	-0.0035175	-0.0029455	-0.0019661	-0.0013852	+0.0002471	+0.0011547	+0.0022334	+0.0039012	+0.0049754	+0.0060462	+0.0072071	+0.0081635	+0.0089375	+0.0095701	+0.0100000	+0.0100000	+0.0100000	+0.0100000	+0.0100000	+0.0100000
2012-03	0.028	-0.0079857	-0.0074586	-0.0064475	-0.0022966	-0.0016133	-0.0009987	-0.0003149	+0.0007426	+0.0048349	+0.0058190	+0.0064783	+0.0070437	+0.0075450	+0.0080086	+0.0084109	+0.0087822	+0.0091175	+0.0094192	+0.0096883	+0.0099416	+0.0100000
2012-04	-0.006	-0.0053609	-0.0048443	-0.0044636	-0.0038296	-0.0031958	-0.0024952	-0.0016747	-0.0007330	+0.0003391	+0.0014647	+0.0026971	+0.0039732	+0.0052218	+0.0064972	+0.0076620	+0.0087913	+0.0097769	+0.0100000	+0.0100000	+0.0100000	+0.0100000
2012-05	-0.145	-0.0091919	-0.0087517	-0.0085335	-0.0079116	-0.0069612	-0.0062897	-0.0055844	-0.0044976	-0.0035770	-0.0023837	-0.0014747	-0.0003525	+0.0005166	+0.0015679	+0.0024158	+0.0029459	+0.0038969	+0.0047007	+0.0051998	+0.0071520	+0.0100000
2012-06	-0.041	-0.0099303	-0.0098987	-0.0098433	-0.0097479	-0.0095894	-0.0092906	-0.0089535	-0.0085153	-0.0079411	-0.0072001	-0.0062045	-0.0047040	-0.0013664	+0.0006062	+0.0032991	+0.0100000	+0.0100000	+0.0100000	+0.0100000	+0.0100000	+0.0100000
2012-07	0.052	-0.0068676	-0.0063585	-0.0057973	-0.0051810	-0.0045361	-0.0038435	-0.0030165	-0.0021921	-0.0012479	-0.0003125	+0.0006637	+0.0016618	+0.0025825	+0.0034692	+0.0042899	+0.0050649	+0.0057293	+0.0063146	+0.0069186	+0.0074071	+0.0078479
2012-08	0.033	-0.0090812	-0.0085935	-0.0082360	-0.0075429	-0.0069577	-0.0062255	-0.0053035	-0.0043996	-0.0033935	-0.0023657	-0.0013040	-0.0002696	+0.0007131	+0.0016442	+0.0024690	+0.0032509	+0.0039010	+0.0045869	+0.0051684	+0.0058609	+0.0069444
2012-09	-0.003	-0.0051806	-0.0044111	-0.0036414	-0.0029209	-0.0021556	-0.0013424	-0.0005045	+0.0004479	+0.0013567	+0.0022683	+0.0031127	+0.0039045	+0.0046688	+0.0053885	+0.0060400	+0.0065934	+0.0071500	+0.0076256	+0.0081164	+0.0084974	+0.0089261
2012-10	0.062	-0.0089500	-0.0084538	-0.0078979	-0.0062461	-0.0058408	-0.0052780	-0.0047640	-0.0035398	-0.0020016	-0.0012959	-0.0005155	+0.0009247	+0.0020951	+0.0027176	+0.0032841	+0.0038642	+0.0043138	+0.0047107	+0.0049686	+0.0055029	+0.0057875
2012-11	0.104	-0.0052126	-0.0043484	-0.0038868	-0.0033089	-0.0027828	-0.0019054	-0.0010872	-0.0003763	+0.0004834	+0.0014315	+0.0023396	+0.0032248	+0.0042032	+0.0051514	+0.0058675	+0.0066684	+0.0074281	+0.0080428	+0.0087358	+0.0092351	+0.0096172
2012-12	0.062	-0.0069327	-0.0062025	-0.0055208	-0.0045558	-0.0036448	-0.0026055	-0.0014891	-0.0002864	+0.0010338	+0.0024581	+0.0038138	+0.0051542	+0.0065268	+0.0077162	+0.0087206	+0.0097654	+0.0100000	+0.0100000	+0.0100000	+0.0100000	+0.0100000
2013-01	0.116	-0.0047589	-0.0040235	-0.0022135	-0.0017020	-0.0011440	-0.0006321	+0.0000287	+0.0012712	+0.0026082	+0.0034301	+0.0040311	+0.0045843	+0.0051088	+0.0055784	+0.0059753	+0.0063930	+0.0066654	+0.0070106	+0.0073013	+0.0074628	+0.0076863
2013-02	-0.010	-0.0031842	-0.0026308	-0.0020169	-0.0013865	-0.0005366	+0.0001641	+0.0009217	+0.0018184	+0.0028022	+0.0036871	+0.0046348	+0.0055189	+0.0064438	+0.0072751	+0.0079281	+0.0086779	+0.0092741	+0.0099169	+0.0100000	+0.0100000	+0.0100000
2013-03	-0.005	-0.0079384	-0.0074113	-0.0069382	-0.0067000	-0.0059042	-0.0052985	-0.0047320	-0.0039394	-0.0032643	-0.0024757	-0.0016250	-0.0008788	-0.0000809	+0.0005120	+0.0010159	+0.0016996	+0.0022348	+0.0023813	+0.0027240	+0.0028683	+0.0029429
2013-04	0.062	-0.0092758	-0.0089822	-0.0085996	-0.0082745	-0.0077337	-0.0070776	-0.0063675	-0.0053973	-0.0041620	-0.0028753	-0.0018222	-0.0006634	+0.0010178	+0.0021816	+0.0030330	+0.0037785	+0.0050907	+0.0062206	+0.0071147	+0.0076023	+0.0081800
2013-05	0.076	-0.0068173	-0.0063300	-0.0055507	-0.0046268	-0.0036270	-0.0028317	-0.0019565	-0.0007245	+0.0006139	+0.0018320	+0.0031414	+0.0045898	+0.0058300	+0.0069441	+0.0080267	+0.0091184	+0.0100000	+0.0100000	+0.0100000	+0.0100000	+0.0100000
2013-06	-0.080	-0.0075502	-0.0070580	-0.0062064	-0.0052364	-0.0043301	-0.0034126	-0.0020876	-0.0009977	+0.0002646	+0.0016805	+0.0028753	+0.0042676	+0.0054319	+0.0064987	+0.0075562	+0.0085136	+0.0092597	+0.0098158	+0.0100000	+0.0100000	+0.0100000
2013-07	0.057	-0.0093681	-0.0091567	-0.0088348	-0.0085694	-0.0081223	-0.0077335	-0.0072225	-0.0066504	-0.0060569	-0.0054404	-0.0047710	-0.0040086	-0.0030214	-0.0008376	+0.0012539	+0.0021853	+0.0029024	+0.0037929	+0.0060496	+0.0084628	+0.0100000
2013-08	0.007	-0.0038786	-0.0032656	-0.0026199	-0.0019378	-0.0013630	-0.0007758	-0.0001635	+0.0005354	+0.0013160	+0.0020173	+0.0026224	+0.0031536	+0.0036112	+0.0040154	+0.0043879	+0.0047083	+0.0050195	+0.0052575	+0.0055264	+0.0057028	+0.0059013
2013-09	0.042	-0.0044985	-0.0041329	-0.0038478	-0.0034481	-0.0030551	-0.0026414	-0.0021489	-0.0016614	-0.0011656	-0.0005995	-0.0001020	+0.0004123	+0.0009434	+0.0013478	+0.0016930	+0.0021172	+0.0024789	+0.0027137	+0.0028899	+0.0030252	+0.0031259
2013-10	0.027	-0.0093656	-0.0075306	-0.0062776	-0.0053706	-0.0047025	-0.0039503	-0.0027413	-0.0015050	+0.0008456	+0.0023306	+0.0031676	+0.0039439	+0.0048634	+0.0056236	+0.0058498	+0.0062870	+0.0064118	+0.0068104	+0.0069312	+0.0074246	+0.0075840
2013-11	0.054	-0.0027253	-0.0024368	-0.0021593	-0.0018559	-0.0014985	-0.0011062	-0.0006432	-0.0001979	+0.0002924	+0.0008297	+0.0013858	+0.0019013	+0.0024313	+0.0029071	+0.0033419	+0.0037376	+0.0041126	+0.0044601	+0.0047619	+0.0050168	+0.0052578
2013-12	0.024	-0.0032130	-0.0023454	-0.0009166	-0.0006937	-0.0003750	+0.0000800	+0.0006915	+0.0019474	+0.0027691	+0.0032830	+0.0037506	+0.0041506	+0.0045244	+0.0048785	+0.0052328	+0.0055309	+0.0058171	+0.0060888	+0.0062901	+0.0064317	+0.0068252
2014-01	-0.077	-0.0012663	-0.0011960	-0.0010078	-0.0008308	-0.0006149	-0.0003010	+0.0000586	+0.0004485	+0.0008216	+0.0012110	+0.0017118	+0.0021587	+0.0025270	+0.0028956	+0.0032667	+0.0036571	+0.0039994	+0.0041765	+0.0043346	+0.0044009	+0.0044368
2014-02	0.051	-0.0096138	-0.0095892	-0.0084538	-0.0084175	-0.0079595	-0.0072167	-0.0067631	-0.0057921	-0.0051777	-0.0041125	-0.0032202	-0.0024604	-0.0014798	-0.0008160	+0.0000355	+0.0007547	+0.0014541	+0.0018954	+0.0026244	+0.0031492	+0.0035543
2014-03	-0.012	-0.0049330	-0.0025784	-0.0017924	-0.0016407	-0.0012764	-0.0006872	+0.0009106	+0.0019161	+0.0025951	+0.0034062	+0.0043951	+0.0050929	+0.0057203	+0.0064341	+0.0073319	+0.0078138	+0.0081581	+0.0088081	+0.0090980	+0.0093742	+0.0100000
2014-04	0.010	-0.0073784	-0.0069281	-0.0066804	-0.0061204	-0.0055959	-0.0050441	-0.0044443	-0.0037949	-0.0030993	-0.0023777	-0.0016086	-0.0008798	-0.0001651	+0.0004541	+0.0010413	+0.0015596	+0.0019974	+0.0023817	+0.0027295	+0.0030386	+0.0032576
2014-05	0.005	-0.0035025	-0.0032320	-0.0029938	-0.0027203	-0.0023865	-0.0020614	-0.0016782	-0.0012903	-0.0008842	-0.0004315	+0.0000320	+0.0004655	+0.0008529	+0.0012549	+0.0016084	+0.0019008	+0.0021911	+0.0024134	+0.0026058	+0.0028136	+0.0029452
2014-06	-0.006	-0.0012304	-0.0010935	-0.0009092	-0.0007499	-0.0005445	-0.0003361	-0.0000397	+0.0002435	+0.0005330	+0.0008724	+0.0012177	+0.0015533	+0.0018862	+0.0021938	+0.0024731	+0.0027387	+0.0029336	+0.0031322	+0.0033111	+0.0034642	+0.0035837
2014-07	-0.025	-0.0024157	-0.0023369	-0.0022018	-0.0020776	-0.0019597	-0.0018178	-0.0016403	-0.0014606	-0.0012637	-0.0010410	-0.0008232	-0.0005877	-0.0003729	-0.0001602	+0.0000279	+0.0002116	+0.0003759	+0.0005209	+0.0006631	+0.0007949	+0.0009084
2014-08	-0.011	-0.0045211	-0.0043561	-0.0041951	-0.0040045	-0.0038004	-0.0035592	-0.0033191	-0.0030573	-0.0027669	-0.0024581	-0.0021397	-0.0018019	-0.0014547	-0.0010998	-0.0007478	-0.0003931	-0.0000917	+0.0001839	+0.0004686	+0.0007546	+0.0011067
2014-09	-0.025	-0.0029872	-0.0027200	-0.0024161	-0.0020899	-0.0017299	-0.0013433	-0.0009219	-0.0004937	-0.0000138	+0.0004602	+0.0009710	+0.0014484	+0.0019147	+0.0023230	+0.0027014	+0.0030597	+0.0033479	+0.0036166	+0.0038380	+0.0040646	+0.0041714
2014-10	-0.001	-0.0059884	-0.0055325	-0.0052585	-0.0048911	-0.0044749	-0.0040082	-0.0035949	-0.0030823	-0.0025415	-0.0020256	-0.0014812	-0.0009609	-0.0004617	-0.0000244	+0.0003190	+0.0005842	+0.0007311	+0.0009215	+0.0011012	+0.0011759	+0.0012309
2014-11	0.114	-0.0075752	-0.0072037	-0.0065605	-0.0060035	-0.0052387	-0.0044187	-0.0036231	-0.0027539	-0.0017219	-0.0006791	+0.0003242	+0.0014386	+0.0025154	+0.0033407	+0.0041677	+0.0050388	+0.0057207	+0.0063008	+0.0067288	+0.0071832	+0.0074878
2014-12	-0.000	-0.0040911	-0.0038965	-0.0005114	+0.0001991	+0.0007106	+0.0009061	+0.0013128	+0.0017870	+0.0053041	+0.0058607	+0.0061833	+0.0065080	+0.0067198	+0.0069463	+0.0071702	+0.0073336	+0.0074448	+0.0075687	+0.0077943	+0.0078934	+0.0079699
2015-01	-0.028	-0.0079731	-0.0075098	-0.0070195	-0.0063290	-0.0056624	-0.0049914	-0.0042331	-0.0033286	-0.0024794	-0.0014976	-0.0005133	+0.0003945	+0.0013665	+0.0021654	+0.0029356	+0.0037269	+0.0043300	+0.0048350	+0.0053184	+0.0059721	+0.0063885
2015-02	-0.000	-0.0051456	-0.0046081	-0.0044361	-0.0036725	-0.0032293	-0.0024913	-0.0019301	-0.0011974	-0.0003827	+0.0003409	+0.0011920	+0.0020103	+0.0027138	+0.0034394	+0.0040826	+0.0046568	+0.0050458	+0.0053508	+0.0056537	+0.0059405	+0.0062434
