2011-02	-0.029	-0.0057615	-0.0055472	-0.0052974	-0.0051214	-0.0048538	-0.0045776	-0.0041747	-0.0038372	-0.0033743	-0.0027858	-0.0022830	-0.0015552	-0.0007039	-0.0002784	+0.0005803	+0.0008618	+0.0017217	+0.0020387	+0.0029130	+0.0030735	+0.0039477
2011-03	0.061	-0.0076184	-0.0073149	-0.0069206	-0.0063663	-0.0058632	-0.0052663	-0.0046155	-0.0038416	-0.0030592	-0.0022327	-0.0013610	-0.0004876	+0.0003521	+0.0012223	+0.0019024	+0.0026814	+0.0031952	+0.0037958	+0.0042564	+0.0048178	+0.0053184
2011-04	0.002	-0.0086949	-0.0082880	-0.0075983	-0.0069852	-0.0060816	-0.0051862	-0.0041357	-0.0030140	-0.0017923	-0.0005102	+0.0007485	+0.0020599	+0.0031887	+0.0042591	+0.0053008	+0.0060722	+0.0068664	+0.0076290	+0.0081290	+0.0084958	+0.0090562
2011-05	-0.064	-0.0063853	-0.0059608	-0.0058914	-0.0056993	-0.0052690	-0.0047100	-0.0042780	-0.0039294	-0.0034889	-0.0027570	-0.0022212	-0.0017723	-0.0004806	+0.0002811	+0.0015262	+0.0020068	+0.0023026	+0.0038619	+0.0041545	+0.0053236	+0.0059335
2011-06	-0.031	-0.0062217	-0.0057721	-0.0056290	-0.0052400	-0.0047450	-0.0042635	-0.0038969	-0.0033476	-0.0026976	-0.0019990	-0.0013439	-0.0006718	+0.0001224	+0.0007698	+0.0012969	+0.0020672	+0.0026829	+0.0031868	+0.0034982	+0.0040021	+0.0048055
2011-07	-0.017	-0.0097098	-0.0095367	-0.0092648	-0.0089504	-0.0084985	-0.0078966	-0.0070770	-0.0059985	-0.0048093	-0.0035787	-0.0022404	-0.0007281	+0.0007586	+0.0021533	+0.0035950	+0.0050460	+0.0064460	+0.0081281	+0.0100000	+0.0100000	+0.0100000
2011-08	-0.130	-0.0095266	-0.0094255	-0.0092404	-0.0086553	-0.0080875	-0.0073936	-0.0067892	-0.0060897	-0.0050886	-0.0039735	-0.0029961	-0.0018807	-0.0009115	+0.0001868	+0.0011944	+0.0020525	+0.0028435	+0.0039638	+0.0100000	+0.0100000	+0.0100000
2011-09	-0.129	-0.0098979	-0.0098085	-0.0096769	-0.0094308	-0.0091230	-0.0086046	-0.0078599	-0.0068204	-0.0052621	-0.0030886	-0.0001077	+0.0057380	+0.0100000	+0.0100000	+0.0100000	+0.0100000	+0.0100000	+0.0100000	+0.0100000	+0.0100000	+0.0100000
2011-10	0.114	-0.0099473	-0.0099172	-0.0098146	-0.0097280	-0.0095462	-0.0092575	-0.0087283	-0.0079682	-0.0066284	-0.0018381	+0.0100000	+0.0100000	+0.0100000	+0.0100000	+0.0100000	+0.0100000	+0.0100000	+0.0100000	+0.0100000	+0.0100000	+0.0100000
2011-11	-0.063	-0.0073587	-0.0063167	-0.0053124	-0.0043484	-0.0031740	-0.0018023	-0.0001481	+0.0015481	+0.0034525	+0.0054777	+0.0075442	+0.0096291	+0.0100000	+0.0100000	+0.0100000	+0.0100000	+0.0100000	+0.0100000	+0.0100000	+0.0100000	+0.0100000
2011-12	-0.026	-0.0099016	-0.0098332	-0.0097531	-0.0095454	-0.0092848	-0.0088781	-0.0083349	-0.0076807	-0.0067846	-0.0057332	-0.0044735	-0.0029249	-0.0007057	+0.0022799	+0.0096650	+0.0100000	+0.0100000	+0.0100000	+0.0100000	+0.0100000	+0.0100000
2012-01	0.054	-0.0083748	-0.0080880	-0.0077008	-0.0072964	-0.0065282	-0.0060684	-0.0054515	-0.0045381	-0.0038742	-0.0028868	-0.0020984	-0.0010939	-0.0002920	+0.0006796	+0.0014133	+0.0021000	+0.0028770	+0.0033614	+0.0040750	+0.0046233	+0.0051709
2012-02	0.123	-0.0055543	-0.0050855	-0.0035034	-0.0024092	-0.0015734	-0.0005661	-0.0000169	+0.0011551	+0.0027467	+0.0041181	+0.0048946	+0.0055859	+0.0060736	+0.0066711	+0.0071678	+0.0075496	+0.0081093	+0.0084861	+0.0088020	+0.0089317	+0.0097396
2012-03	-0.049	-0.0055305	-0.0050517	-0.0042637	-0.0006545	-0.0000493	+0.0004378	+0.0010804	+0.0019883	+0.0054586	+0.0063271	+0.0069213	+0.0074315	+0.0078761	+0.0082628	+0.0086372	+0.0089627	+0.0092657	+0.0095166	+0.0097687	+0.0099699	+0.0100000
2012-04	0.026	-0.0085315	-0.0081000	-0.0077400	-0.0072928	-0.0067298	-0.0060823	-0.0052945	-0.0044614	-0.0035419	-0.0024971	-0.0014204	-0.0003308	+0.0007533	+0.0017264	+0.0027385	+0.0036020	+0.0044526	+0.0051807	+0.0058205	+0.0064501	+0.0070913
2012-05	-0.106	-0.0050315	-0.0043899	-0.0040419	-0.0035219	-0.0032632	-0.0027077	-0.0021120	-0.0016182	-0.0010468	-0.0003333	+0.0003806	+0.0010833	+0.0017061	+0.0024611	+0.0031564	+0.0037952	+0.0041160	+0.0047548	+0.0051641	+0.0055454	+0.0061160
2012-06	-0.005	-0.0098971	-0.0098247	-0.0097282	-0.0095803	-0.0093614	-0.0090643	-0.0086542	-0.0080798	-0.0073724	-0.0065395	-0.0054680	-0.0039075	-0.0020159	-0.0002029	+0.0017912	+0.0058805	+0.0100000	+0.0100000	+0.0100000	+0.0100000	+0.0100000
2012-07	-0.028	-0.0054640	-0.0049732	-0.0043863	-0.0038037	-0.0032424	-0.0026272	-0.0018626	-0.0010123	-0.0001995	+0.0006484	+0.0015893	+0.0024893	+0.0033039	+0.0040663	+0.0047904	+0.0054446	+0.0059696	+0.0063968	+0.0067775	+0.0071184	+0.0073773
2012-08	0.000	-0.0077573	-0.0075480	-0.0072917	-0.0070271	-0.0067336	-0.0064037	-0.0060411	-0.0056500	-0.0052092	-0.0047352	-0.0042276	-0.0036393	-0.0029640	-0.0021900	-0.0014393	-0.0008069	-0.0002429	+0.0003140	+0.0009719	+0.0017603	+0.0022652
2012-09	0.022	-0.0047067	-0.0043509	-0.0040872	-0.0038694	-0.0035466	-0.0031081	-0.0026808	-0.0022456	-0.0016798	-0.0011573	-0.0005746	-0.0000040	+0.0005627	+0.0011331	+0.0015737	+0.0020804	+0.0024890	+0.0028106	+0.0031915	+0.0035753	+0.0038175
2012-10	0.064	-0.0042185	-0.0038342	-0.0032250	-0.0028048	-0.0021301	-0.0017458	-0.0011365	-0.0003892	+0.0004840	+0.0010651	+0.0017410	+0.0027577	+0.0033355	+0.0038484	+0.0043464	+0.0048738	+0.0052632	+0.0056211	+0.0059400	+0.0062694	+0.0067443
2012-11	0.040	-0.0052259	-0.0044930	-0.0036659	-0.0028825	-0.0019636	-0.0011128	-0.0002406	+0.0007311	+0.0017546	+0.0028053	+0.0037007	+0.0044531	+0.0050892	+0.0056730	+0.0061644	+0.0065753	+0.0068959	+0.0072128	+0.0074713	+0.0076901	+0.0079361
2012-12	0.111	-0.0059176	-0.0055298	-0.0050723	-0.0045823	-0.0040360	-0.0034463	-0.0027747	-0.0020379	-0.0012399	-0.0003916	+0.0004738	+0.0013572	+0.0021868	+0.0029969	+0.0037060	+0.0043639	+0.0049488	+0.0054802	+0.0059580	+0.0063396	+0.0067092
2013-01	0.130	-0.0063007	-0.0059271	-0.0012957	-0.0010122	-0.0005602	-0.0002348	+0.0003470	+0.0014816	+0.0054286	+0.0059724	+0.0064647	+0.0069044	+0.0072604	+0.0076797	+0.0079981	+0.0083023	+0.0087008	+0.0089789	+0.0090894	+0.0093069	+0.0097085
2013-02	-0.046	-0.0048312	-0.0043541	-0.0016585	-0.0012261	-0.0007776	-0.0003364	+0.0001339	+0.0012065	+0.0036276	+0.0041545	+0.0045981	+0.0050279	+0.0053961	+0.0056927	+0.0059604	+0.0062360	+0.0064370	+0.0066537	+0.0067677	+0.0069079	+0.0069673
2013-03	-0.011	-0.0096248	-0.0090403	-0.0087204	-0.0083390	-0.0078037	-0.0071816	-0.0063195	-0.0056489	-0.0046657	-0.0037873	-0.0030289	-0.0020021	-0.0012953	-0.0005811	+0.0001581	+0.0006075	+0.0010041	+0.0012847	+0.0015572	+0.0018877	+0.0100000
2013-04	0.034	-0.0085896	-0.0083223	-0.0079200	-0.0074845	-0.0067517	-0.0060861	-0.0053161	-0.0045067	-0.0036304	-0.0025718	-0.0016769	-0.0006840	+0.0003592	+0.0012305	+0.0020432	+0.0027829	+0.0034789	+0.0040335	+0.0047199	+0.0053135	+0.0054333
2013-05	0.049	-0.0052149	-0.0046676	-0.0041313	-0.0035504	-0.0028212	-0.0020314	-0.0011738	-0.0002467	+0.0007481	+0.0017897	+0.0028259	+0.0038555	+0.0048083	+0.0056794	+0.0065380	+0.0072442	+0.0079167	+0.0084508	+0.0089977	+0.0094246	+0.0097821
2013-06	-0.130	-0.0069051	-0.0064140	-0.0058555	-0.0052468	-0.0045672	-0.0038721	-0.0030150	-0.0021230	-0.0011302	-0.0001066	+0.0010440	+0.0021205	+0.0031455	+0.0042744	+0.0050948	+0.0061942	+0.0069774	+0.0076494	+0.0084680	+0.0092323	+0.0095800
2013-07	0.042	-0.0099163	-0.0098656	-0.0098268	-0.0097621	-0.0094723	-0.0092065	-0.0088486	-0.0082286	-0.0073454	-0.0059195	-0.0015355	+0.0037882	+0.0100000	+0.0100000	+0.0100000	+0.0100000	+0.0100000	+0.0100000	+0.0100000	+0.0100000	+0.0100000
2013-08	0.020	-0.0033430	-0.0030368	-0.0025853	-0.0022154	-0.0017940	-0.0013268	-0.0008127	-0.0002604	+0.0003288	+0.0009448	+0.0015787	+0.0022059	+0.0028073	+0.0033817	+0.0039117	+0.0043916	+0.0048198	+0.0052173	+0.0056025	+0.0058802	+0.0062019
2013-09	0.047	-0.0051849	-0.0047823	-0.0044289	-0.0040621	-0.0036149	-0.0030876	-0.0024978	-0.0018182	-0.0009818	-0.0001129	+0.0007745	+0.0016536	+0.0026270	+0.0036100	+0.0043142	+0.0050282	+0.0060653	+0.0066024	+0.0070523	+0.0073445	+0.0082382
2013-10	0.014	-0.0088619	-0.0063492	-0.0058461	-0.0055512	-0.0051888	-0.0034881	-0.0023959	-0.0016916	-0.0010568	+0.0006339	+0.0014686	+0.0024814	+0.0036996	+0.0046325	+0.0053702	+0.0062123	+0.0071072	+0.0072856	+0.0081805	+0.0088441	+0.0089633
2013-11	0.066	-0.0061857	-0.0051206	-0.0049281	-0.0045053	-0.0041185	-0.0035082	-0.0028146	-0.0021873	-0.0015391	-0.0007797	-0.0000073	+0.0007003	+0.0013959	+0.0020551	+0.0026498	+0.0031754	+0.0035860	+0.0039998	+0.0042990	+0.0045770	+0.0048559
2013-12	0.004	-0.0054245	-0.0051935	-0.0040677	-0.0034901	-0.0023145	-0.0015295	-0.0004676	+0.0008911	+0.0020566	+0.0031408	+0.0044453	+0.0057728	+0.0068461	+0.0079840	+0.0089059	+0.0098190	+0.0100000	+0.0100000	+0.0100000	+0.0100000	+0.0100000
2014-01	-0.071	-0.0059162	-0.0055858	-0.0051477	-0.0047666	-0.0043284	-0.0038837	-0.0033508	-0.0028130	-0.0022355	-0.0016561	-0.0009998	-0.0004439	+0.0001437	+0.0007687	+0.0012123	+0.0015493	+0.0020306	+0.0024068	+0.0027199	+0.0028792	+0.0031582
2014-02	-0.010	-0.0082098	-0.0078343	-0.0077456	-0.0073136	-0.0068411	-0.0062352	-0.0056357	-0.0049635	-0.0041999	-0.0034635	-0.0026247	-0.0017798	-0.0009573	-0.0001843	+0.0005210	+0.0011130	+0.0017950	+0.0022566	+0.0026899	+0.0031314	+0.0034747
2014-03	-0.009	-0.0051132	-0.0045978	-0.0041510	-0.0037328	-0.0031719	-0.0026095	-0.0019687	-0.0012965	-0.0005488	+0.0001968	+0.0009946	+0.0017710	+0.0025130	+0.0031930	+0.0038281	+0.0044079	+0.0048901	+0.0053955	+0.0057494	+0.0061313	+0.0064254
2014-04	-0.008	-0.0093174	-0.0088235	-0.0081574	-0.0076192	-0.0070498	-0.0062597	-0.0055553	-0.0045478	-0.0036605	-0.0026333	-0.0015141	-0.0004839	+0.0005059	+0.0014442	+0.0022325	+0.0030371	+0.0037855	+0.0043806	+0.0047993	+0.0052902	+0.0055401
2014-05	0.015	-0.0034392	-0.0032502	-0.0030674	-0.0028746	-0.0026594	-0.0024123	-0.0021734	-0.0019294	-0.0016649	-0.0013901	-0.0011199	-0.0008722	-0.0006473	-0.0004419	-0.0002612	-0.0000747	+0.0000593	+0.0001789	+0.0003372	+0.0004642	+0.0005379
2014-06	0.016	-0.0020579	-0.0017790	-0.0012514	-0.0007714	-0.0002576	+0.0000397	+0.0005627	+0.0011774	+0.0017817	+0.0022629	+0.0027839	+0.0031368	+0.0034614	+0.0038061	+0.0040850	+0.0043040	+0.0044717	+0.0046596	+0.0047447	+0.0049005	+0.0049772
2014-07	0.086	-0.0031392	-0.0029611	-0.0027792	-0.0024480	-0.0021694	-0.0018755	-0.0014966	-0.0011365	-0.0007341	-0.0002996	+0.0001366	+0.0005535	+0.0009732	+0.0013574	+0.0017072	+0.0020273	+0.0022978	+0.0025276	+0.0027601	+0.0029455	+0.0031130
2014-08	0.016	-0.0033783	-0.0026673	-0.0020498	-0.0015662	-0.0010020	-0.0003832	+0.0003524	+0.0010869	+0.0018062	+0.0025229	+0.0032000	+0.0038508	+0.0044609	+0.0050721	+0.0055858	+0.0060983	+0.0065502	+0.0069809	+0.0073796	+0.0076866	+0.0080740
2014-09	0.027	-0.0025488	-0.0021973	-0.0019021	-0.0014928	-0.0010741	-0.0006517	-0.0001934	+0.0002839	+0.0008250	+0.0013705	+0.0018840	+0.0023965	+0.0028991	+0.0033372	+0.0037069	+0.0040391	+0.0043444	+0.0045957	+0.0048226	+0.0050333	+0.0052004
2014-10	0.002	-0.0053276	-0.0048627	-0.0046312	-0.0041952	-0.0035869	-0.0032794	-0.0027522	-0.0021758	-0.0016448	-0.0009455	-0.0002276	+0.0005854	+0.0014235	+0.0021572	+0.0028675	+0.0035080	+0.0043365	+0.0049014	+0.0055710	+0.0058277	+0.0061172
2014-11	0.094	-0.0064108	-0.0060085	-0.0055526	-0.0051172	-0.0046235	-0.0040829	-0.0034340	-0.0027648	-0.0020242	-0.0012670	-0.0005184	+0.0003072	+0.0010115	+0.0016722	+0.0023028	+0.0028514	+0.0033499	+0.0038020	+0.0041934	+0.0044813	+0.0048278
2014-12	0.029	-0.0010094	-0.0002808	-0.0001001	+0.0000864	+0.0004963	+0.0009100	+0.0012243	+0.0017258	+0.0021863	+0.0025796	+0.0031761	+0.0035635	+0.0041830	+0.0045859	+0.0050008	+0.0054998	+0.0058182	+0.0062722	+0.0066797	+0.0068603	+0.0070872
2015-01	0.008	-0.0070293	-0.0065088	-0.0058856	-0.0052549	-0.0045017	-0.0037147	-0.0028699	-0.0020170	-0.0011431	-0.0002458	+0.0006502	+0.0015075	+0.0022901	+0.0029821	+0.0036021	+0.0041385	+0.0045458	+0.0049723	+0.0053147	+0.0056201	+0.0058800
2015-02	-0.003	-0.0059873	-0.0047833	-0.0041193	-0.0038791	-0.0037774	-0.0029262	-0.0021219	-0.0014450	-0.0009872	-0.0001306	+0.0004040	+0.0011416	+0.0017372	+0.0023614	+0.0029760	+0.0033667	+0.0038819	+0.0044296	+0.0047556	+0.0051278	+0.0053640
