2011-02	0.014	-0.0043198	-0.0036817	-0.0035240	-0.0032725	-0.0029200	-0.0023727	-0.0019636	-0.0015224	-0.0009983	-0.0005072	-0.0000706	+0.0004498	+0.0009306	+0.0014060	+0.0018057	+0.0021892	+0.0025010	+0.0029487	+0.0032064	+0.0037181	+0.0037655
2011-03	-0.106	-0.0028256	-0.0025342	-0.0024889	-0.0021989	-0.0020311	-0.0017177	-0.0014846	-0.0011409	-0.0008325	-0.0005044	-0.0000850	+0.0003138	+0.0006637	+0.0009636	+0.0013455	+0.0015409	+0.0018715	+0.0020274	+0.0022090	+0.0024038	+0.0025002
2011-04	0.005	-0.0097732	-0.0096586	-0.0094652	-0.0091727	-0.0087777	-0.0080270	-0.0070397	-0.0058260	-0.0042758	-0.0017254	+0.0017855	+0.0079147	+0.0100000	+0.0100000	+0.0100000	+0.0100000	+0.0100000	+0.0100000	+0.0100000	+0.0100000	+0.0100000
2011-05	-0.008	-0.0016150	-0.0015342	-0.0015043	-0.0014183	-0.0013174	-0.0011705	-0.0009703	-0.0007574	-0.0005583	-0.0003241	-0.0000448	+0.0002025	+0.0004916	+0.0007166	+0.0009397	+0.0011950	+0.0013752	+0.0015323	+0.0018140	+0.0019584	+0.0020167
2011-06	0.009	-0.0017577	-0.0015710	-0.0015305	-0.0014871	-0.0014296	-0.0013130	-0.0012000	-0.0011193	-0.0010027	-0.0008613	-0.0007020	-0.0004480	-0.0000857	+0.0003235	+0.0005411	+0.0007142	+0.0008952	+0.0012439	+0.0015479	+0.0018837	+0.0020430
2011-07	-0.000	-0.0008435	-0.0007666	-0.0006512	-0.0005649	-0.0004407	-0.0003126	-0.0001688	-0.0000110	+0.0001573	+0.0003334	+0.0005115	+0.0006910	+0.0008656	+0.0010246	+0.0011694	+0.0013010	+0.0014203	+0.0015264	+0.0016207	+0.0017089	+0.0017899
2011-08	-0.050	-0.0012702	-0.0011902	-0.0010962	-0.0010066	-0.0008715	-0.0007833	-0.0006408	-0.0005012	-0.0003487	-0.0001796	-0.0000146	+0.0001640	+0.0003204	+0.0004789	+0.0006140	+0.0007632	+0.0008774	+0.0009715	+0.0011480	+0.0012191	+0.0012567
2011-09	-0.047	-0.0075954	-0.0073170	-0.0069552	-0.0066017	-0.0062131	-0.0057691	-0.0052862	-0.0047473	-0.0041670	-0.0034919	-0.0027733	-0.0019603	-0.0010445	-0.0000031	+0.0010520	+0.0019308	+0.0027049	+0.0034602	+0.0042847	+0.0052156	+0.0060375
2011-10	-0.004	-0.0052878	-0.0051635	-0.0049979	-0.0047775	-0.0046214	-0.0043299	-0.0040454	-0.0037832	-0.0034843	-0.0031478	-0.0028185	-0.0024790	-0.0021450	-0.0007301	+0.0010043	+0.0014600	+0.0017421	+0.0019317	+0.0021687	+0.0050218	+0.0056270
2011-11	-0.037	-0.0011462	-0.0011011	-0.0010699	-0.0010214	-0.0009737	-0.0008967	-0.0008228	-0.0006980	-0.0005470	-0.0003867	-0.0002224	-0.0000558	+0.0001112	+0.0002784	+0.0004439	+0.0005798	+0.0006902	+0.0008494	+0.0009436	+0.0010869	+0.0011507
2011-12	0.010	-0.0049209	-0.0048185	-0.0047161	-0.0045291	-0.0043922	-0.0041395	-0.0039412	-0.0036792	-0.0033570	-0.0030075	-0.0025266	-0.0020283	-0.0013982	-0.0004902	+0.0002117	+0.0007708	+0.0012942	+0.0018039	+0.0021842	+0.0033106	+0.0037244
2012-01	0.002	-0.0011191	-0.0010892	-0.0010520	-0.0010095	-0.0009621	-0.0009133	-0.0008514	-0.0007850	-0.0007056	-0.0006205	-0.0005171	-0.0004137	-0.0002864	-0.0001571	-0.0000372	+0.0000615	+0.0001828	+0.0002925	+0.0003897	+0.0005111	+0.0005718
2012-02	0.088	-0.0004160	-0.0003669	-0.0003021	-0.0002446	-0.0001872	-0.0001141	-0.0000246	+0.0000571	+0.0001468	+0.0002372	+0.0003514	+0.0004476	+0.0005468	+0.0006448	+0.0007263	+0.0007902	+0.0008741	+0.0009377	+0.0009782	+0.0010262	+0.0010855
2012-03	0.035	-0.0048994	-0.0043206	-0.0035327	-0.0009200	-0.0003702	+0.0001830	+0.0007876	+0.0017549	+0.0042215	+0.0050325	+0.0056114	+0.0061086	+0.0065223	+0.0069792	+0.0072833	+0.0077188	+0.0079361	+0.0081345	+0.0085590	+0.0086807	+0.0087785
2012-04	-0.003	-0.0016000	-0.0012488	-0.0009588	-0.0005926	-0.0002475	+0.0001970	+0.0006433	+0.0010899	+0.0016176	+0.0021444	+0.0026938	+0.0032973	+0.0038379	+0.0043718	+0.0049103	+0.0053788	+0.0057981	+0.0061775	+0.0065901	+0.0069024	+0.0072114
2012-05	-0.029	-0.0021619	-0.0020413	-0.0019206	-0.0017353	-0.0015341	-0.0013672	-0.0011757	-0.0009301	-0.0007076	-0.0005024	-0.0002222	-0.0000356	+0.0002007	+0.0003739	+0.0005537	+0.0006758	+0.0008228	+0.0009339	+0.0010672	+0.0010961	+0.0011391
2012-06	0.000	-0.0024456	-0.0023596	-0.0022567	-0.0021769	-0.0020535	-0.0019481	-0.0018014	-0.0016556	-0.0014938	-0.0013125	-0.0011078	-0.0008772	-0.0005812	-0.0001932	+0.0001186	+0.0003591	+0.0005808	+0.0008232	+0.0012219	+0.0014977	+0.0017036
2012-07	-0.045	-0.0004516	-0.0004070	-0.0003678	-0.0003177	-0.0002675	-0.0002116	-0.0001502	-0.0000835	-0.0000113	+0.0000560	+0.0001286	+0.0002009	+0.0002732	+0.0003343	+0.0003962	+0.0004466	+0.0004970	+0.0005523	+0.0005916	+0.0006307	+0.0006647
2012-08	-0.012	-0.0073459	-0.0072196	-0.0070629	-0.0068900	-0.0066962	-0.0064658	-0.0061871	-0.0058682	-0.0054445	-0.0048940	-0.0041932	-0.0033022	-0.0021004	-0.0010865	-0.0003123	+0.0005768	+0.0014340	+0.0025529	+0.0034852	+0.0040821	+0.0046693
2012-09	0.010	-0.0017397	-0.0016128	-0.0014891	-0.0013439	-0.0012023	-0.0010398	-0.0008637	-0.0006767	-0.0004797	-0.0002805	-0.0000759	+0.0001227	+0.0003208	+0.0005008	+0.0006648	+0.0008110	+0.0009501	+0.0010729	+0.0011898	+0.0012734	+0.0013703
2012-10	0.013	-0.0007603	-0.0007344	-0.0005872	-0.0004774	-0.0003529	-0.0002037	-0.0000391	+0.0001252	+0.0003048	+0.0004774	+0.0006629	+0.0008284	+0.0009857	+0.0011107	+0.0012346	+0.0013667	+0.0014388	+0.0015310	+0.0015773	+0.0016336	+0.0016864
2012-11	0.051	-0.0033777	-0.0032321	-0.0029998	-0.0027847	-0.0025419	-0.0021968	-0.0017732	-0.0012396	-0.0006737	-0.0000532	+0.0005339	+0.0012979	+0.0019399	+0.0025982	+0.0031560	+0.0038118	+0.0042822	+0.0049086	+0.0051721	+0.0056372	+0.0061658
2012-12	0.108	-0.0059989	-0.0053618	-0.0048218	-0.0041531	-0.0033636	-0.0025644	-0.0016422	-0.0006504	+0.0004480	+0.0015780	+0.0027452	+0.0039267	+0.0050294	+0.0060616	+0.0070502	+0.0079020	+0.0086805	+0.0093787	+0.0099988	+0.0100000	+0.0100000
2013-01	0.079	-0.0063247	-0.0053788	-0.0025030	-0.0015836	-0.0009783	-0.0000740	+0.0008890	+0.0023634	+0.0049169	+0.0061102	+0.0069966	+0.0077369	+0.0084159	+0.0090211	+0.0095448	+0.0099704	+0.0100000	+0.0100000	+0.0100000	+0.0100000	+0.0100000
2013-02	0.029	-0.0015852	-0.0015027	-0.0009886	-0.0007360	-0.0002800	+0.0000909	+0.0006050	+0.0011196	+0.0017097	+0.0023051	+0.0029032	+0.0035530	+0.0041945	+0.0048382	+0.0054809	+0.0060831	+0.0066937	+0.0071342	+0.0076457	+0.0080701	+0.0085817
2013-03	0.039	-0.0037495	-0.0033734	-0.0031094	-0.0026806	-0.0023891	-0.0019912	-0.0015549	-0.0010903	-0.0006053	-0.0000879	+0.0004275	+0.0009418	+0.0014856	+0.0020089	+0.0025281	+0.0030275	+0.0033738	+0.0037479	+0.0041996	+0.0045975	+0.0050529
2013-04	0.100	-0.0035075	-0.0026904	-0.0019914	-0.0015401	-0.0011266	-0.0006973	-0.0002041	+0.0005908	+0.0012870	+0.0017901	+0.0022627	+0.0026891	+0.0030424	+0.0034126	+0.0037091	+0.0039850	+0.0041926	+0.0044312	+0.0045864	+0.0048593	+0.0048735
2013-05	-0.025	-0.0078016	-0.0064843	-0.0046087	-0.0038812	-0.0031819	-0.0020452	-0.0005222	+0.0017918	+0.0037975	+0.0052408	+0.0065876	+0.0077261	+0.0088245	+0.0099612	+0.0100000	+0.0100000	+0.0100000	+0.0100000	+0.0100000	+0.0100000	+0.0100000
2013-06	0.018	-0.0096746	-0.0094944	-0.0091946	-0.0088186	-0.0083066	-0.0075637	-0.0066127	-0.0053654	-0.0039791	-0.0026255	-0.0010821	+0.0006980	+0.0021026	+0.0036567	+0.0051094	+0.0072559	+0.0100000	+0.0100000	+0.0100000	+0.0100000	+0.0100000
2013-07	0.009	-0.0051553	-0.0049197	-0.0044134	-0.0038629	-0.0035069	-0.0030006	-0.0024468	-0.0016254	-0.0009756	-0.0001404	+0.0008186	+0.0017129	+0.0025772	+0.0035928	+0.0042328	+0.0050146	+0.0058435	+0.0065870	+0.0070474	+0.0076459	+0.0081259
2013-08	-0.019	-0.0014491	-0.0013061	-0.0012218	-0.0011236	-0.0009713	-0.0008031	-0.0006256	-0.0004858	-0.0003003	-0.0000832	+0.0000980	+0.0002555	+0.0004299	+0.0006184	+0.0007514	+0.0008484	+0.0009211	+0.0009798	+0.0010322	+0.0010817	+0.0011247
2013-09	0.041	-0.0056781	-0.0053911	-0.0050924	-0.0047329	-0.0043735	-0.0039815	-0.0035884	-0.0031518	-0.0026959	-0.0022554	-0.0017909	-0.0013606	-0.0009637	-0.0006061	-0.0002524	+0.0000430	+0.0003105	+0.0005871	+0.0007962	+0.0010187	+0.0012085
2013-10	0.003	-0.0034257	-0.0030418	-0.0016498	-0.0014144	-0.0010789	-0.0007838	-0.0004098	+0.0001349	+0.0012506	+0.0017855	+0.0020928	+0.0023503	+0.0026212	+0.0027907	+0.0030283	+0.0031837	+0.0033701	+0.0034740	+0.0035639	+0.0037490	+0.0038323
2013-11	0.036	-0.0021201	-0.0019345	-0.0016846	-0.0014405	-0.0011192	-0.0008077	-0.0004204	-0.0000441	+0.0004093	+0.0008927	+0.0014102	+0.0019081	+0.0023857	+0.0028645	+0.0033204	+0.0037182	+0.0040645	+0.0044115	+0.0046785	+0.0050118	+0.0052134
2013-12	0.033	-0.0040701	-0.0029733	-0.0019291	-0.0015076	-0.0013231	-0.0008640	-0.0000592	+0.0009369	+0.0016089	+0.0021450	+0.0026758	+0.0031628	+0.0035879	+0.0040326	+0.0044325	+0.0048245	+0.0050449	+0.0053908	+0.0056714	+0.0059570	+0.0062363
2014-01	-0.009	-0.0021111	-0.0019449	-0.0017300	-0.0014546	-0.0011976	-0.0008747	-0.0005520	-0.0001225	+0.0003576	+0.0009316	+0.0015556	+0.0021630	+0.0027268	+0.0032981	+0.0039608	+0.0044508	+0.0048571	+0.0052097	+0.0056934	+0.0061883	+0.0065507
2014-02	-0.008	-0.0029107	-0.0027163	-0.0025519	-0.0023576	-0.0021176	-0.0019163	-0.0016133	-0.0013398	-0.0010364	-0.0006900	-0.0003255	+0.0000170	+0.0002900	+0.0005978	+0.0009157	+0.0011673	+0.0013875	+0.0015670	+0.0017370	+0.0019449	+0.0021505
2014-03	-0.003	-0.0028268	-0.0027435	-0.0024973	-0.0022715	-0.0020202	-0.0018357	-0.0015807	-0.0013106	-0.0009741	-0.0006529	-0.0003727	-0.0000645	+0.0002637	+0.0005138	+0.0007474	+0.0009166	+0.0010863	+0.0012003	+0.0012757	+0.0013494	+0.0015629
2014-04	-0.005	-0.0092343	-0.0090645	-0.0089039	-0.0084900	-0.0080411	-0.0066776	-0.0059900	-0.0053984	-0.0042808	-0.0031717	-0.0021561	-0.0009626	+0.0000289	+0.0010351	+0.0020266	+0.0029015	+0.0036199	+0.0042816	+0.0049665	+0.0054732	+0.0059912
2014-05	-0.002	-0.0022815	-0.0021436	-0.0020005	-0.0018394	-0.0016761	-0.0014813	-0.0012818	-0.0010655	-0.0008214	-0.0005711	-0.0003274	-0.0000777	+0.0001720	+0.0003944	+0.0006022	+0.0007826	+0.0009565	+0.0011000	+0.0012348	+0.0013516	+0.0014832
2014-06	0.035	-0.0025171	-0.0023861	-0.0022899	-0.0021643	-0.0019648	-0.0017147	-0.0014795	-0.0011663	-0.0008376	-0.0004976	-0.0001281	+0.0002520	+0.0006036	+0.0009342	+0.0012362	+0.0015225	+0.0017661	+0.0020078	+0.0021833	+0.0023343	+0.0024018
2014-07	0.028	-0.0025188	-0.0022524	-0.0019244	-0.0016030	-0.0012066	-0.0008176	-0.0004210	-0.0000214	+0.0003828	+0.0008174	+0.0012398	+0.0016006	+0.0018963	+0.0021431	+0.0023488	+0.0025122	+0.0026553	+0.0027796	+0.0028876	+0.0029901	+0.0030617
2014-08	-0.003	-0.0027609	-0.0025468	-0.0022859	-0.0020217	-0.0017173	-0.0013775	-0.0010312	-0.0006469	-0.0002350	+0.0001855	+0.0006186	+0.0010317	+0.0014304	+0.0017954	+0.0021337	+0.0024358	+0.0027055	+0.0029234	+0.0031372	+0.0033303	+0.0034958
2014-09	0.022	-0.0014452	-0.0012133	-0.0009673	-0.0007181	-0.0004344	-0.0001403	+0.0001784	+0.0005029	+0.0008774	+0.0012824	+0.0016544	+0.0020713	+0.0024686	+0.0028238	+0.0031723	+0.0035348	+0.0038558	+0.0041362	+0.0043874	+0.0046521	+0.0048708
2014-10	0.010	-0.0017098	-0.0015860	-0.0012930	-0.0010989	-0.0008462	-0.0006320	-0.0003739	-0.0000446	+0.0002890	+0.0005661	+0.0009113	+0.0013255	+0.0017075	+0.0020329	+0.0023868	+0.0027216	+0.0030336	+0.0033085	+0.0034603	+0.0036433	+0.0039535
2014-11	0.032	-0.0091682	-0.0088373	-0.0083649	-0.0077372	-0.0068947	-0.0060972	-0.0050818	-0.0039982	-0.0027277	-0.0014460	-0.0001069	+0.0012740	+0.0026408	+0.0038524	+0.0050326	+0.0060977	+0.0071622	+0.0081773	+0.0091656	+0.0100000	+0.0100000
2014-12	-0.003	-0.0018243	-0.0015746	-0.0013898	-0.0011653	-0.0007840	-0.0005888	-0.0002362	+0.0000681	+0.0005324	+0.0009039	+0.0013199	+0.0018139	+0.0021843	+0.0025830	+0.0029888	+0.0033020	+0.0036457	+0.0038534	+0.0040425	+0.0043872	+0.0045724
2015-01	-0.012	-0.0077384	-0.0072479	-0.0067436	-0.0061517	-0.0055546	-0.0048530	-0.0040747	-0.0032641	-0.0023878	-0.0014234	-0.0004441	+0.0005170	+0.0014466	+0.0023191	+0.0031357	+0.0038387	+0.0045373	+0.0051245	+0.0057243	+0.0062111	+0.0066579
2015-02	0.004	-0.0039980	-0.0037603	-0.0026972	-0.0024664	-0.0021630	-0.0013493	-0.0009827	-0.0004284	+0.0003854	+0.0009381	+0.0015810	+0.0019419	+0.0023551	+0.0026917	+0.0030516	+0.0032461	+0.0035855	+0.0038601	+0.0040322	+0.0042292	+0.0044399
