2011-04	0.033	-0.0042935	-0.0042935	-0.0042935	+0.0000001	+0.0000001	+0.0004885	+0.0005959	+0.0006929	+0.0042937	+0.0049865	+0.0054749	+0.0070553	+0.0076327	+0.0077400	+0.0078370	+0.0098170	+0.0099059	+0.0099059	+0.0099948	+0.0099948	+0.0099948
2011-05	-0.023	-0.0075505	-0.0071889	-0.0067041	-0.0062371	-0.0056657	-0.0051028	-0.0043421	-0.0036136	-0.0027646	-0.0018083	-0.0008299	+0.0003057	+0.0013518	+0.0025041	+0.0034896	+0.0044302	+0.0053156	+0.0062826	+0.0072539	+0.0077837	+0.0083483
2011-06	0.012	-0.0047764	-0.0045785	-0.0043460	-0.0041597	-0.0040263	-0.0037239	-0.0035132	-0.0032737	-0.0030496	-0.0027647	-0.0024607	-0.0021976	-0.0017721	-0.0000071	+0.0008802	+0.0012885	+0.0014956	+0.0017359	+0.0021313	+0.0044377	+0.0047588
2011-07	-0.031	-0.0046323	-0.0044636	-0.0042760	-0.0040673	-0.0037500	-0.0034104	-0.0030149	-0.0025928	-0.0021269	-0.0016123	-0.0010511	-0.0004939	+0.0000489	+0.0005755	+0.0010557	+0.0014892	+0.0018707	+0.0022165	+0.0026048	+0.0029066	+0.0031809
2011-08	-0.049	-0.0096372	-0.0093552	-0.0090462	-0.0085377	-0.0079553	-0.0072408	-0.0064651	-0.0057587	-0.0048020	-0.0037122	-0.0026498	-0.0015985	-0.0006469	+0.0003877	+0.0013108	+0.0019201	+0.0027481	+0.0032235	+0.0040444	+0.0100000	+0.0100000
2011-09	-0.103	-0.0098274	-0.0097153	-0.0095310	-0.0092887	-0.0088891	-0.0082900	-0.0073759	-0.0061767	-0.0045675	-0.0029453	-0.0012545	+0.0006710	+0.0029018	+0.0050299	+0.0095741	+0.0100000	+0.0100000	+0.0100000	+0.0100000	+0.0100000	+0.0100000
2011-10	0.070	-0.0099429	-0.0099098	-0.0098812	-0.0098191	-0.0096447	-0.0093264	-0.0087190	-0.0080024	-0.0071924	-0.0053365	-0.0017961	+0.0100000	+0.0100000	+0.0100000	+0.0100000	+0.0100000	+0.0100000	+0.0100000	+0.0100000	+0.0100000	+0.0100000
2011-11	-0.030	-0.0032491	-0.0029016	-0.0022336	-0.0015656	-0.0011560	-0.0001278	+0.0007507	+0.0016575	+0.0027126	+0.0039079	+0.0051249	+0.0063921	+0.0077578	+0.0089980	+0.0100000	+0.0100000	+0.0100000	+0.0100000	+0.0100000	+0.0100000	+0.0100000
2011-12	0.022	-0.0089833	-0.0088618	-0.0085361	-0.0084463	-0.0079990	-0.0075677	-0.0071593	-0.0065524	-0.0060829	-0.0054159	-0.0046951	-0.0038446	-0.0028932	-0.0012991	+0.0001803	+0.0014687	+0.0019656	+0.0029340	+0.0035560	+0.0056003	+0.0063962
2012-01	0.047	-0.0059387	-0.0057958	-0.0053207	-0.0051274	-0.0046053	-0.0040874	-0.0034803	-0.0029199	-0.0023892	-0.0015948	-0.0008237	-0.0001828	+0.0004814	+0.0012676	+0.0018403	+0.0022737	+0.0027702	+0.0033714	+0.0037733	+0.0040976	+0.0043191
2012-02	0.110	-0.0048443	-0.0041976	-0.0024933	-0.0018465	-0.0012541	-0.0007331	-0.0001413	+0.0007589	+0.0024633	+0.0032149	+0.0038090	+0.0042810	+0.0047036	+0.0050849	+0.0053601	+0.0056317	+0.0058609	+0.0060885	+0.0062655	+0.0063859	+0.0065180
2012-03	-0.002	-0.0056051	-0.0051858	-0.0045682	-0.0010240	-0.0004194	+0.0001199	+0.0006250	+0.0013344	+0.0048776	+0.0056906	+0.0061894	+0.0066187	+0.0069763	+0.0072985	+0.0075773	+0.0078191	+0.0080367	+0.0082389	+0.0084160	+0.0085772	+0.0087051
2012-04	-0.038	-0.0045592	-0.0043077	-0.0040106	-0.0036943	-0.0033161	-0.0029097	-0.0024323	-0.0018919	-0.0013078	-0.0006497	+0.0000786	+0.0007929	+0.0015324	+0.0022550	+0.0029391	+0.0035600	+0.0042200	+0.0046859	+0.0053220	+0.0056864	+0.0063351
2012-05	-0.105	-0.0089002	-0.0087458	-0.0084798	-0.0079720	-0.0073531	-0.0067268	-0.0061832	-0.0055472	-0.0047500	-0.0037915	-0.0030649	-0.0021942	-0.0011742	-0.0003535	+0.0003000	+0.0012215	+0.0020507	+0.0027289	+0.0030838	+0.0037433	+0.0042760
2012-06	0.028	-0.0099315	-0.0098867	-0.0098357	-0.0097261	-0.0095779	-0.0093594	-0.0090441	-0.0086025	-0.0080067	-0.0072732	-0.0064044	-0.0049339	-0.0019438	-0.0000885	+0.0016473	+0.0080965	+0.0100000	+0.0100000	+0.0100000	+0.0100000	+0.0100000
2012-07	0.012	-0.0041261	-0.0034966	-0.0028488	-0.0020439	-0.0014313	-0.0007231	+0.0000155	+0.0008454	+0.0016823	+0.0024405	+0.0031765	+0.0038366	+0.0044498	+0.0050058	+0.0055234	+0.0059617	+0.0064019	+0.0067926	+0.0071047	+0.0074228	+0.0077534
2012-08	0.027	-0.0051923	-0.0050205	-0.0048477	-0.0046873	-0.0044528	-0.0042028	-0.0038919	-0.0035670	-0.0031874	-0.0027833	-0.0023436	-0.0018885	-0.0014331	-0.0009936	-0.0005867	-0.0001803	+0.0002081	+0.0005414	+0.0008398	+0.0011494	+0.0014257
2012-09	0.005	-0.0028698	-0.0024373	-0.0020426	-0.0016654	-0.0012139	-0.0007077	-0.0002471	+0.0002759	+0.0007934	+0.0013081	+0.0018309	+0.0022749	+0.0026665	+0.0030224	+0.0033196	+0.0035742	+0.0037800	+0.0039557	+0.0040971	+0.0042283	+0.0043526
2012-10	0.011	-0.0064509	-0.0059904	-0.0051414	-0.0042986	-0.0037996	-0.0033051	-0.0026448	-0.0014710	-0.0005023	+0.0001194	+0.0007784	+0.0019553	+0.0029585	+0.0034544	+0.0038320	+0.0040830	+0.0043812	+0.0045962	+0.0048417	+0.0050263	+0.0051582
2012-11	0.037	-0.0035669	-0.0033841	-0.0031767	-0.0029054	-0.0025538	-0.0022044	-0.0018416	-0.0013536	-0.0009119	-0.0003527	+0.0001825	+0.0007654	+0.0013155	+0.0018295	+0.0023343	+0.0027752	+0.0032085	+0.0035863	+0.0039481	+0.0042259	+0.0045538
2012-12	0.076	-0.0039486	-0.0037052	-0.0034114	-0.0029227	-0.0025071	-0.0020468	-0.0016206	-0.0010613	-0.0004154	+0.0002263	+0.0008542	+0.0015197	+0.0022062	+0.0027745	+0.0032870	+0.0037849	+0.0042358	+0.0046528	+0.0049825	+0.0052209	+0.0054753
2013-01	0.058	-0.0040746	-0.0034649	-0.0019011	-0.0014413	-0.0009487	-0.0004964	+0.0000746	+0.0011203	+0.0023857	+0.0030116	+0.0035722	+0.0040250	+0.0044389	+0.0047871	+0.0051256	+0.0054300	+0.0057589	+0.0059934	+0.0062350	+0.0064338	+0.0065744
2013-02	-0.015	-0.0035174	-0.0033683	-0.0030490	-0.0028025	-0.0023879	-0.0020632	-0.0015474	-0.0010839	-0.0004898	+0.0001228	+0.0007844	+0.0014849	+0.0020212	+0.0026822	+0.0033075	+0.0037247	+0.0042968	+0.0047084	+0.0050268	+0.0054420	+0.0058523
2013-03	0.030	-0.0045403	-0.0044714	-0.0043008	-0.0041618	-0.0039709	-0.0037236	-0.0034009	-0.0029961	-0.0026114	-0.0021726	-0.0016160	-0.0011492	-0.0006259	-0.0001343	+0.0003703	+0.0007829	+0.0012346	+0.0016468	+0.0019770	+0.0023297	+0.0025884
2013-04	0.055	-0.0071990	-0.0070491	-0.0068527	-0.0065448	-0.0057552	-0.0053643	-0.0046452	-0.0034726	-0.0022551	-0.0010729	-0.0002658	+0.0012650	+0.0024566	+0.0037702	+0.0044578	+0.0055809	+0.0064948	+0.0073583	+0.0082562	+0.0088692	+0.0091812
2013-05	0.023	-0.0050389	-0.0042988	-0.0037425	-0.0030819	-0.0022980	-0.0014681	-0.0006498	+0.0002016	+0.0011647	+0.0021114	+0.0030404	+0.0039752	+0.0048864	+0.0056945	+0.0064692	+0.0072110	+0.0078410	+0.0083542	+0.0088991	+0.0093875	+0.0097727
2013-06	-0.110	-0.0066527	-0.0064598	-0.0059448	-0.0054590	-0.0048935	-0.0042217	-0.0034196	-0.0024465	-0.0014820	-0.0004276	+0.0006936	+0.0018728	+0.0030386	+0.0040420	+0.0050042	+0.0060542	+0.0068902	+0.0076556	+0.0083148	+0.0090878	+0.0095035
2013-07	0.033	-0.0098057	-0.0097431	-0.0097237	-0.0094513	-0.0092600	-0.0088813	-0.0085025	-0.0079132	-0.0073273	-0.0065914	-0.0057671	-0.0046619	-0.0024448	+0.0012021	+0.0031229	+0.0100000	+0.0100000	+0.0100000	+0.0100000	+0.0100000	+0.0100000
2013-08	-0.042	-0.0047565	-0.0044233	-0.0039434	-0.0035042	-0.0029843	-0.0024035	-0.0018089	-0.0011467	-0.0004066	+0.0003476	+0.0010913	+0.0018423	+0.0025846	+0.0032438	+0.0038787	+0.0044170	+0.0048983	+0.0053597	+0.0057097	+0.0061075	+0.0063896
2013-09	0.077	-0.0072248	-0.0069687	-0.0066199	-0.0062440	-0.0058356	-0.0053667	-0.0048589	-0.0042941	-0.0036708	-0.0030073	-0.0023274	-0.0016485	-0.0009732	-0.0003414	+0.0002304	+0.0007731	+0.0012504	+0.0016952	+0.0020785	+0.0023974	+0.0027364
2013-10	0.027	-0.0052400	-0.0047384	-0.0042721	-0.0035264	-0.0030578	-0.0023363	-0.0013683	+0.0003030	+0.0045361	+0.0055899	+0.0064131	+0.0071155	+0.0077614	+0.0083146	+0.0087669	+0.0091721	+0.0094965	+0.0098373	+0.0100000	+0.0100000	+0.0100000
2013-11	-0.015	-0.0028941	-0.0025852	-0.0022949	-0.0018994	-0.0015118	-0.0011466	-0.0006898	-0.0002492	+0.0002590	+0.0007807	+0.0013048	+0.0018365	+0.0023500	+0.0028223	+0.0032801	+0.0037133	+0.0040592	+0.0044108	+0.0046999	+0.0050030	+0.0052236
2013-12	-0.017	-0.0069713	-0.0063423	-0.0058233	-0.0049363	-0.0042742	-0.0037632	-0.0031288	-0.0021936	-0.0011125	-0.0003457	+0.0004228	+0.0013240	+0.0023729	+0.0030534	+0.0035129	+0.0039671	+0.0043246	+0.0045952	+0.0049399	+0.0051863	+0.0053775
2014-01	-0.085	-0.0035413	-0.0033272	-0.0031507	-0.0028749	-0.0026608	-0.0024176	-0.0021485	-0.0018787	-0.0014984	-0.0011776	-0.0008120	-0.0004450	-0.0000791	+0.0002406	+0.0006037	+0.0008935	+0.0011744	+0.0014338	+0.0016790	+0.0019805	+0.0021502
2014-02	0.016	-0.0096323	-0.0092565	-0.0089522	-0.0085622	-0.0081589	-0.0076858	-0.0069182	-0.0062239	-0.0053433	-0.0045603	-0.0037542	-0.0026998	-0.0019552	-0.0011197	-0.0004818	+0.0004492	+0.0012342	+0.0017257	+0.0035942	+0.0100000	+0.0100000
2014-03	0.034	-0.0023591	-0.0023198	-0.0018821	-0.0015204	-0.0012447	-0.0009089	-0.0003804	+0.0000446	+0.0005721	+0.0011514	+0.0016852	+0.0022516	+0.0027615	+0.0033441	+0.0037903	+0.0041618	+0.0045337	+0.0049049	+0.0052124	+0.0054305	+0.0056586
2014-04	0.023	-0.0055162	-0.0054963	-0.0048000	-0.0044764	-0.0037934	-0.0031020	-0.0024415	-0.0017442	-0.0009673	-0.0003541	+0.0005611	+0.0011684	+0.0020386	+0.0026122	+0.0031873	+0.0036305	+0.0040555	+0.0043365	+0.0046615	+0.0048630	+0.0049851
2014-05	0.024	-0.0015193	-0.0014554	-0.0013441	-0.0012365	-0.0011093	-0.0009566	-0.0007898	-0.0006028	-0.0003941	-0.0001661	+0.0000702	+0.0003151	+0.0005654	+0.0008162	+0.0010416	+0.0012395	+0.0014655	+0.0016136	+0.0018196	+0.0019532	+0.0021469
2014-06	0.007	-0.0019590	-0.0018555	-0.0014984	-0.0013537	-0.0011146	-0.0008181	-0.0004210	-0.0000571	+0.0002953	+0.0007119	+0.0010700	+0.0014523	+0.0018403	+0.0021295	+0.0023914	+0.0025684	+0.0028194	+0.0029503	+0.0031012	+0.0033003	+0.0033854
2014-07	0.028	-0.0013758	-0.0012373	-0.0011383	-0.0009863	-0.0008285	-0.0007015	-0.0005221	-0.0003212	-0.0001111	+0.0001110	+0.0003275	+0.0005572	+0.0007693	+0.0009566	+0.0011451	+0.0013068	+0.0014665	+0.0015806	+0.0016836	+0.0017839	+0.0018571
2014-08	0.014	-0.0012028	-0.0009355	-0.0005571	-0.0003383	-0.0001695	+0.0000286	+0.0002895	+0.0006308	+0.0009237	+0.0011692	+0.0013895	+0.0016085	+0.0018060	+0.0020024	+0.0021758	+0.0023497	+0.0024972	+0.0026485	+0.0027690	+0.0028871	+0.0030176
2014-09	-0.017	-0.0024744	-0.0021390	-0.0018446	-0.0014512	-0.0010669	-0.0006522	-0.0002367	+0.0002327	+0.0007097	+0.0012311	+0.0017008	+0.0021937	+0.0026395	+0.0030270	+0.0033682	+0.0037142	+0.0039703	+0.0041797	+0.0043140	+0.0044789	+0.0045515
2014-10	0.006	-0.0045041	-0.0044465	-0.0040902	-0.0038599	-0.0036151	-0.0032394	-0.0029089	-0.0024638	-0.0019815	-0.0014585	-0.0009769	-0.0004815	+0.0000652	+0.0005625	+0.0010197	+0.0015490	+0.0018061	+0.0022625	+0.0026291	+0.0028525	+0.0032332
2014-11	0.078	-0.0043266	-0.0040852	-0.0037931	-0.0034519	-0.0030993	-0.0026739	-0.0021915	-0.0016644	-0.0010845	-0.0004802	+0.0001769	+0.0008299	+0.0014521	+0.0020292	+0.0026064	+0.0031182	+0.0035569	+0.0039452	+0.0043624	+0.0047171	+0.0050937
2014-12	-0.017	-0.0034189	-0.0029012	-0.0025819	-0.0013971	-0.0007577	-0.0003355	+0.0004465	+0.0012317	+0.0019706	+0.0029320	+0.0036171	+0.0042461	+0.0048214	+0.0053058	+0.0056585	+0.0059492	+0.0061898	+0.0063585	+0.0065861	+0.0067805	+0.0068281
2015-01	-0.017	-0.0085510	-0.0080852	-0.0076335	-0.0071362	-0.0065103	-0.0058447	-0.0051284	-0.0042932	-0.0033926	-0.0024160	-0.0014114	-0.0003925	+0.0005794	+0.0015123	+0.0023761	+0.0031701	+0.0039374	+0.0045131	+0.0052282	+0.0058424	+0.0062855
2015-02	-0.004	-0.0042523	-0.0037188	-0.0035695	-0.0033665	-0.0027603	-0.0024795	-0.0019314	-0.0014554	-0.0008930	-0.0002091	+0.0004230	+0.0009618	+0.0016189	+0.0021981	+0.0026451	+0.0031495	+0.0034609	+0.0039608	+0.0041329	+0.0046545	+0.0047360
