2014-01	-0.055	-0.0100000	-0.0100000	-0.0100000	-0.0100000	-0.0100000	-0.0100000	-0.0100000	-0.0100000	-0.0100000	-0.0100000	-0.0100000	-0.0100000	-0.0100000	-0.0100000	-0.0100000	-0.0100000	-0.0100000	-0.0100000	-0.0100000	-0.0100000	-0.0100000
2014-02	-0.013	-0.0096470	-0.0095213	-0.0087543	-0.0083047	-0.0075641	-0.0072212	-0.0067956	-0.0061695	-0.0050756	-0.0038007	-0.0029003	-0.0020657	-0.0009303	+0.0002280	+0.0010555	+0.0017026	+0.0023127	+0.0031464	+0.0100000	+0.0100000	+0.0100000
2014-03	-0.005	-0.0019426	-0.0015983	-0.0013306	-0.0011428	-0.0007675	-0.0004024	+0.0000197	+0.0004419	+0.0008814	+0.0013678	+0.0019024	+0.0023367	+0.0028349	+0.0032198	+0.0036977	+0.0039938	+0.0043643	+0.0046767	+0.0049620	+0.0053440	+0.0055236
2014-04	-0.044	-0.0095220	-0.0093396	-0.0088417	-0.0083405	-0.0077330	-0.0072313	-0.0065239	-0.0057970	-0.0045287	-0.0029069	-0.0016694	-0.0003983	+0.0011781	+0.0026102	+0.0039999	+0.0053612	+0.0071186	+0.0100000	+0.0100000	+0.0100000	+0.0100000
2014-05	0.029	-0.0096429	-0.0094601	-0.0092237	-0.0087506	-0.0081229	-0.0073695	-0.0066002	-0.0057322	-0.0046599	-0.0034726	-0.0023557	-0.0012201	-0.0000580	+0.0010277	+0.0020048	+0.0029925	+0.0040620	+0.0057787	+0.0100000	+0.0100000	+0.0100000
2014-06	0.045	-0.0044741	-0.0040687	-0.0038777	-0.0034110	-0.0029883	-0.0024093	-0.0018702	-0.0011655	-0.0003417	+0.0004919	+0.0013404	+0.0022402	+0.0032115	+0.0040178	+0.0048245	+0.0053002	+0.0060645	+0.0067244	+0.0072016	+0.0077036	+0.0080446
2014-07	0.014	-0.0028693	-0.0024974	-0.0021232	-0.0018484	-0.0014443	-0.0010425	-0.0006016	-0.0001552	+0.0003175	+0.0007676	+0.0012034	+0.0016206	+0.0020100	+0.0023595	+0.0026606	+0.0029465	+0.0032011	+0.0034113	+0.0036299	+0.0037916	+0.0039464
2014-08	-0.010	-0.0033871	-0.0031405	-0.0028541	-0.0026114	-0.0022747	-0.0019423	-0.0015508	-0.0011390	-0.0007232	-0.0002693	+0.0001731	+0.0006413	+0.0010589	+0.0014520	+0.0018046	+0.0021427	+0.0024320	+0.0026823	+0.0029015	+0.0030910	+0.0032982
2014-09	0.035	-0.0017791	-0.0016058	-0.0013940	-0.0011899	-0.0009479	-0.0007055	-0.0004456	-0.0001658	+0.0001340	+0.0004416	+0.0007473	+0.0010462	+0.0013411	+0.0015937	+0.0018226	+0.0020313	+0.0022182	+0.0023919	+0.0025516	+0.0026816	+0.0027967
2014-10	-0.003	-0.0020828	-0.0013917	-0.0008571	-0.0006631	-0.0005043	-0.0002913	+0.0000862	+0.0007513	+0.0011645	+0.0014273	+0.0016796	+0.0019607	+0.0022323	+0.0023831	+0.0026009	+0.0028799	+0.0030597	+0.0031343	+0.0032905	+0.0033560	+0.0037576
2014-11	-0.003	-0.0052907	-0.0050451	-0.0046569	-0.0042331	-0.0037459	-0.0033033	-0.0027994	-0.0022336	-0.0015638	-0.0009317	-0.0002684	+0.0004340	+0.0010955	+0.0016469	+0.0021710	+0.0026986	+0.0031677	+0.0035327	+0.0038379	+0.0041274	+0.0042508
2014-12	-0.013	-0.0020781	-0.0020283	-0.0018894	-0.0018036	-0.0017071	-0.0015802	-0.0014765	-0.0013148	-0.0011707	-0.0009961	-0.0007792	-0.0005643	-0.0002262	+0.0002291	+0.0005292	+0.0007896	+0.0009702	+0.0011665	+0.0015478	+0.0020130	+0.0020841
2015-01	0.003	-0.0033556	-0.0032142	-0.0030749	-0.0028854	-0.0027016	-0.0024814	-0.0022368	-0.0019672	-0.0016712	-0.0013472	-0.0009852	-0.0006296	-0.0002835	+0.0000697	+0.0004005	+0.0007077	+0.0009991	+0.0012721	+0.0015106	+0.0017647	+0.0019434
2015-02	-0.009	-0.0009385	-0.0009014	-0.0007325	-0.0006538	-0.0004940	-0.0003992	-0.0002086	-0.0000528	+0.0001321	+0.0003219	+0.0005040	+0.0007035	+0.0008795	+0.0010398	+0.0012075	+0.0013367	+0.0014794	+0.0015922	+0.0017340	+0.0018126	+0.0018778
