2011-02	0.092	-0.0075489	-0.0070370	-0.0065433	-0.0058392	-0.0052012	-0.0045503	-0.0039487	-0.0032763	-0.0024596	-0.0015739	-0.0008481	-0.0002427	+0.0003934	+0.0010139	+0.0017627	+0.0023480	+0.0029497	+0.0032615	+0.0038372	+0.0045643	+0.0051027
2011-03	-0.061	-0.0086346	-0.0075399	-0.0069966	-0.0064499	-0.0056716	-0.0042566	-0.0028025	-0.0003203	+0.0021394	+0.0037774	+0.0052910	+0.0064374	+0.0076231	+0.0086452	+0.0094824	+0.0100000	+0.0100000	+0.0100000	+0.0100000	+0.0100000	+0.0100000
2011-04	-0.023	-0.0097910	-0.0097031	-0.0094853	-0.0091924	-0.0086276	-0.0079168	-0.0067001	-0.0051362	-0.0034371	-0.0006299	+0.0030593	+0.0083319	+0.0100000	+0.0100000	+0.0100000	+0.0100000	+0.0100000	+0.0100000	+0.0100000	+0.0100000	+0.0100000
2011-05	-0.085	-0.0059350	-0.0054671	-0.0048131	-0.0042444	-0.0036676	-0.0030972	-0.0024041	-0.0016866	-0.0008036	-0.0000585	+0.0007479	+0.0014651	+0.0022818	+0.0029133	+0.0035467	+0.0039546	+0.0042788	+0.0046203	+0.0048905	+0.0051092	+0.0053201
2011-06	-0.017	-0.0099247	-0.0098995	-0.0098352	-0.0096503	-0.0093253	-0.0089869	-0.0084654	-0.0079248	-0.0074037	-0.0062005	-0.0046979	-0.0015959	+0.0021786	+0.0050805	+0.0100000	+0.0100000	+0.0100000	+0.0100000	+0.0100000	+0.0100000	+0.0100000
2011-07	-0.000	-0.0082170	-0.0079154	-0.0075380	-0.0070692	-0.0065492	-0.0058942	-0.0051879	-0.0043796	-0.0034778	-0.0025055	-0.0014842	-0.0004223	+0.0005898	+0.0015783	+0.0025195	+0.0033648	+0.0041204	+0.0048288	+0.0055255	+0.0061286	+0.0066399
2011-08	-0.103	-0.0067822	-0.0065404	-0.0060778	-0.0053767	-0.0049353	-0.0044039	-0.0036050	-0.0030307	-0.0022247	-0.0013571	-0.0005736	+0.0003670	+0.0011059	+0.0019588	+0.0025784	+0.0033207	+0.0039816	+0.0043873	+0.0049187	+0.0053355	+0.0056218
2011-09	-0.042	-0.0098937	-0.0098322	-0.0097049	-0.0094837	-0.0091842	-0.0087931	-0.0080876	-0.0071916	-0.0059587	-0.0043411	-0.0021471	+0.0006690	+0.0043156	+0.0100000	+0.0100000	+0.0100000	+0.0100000	+0.0100000	+0.0100000	+0.0100000	+0.0100000
2011-10	0.048	-0.0096767	-0.0095508	-0.0092767	-0.0089155	-0.0085709	-0.0081415	-0.0076859	-0.0069417	-0.0060677	-0.0045067	-0.0020879	-0.0005853	+0.0023510	+0.0072346	+0.0100000	+0.0100000	+0.0100000	+0.0100000	+0.0100000	+0.0100000	+0.0100000
2011-11	-0.048	-0.0088630	-0.0081380	-0.0077170	-0.0070098	-0.0062129	-0.0051736	-0.0038600	-0.0029275	-0.0015621	-0.0003592	+0.0011071	+0.0027083	+0.0039243	+0.0051227	+0.0060025	+0.0074326	+0.0086452	+0.0089687	+0.0095077	+0.0095753	+0.0097109
2011-12	-0.046	-0.0092963	-0.0091242	-0.0089012	-0.0085128	-0.0081061	-0.0074789	-0.0069432	-0.0062283	-0.0054808	-0.0046469	-0.0037396	-0.0026974	-0.0016570	-0.0004778	+0.0006119	+0.0016593	+0.0026166	+0.0035195	+0.0050370	+0.0068680	+0.0100000
2012-01	-0.040	-0.0084712	-0.0081483	-0.0079097	-0.0074859	-0.0070367	-0.0065320	-0.0059843	-0.0053879	-0.0047197	-0.0040691	-0.0033343	-0.0026019	-0.0018343	-0.0011331	-0.0003950	+0.0002452	+0.0008451	+0.0015026	+0.0021030	+0.0023716	+0.0030503
2012-02	0.143	-0.0094652	-0.0094154	-0.0089170	-0.0086014	-0.0079347	-0.0067264	-0.0055257	-0.0045432	-0.0032925	-0.0018044	+0.0000738	+0.0016837	+0.0030714	+0.0045307	+0.0065170	+0.0078991	+0.0091540	+0.0100000	+0.0100000	+0.0100000	+0.0100000
2012-03	0.025	-0.0076036	-0.0069720	-0.0060437	-0.0016204	-0.0009013	-0.0002125	+0.0005639	+0.0017713	+0.0059549	+0.0070006	+0.0077388	+0.0083817	+0.0089530	+0.0094870	+0.0100000	+0.0100000	+0.0100000	+0.0100000	+0.0100000	+0.0100000	+0.0100000
2012-04	-0.073	-0.0033120	-0.0029942	-0.0026899	-0.0023634	-0.0019983	-0.0015760	-0.0010911	-0.0005866	-0.0000707	+0.0005353	+0.0011693	+0.0017809	+0.0023827	+0.0029916	+0.0035450	+0.0040726	+0.0045481	+0.0050028	+0.0054403	+0.0058501	+0.0060607
2012-05	-0.059	-0.0092728	-0.0090790	-0.0085414	-0.0081663	-0.0072843	-0.0066725	-0.0059124	-0.0052250	-0.0043473	-0.0032622	-0.0023644	-0.0015832	-0.0008411	+0.0002463	+0.0026698	+0.0039681	+0.0044247	+0.0051593	+0.0080374	+0.0098595	+0.0100000
2012-06	0.134	-0.0080529	-0.0076728	-0.0074672	-0.0071779	-0.0068315	-0.0064683	-0.0060073	-0.0055208	-0.0048356	-0.0041205	-0.0033683	-0.0023121	-0.0012687	-0.0002477	+0.0008201	+0.0016379	+0.0026944	+0.0036424	+0.0045359	+0.0055680	+0.0061048
2012-07	0.025	-0.0076038	-0.0067118	-0.0055148	-0.0024694	-0.0013128	-0.0003653	+0.0005937	+0.0020832	+0.0050866	+0.0065905	+0.0076319	+0.0084610	+0.0091640	+0.0098021	+0.0100000	+0.0100000	+0.0100000	+0.0100000	+0.0100000	+0.0100000	+0.0100000
2012-08	-0.008	-0.0063204	-0.0059734	-0.0052687	-0.0047164	-0.0042450	-0.0036420	-0.0028638	-0.0021277	-0.0013999	-0.0005381	+0.0002996	+0.0011403	+0.0019940	+0.0027928	+0.0035096	+0.0041914	+0.0048748	+0.0055162	+0.0060166	+0.0065506	+0.0069727
2012-09	0.064	-0.0030117	-0.0029038	-0.0027906	-0.0026310	-0.0025008	-0.0023125	-0.0021092	-0.0018862	-0.0016407	-0.0013602	-0.0010462	-0.0007384	-0.0004138	-0.0000852	+0.0002211	+0.0005312	+0.0008299	+0.0010668	+0.0013285	+0.0016017	+0.0017901
2012-10	-0.069	-0.0046037	-0.0034804	-0.0031305	-0.0026951	-0.0021751	-0.0012191	-0.0004416	+0.0002560	+0.0010673	+0.0021239	+0.0031454	+0.0041095	+0.0050989	+0.0060370	+0.0068366	+0.0075523	+0.0082817	+0.0089784	+0.0096069	+0.0100000	+0.0100000
2012-11	0.113	-0.0097971	-0.0096580	-0.0095293	-0.0092449	-0.0088429	-0.0083139	-0.0075040	-0.0064985	-0.0053793	-0.0041295	-0.0027326	-0.0011898	+0.0004242	+0.0022729	+0.0047133	+0.0100000	+0.0100000	+0.0100000	+0.0100000	+0.0100000	+0.0100000
2012-12	0.060	-0.0066949	-0.0060114	-0.0047673	-0.0030264	-0.0018969	-0.0009300	+0.0002011	+0.0015280	+0.0032659	+0.0046733	+0.0056788	+0.0065863	+0.0073229	+0.0080652	+0.0086873	+0.0092404	+0.0097205	+0.0100000	+0.0100000	+0.0100000	+0.0100000
2013-01	0.165	-0.0033617	-0.0026498	-0.0015203	-0.0008769	-0.0002063	+0.0003496	+0.0010740	+0.0019181	+0.0029599	+0.0037626	+0.0044594	+0.0050156	+0.0055349	+0.0060483	+0.0064766	+0.0068372	+0.0071701	+0.0074928	+0.0078407	+0.0081633	+0.0082218
2013-02	0.131	-0.0045566	-0.0028492	-0.0008630	+0.0001447	+0.0013505	+0.0019777	+0.0035282	+0.0055143	+0.0070886	+0.0084027	+0.0097746	+0.0100000	+0.0100000	+0.0100000	+0.0100000	+0.0100000	+0.0100000	+0.0100000	+0.0100000	+0.0100000	+0.0100000
2013-03	0.191	-0.0068266	-0.0055136	-0.0038452	-0.0030644	-0.0018043	-0.0006068	+0.0007695	+0.0025791	+0.0042041	+0.0058577	+0.0071668	+0.0084121	+0.0095056	+0.0100000	+0.0100000	+0.0100000	+0.0100000	+0.0100000	+0.0100000	+0.0100000	+0.0100000
2013-04	0.328	-0.0075224	-0.0071304	-0.0064483	-0.0060163	-0.0049107	-0.0036231	-0.0019576	+0.0025751	+0.0048195	+0.0064812	+0.0076574	+0.0088345	+0.0100000	+0.0100000	+0.0100000	+0.0100000	+0.0100000	+0.0100000	+0.0100000	+0.0100000	+0.0100000
2013-05	0.060	-0.0061313	-0.0027721	-0.0007604	+0.0007013	+0.0015539	+0.0034034	+0.0067365	+0.0100000	+0.0100000	+0.0100000	+0.0100000	+0.0100000	+0.0100000	+0.0100000	+0.0100000	+0.0100000	+0.0100000	+0.0100000	+0.0100000	+0.0100000	+0.0100000
2013-06	0.005	-0.0096697	-0.0095779	-0.0093400	-0.0088488	-0.0082500	-0.0072567	-0.0058074	-0.0037403	-0.0010061	+0.0025327	+0.0063430	+0.0100000	+0.0100000	+0.0100000	+0.0100000	+0.0100000	+0.0100000	+0.0100000	+0.0100000	+0.0100000	+0.0100000
2013-07	-0.015	-0.0094432	-0.0089780	-0.0082449	-0.0076913	-0.0067129	-0.0059474	-0.0045286	-0.0032946	-0.0018144	-0.0001946	+0.0015749	+0.0032085	+0.0049209	+0.0061879	+0.0079153	+0.0091676	+0.0100000	+0.0100000	+0.0100000	+0.0100000	+0.0100000
2013-08	-0.061	-0.0095457	-0.0093483	-0.0090285	-0.0085658	-0.0078513	-0.0069136	-0.0058210	-0.0044967	-0.0028590	-0.0011474	+0.0006163	+0.0028086	+0.0045922	+0.0064219	+0.0088047	+0.0100000	+0.0100000	+0.0100000	+0.0100000	+0.0100000	+0.0100000
2013-09	0.120	-0.0098527	-0.0096511	-0.0094974	-0.0092376	-0.0088163	-0.0082797	-0.0074877	-0.0064075	-0.0052211	-0.0040458	-0.0027939	-0.0014259	+0.0004374	+0.0028263	+0.0066565	+0.0100000	+0.0100000	+0.0100000	+0.0100000	+0.0100000	+0.0100000
2013-10	-0.068	-0.0057797	-0.0052716	-0.0049418	-0.0044739	-0.0038649	-0.0030464	-0.0021004	+0.0004479	+0.0036824	+0.0047824	+0.0056978	+0.0064842	+0.0072098	+0.0078528	+0.0084916	+0.0090778	+0.0095071	+0.0100000	+0.0100000	+0.0100000	+0.0100000
2013-11	0.097	-0.0096630	-0.0093526	-0.0090657	-0.0085365	-0.0079059	-0.0071487	-0.0062267	-0.0051986	-0.0040471	-0.0028448	-0.0014385	-0.0002045	+0.0010124	+0.0023171	+0.0034072	+0.0046581	+0.0059102	+0.0078603	+0.0100000	+0.0100000	+0.0100000
2013-12	0.118	-0.0075609	-0.0054996	-0.0041185	-0.0034256	-0.0025474	-0.0013779	-0.0001639	+0.0021198	+0.0043284	+0.0057479	+0.0068795	+0.0078521	+0.0088243	+0.0096094	+0.0100000	+0.0100000	+0.0100000	+0.0100000	+0.0100000	+0.0100000	+0.0100000
2014-01	-0.088	-0.0061604	-0.0060301	-0.0055742	-0.0050906	-0.0033498	-0.0025998	-0.0020136	-0.0004831	+0.0008490	+0.0018906	+0.0034112	+0.0048225	+0.0059327	+0.0069727	+0.0081226	+0.0091889	+0.0099766	+0.0100000	+0.0100000	+0.0100000	+0.0100000
2014-02	0.015	-0.0098961	-0.0098214	-0.0097510	-0.0095353	-0.0093132	-0.0088582	-0.0080895	-0.0073670	-0.0063958	-0.0050409	-0.0037561	-0.0021784	-0.0002184	+0.0024678	+0.0100000	+0.0100000	+0.0100000	+0.0100000	+0.0100000	+0.0100000	+0.0100000
2014-03	-0.091	-0.0054899	-0.0050105	-0.0037913	-0.0032743	-0.0018756	-0.0014627	+0.0000490	+0.0010984	+0.0020923	+0.0035055	+0.0049074	+0.0057979	+0.0070274	+0.0078010	+0.0086924	+0.0093153	+0.0100000	+0.0100000	+0.0100000	+0.0100000	+0.0100000
2014-04	-0.059	-0.0099111	-0.0097598	-0.0096486	-0.0094214	-0.0091496	-0.0087252	-0.0081596	-0.0074570	-0.0066467	-0.0057361	-0.0045861	-0.0033384	-0.0022243	-0.0008449	+0.0006658	+0.0025034	+0.0054303	+0.0100000	+0.0100000	+0.0100000	+0.0100000
2014-05	0.033	-0.0097600	-0.0096362	-0.0094342	-0.0090263	-0.0084348	-0.0077222	-0.0067273	-0.0053866	-0.0037004	-0.0018856	+0.0001919	+0.0024087	+0.0047726	+0.0075294	+0.0100000	+0.0100000	+0.0100000	+0.0100000	+0.0100000	+0.0100000	+0.0100000
2014-06	0.012	-0.0091872	-0.0090951	-0.0087789	-0.0079597	-0.0070404	-0.0058933	-0.0046583	-0.0033292	-0.0017304	+0.0002610	+0.0020742	+0.0040648	+0.0055169	+0.0076027	+0.0092549	+0.0100000	+0.0100000	+0.0100000	+0.0100000	+0.0100000	+0.0100000
2014-07	-0.018	-0.0061021	-0.0058914	-0.0057120	-0.0054723	-0.0051612	-0.0048527	-0.0045017	-0.0040752	-0.0035442	-0.0029131	-0.0021907	-0.0015042	-0.0008241	-0.0000871	+0.0006504	+0.0013159	+0.0019402	+0.0024599	+0.0030301	+0.0035493	+0.0040519
2014-08	-0.056	-0.0065675	-0.0063099	-0.0059703	-0.0056476	-0.0053016	-0.0049229	-0.0045096	-0.0040649	-0.0035795	-0.0030652	-0.0025405	-0.0019974	-0.0014408	-0.0008709	-0.0002573	+0.0003222	+0.0008150	+0.0012439	+0.0016892	+0.0022060	+0.0027805
2014-09	-0.002	-0.0053752	-0.0048970	-0.0043672	-0.0037922	-0.0032804	-0.0026875	-0.0019970	-0.0013651	-0.0006462	+0.0000794	+0.0007227	+0.0014486	+0.0020126	+0.0025054	+0.0030165	+0.0034272	+0.0037189	+0.0039488	+0.0040871	+0.0042375	+0.0043491
2014-10	-0.035	-0.0092811	-0.0089330	-0.0083270	-0.0077275	-0.0070778	-0.0060180	-0.0047846	-0.0033574	-0.0019269	-0.0000694	+0.0015399	+0.0032039	+0.0049007	+0.0063192	+0.0077479	+0.0090044	+0.0100000	+0.0100000	+0.0100000	+0.0100000	+0.0100000
2014-11	0.038	-0.0096310	-0.0093806	-0.0091979	-0.0086391	-0.0081137	-0.0072548	-0.0062801	-0.0049869	-0.0035759	-0.0020649	-0.0004232	+0.0012573	+0.0029384	+0.0044999	+0.0062055	+0.0081120	+0.0100000	+0.0100000	+0.0100000	+0.0100000	+0.0100000
2014-12	-0.034	-0.0025014	-0.0021580	-0.0019518	-0.0016568	-0.0013769	-0.0009012	-0.0004344	+0.0003374	+0.0008832	+0.0016137	+0.0023195	+0.0031285	+0.0038605	+0.0045180	+0.0051146	+0.0056668	+0.0062601	+0.0067782	+0.0070843	+0.0075384	+0.0076271
2015-01	-0.064	-0.0094176	-0.0091262	-0.0087869	-0.0083550	-0.0076742	-0.0069720	-0.0060787	-0.0051610	-0.0041367	-0.0030175	-0.0018840	-0.0007782	+0.0002877	+0.0012409	+0.0021858	+0.0030403	+0.0038598	+0.0046038	+0.0054335	+0.0100000	+0.0100000
2015-02	0.005	-0.0087925	-0.0084869	-0.0080833	-0.0075405	-0.0068629	-0.0061537	-0.0053897	-0.0044102	-0.0034275	-0.0023185	-0.0012533	-0.0000044	+0.0010891	+0.0020540	+0.0030219	+0.0038153	+0.0047614	+0.0053730	+0.0059816	+0.0068190	+0.0070249
