2011-02	-0.059	-0.0043616	-0.0038127	-0.0037676	-0.0035605	-0.0034934	-0.0031311	-0.0028785	-0.0026463	-0.0022819	-0.0020097	-0.0015808	-0.0011610	-0.0007807	-0.0004822	-0.0000673	+0.0003019	+0.0005678	+0.0008014	+0.0010467	+0.0012976	+0.0016906
2011-03	0.076	-0.0088220	-0.0087221	-0.0084467	-0.0077844	-0.0071670	-0.0061548	-0.0051817	-0.0043061	-0.0034522	-0.0023885	-0.0013281	-0.0002381	+0.0005637	+0.0012417	+0.0017699	+0.0022566	+0.0026290	+0.0030751	+0.0033667	+0.0036443	+0.0100000
2011-04	0.016	-0.0091145	-0.0085090	-0.0080531	-0.0071798	-0.0064701	-0.0054344	-0.0043370	-0.0031807	-0.0018717	-0.0005431	+0.0008614	+0.0022148	+0.0035662	+0.0047487	+0.0058712	+0.0069155	+0.0078415	+0.0086763	+0.0095196	+0.0100000	+0.0100000
2011-05	-0.062	-0.0090298	-0.0086303	-0.0082439	-0.0077873	-0.0072912	-0.0066843	-0.0057557	-0.0049825	-0.0041537	-0.0031761	-0.0020987	-0.0010753	-0.0000851	+0.0008895	+0.0017994	+0.0025192	+0.0034927	+0.0041674	+0.0049057	+0.0058316	+0.0068151
2011-06	-0.005	-0.0055982	-0.0051519	-0.0046534	-0.0042825	-0.0041038	-0.0038159	-0.0033175	-0.0028346	-0.0023978	-0.0020418	-0.0015518	-0.0009592	-0.0002797	+0.0010639	+0.0020192	+0.0025871	+0.0029912	+0.0036319	+0.0043100	+0.0059570	+0.0062247
2011-07	-0.044	-0.0053020	-0.0051484	-0.0049736	-0.0047906	-0.0045402	-0.0042539	-0.0038845	-0.0034104	-0.0027530	-0.0020310	-0.0013149	-0.0005713	+0.0002227	+0.0010062	+0.0017258	+0.0024313	+0.0030448	+0.0037201	+0.0042505	+0.0048638	+0.0052338
2011-08	-0.118	-0.0096514	-0.0093820	-0.0092329	-0.0086708	-0.0078986	-0.0073161	-0.0069399	-0.0063773	-0.0053722	-0.0043836	-0.0036958	-0.0027942	-0.0015221	-0.0007722	+0.0000048	+0.0014327	+0.0021627	+0.0030320	+0.0035464	+0.0057043	+0.0100000
2011-09	-0.024	-0.0098848	-0.0098238	-0.0097358	-0.0095929	-0.0093516	-0.0089912	-0.0085006	-0.0078528	-0.0069753	-0.0058643	-0.0044276	-0.0023251	+0.0009055	+0.0079737	+0.0100000	+0.0100000	+0.0100000	+0.0100000	+0.0100000	+0.0100000	+0.0100000
2011-10	0.025	-0.0097761	-0.0094967	-0.0092599	-0.0090449	-0.0085651	-0.0080754	-0.0073739	-0.0066507	-0.0059038	-0.0050600	-0.0041601	-0.0031504	-0.0023328	-0.0014749	-0.0003877	+0.0004280	+0.0011947	+0.0023765	+0.0048418	+0.0100000	+0.0100000
2011-11	-0.060	-0.0068416	-0.0065845	-0.0058120	-0.0047952	-0.0042623	-0.0038152	-0.0022114	-0.0014905	-0.0002624	+0.0009260	+0.0021769	+0.0035602	+0.0047825	+0.0060374	+0.0071542	+0.0079429	+0.0088663	+0.0098939	+0.0100000	+0.0100000	+0.0100000
2011-12	-0.045	-0.0098844	-0.0097666	-0.0097175	-0.0096129	-0.0093792	-0.0091787	-0.0087573	-0.0081482	-0.0077081	-0.0071123	-0.0060046	-0.0052587	-0.0029257	+0.0012459	+0.0032191	+0.0100000	+0.0100000	+0.0100000	+0.0100000	+0.0100000	+0.0100000
2012-01	0.085	-0.0092506	-0.0089849	-0.0086592	-0.0082582	-0.0078373	-0.0073516	-0.0067667	-0.0061801	-0.0054737	-0.0047437	-0.0039635	-0.0031634	-0.0024274	-0.0016900	-0.0009834	-0.0003459	+0.0002624	+0.0007549	+0.0013200	+0.0018049	+0.0022275
2012-02	0.110	-0.0062660	-0.0056103	-0.0028583	-0.0015712	-0.0008483	-0.0001243	+0.0009247	+0.0024155	+0.0052399	+0.0063510	+0.0071915	+0.0078950	+0.0085012	+0.0090191	+0.0095237	+0.0098309	+0.0100000	+0.0100000	+0.0100000	+0.0100000	+0.0100000
2012-03	-0.007	-0.0063049	-0.0057210	-0.0049501	-0.0021359	-0.0012983	-0.0006323	+0.0001011	+0.0011200	+0.0038061	+0.0048678	+0.0055795	+0.0061479	+0.0066517	+0.0070955	+0.0074822	+0.0078165	+0.0081176	+0.0083572	+0.0085822	+0.0087886	+0.0090083
2012-04	0.006	-0.0054883	-0.0051444	-0.0047926	-0.0044062	-0.0039524	-0.0034780	-0.0029233	-0.0023182	-0.0016105	-0.0008603	-0.0000590	+0.0007824	+0.0016043	+0.0023632	+0.0031018	+0.0038560	+0.0045194	+0.0050565	+0.0057010	+0.0061002	+0.0067530
2012-05	-0.103	-0.0052842	-0.0050317	-0.0047791	-0.0044786	-0.0041561	-0.0038165	-0.0033482	-0.0028306	-0.0023016	-0.0016250	-0.0009705	-0.0002534	+0.0003880	+0.0010829	+0.0017492	+0.0023407	+0.0029359	+0.0033711	+0.0038174	+0.0039383	+0.0045977
2012-06	0.004	-0.0098045	-0.0097396	-0.0096352	-0.0094212	-0.0091350	-0.0088995	-0.0084351	-0.0079953	-0.0073903	-0.0066477	-0.0057908	-0.0047133	-0.0028287	-0.0007938	+0.0005934	+0.0017619	+0.0035077	+0.0065123	+0.0090569	+0.0100000	+0.0100000
2012-07	0.016	-0.0043014	-0.0038433	-0.0033526	-0.0028812	-0.0023625	-0.0017498	-0.0011739	-0.0004799	+0.0001636	+0.0009375	+0.0015559	+0.0023056	+0.0029072	+0.0035321	+0.0040412	+0.0044660	+0.0049403	+0.0052666	+0.0055580	+0.0058600	+0.0062219
2012-08	0.005	-0.0050648	-0.0049451	-0.0047483	-0.0045190	-0.0042176	-0.0039530	-0.0036479	-0.0033076	-0.0029510	-0.0025610	-0.0021867	-0.0017858	-0.0013896	-0.0010292	-0.0006301	-0.0002455	+0.0000624	+0.0003545	+0.0006522	+0.0009787	+0.0012749
2012-09	0.037	-0.0057984	-0.0053610	-0.0048993	-0.0044143	-0.0039612	-0.0034656	-0.0028800	-0.0021762	-0.0015211	-0.0008842	-0.0001143	+0.0006383	+0.0011994	+0.0017435	+0.0024049	+0.0029470	+0.0032873	+0.0035407	+0.0037473	+0.0039131	+0.0040680
2012-10	0.042	-0.0031834	-0.0029048	-0.0024938	-0.0019342	-0.0014978	-0.0009179	-0.0003583	+0.0003458	+0.0010371	+0.0017953	+0.0025184	+0.0033891	+0.0040804	+0.0047452	+0.0054012	+0.0059787	+0.0065016	+0.0069217	+0.0073082	+0.0074791	+0.0079204
2012-11	0.045	-0.0039335	-0.0035230	-0.0029091	-0.0021443	-0.0014556	-0.0008824	-0.0003271	+0.0002825	+0.0011282	+0.0019721	+0.0025970	+0.0030548	+0.0034297	+0.0037350	+0.0040117	+0.0042538	+0.0044612	+0.0046312	+0.0048235	+0.0049873	+0.0050755
2012-12	0.080	-0.0033269	-0.0031282	-0.0028548	-0.0025401	-0.0022021	-0.0018739	-0.0015008	-0.0010685	-0.0005798	-0.0000971	+0.0003961	+0.0009096	+0.0013963	+0.0018473	+0.0022496	+0.0026351	+0.0029636	+0.0032516	+0.0035435	+0.0037542	+0.0038940
2013-01	0.122	-0.0049702	-0.0046029	-0.0018423	-0.0012865	-0.0009672	-0.0005233	-0.0000607	+0.0008841	+0.0032709	+0.0038883	+0.0043069	+0.0047028	+0.0050373	+0.0053449	+0.0056428	+0.0059328	+0.0061546	+0.0063711	+0.0066488	+0.0068706	+0.0070578
2013-02	-0.035	-0.0030547	-0.0025146	-0.0013686	-0.0009374	-0.0003530	+0.0002000	+0.0009728	+0.0018035	+0.0026997	+0.0035495	+0.0043480	+0.0049204	+0.0054406	+0.0059286	+0.0064705	+0.0067785	+0.0072271	+0.0075516	+0.0079655	+0.0081500	+0.0085984
2013-03	0.006	-0.0082415	-0.0079363	-0.0076414	-0.0067649	-0.0063900	-0.0056395	-0.0050042	-0.0042978	-0.0035502	-0.0026294	-0.0019544	-0.0011560	-0.0005926	-0.0000118	+0.0004749	+0.0009047	+0.0012775	+0.0015850	+0.0018367	+0.0021330	+0.0023453
2013-04	0.064	-0.0079703	-0.0076520	-0.0074527	-0.0070760	-0.0065899	-0.0059542	-0.0052157	-0.0044088	-0.0031419	-0.0021539	-0.0009929	+0.0001649	+0.0013801	+0.0025602	+0.0034363	+0.0044033	+0.0052077	+0.0061524	+0.0069436	+0.0075807	+0.0081103
2013-05	0.082	-0.0052763	-0.0046792	-0.0038923	-0.0029932	-0.0021184	-0.0012383	-0.0002607	+0.0007717	+0.0017978	+0.0028589	+0.0038780	+0.0048573	+0.0057566	+0.0065725	+0.0072888	+0.0079517	+0.0084985	+0.0090707	+0.0094820	+0.0098881	+0.0100000
2013-06	-0.111	-0.0087794	-0.0079372	-0.0069108	-0.0059123	-0.0050095	-0.0035689	-0.0020837	-0.0007010	+0.0009293	+0.0024735	+0.0039733	+0.0055582	+0.0068260	+0.0079872	+0.0090278	+0.0100000	+0.0100000	+0.0100000	+0.0100000	+0.0100000	+0.0100000
2013-07	0.022	-0.0099555	-0.0098908	-0.0098300	-0.0097519	-0.0096152	-0.0093381	-0.0090624	-0.0086138	-0.0080066	-0.0071077	-0.0060704	-0.0044286	-0.0011323	+0.0013226	+0.0100000	+0.0100000	+0.0100000	+0.0100000	+0.0100000	+0.0100000	+0.0100000
2013-08	-0.035	-0.0071371	-0.0066242	-0.0061056	-0.0053584	-0.0042715	-0.0035562	-0.0029497	-0.0020670	-0.0007653	+0.0000257	+0.0007741	+0.0018283	+0.0028896	+0.0034929	+0.0039826	+0.0043991	+0.0047556	+0.0050597	+0.0053794	+0.0056442	+0.0059720
2013-09	0.053	-0.0085562	-0.0082972	-0.0078790	-0.0074106	-0.0068914	-0.0062373	-0.0054885	-0.0046868	-0.0038161	-0.0028528	-0.0018070	-0.0007816	+0.0001991	+0.0011361	+0.0020865	+0.0029265	+0.0036341	+0.0043334	+0.0049356	+0.0055632	+0.0061323
2013-10	0.020	-0.0068917	-0.0065842	-0.0064493	-0.0059611	-0.0049801	-0.0037444	-0.0023079	-0.0005914	+0.0008871	+0.0022777	+0.0034435	+0.0046242	+0.0056595	+0.0066837	+0.0074210	+0.0081550	+0.0091578	+0.0100000	+0.0100000	+0.0100000	+0.0100000
2013-11	0.062	-0.0019160	-0.0016990	-0.0014392	-0.0011599	-0.0008582	-0.0005529	-0.0002351	+0.0001285	+0.0004946	+0.0008759	+0.0012510	+0.0016241	+0.0019787	+0.0022929	+0.0025830	+0.0028587	+0.0030910	+0.0033080	+0.0034829	+0.0036787	+0.0037858
2013-12	0.045	-0.0034353	-0.0027355	-0.0022368	-0.0019380	-0.0012744	-0.0003710	+0.0002513	+0.0009732	+0.0019259	+0.0026583	+0.0034050	+0.0043519	+0.0050461	+0.0055678	+0.0061415	+0.0069120	+0.0073713	+0.0076203	+0.0078876	+0.0080077	+0.0081080
2014-01	-0.017	-0.0030627	-0.0028476	-0.0021925	-0.0019154	-0.0012125	-0.0008720	-0.0003975	+0.0000679	+0.0007059	+0.0013769	+0.0018588	+0.0022059	+0.0025548	+0.0028116	+0.0032011	+0.0034104	+0.0036626	+0.0038969	+0.0040196	+0.0043872	+0.0045622
2014-02	0.018	-0.0093612	-0.0091101	-0.0086198	-0.0076621	-0.0070233	-0.0060154	-0.0053927	-0.0046673	-0.0035195	-0.0023471	-0.0013151	-0.0004203	+0.0006439	+0.0017273	+0.0025510	+0.0031475	+0.0036360	+0.0039949	+0.0044488	+0.0045248	+0.0050547
2014-03	0.055	-0.0009034	-0.0007579	-0.0006207	-0.0004851	-0.0001878	+0.0000850	+0.0004860	+0.0008093	+0.0012466	+0.0016613	+0.0020688	+0.0025773	+0.0030297	+0.0033884	+0.0037681	+0.0041944	+0.0043948	+0.0047760	+0.0049468	+0.0050433	+0.0051454
2014-04	-0.013	-0.0044328	-0.0041870	-0.0037111	-0.0033052	-0.0029020	-0.0024035	-0.0018464	-0.0011918	-0.0004877	+0.0003698	+0.0014120	+0.0024098	+0.0034508	+0.0045036	+0.0053718	+0.0063742	+0.0074768	+0.0079910	+0.0088452	+0.0094580	+0.0100000
2014-05	0.007	-0.0035690	-0.0033977	-0.0032257	-0.0030292	-0.0028157	-0.0026154	-0.0023797	-0.0021246	-0.0018739	-0.0016056	-0.0013347	-0.0010620	-0.0008009	-0.0005549	-0.0003274	-0.0001081	+0.0000866	+0.0002689	+0.0004524	+0.0006017	+0.0007378
2014-06	-0.002	-0.0039033	-0.0036448	-0.0032219	-0.0029135	-0.0023757	-0.0008209	-0.0003932	+0.0000779	+0.0006136	+0.0018644	+0.0027496	+0.0031838	+0.0035946	+0.0039359	+0.0041171	+0.0043478	+0.0044529	+0.0045833	+0.0047717	+0.0048636	+0.0048861
2014-07	0.059	-0.0031465	-0.0030009	-0.0028335	-0.0026514	-0.0024507	-0.0022264	-0.0019937	-0.0017356	-0.0014447	-0.0011546	-0.0008412	-0.0005395	-0.0002402	+0.0000399	+0.0002993	+0.0005302	+0.0007678	+0.0009460	+0.0011460	+0.0013306	+0.0014700
2014-08	-0.012	-0.0041073	-0.0037179	-0.0032335	-0.0027500	-0.0022099	-0.0016698	-0.0010510	-0.0003983	+0.0003044	+0.0009840	+0.0016556	+0.0023344	+0.0029585	+0.0035218	+0.0039900	+0.0043890	+0.0047492	+0.0050378	+0.0052871	+0.0054929	+0.0057350
2014-09	0.035	-0.0037802	-0.0035065	-0.0031971	-0.0028857	-0.0025422	-0.0021143	-0.0016681	-0.0011777	-0.0006360	-0.0000857	+0.0004917	+0.0010569	+0.0016136	+0.0021299	+0.0025829	+0.0030031	+0.0033902	+0.0037127	+0.0040213	+0.0042939	+0.0044941
2014-10	0.004	-0.0061304	-0.0055749	-0.0043474	-0.0037585	-0.0029935	-0.0026373	-0.0021436	-0.0010329	-0.0002583	+0.0004688	+0.0009915	+0.0014910	+0.0022613	+0.0029130	+0.0032968	+0.0035420	+0.0040958	+0.0049701	+0.0051926	+0.0055677	+0.0056133
2014-11	0.087	-0.0080160	-0.0075178	-0.0070711	-0.0064706	-0.0058219	-0.0051487	-0.0043785	-0.0035202	-0.0026169	-0.0016744	-0.0006938	+0.0002869	+0.0012140	+0.0020757	+0.0028568	+0.0035782	+0.0042477	+0.0048212	+0.0053290	+0.0058223	+0.0062193
2014-12	-0.013	-0.0025609	-0.0020334	-0.0015595	-0.0013253	-0.0005358	-0.0002834	+0.0002210	+0.0007485	+0.0013782	+0.0019023	+0.0024298	+0.0029841	+0.0033654	+0.0037539	+0.0040965	+0.0044604	+0.0046226	+0.0048927	+0.0049912	+0.0051916	+0.0053306
2015-01	0.066	-0.0094967	-0.0092599	-0.0088687	-0.0083513	-0.0076850	-0.0069386	-0.0059876	-0.0049381	-0.0037600	-0.0025325	-0.0012349	+0.0000844	+0.0013457	+0.0025621	+0.0037312	+0.0048565	+0.0059654	+0.0072913	+0.0095164	+0.0100000	+0.0100000
2015-02	-0.020	-0.0030105	-0.0022673	-0.0015285	-0.0007210	-0.0003940	+0.0001037	+0.0007406	+0.0015334	+0.0023403	+0.0030595	+0.0035555	+0.0040956	+0.0044336	+0.0048218	+0.0051997	+0.0054508	+0.0056365	+0.0059440	+0.0060665	+0.0063148	+0.0063405
