2013-01	-0.014	-0.0000860	-0.0000538	-0.0000161	+0.0000276	+0.0000633	+0.0001014	+0.0001387	+0.0001784	+0.0002197	+0.0002622	+0.0003048	+0.0003484	+0.0003925	+0.0004340	+0.0004741	+0.0005108	+0.0005458	+0.0005774	+0.0006103	+0.0006460	+0.0006783
2013-02	0.013	-0.0001064	-0.0000743	-0.0000294	+0.0000085	+0.0000492	+0.0000873	+0.0001244	+0.0001640	+0.0002047	+0.0002460	+0.0002889	+0.0003328	+0.0003761	+0.0004188	+0.0004615	+0.0005027	+0.0005397	+0.0005721	+0.0006075	+0.0006362	+0.0006580
2013-03	0.004	-0.0001258	-0.0000802	-0.0000370	+0.0000007	+0.0000384	+0.0000769	+0.0001140	+0.0001526	+0.0001923	+0.0002341	+0.0002769	+0.0003216	+0.0003668	+0.0004101	+0.0004513	+0.0004891	+0.0005281	+0.0005647	+0.0005982	+0.0006270	+0.0006576
2013-04	0.014	-0.0001146	-0.0000811	-0.0000477	-0.0000156	+0.0000219	+0.0000543	+0.0000886	+0.0001269	+0.0001658	+0.0002077	+0.0002538	+0.0003001	+0.0003446	+0.0003886	+0.0004319	+0.0004723	+0.0005118	+0.0005477	+0.0005795	+0.0006112	+0.0006438
2013-05	-0.027	-0.0001263	-0.0000921	-0.0000513	-0.0000139	+0.0000206	+0.0000532	+0.0000908	+0.0001283	+0.0001659	+0.0002061	+0.0002471	+0.0002885	+0.0003320	+0.0003717	+0.0004095	+0.0004464	+0.0004777	+0.0005082	+0.0005389	+0.0005661	+0.0005949
2013-06	-0.033	-0.0001030	-0.0000709	-0.0000435	-0.0000132	+0.0000183	+0.0000508	+0.0000853	+0.0001217	+0.0001615	+0.0002027	+0.0002447	+0.0002882	+0.0003302	+0.0003710	+0.0004113	+0.0004482	+0.0004859	+0.0005199	+0.0005557	+0.0005823	+0.0006093
2013-07	-0.001	-0.0002390	-0.0002097	-0.0001684	-0.0001321	-0.0000915	-0.0000525	-0.0000129	+0.0000294	+0.0000733	+0.0001176	+0.0001623	+0.0002081	+0.0002518	+0.0002928	+0.0003319	+0.0003704	+0.0004100	+0.0004438	+0.0004762	+0.0005087	+0.0005440
2013-08	-0.009	-0.0003722	-0.0003388	-0.0003054	-0.0002704	-0.0002325	-0.0001897	-0.0001503	-0.0001063	-0.0000574	-0.0000112	+0.0000351	+0.0000789	+0.0001196	+0.0001597	+0.0001952	+0.0002281	+0.0002573	+0.0002821	+0.0003053	+0.0003240	+0.0003421
2013-09	0.013	-0.0003831	-0.0003541	-0.0003196	-0.0002858	-0.0002493	-0.0002121	-0.0001719	-0.0001303	-0.0000856	-0.0000370	+0.0000091	+0.0000530	+0.0000951	+0.0001344	+0.0001707	+0.0002018	+0.0002324	+0.0002564	+0.0002817	+0.0003030	+0.0003234
2013-10	0.011	-0.0003767	-0.0003484	-0.0003167	-0.0002843	-0.0002486	-0.0002101	-0.0001721	-0.0001310	-0.0000872	-0.0000425	+0.0000022	+0.0000448	+0.0000861	+0.0001246	+0.0001574	+0.0001902	+0.0002193	+0.0002479	+0.0002701	+0.0002919	+0.0003097
2013-11	-0.008	-0.0003805	-0.0003469	-0.0003087	-0.0002739	-0.0002373	-0.0001987	-0.0001550	-0.0001109	-0.0000662	-0.0000185	+0.0000281	+0.0000730	+0.0001153	+0.0001556	+0.0001917	+0.0002234	+0.0002523	+0.0002770	+0.0002997	+0.0003184	+0.0003340
2013-12	-0.014	-0.0003765	-0.0003411	-0.0002993	-0.0002688	-0.0002299	-0.0001877	-0.0001458	-0.0001002	-0.0000543	-0.0000061	+0.0000420	+0.0000885	+0.0001323	+0.0001727	+0.0002099	+0.0002429	+0.0002717	+0.0003009	+0.0003239	+0.0003430	+0.0003628
2014-01	0.018	-0.0003784	-0.0003506	-0.0003157	-0.0002791	-0.0002402	-0.0001992	-0.0001600	-0.0001164	-0.0000715	-0.0000256	+0.0000200	+0.0000632	+0.0001032	+0.0001393	+0.0001736	+0.0002066	+0.0002348	+0.0002604	+0.0002862	+0.0003062	+0.0003289
2014-02	0.009	-0.0003655	-0.0003378	-0.0003075	-0.0002739	-0.0002371	-0.0001964	-0.0001557	-0.0001124	-0.0000696	-0.0000238	+0.0000234	+0.0000707	+0.0001138	+0.0001506	+0.0001869	+0.0002189	+0.0002496	+0.0002778	+0.0003041	+0.0003298	+0.0003491
2014-03	-0.002	-0.0003692	-0.0003310	-0.0002959	-0.0002622	-0.0002259	-0.0001881	-0.0001458	-0.0001000	-0.0000540	-0.0000060	+0.0000412	+0.0000864	+0.0001293	+0.0001695	+0.0002048	+0.0002373	+0.0002662	+0.0002962	+0.0003197	+0.0003442	+0.0003635
2014-04	0.005	-0.0003550	-0.0003247	-0.0002926	-0.0002594	-0.0002226	-0.0001837	-0.0001455	-0.0001025	-0.0000585	-0.0000142	+0.0000327	+0.0000770	+0.0001199	+0.0001581	+0.0001942	+0.0002256	+0.0002526	+0.0002782	+0.0003009	+0.0003272	+0.0003470
2014-05	0.025	-0.0004002	-0.0003631	-0.0003258	-0.0002901	-0.0002499	-0.0002088	-0.0001656	-0.0001219	-0.0000771	-0.0000310	+0.0000142	+0.0000593	+0.0001005	+0.0001393	+0.0001740	+0.0002038	+0.0002311	+0.0002578	+0.0002813	+0.0003047	+0.0003267
2014-06	-0.004	-0.0003771	-0.0003482	-0.0003122	-0.0002795	-0.0002428	-0.0002073	-0.0001685	-0.0001270	-0.0000834	-0.0000384	+0.0000066	+0.0000515	+0.0000932	+0.0001314	+0.0001641	+0.0001951	+0.0002197	+0.0002410	+0.0002625	+0.0002796	+0.0002959
2014-07	-0.001	-0.0003714	-0.0003389	-0.0003121	-0.0002744	-0.0002353	-0.0001981	-0.0001576	-0.0001143	-0.0000705	-0.0000264	+0.0000161	+0.0000591	+0.0001000	+0.0001365	+0.0001694	+0.0001979	+0.0002230	+0.0002441	+0.0002640	+0.0002847	+0.0003029
2014-08	0.017	-0.0003581	-0.0003254	-0.0002925	-0.0002628	-0.0002273	-0.0001874	-0.0001456	-0.0001033	-0.0000605	-0.0000143	+0.0000288	+0.0000702	+0.0001101	+0.0001491	+0.0001832	+0.0002133	+0.0002388	+0.0002621	+0.0002839	+0.0002999	+0.0003178
2014-09	-0.008	-0.0003585	-0.0003315	-0.0003047	-0.0002660	-0.0002312	-0.0001938	-0.0001547	-0.0001077	-0.0000622	-0.0000145	+0.0000300	+0.0000741	+0.0001152	+0.0001537	+0.0001888	+0.0002209	+0.0002477	+0.0002760	+0.0003004	+0.0003226	+0.0003423
2014-10	0.012	-0.0003569	-0.0003259	-0.0002909	-0.0002561	-0.0002193	-0.0001813	-0.0001408	-0.0000989	-0.0000554	-0.0000108	+0.0000341	+0.0000775	+0.0001187	+0.0001564	+0.0001891	+0.0002200	+0.0002494	+0.0002728	+0.0002967	+0.0003163	+0.0003323
2014-11	0.006	-0.0003443	-0.0003181	-0.0002904	-0.0002561	-0.0002196	-0.0001805	-0.0001396	-0.0000953	-0.0000508	-0.0000049	+0.0000392	+0.0000817	+0.0001227	+0.0001597	+0.0001933	+0.0002238	+0.0002495	+0.0002725	+0.0002930	+0.0003100	+0.0003284
2014-12	0.003	-0.0003348	-0.0003074	-0.0002760	-0.0002423	-0.0002067	-0.0001664	-0.0001262	-0.0000832	-0.0000367	+0.0000111	+0.0000578	+0.0001019	+0.0001425	+0.0001797	+0.0002132	+0.0002424	+0.0002692	+0.0002950	+0.0003171	+0.0003367	+0.0003535
2015-01	0.032	-0.0003160	-0.0002874	-0.0002514	-0.0002119	-0.0001785	-0.0001423	-0.0001028	-0.0000593	-0.0000137	+0.0000320	+0.0000767	+0.0001188	+0.0001585	+0.0001953	+0.0002288	+0.0002583	+0.0002851	+0.0003070	+0.0003264	+0.0003449	+0.0003601
2015-02	-0.002	-0.0003206	-0.0002835	-0.0002481	-0.0002063	-0.0001660	-0.0001235	-0.0000806	-0.0000346	+0.0000142	+0.0000630	+0.0001100	+0.0001525	+0.0001949	+0.0002344	+0.0002695	+0.0003015	+0.0003295	+0.0003536	+0.0003760	+0.0003973	+0.0004189
