2013-01	0.124	-0.0009289	-0.0008388	-0.0007550	-0.0006555	-0.0005502	-0.0004324	-0.0003120	-0.0001776	-0.0000381	+0.0001090	+0.0002543	+0.0003971	+0.0005367	+0.0006637	+0.0007879	+0.0008944	+0.0009946	+0.0010912	+0.0011801	+0.0012557	+0.0013392
2013-02	0.037	-0.0007476	-0.0006553	-0.0005485	-0.0004487	-0.0003421	-0.0002292	-0.0001098	+0.0000193	+0.0001572	+0.0003076	+0.0004588	+0.0006094	+0.0007566	+0.0008951	+0.0010230	+0.0011465	+0.0012530	+0.0013471	+0.0014400	+0.0015230	+0.0015973
2013-03	0.115	-0.0005381	-0.0004315	-0.0003393	-0.0002492	-0.0001324	-0.0000114	+0.0001180	+0.0002558	+0.0004029	+0.0005551	+0.0007114	+0.0008678	+0.0010143	+0.0011453	+0.0012813	+0.0014043	+0.0015187	+0.0016184	+0.0017215	+0.0018092	+0.0018990
2013-04	0.161	-0.0004513	-0.0003337	-0.0002331	-0.0001301	-0.0000051	+0.0001247	+0.0002678	+0.0004193	+0.0005823	+0.0007506	+0.0009224	+0.0010851	+0.0012453	+0.0013987	+0.0015501	+0.0016903	+0.0018374	+0.0019656	+0.0020701	+0.0021688	+0.0022685
2013-05	-0.056	-0.0003521	-0.0002518	-0.0001316	+0.0000059	+0.0001334	+0.0002739	+0.0004169	+0.0005741	+0.0007451	+0.0009220	+0.0011130	+0.0013002	+0.0014887	+0.0016657	+0.0018330	+0.0019800	+0.0021208	+0.0022416	+0.0023592	+0.0024689	+0.0025676
2013-06	-0.008	-0.0003061	-0.0001898	-0.0000678	+0.0000595	+0.0002040	+0.0003559	+0.0005192	+0.0006988	+0.0008935	+0.0010952	+0.0013010	+0.0015147	+0.0017275	+0.0019337	+0.0021367	+0.0023163	+0.0024865	+0.0026562	+0.0028180	+0.0029694	+0.0031137
2013-07	0.019	-0.0006722	-0.0004689	-0.0002771	-0.0001049	+0.0000782	+0.0002668	+0.0004617	+0.0006551	+0.0008543	+0.0010516	+0.0012573	+0.0014680	+0.0016752	+0.0018676	+0.0020492	+0.0022220	+0.0023863	+0.0025287	+0.0026646	+0.0027968	+0.0029310
2013-08	-0.023	-0.0003138	-0.0001888	-0.0000839	+0.0000315	+0.0001573	+0.0003054	+0.0004624	+0.0006542	+0.0008470	+0.0010518	+0.0012591	+0.0014766	+0.0016835	+0.0018840	+0.0020726	+0.0022435	+0.0024120	+0.0025674	+0.0027064	+0.0028632	+0.0029985
2013-09	0.081	-0.0004233	-0.0002654	-0.0001206	+0.0000325	+0.0001970	+0.0003523	+0.0005396	+0.0007223	+0.0009107	+0.0011129	+0.0013236	+0.0015349	+0.0017383	+0.0019415	+0.0021188	+0.0022883	+0.0024609	+0.0026128	+0.0027468	+0.0028850	+0.0030245
2013-10	0.021	-0.0002924	-0.0001338	+0.0000146	+0.0001693	+0.0003438	+0.0005080	+0.0006681	+0.0008441	+0.0010274	+0.0012206	+0.0014210	+0.0016234	+0.0018262	+0.0020199	+0.0022072	+0.0023745	+0.0025253	+0.0026490	+0.0027861	+0.0028984	+0.0030054
2013-11	0.021	-0.0002879	-0.0001348	+0.0000506	+0.0002419	+0.0004300	+0.0005938	+0.0007586	+0.0009356	+0.0011187	+0.0013059	+0.0015056	+0.0017120	+0.0019112	+0.0021010	+0.0022813	+0.0024533	+0.0026055	+0.0027535	+0.0028977	+0.0030243	+0.0031398
2013-12	0.038	-0.0003740	-0.0001650	+0.0000698	+0.0002690	+0.0004583	+0.0006396	+0.0008117	+0.0009860	+0.0011764	+0.0013668	+0.0015611	+0.0017606	+0.0019546	+0.0021450	+0.0023332	+0.0025001	+0.0026593	+0.0028139	+0.0029629	+0.0031015	+0.0032324
2014-01	0.026	-0.0007034	-0.0004597	-0.0002258	+0.0000683	+0.0003216	+0.0005185	+0.0007040	+0.0008919	+0.0010876	+0.0012944	+0.0015053	+0.0017068	+0.0018971	+0.0020836	+0.0022566	+0.0024252	+0.0025894	+0.0027357	+0.0028764	+0.0030276	+0.0031764
2014-02	-0.030	-0.0007173	-0.0004859	-0.0002335	+0.0000511	+0.0003279	+0.0005463	+0.0007283	+0.0009142	+0.0010992	+0.0012965	+0.0015070	+0.0017084	+0.0019095	+0.0020959	+0.0022705	+0.0024421	+0.0026021	+0.0027405	+0.0028616	+0.0029743	+0.0030904
2014-03	-0.025	-0.0003167	-0.0001483	+0.0000455	+0.0002405	+0.0004047	+0.0005750	+0.0007385	+0.0009085	+0.0010973	+0.0012848	+0.0014831	+0.0016822	+0.0018786	+0.0020688	+0.0022522	+0.0024292	+0.0025956	+0.0027627	+0.0028968	+0.0030371	+0.0031749
2014-04	-0.053	-0.0004092	-0.0001868	+0.0000245	+0.0002065	+0.0003811	+0.0005531	+0.0007247	+0.0009014	+0.0010940	+0.0012946	+0.0014943	+0.0016860	+0.0018723	+0.0020495	+0.0022331	+0.0023931	+0.0025514	+0.0026969	+0.0028322	+0.0029427	+0.0030623
2014-05	0.041	-0.0002231	-0.0000396	+0.0001307	+0.0002824	+0.0004400	+0.0005871	+0.0007570	+0.0009276	+0.0011182	+0.0013109	+0.0015140	+0.0017061	+0.0018926	+0.0020738	+0.0022475	+0.0023985	+0.0025405	+0.0026833	+0.0028087	+0.0029341	+0.0030486
2014-06	0.078	-0.0007670	-0.0004524	-0.0001517	+0.0001071	+0.0003150	+0.0005050	+0.0006822	+0.0008659	+0.0010524	+0.0012453	+0.0014473	+0.0016498	+0.0018447	+0.0020350	+0.0022038	+0.0023745	+0.0025426	+0.0027006	+0.0028539	+0.0029890	+0.0031113
2014-07	0.040	-0.0004721	-0.0002348	-0.0000316	+0.0001553	+0.0003263	+0.0005002	+0.0006704	+0.0008509	+0.0010399	+0.0012439	+0.0014477	+0.0016581	+0.0018577	+0.0020461	+0.0022301	+0.0023975	+0.0025579	+0.0027067	+0.0028573	+0.0029998	+0.0031114
2014-08	0.021	-0.0003422	-0.0001708	+0.0000602	+0.0002663	+0.0004459	+0.0006256	+0.0008087	+0.0009896	+0.0011870	+0.0013886	+0.0015972	+0.0018068	+0.0020022	+0.0021857	+0.0023586	+0.0025182	+0.0026732	+0.0028174	+0.0029402	+0.0030666	+0.0031816
2014-09	0.019	-0.0003708	-0.0001555	+0.0000682	+0.0002984	+0.0005060	+0.0006766	+0.0008656	+0.0010485	+0.0012390	+0.0014361	+0.0016369	+0.0018420	+0.0020390	+0.0022161	+0.0023934	+0.0025523	+0.0026987	+0.0028468	+0.0029759	+0.0030900	+0.0032078
2014-10	-0.021	-0.0004108	-0.0001890	+0.0000543	+0.0002788	+0.0004614	+0.0006339	+0.0008126	+0.0010020	+0.0011972	+0.0014081	+0.0016134	+0.0018124	+0.0020045	+0.0021958	+0.0023792	+0.0025523	+0.0027176	+0.0028616	+0.0030059	+0.0031349	+0.0032482
2014-11	0.030	-0.0004955	-0.0002796	-0.0000432	+0.0001624	+0.0003474	+0.0005242	+0.0007086	+0.0009018	+0.0010974	+0.0012999	+0.0015169	+0.0017274	+0.0019377	+0.0021421	+0.0023299	+0.0025011	+0.0026440	+0.0027794	+0.0029158	+0.0030404	+0.0031708
2014-12	0.019	-0.0005972	-0.0003330	-0.0001395	+0.0000319	+0.0001950	+0.0003526	+0.0005212	+0.0007049	+0.0008869	+0.0010768	+0.0012812	+0.0014876	+0.0016900	+0.0018799	+0.0020634	+0.0022321	+0.0024076	+0.0025670	+0.0027169	+0.0028608	+0.0029902
2015-01	0.016	-0.0005443	-0.0003343	-0.0001295	+0.0000365	+0.0001942	+0.0003382	+0.0004981	+0.0006649	+0.0008339	+0.0010278	+0.0012312	+0.0014314	+0.0016324	+0.0018212	+0.0020032	+0.0021709	+0.0023177	+0.0024760	+0.0026128	+0.0027455	+0.0028854
2015-02	-0.023	-0.0005819	-0.0003889	-0.0002093	-0.0000305	+0.0001285	+0.0002779	+0.0004150	+0.0005642	+0.0007196	+0.0008882	+0.0010591	+0.0012372	+0.0014187	+0.0015910	+0.0017586	+0.0019234	+0.0020787	+0.0022247	+0.0023652	+0.0025012	+0.0026161
