2013-01	0.067	-0.0005453	-0.0004931	-0.0004466	-0.0003958	-0.0003378	-0.0002746	-0.0002045	-0.0001271	-0.0000437	+0.0000448	+0.0001374	+0.0002344	+0.0003297	+0.0004202	+0.0005044	+0.0005847	+0.0006631	+0.0007382	+0.0008059	+0.0008604	+0.0009119
2013-02	0.021	-0.0004428	-0.0004002	-0.0003523	-0.0002992	-0.0002385	-0.0001726	-0.0000961	-0.0000099	+0.0000862	+0.0001873	+0.0002900	+0.0003955	+0.0005038	+0.0006023	+0.0006980	+0.0007846	+0.0008679	+0.0009442	+0.0010129	+0.0010861	+0.0011582
2013-03	0.064	-0.0004549	-0.0003969	-0.0003294	-0.0002613	-0.0001935	-0.0001156	-0.0000228	+0.0000735	+0.0001786	+0.0002906	+0.0004087	+0.0005263	+0.0006431	+0.0007554	+0.0008586	+0.0009588	+0.0010490	+0.0011341	+0.0012152	+0.0012909	+0.0013579
2013-04	0.043	-0.0004350	-0.0003695	-0.0002981	-0.0002258	-0.0001477	-0.0000591	+0.0000356	+0.0001405	+0.0002563	+0.0003823	+0.0005059	+0.0006308	+0.0007507	+0.0008698	+0.0009822	+0.0010912	+0.0011948	+0.0012889	+0.0013950	+0.0014813	+0.0015775
2013-05	-0.033	-0.0003528	-0.0002818	-0.0002166	-0.0001379	-0.0000456	+0.0000452	+0.0001472	+0.0002602	+0.0003796	+0.0005036	+0.0006348	+0.0007649	+0.0008937	+0.0010122	+0.0011287	+0.0012335	+0.0013353	+0.0014258	+0.0014984	+0.0015802	+0.0016504
2013-06	-0.035	-0.0002789	-0.0002098	-0.0001389	-0.0000547	+0.0000330	+0.0001314	+0.0002317	+0.0003461	+0.0004753	+0.0006016	+0.0007314	+0.0008622	+0.0009908	+0.0011184	+0.0012290	+0.0013338	+0.0014335	+0.0015425	+0.0016318	+0.0017180	+0.0017919
2013-07	-0.008	-0.0005361	-0.0004256	-0.0003088	-0.0002090	-0.0000967	+0.0000205	+0.0001377	+0.0002694	+0.0004008	+0.0005385	+0.0006763	+0.0008138	+0.0009487	+0.0010745	+0.0011910	+0.0012924	+0.0013872	+0.0014740	+0.0015598	+0.0016418	+0.0017234
2013-08	-0.018	-0.0004584	-0.0003744	-0.0002875	-0.0001991	-0.0001024	-0.0000056	+0.0001049	+0.0002265	+0.0003582	+0.0004970	+0.0006392	+0.0007779	+0.0009149	+0.0010449	+0.0011615	+0.0012709	+0.0013765	+0.0014777	+0.0015749	+0.0016595	+0.0017364
2013-09	0.057	-0.0004539	-0.0003610	-0.0002644	-0.0001644	-0.0000564	+0.0000527	+0.0001670	+0.0002911	+0.0004188	+0.0005502	+0.0006909	+0.0008246	+0.0009594	+0.0010840	+0.0012022	+0.0013105	+0.0014106	+0.0014958	+0.0015800	+0.0016672	+0.0017344
2013-10	0.004	-0.0003143	-0.0002291	-0.0001395	-0.0000474	+0.0000512	+0.0001506	+0.0002662	+0.0003819	+0.0005106	+0.0006417	+0.0007743	+0.0009103	+0.0010327	+0.0011517	+0.0012614	+0.0013560	+0.0014488	+0.0015351	+0.0016199	+0.0016988	+0.0017736
2013-11	0.015	-0.0003118	-0.0002094	-0.0001177	-0.0000152	+0.0000841	+0.0001917	+0.0002980	+0.0004168	+0.0005452	+0.0006724	+0.0008010	+0.0009305	+0.0010579	+0.0011785	+0.0012915	+0.0014009	+0.0015130	+0.0016039	+0.0016908	+0.0017632	+0.0018258
2013-12	0.021	-0.0003263	-0.0002342	-0.0001169	-0.0000122	+0.0001022	+0.0002148	+0.0003324	+0.0004457	+0.0005661	+0.0006909	+0.0008182	+0.0009511	+0.0010782	+0.0012011	+0.0013108	+0.0014117	+0.0015089	+0.0016081	+0.0017040	+0.0017783	+0.0018502
2014-01	-0.018	-0.0005272	-0.0003951	-0.0002599	-0.0001052	+0.0000285	+0.0001487	+0.0002659	+0.0003858	+0.0005096	+0.0006413	+0.0007736	+0.0009028	+0.0010327	+0.0011556	+0.0012733	+0.0013875	+0.0014838	+0.0015728	+0.0016464	+0.0017200	+0.0017917
2014-02	0.006	-0.0005152	-0.0004175	-0.0002876	-0.0001599	-0.0000327	+0.0000906	+0.0002150	+0.0003386	+0.0004618	+0.0005840	+0.0007135	+0.0008461	+0.0009707	+0.0010919	+0.0012001	+0.0013039	+0.0013979	+0.0014838	+0.0015642	+0.0016331	+0.0016975
2014-03	0.009	-0.0003120	-0.0002484	-0.0001619	-0.0000791	+0.0000095	+0.0001061	+0.0002040	+0.0003059	+0.0004213	+0.0005373	+0.0006576	+0.0007828	+0.0009074	+0.0010257	+0.0011371	+0.0012450	+0.0013421	+0.0014371	+0.0015329	+0.0016054	+0.0016762
2014-04	0.002	-0.0003016	-0.0002173	-0.0001452	-0.0000635	+0.0000354	+0.0001319	+0.0002374	+0.0003456	+0.0004584	+0.0005809	+0.0006997	+0.0008218	+0.0009414	+0.0010542	+0.0011513	+0.0012438	+0.0013320	+0.0014153	+0.0014934	+0.0015661	+0.0016282
2014-05	0.015	-0.0002549	-0.0001464	-0.0000590	+0.0000277	+0.0001170	+0.0002130	+0.0003153	+0.0004150	+0.0005230	+0.0006408	+0.0007608	+0.0008778	+0.0009925	+0.0011013	+0.0012019	+0.0013027	+0.0013899	+0.0014754	+0.0015507	+0.0016229	+0.0016826
2014-06	0.016	-0.0004150	-0.0002575	-0.0000978	+0.0000172	+0.0001137	+0.0002211	+0.0003229	+0.0004310	+0.0005416	+0.0006573	+0.0007716	+0.0008835	+0.0009963	+0.0010983	+0.0012043	+0.0012969	+0.0013893	+0.0014782	+0.0015533	+0.0016403	+0.0017012
2014-07	0.008	-0.0002954	-0.0002001	-0.0000874	+0.0000092	+0.0001184	+0.0002199	+0.0003271	+0.0004353	+0.0005454	+0.0006605	+0.0007757	+0.0008891	+0.0010036	+0.0011067	+0.0012069	+0.0013021	+0.0013970	+0.0014761	+0.0015622	+0.0016289	+0.0017053
2014-08	0.012	-0.0002626	-0.0001510	-0.0000294	+0.0000702	+0.0001553	+0.0002612	+0.0003608	+0.0004615	+0.0005705	+0.0006849	+0.0008003	+0.0009142	+0.0010210	+0.0011232	+0.0012161	+0.0013096	+0.0013936	+0.0014697	+0.0015401	+0.0016062	+0.0016647
2014-09	0.014	-0.0003239	-0.0002071	-0.0000941	+0.0000199	+0.0001300	+0.0002314	+0.0003330	+0.0004356	+0.0005471	+0.0006656	+0.0007787	+0.0008894	+0.0009956	+0.0011061	+0.0012068	+0.0013023	+0.0013900	+0.0014801	+0.0015567	+0.0016365	+0.0017030
2014-10	0.008	-0.0002533	-0.0001633	-0.0000748	+0.0000195	+0.0001190	+0.0002159	+0.0003178	+0.0004265	+0.0005468	+0.0006609	+0.0007762	+0.0008903	+0.0010008	+0.0011088	+0.0012106	+0.0013072	+0.0013908	+0.0014722	+0.0015532	+0.0016309	+0.0016983
2014-11	0.061	-0.0003169	-0.0002187	-0.0001260	-0.0000451	+0.0000610	+0.0001594	+0.0002622	+0.0003704	+0.0004739	+0.0005854	+0.0007015	+0.0008174	+0.0009346	+0.0010423	+0.0011512	+0.0012421	+0.0013323	+0.0014131	+0.0014767	+0.0015413	+0.0016110
2014-12	0.011	-0.0003530	-0.0002697	-0.0001853	-0.0000880	+0.0000032	+0.0000973	+0.0001880	+0.0002885	+0.0003862	+0.0004930	+0.0005997	+0.0007052	+0.0008089	+0.0009106	+0.0010025	+0.0010954	+0.0011878	+0.0012656	+0.0013459	+0.0014159	+0.0014786
2015-01	-0.018	-0.0002656	-0.0001861	-0.0001050	-0.0000377	+0.0000478	+0.0001288	+0.0002161	+0.0003048	+0.0004005	+0.0005010	+0.0005996	+0.0006975	+0.0007906	+0.0008814	+0.0009648	+0.0010461	+0.0011221	+0.0011918	+0.0012550	+0.0013075	+0.0013629
2015-02	-0.001	-0.0003306	-0.0002482	-0.0001714	-0.0000905	-0.0000099	+0.0000743	+0.0001582	+0.0002418	+0.0003337	+0.0004272	+0.0005185	+0.0006059	+0.0006928	+0.0007773	+0.0008527	+0.0009200	+0.0009881	+0.0010539	+0.0011096	+0.0011658	+0.0012166
