2013-01	0.052	-0.0005849	-0.0005428	-0.0004942	-0.0004415	-0.0003769	-0.0003096	-0.0002308	-0.0001468	-0.0000567	+0.0000399	+0.0001339	+0.0002311	+0.0003260	+0.0004192	+0.0005082	+0.0005957	+0.0006723	+0.0007452	+0.0008131	+0.0008681	+0.0009202
2013-02	0.004	-0.0005372	-0.0004923	-0.0004329	-0.0003698	-0.0003089	-0.0002328	-0.0001494	-0.0000583	+0.0000405	+0.0001511	+0.0002627	+0.0003737	+0.0004818	+0.0005830	+0.0006781	+0.0007715	+0.0008558	+0.0009345	+0.0010078	+0.0010846	+0.0011585
2013-03	0.022	-0.0005695	-0.0005026	-0.0004330	-0.0003631	-0.0002880	-0.0002009	-0.0001125	-0.0000152	+0.0000956	+0.0002122	+0.0003296	+0.0004453	+0.0005657	+0.0006772	+0.0007825	+0.0008785	+0.0009707	+0.0010595	+0.0011336	+0.0012075	+0.0012835
2013-04	0.056	-0.0005731	-0.0005109	-0.0004393	-0.0003635	-0.0002759	-0.0001885	-0.0000954	+0.0000098	+0.0001271	+0.0002484	+0.0003670	+0.0004880	+0.0006111	+0.0007212	+0.0008353	+0.0009458	+0.0010438	+0.0011357	+0.0012274	+0.0013139	+0.0013874
2013-05	0.012	-0.0004693	-0.0004031	-0.0003318	-0.0002500	-0.0001649	-0.0000825	+0.0000092	+0.0001094	+0.0002180	+0.0003320	+0.0004517	+0.0005742	+0.0006932	+0.0008061	+0.0009110	+0.0010087	+0.0011024	+0.0011989	+0.0012793	+0.0013471	+0.0014124
2013-06	-0.055	-0.0003706	-0.0003042	-0.0002330	-0.0001635	-0.0000717	+0.0000180	+0.0001137	+0.0002222	+0.0003350	+0.0004514	+0.0005799	+0.0007076	+0.0008248	+0.0009391	+0.0010468	+0.0011481	+0.0012414	+0.0013282	+0.0014091	+0.0014872	+0.0015698
2013-07	0.011	-0.0004159	-0.0003216	-0.0002441	-0.0001527	-0.0000658	+0.0000354	+0.0001335	+0.0002427	+0.0003610	+0.0004845	+0.0006112	+0.0007345	+0.0008484	+0.0009575	+0.0010575	+0.0011537	+0.0012422	+0.0013241	+0.0013929	+0.0014610	+0.0015233
2013-08	-0.014	-0.0003299	-0.0002707	-0.0002055	-0.0001392	-0.0000523	+0.0000459	+0.0001410	+0.0002497	+0.0003630	+0.0004810	+0.0006016	+0.0007227	+0.0008416	+0.0009517	+0.0010511	+0.0011532	+0.0012424	+0.0013200	+0.0013973	+0.0014678	+0.0015475
2013-09	0.026	-0.0003399	-0.0002599	-0.0001686	-0.0000900	+0.0000019	+0.0000972	+0.0001976	+0.0002979	+0.0004061	+0.0005186	+0.0006367	+0.0007553	+0.0008667	+0.0009764	+0.0010808	+0.0011731	+0.0012601	+0.0013358	+0.0014112	+0.0014849	+0.0015519
2013-10	0.025	-0.0002696	-0.0002003	-0.0001132	-0.0000350	+0.0000459	+0.0001368	+0.0002324	+0.0003338	+0.0004431	+0.0005583	+0.0006773	+0.0007902	+0.0009044	+0.0010045	+0.0010985	+0.0011853	+0.0012682	+0.0013463	+0.0014187	+0.0014856	+0.0015458
2013-11	0.031	-0.0002801	-0.0002084	-0.0001292	-0.0000365	+0.0000533	+0.0001441	+0.0002349	+0.0003374	+0.0004428	+0.0005491	+0.0006656	+0.0007787	+0.0008892	+0.0009920	+0.0010971	+0.0011950	+0.0012891	+0.0013676	+0.0014437	+0.0015162	+0.0015883
2013-12	0.028	-0.0002971	-0.0002101	-0.0001179	-0.0000254	+0.0000678	+0.0001705	+0.0002692	+0.0003737	+0.0004820	+0.0005944	+0.0007105	+0.0008243	+0.0009354	+0.0010399	+0.0011405	+0.0012341	+0.0013215	+0.0014081	+0.0014799	+0.0015489	+0.0016295
2014-01	-0.030	-0.0004638	-0.0003449	-0.0002250	-0.0000975	+0.0000253	+0.0001371	+0.0002430	+0.0003529	+0.0004662	+0.0005807	+0.0006972	+0.0008146	+0.0009277	+0.0010333	+0.0011347	+0.0012287	+0.0013211	+0.0014000	+0.0014698	+0.0015407	+0.0016043
2014-02	0.011	-0.0004470	-0.0003528	-0.0002417	-0.0001276	-0.0000122	+0.0000957	+0.0002069	+0.0003162	+0.0004233	+0.0005329	+0.0006457	+0.0007597	+0.0008690	+0.0009706	+0.0010653	+0.0011550	+0.0012426	+0.0013238	+0.0013993	+0.0014644	+0.0015240
2014-03	0.010	-0.0002885	-0.0002226	-0.0001475	-0.0000694	+0.0000197	+0.0001028	+0.0001885	+0.0002821	+0.0003834	+0.0004879	+0.0006005	+0.0007127	+0.0008251	+0.0009268	+0.0010266	+0.0011197	+0.0012077	+0.0012801	+0.0013540	+0.0014218	+0.0014763
2014-04	0.000	-0.0002046	-0.0001399	-0.0000663	+0.0000120	+0.0000940	+0.0001803	+0.0002676	+0.0003604	+0.0004569	+0.0005598	+0.0006624	+0.0007708	+0.0008723	+0.0009674	+0.0010552	+0.0011363	+0.0012158	+0.0012826	+0.0013474	+0.0014135	+0.0014706
2014-05	0.007	-0.0000854	-0.0000229	+0.0000477	+0.0001262	+0.0002053	+0.0002830	+0.0003634	+0.0004533	+0.0005404	+0.0006371	+0.0007362	+0.0008377	+0.0009359	+0.0010306	+0.0011112	+0.0011901	+0.0012662	+0.0013378	+0.0014067	+0.0014754	+0.0015347
2014-06	0.008	-0.0003280	-0.0001805	-0.0000149	+0.0001018	+0.0002013	+0.0002927	+0.0003818	+0.0004699	+0.0005591	+0.0006526	+0.0007509	+0.0008501	+0.0009443	+0.0010296	+0.0011135	+0.0011946	+0.0012678	+0.0013369	+0.0013999	+0.0014554	+0.0015077
2014-07	0.008	-0.0002445	-0.0001040	-0.0000074	+0.0001048	+0.0001914	+0.0002822	+0.0003680	+0.0004552	+0.0005449	+0.0006400	+0.0007391	+0.0008372	+0.0009316	+0.0010235	+0.0011108	+0.0011982	+0.0012722	+0.0013410	+0.0014057	+0.0014652	+0.0015360
2014-08	0.016	-0.0002205	-0.0000975	+0.0000150	+0.0001195	+0.0002089	+0.0002901	+0.0003716	+0.0004578	+0.0005439	+0.0006388	+0.0007316	+0.0008266	+0.0009181	+0.0010070	+0.0010947	+0.0011756	+0.0012527	+0.0013233	+0.0013907	+0.0014449	+0.0014973
2014-09	0.014	-0.0002269	-0.0001301	-0.0000089	+0.0000969	+0.0001866	+0.0002668	+0.0003483	+0.0004365	+0.0005291	+0.0006256	+0.0007222	+0.0008170	+0.0009079	+0.0009986	+0.0010848	+0.0011708	+0.0012567	+0.0013319	+0.0014056	+0.0014723	+0.0015258
2014-10	-0.007	-0.0001897	-0.0000896	-0.0000051	+0.0000935	+0.0001843	+0.0002661	+0.0003540	+0.0004431	+0.0005364	+0.0006309	+0.0007249	+0.0008227	+0.0009189	+0.0010096	+0.0010936	+0.0011736	+0.0012498	+0.0013203	+0.0013839	+0.0014444	+0.0015075
2014-11	0.083	-0.0002433	-0.0001515	-0.0000566	+0.0000372	+0.0001200	+0.0002097	+0.0002968	+0.0003795	+0.0004649	+0.0005561	+0.0006492	+0.0007477	+0.0008407	+0.0009311	+0.0010178	+0.0011005	+0.0011806	+0.0012491	+0.0013124	+0.0013704	+0.0014269
2014-12	0.010	-0.0002347	-0.0001571	-0.0000801	-0.0000001	+0.0000834	+0.0001627	+0.0002382	+0.0003126	+0.0003954	+0.0004788	+0.0005609	+0.0006454	+0.0007300	+0.0008070	+0.0008806	+0.0009476	+0.0010093	+0.0010799	+0.0011425	+0.0012006	+0.0012478
2015-01	-0.026	-0.0001234	-0.0000644	-0.0000058	+0.0000626	+0.0001319	+0.0001975	+0.0002678	+0.0003425	+0.0004212	+0.0005052	+0.0005859	+0.0006692	+0.0007516	+0.0008292	+0.0008988	+0.0009659	+0.0010318	+0.0010942	+0.0011473	+0.0012026	+0.0012512
2015-02	0.005	-0.0002122	-0.0001353	-0.0000590	+0.0000203	+0.0000904	+0.0001613	+0.0002288	+0.0003018	+0.0003773	+0.0004595	+0.0005426	+0.0006261	+0.0007078	+0.0007835	+0.0008520	+0.0009167	+0.0009775	+0.0010369	+0.0010972	+0.0011510	+0.0012055
