2013-01	0.055	-0.0005468	-0.0004900	-0.0004314	-0.0003735	-0.0003061	-0.0002307	-0.0001547	-0.0000744	+0.0000185	+0.0001160	+0.0002119	+0.0003120	+0.0004063	+0.0004952	+0.0005753	+0.0006536	+0.0007239	+0.0007927	+0.0008495	+0.0008941	+0.0009473
2013-02	0.014	-0.0004684	-0.0004203	-0.0003610	-0.0002944	-0.0002251	-0.0001527	-0.0000700	+0.0000238	+0.0001201	+0.0002258	+0.0003330	+0.0004384	+0.0005455	+0.0006387	+0.0007250	+0.0008057	+0.0008815	+0.0009586	+0.0010338	+0.0011050	+0.0011711
2013-03	0.022	-0.0004852	-0.0004230	-0.0003540	-0.0002816	-0.0002066	-0.0001194	-0.0000261	+0.0000735	+0.0001810	+0.0002969	+0.0004152	+0.0005268	+0.0006348	+0.0007441	+0.0008399	+0.0009342	+0.0010179	+0.0010949	+0.0011682	+0.0012339	+0.0012969
2013-04	0.045	-0.0004888	-0.0004186	-0.0003390	-0.0002439	-0.0001610	-0.0000706	+0.0000265	+0.0001289	+0.0002393	+0.0003545	+0.0004733	+0.0005898	+0.0007008	+0.0008094	+0.0009158	+0.0010148	+0.0011079	+0.0011967	+0.0012725	+0.0013390	+0.0013997
2013-05	0.025	-0.0003550	-0.0002851	-0.0002008	-0.0001263	-0.0000410	+0.0000435	+0.0001362	+0.0002342	+0.0003370	+0.0004462	+0.0005606	+0.0006743	+0.0007849	+0.0008913	+0.0009874	+0.0010778	+0.0011623	+0.0012449	+0.0013118	+0.0013749	+0.0014283
2013-06	-0.044	-0.0002631	-0.0001878	-0.0001066	-0.0000278	+0.0000593	+0.0001533	+0.0002459	+0.0003501	+0.0004558	+0.0005676	+0.0006853	+0.0008055	+0.0009181	+0.0010203	+0.0011175	+0.0012105	+0.0012899	+0.0013705	+0.0014367	+0.0014936	+0.0015583
2013-07	0.013	-0.0002757	-0.0001722	-0.0000875	+0.0000155	+0.0001076	+0.0002055	+0.0003050	+0.0004073	+0.0005186	+0.0006352	+0.0007471	+0.0008579	+0.0009590	+0.0010568	+0.0011452	+0.0012278	+0.0013036	+0.0013706	+0.0014324	+0.0014881	+0.0015494
2013-08	-0.004	-0.0001495	-0.0000726	+0.0000026	+0.0000891	+0.0001800	+0.0002738	+0.0003658	+0.0004599	+0.0005612	+0.0006623	+0.0007691	+0.0008715	+0.0009717	+0.0010692	+0.0011575	+0.0012402	+0.0013151	+0.0013868	+0.0014443	+0.0015108	+0.0015833
2013-09	0.004	-0.0002150	-0.0000883	+0.0000212	+0.0001354	+0.0002316	+0.0003361	+0.0004283	+0.0005240	+0.0006151	+0.0007099	+0.0008092	+0.0009085	+0.0010027	+0.0010894	+0.0011798	+0.0012596	+0.0013339	+0.0013977	+0.0014643	+0.0015203	+0.0015740
2013-10	0.022	-0.0001528	-0.0000375	+0.0000766	+0.0001867	+0.0002723	+0.0003606	+0.0004453	+0.0005297	+0.0006210	+0.0007184	+0.0008169	+0.0009180	+0.0010135	+0.0010996	+0.0011799	+0.0012505	+0.0013240	+0.0013862	+0.0014489	+0.0015090	+0.0015685
2013-11	0.034	-0.0001761	-0.0000693	+0.0000327	+0.0001247	+0.0002154	+0.0003085	+0.0003921	+0.0004742	+0.0005662	+0.0006570	+0.0007529	+0.0008531	+0.0009470	+0.0010371	+0.0011261	+0.0012078	+0.0012857	+0.0013585	+0.0014291	+0.0014865	+0.0015552
2013-12	0.026	-0.0002154	-0.0000955	+0.0000225	+0.0001200	+0.0002108	+0.0003123	+0.0003986	+0.0004901	+0.0005812	+0.0006794	+0.0007747	+0.0008717	+0.0009647	+0.0010569	+0.0011404	+0.0012218	+0.0013037	+0.0013785	+0.0014402	+0.0015081	+0.0015731
2014-01	-0.013	-0.0004067	-0.0002838	-0.0001114	+0.0000505	+0.0001873	+0.0002902	+0.0003805	+0.0004746	+0.0005737	+0.0006723	+0.0007734	+0.0008744	+0.0009762	+0.0010678	+0.0011580	+0.0012368	+0.0013149	+0.0013836	+0.0014444	+0.0015082	+0.0015714
2014-02	0.007	-0.0003992	-0.0003007	-0.0001763	+0.0000054	+0.0001513	+0.0002563	+0.0003504	+0.0004430	+0.0005341	+0.0006311	+0.0007271	+0.0008234	+0.0009188	+0.0010067	+0.0010908	+0.0011684	+0.0012416	+0.0013126	+0.0013747	+0.0014319	+0.0014786
2014-03	0.009	-0.0001894	-0.0000638	+0.0000306	+0.0001019	+0.0001771	+0.0002552	+0.0003325	+0.0004121	+0.0004965	+0.0005870	+0.0006824	+0.0007761	+0.0008705	+0.0009619	+0.0010474	+0.0011277	+0.0012071	+0.0012717	+0.0013325	+0.0013859	+0.0014394
2014-04	0.002	-0.0001231	-0.0000372	+0.0000466	+0.0001322	+0.0002162	+0.0002961	+0.0003714	+0.0004540	+0.0005376	+0.0006261	+0.0007153	+0.0008077	+0.0008989	+0.0009860	+0.0010663	+0.0011386	+0.0012077	+0.0012724	+0.0013308	+0.0013908	+0.0014485
2014-05	0.001	-0.0000492	+0.0000384	+0.0001270	+0.0002099	+0.0002900	+0.0003628	+0.0004354	+0.0005118	+0.0005920	+0.0006776	+0.0007667	+0.0008555	+0.0009418	+0.0010232	+0.0010973	+0.0011664	+0.0012304	+0.0012980	+0.0013569	+0.0014156	+0.0014620
2014-06	0.007	-0.0002666	-0.0001437	+0.0000133	+0.0001851	+0.0002904	+0.0003719	+0.0004512	+0.0005302	+0.0006079	+0.0006907	+0.0007770	+0.0008660	+0.0009491	+0.0010258	+0.0010982	+0.0011696	+0.0012386	+0.0013021	+0.0013604	+0.0014158	+0.0014637
2014-07	0.006	-0.0002179	-0.0000761	+0.0000641	+0.0001910	+0.0002776	+0.0003553	+0.0004283	+0.0005036	+0.0005838	+0.0006720	+0.0007597	+0.0008473	+0.0009320	+0.0010143	+0.0010971	+0.0011728	+0.0012379	+0.0013008	+0.0013652	+0.0014208	+0.0014767
2014-08	0.012	-0.0001767	-0.0000719	+0.0000821	+0.0002009	+0.0002828	+0.0003553	+0.0004269	+0.0005014	+0.0005790	+0.0006623	+0.0007469	+0.0008307	+0.0009159	+0.0009983	+0.0010765	+0.0011477	+0.0012191	+0.0012847	+0.0013417	+0.0013936	+0.0014440
2014-09	0.024	-0.0001773	-0.0000689	+0.0000628	+0.0001759	+0.0002549	+0.0003260	+0.0003999	+0.0004747	+0.0005551	+0.0006433	+0.0007296	+0.0008147	+0.0008982	+0.0009803	+0.0010600	+0.0011372	+0.0012126	+0.0012849	+0.0013512	+0.0014069	+0.0014514
2014-10	0.008	-0.0001811	-0.0000843	+0.0000343	+0.0001546	+0.0002467	+0.0003199	+0.0003978	+0.0004774	+0.0005602	+0.0006437	+0.0007293	+0.0008173	+0.0009062	+0.0009896	+0.0010678	+0.0011378	+0.0012101	+0.0012772	+0.0013361	+0.0013941	+0.0014576
2014-11	0.056	-0.0001615	-0.0000694	+0.0000331	+0.0001274	+0.0002093	+0.0002904	+0.0003706	+0.0004491	+0.0005250	+0.0006090	+0.0006909	+0.0007780	+0.0008624	+0.0009398	+0.0010191	+0.0010952	+0.0011650	+0.0012304	+0.0012887	+0.0013386	+0.0013867
2014-12	-0.000	-0.0001798	-0.0000882	+0.0000082	+0.0000986	+0.0001816	+0.0002547	+0.0003239	+0.0003964	+0.0004685	+0.0005457	+0.0006235	+0.0007030	+0.0007810	+0.0008560	+0.0009236	+0.0009850	+0.0010484	+0.0011058	+0.0011672	+0.0012164	+0.0012684
2015-01	-0.011	-0.0001369	-0.0000492	+0.0000560	+0.0001427	+0.0002083	+0.0002682	+0.0003308	+0.0003943	+0.0004589	+0.0005289	+0.0005990	+0.0006696	+0.0007354	+0.0007985	+0.0008581	+0.0009113	+0.0009582	+0.0010060	+0.0010476	+0.0010836	+0.0011218
2015-02	-0.001	-0.0001962	-0.0001117	-0.0000055	+0.0000746	+0.0001490	+0.0002091	+0.0002706	+0.0003316	+0.0003972	+0.0004650	+0.0005342	+0.0006049	+0.0006713	+0.0007325	+0.0007891	+0.0008396	+0.0008865	+0.0009308	+0.0009749	+0.0010078	+0.0010474
