2013-01	0.074	-0.0009102	-0.0008363	-0.0007514	-0.0006665	-0.0005691	-0.0004655	-0.0003604	-0.0002453	-0.0001224	+0.0000081	+0.0001397	+0.0002628	+0.0003863	+0.0005020	+0.0006094	+0.0007109	+0.0008006	+0.0008792	+0.0009593	+0.0010251	+0.0010909
2013-02	0.016	-0.0008008	-0.0007338	-0.0006552	-0.0005657	-0.0004731	-0.0003711	-0.0002586	-0.0001362	-0.0000028	+0.0001400	+0.0002777	+0.0004175	+0.0005487	+0.0006696	+0.0007771	+0.0008808	+0.0009793	+0.0010739	+0.0011650	+0.0012513	+0.0013273
2013-03	0.034	-0.0008212	-0.0007350	-0.0006423	-0.0005477	-0.0004383	-0.0003263	-0.0002019	-0.0000693	+0.0000734	+0.0002193	+0.0003667	+0.0005123	+0.0006551	+0.0007952	+0.0009206	+0.0010356	+0.0011433	+0.0012410	+0.0013278	+0.0014131	+0.0014882
2013-04	0.057	-0.0008325	-0.0007380	-0.0006326	-0.0005237	-0.0004110	-0.0002854	-0.0001590	-0.0000185	+0.0001298	+0.0002856	+0.0004411	+0.0005918	+0.0007388	+0.0008778	+0.0010156	+0.0011395	+0.0012597	+0.0013588	+0.0014590	+0.0015472	+0.0016331
2013-05	0.000	-0.0006535	-0.0005652	-0.0004708	-0.0003643	-0.0002522	-0.0001350	-0.0000111	+0.0001156	+0.0002550	+0.0004011	+0.0005529	+0.0007001	+0.0008447	+0.0009825	+0.0011085	+0.0012246	+0.0013382	+0.0014309	+0.0015170	+0.0015983	+0.0016752
2013-06	-0.060	-0.0005636	-0.0004694	-0.0003709	-0.0002616	-0.0001450	-0.0000282	+0.0001030	+0.0002349	+0.0003778	+0.0005305	+0.0006869	+0.0008419	+0.0009866	+0.0011263	+0.0012588	+0.0013697	+0.0014755	+0.0015819	+0.0016710	+0.0017535	+0.0018277
2013-07	0.016	-0.0005694	-0.0004493	-0.0003323	-0.0002256	-0.0001027	+0.0000210	+0.0001549	+0.0002943	+0.0004424	+0.0006015	+0.0007489	+0.0008954	+0.0010322	+0.0011582	+0.0012821	+0.0013938	+0.0014854	+0.0015712	+0.0016562	+0.0017354	+0.0018116
2013-08	-0.020	-0.0003620	-0.0002847	-0.0002040	-0.0001139	-0.0000083	+0.0001071	+0.0002275	+0.0003502	+0.0004915	+0.0006320	+0.0007689	+0.0009078	+0.0010427	+0.0011687	+0.0012846	+0.0013902	+0.0014921	+0.0015808	+0.0016668	+0.0017444	+0.0018380
2013-09	0.034	-0.0003542	-0.0002483	-0.0001546	-0.0000453	+0.0000598	+0.0001752	+0.0002925	+0.0004124	+0.0005408	+0.0006703	+0.0008084	+0.0009405	+0.0010709	+0.0011942	+0.0013057	+0.0014099	+0.0015089	+0.0015928	+0.0016802	+0.0017595	+0.0018298
2013-10	0.033	-0.0002961	-0.0001979	-0.0000980	-0.0000024	+0.0000983	+0.0002091	+0.0003271	+0.0004518	+0.0005773	+0.0007112	+0.0008448	+0.0009779	+0.0011041	+0.0012190	+0.0013235	+0.0014215	+0.0015096	+0.0015972	+0.0016801	+0.0017492	+0.0018405
2013-11	0.015	-0.0003000	-0.0002042	-0.0000928	+0.0000106	+0.0001220	+0.0002288	+0.0003361	+0.0004562	+0.0005770	+0.0007069	+0.0008347	+0.0009625	+0.0010858	+0.0012064	+0.0013230	+0.0014304	+0.0015283	+0.0016240	+0.0017110	+0.0017836	+0.0018647
2013-12	0.023	-0.0003362	-0.0002222	-0.0001074	+0.0000085	+0.0001174	+0.0002405	+0.0003568	+0.0004790	+0.0006002	+0.0007290	+0.0008642	+0.0009991	+0.0011254	+0.0012458	+0.0013587	+0.0014579	+0.0015568	+0.0016513	+0.0017399	+0.0018133	+0.0018956
2014-01	-0.028	-0.0005805	-0.0004255	-0.0002714	-0.0001143	+0.0000352	+0.0001671	+0.0002926	+0.0004122	+0.0005395	+0.0006731	+0.0008087	+0.0009419	+0.0010635	+0.0011879	+0.0013028	+0.0014063	+0.0015040	+0.0015940	+0.0016752	+0.0017517	+0.0018187
2014-02	0.028	-0.0005284	-0.0004123	-0.0002882	-0.0001573	-0.0000165	+0.0001120	+0.0002291	+0.0003566	+0.0004790	+0.0006057	+0.0007339	+0.0008626	+0.0009855	+0.0011025	+0.0012109	+0.0013127	+0.0014014	+0.0014925	+0.0015695	+0.0016420	+0.0017167
2014-03	0.013	-0.0003239	-0.0002507	-0.0001617	-0.0000637	+0.0000328	+0.0001378	+0.0002384	+0.0003422	+0.0004568	+0.0005746	+0.0006987	+0.0008235	+0.0009467	+0.0010622	+0.0011740	+0.0012766	+0.0013747	+0.0014595	+0.0015411	+0.0016188	+0.0016974
2014-04	0.019	-0.0002221	-0.0001421	-0.0000691	+0.0000193	+0.0001205	+0.0002220	+0.0003238	+0.0004320	+0.0005455	+0.0006609	+0.0007805	+0.0009012	+0.0010134	+0.0011195	+0.0012196	+0.0013125	+0.0013939	+0.0014719	+0.0015489	+0.0016199	+0.0017046
2014-05	0.005	-0.0001223	-0.0000286	+0.0000611	+0.0001613	+0.0002544	+0.0003520	+0.0004500	+0.0005517	+0.0006563	+0.0007673	+0.0008768	+0.0009898	+0.0011004	+0.0012018	+0.0012952	+0.0013833	+0.0014633	+0.0015420	+0.0016125	+0.0016952	+0.0017538
2014-06	0.009	-0.0003404	-0.0001884	-0.0000076	+0.0001365	+0.0002626	+0.0003757	+0.0004821	+0.0005849	+0.0006879	+0.0007930	+0.0009018	+0.0010069	+0.0011110	+0.0012058	+0.0013001	+0.0013863	+0.0014680	+0.0015469	+0.0016228	+0.0016865	+0.0017430
2014-07	0.006	-0.0002587	-0.0001153	+0.0000099	+0.0001392	+0.0002471	+0.0003552	+0.0004643	+0.0005669	+0.0006689	+0.0007753	+0.0008856	+0.0009906	+0.0010981	+0.0011992	+0.0012921	+0.0013870	+0.0014783	+0.0015503	+0.0016180	+0.0016898	+0.0017599
2014-08	0.010	-0.0002426	-0.0001112	+0.0000183	+0.0001426	+0.0002583	+0.0003636	+0.0004618	+0.0005595	+0.0006599	+0.0007639	+0.0008700	+0.0009763	+0.0010776	+0.0011760	+0.0012670	+0.0013629	+0.0014483	+0.0015192	+0.0015876	+0.0016495	+0.0017102
2014-09	0.006	-0.0003188	-0.0001598	-0.0000243	+0.0001034	+0.0002078	+0.0003149	+0.0004138	+0.0005168	+0.0006228	+0.0007319	+0.0008425	+0.0009492	+0.0010535	+0.0011518	+0.0012511	+0.0013448	+0.0014353	+0.0015171	+0.0016009	+0.0016630	+0.0017338
2014-10	0.012	-0.0002275	-0.0001310	-0.0000147	+0.0001050	+0.0002105	+0.0003201	+0.0004216	+0.0005257	+0.0006329	+0.0007413	+0.0008486	+0.0009537	+0.0010589	+0.0011626	+0.0012558	+0.0013446	+0.0014285	+0.0014970	+0.0015630	+0.0016453	+0.0017136
2014-11	0.072	-0.0002569	-0.0001596	-0.0000502	+0.0000509	+0.0001540	+0.0002592	+0.0003592	+0.0004621	+0.0005584	+0.0006639	+0.0007744	+0.0008797	+0.0009891	+0.0010901	+0.0011907	+0.0012826	+0.0013683	+0.0014571	+0.0015251	+0.0015841	+0.0016556
2014-12	0.011	-0.0002706	-0.0001911	-0.0000984	+0.0000041	+0.0001109	+0.0002066	+0.0002994	+0.0003928	+0.0004847	+0.0005809	+0.0006797	+0.0007737	+0.0008694	+0.0009589	+0.0010440	+0.0011284	+0.0012144	+0.0012808	+0.0013548	+0.0014190	+0.0014716
2015-01	-0.011	-0.0001727	-0.0000850	-0.0000179	+0.0000690	+0.0001438	+0.0002338	+0.0003153	+0.0003983	+0.0004854	+0.0005764	+0.0006689	+0.0007588	+0.0008447	+0.0009220	+0.0009952	+0.0010653	+0.0011289	+0.0011871	+0.0012449	+0.0012962	+0.0013460
2015-02	0.005	-0.0002676	-0.0001831	-0.0000797	+0.0000075	+0.0000906	+0.0001727	+0.0002513	+0.0003380	+0.0004265	+0.0005124	+0.0005999	+0.0006896	+0.0007706	+0.0008447	+0.0009116	+0.0009783	+0.0010411	+0.0010950	+0.0011454	+0.0011931	+0.0012362
