2013-01	0.088	-0.0015923	-0.0015188	-0.0014343	-0.0013387	-0.0012382	-0.0011175	-0.0010022	-0.0008667	-0.0007266	-0.0005836	-0.0004315	-0.0002729	-0.0001176	+0.0000324	+0.0001686	+0.0002997	+0.0004232	+0.0005398	+0.0006600	+0.0007526	+0.0008579
2013-02	0.015	-0.0014559	-0.0013714	-0.0012690	-0.0011626	-0.0010482	-0.0009274	-0.0007964	-0.0006516	-0.0004899	-0.0003158	-0.0001424	+0.0000393	+0.0002177	+0.0003906	+0.0005520	+0.0007084	+0.0008563	+0.0009889	+0.0011236	+0.0012384	+0.0013398
2013-03	0.083	-0.0012039	-0.0011148	-0.0010266	-0.0009132	-0.0008057	-0.0006824	-0.0005445	-0.0003848	-0.0002175	-0.0000292	+0.0001536	+0.0003448	+0.0005424	+0.0007239	+0.0008931	+0.0010599	+0.0012120	+0.0013555	+0.0014929	+0.0016260	+0.0017436
2013-04	0.148	-0.0011024	-0.0010058	-0.0009049	-0.0007903	-0.0006651	-0.0005320	-0.0003797	-0.0002115	-0.0000284	+0.0001622	+0.0003541	+0.0005604	+0.0007497	+0.0009394	+0.0011218	+0.0013013	+0.0014535	+0.0016198	+0.0017810	+0.0019256	+0.0020654
2013-05	-0.062	-0.0008967	-0.0007964	-0.0006901	-0.0005682	-0.0004534	-0.0003174	-0.0001735	-0.0000129	+0.0001707	+0.0003646	+0.0005834	+0.0008055	+0.0010177	+0.0012210	+0.0014133	+0.0015923	+0.0017577	+0.0019023	+0.0020492	+0.0021754	+0.0022982
2013-06	0.007	-0.0008211	-0.0006980	-0.0005948	-0.0004727	-0.0003399	-0.0001829	-0.0000110	+0.0001757	+0.0003835	+0.0005964	+0.0008177	+0.0010417	+0.0012768	+0.0014938	+0.0017026	+0.0018973	+0.0020821	+0.0022514	+0.0024192	+0.0025910	+0.0027153
2013-07	-0.007	-0.0010284	-0.0008839	-0.0007457	-0.0005996	-0.0004460	-0.0002713	-0.0000777	+0.0001210	+0.0003407	+0.0005706	+0.0007957	+0.0010208	+0.0012391	+0.0014481	+0.0016422	+0.0018219	+0.0019925	+0.0021544	+0.0022986	+0.0024218	+0.0025404
2013-08	-0.028	-0.0006508	-0.0005628	-0.0004714	-0.0003569	-0.0002374	-0.0000859	+0.0000678	+0.0002470	+0.0004457	+0.0006503	+0.0008707	+0.0010894	+0.0013037	+0.0015125	+0.0017061	+0.0018829	+0.0020567	+0.0022103	+0.0023520	+0.0024963	+0.0026390
2013-09	0.094	-0.0006942	-0.0005905	-0.0004688	-0.0003318	-0.0001981	-0.0000461	+0.0001271	+0.0003087	+0.0005098	+0.0007154	+0.0009417	+0.0011496	+0.0013680	+0.0015733	+0.0017668	+0.0019434	+0.0021049	+0.0022649	+0.0024358	+0.0025631	+0.0026918
2013-10	-0.001	-0.0005807	-0.0004605	-0.0003441	-0.0002106	-0.0000757	+0.0000685	+0.0002326	+0.0004082	+0.0006032	+0.0008087	+0.0010229	+0.0012331	+0.0014396	+0.0016383	+0.0018292	+0.0019999	+0.0021637	+0.0023145	+0.0024368	+0.0025599	+0.0026888
2013-11	0.062	-0.0005952	-0.0004829	-0.0003427	-0.0001890	-0.0000362	+0.0001302	+0.0003027	+0.0004785	+0.0006742	+0.0008842	+0.0010869	+0.0013019	+0.0015078	+0.0017167	+0.0019088	+0.0020959	+0.0022663	+0.0024308	+0.0025821	+0.0027078	+0.0028366
2013-12	0.033	-0.0005565	-0.0003999	-0.0002656	-0.0001224	+0.0000339	+0.0001947	+0.0003663	+0.0005464	+0.0007419	+0.0009381	+0.0011441	+0.0013546	+0.0015616	+0.0017675	+0.0019681	+0.0021503	+0.0023090	+0.0024647	+0.0026050	+0.0027416	+0.0028659
2014-01	-0.056	-0.0008328	-0.0006407	-0.0004532	-0.0002733	-0.0000935	+0.0000923	+0.0002694	+0.0004565	+0.0006537	+0.0008636	+0.0010777	+0.0012837	+0.0014910	+0.0016893	+0.0018814	+0.0020584	+0.0022432	+0.0024024	+0.0025451	+0.0027075	+0.0028357
2014-02	-0.032	-0.0008720	-0.0006739	-0.0004805	-0.0003155	-0.0001401	+0.0000453	+0.0002208	+0.0004066	+0.0006056	+0.0008163	+0.0010259	+0.0012391	+0.0014507	+0.0016479	+0.0018388	+0.0020288	+0.0022083	+0.0023643	+0.0025030	+0.0026206	+0.0027368
2014-03	-0.015	-0.0006468	-0.0005359	-0.0004099	-0.0002736	-0.0001348	+0.0000120	+0.0001800	+0.0003559	+0.0005467	+0.0007482	+0.0009636	+0.0011779	+0.0013847	+0.0015821	+0.0017763	+0.0019670	+0.0021384	+0.0023128	+0.0024607	+0.0026029	+0.0027293
2014-04	-0.036	-0.0007117	-0.0005766	-0.0004513	-0.0003167	-0.0001674	-0.0000169	+0.0001516	+0.0003364	+0.0005372	+0.0007504	+0.0009644	+0.0011778	+0.0013863	+0.0015838	+0.0017710	+0.0019469	+0.0021132	+0.0022711	+0.0023988	+0.0025272	+0.0026444
2014-05	0.025	-0.0006203	-0.0005152	-0.0003986	-0.0002622	-0.0001114	+0.0000357	+0.0002059	+0.0003862	+0.0005759	+0.0007852	+0.0010037	+0.0012111	+0.0014170	+0.0016150	+0.0017981	+0.0019697	+0.0021275	+0.0022763	+0.0024060	+0.0025512	+0.0026841
2014-06	0.069	-0.0008566	-0.0006603	-0.0004958	-0.0003276	-0.0001594	+0.0000077	+0.0001743	+0.0003558	+0.0005470	+0.0007503	+0.0009631	+0.0011806	+0.0013897	+0.0015963	+0.0017890	+0.0019655	+0.0021327	+0.0022950	+0.0024559	+0.0026023	+0.0027128
2014-07	0.042	-0.0006788	-0.0005382	-0.0003966	-0.0002514	-0.0000998	+0.0000542	+0.0002278	+0.0004066	+0.0005997	+0.0008125	+0.0010218	+0.0012389	+0.0014505	+0.0016546	+0.0018472	+0.0020320	+0.0022044	+0.0023622	+0.0025048	+0.0026498	+0.0027919
2014-08	0.006	-0.0005956	-0.0004195	-0.0002520	-0.0001052	+0.0000536	+0.0002164	+0.0004019	+0.0005854	+0.0007796	+0.0009821	+0.0011961	+0.0014070	+0.0016089	+0.0018080	+0.0019841	+0.0021504	+0.0023095	+0.0024519	+0.0025819	+0.0027173	+0.0028253
2014-09	0.038	-0.0004927	-0.0003199	-0.0001400	+0.0000162	+0.0001752	+0.0003529	+0.0005339	+0.0007143	+0.0009079	+0.0011082	+0.0013167	+0.0015176	+0.0017185	+0.0019078	+0.0020839	+0.0022488	+0.0024075	+0.0025495	+0.0026862	+0.0028134	+0.0029259
2014-10	-0.006	-0.0004046	-0.0002631	-0.0000960	+0.0000597	+0.0002194	+0.0003857	+0.0005576	+0.0007457	+0.0009351	+0.0011471	+0.0013611	+0.0015674	+0.0017719	+0.0019587	+0.0021373	+0.0023006	+0.0024582	+0.0026109	+0.0027430	+0.0028632	+0.0029828
2014-11	0.068	-0.0006148	-0.0004306	-0.0002536	-0.0000727	+0.0001000	+0.0002812	+0.0004539	+0.0006483	+0.0008359	+0.0010360	+0.0012485	+0.0014553	+0.0016679	+0.0018579	+0.0020412	+0.0022087	+0.0023727	+0.0025077	+0.0026298	+0.0027299	+0.0028667
2014-12	0.015	-0.0006784	-0.0005241	-0.0003538	-0.0002015	-0.0000383	+0.0001185	+0.0002848	+0.0004582	+0.0006374	+0.0008218	+0.0010156	+0.0012027	+0.0013837	+0.0015698	+0.0017361	+0.0018833	+0.0020357	+0.0021836	+0.0023171	+0.0024414	+0.0025441
2015-01	0.018	-0.0005306	-0.0003977	-0.0002525	-0.0001162	+0.0000303	+0.0001820	+0.0003301	+0.0004910	+0.0006676	+0.0008471	+0.0010290	+0.0012098	+0.0013965	+0.0015765	+0.0017345	+0.0018821	+0.0020163	+0.0021535	+0.0022727	+0.0023909	+0.0024862
2015-02	-0.011	-0.0005665	-0.0004258	-0.0002993	-0.0001540	-0.0000146	+0.0001273	+0.0002748	+0.0004324	+0.0005886	+0.0007578	+0.0009307	+0.0011026	+0.0012732	+0.0014348	+0.0015914	+0.0017323	+0.0018642	+0.0019948	+0.0021127	+0.0022302	+0.0023322
