2013-01	0.095	-0.0021335	-0.0020019	-0.0018837	-0.0017493	-0.0016025	-0.0014568	-0.0012842	-0.0011055	-0.0009179	-0.0007171	-0.0005111	-0.0003052	-0.0000893	+0.0001149	+0.0002961	+0.0004736	+0.0006426	+0.0008109	+0.0009621	+0.0011076	+0.0012413
2013-02	0.045	-0.0019422	-0.0018337	-0.0016972	-0.0015508	-0.0013934	-0.0012296	-0.0010499	-0.0008535	-0.0006436	-0.0004224	-0.0001926	+0.0000426	+0.0002734	+0.0005009	+0.0007181	+0.0009071	+0.0010976	+0.0012697	+0.0014315	+0.0015811	+0.0017078
2013-03	0.069	-0.0017410	-0.0016066	-0.0014702	-0.0013273	-0.0011629	-0.0009904	-0.0008009	-0.0005912	-0.0003594	-0.0001200	+0.0001350	+0.0003834	+0.0006255	+0.0008608	+0.0010809	+0.0012932	+0.0014748	+0.0016576	+0.0018243	+0.0019915	+0.0021435
2013-04	0.086	-0.0016317	-0.0014998	-0.0013459	-0.0011848	-0.0010138	-0.0008207	-0.0006146	-0.0003920	-0.0001511	+0.0001022	+0.0003624	+0.0006192	+0.0008734	+0.0011137	+0.0013447	+0.0015715	+0.0017772	+0.0019753	+0.0021598	+0.0023328	+0.0024809
2013-05	0.005	-0.0014025	-0.0012797	-0.0010978	-0.0009637	-0.0007965	-0.0006079	-0.0004206	-0.0002122	+0.0000218	+0.0002670	+0.0005255	+0.0007925	+0.0010455	+0.0012921	+0.0015305	+0.0017431	+0.0019410	+0.0021282	+0.0023067	+0.0024906	+0.0026199
2013-06	0.010	-0.0012776	-0.0011513	-0.0010106	-0.0008430	-0.0006769	-0.0004731	-0.0002646	-0.0000230	+0.0002266	+0.0004850	+0.0007567	+0.0010303	+0.0012962	+0.0015547	+0.0017945	+0.0020240	+0.0022326	+0.0024202	+0.0026183	+0.0027967	+0.0029456
2013-07	-0.023	-0.0013516	-0.0012104	-0.0010288	-0.0008454	-0.0006664	-0.0004593	-0.0002358	+0.0000042	+0.0002690	+0.0005464	+0.0008174	+0.0010809	+0.0013413	+0.0015913	+0.0018167	+0.0020357	+0.0022274	+0.0024033	+0.0025621	+0.0027018	+0.0028247
2013-08	-0.020	-0.0009027	-0.0007903	-0.0006759	-0.0005324	-0.0003577	-0.0001745	+0.0000221	+0.0002373	+0.0004665	+0.0007169	+0.0009660	+0.0012129	+0.0014625	+0.0016988	+0.0019097	+0.0021100	+0.0023119	+0.0024945	+0.0026674	+0.0028239	+0.0029667
2013-09	0.071	-0.0009441	-0.0007876	-0.0006534	-0.0004927	-0.0003335	-0.0001495	+0.0000605	+0.0002783	+0.0005111	+0.0007571	+0.0010105	+0.0012616	+0.0015187	+0.0017464	+0.0019547	+0.0021603	+0.0023473	+0.0025124	+0.0026874	+0.0028233	+0.0029524
2013-10	-0.002	-0.0008486	-0.0007198	-0.0005510	-0.0003968	-0.0002191	-0.0000362	+0.0001626	+0.0003729	+0.0006006	+0.0008362	+0.0010785	+0.0013286	+0.0015536	+0.0017789	+0.0019982	+0.0021916	+0.0023820	+0.0025449	+0.0027111	+0.0028658	+0.0029842
2013-11	0.080	-0.0008738	-0.0007039	-0.0005293	-0.0003621	-0.0001740	+0.0000209	+0.0002232	+0.0004306	+0.0006604	+0.0009032	+0.0011418	+0.0013786	+0.0016176	+0.0018419	+0.0020493	+0.0022685	+0.0024613	+0.0026316	+0.0027941	+0.0029565	+0.0031042
2013-12	0.044	-0.0007826	-0.0006051	-0.0004592	-0.0002986	-0.0001227	+0.0000728	+0.0002638	+0.0004819	+0.0007126	+0.0009560	+0.0011948	+0.0014304	+0.0016667	+0.0018824	+0.0020999	+0.0023063	+0.0024937	+0.0026597	+0.0028247	+0.0029681	+0.0031280
2014-01	-0.061	-0.0010260	-0.0008440	-0.0006501	-0.0004687	-0.0002667	-0.0000541	+0.0001726	+0.0003993	+0.0006305	+0.0008662	+0.0011012	+0.0013509	+0.0015916	+0.0018179	+0.0020323	+0.0022308	+0.0024184	+0.0025871	+0.0027530	+0.0029005	+0.0030272
2014-02	0.006	-0.0011277	-0.0009219	-0.0007172	-0.0005165	-0.0003330	-0.0001304	+0.0000892	+0.0003032	+0.0005381	+0.0007648	+0.0010065	+0.0012463	+0.0014841	+0.0017066	+0.0019147	+0.0021105	+0.0022874	+0.0024556	+0.0026050	+0.0027256	+0.0028501
2014-03	-0.003	-0.0008705	-0.0007166	-0.0005797	-0.0004182	-0.0002641	-0.0000947	+0.0001003	+0.0002967	+0.0005104	+0.0007366	+0.0009702	+0.0012054	+0.0014325	+0.0016498	+0.0018459	+0.0020365	+0.0022202	+0.0023940	+0.0025555	+0.0026815	+0.0028169
2014-04	-0.027	-0.0006208	-0.0004998	-0.0003636	-0.0002250	-0.0000726	+0.0000836	+0.0002638	+0.0004463	+0.0006530	+0.0008626	+0.0010767	+0.0012969	+0.0015096	+0.0017064	+0.0018974	+0.0020761	+0.0022437	+0.0024022	+0.0025514	+0.0026926	+0.0028057
2014-05	0.023	-0.0003613	-0.0002645	-0.0001450	-0.0000182	+0.0001280	+0.0002824	+0.0004400	+0.0006112	+0.0007968	+0.0009989	+0.0012059	+0.0014124	+0.0016137	+0.0018074	+0.0019858	+0.0021431	+0.0022997	+0.0024532	+0.0025966	+0.0027323	+0.0028392
2014-06	0.057	-0.0007151	-0.0005174	-0.0002942	-0.0000690	+0.0001093	+0.0002742	+0.0004495	+0.0006271	+0.0008142	+0.0010084	+0.0012064	+0.0014154	+0.0016160	+0.0018046	+0.0019876	+0.0021612	+0.0023334	+0.0024767	+0.0026149	+0.0027510	+0.0028757
2014-07	0.014	-0.0004377	-0.0002421	-0.0000969	+0.0000504	+0.0002042	+0.0003600	+0.0005141	+0.0006885	+0.0008691	+0.0010649	+0.0012662	+0.0014672	+0.0016635	+0.0018565	+0.0020488	+0.0022309	+0.0023978	+0.0025544	+0.0027011	+0.0028432	+0.0029689
2014-08	-0.008	-0.0004099	-0.0001884	+0.0000088	+0.0001852	+0.0003423	+0.0004952	+0.0006527	+0.0008244	+0.0009996	+0.0011882	+0.0013808	+0.0015767	+0.0017683	+0.0019542	+0.0021307	+0.0022979	+0.0024539	+0.0025975	+0.0027259	+0.0028384	+0.0029613
2014-09	0.045	-0.0003229	-0.0001490	+0.0000448	+0.0002208	+0.0003856	+0.0005595	+0.0007255	+0.0008887	+0.0010659	+0.0012496	+0.0014340	+0.0016213	+0.0018051	+0.0019917	+0.0021710	+0.0023405	+0.0024909	+0.0026437	+0.0027837	+0.0029197	+0.0030385
2014-10	-0.001	-0.0003718	-0.0001668	+0.0000379	+0.0002464	+0.0004152	+0.0005656	+0.0007282	+0.0008992	+0.0010837	+0.0012746	+0.0014728	+0.0016672	+0.0018538	+0.0020383	+0.0022079	+0.0023671	+0.0025345	+0.0026742	+0.0028160	+0.0029504	+0.0030921
2014-11	0.067	-0.0005114	-0.0003095	-0.0000895	+0.0001012	+0.0002815	+0.0004590	+0.0006301	+0.0008046	+0.0009751	+0.0011522	+0.0013436	+0.0015331	+0.0017389	+0.0019219	+0.0020936	+0.0022507	+0.0024050	+0.0025555	+0.0026928	+0.0028134	+0.0029197
2014-12	-0.005	-0.0005218	-0.0003026	-0.0001265	+0.0000280	+0.0001729	+0.0003159	+0.0004682	+0.0006265	+0.0007835	+0.0009410	+0.0011067	+0.0012760	+0.0014460	+0.0016073	+0.0017656	+0.0019194	+0.0020598	+0.0021897	+0.0023247	+0.0024539	+0.0025648
2015-01	0.004	-0.0003196	-0.0001723	-0.0000264	+0.0000832	+0.0002096	+0.0003416	+0.0004746	+0.0006120	+0.0007614	+0.0009109	+0.0010644	+0.0012188	+0.0013687	+0.0015174	+0.0016514	+0.0017779	+0.0018937	+0.0020049	+0.0021155	+0.0022105	+0.0022960
2015-02	0.010	-0.0004484	-0.0002845	-0.0001381	-0.0000053	+0.0001259	+0.0002432	+0.0003628	+0.0004842	+0.0006153	+0.0007529	+0.0008918	+0.0010428	+0.0011883	+0.0013223	+0.0014452	+0.0015626	+0.0016736	+0.0017802	+0.0018747	+0.0019684	+0.0020596
