2013-01	0.052	-0.0005283	-0.0004831	-0.0004367	-0.0003797	-0.0003177	-0.0002496	-0.0001738	-0.0000926	-0.0000019	+0.0000896	+0.0001851	+0.0002828	+0.0003748	+0.0004691	+0.0005567	+0.0006411	+0.0007174	+0.0007893	+0.0008517	+0.0009134	+0.0009685
2013-02	0.012	-0.0004782	-0.0004167	-0.0003631	-0.0003064	-0.0002430	-0.0001681	-0.0000865	+0.0000066	+0.0001022	+0.0002092	+0.0003154	+0.0004267	+0.0005329	+0.0006307	+0.0007231	+0.0008110	+0.0008874	+0.0009703	+0.0010469	+0.0011160	+0.0011874
2013-03	0.014	-0.0004992	-0.0004356	-0.0003696	-0.0003013	-0.0002281	-0.0001444	-0.0000518	+0.0000460	+0.0001537	+0.0002702	+0.0003869	+0.0005021	+0.0006215	+0.0007284	+0.0008315	+0.0009271	+0.0010191	+0.0011049	+0.0011845	+0.0012571	+0.0013245
2013-04	0.057	-0.0004928	-0.0004391	-0.0003678	-0.0002907	-0.0002057	-0.0001212	-0.0000253	+0.0000740	+0.0001904	+0.0003091	+0.0004258	+0.0005471	+0.0006670	+0.0007765	+0.0008844	+0.0009879	+0.0010884	+0.0011747	+0.0012697	+0.0013541	+0.0014255
2013-05	0.006	-0.0003994	-0.0003398	-0.0002692	-0.0001893	-0.0001132	-0.0000257	+0.0000639	+0.0001634	+0.0002715	+0.0003867	+0.0005063	+0.0006243	+0.0007412	+0.0008513	+0.0009545	+0.0010540	+0.0011456	+0.0012374	+0.0013181	+0.0013860	+0.0014464
2013-06	-0.056	-0.0003145	-0.0002527	-0.0001818	-0.0001004	-0.0000125	+0.0000754	+0.0001683	+0.0002749	+0.0003847	+0.0005050	+0.0006266	+0.0007523	+0.0008683	+0.0009799	+0.0010847	+0.0011855	+0.0012770	+0.0013574	+0.0014370	+0.0015233	+0.0015966
2013-07	0.006	-0.0004287	-0.0003390	-0.0002396	-0.0001426	-0.0000489	+0.0000475	+0.0001518	+0.0002637	+0.0003864	+0.0005109	+0.0006348	+0.0007556	+0.0008757	+0.0009811	+0.0010816	+0.0011792	+0.0012650	+0.0013438	+0.0014143	+0.0014885	+0.0015585
2013-08	-0.017	-0.0003802	-0.0003178	-0.0002483	-0.0001592	-0.0000712	+0.0000307	+0.0001353	+0.0002424	+0.0003586	+0.0004833	+0.0006036	+0.0007295	+0.0008488	+0.0009618	+0.0010660	+0.0011613	+0.0012551	+0.0013344	+0.0014106	+0.0014779	+0.0015616
2013-09	0.018	-0.0003558	-0.0002718	-0.0001770	-0.0000829	+0.0000088	+0.0001085	+0.0002116	+0.0003137	+0.0004228	+0.0005364	+0.0006546	+0.0007727	+0.0008879	+0.0009970	+0.0011006	+0.0011986	+0.0012855	+0.0013628	+0.0014360	+0.0014985	+0.0015665
2013-10	0.028	-0.0002859	-0.0002034	-0.0001138	-0.0000398	+0.0000469	+0.0001360	+0.0002338	+0.0003363	+0.0004458	+0.0005630	+0.0006819	+0.0008013	+0.0009154	+0.0010173	+0.0011119	+0.0011982	+0.0012810	+0.0013581	+0.0014311	+0.0015025	+0.0015744
2013-11	0.018	-0.0003044	-0.0002189	-0.0001329	-0.0000462	+0.0000382	+0.0001317	+0.0002232	+0.0003285	+0.0004380	+0.0005482	+0.0006639	+0.0007779	+0.0008899	+0.0009985	+0.0011041	+0.0012031	+0.0012951	+0.0013771	+0.0014582	+0.0015280	+0.0016015
2013-12	0.024	-0.0003191	-0.0002220	-0.0001434	-0.0000523	+0.0000378	+0.0001465	+0.0002503	+0.0003578	+0.0004646	+0.0005770	+0.0006948	+0.0008114	+0.0009263	+0.0010319	+0.0011343	+0.0012238	+0.0013186	+0.0014043	+0.0014819	+0.0015536	+0.0016232
2014-01	-0.028	-0.0005178	-0.0003930	-0.0002626	-0.0001272	-0.0000094	+0.0000997	+0.0002015	+0.0003135	+0.0004310	+0.0005439	+0.0006638	+0.0007816	+0.0008972	+0.0010066	+0.0011104	+0.0012049	+0.0012918	+0.0013752	+0.0014495	+0.0015179	+0.0015915
2014-02	0.012	-0.0004449	-0.0003591	-0.0002639	-0.0001535	-0.0000449	+0.0000488	+0.0001605	+0.0002668	+0.0003740	+0.0004861	+0.0005989	+0.0007113	+0.0008208	+0.0009237	+0.0010188	+0.0011134	+0.0011933	+0.0012789	+0.0013567	+0.0014174	+0.0014787
2014-03	0.017	-0.0003158	-0.0002558	-0.0001910	-0.0001122	-0.0000315	+0.0000508	+0.0001376	+0.0002335	+0.0003300	+0.0004341	+0.0005451	+0.0006570	+0.0007701	+0.0008702	+0.0009761	+0.0010684	+0.0011596	+0.0012366	+0.0013056	+0.0013669	+0.0014279
2014-04	0.004	-0.0002649	-0.0002009	-0.0001327	-0.0000565	+0.0000250	+0.0001114	+0.0001970	+0.0002929	+0.0003906	+0.0004943	+0.0006008	+0.0007052	+0.0008111	+0.0009092	+0.0009996	+0.0010836	+0.0011610	+0.0012317	+0.0012994	+0.0013651	+0.0014212
2014-05	0.005	-0.0001765	-0.0001053	-0.0000394	+0.0000413	+0.0001237	+0.0002036	+0.0002902	+0.0003820	+0.0004747	+0.0005758	+0.0006778	+0.0007822	+0.0008842	+0.0009815	+0.0010659	+0.0011435	+0.0012147	+0.0012868	+0.0013627	+0.0014210	+0.0014805
2014-06	0.004	-0.0003324	-0.0002164	-0.0000835	+0.0000266	+0.0001199	+0.0002148	+0.0003102	+0.0004030	+0.0004939	+0.0005914	+0.0006936	+0.0007952	+0.0008896	+0.0009778	+0.0010640	+0.0011462	+0.0012228	+0.0012901	+0.0013604	+0.0014169	+0.0014670
2014-07	0.006	-0.0002754	-0.0001821	-0.0000808	+0.0000181	+0.0001052	+0.0001970	+0.0002874	+0.0003761	+0.0004729	+0.0005713	+0.0006727	+0.0007740	+0.0008735	+0.0009664	+0.0010544	+0.0011452	+0.0012229	+0.0012934	+0.0013591	+0.0014235	+0.0014801
2014-08	0.012	-0.0002603	-0.0001528	-0.0000596	+0.0000351	+0.0001197	+0.0001995	+0.0002918	+0.0003778	+0.0004688	+0.0005701	+0.0006686	+0.0007667	+0.0008600	+0.0009518	+0.0010390	+0.0011214	+0.0012012	+0.0012685	+0.0013355	+0.0013885	+0.0014498
2014-09	0.016	-0.0002765	-0.0001937	-0.0000876	+0.0000043	+0.0000889	+0.0001733	+0.0002579	+0.0003517	+0.0004481	+0.0005489	+0.0006508	+0.0007468	+0.0008423	+0.0009343	+0.0010252	+0.0011138	+0.0012013	+0.0012764	+0.0013540	+0.0014179	+0.0014694
2014-10	0.010	-0.0002304	-0.0001615	-0.0000855	+0.0000022	+0.0000831	+0.0001720	+0.0002572	+0.0003505	+0.0004499	+0.0005499	+0.0006503	+0.0007481	+0.0008480	+0.0009444	+0.0010267	+0.0011142	+0.0011904	+0.0012674	+0.0013265	+0.0013933	+0.0014612
2014-11	0.063	-0.0002432	-0.0001760	-0.0000989	-0.0000266	+0.0000487	+0.0001392	+0.0002273	+0.0003115	+0.0004018	+0.0004939	+0.0005942	+0.0006936	+0.0007889	+0.0008835	+0.0009699	+0.0010529	+0.0011353	+0.0012088	+0.0012776	+0.0013351	+0.0013884
2014-12	-0.011	-0.0002836	-0.0002227	-0.0001541	-0.0000752	+0.0000085	+0.0000899	+0.0001696	+0.0002464	+0.0003345	+0.0004224	+0.0005135	+0.0006036	+0.0006888	+0.0007751	+0.0008520	+0.0009225	+0.0009903	+0.0010567	+0.0011203	+0.0011802	+0.0012344
2015-01	-0.009	-0.0002073	-0.0001469	-0.0000881	-0.0000267	+0.0000421	+0.0001115	+0.0001783	+0.0002522	+0.0003310	+0.0004133	+0.0004930	+0.0005729	+0.0006450	+0.0007155	+0.0007820	+0.0008420	+0.0008953	+0.0009437	+0.0009907	+0.0010338	+0.0010737
2015-02	-0.001	-0.0002863	-0.0002236	-0.0001608	-0.0000912	-0.0000224	+0.0000458	+0.0001181	+0.0001909	+0.0002685	+0.0003481	+0.0004305	+0.0005091	+0.0005869	+0.0006565	+0.0007154	+0.0007700	+0.0008231	+0.0008702	+0.0009133	+0.0009569	+0.0009950
