2013-01	0.135	-0.0015524	-0.0014718	-0.0013863	-0.0012899	-0.0011916	-0.0010861	-0.0009716	-0.0008476	-0.0007247	-0.0005869	-0.0004491	-0.0003127	-0.0001833	-0.0000550	+0.0000636	+0.0001651	+0.0002620	+0.0003532	+0.0004359	+0.0005173	+0.0005819
2013-02	0.052	-0.0014532	-0.0013606	-0.0012491	-0.0011492	-0.0010382	-0.0009292	-0.0008131	-0.0006834	-0.0005474	-0.0004060	-0.0002594	-0.0001058	+0.0000390	+0.0001792	+0.0003076	+0.0004276	+0.0005339	+0.0006450	+0.0007386	+0.0008287	+0.0009188
2013-03	0.170	-0.0011773	-0.0011009	-0.0010109	-0.0009166	-0.0008175	-0.0007054	-0.0005779	-0.0004373	-0.0002861	-0.0001278	+0.0000355	+0.0002012	+0.0003640	+0.0005129	+0.0006572	+0.0007895	+0.0009170	+0.0010355	+0.0011403	+0.0012516	+0.0013464
2013-04	0.157	-0.0010535	-0.0009658	-0.0008784	-0.0007724	-0.0006579	-0.0005323	-0.0003981	-0.0002529	-0.0000848	+0.0000986	+0.0002798	+0.0004649	+0.0006491	+0.0008316	+0.0010134	+0.0011837	+0.0013483	+0.0015050	+0.0016456	+0.0017683	+0.0018963
2013-05	-0.032	-0.0009058	-0.0008390	-0.0007430	-0.0006392	-0.0005162	-0.0003896	-0.0002298	-0.0000572	+0.0001252	+0.0003274	+0.0005527	+0.0007909	+0.0010151	+0.0012484	+0.0014645	+0.0016566	+0.0018240	+0.0019841	+0.0021535	+0.0022930	+0.0024142
2013-06	-0.029	-0.0008603	-0.0007542	-0.0006404	-0.0005111	-0.0003709	-0.0002056	-0.0000324	+0.0001583	+0.0003813	+0.0006235	+0.0008701	+0.0011326	+0.0014113	+0.0016724	+0.0019294	+0.0021680	+0.0023948	+0.0026043	+0.0028225	+0.0030150	+0.0032141
2013-07	0.032	-0.0010143	-0.0008779	-0.0007198	-0.0005766	-0.0004125	-0.0002223	-0.0000218	+0.0001962	+0.0004190	+0.0006569	+0.0009099	+0.0011683	+0.0014259	+0.0016716	+0.0018995	+0.0021208	+0.0023311	+0.0025213	+0.0026998	+0.0028766	+0.0030352
2013-08	-0.015	-0.0007275	-0.0006317	-0.0005271	-0.0004008	-0.0002750	-0.0001272	+0.0000475	+0.0002447	+0.0004628	+0.0006984	+0.0009463	+0.0012116	+0.0014708	+0.0017275	+0.0019567	+0.0021803	+0.0023935	+0.0026107	+0.0027960	+0.0029977	+0.0031927
2013-09	0.129	-0.0007155	-0.0005670	-0.0004564	-0.0003350	-0.0001944	-0.0000271	+0.0001579	+0.0003557	+0.0005728	+0.0008052	+0.0010573	+0.0013043	+0.0015732	+0.0018140	+0.0020501	+0.0022758	+0.0024777	+0.0026662	+0.0028582	+0.0030453	+0.0032254
2013-10	0.009	-0.0005452	-0.0004314	-0.0003010	-0.0001519	+0.0000065	+0.0001707	+0.0003435	+0.0005321	+0.0007383	+0.0009739	+0.0012108	+0.0014581	+0.0017065	+0.0019569	+0.0021878	+0.0024023	+0.0026046	+0.0027713	+0.0029294	+0.0030832	+0.0032444
2013-11	0.021	-0.0005489	-0.0004059	-0.0002354	-0.0000754	+0.0001102	+0.0002877	+0.0004656	+0.0006660	+0.0008885	+0.0011194	+0.0013643	+0.0016186	+0.0018618	+0.0021143	+0.0023407	+0.0025702	+0.0027745	+0.0029679	+0.0031541	+0.0033057	+0.0034296
2013-12	0.092	-0.0005253	-0.0003637	-0.0001970	-0.0000064	+0.0001748	+0.0003525	+0.0005470	+0.0007602	+0.0009809	+0.0012070	+0.0014387	+0.0016864	+0.0019286	+0.0021732	+0.0024043	+0.0026174	+0.0028308	+0.0030476	+0.0032364	+0.0034226	+0.0036215
2014-01	-0.010	-0.0008139	-0.0005897	-0.0003512	-0.0001208	+0.0000758	+0.0002874	+0.0004892	+0.0007025	+0.0009349	+0.0011727	+0.0014294	+0.0016750	+0.0019151	+0.0021417	+0.0023592	+0.0025685	+0.0027697	+0.0029776	+0.0031644	+0.0033494	+0.0035246
2014-02	-0.024	-0.0008002	-0.0005940	-0.0003323	-0.0000990	+0.0001409	+0.0003576	+0.0005858	+0.0008001	+0.0010162	+0.0012558	+0.0015054	+0.0017558	+0.0020103	+0.0022499	+0.0024716	+0.0026807	+0.0028840	+0.0030777	+0.0032437	+0.0033981	+0.0035337
2014-03	-0.004	-0.0005300	-0.0003372	-0.0001690	+0.0000253	+0.0002089	+0.0004055	+0.0006070	+0.0008158	+0.0010386	+0.0012708	+0.0015204	+0.0017693	+0.0020127	+0.0022549	+0.0024817	+0.0027057	+0.0029229	+0.0031251	+0.0033123	+0.0034825	+0.0036468
2014-04	-0.076	-0.0005438	-0.0003520	-0.0001474	+0.0000303	+0.0002151	+0.0004078	+0.0006060	+0.0008229	+0.0010452	+0.0012878	+0.0015411	+0.0017799	+0.0020154	+0.0022387	+0.0024694	+0.0026889	+0.0028978	+0.0030820	+0.0032694	+0.0034161	+0.0035544
2014-05	0.000	-0.0002593	-0.0001099	+0.0000532	+0.0002148	+0.0003817	+0.0005470	+0.0007196	+0.0009246	+0.0011329	+0.0013581	+0.0015995	+0.0018347	+0.0020662	+0.0022865	+0.0024905	+0.0026858	+0.0028776	+0.0030523	+0.0032105	+0.0033703	+0.0035229
2014-06	0.068	-0.0008737	-0.0005824	-0.0002886	-0.0000343	+0.0001844	+0.0003895	+0.0006013	+0.0008072	+0.0010294	+0.0012640	+0.0015070	+0.0017570	+0.0020098	+0.0022396	+0.0024542	+0.0026786	+0.0028957	+0.0031061	+0.0032932	+0.0034492	+0.0036168
2014-07	0.013	-0.0006157	-0.0003769	-0.0002022	-0.0000111	+0.0001670	+0.0003764	+0.0005778	+0.0007852	+0.0010102	+0.0012476	+0.0015013	+0.0017490	+0.0019960	+0.0022349	+0.0024765	+0.0026829	+0.0028857	+0.0030637	+0.0032502	+0.0034228	+0.0035848
2014-08	0.001	-0.0004208	-0.0002601	-0.0000611	+0.0001416	+0.0003425	+0.0005359	+0.0007264	+0.0009398	+0.0011774	+0.0014184	+0.0016584	+0.0019001	+0.0021426	+0.0023671	+0.0025825	+0.0027826	+0.0029741	+0.0031563	+0.0033240	+0.0034861	+0.0036114
2014-09	-0.000	-0.0004406	-0.0002289	-0.0000387	+0.0001568	+0.0003582	+0.0005505	+0.0007602	+0.0009660	+0.0011806	+0.0014118	+0.0016509	+0.0018933	+0.0021325	+0.0023684	+0.0025876	+0.0027881	+0.0029820	+0.0031760	+0.0033259	+0.0034977	+0.0036169
2014-10	-0.015	-0.0004867	-0.0002421	-0.0000227	+0.0001607	+0.0003320	+0.0005268	+0.0007236	+0.0009435	+0.0011719	+0.0014093	+0.0016538	+0.0018898	+0.0021232	+0.0023550	+0.0025717	+0.0027826	+0.0029777	+0.0031863	+0.0033848	+0.0035344	+0.0036638
2014-11	0.028	-0.0006803	-0.0003971	-0.0001838	+0.0000332	+0.0002437	+0.0004410	+0.0006513	+0.0008675	+0.0010961	+0.0013475	+0.0015949	+0.0018580	+0.0021076	+0.0023426	+0.0025769	+0.0027787	+0.0029599	+0.0031512	+0.0033175	+0.0034789	+0.0036118
2014-12	0.022	-0.0006648	-0.0004563	-0.0002578	-0.0000718	+0.0000879	+0.0002839	+0.0004733	+0.0006749	+0.0008914	+0.0011184	+0.0013619	+0.0016118	+0.0018592	+0.0021007	+0.0023209	+0.0025350	+0.0027562	+0.0029573	+0.0031422	+0.0032973	+0.0034954
2015-01	0.011	-0.0007169	-0.0004856	-0.0002845	-0.0000993	+0.0000689	+0.0002470	+0.0004174	+0.0006018	+0.0008179	+0.0010524	+0.0012999	+0.0015412	+0.0017831	+0.0020186	+0.0022491	+0.0024659	+0.0026603	+0.0028431	+0.0030333	+0.0031897	+0.0033349
2015-02	-0.020	-0.0007164	-0.0005391	-0.0003700	-0.0001993	-0.0000310	+0.0001253	+0.0002887	+0.0004725	+0.0006547	+0.0008596	+0.0010779	+0.0013012	+0.0015249	+0.0017460	+0.0019472	+0.0021559	+0.0023563	+0.0025531	+0.0027553	+0.0029085	+0.0030811
