2013-01	0.008	-0.0002052	-0.0001681	-0.0001268	-0.0000822	-0.0000393	+0.0000110	+0.0000593	+0.0001083	+0.0001568	+0.0002075	+0.0002556	+0.0003044	+0.0003518	+0.0003945	+0.0004338	+0.0004700	+0.0005010	+0.0005299	+0.0005562	+0.0005810	+0.0006032
2013-02	-0.002	-0.0001797	-0.0001451	-0.0001054	-0.0000612	-0.0000200	+0.0000225	+0.0000704	+0.0001188	+0.0001694	+0.0002201	+0.0002696	+0.0003180	+0.0003642	+0.0004051	+0.0004453	+0.0004795	+0.0005131	+0.0005436	+0.0005717	+0.0005950	+0.0006190
2013-03	0.008	-0.0001947	-0.0001613	-0.0001237	-0.0000796	-0.0000377	+0.0000099	+0.0000574	+0.0001087	+0.0001599	+0.0002118	+0.0002593	+0.0003072	+0.0003524	+0.0003928	+0.0004321	+0.0004696	+0.0005033	+0.0005345	+0.0005604	+0.0005840	+0.0006070
2013-04	0.013	-0.0001991	-0.0001628	-0.0001303	-0.0000868	-0.0000418	+0.0000057	+0.0000547	+0.0001009	+0.0001479	+0.0001971	+0.0002468	+0.0002950	+0.0003409	+0.0003817	+0.0004207	+0.0004550	+0.0004860	+0.0005184	+0.0005462	+0.0005728	+0.0005966
2013-05	-0.004	-0.0001789	-0.0001368	-0.0000985	-0.0000527	-0.0000095	+0.0000316	+0.0000734	+0.0001178	+0.0001647	+0.0002126	+0.0002590	+0.0003044	+0.0003474	+0.0003872	+0.0004236	+0.0004582	+0.0004893	+0.0005188	+0.0005462	+0.0005735	+0.0005943
2013-06	-0.029	-0.0001296	-0.0000998	-0.0000606	-0.0000148	+0.0000251	+0.0000660	+0.0001059	+0.0001533	+0.0001993	+0.0002465	+0.0002942	+0.0003388	+0.0003811	+0.0004213	+0.0004592	+0.0004942	+0.0005248	+0.0005528	+0.0005788	+0.0006049	+0.0006273
2013-07	0.014	-0.0001515	-0.0001070	-0.0000622	-0.0000205	+0.0000242	+0.0000696	+0.0001147	+0.0001607	+0.0002104	+0.0002592	+0.0003056	+0.0003494	+0.0003913	+0.0004287	+0.0004630	+0.0004961	+0.0005263	+0.0005541	+0.0005808	+0.0006065	+0.0006327
2013-08	-0.012	-0.0001379	-0.0000999	-0.0000585	-0.0000190	+0.0000214	+0.0000657	+0.0001118	+0.0001585	+0.0002056	+0.0002528	+0.0003007	+0.0003451	+0.0003876	+0.0004270	+0.0004649	+0.0004965	+0.0005267	+0.0005569	+0.0005836	+0.0006071	+0.0006343
2013-09	0.008	-0.0000875	-0.0000567	-0.0000186	+0.0000222	+0.0000663	+0.0001077	+0.0001498	+0.0001900	+0.0002310	+0.0002703	+0.0003114	+0.0003516	+0.0003901	+0.0004288	+0.0004644	+0.0004967	+0.0005243	+0.0005504	+0.0005763	+0.0005992	+0.0006189
2013-10	0.019	-0.0001388	-0.0000854	-0.0000319	+0.0000175	+0.0000595	+0.0000988	+0.0001410	+0.0001822	+0.0002220	+0.0002629	+0.0003033	+0.0003422	+0.0003802	+0.0004158	+0.0004482	+0.0004798	+0.0005089	+0.0005359	+0.0005602	+0.0005841	+0.0006061
2013-11	0.002	-0.0000917	-0.0000588	-0.0000214	+0.0000169	+0.0000520	+0.0000900	+0.0001298	+0.0001673	+0.0002064	+0.0002459	+0.0002863	+0.0003263	+0.0003647	+0.0003997	+0.0004323	+0.0004656	+0.0004954	+0.0005222	+0.0005469	+0.0005691	+0.0005906
2013-12	0.001	-0.0001260	-0.0000792	-0.0000352	+0.0000050	+0.0000423	+0.0000838	+0.0001269	+0.0001672	+0.0002075	+0.0002491	+0.0002882	+0.0003287	+0.0003663	+0.0004018	+0.0004341	+0.0004640	+0.0004905	+0.0005146	+0.0005386	+0.0005621	+0.0005799
2014-01	0.007	-0.0001761	-0.0001325	-0.0000865	-0.0000399	+0.0000085	+0.0000538	+0.0000973	+0.0001363	+0.0001740	+0.0002121	+0.0002500	+0.0002861	+0.0003185	+0.0003487	+0.0003774	+0.0004038	+0.0004262	+0.0004491	+0.0004703	+0.0004890	+0.0005084
2014-02	0.016	-0.0001232	-0.0000868	-0.0000553	-0.0000219	+0.0000107	+0.0000467	+0.0000834	+0.0001197	+0.0001577	+0.0001925	+0.0002267	+0.0002612	+0.0002932	+0.0003227	+0.0003481	+0.0003716	+0.0003928	+0.0004111	+0.0004310	+0.0004454	+0.0004598
2014-03	0.001	-0.0000936	-0.0000625	-0.0000335	-0.0000019	+0.0000289	+0.0000604	+0.0000938	+0.0001265	+0.0001611	+0.0001953	+0.0002305	+0.0002640	+0.0002934	+0.0003205	+0.0003455	+0.0003686	+0.0003891	+0.0004078	+0.0004262	+0.0004444	+0.0004611
2014-04	0.003	-0.0000803	-0.0000536	-0.0000247	+0.0000076	+0.0000403	+0.0000733	+0.0001065	+0.0001390	+0.0001738	+0.0002086	+0.0002435	+0.0002772	+0.0003089	+0.0003373	+0.0003634	+0.0003854	+0.0004059	+0.0004239	+0.0004399	+0.0004539	+0.0004669
2014-05	0.009	-0.0000843	-0.0000562	-0.0000223	+0.0000119	+0.0000444	+0.0000795	+0.0001150	+0.0001509	+0.0001860	+0.0002222	+0.0002579	+0.0002922	+0.0003233	+0.0003510	+0.0003752	+0.0003985	+0.0004189	+0.0004386	+0.0004568	+0.0004724	+0.0004853
2014-06	0.010	-0.0001200	-0.0000795	-0.0000415	-0.0000033	+0.0000355	+0.0000730	+0.0001116	+0.0001494	+0.0001859	+0.0002223	+0.0002579	+0.0002919	+0.0003225	+0.0003497	+0.0003755	+0.0003976	+0.0004168	+0.0004355	+0.0004493	+0.0004627	+0.0004765
2014-07	-0.008	-0.0001105	-0.0000775	-0.0000454	-0.0000099	+0.0000304	+0.0000675	+0.0001053	+0.0001407	+0.0001753	+0.0002114	+0.0002447	+0.0002756	+0.0003044	+0.0003313	+0.0003562	+0.0003756	+0.0003936	+0.0004092	+0.0004233	+0.0004352	+0.0004495
2014-08	0.007	-0.0001066	-0.0000770	-0.0000359	-0.0000032	+0.0000254	+0.0000602	+0.0000943	+0.0001286	+0.0001636	+0.0001964	+0.0002279	+0.0002583	+0.0002863	+0.0003125	+0.0003352	+0.0003552	+0.0003739	+0.0003911	+0.0004090	+0.0004229	+0.0004384
2014-09	-0.021	-0.0001392	-0.0001060	-0.0000682	-0.0000343	-0.0000025	+0.0000296	+0.0000625	+0.0000960	+0.0001308	+0.0001649	+0.0001991	+0.0002315	+0.0002604	+0.0002864	+0.0003097	+0.0003306	+0.0003511	+0.0003686	+0.0003851	+0.0004000	+0.0004145
2014-10	0.012	-0.0001208	-0.0000884	-0.0000624	-0.0000297	+0.0000001	+0.0000315	+0.0000640	+0.0000968	+0.0001294	+0.0001624	+0.0001950	+0.0002255	+0.0002531	+0.0002782	+0.0003009	+0.0003208	+0.0003401	+0.0003561	+0.0003726	+0.0003879	+0.0004009
2014-11	-0.006	-0.0001357	-0.0001082	-0.0000801	-0.0000534	-0.0000260	+0.0000047	+0.0000367	+0.0000699	+0.0001035	+0.0001369	+0.0001698	+0.0002005	+0.0002295	+0.0002561	+0.0002813	+0.0003056	+0.0003259	+0.0003438	+0.0003603	+0.0003762	+0.0003925
2014-12	-0.014	-0.0001596	-0.0001388	-0.0001155	-0.0000902	-0.0000622	-0.0000316	-0.0000014	+0.0000283	+0.0000587	+0.0000908	+0.0001239	+0.0001540	+0.0001832	+0.0002114	+0.0002356	+0.0002579	+0.0002772	+0.0002958	+0.0003133	+0.0003297	+0.0003462
2015-01	0.009	-0.0001825	-0.0001608	-0.0001381	-0.0001142	-0.0000879	-0.0000607	-0.0000325	-0.0000021	+0.0000316	+0.0000639	+0.0000970	+0.0001295	+0.0001602	+0.0001881	+0.0002140	+0.0002370	+0.0002590	+0.0002779	+0.0002950	+0.0003112	+0.0003253
2015-02	0.003	-0.0002156	-0.0001945	-0.0001677	-0.0001421	-0.0001167	-0.0000874	-0.0000575	-0.0000255	+0.0000077	+0.0000413	+0.0000758	+0.0001092	+0.0001413	+0.0001717	+0.0002005	+0.0002264	+0.0002503	+0.0002726	+0.0002907	+0.0003082	+0.0003216
