2013-01	0.063	-0.0015767	-0.0014824	-0.0013745	-0.0012641	-0.0011475	-0.0010064	-0.0008647	-0.0007047	-0.0005388	-0.0003619	-0.0001855	-0.0000045	+0.0001736	+0.0003386	+0.0004960	+0.0006428	+0.0007673	+0.0008966	+0.0010020	+0.0010989	+0.0011991
2013-02	-0.010	-0.0014512	-0.0013462	-0.0012278	-0.0011055	-0.0009806	-0.0008445	-0.0006809	-0.0005126	-0.0003319	-0.0001510	+0.0000373	+0.0002249	+0.0004004	+0.0005640	+0.0007060	+0.0008473	+0.0009824	+0.0011085	+0.0012435	+0.0013639	+0.0014950
2013-03	0.016	-0.0014790	-0.0013733	-0.0012577	-0.0011396	-0.0009821	-0.0008219	-0.0006662	-0.0004881	-0.0003120	-0.0001210	+0.0000704	+0.0002586	+0.0004450	+0.0006228	+0.0007872	+0.0009340	+0.0010724	+0.0011954	+0.0013025	+0.0014226	+0.0015275
2013-04	0.035	-0.0015464	-0.0014346	-0.0012941	-0.0011582	-0.0010041	-0.0008313	-0.0006715	-0.0004865	-0.0002983	-0.0001043	+0.0000876	+0.0002807	+0.0004645	+0.0006492	+0.0008158	+0.0009733	+0.0011099	+0.0012384	+0.0013636	+0.0014807	+0.0015857
2013-05	0.013	-0.0013892	-0.0012802	-0.0011558	-0.0010185	-0.0008730	-0.0007141	-0.0005568	-0.0003959	-0.0002199	-0.0000357	+0.0001570	+0.0003425	+0.0005197	+0.0006876	+0.0008447	+0.0009923	+0.0011210	+0.0012582	+0.0013785	+0.0015010	+0.0016030
2013-06	-0.078	-0.0012924	-0.0011711	-0.0010200	-0.0008925	-0.0007479	-0.0005962	-0.0004453	-0.0002776	-0.0000992	+0.0000907	+0.0002821	+0.0004714	+0.0006516	+0.0008216	+0.0009825	+0.0011336	+0.0012702	+0.0013937	+0.0015075	+0.0016010	+0.0016966
2013-07	0.019	-0.0012236	-0.0010939	-0.0009542	-0.0008091	-0.0006681	-0.0005218	-0.0003595	-0.0001913	-0.0000127	+0.0001729	+0.0003627	+0.0005485	+0.0007280	+0.0008848	+0.0010369	+0.0011724	+0.0013070	+0.0014253	+0.0015376	+0.0016388	+0.0017326
2013-08	-0.019	-0.0010458	-0.0009195	-0.0008096	-0.0006759	-0.0005463	-0.0004070	-0.0002589	-0.0001063	+0.0000588	+0.0002329	+0.0004076	+0.0005778	+0.0007410	+0.0009043	+0.0010473	+0.0011851	+0.0013191	+0.0014365	+0.0015444	+0.0016461	+0.0017357
2013-09	0.055	-0.0007485	-0.0006565	-0.0005495	-0.0004308	-0.0003090	-0.0001878	-0.0000625	+0.0000729	+0.0002155	+0.0003671	+0.0005280	+0.0006879	+0.0008462	+0.0009921	+0.0011281	+0.0012567	+0.0013712	+0.0014766	+0.0015707	+0.0016672	+0.0017570
2013-10	0.020	-0.0006240	-0.0005404	-0.0004395	-0.0003324	-0.0002276	-0.0001039	+0.0000172	+0.0001504	+0.0003023	+0.0004578	+0.0006146	+0.0007684	+0.0009143	+0.0010537	+0.0011799	+0.0012985	+0.0014031	+0.0015042	+0.0016063	+0.0016936	+0.0017709
2013-11	-0.005	-0.0006321	-0.0005436	-0.0004379	-0.0003238	-0.0001968	-0.0000739	+0.0000501	+0.0001800	+0.0003177	+0.0004639	+0.0006152	+0.0007659	+0.0009131	+0.0010488	+0.0011883	+0.0013224	+0.0014346	+0.0015419	+0.0016290	+0.0017179	+0.0018222
2013-12	0.003	-0.0006948	-0.0005920	-0.0004662	-0.0003455	-0.0002313	-0.0000998	+0.0000368	+0.0001791	+0.0003231	+0.0004741	+0.0006253	+0.0007789	+0.0009214	+0.0010644	+0.0011947	+0.0013104	+0.0014322	+0.0015341	+0.0016306	+0.0017334	+0.0018128
2014-01	-0.055	-0.0008145	-0.0007125	-0.0005936	-0.0004801	-0.0003611	-0.0002319	-0.0000992	+0.0000453	+0.0001875	+0.0003279	+0.0004812	+0.0006229	+0.0007655	+0.0009066	+0.0010372	+0.0011616	+0.0012719	+0.0013753	+0.0014665	+0.0015425	+0.0016275
2014-02	0.006	-0.0008025	-0.0007140	-0.0006105	-0.0005143	-0.0004160	-0.0003086	-0.0002010	-0.0000763	+0.0000527	+0.0001905	+0.0003303	+0.0004693	+0.0006013	+0.0007267	+0.0008418	+0.0009492	+0.0010523	+0.0011548	+0.0012387	+0.0013284	+0.0014095
2014-03	0.019	-0.0008293	-0.0007479	-0.0006663	-0.0005696	-0.0004747	-0.0003785	-0.0002655	-0.0001422	-0.0000199	+0.0001121	+0.0002506	+0.0003909	+0.0005239	+0.0006535	+0.0007747	+0.0008830	+0.0009725	+0.0010617	+0.0011436	+0.0012223	+0.0013016
2014-04	0.006	-0.0006949	-0.0006185	-0.0005374	-0.0004478	-0.0003521	-0.0002575	-0.0001527	-0.0000412	+0.0000799	+0.0002058	+0.0003399	+0.0004652	+0.0005874	+0.0007034	+0.0008180	+0.0009232	+0.0010275	+0.0011150	+0.0011965	+0.0012734	+0.0013565
2014-05	0.021	-0.0004286	-0.0003657	-0.0002913	-0.0002172	-0.0001371	-0.0000525	+0.0000449	+0.0001418	+0.0002471	+0.0003575	+0.0004745	+0.0005954	+0.0007131	+0.0008260	+0.0009334	+0.0010324	+0.0011280	+0.0012061	+0.0012918	+0.0013768	+0.0014431
2014-06	0.009	-0.0004498	-0.0003607	-0.0002785	-0.0001859	-0.0000930	+0.0000012	+0.0001021	+0.0001989	+0.0003032	+0.0004111	+0.0005249	+0.0006399	+0.0007519	+0.0008587	+0.0009543	+0.0010486	+0.0011370	+0.0012232	+0.0012962	+0.0013617	+0.0014240
2014-07	0.021	-0.0004013	-0.0003456	-0.0002650	-0.0001829	-0.0000979	-0.0000091	+0.0000869	+0.0001856	+0.0002914	+0.0004008	+0.0005135	+0.0006307	+0.0007429	+0.0008481	+0.0009514	+0.0010486	+0.0011411	+0.0012290	+0.0013103	+0.0013782	+0.0014401
2014-08	0.015	-0.0004087	-0.0003327	-0.0002465	-0.0001697	-0.0000782	+0.0000112	+0.0001007	+0.0001998	+0.0003029	+0.0004128	+0.0005279	+0.0006447	+0.0007549	+0.0008595	+0.0009552	+0.0010451	+0.0011282	+0.0012050	+0.0012837	+0.0013581	+0.0014227
2014-09	-0.013	-0.0004576	-0.0003639	-0.0002707	-0.0001835	-0.0000907	+0.0000030	+0.0001073	+0.0002126	+0.0003195	+0.0004249	+0.0005362	+0.0006428	+0.0007529	+0.0008559	+0.0009609	+0.0010632	+0.0011611	+0.0012583	+0.0013491	+0.0014160	+0.0014780
2014-10	-0.013	-0.0003874	-0.0003090	-0.0002288	-0.0001356	-0.0000484	+0.0000402	+0.0001297	+0.0002247	+0.0003330	+0.0004463	+0.0005564	+0.0006676	+0.0007748	+0.0008797	+0.0009891	+0.0010842	+0.0011750	+0.0012661	+0.0013326	+0.0014025	+0.0014735
2014-11	0.041	-0.0004643	-0.0003988	-0.0003301	-0.0002418	-0.0001539	-0.0000620	+0.0000304	+0.0001339	+0.0002381	+0.0003509	+0.0004618	+0.0005721	+0.0006861	+0.0007943	+0.0008968	+0.0009982	+0.0010853	+0.0011776	+0.0012590	+0.0013263	+0.0013881
2014-12	-0.019	-0.0005354	-0.0004603	-0.0003894	-0.0003215	-0.0002522	-0.0001705	-0.0000907	-0.0000010	+0.0000947	+0.0001879	+0.0002859	+0.0003822	+0.0004762	+0.0005623	+0.0006477	+0.0007282	+0.0008063	+0.0008763	+0.0009422	+0.0010048	+0.0010644
2015-01	-0.011	-0.0005048	-0.0004548	-0.0003840	-0.0003171	-0.0002508	-0.0001788	-0.0001072	-0.0000279	+0.0000534	+0.0001368	+0.0002216	+0.0003027	+0.0003816	+0.0004534	+0.0005201	+0.0005802	+0.0006388	+0.0006935	+0.0007406	+0.0007935	+0.0008325
2015-02	-0.002	-0.0005302	-0.0004749	-0.0004139	-0.0003572	-0.0002926	-0.0002294	-0.0001629	-0.0000867	-0.0000039	+0.0000799	+0.0001620	+0.0002417	+0.0003210	+0.0003951	+0.0004613	+0.0005258	+0.0005844	+0.0006381	+0.0006888	+0.0007326	+0.0007830
