2013-01	0.040	-0.0002303	-0.0002012	-0.0001678	-0.0001340	-0.0000987	-0.0000580	-0.0000156	+0.0000347	+0.0000854	+0.0001413	+0.0002005	+0.0002612	+0.0003206	+0.0003805	+0.0004366	+0.0004922	+0.0005452	+0.0005945	+0.0006396	+0.0006809	+0.0007244
2013-02	0.018	-0.0001863	-0.0001584	-0.0001232	-0.0000847	-0.0000394	+0.0000084	+0.0000597	+0.0001155	+0.0001756	+0.0002415	+0.0003083	+0.0003798	+0.0004516	+0.0005227	+0.0005896	+0.0006559	+0.0007184	+0.0007691	+0.0008218	+0.0008721	+0.0009185
2013-03	0.017	-0.0002030	-0.0001467	-0.0001029	-0.0000603	-0.0000127	+0.0000384	+0.0000965	+0.0001597	+0.0002323	+0.0003078	+0.0003869	+0.0004711	+0.0005562	+0.0006355	+0.0007121	+0.0007849	+0.0008479	+0.0009126	+0.0009755	+0.0010273	+0.0010813
2013-04	0.045	-0.0001841	-0.0001370	-0.0000770	-0.0000296	+0.0000219	+0.0000798	+0.0001409	+0.0002106	+0.0002866	+0.0003636	+0.0004460	+0.0005312	+0.0006128	+0.0006941	+0.0007763	+0.0008478	+0.0009219	+0.0009914	+0.0010518	+0.0011204	+0.0011764
2013-05	0.015	-0.0001408	-0.0000861	-0.0000315	+0.0000277	+0.0000839	+0.0001456	+0.0002115	+0.0002807	+0.0003568	+0.0004365	+0.0005204	+0.0006041	+0.0006878	+0.0007728	+0.0008506	+0.0009228	+0.0009928	+0.0010558	+0.0011069	+0.0011608	+0.0012130
2013-06	-0.043	-0.0000381	+0.0000073	+0.0000578	+0.0001140	+0.0001722	+0.0002351	+0.0002984	+0.0003720	+0.0004490	+0.0005313	+0.0006181	+0.0007059	+0.0007893	+0.0008701	+0.0009501	+0.0010190	+0.0010851	+0.0011523	+0.0012063	+0.0012710	+0.0013275
2013-07	-0.007	-0.0001807	-0.0001035	-0.0000145	+0.0000581	+0.0001333	+0.0002051	+0.0002809	+0.0003578	+0.0004386	+0.0005246	+0.0006119	+0.0007013	+0.0007882	+0.0008640	+0.0009355	+0.0010062	+0.0010665	+0.0011299	+0.0011904	+0.0012496	+0.0012987
2013-08	-0.004	-0.0002431	-0.0001735	-0.0001092	-0.0000337	+0.0000480	+0.0001245	+0.0002009	+0.0002803	+0.0003649	+0.0004571	+0.0005492	+0.0006441	+0.0007355	+0.0008238	+0.0009041	+0.0009791	+0.0010517	+0.0011178	+0.0011767	+0.0012369	+0.0013100
2013-09	0.004	-0.0003071	-0.0002150	-0.0001279	-0.0000474	+0.0000295	+0.0001077	+0.0001860	+0.0002701	+0.0003576	+0.0004465	+0.0005432	+0.0006356	+0.0007229	+0.0008121	+0.0008976	+0.0009709	+0.0010470	+0.0011113	+0.0011694	+0.0012176	+0.0012824
2013-10	0.014	-0.0002000	-0.0001365	-0.0000727	-0.0000096	+0.0000530	+0.0001179	+0.0001886	+0.0002671	+0.0003580	+0.0004495	+0.0005467	+0.0006414	+0.0007364	+0.0008171	+0.0008948	+0.0009652	+0.0010365	+0.0011077	+0.0011652	+0.0012293	+0.0012947
2013-11	0.031	-0.0002543	-0.0001975	-0.0001235	-0.0000527	+0.0000167	+0.0000834	+0.0001557	+0.0002387	+0.0003252	+0.0004147	+0.0005072	+0.0006003	+0.0006915	+0.0007822	+0.0008660	+0.0009518	+0.0010265	+0.0010950	+0.0011624	+0.0012169	+0.0012797
2013-12	0.017	-0.0002464	-0.0001831	-0.0001131	-0.0000407	+0.0000285	+0.0001084	+0.0001886	+0.0002745	+0.0003587	+0.0004481	+0.0005395	+0.0006319	+0.0007228	+0.0008052	+0.0008896	+0.0009692	+0.0010490	+0.0011238	+0.0011892	+0.0012507	+0.0013150
2014-01	-0.010	-0.0003862	-0.0002659	-0.0001614	-0.0000607	+0.0000251	+0.0001049	+0.0001914	+0.0002804	+0.0003724	+0.0004678	+0.0005611	+0.0006586	+0.0007543	+0.0008448	+0.0009281	+0.0010066	+0.0010784	+0.0011474	+0.0012047	+0.0012683	+0.0013212
2014-02	-0.004	-0.0003907	-0.0003060	-0.0002079	-0.0001044	-0.0000030	+0.0000793	+0.0001661	+0.0002507	+0.0003381	+0.0004326	+0.0005255	+0.0006210	+0.0007141	+0.0007987	+0.0008793	+0.0009566	+0.0010275	+0.0010926	+0.0011553	+0.0012110	+0.0012630
2014-03	0.006	-0.0002439	-0.0001855	-0.0001192	-0.0000611	+0.0000015	+0.0000691	+0.0001437	+0.0002192	+0.0003018	+0.0003884	+0.0004787	+0.0005699	+0.0006602	+0.0007491	+0.0008336	+0.0009148	+0.0009923	+0.0010597	+0.0011193	+0.0011726	+0.0012183
2014-04	0.000	-0.0002302	-0.0001731	-0.0001152	-0.0000528	+0.0000119	+0.0000824	+0.0001529	+0.0002298	+0.0003119	+0.0004014	+0.0004909	+0.0005813	+0.0006698	+0.0007566	+0.0008359	+0.0009077	+0.0009768	+0.0010413	+0.0011007	+0.0011574	+0.0012161
2014-05	0.003	-0.0001955	-0.0001482	-0.0000924	-0.0000310	+0.0000330	+0.0000993	+0.0001688	+0.0002511	+0.0003340	+0.0004222	+0.0005117	+0.0006020	+0.0006917	+0.0007732	+0.0008529	+0.0009241	+0.0009918	+0.0010521	+0.0011123	+0.0011624	+0.0012107
2014-06	-0.005	-0.0002936	-0.0002109	-0.0001252	-0.0000487	+0.0000254	+0.0000996	+0.0001769	+0.0002579	+0.0003416	+0.0004264	+0.0005179	+0.0006073	+0.0006922	+0.0007727	+0.0008497	+0.0009259	+0.0009933	+0.0010569	+0.0011185	+0.0011670	+0.0012147
2014-07	0.011	-0.0002565	-0.0001851	-0.0001041	-0.0000349	+0.0000335	+0.0001096	+0.0001820	+0.0002580	+0.0003427	+0.0004288	+0.0005182	+0.0006089	+0.0006961	+0.0007808	+0.0008624	+0.0009397	+0.0010078	+0.0010674	+0.0011323	+0.0011898	+0.0012444
2014-08	0.016	-0.0002228	-0.0001495	-0.0000737	-0.0000006	+0.0000645	+0.0001291	+0.0002029	+0.0002773	+0.0003571	+0.0004429	+0.0005282	+0.0006147	+0.0006979	+0.0007810	+0.0008568	+0.0009265	+0.0009949	+0.0010549	+0.0011161	+0.0011615	+0.0012126
2014-09	0.045	-0.0002007	-0.0001389	-0.0000690	-0.0000035	+0.0000624	+0.0001315	+0.0002040	+0.0002820	+0.0003658	+0.0004544	+0.0005400	+0.0006253	+0.0007093	+0.0007919	+0.0008679	+0.0009451	+0.0010182	+0.0010836	+0.0011432	+0.0012052	+0.0012520
2014-10	0.006	-0.0002156	-0.0001351	-0.0000640	+0.0000013	+0.0000680	+0.0001386	+0.0002133	+0.0002953	+0.0003798	+0.0004678	+0.0005546	+0.0006427	+0.0007325	+0.0008175	+0.0008937	+0.0009655	+0.0010314	+0.0010897	+0.0011486	+0.0012096	+0.0012643
2014-11	0.076	-0.0001834	-0.0001286	-0.0000666	-0.0000130	+0.0000615	+0.0001401	+0.0002155	+0.0002922	+0.0003722	+0.0004587	+0.0005459	+0.0006340	+0.0007207	+0.0008021	+0.0008782	+0.0009521	+0.0010208	+0.0010859	+0.0011354	+0.0011849	+0.0012338
2014-12	0.017	-0.0002400	-0.0001759	-0.0001089	-0.0000322	+0.0000405	+0.0001119	+0.0001857	+0.0002625	+0.0003476	+0.0004334	+0.0005237	+0.0006138	+0.0007039	+0.0007863	+0.0008632	+0.0009356	+0.0009948	+0.0010589	+0.0011108	+0.0011626	+0.0012264
2015-01	-0.002	-0.0001705	-0.0001091	-0.0000508	+0.0000098	+0.0000783	+0.0001443	+0.0002126	+0.0002896	+0.0003725	+0.0004574	+0.0005452	+0.0006304	+0.0007131	+0.0007930	+0.0008664	+0.0009340	+0.0009969	+0.0010587	+0.0011122	+0.0011648	+0.0012129
2015-02	-0.003	-0.0002311	-0.0001641	-0.0000948	-0.0000204	+0.0000479	+0.0001216	+0.0001927	+0.0002669	+0.0003490	+0.0004332	+0.0005199	+0.0006071	+0.0006895	+0.0007663	+0.0008368	+0.0009060	+0.0009687	+0.0010250	+0.0010761	+0.0011343	+0.0011844
