2013-02	0.005	-0.0000674	-0.0000351	-0.0000067	+0.0000318	+0.0000640	+0.0000914	+0.0001154	+0.0001397	+0.0001638	+0.0001885	+0.0002131	+0.0002375	+0.0002611	+0.0002828	+0.0003024	+0.0003220	+0.0003403	+0.0003560	+0.0003706	+0.0003852	+0.0003992
2013-03	0.001	-0.0000682	-0.0000422	-0.0000156	+0.0000138	+0.0000409	+0.0000673	+0.0000944	+0.0001199	+0.0001452	+0.0001696	+0.0001940	+0.0002193	+0.0002444	+0.0002667	+0.0002882	+0.0003077	+0.0003262	+0.0003435	+0.0003594	+0.0003739	+0.0003874
2013-04	0.008	-0.0000641	-0.0000382	-0.0000110	+0.0000161	+0.0000406	+0.0000637	+0.0000862	+0.0001082	+0.0001311	+0.0001546	+0.0001774	+0.0002002	+0.0002233	+0.0002443	+0.0002645	+0.0002832	+0.0003007	+0.0003171	+0.0003326	+0.0003461	+0.0003568
2013-05	-0.012	-0.0000703	-0.0000431	-0.0000142	+0.0000093	+0.0000333	+0.0000560	+0.0000764	+0.0000977	+0.0001199	+0.0001428	+0.0001660	+0.0001882	+0.0002091	+0.0002296	+0.0002474	+0.0002655	+0.0002821	+0.0002993	+0.0003126	+0.0003252	+0.0003364
2013-06	-0.020	-0.0000489	-0.0000313	-0.0000096	+0.0000126	+0.0000347	+0.0000543	+0.0000760	+0.0000979	+0.0001214	+0.0001452	+0.0001680	+0.0001905	+0.0002130	+0.0002348	+0.0002550	+0.0002739	+0.0002910	+0.0003055	+0.0003197	+0.0003318	+0.0003421
2013-07	0.006	-0.0001073	-0.0000831	-0.0000605	-0.0000393	-0.0000189	+0.0000050	+0.0000284	+0.0000538	+0.0000805	+0.0001072	+0.0001328	+0.0001588	+0.0001829	+0.0002066	+0.0002285	+0.0002488	+0.0002678	+0.0002859	+0.0003012	+0.0003161	+0.0003292
2013-08	-0.005	-0.0001742	-0.0001518	-0.0001305	-0.0001063	-0.0000819	-0.0000573	-0.0000294	-0.0000007	+0.0000303	+0.0000618	+0.0000916	+0.0001212	+0.0001491	+0.0001753	+0.0002000	+0.0002234	+0.0002434	+0.0002609	+0.0002778	+0.0002922	+0.0003063
2013-09	0.009	-0.0001439	-0.0001232	-0.0001015	-0.0000755	-0.0000527	-0.0000276	-0.0000025	+0.0000236	+0.0000498	+0.0000779	+0.0001067	+0.0001357	+0.0001625	+0.0001891	+0.0002125	+0.0002341	+0.0002518	+0.0002689	+0.0002856	+0.0002976	+0.0003103
2013-10	0.008	-0.0001245	-0.0001058	-0.0000841	-0.0000656	-0.0000454	-0.0000214	+0.0000039	+0.0000317	+0.0000583	+0.0000862	+0.0001144	+0.0001413	+0.0001662	+0.0001896	+0.0002107	+0.0002310	+0.0002502	+0.0002664	+0.0002827	+0.0002969	+0.0003124
2013-11	-0.001	-0.0001350	-0.0001126	-0.0000893	-0.0000652	-0.0000393	-0.0000133	+0.0000138	+0.0000400	+0.0000688	+0.0000975	+0.0001247	+0.0001517	+0.0001773	+0.0002023	+0.0002249	+0.0002445	+0.0002634	+0.0002804	+0.0002970	+0.0003111	+0.0003268
2013-12	-0.005	-0.0001354	-0.0001119	-0.0000866	-0.0000633	-0.0000377	-0.0000121	+0.0000150	+0.0000448	+0.0000746	+0.0001036	+0.0001323	+0.0001603	+0.0001857	+0.0002096	+0.0002324	+0.0002521	+0.0002705	+0.0002874	+0.0003025	+0.0003185	+0.0003293
2014-01	0.011	-0.0001542	-0.0001356	-0.0001077	-0.0000842	-0.0000564	-0.0000297	-0.0000039	+0.0000230	+0.0000487	+0.0000754	+0.0001012	+0.0001274	+0.0001516	+0.0001736	+0.0001938	+0.0002109	+0.0002262	+0.0002412	+0.0002532	+0.0002649	+0.0002778
2014-02	0.006	-0.0001384	-0.0001194	-0.0001017	-0.0000822	-0.0000591	-0.0000343	-0.0000098	+0.0000145	+0.0000397	+0.0000660	+0.0000918	+0.0001171	+0.0001399	+0.0001615	+0.0001800	+0.0001978	+0.0002132	+0.0002273	+0.0002416	+0.0002540	+0.0002649
2014-03	-0.003	-0.0001373	-0.0001147	-0.0000919	-0.0000721	-0.0000521	-0.0000294	-0.0000057	+0.0000194	+0.0000457	+0.0000717	+0.0000979	+0.0001224	+0.0001442	+0.0001652	+0.0001842	+0.0002018	+0.0002178	+0.0002310	+0.0002438	+0.0002551	+0.0002653
2014-04	0.005	-0.0001311	-0.0001130	-0.0000946	-0.0000735	-0.0000529	-0.0000295	-0.0000057	+0.0000195	+0.0000454	+0.0000715	+0.0000973	+0.0001223	+0.0001445	+0.0001648	+0.0001832	+0.0002008	+0.0002166	+0.0002314	+0.0002440	+0.0002553	+0.0002674
2014-05	0.011	-0.0001466	-0.0001290	-0.0001064	-0.0000828	-0.0000588	-0.0000347	-0.0000102	+0.0000155	+0.0000422	+0.0000698	+0.0000960	+0.0001214	+0.0001453	+0.0001652	+0.0001829	+0.0001989	+0.0002143	+0.0002273	+0.0002402	+0.0002539	+0.0002655
2014-06	-0.001	-0.0001357	-0.0001189	-0.0001000	-0.0000786	-0.0000557	-0.0000333	-0.0000095	+0.0000160	+0.0000424	+0.0000691	+0.0000957	+0.0001206	+0.0001444	+0.0001663	+0.0001859	+0.0002025	+0.0002173	+0.0002305	+0.0002418	+0.0002524	+0.0002634
2014-07	-0.002	-0.0001441	-0.0001239	-0.0001033	-0.0000828	-0.0000598	-0.0000358	-0.0000129	+0.0000115	+0.0000362	+0.0000620	+0.0000869	+0.0001114	+0.0001333	+0.0001528	+0.0001703	+0.0001856	+0.0002004	+0.0002136	+0.0002264	+0.0002357	+0.0002464
2014-08	0.007	-0.0001384	-0.0001220	-0.0001060	-0.0000867	-0.0000649	-0.0000428	-0.0000193	+0.0000044	+0.0000291	+0.0000537	+0.0000784	+0.0001020	+0.0001239	+0.0001444	+0.0001620	+0.0001777	+0.0001915	+0.0002046	+0.0002168	+0.0002277	+0.0002378
2014-09	-0.007	-0.0001552	-0.0001374	-0.0001211	-0.0001010	-0.0000795	-0.0000590	-0.0000359	-0.0000114	+0.0000134	+0.0000379	+0.0000611	+0.0000836	+0.0001044	+0.0001243	+0.0001415	+0.0001577	+0.0001722	+0.0001851	+0.0001972	+0.0002092	+0.0002211
2014-10	0.007	-0.0001551	-0.0001384	-0.0001210	-0.0001007	-0.0000794	-0.0000578	-0.0000359	-0.0000134	+0.0000093	+0.0000333	+0.0000558	+0.0000781	+0.0000991	+0.0001163	+0.0001324	+0.0001473	+0.0001613	+0.0001741	+0.0001858	+0.0001976	+0.0002077
2014-11	0.002	-0.0001501	-0.0001353	-0.0001180	-0.0000990	-0.0000791	-0.0000573	-0.0000354	-0.0000139	+0.0000100	+0.0000344	+0.0000576	+0.0000785	+0.0000983	+0.0001164	+0.0001334	+0.0001482	+0.0001613	+0.0001738	+0.0001863	+0.0001961	+0.0002043
2014-12	-0.004	-0.0001501	-0.0001328	-0.0001183	-0.0001030	-0.0000827	-0.0000611	-0.0000403	-0.0000166	+0.0000088	+0.0000337	+0.0000573	+0.0000796	+0.0001000	+0.0001184	+0.0001353	+0.0001493	+0.0001627	+0.0001764	+0.0001885	+0.0002001	+0.0002111
2015-01	0.015	-0.0001460	-0.0001310	-0.0001148	-0.0000976	-0.0000783	-0.0000579	-0.0000375	-0.0000148	+0.0000087	+0.0000321	+0.0000552	+0.0000772	+0.0000983	+0.0001169	+0.0001343	+0.0001492	+0.0001628	+0.0001761	+0.0001865	+0.0001987	+0.0002092
2015-02	-0.000	-0.0001579	-0.0001379	-0.0001184	-0.0000959	-0.0000741	-0.0000523	-0.0000289	-0.0000061	+0.0000174	+0.0000417	+0.0000657	+0.0000883	+0.0001088	+0.0001283	+0.0001467	+0.0001625	+0.0001763	+0.0001884	+0.0002001	+0.0002100	+0.0002229
