2013-01	0.057	-0.0011277	-0.0010407	-0.0009402	-0.0008371	-0.0007307	-0.0006136	-0.0004784	-0.0003399	-0.0001964	-0.0000471	+0.0000976	+0.0002438	+0.0003883	+0.0005228	+0.0006482	+0.0007627	+0.0008688	+0.0009580	+0.0010478	+0.0011285	+0.0012028
2013-02	0.009	-0.0010715	-0.0009717	-0.0008604	-0.0007548	-0.0006390	-0.0005124	-0.0003742	-0.0002284	-0.0000845	+0.0000646	+0.0002130	+0.0003602	+0.0005061	+0.0006362	+0.0007571	+0.0008614	+0.0009598	+0.0010608	+0.0011564	+0.0012413	+0.0013333
2013-03	0.005	-0.0011210	-0.0009982	-0.0008844	-0.0007740	-0.0006453	-0.0005151	-0.0003757	-0.0002382	-0.0000802	+0.0000691	+0.0002264	+0.0003880	+0.0005311	+0.0006725	+0.0007992	+0.0009151	+0.0010214	+0.0011273	+0.0012206	+0.0013090	+0.0013874
2013-04	0.047	-0.0010911	-0.0010028	-0.0009094	-0.0007939	-0.0006794	-0.0005429	-0.0003922	-0.0002357	-0.0000772	+0.0000780	+0.0002385	+0.0003950	+0.0005440	+0.0006838	+0.0008126	+0.0009287	+0.0010401	+0.0011389	+0.0012357	+0.0013361	+0.0014127
2013-05	-0.032	-0.0010481	-0.0009519	-0.0008229	-0.0007042	-0.0005868	-0.0004616	-0.0003241	-0.0001781	-0.0000299	+0.0001225	+0.0002790	+0.0004352	+0.0005807	+0.0007192	+0.0008499	+0.0009671	+0.0010736	+0.0011668	+0.0012591	+0.0013423	+0.0014247
2013-06	-0.069	-0.0009745	-0.0008790	-0.0007753	-0.0006536	-0.0005459	-0.0004134	-0.0002841	-0.0001450	+0.0000074	+0.0001689	+0.0003282	+0.0004796	+0.0006277	+0.0007708	+0.0008999	+0.0010156	+0.0011184	+0.0012214	+0.0013140	+0.0013962	+0.0014958
2013-07	-0.013	-0.0011968	-0.0010734	-0.0009423	-0.0008167	-0.0006806	-0.0005428	-0.0004010	-0.0002454	-0.0000858	+0.0000810	+0.0002477	+0.0004111	+0.0005726	+0.0007139	+0.0008436	+0.0009628	+0.0010745	+0.0011799	+0.0012678	+0.0013562	+0.0014376
2013-08	-0.031	-0.0011930	-0.0010813	-0.0009765	-0.0008585	-0.0007319	-0.0005977	-0.0004536	-0.0002986	-0.0001318	+0.0000321	+0.0001966	+0.0003598	+0.0005180	+0.0006685	+0.0008037	+0.0009283	+0.0010433	+0.0011503	+0.0012534	+0.0013591	+0.0014479
2013-09	0.041	-0.0009712	-0.0008728	-0.0007626	-0.0006571	-0.0005378	-0.0004168	-0.0002810	-0.0001488	-0.0000035	+0.0001456	+0.0002969	+0.0004523	+0.0006036	+0.0007384	+0.0008661	+0.0009844	+0.0010873	+0.0011810	+0.0012686	+0.0013520	+0.0014345
2013-10	0.034	-0.0008561	-0.0007763	-0.0006898	-0.0005970	-0.0004898	-0.0003750	-0.0002520	-0.0001243	+0.0000217	+0.0001720	+0.0003238	+0.0004743	+0.0006191	+0.0007507	+0.0008699	+0.0009772	+0.0010768	+0.0011676	+0.0012560	+0.0013382	+0.0014254
2013-11	-0.016	-0.0009002	-0.0007818	-0.0006895	-0.0005810	-0.0004620	-0.0003474	-0.0002160	-0.0000796	+0.0000650	+0.0002103	+0.0003568	+0.0005016	+0.0006479	+0.0007850	+0.0009159	+0.0010342	+0.0011451	+0.0012423	+0.0013333	+0.0014161	+0.0014794
2013-12	0.012	-0.0008845	-0.0007676	-0.0006715	-0.0005585	-0.0004467	-0.0003273	-0.0002047	-0.0000714	+0.0000737	+0.0002222	+0.0003735	+0.0005237	+0.0006759	+0.0008031	+0.0009362	+0.0010517	+0.0011598	+0.0012571	+0.0013405	+0.0014235	+0.0014895
2014-01	-0.025	-0.0009532	-0.0008742	-0.0007764	-0.0006687	-0.0005656	-0.0004486	-0.0003217	-0.0001923	-0.0000496	+0.0000985	+0.0002484	+0.0003941	+0.0005348	+0.0006670	+0.0007942	+0.0009056	+0.0010136	+0.0011075	+0.0011967	+0.0012773	+0.0013464
2014-02	0.028	-0.0009562	-0.0008609	-0.0007803	-0.0006742	-0.0005775	-0.0004765	-0.0003645	-0.0002409	-0.0001085	+0.0000275	+0.0001712	+0.0003170	+0.0004563	+0.0005757	+0.0006901	+0.0007950	+0.0008970	+0.0009845	+0.0010621	+0.0011316	+0.0011956
2014-03	0.032	-0.0009502	-0.0008606	-0.0007751	-0.0006807	-0.0005767	-0.0004690	-0.0003597	-0.0002409	-0.0001118	+0.0000234	+0.0001572	+0.0002965	+0.0004282	+0.0005544	+0.0006774	+0.0007864	+0.0008833	+0.0009713	+0.0010563	+0.0011388	+0.0012134
2014-04	0.016	-0.0007774	-0.0007092	-0.0006234	-0.0005351	-0.0004351	-0.0003252	-0.0002123	-0.0000911	+0.0000349	+0.0001676	+0.0002961	+0.0004194	+0.0005418	+0.0006555	+0.0007596	+0.0008566	+0.0009461	+0.0010274	+0.0011028	+0.0011696	+0.0012435
2014-05	0.014	-0.0006290	-0.0005323	-0.0004327	-0.0003442	-0.0002480	-0.0001493	-0.0000334	+0.0000889	+0.0002088	+0.0003335	+0.0004587	+0.0005809	+0.0006967	+0.0008086	+0.0009093	+0.0009995	+0.0010859	+0.0011610	+0.0012290	+0.0012892	+0.0013536
2014-06	0.013	-0.0005866	-0.0005009	-0.0004053	-0.0003102	-0.0002059	-0.0001002	+0.0000158	+0.0001337	+0.0002550	+0.0003813	+0.0005010	+0.0006216	+0.0007313	+0.0008332	+0.0009282	+0.0010155	+0.0010983	+0.0011719	+0.0012402	+0.0013037	+0.0013626
2014-07	0.004	-0.0005927	-0.0005108	-0.0004175	-0.0003180	-0.0002163	-0.0001128	+0.0000000	+0.0001157	+0.0002339	+0.0003627	+0.0004849	+0.0006019	+0.0007140	+0.0008225	+0.0009217	+0.0010122	+0.0010946	+0.0011640	+0.0012342	+0.0012918	+0.0013561
2014-08	0.011	-0.0005719	-0.0004973	-0.0003889	-0.0003015	-0.0001984	-0.0000967	+0.0000101	+0.0001245	+0.0002445	+0.0003640	+0.0004813	+0.0005992	+0.0007098	+0.0008120	+0.0009075	+0.0009944	+0.0010824	+0.0011482	+0.0012161	+0.0012737	+0.0013265
2014-09	-0.021	-0.0006332	-0.0005607	-0.0004682	-0.0003692	-0.0002598	-0.0001464	-0.0000365	+0.0000879	+0.0002068	+0.0003243	+0.0004452	+0.0005662	+0.0006811	+0.0007890	+0.0008831	+0.0009805	+0.0010631	+0.0011477	+0.0012155	+0.0012746	+0.0013319
2014-10	0.015	-0.0005793	-0.0005047	-0.0004151	-0.0003374	-0.0002413	-0.0001351	-0.0000219	+0.0000930	+0.0002125	+0.0003369	+0.0004592	+0.0005783	+0.0006862	+0.0007885	+0.0008821	+0.0009719	+0.0010528	+0.0011257	+0.0011966	+0.0012606	+0.0013285
2014-11	0.021	-0.0006205	-0.0005453	-0.0004651	-0.0003769	-0.0002886	-0.0001829	-0.0000773	+0.0000321	+0.0001451	+0.0002736	+0.0003950	+0.0005188	+0.0006324	+0.0007414	+0.0008408	+0.0009345	+0.0010202	+0.0011024	+0.0011665	+0.0012350	+0.0012898
2014-12	-0.028	-0.0007277	-0.0006524	-0.0005709	-0.0004846	-0.0003881	-0.0002926	-0.0001915	-0.0000784	+0.0000274	+0.0001433	+0.0002592	+0.0003741	+0.0004827	+0.0005861	+0.0006823	+0.0007727	+0.0008557	+0.0009254	+0.0009924	+0.0010590	+0.0011140
2015-01	0.010	-0.0007146	-0.0006429	-0.0005732	-0.0004906	-0.0004006	-0.0003119	-0.0002229	-0.0001269	-0.0000267	+0.0000757	+0.0001776	+0.0002790	+0.0003725	+0.0004559	+0.0005344	+0.0006026	+0.0006679	+0.0007319	+0.0007926	+0.0008442	+0.0009037
2015-02	-0.017	-0.0007630	-0.0006893	-0.0006169	-0.0005319	-0.0004532	-0.0003714	-0.0002799	-0.0001844	-0.0000841	+0.0000158	+0.0001141	+0.0002105	+0.0003015	+0.0003841	+0.0004634	+0.0005353	+0.0006009	+0.0006593	+0.0007175	+0.0007635	+0.0008068
