2013-04	0.052	-0.0022538	-0.0020689	-0.0018460	-0.0016445	-0.0014184	-0.0011909	-0.0009511	-0.0007009	-0.0004282	-0.0001463	+0.0001497	+0.0004318	+0.0007098	+0.0009698	+0.0012077	+0.0014428	+0.0016443	+0.0018525	+0.0020184	+0.0021695	+0.0023063
2013-05	0.069	-0.0020733	-0.0019051	-0.0017325	-0.0015444	-0.0013210	-0.0011093	-0.0008882	-0.0006547	-0.0004056	-0.0001521	+0.0001196	+0.0003936	+0.0006438	+0.0008759	+0.0010917	+0.0012916	+0.0014916	+0.0016677	+0.0018370	+0.0019916	+0.0021327
2013-06	-0.110	-0.0019452	-0.0017798	-0.0015895	-0.0013779	-0.0011741	-0.0009514	-0.0007171	-0.0004740	-0.0002066	+0.0000587	+0.0003247	+0.0005901	+0.0008529	+0.0010930	+0.0013106	+0.0015285	+0.0017327	+0.0019009	+0.0020664	+0.0022166	+0.0023429
2013-07	0.054	-0.0018756	-0.0016824	-0.0014952	-0.0012874	-0.0010633	-0.0008484	-0.0005990	-0.0003401	-0.0000845	+0.0001804	+0.0004508	+0.0007118	+0.0009624	+0.0011959	+0.0014183	+0.0016208	+0.0018028	+0.0019706	+0.0021319	+0.0022584	+0.0023894
2013-08	0.014	-0.0015193	-0.0013679	-0.0011879	-0.0010244	-0.0008198	-0.0006119	-0.0003919	-0.0001583	+0.0000755	+0.0003113	+0.0005636	+0.0008068	+0.0010414	+0.0012604	+0.0014700	+0.0016639	+0.0018509	+0.0020155	+0.0021716	+0.0023073	+0.0024286
2013-09	0.061	-0.0007926	-0.0006670	-0.0005236	-0.0004154	-0.0002673	-0.0001036	+0.0000718	+0.0002498	+0.0004398	+0.0006396	+0.0008500	+0.0010601	+0.0012637	+0.0014523	+0.0016377	+0.0018131	+0.0019736	+0.0021200	+0.0022539	+0.0023888	+0.0025147
2013-10	0.033	-0.0006718	-0.0005203	-0.0003788	-0.0002294	-0.0000672	+0.0000931	+0.0002612	+0.0004451	+0.0006420	+0.0008534	+0.0010562	+0.0012631	+0.0014587	+0.0016396	+0.0018196	+0.0019823	+0.0021270	+0.0022569	+0.0023677	+0.0024642	+0.0025753
2013-11	0.057	-0.0005592	-0.0004277	-0.0002940	-0.0001638	-0.0000072	+0.0001556	+0.0003192	+0.0004991	+0.0006849	+0.0008817	+0.0010795	+0.0012821	+0.0014730	+0.0016558	+0.0018283	+0.0019837	+0.0021360	+0.0022747	+0.0024124	+0.0025271	+0.0026480
2013-12	0.033	-0.0006448	-0.0004807	-0.0003075	-0.0001392	+0.0000239	+0.0001978	+0.0003838	+0.0005755	+0.0007793	+0.0009814	+0.0011748	+0.0013720	+0.0015644	+0.0017389	+0.0018998	+0.0020449	+0.0021834	+0.0023103	+0.0024436	+0.0025536	+0.0026643
2014-01	-0.039	-0.0007981	-0.0006042	-0.0004108	-0.0002182	-0.0000351	+0.0001570	+0.0003452	+0.0005296	+0.0007276	+0.0009215	+0.0011111	+0.0013064	+0.0014978	+0.0016873	+0.0018618	+0.0020113	+0.0021640	+0.0022882	+0.0024284	+0.0025362	+0.0026430
2014-02	0.032	-0.0008484	-0.0006327	-0.0004501	-0.0002762	-0.0001171	+0.0000605	+0.0002371	+0.0004225	+0.0006145	+0.0008001	+0.0009909	+0.0011784	+0.0013602	+0.0015262	+0.0016851	+0.0018463	+0.0019928	+0.0021231	+0.0022324	+0.0023277	+0.0024162
2014-03	-0.048	-0.0005997	-0.0004951	-0.0003826	-0.0002571	-0.0001231	+0.0000257	+0.0001960	+0.0003631	+0.0005413	+0.0007241	+0.0009157	+0.0011007	+0.0012912	+0.0014695	+0.0016274	+0.0017706	+0.0019096	+0.0020362	+0.0021524	+0.0022456	+0.0023577
2014-04	-0.026	-0.0005558	-0.0004356	-0.0002992	-0.0001730	-0.0000232	+0.0001313	+0.0002864	+0.0004524	+0.0006305	+0.0008127	+0.0009989	+0.0011838	+0.0013573	+0.0015225	+0.0016832	+0.0018188	+0.0019506	+0.0020750	+0.0021986	+0.0023134	+0.0024096
2014-05	-0.003	-0.0002673	-0.0001705	-0.0000401	+0.0000810	+0.0002046	+0.0003333	+0.0004725	+0.0006188	+0.0007753	+0.0009389	+0.0011059	+0.0012819	+0.0014449	+0.0016028	+0.0017519	+0.0018876	+0.0020165	+0.0021422	+0.0022508	+0.0023627	+0.0024699
2014-06	0.021	-0.0005128	-0.0003190	-0.0001311	+0.0000244	+0.0001813	+0.0003370	+0.0004856	+0.0006414	+0.0007976	+0.0009627	+0.0011276	+0.0012870	+0.0014463	+0.0015970	+0.0017411	+0.0018773	+0.0019988	+0.0021109	+0.0022096	+0.0023122	+0.0024019
2014-07	0.061	-0.0004326	-0.0002680	-0.0000876	+0.0000555	+0.0001842	+0.0003119	+0.0004572	+0.0006128	+0.0007732	+0.0009382	+0.0011102	+0.0012811	+0.0014372	+0.0015986	+0.0017398	+0.0018774	+0.0020107	+0.0021327	+0.0022567	+0.0023638	+0.0024893
2014-08	0.001	-0.0003846	-0.0002316	-0.0000994	+0.0000502	+0.0002042	+0.0003675	+0.0005249	+0.0006845	+0.0008467	+0.0010101	+0.0011748	+0.0013358	+0.0014906	+0.0016393	+0.0017739	+0.0019085	+0.0020320	+0.0021387	+0.0022340	+0.0023224	+0.0024033
2014-09	-0.010	-0.0004044	-0.0002525	-0.0000821	+0.0000968	+0.0002535	+0.0004018	+0.0005553	+0.0007119	+0.0008686	+0.0010332	+0.0011992	+0.0013601	+0.0015164	+0.0016690	+0.0018176	+0.0019588	+0.0020821	+0.0022040	+0.0023180	+0.0024204	+0.0025107
2014-10	0.019	-0.0004227	-0.0002748	-0.0001338	+0.0000133	+0.0001648	+0.0003241	+0.0004809	+0.0006413	+0.0007974	+0.0009576	+0.0011221	+0.0012891	+0.0014459	+0.0015968	+0.0017426	+0.0018723	+0.0020034	+0.0021256	+0.0022389	+0.0023479	+0.0024360
2014-11	0.070	-0.0004505	-0.0003396	-0.0002116	-0.0000824	+0.0000593	+0.0002066	+0.0003442	+0.0004907	+0.0006435	+0.0008041	+0.0009669	+0.0011294	+0.0012905	+0.0014481	+0.0015865	+0.0017134	+0.0018411	+0.0019611	+0.0020844	+0.0021889	+0.0022869
2014-12	-0.046	-0.0004692	-0.0003586	-0.0002600	-0.0001399	-0.0000188	+0.0001057	+0.0002287	+0.0003581	+0.0004961	+0.0006407	+0.0007820	+0.0009204	+0.0010587	+0.0011904	+0.0013196	+0.0014421	+0.0015504	+0.0016651	+0.0017520	+0.0018452	+0.0019166
2015-01	0.013	-0.0004667	-0.0003658	-0.0002593	-0.0001485	-0.0000352	+0.0000871	+0.0002067	+0.0003288	+0.0004554	+0.0005816	+0.0007134	+0.0008363	+0.0009627	+0.0010781	+0.0011839	+0.0012821	+0.0013755	+0.0014590	+0.0015413	+0.0016252	+0.0016818
2015-02	-0.004	-0.0005301	-0.0004034	-0.0002941	-0.0001842	-0.0000779	+0.0000334	+0.0001481	+0.0002719	+0.0004028	+0.0005371	+0.0006719	+0.0008048	+0.0009358	+0.0010530	+0.0011646	+0.0012531	+0.0013406	+0.0014319	+0.0015083	+0.0015914	+0.0016744
