2013-01	0.116	-0.0030653	-0.0028914	-0.0027252	-0.0025312	-0.0023135	-0.0020630	-0.0018166	-0.0015326	-0.0012301	-0.0009212	-0.0006143	-0.0003039	-0.0000070	+0.0002706	+0.0005388	+0.0007861	+0.0010063	+0.0012093	+0.0013826	+0.0015712	+0.0017355
2013-02	-0.020	-0.0029676	-0.0027911	-0.0026025	-0.0023884	-0.0021500	-0.0019033	-0.0016261	-0.0013284	-0.0010256	-0.0007169	-0.0004016	-0.0000876	+0.0002016	+0.0004858	+0.0007358	+0.0009756	+0.0011892	+0.0013972	+0.0015959	+0.0018289	+0.0020102
2013-03	-0.047	-0.0030295	-0.0028199	-0.0026139	-0.0023815	-0.0021284	-0.0018616	-0.0015743	-0.0012742	-0.0009517	-0.0006275	-0.0003115	+0.0000246	+0.0003444	+0.0006409	+0.0009159	+0.0011716	+0.0014049	+0.0016114	+0.0017895	+0.0019851	+0.0021432
2013-04	0.018	-0.0030484	-0.0028341	-0.0025867	-0.0023141	-0.0020370	-0.0017467	-0.0014452	-0.0011297	-0.0008085	-0.0004719	-0.0001390	+0.0001863	+0.0005017	+0.0007968	+0.0010716	+0.0013312	+0.0015841	+0.0018020	+0.0020085	+0.0021921	+0.0023393
2013-05	0.027	-0.0028881	-0.0026924	-0.0024590	-0.0021881	-0.0019239	-0.0016619	-0.0013942	-0.0011104	-0.0008113	-0.0004854	-0.0001501	+0.0001660	+0.0004822	+0.0007750	+0.0010280	+0.0012747	+0.0014978	+0.0016981	+0.0019110	+0.0021067	+0.0022465
2013-06	-0.078	-0.0027671	-0.0025481	-0.0023373	-0.0021028	-0.0018676	-0.0016202	-0.0013590	-0.0010580	-0.0007452	-0.0004284	-0.0000967	+0.0002239	+0.0005181	+0.0008148	+0.0010890	+0.0013378	+0.0015848	+0.0018014	+0.0019881	+0.0021726	+0.0023525
2013-07	0.042	-0.0026451	-0.0024230	-0.0021837	-0.0019388	-0.0016899	-0.0014400	-0.0011752	-0.0008793	-0.0005834	-0.0002670	+0.0000649	+0.0003896	+0.0006955	+0.0009737	+0.0012236	+0.0014571	+0.0016641	+0.0018773	+0.0020721	+0.0022488	+0.0024071
2013-08	0.016	-0.0021455	-0.0019557	-0.0017689	-0.0015528	-0.0013482	-0.0011049	-0.0008357	-0.0005785	-0.0003125	-0.0000346	+0.0002627	+0.0005479	+0.0008253	+0.0010831	+0.0013332	+0.0015595	+0.0017641	+0.0019593	+0.0021415	+0.0023324	+0.0024994
2013-09	0.080	-0.0016301	-0.0014599	-0.0012640	-0.0011048	-0.0009150	-0.0007118	-0.0004880	-0.0002591	-0.0000121	+0.0002487	+0.0005256	+0.0007943	+0.0010592	+0.0013062	+0.0015287	+0.0017432	+0.0019341	+0.0021082	+0.0022594	+0.0023853	+0.0025160
2013-10	0.046	-0.0014732	-0.0013016	-0.0011527	-0.0009692	-0.0007832	-0.0005743	-0.0003589	-0.0001082	+0.0001472	+0.0004065	+0.0006655	+0.0009186	+0.0011579	+0.0013909	+0.0015978	+0.0017956	+0.0019812	+0.0021372	+0.0022965	+0.0024391	+0.0025626
2013-11	0.016	-0.0014415	-0.0012754	-0.0010821	-0.0008850	-0.0006812	-0.0004716	-0.0002631	-0.0000302	+0.0002093	+0.0004599	+0.0007157	+0.0009678	+0.0012151	+0.0014419	+0.0016510	+0.0018489	+0.0020430	+0.0022236	+0.0023751	+0.0025196	+0.0026623
2013-12	0.053	-0.0014339	-0.0012095	-0.0010252	-0.0008577	-0.0006133	-0.0003867	-0.0001666	+0.0000734	+0.0003183	+0.0005733	+0.0008389	+0.0010890	+0.0013306	+0.0015726	+0.0017796	+0.0019804	+0.0021492	+0.0023149	+0.0024708	+0.0026249	+0.0027790
2014-01	-0.089	-0.0014755	-0.0013117	-0.0011383	-0.0009586	-0.0007628	-0.0005517	-0.0003188	-0.0000738	+0.0001712	+0.0004211	+0.0006799	+0.0009308	+0.0011726	+0.0014146	+0.0016218	+0.0018189	+0.0020089	+0.0021677	+0.0023009	+0.0024355	+0.0025615
2014-02	-0.034	-0.0015618	-0.0013832	-0.0012180	-0.0010500	-0.0008647	-0.0006650	-0.0004522	-0.0002310	+0.0000019	+0.0002512	+0.0005025	+0.0007335	+0.0009487	+0.0011482	+0.0013298	+0.0015018	+0.0016542	+0.0018105	+0.0019627	+0.0020759	+0.0022071
2014-03	-0.057	-0.0016717	-0.0014956	-0.0013299	-0.0011601	-0.0009822	-0.0007869	-0.0005752	-0.0003639	-0.0001425	+0.0000942	+0.0003351	+0.0005788	+0.0008106	+0.0010258	+0.0012226	+0.0014014	+0.0015464	+0.0016919	+0.0018240	+0.0019526	+0.0020739
2014-04	-0.015	-0.0015077	-0.0013836	-0.0012243	-0.0010884	-0.0009009	-0.0007135	-0.0005013	-0.0002860	-0.0000658	+0.0001678	+0.0004092	+0.0006434	+0.0008678	+0.0010706	+0.0012638	+0.0014393	+0.0016093	+0.0017655	+0.0019079	+0.0020245	+0.0021367
2014-05	0.089	-0.0011496	-0.0010282	-0.0009105	-0.0007694	-0.0006037	-0.0004434	-0.0002632	-0.0000705	+0.0001313	+0.0003355	+0.0005428	+0.0007492	+0.0009431	+0.0011289	+0.0013081	+0.0014702	+0.0016320	+0.0017775	+0.0019152	+0.0020458	+0.0021693
2014-06	0.086	-0.0011947	-0.0010513	-0.0008880	-0.0007218	-0.0005566	-0.0003739	-0.0001810	+0.0000212	+0.0002095	+0.0004089	+0.0006108	+0.0008124	+0.0010160	+0.0012073	+0.0013834	+0.0015507	+0.0017033	+0.0018483	+0.0019794	+0.0020905	+0.0021842
2014-07	-0.062	-0.0011052	-0.0009622	-0.0007925	-0.0006535	-0.0004952	-0.0003316	-0.0001588	+0.0000256	+0.0002266	+0.0004339	+0.0006431	+0.0008568	+0.0010678	+0.0012639	+0.0014467	+0.0016138	+0.0017809	+0.0019311	+0.0020604	+0.0022068	+0.0023187
2014-08	0.013	-0.0010500	-0.0009221	-0.0007940	-0.0006574	-0.0005065	-0.0003334	-0.0001600	+0.0000453	+0.0002513	+0.0004665	+0.0006780	+0.0008924	+0.0010918	+0.0012889	+0.0014846	+0.0016621	+0.0018167	+0.0019639	+0.0021020	+0.0022121	+0.0023343
2014-09	-0.048	-0.0011407	-0.0009716	-0.0008303	-0.0006974	-0.0005600	-0.0004001	-0.0002129	-0.0000191	+0.0001824	+0.0003837	+0.0005981	+0.0008077	+0.0010160	+0.0012169	+0.0014071	+0.0015769	+0.0017443	+0.0019016	+0.0020608	+0.0021988	+0.0023299
2014-10	-0.054	-0.0010809	-0.0009589	-0.0008155	-0.0006698	-0.0005112	-0.0003484	-0.0001765	+0.0000052	+0.0002106	+0.0004191	+0.0006392	+0.0008539	+0.0010713	+0.0012785	+0.0014716	+0.0016486	+0.0018166	+0.0019731	+0.0021252	+0.0022444	+0.0023678
2014-11	0.014	-0.0013440	-0.0012154	-0.0010593	-0.0008982	-0.0007342	-0.0005545	-0.0003637	-0.0001701	+0.0000377	+0.0002587	+0.0004838	+0.0007147	+0.0009416	+0.0011515	+0.0013507	+0.0015492	+0.0017256	+0.0018866	+0.0020301	+0.0021696	+0.0022918
2014-12	-0.129	-0.0015388	-0.0014012	-0.0012725	-0.0011272	-0.0009770	-0.0008197	-0.0006442	-0.0004675	-0.0002687	-0.0000635	+0.0001576	+0.0003707	+0.0005731	+0.0007662	+0.0009453	+0.0011133	+0.0012770	+0.0014221	+0.0015701	+0.0016955	+0.0018019
2015-01	-0.014	-0.0016549	-0.0015487	-0.0014233	-0.0012952	-0.0011515	-0.0009999	-0.0008424	-0.0006682	-0.0004714	-0.0002733	-0.0000714	+0.0001291	+0.0003222	+0.0005086	+0.0006837	+0.0008380	+0.0009841	+0.0011195	+0.0012535	+0.0013561	+0.0014629
2015-02	0.039	-0.0018801	-0.0017592	-0.0016206	-0.0014985	-0.0013574	-0.0012078	-0.0010337	-0.0008492	-0.0006562	-0.0004506	-0.0002463	-0.0000371	+0.0001674	+0.0003651	+0.0005453	+0.0007171	+0.0008755	+0.0010147	+0.0011494	+0.0012789	+0.0013853
