2013-01	0.100	-0.0007709	-0.0006903	-0.0006044	-0.0005141	-0.0004127	-0.0002996	-0.0001727	-0.0000450	+0.0000960	+0.0002394	+0.0003924	+0.0005384	+0.0006811	+0.0008144	+0.0009361	+0.0010498	+0.0011539	+0.0012540	+0.0013407	+0.0014243	+0.0014998
2013-02	0.025	-0.0006021	-0.0005001	-0.0003981	-0.0002890	-0.0001832	-0.0000759	+0.0000384	+0.0001625	+0.0003004	+0.0004457	+0.0006000	+0.0007518	+0.0008997	+0.0010376	+0.0011686	+0.0012921	+0.0014014	+0.0015051	+0.0016004	+0.0016945	+0.0017774
2013-03	0.121	-0.0002857	-0.0002071	-0.0001175	-0.0000214	+0.0000750	+0.0001825	+0.0002971	+0.0004285	+0.0005644	+0.0007085	+0.0008565	+0.0010046	+0.0011502	+0.0012861	+0.0014080	+0.0015286	+0.0016356	+0.0017368	+0.0018234	+0.0019053	+0.0019823
2013-04	0.145	-0.0003104	-0.0001800	-0.0000445	+0.0000601	+0.0001875	+0.0003147	+0.0004457	+0.0005846	+0.0007276	+0.0008815	+0.0010333	+0.0011851	+0.0013285	+0.0014687	+0.0016034	+0.0017240	+0.0018443	+0.0019482	+0.0020446	+0.0021526	+0.0022582
2013-05	-0.057	-0.0002172	-0.0000661	+0.0000638	+0.0001896	+0.0003136	+0.0004463	+0.0005781	+0.0007223	+0.0008773	+0.0010509	+0.0012220	+0.0013996	+0.0015740	+0.0017392	+0.0018962	+0.0020355	+0.0021657	+0.0022819	+0.0023968	+0.0024961	+0.0025919
2013-06	-0.029	-0.0001604	-0.0000176	+0.0001249	+0.0002678	+0.0004158	+0.0005522	+0.0007014	+0.0008671	+0.0010430	+0.0012391	+0.0014383	+0.0016263	+0.0018140	+0.0020028	+0.0021849	+0.0023508	+0.0025162	+0.0026790	+0.0028247	+0.0029860	+0.0031121
2013-07	0.020	-0.0006963	-0.0004419	-0.0001873	+0.0000142	+0.0001953	+0.0003778	+0.0005544	+0.0007386	+0.0009211	+0.0011182	+0.0013194	+0.0015146	+0.0017069	+0.0018827	+0.0020558	+0.0022122	+0.0023680	+0.0025089	+0.0026277	+0.0027493	+0.0028700
2013-08	-0.024	-0.0003451	-0.0002455	-0.0001227	+0.0000156	+0.0001464	+0.0002917	+0.0004517	+0.0006351	+0.0008213	+0.0010292	+0.0012334	+0.0014401	+0.0016404	+0.0018328	+0.0020158	+0.0021854	+0.0023372	+0.0024769	+0.0026199	+0.0027611	+0.0029292
2013-09	0.091	-0.0004324	-0.0002835	-0.0001488	+0.0000015	+0.0001631	+0.0003269	+0.0005027	+0.0006766	+0.0008696	+0.0010722	+0.0012751	+0.0014822	+0.0016807	+0.0018741	+0.0020609	+0.0022314	+0.0024020	+0.0025460	+0.0026915	+0.0028192	+0.0029437
2013-10	0.009	-0.0002886	-0.0001396	+0.0000173	+0.0001861	+0.0003365	+0.0004857	+0.0006434	+0.0008105	+0.0009935	+0.0011824	+0.0013831	+0.0015781	+0.0017804	+0.0019705	+0.0021422	+0.0022992	+0.0024442	+0.0025733	+0.0026925	+0.0028093	+0.0029226
2013-11	0.066	-0.0002650	-0.0001176	+0.0000372	+0.0002305	+0.0004057	+0.0005661	+0.0007288	+0.0009021	+0.0010839	+0.0012745	+0.0014668	+0.0016625	+0.0018587	+0.0020490	+0.0022269	+0.0023821	+0.0025455	+0.0026933	+0.0028168	+0.0029340	+0.0030362
2013-12	0.094	-0.0004207	-0.0002105	-0.0000127	+0.0001995	+0.0003856	+0.0005616	+0.0007392	+0.0009209	+0.0010948	+0.0012829	+0.0014720	+0.0016668	+0.0018634	+0.0020525	+0.0022346	+0.0024077	+0.0025596	+0.0027121	+0.0028336	+0.0029717	+0.0030836
2014-01	0.036	-0.0007016	-0.0004673	-0.0002019	+0.0000637	+0.0003087	+0.0004934	+0.0006678	+0.0008471	+0.0010368	+0.0012303	+0.0014249	+0.0016287	+0.0018135	+0.0019899	+0.0021661	+0.0023300	+0.0024864	+0.0026386	+0.0027870	+0.0029431	+0.0030647
2014-02	-0.025	-0.0006452	-0.0004422	-0.0001880	+0.0000838	+0.0003447	+0.0005489	+0.0007359	+0.0009237	+0.0011156	+0.0013195	+0.0015280	+0.0017401	+0.0019395	+0.0021294	+0.0023070	+0.0024661	+0.0026246	+0.0027769	+0.0029112	+0.0030639	+0.0031792
2014-03	0.055	-0.0002954	-0.0001312	+0.0000896	+0.0002744	+0.0004463	+0.0006101	+0.0007858	+0.0009614	+0.0011482	+0.0013391	+0.0015401	+0.0017412	+0.0019432	+0.0021390	+0.0023287	+0.0025066	+0.0026663	+0.0028122	+0.0029509	+0.0030986	+0.0032269
2014-04	-0.010	-0.0002943	-0.0000979	+0.0000905	+0.0002562	+0.0004332	+0.0006068	+0.0007913	+0.0009728	+0.0011717	+0.0013680	+0.0015582	+0.0017548	+0.0019484	+0.0021378	+0.0023157	+0.0024800	+0.0026339	+0.0027732	+0.0028964	+0.0030292	+0.0031443
2014-05	0.034	-0.0000753	+0.0001049	+0.0002743	+0.0004459	+0.0006127	+0.0007801	+0.0009434	+0.0011125	+0.0012951	+0.0014800	+0.0016682	+0.0018600	+0.0020490	+0.0022275	+0.0023970	+0.0025554	+0.0027081	+0.0028398	+0.0029616	+0.0030886	+0.0031919
2014-06	0.076	-0.0005900	-0.0003597	-0.0000355	+0.0003644	+0.0005930	+0.0007658	+0.0009510	+0.0011306	+0.0013145	+0.0015054	+0.0016983	+0.0018919	+0.0020773	+0.0022498	+0.0024104	+0.0025738	+0.0027275	+0.0028840	+0.0030143	+0.0031424	+0.0032601
2014-07	0.024	-0.0003268	-0.0000622	+0.0002090	+0.0004374	+0.0006412	+0.0008270	+0.0009978	+0.0011757	+0.0013721	+0.0015669	+0.0017668	+0.0019530	+0.0021394	+0.0023147	+0.0024777	+0.0026343	+0.0027879	+0.0029254	+0.0030594	+0.0031795	+0.0032846
2014-08	0.043	-0.0001958	+0.0000319	+0.0003499	+0.0006430	+0.0008513	+0.0010359	+0.0012065	+0.0013810	+0.0015599	+0.0017404	+0.0019257	+0.0021158	+0.0022932	+0.0024602	+0.0026254	+0.0027815	+0.0029226	+0.0030583	+0.0031976	+0.0033149	+0.0034108
2014-09	0.043	-0.0002452	+0.0000135	+0.0003580	+0.0006804	+0.0009351	+0.0011192	+0.0012840	+0.0014524	+0.0016242	+0.0017998	+0.0019828	+0.0021638	+0.0023491	+0.0025216	+0.0026830	+0.0028245	+0.0029659	+0.0030975	+0.0032145	+0.0033383	+0.0034376
2014-10	-0.005	-0.0002149	+0.0000158	+0.0003241	+0.0006987	+0.0009671	+0.0011501	+0.0013323	+0.0015022	+0.0016761	+0.0018563	+0.0020341	+0.0022087	+0.0023837	+0.0025533	+0.0027202	+0.0028759	+0.0030194	+0.0031572	+0.0032815	+0.0033988	+0.0034936
2014-11	0.042	-0.0004135	-0.0001268	+0.0001964	+0.0006079	+0.0009086	+0.0011131	+0.0012826	+0.0014607	+0.0016387	+0.0018224	+0.0020116	+0.0021941	+0.0023749	+0.0025431	+0.0027034	+0.0028500	+0.0029863	+0.0031162	+0.0032356	+0.0033707	+0.0034606
2014-12	0.026	-0.0004694	-0.0001672	+0.0001413	+0.0004996	+0.0007634	+0.0009458	+0.0011082	+0.0012755	+0.0014559	+0.0016307	+0.0018074	+0.0019867	+0.0021627	+0.0023213	+0.0024848	+0.0026381	+0.0027938	+0.0029361	+0.0030535	+0.0031790	+0.0033062
2015-01	0.005	-0.0004308	-0.0001470	+0.0001928	+0.0005601	+0.0007749	+0.0009432	+0.0011012	+0.0012520	+0.0014101	+0.0015807	+0.0017549	+0.0019326	+0.0021096	+0.0022788	+0.0024413	+0.0026011	+0.0027463	+0.0028769	+0.0030023	+0.0031098	+0.0032133
2015-02	0.002	-0.0004676	-0.0002016	+0.0001820	+0.0004870	+0.0007041	+0.0008600	+0.0010029	+0.0011525	+0.0013087	+0.0014635	+0.0016358	+0.0018070	+0.0019743	+0.0021391	+0.0022942	+0.0024416	+0.0025757	+0.0027061	+0.0028371	+0.0029574	+0.0030773
