2014-05	0.042	-0.0004294	-0.0002183	+0.0000010	+0.0002111	+0.0004128	+0.0005971	+0.0007705	+0.0009291	+0.0010965	+0.0012704	+0.0014431	+0.0016168	+0.0017867	+0.0019489	+0.0020979	+0.0022260	+0.0023493	+0.0024641	+0.0025721	+0.0026775	+0.0027720
2014-06	0.068	-0.0006784	-0.0004180	-0.0001596	+0.0000937	+0.0003041	+0.0004938	+0.0006552	+0.0008101	+0.0009839	+0.0011675	+0.0013463	+0.0015239	+0.0016892	+0.0018466	+0.0019894	+0.0021250	+0.0022638	+0.0023809	+0.0025054	+0.0026091	+0.0026946
2014-07	0.027	-0.0004107	-0.0002164	-0.0000437	+0.0001217	+0.0002930	+0.0004544	+0.0006286	+0.0007951	+0.0009681	+0.0011481	+0.0013309	+0.0015109	+0.0016787	+0.0018432	+0.0019923	+0.0021267	+0.0022597	+0.0023729	+0.0024942	+0.0025856	+0.0026730
2014-08	0.017	-0.0003187	-0.0000852	+0.0000809	+0.0002638	+0.0004407	+0.0006058	+0.0007632	+0.0009312	+0.0011076	+0.0012848	+0.0014651	+0.0016368	+0.0018079	+0.0019651	+0.0021130	+0.0022451	+0.0023719	+0.0024871	+0.0025875	+0.0026759	+0.0027520
2014-09	0.006	-0.0003456	-0.0001329	+0.0000667	+0.0002540	+0.0004525	+0.0006382	+0.0008074	+0.0009663	+0.0011374	+0.0013075	+0.0014778	+0.0016566	+0.0018286	+0.0019844	+0.0021324	+0.0022546	+0.0023761	+0.0024888	+0.0026044	+0.0026837	+0.0027688
2014-10	-0.011	-0.0002538	-0.0000862	+0.0001018	+0.0002636	+0.0004244	+0.0005990	+0.0007695	+0.0009426	+0.0011201	+0.0012990	+0.0014794	+0.0016565	+0.0018239	+0.0019830	+0.0021280	+0.0022707	+0.0024094	+0.0025261	+0.0026314	+0.0027328	+0.0028113
2014-11	0.055	-0.0004209	-0.0002356	-0.0000443	+0.0001465	+0.0003382	+0.0005088	+0.0006768	+0.0008536	+0.0010381	+0.0012258	+0.0014087	+0.0015956	+0.0017749	+0.0019428	+0.0020907	+0.0022315	+0.0023629	+0.0024760	+0.0025800	+0.0026822	+0.0027772
2014-12	0.018	-0.0004782	-0.0003011	-0.0001131	+0.0000406	+0.0002152	+0.0003764	+0.0005336	+0.0007002	+0.0008778	+0.0010565	+0.0012287	+0.0014049	+0.0015728	+0.0017370	+0.0018912	+0.0020401	+0.0021786	+0.0022960	+0.0024266	+0.0025248	+0.0026338
2015-01	0.011	-0.0004006	-0.0002684	-0.0000731	+0.0000878	+0.0002479	+0.0003973	+0.0005530	+0.0007164	+0.0008858	+0.0010600	+0.0012357	+0.0014184	+0.0015896	+0.0017509	+0.0019051	+0.0020438	+0.0021820	+0.0022996	+0.0024103	+0.0025239	+0.0026104
2015-02	-0.006	-0.0004814	-0.0003247	-0.0001373	+0.0000306	+0.0001920	+0.0003500	+0.0004938	+0.0006378	+0.0007915	+0.0009522	+0.0011313	+0.0012964	+0.0014608	+0.0016068	+0.0017447	+0.0018854	+0.0020163	+0.0021287	+0.0022460	+0.0023577	+0.0024636
