2011-03	0.003	-0.0006697	-0.0006183	-0.0005637	-0.0005035	-0.0004404	-0.0003736	-0.0003011	-0.0002231	-0.0001418	-0.0000598	+0.0000246	+0.0001061	+0.0001842	+0.0002562	+0.0003199	+0.0003774	+0.0004311	+0.0004766	+0.0005189	+0.0005575	+0.0005909
2011-04	0.000	-0.0004426	-0.0003942	-0.0003439	-0.0002904	-0.0002338	-0.0001734	-0.0001082	-0.0000393	+0.0000342	+0.0001079	+0.0001830	+0.0002558	+0.0003243	+0.0003868	+0.0004435	+0.0004948	+0.0005412	+0.0005816	+0.0006193	+0.0006537	+0.0006844
2011-05	0.007	-0.0003594	-0.0003331	-0.0003017	-0.0002700	-0.0002334	-0.0001939	-0.0001495	-0.0001022	-0.0000498	+0.0000053	+0.0000631	+0.0001212	+0.0001789	+0.0002363	+0.0002888	+0.0003386	+0.0003834	+0.0004254	+0.0004647	+0.0005038	+0.0005356
2011-06	0.000	-0.0002514	-0.0002167	-0.0001830	-0.0001445	-0.0001051	-0.0000606	-0.0000154	+0.0000330	+0.0000838	+0.0001348	+0.0001860	+0.0002362	+0.0002813	+0.0003232	+0.0003593	+0.0003921	+0.0004193	+0.0004433	+0.0004641	+0.0004825	+0.0005003
2011-07	0.004	-0.0002790	-0.0002244	-0.0001671	-0.0001067	-0.0000472	+0.0000080	+0.0000643	+0.0001263	+0.0001961	+0.0002636	+0.0003163	+0.0003601	+0.0003970	+0.0004298	+0.0004573	+0.0004821	+0.0005033	+0.0005225	+0.0005402	+0.0005557	+0.0005705
2011-08	0.012	-0.0004936	-0.0004416	-0.0003892	-0.0003321	-0.0002703	-0.0002033	-0.0001322	-0.0000542	+0.0000289	+0.0001156	+0.0002032	+0.0002910	+0.0003745	+0.0004542	+0.0005270	+0.0005940	+0.0006544	+0.0007113	+0.0007656	+0.0008129	+0.0008570
2011-09	0.003	-0.0006878	-0.0005855	-0.0004797	-0.0003734	-0.0002599	-0.0001401	-0.0000134	+0.0001121	+0.0002406	+0.0003671	+0.0004904	+0.0006107	+0.0007237	+0.0008306	+0.0009300	+0.0010207	+0.0011071	+0.0011833	+0.0012561	+0.0013234	+0.0013831
2011-10	-0.008	-0.0005963	-0.0005283	-0.0004596	-0.0003850	-0.0003054	-0.0002239	-0.0001389	-0.0000500	+0.0000434	+0.0001397	+0.0002350	+0.0003312	+0.0004229	+0.0005118	+0.0005932	+0.0006696	+0.0007411	+0.0008073	+0.0008708	+0.0009282	+0.0009809
2011-11	-0.001	-0.0009895	-0.0009256	-0.0008565	-0.0007873	-0.0007126	-0.0006336	-0.0005491	-0.0004595	-0.0003666	-0.0002717	-0.0001763	-0.0000824	+0.0000055	+0.0000882	+0.0001638	+0.0002355	+0.0003001	+0.0003591	+0.0004166	+0.0004675	+0.0005134
2011-12	0.000	-0.0013354	-0.0012584	-0.0011795	-0.0010961	-0.0010039	-0.0009038	-0.0007956	-0.0006774	-0.0005473	-0.0004120	-0.0002729	-0.0001311	+0.0000084	+0.0001394	+0.0002653	+0.0003824	+0.0004886	+0.0005873	+0.0006783	+0.0007610	+0.0008416
2012-01	-0.002	-0.0010245	-0.0009712	-0.0009093	-0.0008471	-0.0007794	-0.0007050	-0.0006270	-0.0005426	-0.0004528	-0.0003589	-0.0002631	-0.0001667	-0.0000742	+0.0000127	+0.0000940	+0.0001679	+0.0002372	+0.0002973	+0.0003565	+0.0004093	+0.0004573
2012-02	0.004	-0.0007879	-0.0007468	-0.0007026	-0.0006546	-0.0006039	-0.0005483	-0.0004889	-0.0004246	-0.0003565	-0.0002858	-0.0002130	-0.0001415	-0.0000737	-0.0000090	+0.0000500	+0.0001031	+0.0001531	+0.0001999	+0.0002408	+0.0002766	+0.0003115
2012-03	0.005	-0.0006556	-0.0006025	-0.0005517	-0.0004982	-0.0004376	-0.0003746	-0.0003063	-0.0002332	-0.0001535	-0.0000707	+0.0000149	+0.0001031	+0.0001892	+0.0002720	+0.0003516	+0.0004274	+0.0004963	+0.0005635	+0.0006258	+0.0006871	+0.0007415
2012-04	0.003	-0.0006704	-0.0006109	-0.0005478	-0.0004842	-0.0004131	-0.0003401	-0.0002594	-0.0001743	-0.0000854	+0.0000053	+0.0000975	+0.0001879	+0.0002759	+0.0003581	+0.0004346	+0.0005058	+0.0005732	+0.0006330	+0.0006899	+0.0007423	+0.0007919
2012-05	0.012	-0.0006020	-0.0005325	-0.0004604	-0.0003840	-0.0003031	-0.0002200	-0.0001299	-0.0000368	+0.0000593	+0.0001587	+0.0002582	+0.0003516	+0.0004379	+0.0005175	+0.0005901	+0.0006564	+0.0007144	+0.0007692	+0.0008199	+0.0008663	+0.0009072
2012-06	0.003	-0.0003710	-0.0003159	-0.0002569	-0.0001926	-0.0001239	-0.0000529	+0.0000211	+0.0000986	+0.0001808	+0.0002641	+0.0003511	+0.0004381	+0.0005241	+0.0006067	+0.0006849	+0.0007589	+0.0008288	+0.0008924	+0.0009520	+0.0010106	+0.0010644
2012-07	0.003	-0.0006384	-0.0005797	-0.0005190	-0.0004483	-0.0003732	-0.0002962	-0.0002162	-0.0001296	-0.0000390	+0.0000577	+0.0001541	+0.0002521	+0.0003459	+0.0004338	+0.0005159	+0.0005912	+0.0006601	+0.0007229	+0.0007794	+0.0008324	+0.0008804
2012-08	0.003	-0.0006809	-0.0006053	-0.0005238	-0.0004379	-0.0003442	-0.0002472	-0.0001457	-0.0000384	+0.0000758	+0.0001906	+0.0003079	+0.0004232	+0.0005305	+0.0006304	+0.0007222	+0.0008052	+0.0008811	+0.0009478	+0.0010098	+0.0010671	+0.0011166
2012-09	0.007	-0.0009753	-0.0009027	-0.0008204	-0.0007325	-0.0006370	-0.0005323	-0.0004185	-0.0002980	-0.0001686	-0.0000343	+0.0001039	+0.0002404	+0.0003731	+0.0004982	+0.0006146	+0.0007207	+0.0008165	+0.0009009	+0.0009776	+0.0010449	+0.0011072
2012-10	0.002	-0.0005453	-0.0004904	-0.0004306	-0.0003638	-0.0002931	-0.0002134	-0.0001260	-0.0000310	+0.0000714	+0.0001756	+0.0002856	+0.0003929	+0.0004983	+0.0005980	+0.0006899	+0.0007745	+0.0008492	+0.0009190	+0.0009830	+0.0010404	+0.0010936
2012-11	-0.003	-0.0006061	-0.0005549	-0.0004991	-0.0004390	-0.0003737	-0.0003029	-0.0002262	-0.0001427	-0.0000520	+0.0000436	+0.0001429	+0.0002445	+0.0003430	+0.0004370	+0.0005245	+0.0006072	+0.0006821	+0.0007536	+0.0008187	+0.0008843	+0.0009452
2012-12	-0.000	-0.0007718	-0.0007301	-0.0006867	-0.0006396	-0.0005898	-0.0005362	-0.0004785	-0.0004166	-0.0003516	-0.0002829	-0.0002131	-0.0001438	-0.0000768	-0.0000143	+0.0000425	+0.0000946	+0.0001434	+0.0001862	+0.0002256	+0.0002631	+0.0002995
2013-01	-0.003	-0.0008940	-0.0008402	-0.0007804	-0.0007149	-0.0006412	-0.0005619	-0.0004767	-0.0003859	-0.0002869	-0.0001843	-0.0000792	+0.0000233	+0.0001248	+0.0002192	+0.0003068	+0.0003836	+0.0004568	+0.0005225	+0.0005853	+0.0006408	+0.0006921
2013-02	0.005	-0.0008325	-0.0007807	-0.0007191	-0.0006592	-0.0005935	-0.0005229	-0.0004463	-0.0003639	-0.0002756	-0.0001838	-0.0000886	+0.0000051	+0.0000942	+0.0001794	+0.0002588	+0.0003297	+0.0003951	+0.0004541	+0.0005061	+0.0005570	+0.0005996
2013-03	-0.005	-0.0009401	-0.0008643	-0.0007882	-0.0007034	-0.0006194	-0.0005261	-0.0004243	-0.0003185	-0.0002069	-0.0000918	+0.0000226	+0.0001343	+0.0002416	+0.0003395	+0.0004296	+0.0005096	+0.0005809	+0.0006452	+0.0007023	+0.0007489	+0.0007965
2013-04	0.010	-0.0009730	-0.0009066	-0.0008353	-0.0007576	-0.0006751	-0.0005868	-0.0004915	-0.0003869	-0.0002771	-0.0001641	-0.0000502	+0.0000632	+0.0001718	+0.0002710	+0.0003616	+0.0004448	+0.0005196	+0.0005879	+0.0006504	+0.0007096	+0.0007642
2013-05	-0.002	-0.0007110	-0.0006414	-0.0005713	-0.0004908	-0.0004101	-0.0003247	-0.0002346	-0.0001384	-0.0000385	+0.0000640	+0.0001649	+0.0002615	+0.0003494	+0.0004314	+0.0005034	+0.0005622	+0.0006131	+0.0006550	+0.0006933	+0.0007287	+0.0007583
2013-06	-0.017	-0.0004180	-0.0003637	-0.0003037	-0.0002415	-0.0001784	-0.0001104	-0.0000398	+0.0000346	+0.0001109	+0.0001876	+0.0002637	+0.0003372	+0.0004045	+0.0004655	+0.0005211	+0.0005698	+0.0006136	+0.0006527	+0.0006856	+0.0007161	+0.0007445
2013-07	0.008	-0.0018365	-0.0017306	-0.0016320	-0.0015207	-0.0014024	-0.0012754	-0.0011447	-0.0010078	-0.0008657	-0.0007307	-0.0005969	-0.0004631	-0.0003445	-0.0002444	-0.0001532	-0.0000662	+0.0000146	+0.0000916	+0.0001618	+0.0002278	+0.0002909
2013-08	-0.004	-0.0016700	-0.0015604	-0.0014456	-0.0013201	-0.0011924	-0.0010544	-0.0009098	-0.0007598	-0.0006028	-0.0004430	-0.0002851	-0.0001323	+0.0000080	+0.0001345	+0.0002486	+0.0003508	+0.0004448	+0.0005295	+0.0006082	+0.0006771	+0.0007458
2013-09	0.003	-0.0007318	-0.0006757	-0.0006143	-0.0005488	-0.0004777	-0.0004052	-0.0003256	-0.0002408	-0.0001527	-0.0000607	+0.0000317	+0.0001219	+0.0002084	+0.0002871	+0.0003590	+0.0004242	+0.0004822	+0.0005346	+0.0005803	+0.0006221	+0.0006637
2013-10	0.002	-0.0010230	-0.0009576	-0.0008895	-0.0008173	-0.0007366	-0.0006488	-0.0005541	-0.0004502	-0.0003390	-0.0002218	-0.0001027	+0.0000161	+0.0001311	+0.0002405	+0.0003433	+0.0004392	+0.0005247	+0.0006022	+0.0006727	+0.0007368	+0.0007970
2013-11	-0.004	-0.0005937	-0.0005358	-0.0004760	-0.0004090	-0.0003375	-0.0002568	-0.0001708	-0.0000795	+0.0000174	+0.0001191	+0.0002250	+0.0003299	+0.0004307	+0.0005254	+0.0006116	+0.0006907	+0.0007631	+0.0008287	+0.0008873	+0.0009404	+0.0009869
2013-12	0.003	-0.0005897	-0.0005516	-0.0005095	-0.0004658	-0.0004159	-0.0003612	-0.0003010	-0.0002336	-0.0001629	-0.0000876	-0.0000099	+0.0000687	+0.0001456	+0.0002189	+0.0002886	+0.0003534	+0.0004118	+0.0004670	+0.0005195	+0.0005672	+0.0006071
2014-01	0.007	-0.0003090	-0.0002774	-0.0002457	-0.0002118	-0.0001720	-0.0001316	-0.0000856	-0.0000346	+0.0000195	+0.0000772	+0.0001399	+0.0002029	+0.0002658	+0.0003264	+0.0003838	+0.0004381	+0.0004893	+0.0005379	+0.0005815	+0.0006239	+0.0006640
2014-02	0.001	-0.0002345	-0.0001965	-0.0001514	-0.0001029	-0.0000541	+0.0000003	+0.0000594	+0.0001219	+0.0001883	+0.0002590	+0.0003294	+0.0004000	+0.0004689	+0.0005341	+0.0005959	+0.0006509	+0.0007033	+0.0007529	+0.0007956	+0.0008354	+0.0008720
2014-03	-0.000	-0.0004012	-0.0003581	-0.0003130	-0.0002677	-0.0002163	-0.0001616	-0.0001022	-0.0000397	+0.0000284	+0.0000970	+0.0001677	+0.0002364	+0.0003043	+0.0003675	+0.0004269	+0.0004804	+0.0005296	+0.0005756	+0.0006201	+0.0006578	+0.0006948
2014-04	0.004	-0.0003980	-0.0003662	-0.0003294	-0.0002903	-0.0002500	-0.0002047	-0.0001589	-0.0001081	-0.0000566	-0.0000005	+0.0000541	+0.0001083	+0.0001621	+0.0002131	+0.0002613	+0.0003040	+0.0003463	+0.0003833	+0.0004176	+0.0004514	+0.0004798
2014-05	0.008	-0.0002057	-0.0001810	-0.0001537	-0.0001263	-0.0000966	-0.0000646	-0.0000322	+0.0000047	+0.0000417	+0.0000792	+0.0001165	+0.0001534	+0.0001862	+0.0002181	+0.0002456	+0.0002704	+0.0002927	+0.0003145	+0.0003320	+0.0003472	+0.0003642
2014-06	0.003	-0.0002393	-0.0002044	-0.0001162	-0.0000176	+0.0000169	+0.0000492	+0.0000864	+0.0001535	+0.0002784	+0.0003179	+0.0003477	+0.0003729	+0.0003959	+0.0004171	+0.0004361	+0.0004520	+0.0004683	+0.0004815	+0.0004941	+0.0005063	+0.0005181
2014-07	0.001	-0.0002777	-0.0002310	-0.0001819	-0.0001329	-0.0000857	-0.0000366	+0.0000166	+0.0000713	+0.0001279	+0.0001818	+0.0002309	+0.0002734	+0.0003124	+0.0003465	+0.0003761	+0.0004027	+0.0004255	+0.0004466	+0.0004642	+0.0004811	+0.0004957
2014-08	0.004	-0.0002257	-0.0001960	-0.0001660	-0.0001320	-0.0000975	-0.0000609	-0.0000216	+0.0000198	+0.0000636	+0.0001076	+0.0001514	+0.0001935	+0.0002345	+0.0002714	+0.0003037	+0.0003347	+0.0003620	+0.0003864	+0.0004082	+0.0004281	+0.0004456
2014-09	-0.004	-0.0001756	-0.0001587	-0.0001414	-0.0001195	-0.0000976	-0.0000731	-0.0000439	-0.0000145	+0.0000194	+0.0000537	+0.0000880	+0.0001245	+0.0001587	+0.0001927	+0.0002222	+0.0002512	+0.0002758	+0.0002979	+0.0003219	+0.0003416	+0.0003588
2014-10	0.003	-0.0005881	-0.0005465	-0.0005009	-0.0004571	-0.0004081	-0.0003559	-0.0002978	-0.0002350	-0.0001684	-0.0001002	-0.0000295	+0.0000396	+0.0001077	+0.0001702	+0.0002270	+0.0002787	+0.0003252	+0.0003668	+0.0004062	+0.0004423	+0.0004741
2014-11	0.006	-0.0005398	-0.0004987	-0.0004546	-0.0004080	-0.0003570	-0.0003030	-0.0002449	-0.0001829	-0.0001168	-0.0000479	+0.0000221	+0.0000909	+0.0001564	+0.0002172	+0.0002723	+0.0003224	+0.0003666	+0.0004075	+0.0004425	+0.0004766	+0.0005072
2014-12	0.008	-0.0002200	-0.0001894	-0.0001558	-0.0001201	-0.0000836	-0.0000446	-0.0000054	+0.0000364	+0.0000807	+0.0001252	+0.0001700	+0.0002145	+0.0002584	+0.0002974	+0.0003338	+0.0003692	+0.0004002	+0.0004286	+0.0004556	+0.0004806	+0.0005028
2015-01	0.007	-0.0003475	-0.0002765	-0.0002065	-0.0001388	-0.0000701	+0.0000046	+0.0000831	+0.0001649	+0.0002439	+0.0003212	+0.0003932	+0.0004615	+0.0005251	+0.0005842	+0.0006384	+0.0006879	+0.0007333	+0.0007746	+0.0008123	+0.0008464	+0.0008776
2015-02	0.004	-0.0004222	-0.0003459	-0.0002595	-0.0001860	-0.0001204	-0.0000501	+0.0000323	+0.0001227	+0.0002061	+0.0002778	+0.0003428	+0.0004012	+0.0004556	+0.0005052	+0.0005518	+0.0005935	+0.0006331	+0.0006689	+0.0007004	+0.0007302	+0.0007598
