2013-10	0.005	-0.0002999	-0.0002531	-0.0002464	-0.0002265	-0.0001864	-0.0001599	-0.0001199	-0.0000932	-0.0000466	+0.0000001	+0.0000333	+0.0000866	+0.0001067	+0.0001533	+0.0001933	+0.0002133	+0.0002200	+0.0002599	+0.0002667	+0.0002733	+0.0002799
2013-11	0.002	-0.0001899	-0.0001650	-0.0001400	-0.0001124	-0.0000849	-0.0000526	-0.0000224	+0.0000127	+0.0000476	+0.0000850	+0.0001199	+0.0001548	+0.0001873	+0.0002147	+0.0002396	+0.0002621	+0.0002822	+0.0002995	+0.0003118	+0.0003273	+0.0003348
2013-12	0.003	-0.0002221	-0.0001992	-0.0001419	-0.0000477	-0.0000274	-0.0000050	+0.0000226	+0.0000800	+0.0001795	+0.0002045	+0.0002246	+0.0002446	+0.0002644	+0.0002767	+0.0002918	+0.0003092	+0.0003148	+0.0003318	+0.0003370	+0.0003517	+0.0003591
2014-01	0.002	-0.0001475	-0.0001191	-0.0000852	-0.0000567	-0.0000312	-0.0000056	+0.0000228	+0.0000597	+0.0000938	+0.0001165	+0.0001419	+0.0001619	+0.0001873	+0.0002099	+0.0002326	+0.0002552	+0.0002666	+0.0002863	+0.0003063	+0.0003147	+0.0003345
2014-02	0.002	-0.0002514	-0.0002119	-0.0001696	-0.0001243	-0.0000820	-0.0000394	+0.0000030	+0.0000510	+0.0001020	+0.0001472	+0.0001870	+0.0002207	+0.0002491	+0.0002746	+0.0002972	+0.0003172	+0.0003341	+0.0003508	+0.0003650	+0.0003766	+0.0003880
2014-03	0.000	-0.0002059	-0.0001862	-0.0001664	-0.0001411	-0.0001157	-0.0000903	-0.0000621	-0.0000311	+0.0000029	+0.0000340	+0.0000650	+0.0000960	+0.0001297	+0.0001609	+0.0001835	+0.0002033	+0.0002260	+0.0002486	+0.0002681	+0.0002796	+0.0002993
2014-04	-0.002	-0.0001071	-0.0000844	-0.0000591	-0.0000506	-0.0000280	-0.0000027	+0.0000226	+0.0000480	+0.0000734	+0.0000960	+0.0001099	+0.0001325	+0.0001551	+0.0001751	+0.0001862	+0.0002061	+0.0002258	+0.0002343	+0.0002540	+0.0002598	+0.0002794
2014-05	0.005	-0.0001650	-0.0001601	-0.0001527	-0.0001355	-0.0001281	-0.0001108	-0.0000936	-0.0000837	-0.0000640	-0.0000443	-0.0000344	-0.0000123	+0.0000050	+0.0000149	+0.0000345	+0.0000395	+0.0000567	+0.0000617	+0.0000666	+0.0000814	+0.0000863
2014-06	0.004	-0.0001871	-0.0001698	-0.0001503	-0.0001353	-0.0001133	-0.0000911	-0.0000663	-0.0000369	-0.0000073	+0.0000224	+0.0000591	+0.0000909	+0.0001256	+0.0001551	+0.0001846	+0.0002143	+0.0002390	+0.0002635	+0.0002856	+0.0003055	+0.0003251
2014-07	-0.002	-0.0002262	-0.0001992	-0.0001373	-0.0000786	-0.0000518	-0.0000271	+0.0000099	+0.0000615	+0.0001353	+0.0001644	+0.0001868	+0.0002089	+0.0002308	+0.0002506	+0.0002677	+0.0002778	+0.0002952	+0.0003071	+0.0003196	+0.0003344	+0.0003418
2014-08	0.000	-0.0001372	-0.0001224	-0.0001053	-0.0000880	-0.0000686	-0.0000512	-0.0000293	-0.0000073	+0.0000149	+0.0000392	+0.0000615	+0.0000859	+0.0001079	+0.0001274	+0.0001423	+0.0001617	+0.0001767	+0.0001864	+0.0002034	+0.0002108	+0.0002254
2014-09	-0.007	-0.0003878	-0.0003629	-0.0003359	-0.0003065	-0.0002747	-0.0002449	-0.0002082	-0.0001714	-0.0001321	-0.0000882	-0.0000463	-0.0000046	+0.0000369	+0.0000739	+0.0001107	+0.0001427	+0.0001743	+0.0002037	+0.0002284	+0.0002529	+0.0002774
2014-10	0.003	-0.0003681	-0.0003439	-0.0003195	-0.0002944	-0.0002655	-0.0002309	-0.0001991	-0.0001597	-0.0001228	-0.0000833	-0.0000395	+0.0000026	+0.0000439	+0.0000786	+0.0001180	+0.0001474	+0.0001793	+0.0002111	+0.0002380	+0.0002603	+0.0002846
2014-11	0.005	-0.0007102	-0.0006694	-0.0006264	-0.0005808	-0.0005321	-0.0004784	-0.0004181	-0.0003524	-0.0002839	-0.0002113	-0.0001369	-0.0000583	+0.0000181	+0.0000920	+0.0001620	+0.0002266	+0.0002873	+0.0003429	+0.0003950	+0.0004487	+0.0004936
2014-12	-0.009	-0.0005099	-0.0004566	-0.0003990	-0.0003361	-0.0002712	-0.0001984	-0.0001256	-0.0000481	+0.0000348	+0.0001177	+0.0001993	+0.0002783	+0.0003530	+0.0004215	+0.0004834	+0.0005359	+0.0005855	+0.0006281	+0.0006701	+0.0007083	+0.0007444
2015-01	0.002	-0.0014550	-0.0013566	-0.0012567	-0.0011497	-0.0010316	-0.0009098	-0.0007788	-0.0006402	-0.0004943	-0.0003446	-0.0001938	-0.0000465	+0.0000928	+0.0002236	+0.0003450	+0.0004547	+0.0005582	+0.0006553	+0.0007440	+0.0008287	+0.0009046
2015-02	0.000	-0.0013945	-0.0012947	-0.0011911	-0.0010821	-0.0009648	-0.0008398	-0.0007045	-0.0005615	-0.0004132	-0.0002618	-0.0001127	+0.0000340	+0.0001704	+0.0002987	+0.0004156	+0.0005239	+0.0006196	+0.0007086	+0.0007910	+0.0008650	+0.0009385
