2012-11	0.050	-0.0022673	-0.0020477	-0.0018169	-0.0015672	-0.0012854	-0.0009928	-0.0006640	-0.0003062	+0.0000761	+0.0004757	+0.0008876	+0.0012978	+0.0016962	+0.0020654	+0.0024105	+0.0027173	+0.0029950	+0.0032449	+0.0034823	+0.0036820	+0.0038861
2012-12	0.058	-0.0019819	-0.0017704	-0.0015374	-0.0012844	-0.0010175	-0.0007158	-0.0003957	-0.0000534	+0.0003108	+0.0006991	+0.0010931	+0.0014829	+0.0018691	+0.0022313	+0.0025657	+0.0028789	+0.0031659	+0.0034202	+0.0036559	+0.0038686	+0.0040646
2013-01	0.114	-0.0032146	-0.0027365	-0.0022180	-0.0016947	-0.0011672	-0.0006262	-0.0000536	+0.0005309	+0.0011255	+0.0016934	+0.0022152	+0.0026833	+0.0031008	+0.0034759	+0.0038066	+0.0040937	+0.0043523	+0.0045828	+0.0047960	+0.0049774	+0.0051409
2013-02	0.021	-0.0041546	-0.0031818	-0.0018377	-0.0010765	-0.0003696	+0.0003958	+0.0014078	+0.0027311	+0.0037297	+0.0045342	+0.0052445	+0.0059271	+0.0065768	+0.0071815	+0.0077636	+0.0083057	+0.0088122	+0.0092715	+0.0097152	+0.0100000	+0.0100000
2013-03	0.081	-0.0052563	-0.0044929	-0.0032826	-0.0023882	-0.0017609	-0.0011341	-0.0003795	+0.0007384	+0.0019289	+0.0026816	+0.0032550	+0.0037484	+0.0041918	+0.0045909	+0.0049517	+0.0052738	+0.0055672	+0.0058317	+0.0060680	+0.0062895	+0.0064937
2013-04	0.096	-0.0039388	-0.0034172	-0.0028818	-0.0022995	-0.0017059	-0.0010875	-0.0004385	+0.0002305	+0.0008976	+0.0015598	+0.0022153	+0.0028467	+0.0034691	+0.0040527	+0.0045888	+0.0050964	+0.0055662	+0.0060032	+0.0064058	+0.0067923	+0.0071663
2013-05	0.034	-0.0043131	-0.0036043	-0.0028765	-0.0021168	-0.0013257	-0.0005251	+0.0003403	+0.0012274	+0.0021160	+0.0029632	+0.0037868	+0.0045849	+0.0053287	+0.0060268	+0.0066772	+0.0072734	+0.0078334	+0.0083369	+0.0087962	+0.0092317	+0.0096180
2013-06	-0.098	-0.0045334	-0.0038347	-0.0030825	-0.0023148	-0.0015000	-0.0006556	+0.0002261	+0.0011548	+0.0020939	+0.0030422	+0.0039752	+0.0048711	+0.0056921	+0.0064393	+0.0071101	+0.0077107	+0.0082629	+0.0087373	+0.0091756	+0.0096166	+0.0099944
2013-07	0.038	-0.0089983	-0.0086777	-0.0082895	-0.0078635	-0.0073756	-0.0068251	-0.0062008	-0.0055162	-0.0047665	-0.0039434	-0.0031049	-0.0022372	-0.0013965	-0.0005801	+0.0001883	+0.0009164	+0.0015932	+0.0022163	+0.0028827	+0.0035376	+0.0041782
2013-08	-0.031	-0.0067273	-0.0062515	-0.0057697	-0.0052323	-0.0046670	-0.0040626	-0.0034035	-0.0026902	-0.0019171	-0.0010952	-0.0002579	+0.0005892	+0.0014079	+0.0021833	+0.0028966	+0.0035682	+0.0041800	+0.0047366	+0.0052639	+0.0057478	+0.0062197
2013-09	0.099	-0.0057064	-0.0053518	-0.0049662	-0.0045462	-0.0040978	-0.0036225	-0.0031070	-0.0025456	-0.0019638	-0.0013559	-0.0007305	-0.0001017	+0.0005026	+0.0010711	+0.0015960	+0.0020868	+0.0025318	+0.0029442	+0.0033269	+0.0036716	+0.0040131
2013-10	0.042	-0.0049816	-0.0044758	-0.0039535	-0.0033704	-0.0027410	-0.0020988	-0.0014223	-0.0006940	+0.0000772	+0.0008829	+0.0016840	+0.0024784	+0.0032346	+0.0039578	+0.0046175	+0.0052271	+0.0057731	+0.0062812	+0.0067583	+0.0072120	+0.0076216
2013-11	0.038	-0.0047085	-0.0040135	-0.0032378	-0.0025013	-0.0017642	-0.0009905	-0.0001414	+0.0007660	+0.0016273	+0.0024226	+0.0031642	+0.0038420	+0.0044754	+0.0050636	+0.0056026	+0.0061131	+0.0065768	+0.0070147	+0.0074154	+0.0078097	+0.0081731
2013-12	0.031	-0.0025724	-0.0021474	-0.0017047	-0.0012561	-0.0007729	-0.0002590	+0.0002773	+0.0008305	+0.0013843	+0.0019449	+0.0024994	+0.0030322	+0.0035389	+0.0040204	+0.0044635	+0.0048708	+0.0052414	+0.0055845	+0.0059012	+0.0061927	+0.0064521
2014-01	-0.034	-0.0024009	-0.0020512	-0.0016648	-0.0012678	-0.0008492	-0.0004216	+0.0000152	+0.0004733	+0.0009437	+0.0014265	+0.0019012	+0.0023713	+0.0028230	+0.0032421	+0.0036239	+0.0039778	+0.0042995	+0.0045905	+0.0048605	+0.0051032	+0.0053231
2014-02	0.036	-0.0054978	-0.0050943	-0.0046615	-0.0042100	-0.0037308	-0.0032305	-0.0027033	-0.0021496	-0.0015688	-0.0009731	-0.0003831	+0.0001873	+0.0007203	+0.0012027	+0.0016219	+0.0019948	+0.0023151	+0.0026008	+0.0028381	+0.0030565	+0.0032454
2014-03	-0.006	-0.0060146	-0.0055828	-0.0051112	-0.0045869	-0.0040525	-0.0034619	-0.0028283	-0.0021538	-0.0014413	-0.0006919	+0.0000581	+0.0008009	+0.0015171	+0.0021813	+0.0027941	+0.0033408	+0.0038586	+0.0043334	+0.0047690	+0.0051815	+0.0055280
2014-04	0.002	-0.0036264	-0.0032813	-0.0028955	-0.0024840	-0.0020428	-0.0015628	-0.0010265	-0.0004585	+0.0001453	+0.0007841	+0.0014409	+0.0020954	+0.0027176	+0.0033100	+0.0038598	+0.0043674	+0.0048341	+0.0052628	+0.0056468	+0.0060060	+0.0063548
2014-05	0.002	-0.0049177	-0.0046014	-0.0042614	-0.0038913	-0.0034907	-0.0030467	-0.0025621	-0.0020375	-0.0014764	-0.0008832	-0.0002716	+0.0003463	+0.0009468	+0.0015147	+0.0020436	+0.0025383	+0.0029948	+0.0034052	+0.0037807	+0.0041322	+0.0044432
2014-06	0.012	-0.0046112	-0.0043248	-0.0040185	-0.0036978	-0.0033512	-0.0029756	-0.0025696	-0.0021414	-0.0016736	-0.0011883	-0.0006853	-0.0001855	+0.0003080	+0.0007677	+0.0011952	+0.0015824	+0.0019386	+0.0022702	+0.0025670	+0.0028367	+0.0031006
2014-07	0.036	-0.0012193	-0.0010626	-0.0008865	-0.0007069	-0.0005226	-0.0003328	-0.0001269	+0.0000961	+0.0003320	+0.0005771	+0.0008314	+0.0010841	+0.0013360	+0.0015782	+0.0018074	+0.0020265	+0.0022263	+0.0024189	+0.0026014	+0.0027707	+0.0029392
2014-08	0.025	-0.0013496	-0.0011707	-0.0009907	-0.0007923	-0.0005835	-0.0003634	-0.0001246	+0.0001282	+0.0003950	+0.0006713	+0.0009535	+0.0012372	+0.0015116	+0.0017736	+0.0020177	+0.0022486	+0.0024589	+0.0026551	+0.0028385	+0.0030153	+0.0031849
2014-09	-0.005	-0.0020576	-0.0018047	-0.0015310	-0.0012469	-0.0009449	-0.0006226	-0.0002942	+0.0000631	+0.0004225	+0.0007810	+0.0011425	+0.0014872	+0.0018115	+0.0021177	+0.0023939	+0.0026419	+0.0028772	+0.0030840	+0.0032917	+0.0034664	+0.0036367
2014-10	-0.026	-0.0018627	-0.0016370	-0.0013865	-0.0011186	-0.0008520	-0.0005647	-0.0002623	+0.0000576	+0.0003887	+0.0007233	+0.0010494	+0.0013653	+0.0016699	+0.0019546	+0.0022193	+0.0024619	+0.0026878	+0.0029006	+0.0030974	+0.0032866	+0.0034645
2014-11	0.089	-0.0056537	-0.0053582	-0.0050366	-0.0046613	-0.0042693	-0.0038521	-0.0034117	-0.0029354	-0.0024360	-0.0019042	-0.0013616	-0.0008188	-0.0002928	+0.0002031	+0.0006659	+0.0010871	+0.0014827	+0.0018344	+0.0021621	+0.0024587	+0.0027573
2014-12	-0.001	-0.0047601	-0.0042623	-0.0037423	-0.0031999	-0.0026004	-0.0019481	-0.0012539	-0.0005020	+0.0003028	+0.0011267	+0.0019729	+0.0028052	+0.0035866	+0.0043307	+0.0050102	+0.0056106	+0.0061813	+0.0066903	+0.0071570	+0.0076020	+0.0079615
2015-01	-0.008	-0.0044394	-0.0040087	-0.0035393	-0.0030488	-0.0025229	-0.0019728	-0.0013955	-0.0007870	-0.0001555	+0.0004781	+0.0011162	+0.0017201	+0.0022812	+0.0027928	+0.0032429	+0.0036426	+0.0039800	+0.0042776	+0.0045467	+0.0047880	+0.0050192
2015-02	-0.016	-0.0051777	-0.0047899	-0.0043826	-0.0039550	-0.0035182	-0.0030382	-0.0025358	-0.0020004	-0.0014363	-0.0008563	-0.0002768	+0.0002883	+0.0008173	+0.0013131	+0.0017644	+0.0021786	+0.0025553	+0.0029106	+0.0032159	+0.0035122	+0.0037869
