2011-03	-0.066	-0.0027009	-0.0024652	-0.0022260	-0.0019654	-0.0016975	-0.0014095	-0.0010891	-0.0007552	-0.0004063	-0.0000424	+0.0003231	+0.0006837	+0.0010204	+0.0013362	+0.0016281	+0.0018965	+0.0021396	+0.0023654	+0.0025693	+0.0027548	+0.0029176
2011-04	-0.013	-0.0096452	-0.0094456	-0.0091368	-0.0086829	-0.0080733	-0.0072645	-0.0062977	-0.0051359	-0.0038501	-0.0025248	-0.0011617	+0.0002533	+0.0015435	+0.0027604	+0.0040393	+0.0056243	+0.0100000	+0.0100000	+0.0100000	+0.0100000	+0.0100000
2011-05	-0.015	-0.0096863	-0.0095019	-0.0092330	-0.0088229	-0.0082617	-0.0074955	-0.0065860	-0.0054637	-0.0042366	-0.0029374	-0.0015494	-0.0002073	+0.0011032	+0.0024441	+0.0038841	+0.0058778	+0.0100000	+0.0100000	+0.0100000	+0.0100000	+0.0100000
2011-06	0.009	-0.0035707	-0.0033441	-0.0031115	-0.0028485	-0.0025749	-0.0022699	-0.0019422	-0.0015820	-0.0012013	-0.0007882	-0.0003594	+0.0000710	+0.0004912	+0.0008910	+0.0012676	+0.0016221	+0.0019493	+0.0022492	+0.0025225	+0.0027870	+0.0030301
2011-07	0.003	-0.0033795	-0.0031825	-0.0029734	-0.0027509	-0.0025106	-0.0022499	-0.0019659	-0.0016502	-0.0013096	-0.0009519	-0.0005782	-0.0002003	+0.0001579	+0.0005041	+0.0008279	+0.0011302	+0.0014086	+0.0016772	+0.0019214	+0.0021485	+0.0023630
2011-08	-0.026	-0.0016318	-0.0014522	-0.0012485	-0.0010376	-0.0008091	-0.0005613	-0.0002974	-0.0000031	+0.0003098	+0.0006417	+0.0009832	+0.0013294	+0.0016646	+0.0019838	+0.0022820	+0.0025676	+0.0028308	+0.0030696	+0.0032854	+0.0035011	+0.0036899
2011-09	0.025	-0.0054931	-0.0051898	-0.0048565	-0.0044923	-0.0041095	-0.0036977	-0.0032651	-0.0028090	-0.0023276	-0.0018283	-0.0013310	-0.0008363	-0.0003620	+0.0000890	+0.0005072	+0.0008972	+0.0012688	+0.0016124	+0.0019404	+0.0022592	+0.0025678
2011-10	-0.010	-0.0043354	-0.0039934	-0.0036226	-0.0032258	-0.0028073	-0.0023745	-0.0019266	-0.0014521	-0.0009640	-0.0004650	+0.0000265	+0.0005028	+0.0009418	+0.0013442	+0.0017075	+0.0020312	+0.0023297	+0.0025921	+0.0028297	+0.0030629	+0.0032703
2011-11	-0.028	-0.0019934	-0.0018167	-0.0016365	-0.0014403	-0.0012310	-0.0009993	-0.0007478	-0.0004753	-0.0001842	+0.0001223	+0.0004356	+0.0007522	+0.0010571	+0.0013452	+0.0016150	+0.0018596	+0.0020837	+0.0022830	+0.0024694	+0.0026419	+0.0027973
2011-12	0.019	-0.0034148	-0.0032575	-0.0030806	-0.0028983	-0.0026849	-0.0024521	-0.0021923	-0.0019080	-0.0015975	-0.0012567	-0.0009023	-0.0005354	-0.0001716	+0.0001789	+0.0005149	+0.0008232	+0.0011107	+0.0013729	+0.0016280	+0.0018613	+0.0020905
2012-01	0.009	-0.0026073	-0.0024448	-0.0022738	-0.0020771	-0.0018639	-0.0016412	-0.0013857	-0.0011039	-0.0007946	-0.0004662	-0.0001195	+0.0002392	+0.0005891	+0.0009261	+0.0012468	+0.0015516	+0.0018422	+0.0021202	+0.0023889	+0.0026453	+0.0028760
2012-02	0.081	-0.0020722	-0.0018834	-0.0016810	-0.0014531	-0.0012220	-0.0009657	-0.0006955	-0.0004055	-0.0000906	+0.0002432	+0.0005868	+0.0009311	+0.0012688	+0.0015856	+0.0018886	+0.0021735	+0.0024298	+0.0026743	+0.0029017	+0.0031149	+0.0033011
2012-03	0.024	-0.0017693	-0.0013828	-0.0009888	-0.0005726	-0.0001547	+0.0002937	+0.0007553	+0.0012250	+0.0017071	+0.0021866	+0.0026452	+0.0030767	+0.0034679	+0.0038131	+0.0041166	+0.0043772	+0.0046038	+0.0048008	+0.0049712	+0.0051326	+0.0052661
2012-04	-0.037	-0.0025659	-0.0021729	-0.0014088	-0.0006971	-0.0003074	+0.0000514	+0.0004775	+0.0011773	+0.0020080	+0.0024438	+0.0027776	+0.0030663	+0.0033276	+0.0035633	+0.0037742	+0.0039689	+0.0041436	+0.0042987	+0.0044360	+0.0045659	+0.0046796
2012-05	-0.064	-0.0034797	-0.0032063	-0.0029331	-0.0026399	-0.0023153	-0.0019754	-0.0016250	-0.0012494	-0.0008591	-0.0004602	-0.0000584	+0.0003349	+0.0006966	+0.0010244	+0.0013154	+0.0015736	+0.0017997	+0.0019987	+0.0021689	+0.0023243	+0.0024584
2012-06	0.050	-0.0054654	-0.0052788	-0.0050709	-0.0048413	-0.0045916	-0.0043114	-0.0040039	-0.0036610	-0.0032779	-0.0028567	-0.0023981	-0.0018836	-0.0012920	-0.0006024	+0.0000898	+0.0007072	+0.0012755	+0.0018295	+0.0024261	+0.0030752	+0.0036332
2012-07	-0.031	-0.0040188	-0.0037660	-0.0034949	-0.0032104	-0.0028936	-0.0025524	-0.0021857	-0.0017816	-0.0013539	-0.0008969	-0.0004356	+0.0000300	+0.0004770	+0.0009032	+0.0012916	+0.0016499	+0.0019750	+0.0022646	+0.0025460	+0.0028026	+0.0030385
2012-08	0.009	-0.0033545	-0.0030886	-0.0028122	-0.0024977	-0.0021637	-0.0017927	-0.0013961	-0.0009644	-0.0004924	+0.0000011	+0.0005092	+0.0010146	+0.0015021	+0.0019672	+0.0023969	+0.0027950	+0.0031535	+0.0034680	+0.0037689	+0.0040346	+0.0042991
2012-09	0.027	-0.0037961	-0.0035762	-0.0033292	-0.0030637	-0.0027698	-0.0024580	-0.0021069	-0.0017308	-0.0013253	-0.0008998	-0.0004676	-0.0000284	+0.0003859	+0.0007802	+0.0011505	+0.0014927	+0.0018001	+0.0020908	+0.0023598	+0.0026070	+0.0028308
2012-10	0.006	-0.0027120	-0.0024473	-0.0021702	-0.0018694	-0.0015394	-0.0011932	-0.0008116	-0.0004019	+0.0000243	+0.0004699	+0.0009244	+0.0013695	+0.0017926	+0.0021919	+0.0025638	+0.0029029	+0.0031916	+0.0034710	+0.0037300	+0.0039683	+0.0041757
2012-11	0.028	-0.0019876	-0.0017658	-0.0015223	-0.0012681	-0.0009886	-0.0006947	-0.0003732	-0.0000236	+0.0003522	+0.0007480	+0.0011566	+0.0015702	+0.0019681	+0.0023506	+0.0027044	+0.0030343	+0.0033369	+0.0036219	+0.0038923	+0.0041357	+0.0043553
2012-12	0.053	-0.0021856	-0.0019643	-0.0017310	-0.0014647	-0.0011760	-0.0008662	-0.0005311	-0.0001715	+0.0002182	+0.0006286	+0.0010568	+0.0014845	+0.0019086	+0.0023062	+0.0026841	+0.0030351	+0.0033549	+0.0036587	+0.0039377	+0.0042015	+0.0044359
2013-01	0.079	-0.0027684	-0.0023073	-0.0018404	-0.0013502	-0.0008498	-0.0003362	+0.0001925	+0.0007313	+0.0012791	+0.0018222	+0.0023364	+0.0028120	+0.0032382	+0.0036327	+0.0039765	+0.0042889	+0.0045700	+0.0048253	+0.0050436	+0.0052446	+0.0054260
2013-02	0.041	-0.0025603	-0.0019848	-0.0011169	-0.0004544	+0.0000018	+0.0004629	+0.0010239	+0.0018757	+0.0027420	+0.0032826	+0.0037045	+0.0040752	+0.0044118	+0.0047213	+0.0050009	+0.0052490	+0.0054749	+0.0056774	+0.0058627	+0.0060335	+0.0062024
2013-03	0.054	-0.0029504	-0.0023609	-0.0017311	-0.0011388	-0.0006214	-0.0000935	+0.0005143	+0.0012292	+0.0019261	+0.0024957	+0.0029881	+0.0034286	+0.0038270	+0.0041901	+0.0045240	+0.0048289	+0.0051074	+0.0053580	+0.0055877	+0.0058069	+0.0059942
2013-04	0.059	-0.0033181	-0.0027480	-0.0019813	-0.0013024	-0.0007777	-0.0002696	+0.0003079	+0.0010887	+0.0019314	+0.0025183	+0.0029744	+0.0033605	+0.0037041	+0.0040044	+0.0042720	+0.0045128	+0.0047320	+0.0049335	+0.0051170	+0.0052810	+0.0054408
2013-05	-0.029	-0.0038311	-0.0033218	-0.0027747	-0.0021878	-0.0015559	-0.0008947	-0.0002043	+0.0005158	+0.0012627	+0.0020132	+0.0027628	+0.0034745	+0.0041293	+0.0047389	+0.0052852	+0.0057952	+0.0062540	+0.0066800	+0.0070749	+0.0074575	+0.0078092
2013-06	-0.017	-0.0064878	-0.0058446	-0.0051650	-0.0044506	-0.0036638	-0.0028659	-0.0020057	-0.0010864	-0.0001460	+0.0008209	+0.0017801	+0.0026938	+0.0035512	+0.0043272	+0.0050156	+0.0056199	+0.0061296	+0.0066199	+0.0070436	+0.0074659	+0.0078317
2013-07	-0.007	-0.0091500	-0.0088005	-0.0083681	-0.0078533	-0.0072586	-0.0065852	-0.0058445	-0.0050332	-0.0041583	-0.0032390	-0.0023029	-0.0013603	-0.0004503	+0.0003991	+0.0011998	+0.0019531	+0.0026501	+0.0033530	+0.0040476	+0.0048027	+0.0060533
2013-08	-0.013	-0.0041688	-0.0038087	-0.0034109	-0.0029752	-0.0025291	-0.0020413	-0.0015101	-0.0009378	-0.0003267	+0.0003160	+0.0009691	+0.0016160	+0.0022378	+0.0028250	+0.0033669	+0.0038675	+0.0043234	+0.0047462	+0.0051465	+0.0055089	+0.0058299
2013-09	0.060	-0.0042622	-0.0039977	-0.0037121	-0.0034042	-0.0030923	-0.0027405	-0.0023625	-0.0019699	-0.0015524	-0.0011202	-0.0006842	-0.0002636	+0.0001371	+0.0005115	+0.0008546	+0.0011637	+0.0014550	+0.0017232	+0.0019728	+0.0022032	+0.0024252
2013-10	-0.007	-0.0023445	-0.0021061	-0.0018673	-0.0015992	-0.0013138	-0.0010061	-0.0006766	-0.0003213	+0.0000528	+0.0004504	+0.0008586	+0.0012627	+0.0016521	+0.0020276	+0.0023759	+0.0026996	+0.0029926	+0.0032690	+0.0035266	+0.0037714	+0.0039908
2013-11	0.037	-0.0040453	-0.0036819	-0.0032720	-0.0028357	-0.0023902	-0.0019091	-0.0013924	-0.0008582	-0.0002959	+0.0002730	+0.0008448	+0.0013983	+0.0019210	+0.0024015	+0.0028333	+0.0032194	+0.0035598	+0.0038615	+0.0041200	+0.0043648	+0.0045758
2013-12	0.018	-0.0011867	-0.0009909	-0.0007772	-0.0005465	-0.0002884	-0.0000110	+0.0002885	+0.0006056	+0.0009411	+0.0012906	+0.0016484	+0.0020043	+0.0023448	+0.0026711	+0.0029763	+0.0032575	+0.0035139	+0.0037550	+0.0039827	+0.0041969	+0.0043842
2014-01	-0.021	-0.0015363	-0.0013326	-0.0011178	-0.0008971	-0.0006664	-0.0004127	-0.0001448	+0.0001467	+0.0004544	+0.0007836	+0.0011234	+0.0014674	+0.0018024	+0.0021239	+0.0024306	+0.0027143	+0.0029737	+0.0032130	+0.0034414	+0.0036520	+0.0038481
2014-02	-0.005	-0.0042733	-0.0038978	-0.0035320	-0.0031535	-0.0027576	-0.0023243	-0.0018616	-0.0013717	-0.0008635	-0.0003369	+0.0001993	+0.0007158	+0.0012076	+0.0016623	+0.0020779	+0.0024599	+0.0028036	+0.0031101	+0.0033890	+0.0036554	+0.0038801
2014-03	0.004	-0.0058750	-0.0054927	-0.0050895	-0.0046253	-0.0041383	-0.0036164	-0.0030679	-0.0024906	-0.0018607	-0.0012115	-0.0005538	+0.0000925	+0.0007006	+0.0012586	+0.0017750	+0.0022237	+0.0026361	+0.0030218	+0.0033481	+0.0036446	+0.0039086
2014-04	-0.013	-0.0043089	-0.0039596	-0.0035862	-0.0031776	-0.0027336	-0.0022659	-0.0017568	-0.0012127	-0.0006471	-0.0000723	+0.0005125	+0.0010850	+0.0016264	+0.0021204	+0.0025711	+0.0029803	+0.0033487	+0.0036781	+0.0039727	+0.0042371	+0.0044873
2014-05	0.033	-0.0055157	-0.0051459	-0.0047608	-0.0043348	-0.0038845	-0.0034095	-0.0028851	-0.0023316	-0.0017438	-0.0011305	-0.0005119	+0.0001020	+0.0006913	+0.0012429	+0.0017536	+0.0022156	+0.0026347	+0.0030139	+0.0033578	+0.0036749	+0.0039646
2014-06	0.042	-0.0033444	-0.0029903	-0.0026722	-0.0023206	-0.0019331	-0.0015385	-0.0011100	-0.0006703	-0.0002052	+0.0002728	+0.0007502	+0.0012006	+0.0016207	+0.0020062	+0.0023466	+0.0026513	+0.0029276	+0.0031638	+0.0033819	+0.0035745	+0.0037652
2014-07	0.017	-0.0017035	-0.0013591	-0.0009368	-0.0005445	-0.0001881	+0.0001546	+0.0005391	+0.0009936	+0.0014395	+0.0018204	+0.0021410	+0.0024225	+0.0026745	+0.0029072	+0.0031183	+0.0033089	+0.0034832	+0.0036477	+0.0037964	+0.0039364	+0.0040611
2014-08	0.003	-0.0012242	-0.0010087	-0.0007908	-0.0005554	-0.0003112	-0.0000675	+0.0001818	+0.0004386	+0.0007036	+0.0009635	+0.0012068	+0.0014262	+0.0016221	+0.0017972	+0.0019539	+0.0020945	+0.0022177	+0.0023306	+0.0024336	+0.0025234	+0.0026113
2014-09	0.034	-0.0019176	-0.0017385	-0.0015639	-0.0013577	-0.0011476	-0.0009214	-0.0006821	-0.0004254	-0.0001597	+0.0001149	+0.0003896	+0.0006584	+0.0009174	+0.0011595	+0.0013871	+0.0015917	+0.0017801	+0.0019593	+0.0021224	+0.0022652	+0.0024022
2014-10	0.005	-0.0008634	-0.0006237	-0.0003353	-0.0000918	+0.0001273	+0.0003534	+0.0006225	+0.0009359	+0.0012163	+0.0014558	+0.0016724	+0.0018807	+0.0020777	+0.0022631	+0.0024406	+0.0026059	+0.0027600	+0.0029067	+0.0030408	+0.0031772	+0.0032957
2014-11	0.031	-0.0047222	-0.0043484	-0.0039629	-0.0035590	-0.0031130	-0.0026455	-0.0021523	-0.0016285	-0.0010803	-0.0005039	+0.0000821	+0.0006576	+0.0012108	+0.0017339	+0.0022136	+0.0026610	+0.0030589	+0.0034138	+0.0037617	+0.0040756	+0.0043736
2014-12	0.004	-0.0045682	-0.0041242	-0.0036467	-0.0031600	-0.0026226	-0.0020541	-0.0014522	-0.0007848	-0.0000825	+0.0006681	+0.0014280	+0.0021804	+0.0029118	+0.0036076	+0.0042697	+0.0048658	+0.0054231	+0.0059176	+0.0063750	+0.0067990	+0.0072073
2015-01	0.017	-0.0035462	-0.0031959	-0.0028176	-0.0024296	-0.0020367	-0.0016034	-0.0011444	-0.0006702	-0.0001770	+0.0003313	+0.0008267	+0.0013107	+0.0017560	+0.0021763	+0.0025492	+0.0028917	+0.0031995	+0.0034771	+0.0037245	+0.0039630	+0.0041736
2015-02	-0.001	-0.0042171	-0.0038822	-0.0035363	-0.0031735	-0.0027780	-0.0023520	-0.0018942	-0.0013950	-0.0008777	-0.0003458	+0.0001980	+0.0007340	+0.0012481	+0.0017323	+0.0021789	+0.0025807	+0.0029401	+0.0032729	+0.0035678	+0.0038508	+0.0041108
