2011-03	0.051	-0.0037036	-0.0034988	-0.0032914	-0.0030760	-0.0028389	-0.0025863	-0.0023119	-0.0020147	-0.0017064	-0.0013787	-0.0010503	-0.0007248	-0.0004103	-0.0001126	+0.0001570	+0.0004091	+0.0006421	+0.0008538	+0.0010359	+0.0012122	+0.0013769
2011-04	0.014	-0.0040733	-0.0037267	-0.0033755	-0.0030064	-0.0025957	-0.0021554	-0.0016854	-0.0011886	-0.0006561	-0.0001110	+0.0004406	+0.0009857	+0.0015223	+0.0020093	+0.0024545	+0.0028628	+0.0032349	+0.0035632	+0.0038711	+0.0041568	+0.0044110
2011-05	-0.028	-0.0044128	-0.0040304	-0.0036259	-0.0031950	-0.0027140	-0.0022123	-0.0016521	-0.0010386	-0.0003917	+0.0002955	+0.0010110	+0.0017243	+0.0024134	+0.0030731	+0.0037042	+0.0042852	+0.0048156	+0.0053175	+0.0057813	+0.0061926	+0.0065754
2011-06	-0.003	-0.0041118	-0.0039209	-0.0037190	-0.0035064	-0.0032706	-0.0030150	-0.0027406	-0.0024464	-0.0021212	-0.0017767	-0.0014173	-0.0010510	-0.0006865	-0.0003341	+0.0000001	+0.0003190	+0.0006207	+0.0009050	+0.0011723	+0.0014287	+0.0016754
2011-07	-0.010	-0.0022664	-0.0021298	-0.0019873	-0.0018323	-0.0016637	-0.0014702	-0.0012659	-0.0010399	-0.0007929	-0.0005282	-0.0002446	+0.0000450	+0.0003381	+0.0006280	+0.0009116	+0.0011800	+0.0014324	+0.0016631	+0.0018821	+0.0020975	+0.0023041
2011-08	-0.056	-0.0030914	-0.0029115	-0.0027074	-0.0024875	-0.0022427	-0.0019745	-0.0016819	-0.0013604	-0.0010056	-0.0006339	-0.0002490	+0.0001398	+0.0005188	+0.0008814	+0.0012232	+0.0015374	+0.0018274	+0.0020954	+0.0023502	+0.0025762	+0.0027852
2011-09	-0.077	-0.0062943	-0.0059881	-0.0056785	-0.0053560	-0.0050070	-0.0046381	-0.0042443	-0.0038291	-0.0033775	-0.0029066	-0.0024311	-0.0019451	-0.0014491	-0.0009465	-0.0004342	+0.0000864	+0.0005587	+0.0010010	+0.0014203	+0.0018339	+0.0022664
2011-10	0.062	-0.0086353	-0.0082947	-0.0079524	-0.0075662	-0.0071592	-0.0066993	-0.0061999	-0.0056490	-0.0050565	-0.0044055	-0.0037119	-0.0029924	-0.0022656	-0.0015190	-0.0007730	-0.0000177	+0.0007127	+0.0014127	+0.0020928	+0.0027372	+0.0033893
2011-11	-0.053	-0.0077756	-0.0073535	-0.0069175	-0.0064496	-0.0059339	-0.0053579	-0.0047165	-0.0040218	-0.0032522	-0.0024337	-0.0015809	-0.0007051	+0.0001431	+0.0009647	+0.0017461	+0.0024849	+0.0031846	+0.0038431	+0.0044272	+0.0050291	+0.0055644
2011-12	-0.012	-0.0045821	-0.0042901	-0.0039572	-0.0035843	-0.0031618	-0.0026957	-0.0021666	-0.0015930	-0.0009550	-0.0002621	+0.0004605	+0.0012028	+0.0019176	+0.0026149	+0.0032761	+0.0038903	+0.0044668	+0.0050061	+0.0055154	+0.0059921	+0.0063771
2012-01	0.043	-0.0051513	-0.0049335	-0.0047072	-0.0044532	-0.0041643	-0.0038398	-0.0034828	-0.0030743	-0.0026176	-0.0021206	-0.0016024	-0.0010568	-0.0005226	+0.0000101	+0.0005217	+0.0010075	+0.0014656	+0.0018972	+0.0023092	+0.0026930	+0.0030611
2012-02	0.081	-0.0031488	-0.0029102	-0.0026403	-0.0023375	-0.0020120	-0.0016603	-0.0012752	-0.0008432	-0.0003949	+0.0000849	+0.0005807	+0.0010773	+0.0015576	+0.0020179	+0.0024523	+0.0028578	+0.0032244	+0.0035662	+0.0038795	+0.0041745	+0.0044332
2012-03	-0.008	-0.0043320	-0.0037650	-0.0022125	-0.0012178	-0.0006890	-0.0001914	+0.0004195	+0.0016914	+0.0030522	+0.0036210	+0.0040623	+0.0044461	+0.0047880	+0.0050922	+0.0053683	+0.0056148	+0.0058303	+0.0060275	+0.0062133	+0.0063725	+0.0065155
2012-04	-0.007	-0.0031872	-0.0027885	-0.0023532	-0.0019079	-0.0014235	-0.0009240	-0.0004013	+0.0001365	+0.0006926	+0.0012530	+0.0018072	+0.0023333	+0.0028392	+0.0032991	+0.0037173	+0.0040915	+0.0044318	+0.0047456	+0.0050301	+0.0052849	+0.0055149
2012-05	-0.077	-0.0031821	-0.0029951	-0.0027954	-0.0025862	-0.0023490	-0.0020887	-0.0018029	-0.0014914	-0.0011575	-0.0007925	-0.0004177	-0.0000313	+0.0003488	+0.0007216	+0.0010864	+0.0014289	+0.0017509	+0.0020551	+0.0023371	+0.0026106	+0.0028903
2012-06	0.017	-0.0049253	-0.0047828	-0.0046341	-0.0044615	-0.0042739	-0.0040684	-0.0038381	-0.0035714	-0.0032753	-0.0029490	-0.0025798	-0.0021536	-0.0016134	-0.0009566	-0.0003341	+0.0001796	+0.0006539	+0.0011424	+0.0017395	+0.0023276	+0.0027749
2012-07	0.019	-0.0041870	-0.0039827	-0.0037716	-0.0035367	-0.0032744	-0.0029875	-0.0026708	-0.0023121	-0.0019280	-0.0015177	-0.0010903	-0.0006553	-0.0002265	+0.0001830	+0.0005707	+0.0009397	+0.0012760	+0.0015962	+0.0018928	+0.0021704	+0.0024496
2012-08	0.002	-0.0018119	-0.0016379	-0.0014467	-0.0012422	-0.0010172	-0.0007798	-0.0005254	-0.0002366	+0.0000787	+0.0004163	+0.0007681	+0.0011266	+0.0014816	+0.0018174	+0.0021391	+0.0024339	+0.0027177	+0.0029751	+0.0032233	+0.0034540	+0.0036788
2012-09	0.026	-0.0019847	-0.0018617	-0.0017257	-0.0015744	-0.0014122	-0.0012392	-0.0010457	-0.0008362	-0.0006143	-0.0003775	-0.0001301	+0.0001163	+0.0003567	+0.0005861	+0.0008028	+0.0010050	+0.0011909	+0.0013597	+0.0015236	+0.0016719	+0.0018075
2012-10	0.032	-0.0015957	-0.0014371	-0.0012809	-0.0011061	-0.0009224	-0.0007231	-0.0005032	-0.0002708	-0.0000191	+0.0002435	+0.0005159	+0.0007832	+0.0010415	+0.0012851	+0.0015104	+0.0017220	+0.0019156	+0.0020970	+0.0022645	+0.0024200	+0.0025670
2012-11	0.041	-0.0019912	-0.0016562	-0.0012866	-0.0009134	-0.0005648	-0.0002048	+0.0001855	+0.0006102	+0.0010381	+0.0014126	+0.0017430	+0.0020417	+0.0023123	+0.0025564	+0.0027792	+0.0029804	+0.0031633	+0.0033295	+0.0034810	+0.0036254	+0.0037577
2012-12	0.062	-0.0019090	-0.0016006	-0.0012945	-0.0009640	-0.0006424	-0.0003049	+0.0000451	+0.0004144	+0.0007789	+0.0011184	+0.0014384	+0.0017348	+0.0020137	+0.0022705	+0.0025014	+0.0027124	+0.0029069	+0.0030852	+0.0032448	+0.0033975	+0.0035385
2013-01	0.075	-0.0025000	-0.0020254	-0.0014795	-0.0009508	-0.0004784	-0.0000389	+0.0004380	+0.0009993	+0.0015958	+0.0020901	+0.0024806	+0.0028127	+0.0031061	+0.0033644	+0.0035854	+0.0037812	+0.0039442	+0.0040933	+0.0042195	+0.0043397	+0.0044477
2013-02	0.009	-0.0027968	-0.0022076	-0.0011024	-0.0004291	+0.0000440	+0.0005361	+0.0011652	+0.0021770	+0.0030459	+0.0036094	+0.0040736	+0.0044917	+0.0048849	+0.0052486	+0.0055895	+0.0059094	+0.0062045	+0.0064766	+0.0067333	+0.0069646	+0.0071807
2013-03	0.020	-0.0034332	-0.0029401	-0.0024205	-0.0019078	-0.0013742	-0.0008343	-0.0002643	+0.0003447	+0.0009581	+0.0015332	+0.0020605	+0.0025429	+0.0029797	+0.0033736	+0.0037262	+0.0040509	+0.0043419	+0.0046031	+0.0048388	+0.0050442	+0.0052332
2013-04	0.049	-0.0031331	-0.0029201	-0.0026905	-0.0024347	-0.0021642	-0.0018605	-0.0015195	-0.0011412	-0.0007323	-0.0002867	+0.0001775	+0.0006495	+0.0011207	+0.0015775	+0.0020047	+0.0023985	+0.0027775	+0.0031090	+0.0034312	+0.0037360	+0.0040301
2013-05	0.015	-0.0032227	-0.0028200	-0.0023949	-0.0019511	-0.0014878	-0.0010176	-0.0005034	+0.0000300	+0.0005927	+0.0011726	+0.0017635	+0.0023543	+0.0029203	+0.0034627	+0.0039680	+0.0044311	+0.0048638	+0.0052686	+0.0056490	+0.0059932	+0.0063213
2013-06	-0.107	-0.0038436	-0.0033810	-0.0029041	-0.0024101	-0.0018892	-0.0013244	-0.0007274	-0.0000965	+0.0005604	+0.0012360	+0.0019198	+0.0025845	+0.0032153	+0.0037982	+0.0043365	+0.0048274	+0.0052854	+0.0056974	+0.0060641	+0.0063903	+0.0067008
2013-07	-0.005	-0.0092204	-0.0089262	-0.0085604	-0.0081456	-0.0076732	-0.0071445	-0.0065440	-0.0058730	-0.0051343	-0.0043319	-0.0034916	-0.0026377	-0.0017656	-0.0009322	-0.0001251	+0.0006479	+0.0014029	+0.0021226	+0.0028596	+0.0036602	+0.0045909
2013-08	-0.049	-0.0074514	-0.0070018	-0.0065246	-0.0060160	-0.0054951	-0.0049206	-0.0043029	-0.0036546	-0.0029561	-0.0022343	-0.0015002	-0.0007813	-0.0000830	+0.0005589	+0.0011705	+0.0017206	+0.0022368	+0.0027200	+0.0031666	+0.0035915	+0.0039719
2013-09	0.041	-0.0054706	-0.0052110	-0.0049664	-0.0047096	-0.0044198	-0.0041098	-0.0037694	-0.0034047	-0.0030166	-0.0026064	-0.0021758	-0.0017330	-0.0012871	-0.0008490	-0.0004044	+0.0000236	+0.0004352	+0.0008382	+0.0011966	+0.0015547	+0.0019080
2013-10	0.048	-0.0041946	-0.0038713	-0.0035262	-0.0031694	-0.0027903	-0.0023826	-0.0019414	-0.0014643	-0.0009614	-0.0004391	+0.0000836	+0.0006039	+0.0011051	+0.0015702	+0.0019954	+0.0023849	+0.0027342	+0.0030605	+0.0033485	+0.0036137	+0.0038715
2013-11	-0.010	-0.0024057	-0.0020685	-0.0016812	-0.0012815	-0.0008849	-0.0004480	-0.0000116	+0.0004403	+0.0009070	+0.0013732	+0.0018210	+0.0022353	+0.0026207	+0.0029664	+0.0032771	+0.0035530	+0.0037980	+0.0040187	+0.0042126	+0.0043920	+0.0045537
2013-12	0.020	-0.0019692	-0.0017553	-0.0015208	-0.0012724	-0.0010050	-0.0007250	-0.0004215	-0.0001074	+0.0002275	+0.0005705	+0.0009118	+0.0012461	+0.0015652	+0.0018628	+0.0021369	+0.0023824	+0.0026106	+0.0028177	+0.0030043	+0.0031759	+0.0033364
2014-01	-0.045	-0.0015799	-0.0014116	-0.0012198	-0.0010261	-0.0008182	-0.0005951	-0.0003530	-0.0000918	+0.0001708	+0.0004453	+0.0007191	+0.0009844	+0.0012343	+0.0014670	+0.0016749	+0.0018654	+0.0020342	+0.0021841	+0.0023288	+0.0024565	+0.0025670
2014-02	0.014	-0.0036375	-0.0034266	-0.0031964	-0.0029610	-0.0027102	-0.0024383	-0.0021520	-0.0018391	-0.0015139	-0.0011807	-0.0008385	-0.0005068	-0.0001951	+0.0000898	+0.0003534	+0.0005922	+0.0008017	+0.0009907	+0.0011682	+0.0013291	+0.0014726
2014-03	0.026	-0.0037146	-0.0034766	-0.0032297	-0.0029505	-0.0026533	-0.0023198	-0.0019717	-0.0016051	-0.0012125	-0.0008032	-0.0003857	+0.0000251	+0.0004197	+0.0007832	+0.0011173	+0.0014204	+0.0016910	+0.0019406	+0.0021622	+0.0023604	+0.0025346
2014-04	0.009	-0.0015480	-0.0013315	-0.0011147	-0.0008827	-0.0006355	-0.0003706	-0.0000905	+0.0002160	+0.0005387	+0.0008740	+0.0012103	+0.0015403	+0.0018596	+0.0021604	+0.0024364	+0.0026879	+0.0029136	+0.0031217	+0.0033079	+0.0034795	+0.0036319
2014-05	0.016	-0.0023084	-0.0020775	-0.0018433	-0.0015947	-0.0013349	-0.0010536	-0.0007544	-0.0004303	-0.0000924	+0.0002599	+0.0006251	+0.0009829	+0.0013348	+0.0016749	+0.0019940	+0.0022875	+0.0025647	+0.0028129	+0.0030512	+0.0032628	+0.0034699
2014-06	0.003	-0.0011920	-0.0010859	-0.0009673	-0.0008355	-0.0006916	-0.0005391	-0.0003796	-0.0002079	-0.0000274	+0.0001621	+0.0003573	+0.0005506	+0.0007382	+0.0009141	+0.0010790	+0.0012282	+0.0013671	+0.0014946	+0.0016158	+0.0017271	+0.0018287
2014-07	0.040	-0.0011650	-0.0010260	-0.0008782	-0.0007196	-0.0005547	-0.0003822	-0.0001952	-0.0000016	+0.0002094	+0.0004215	+0.0006364	+0.0008462	+0.0010450	+0.0012274	+0.0014017	+0.0015576	+0.0017016	+0.0018305	+0.0019501	+0.0020578	+0.0021596
2014-08	0.010	-0.0014416	-0.0012710	-0.0011033	-0.0009175	-0.0007191	-0.0005153	-0.0002993	-0.0000639	+0.0001796	+0.0004370	+0.0006993	+0.0009614	+0.0012142	+0.0014459	+0.0016617	+0.0018655	+0.0020513	+0.0022217	+0.0023715	+0.0025112	+0.0026419
2014-09	0.029	-0.0018160	-0.0015785	-0.0013308	-0.0010820	-0.0008113	-0.0005260	-0.0002328	+0.0000767	+0.0003914	+0.0007096	+0.0010150	+0.0013118	+0.0015852	+0.0018363	+0.0020615	+0.0022629	+0.0024477	+0.0026068	+0.0027485	+0.0028833	+0.0030006
2014-10	0.009	-0.0015594	-0.0012768	-0.0009762	-0.0006464	-0.0003252	-0.0000040	+0.0003266	+0.0006809	+0.0010508	+0.0013987	+0.0017077	+0.0019814	+0.0022295	+0.0024516	+0.0026504	+0.0028287	+0.0029830	+0.0031255	+0.0032519	+0.0033622	+0.0034643
2014-11	0.089	-0.0023237	-0.0021497	-0.0019650	-0.0017529	-0.0015278	-0.0012827	-0.0010128	-0.0007214	-0.0004124	-0.0000894	+0.0002392	+0.0005732	+0.0008954	+0.0012036	+0.0014905	+0.0017564	+0.0019974	+0.0022207	+0.0024249	+0.0026079	+0.0027869
2014-12	0.008	-0.0034031	-0.0029077	-0.0023185	-0.0017378	-0.0011342	-0.0004932	+0.0001337	+0.0008069	+0.0014956	+0.0021704	+0.0028335	+0.0035083	+0.0040853	+0.0047007	+0.0051652	+0.0057065	+0.0061105	+0.0065367	+0.0069436	+0.0072432	+0.0075656
2015-01	0.018	-0.0032124	-0.0028142	-0.0023858	-0.0019720	-0.0015178	-0.0010565	-0.0005503	-0.0000502	+0.0004844	+0.0010200	+0.0015463	+0.0020247	+0.0024937	+0.0029026	+0.0032553	+0.0035301	+0.0037321	+0.0038936	+0.0040303	+0.0041446	+0.0042522
2015-02	-0.003	-0.0034139	-0.0031106	-0.0027909	-0.0024451	-0.0020823	-0.0016869	-0.0012677	-0.0008300	-0.0003752	+0.0000909	+0.0005539	+0.0009964	+0.0014127	+0.0017923	+0.0021385	+0.0024514	+0.0027366	+0.0029818	+0.0032038	+0.0034230	+0.0036079
