2011-03	0.041	-0.0015758	-0.0014336	-0.0012917	-0.0011352	-0.0009680	-0.0007833	-0.0005821	-0.0003651	-0.0001353	+0.0001055	+0.0003538	+0.0005994	+0.0008373	+0.0010654	+0.0012775	+0.0014729	+0.0016524	+0.0018145	+0.0019635	+0.0021132	+0.0022540
2011-04	0.043	-0.0037014	-0.0033576	-0.0029907	-0.0026101	-0.0022189	-0.0018041	-0.0013644	-0.0009038	-0.0004265	+0.0000595	+0.0005540	+0.0010665	+0.0015779	+0.0020710	+0.0025517	+0.0030127	+0.0034472	+0.0038438	+0.0042227	+0.0045713	+0.0049093
2011-05	-0.023	-0.0039072	-0.0035055	-0.0030397	-0.0025766	-0.0020658	-0.0015191	-0.0009390	-0.0003162	+0.0003412	+0.0010279	+0.0017246	+0.0024197	+0.0030899	+0.0037359	+0.0043296	+0.0048933	+0.0053968	+0.0058673	+0.0062953	+0.0067033	+0.0070751
2011-06	-0.003	-0.0030070	-0.0028063	-0.0025930	-0.0023597	-0.0021192	-0.0018548	-0.0015762	-0.0012832	-0.0009689	-0.0006390	-0.0003009	+0.0000401	+0.0003685	+0.0006872	+0.0009912	+0.0012794	+0.0015525	+0.0018072	+0.0020596	+0.0022828	+0.0025125
2011-07	-0.005	-0.0020971	-0.0019418	-0.0017988	-0.0016392	-0.0014780	-0.0013078	-0.0011197	-0.0009218	-0.0007154	-0.0004947	-0.0002697	-0.0000346	+0.0002031	+0.0004421	+0.0006801	+0.0009109	+0.0011307	+0.0013410	+0.0015527	+0.0017457	+0.0019574
2011-08	-0.036	-0.0023604	-0.0021779	-0.0019925	-0.0017908	-0.0015775	-0.0013546	-0.0011124	-0.0008537	-0.0005844	-0.0002980	-0.0000065	+0.0002850	+0.0005709	+0.0008366	+0.0010848	+0.0013117	+0.0015168	+0.0017073	+0.0018815	+0.0020416	+0.0021936
2011-09	-0.076	-0.0062143	-0.0057908	-0.0054035	-0.0049668	-0.0045027	-0.0040170	-0.0035091	-0.0029645	-0.0024028	-0.0018265	-0.0012555	-0.0006966	-0.0001696	+0.0003069	+0.0007457	+0.0011504	+0.0015265	+0.0018664	+0.0021810	+0.0024884	+0.0027710
2011-10	0.089	-0.0078215	-0.0074493	-0.0070745	-0.0066328	-0.0061661	-0.0056646	-0.0051135	-0.0045203	-0.0038912	-0.0032283	-0.0025342	-0.0018426	-0.0011465	-0.0004533	+0.0002059	+0.0008392	+0.0014587	+0.0020635	+0.0026238	+0.0031561	+0.0036716
2011-11	-0.040	-0.0064175	-0.0060385	-0.0056248	-0.0051712	-0.0046659	-0.0041106	-0.0034978	-0.0028206	-0.0020860	-0.0013000	-0.0004802	+0.0003509	+0.0011661	+0.0019431	+0.0026813	+0.0033845	+0.0040200	+0.0046200	+0.0051987	+0.0057368	+0.0062531
2011-12	0.007	-0.0044783	-0.0041088	-0.0037339	-0.0033208	-0.0028602	-0.0023556	-0.0017966	-0.0011874	-0.0005252	+0.0001862	+0.0009268	+0.0016853	+0.0024231	+0.0031405	+0.0038211	+0.0044475	+0.0050329	+0.0055658	+0.0060790	+0.0065588	+0.0070057
2012-01	0.025	-0.0048158	-0.0045461	-0.0042497	-0.0039165	-0.0035504	-0.0031468	-0.0027038	-0.0022023	-0.0016664	-0.0010984	-0.0004967	+0.0001095	+0.0007031	+0.0012803	+0.0018204	+0.0023424	+0.0028232	+0.0032783	+0.0036969	+0.0040994	+0.0044803
2012-02	0.067	-0.0021239	-0.0019245	-0.0016883	-0.0014608	-0.0012050	-0.0009277	-0.0006314	-0.0003147	+0.0000206	+0.0003708	+0.0007262	+0.0010730	+0.0014042	+0.0017161	+0.0020006	+0.0022620	+0.0024967	+0.0027025	+0.0028941	+0.0030640	+0.0032417
2012-03	-0.012	-0.0020270	-0.0015991	-0.0009720	-0.0004549	-0.0000919	+0.0002594	+0.0006775	+0.0012798	+0.0018870	+0.0022782	+0.0025897	+0.0028589	+0.0030992	+0.0033146	+0.0035036	+0.0036771	+0.0038322	+0.0039722	+0.0040972	+0.0042076	+0.0043061
2012-04	-0.006	-0.0023626	-0.0020413	-0.0017176	-0.0013721	-0.0009991	-0.0006059	-0.0002001	+0.0002096	+0.0006268	+0.0010481	+0.0014613	+0.0018535	+0.0022086	+0.0025351	+0.0028243	+0.0030710	+0.0032941	+0.0034994	+0.0036774	+0.0038366	+0.0039664
2012-05	-0.074	-0.0026547	-0.0025010	-0.0023400	-0.0021636	-0.0019742	-0.0017679	-0.0015342	-0.0012812	-0.0010105	-0.0007183	-0.0004139	-0.0001097	+0.0001931	+0.0004792	+0.0007533	+0.0010061	+0.0012368	+0.0014567	+0.0016617	+0.0018507	+0.0020210
2012-06	0.036	-0.0043772	-0.0042353	-0.0040686	-0.0038878	-0.0036858	-0.0034673	-0.0032244	-0.0029599	-0.0026631	-0.0023375	-0.0019776	-0.0015666	-0.0010835	-0.0004956	+0.0000813	+0.0005771	+0.0010234	+0.0014824	+0.0019832	+0.0025392	+0.0029694
2012-07	0.027	-0.0030395	-0.0028649	-0.0026648	-0.0024542	-0.0022057	-0.0019421	-0.0016422	-0.0013112	-0.0009529	-0.0005701	-0.0001678	+0.0002359	+0.0006396	+0.0010137	+0.0013671	+0.0016982	+0.0020044	+0.0023005	+0.0025610	+0.0028043	+0.0030319
2012-08	-0.009	-0.0019407	-0.0016577	-0.0013565	-0.0010490	-0.0007374	-0.0004111	-0.0000792	+0.0002683	+0.0006255	+0.0009862	+0.0013395	+0.0016853	+0.0020065	+0.0023054	+0.0025728	+0.0028204	+0.0030435	+0.0032616	+0.0034570	+0.0036368	+0.0038117
2012-09	0.008	-0.0015631	-0.0014532	-0.0013370	-0.0012058	-0.0010699	-0.0009195	-0.0007556	-0.0005792	-0.0003883	-0.0001856	+0.0000255	+0.0002343	+0.0004401	+0.0006345	+0.0008187	+0.0009893	+0.0011518	+0.0012958	+0.0014356	+0.0015547	+0.0016703
2012-10	0.020	-0.0018409	-0.0017299	-0.0016091	-0.0014750	-0.0013318	-0.0011721	-0.0009976	-0.0008075	-0.0006043	-0.0003856	-0.0001608	+0.0000653	+0.0002823	+0.0004885	+0.0006799	+0.0008527	+0.0010149	+0.0011575	+0.0012892	+0.0014167	+0.0015290
2012-11	0.029	-0.0012348	-0.0010816	-0.0009192	-0.0007481	-0.0005681	-0.0003710	-0.0001559	+0.0000723	+0.0003140	+0.0005640	+0.0008167	+0.0010694	+0.0013111	+0.0015412	+0.0017562	+0.0019520	+0.0021313	+0.0023048	+0.0024581	+0.0026102	+0.0027440
2012-12	0.043	-0.0014520	-0.0011603	-0.0008825	-0.0006088	-0.0003118	-0.0000084	+0.0003148	+0.0006599	+0.0009910	+0.0012963	+0.0015830	+0.0018503	+0.0021014	+0.0023371	+0.0025508	+0.0027447	+0.0029248	+0.0030874	+0.0032411	+0.0033856	+0.0035233
2013-01	0.049	-0.0019575	-0.0016095	-0.0012209	-0.0008785	-0.0005355	-0.0001865	+0.0002110	+0.0006411	+0.0010365	+0.0013891	+0.0017040	+0.0019888	+0.0022617	+0.0025062	+0.0027315	+0.0029341	+0.0031220	+0.0032907	+0.0034507	+0.0035939	+0.0037267
2013-02	0.002	-0.0024391	-0.0019318	-0.0012661	-0.0007844	-0.0003679	+0.0000731	+0.0006188	+0.0012996	+0.0019000	+0.0023763	+0.0027829	+0.0031654	+0.0035163	+0.0038522	+0.0041543	+0.0044367	+0.0046955	+0.0049331	+0.0051528	+0.0053550	+0.0055361
2013-03	0.027	-0.0021312	-0.0018630	-0.0015936	-0.0013119	-0.0010160	-0.0007081	-0.0003871	-0.0000465	+0.0002980	+0.0006432	+0.0009788	+0.0013001	+0.0016042	+0.0018840	+0.0021413	+0.0023816	+0.0026003	+0.0028014	+0.0029907	+0.0031701	+0.0033308
2013-04	0.033	-0.0021111	-0.0019192	-0.0017309	-0.0015122	-0.0012780	-0.0010260	-0.0007568	-0.0004669	-0.0001459	+0.0001947	+0.0005513	+0.0009158	+0.0012723	+0.0016153	+0.0019446	+0.0022578	+0.0025389	+0.0028003	+0.0030374	+0.0032640	+0.0034798
2013-05	-0.026	-0.0032840	-0.0028947	-0.0024933	-0.0020970	-0.0016677	-0.0012075	-0.0007148	-0.0001866	+0.0003694	+0.0009456	+0.0015403	+0.0021274	+0.0027036	+0.0032566	+0.0037724	+0.0042666	+0.0047112	+0.0051359	+0.0055364	+0.0059041	+0.0062651
2013-06	-0.061	-0.0034897	-0.0033061	-0.0031286	-0.0029246	-0.0026988	-0.0024282	-0.0021164	-0.0017491	-0.0013173	-0.0008257	-0.0003072	+0.0002398	+0.0008034	+0.0013532	+0.0018921	+0.0024115	+0.0028953	+0.0033552	+0.0037749	+0.0041805	+0.0045930
2013-07	-0.018	-0.0058659	-0.0056423	-0.0054030	-0.0051375	-0.0048609	-0.0045556	-0.0042318	-0.0038831	-0.0035021	-0.0030931	-0.0026525	-0.0021790	-0.0016492	-0.0010249	-0.0003519	+0.0002390	+0.0007500	+0.0012354	+0.0017834	+0.0024195	+0.0029771
2013-08	-0.006	-0.0042519	-0.0039937	-0.0037187	-0.0034141	-0.0030992	-0.0027568	-0.0023993	-0.0020271	-0.0016378	-0.0012326	-0.0008315	-0.0004473	-0.0000866	+0.0002453	+0.0005517	+0.0008257	+0.0010758	+0.0013035	+0.0015144	+0.0017120	+0.0018955
2013-09	0.029	-0.0034117	-0.0032101	-0.0029883	-0.0027618	-0.0025062	-0.0022409	-0.0019543	-0.0016497	-0.0013374	-0.0010153	-0.0006977	-0.0003828	-0.0000853	+0.0001954	+0.0004457	+0.0006769	+0.0008821	+0.0010601	+0.0012251	+0.0013830	+0.0015271
2013-10	0.025	-0.0023717	-0.0020706	-0.0017470	-0.0014170	-0.0010827	-0.0007314	-0.0003586	+0.0000217	+0.0004056	+0.0007932	+0.0011744	+0.0015423	+0.0018936	+0.0022214	+0.0025278	+0.0028133	+0.0030717	+0.0033116	+0.0035388	+0.0037465	+0.0039490
2013-11	-0.004	-0.0024934	-0.0022236	-0.0019344	-0.0016413	-0.0013393	-0.0010187	-0.0006828	-0.0003326	+0.0000302	+0.0003957	+0.0007613	+0.0011180	+0.0014555	+0.0017720	+0.0020626	+0.0023346	+0.0025774	+0.0028041	+0.0030152	+0.0032101	+0.0033889
2013-12	0.003	-0.0014739	-0.0013603	-0.0012330	-0.0011002	-0.0009451	-0.0007770	-0.0005883	-0.0003822	-0.0001529	+0.0000905	+0.0003477	+0.0006034	+0.0008569	+0.0011015	+0.0013325	+0.0015442	+0.0017435	+0.0019295	+0.0020976	+0.0022529	+0.0024013
2014-01	-0.018	-0.0014035	-0.0012908	-0.0011759	-0.0010561	-0.0009253	-0.0007838	-0.0006341	-0.0004684	-0.0002929	-0.0001127	+0.0000696	+0.0002514	+0.0004240	+0.0005848	+0.0007343	+0.0008719	+0.0009985	+0.0011186	+0.0012250	+0.0013217	+0.0014081
2014-02	0.007	-0.0026264	-0.0024846	-0.0023326	-0.0021655	-0.0019906	-0.0017939	-0.0015893	-0.0013677	-0.0011348	-0.0008933	-0.0006450	-0.0003951	-0.0001543	+0.0000712	+0.0002845	+0.0004837	+0.0006652	+0.0008285	+0.0009876	+0.0011397	+0.0012771
2014-03	0.032	-0.0024556	-0.0023021	-0.0021406	-0.0019639	-0.0017753	-0.0015684	-0.0013470	-0.0011040	-0.0008464	-0.0005734	-0.0002875	-0.0000028	+0.0002803	+0.0005547	+0.0008121	+0.0010561	+0.0012842	+0.0015004	+0.0016957	+0.0018767	+0.0020488
2014-04	0.002	-0.0015586	-0.0013521	-0.0011436	-0.0009330	-0.0007049	-0.0004631	-0.0001998	+0.0000782	+0.0003700	+0.0006733	+0.0009799	+0.0012815	+0.0015710	+0.0018451	+0.0021003	+0.0023373	+0.0025499	+0.0027371	+0.0029076	+0.0030730	+0.0032209
2014-05	-0.002	-0.0020839	-0.0018162	-0.0015404	-0.0012730	-0.0009977	-0.0007238	-0.0004148	-0.0000945	+0.0002154	+0.0005134	+0.0007951	+0.0010646	+0.0013195	+0.0015587	+0.0017777	+0.0019858	+0.0021725	+0.0023440	+0.0025013	+0.0026496	+0.0027875
2014-06	0.007	-0.0014251	-0.0013292	-0.0012303	-0.0011285	-0.0010180	-0.0009008	-0.0007751	-0.0006443	-0.0005077	-0.0003665	-0.0002227	-0.0000823	+0.0000502	+0.0001744	+0.0002875	+0.0003922	+0.0004871	+0.0005764	+0.0006595	+0.0007354	+0.0008051
2014-07	0.004	-0.0011253	-0.0010183	-0.0009086	-0.0007931	-0.0006674	-0.0005352	-0.0003942	-0.0002473	-0.0000919	+0.0000646	+0.0002204	+0.0003697	+0.0005106	+0.0006400	+0.0007559	+0.0008636	+0.0009612	+0.0010464	+0.0011232	+0.0011915	+0.0012562
2014-08	0.010	-0.0006392	-0.0005780	-0.0005129	-0.0004443	-0.0003739	-0.0002959	-0.0002144	-0.0001247	-0.0000326	+0.0000635	+0.0001602	+0.0002580	+0.0003515	+0.0004403	+0.0005235	+0.0006005	+0.0006720	+0.0007358	+0.0007953	+0.0008495	+0.0009025
2014-09	-0.012	-0.0008215	-0.0007479	-0.0006695	-0.0005799	-0.0004831	-0.0003820	-0.0002672	-0.0001458	-0.0000162	+0.0001189	+0.0002584	+0.0003965	+0.0005299	+0.0006570	+0.0007747	+0.0008840	+0.0009840	+0.0010775	+0.0011636	+0.0012408	+0.0013173
2014-10	0.011	-0.0014378	-0.0013225	-0.0011980	-0.0010560	-0.0009148	-0.0007580	-0.0005920	-0.0004130	-0.0002237	-0.0000265	+0.0001737	+0.0003713	+0.0005559	+0.0007309	+0.0008908	+0.0010342	+0.0011623	+0.0012810	+0.0013913	+0.0014894	+0.0015746
2014-11	0.032	-0.0020913	-0.0019910	-0.0018773	-0.0017505	-0.0016098	-0.0014554	-0.0012843	-0.0010935	-0.0008893	-0.0006695	-0.0004392	-0.0002057	+0.0000208	+0.0002415	+0.0004488	+0.0006419	+0.0008195	+0.0009931	+0.0011440	+0.0012908	+0.0014244
2014-12	-0.017	-0.0021447	-0.0018752	-0.0015939	-0.0012867	-0.0009606	-0.0006120	-0.0002544	+0.0001137	+0.0005000	+0.0008952	+0.0012845	+0.0016636	+0.0020204	+0.0023591	+0.0026652	+0.0029380	+0.0031863	+0.0034089	+0.0036107	+0.0037932	+0.0039533
2015-01	-0.042	-0.0027027	-0.0025173	-0.0023204	-0.0021088	-0.0018787	-0.0016324	-0.0013618	-0.0010730	-0.0007647	-0.0004434	-0.0001163	+0.0002076	+0.0005220	+0.0008204	+0.0010924	+0.0013478	+0.0015737	+0.0017899	+0.0019947	+0.0021790	+0.0023487
2015-02	-0.001	-0.0037180	-0.0035737	-0.0034287	-0.0032554	-0.0030654	-0.0028559	-0.0026256	-0.0023779	-0.0021038	-0.0018181	-0.0015142	-0.0012043	-0.0008914	-0.0005832	-0.0002860	+0.0000088	+0.0002831	+0.0005480	+0.0008112	+0.0010636	+0.0012941
