2011-03	0.042	-0.0014010	-0.0012772	-0.0011498	-0.0010149	-0.0008621	-0.0007002	-0.0005230	-0.0003356	-0.0001350	+0.0000755	+0.0002908	+0.0005044	+0.0007086	+0.0008995	+0.0010754	+0.0012343	+0.0013810	+0.0015151	+0.0016345	+0.0017506	+0.0018469
2011-04	0.042	-0.0031531	-0.0028372	-0.0025089	-0.0021693	-0.0018191	-0.0014514	-0.0010594	-0.0006482	-0.0002303	+0.0001903	+0.0006300	+0.0010925	+0.0015621	+0.0020180	+0.0024680	+0.0029033	+0.0033095	+0.0036851	+0.0040393	+0.0043870	+0.0047019
2011-05	-0.013	-0.0035372	-0.0031324	-0.0027141	-0.0022735	-0.0017959	-0.0012796	-0.0007366	-0.0001546	+0.0004596	+0.0011014	+0.0017554	+0.0024044	+0.0030308	+0.0036358	+0.0041975	+0.0047208	+0.0051957	+0.0056340	+0.0060508	+0.0064327	+0.0067815
2011-06	-0.002	-0.0027100	-0.0025111	-0.0022991	-0.0020709	-0.0018270	-0.0015673	-0.0012924	-0.0009951	-0.0006842	-0.0003562	-0.0000227	+0.0003103	+0.0006301	+0.0009337	+0.0012183	+0.0014872	+0.0017356	+0.0019606	+0.0021712	+0.0023703	+0.0025573
2011-07	0.002	-0.0016867	-0.0015385	-0.0013915	-0.0012346	-0.0010711	-0.0008996	-0.0007126	-0.0005151	-0.0003114	-0.0000968	+0.0001183	+0.0003316	+0.0005378	+0.0007337	+0.0009148	+0.0010855	+0.0012467	+0.0013984	+0.0015380	+0.0016719	+0.0018088
2011-08	-0.022	-0.0016580	-0.0015062	-0.0013582	-0.0011916	-0.0010210	-0.0008381	-0.0006403	-0.0004328	-0.0002129	+0.0000116	+0.0002396	+0.0004656	+0.0006868	+0.0008929	+0.0010788	+0.0012498	+0.0014072	+0.0015494	+0.0016812	+0.0018018	+0.0019174
2011-09	-0.071	-0.0051704	-0.0048074	-0.0044396	-0.0040406	-0.0036137	-0.0031642	-0.0026993	-0.0022077	-0.0017083	-0.0011949	-0.0006906	-0.0002105	+0.0002330	+0.0006297	+0.0009895	+0.0012977	+0.0015775	+0.0018250	+0.0020452	+0.0022528	+0.0024456
2011-10	0.081	-0.0071756	-0.0068125	-0.0064355	-0.0060275	-0.0055637	-0.0050936	-0.0045672	-0.0040060	-0.0034092	-0.0027843	-0.0021373	-0.0014944	-0.0008474	-0.0002292	+0.0003595	+0.0009147	+0.0014442	+0.0019697	+0.0024388	+0.0028773	+0.0033431
2011-11	-0.043	-0.0060841	-0.0057257	-0.0053315	-0.0048991	-0.0044204	-0.0039018	-0.0033253	-0.0026933	-0.0020093	-0.0012868	-0.0005285	+0.0002321	+0.0009711	+0.0016820	+0.0023473	+0.0029808	+0.0035650	+0.0041071	+0.0046133	+0.0050936	+0.0055553
2011-12	0.011	-0.0045799	-0.0042280	-0.0038478	-0.0034426	-0.0029964	-0.0025027	-0.0019619	-0.0013843	-0.0007556	-0.0000822	+0.0006163	+0.0013235	+0.0020153	+0.0026797	+0.0033050	+0.0038816	+0.0044233	+0.0049156	+0.0053770	+0.0058049	+0.0062237
2012-01	0.024	-0.0049220	-0.0046455	-0.0043319	-0.0039950	-0.0036167	-0.0032136	-0.0027712	-0.0022846	-0.0017571	-0.0011981	-0.0006169	-0.0000292	+0.0005403	+0.0010906	+0.0016075	+0.0020920	+0.0025541	+0.0029679	+0.0033769	+0.0037469	+0.0040928
2012-02	0.063	-0.0020634	-0.0018573	-0.0016198	-0.0013887	-0.0011325	-0.0008657	-0.0005768	-0.0002699	+0.0000504	+0.0003820	+0.0007158	+0.0010385	+0.0013409	+0.0016187	+0.0018711	+0.0020977	+0.0022948	+0.0024720	+0.0026295	+0.0027791	+0.0029180
2012-03	-0.010	-0.0018947	-0.0015412	-0.0007777	-0.0002980	-0.0000202	+0.0002530	+0.0005948	+0.0012570	+0.0018938	+0.0022045	+0.0024476	+0.0026627	+0.0028565	+0.0030332	+0.0031918	+0.0033367	+0.0034674	+0.0035900	+0.0037024	+0.0038046	+0.0038974
2012-04	-0.002	-0.0020613	-0.0017913	-0.0014945	-0.0011899	-0.0008630	-0.0005116	-0.0001568	+0.0002051	+0.0005767	+0.0009519	+0.0013189	+0.0016706	+0.0019951	+0.0022891	+0.0025558	+0.0027909	+0.0030035	+0.0031963	+0.0033658	+0.0035191	+0.0036570
2012-05	-0.062	-0.0021971	-0.0020528	-0.0019066	-0.0017449	-0.0015711	-0.0013785	-0.0011695	-0.0009421	-0.0007011	-0.0004449	-0.0001776	+0.0000898	+0.0003528	+0.0006024	+0.0008393	+0.0010584	+0.0012618	+0.0014523	+0.0016259	+0.0017884	+0.0019571
2012-06	0.038	-0.0036766	-0.0035527	-0.0034114	-0.0032548	-0.0030766	-0.0028863	-0.0026702	-0.0024351	-0.0021695	-0.0018767	-0.0015532	-0.0011895	-0.0007717	-0.0002944	+0.0001805	+0.0006079	+0.0009970	+0.0013956	+0.0018013	+0.0022468	+0.0026126
2012-07	0.025	-0.0025305	-0.0023748	-0.0021997	-0.0020032	-0.0017899	-0.0015501	-0.0012838	-0.0009908	-0.0006715	-0.0003322	+0.0000274	+0.0003888	+0.0007430	+0.0010794	+0.0013947	+0.0016862	+0.0019614	+0.0022168	+0.0024510	+0.0026674	+0.0028621
2012-08	-0.008	-0.0019186	-0.0016220	-0.0013102	-0.0009848	-0.0006621	-0.0003276	+0.0000201	+0.0003861	+0.0007402	+0.0010923	+0.0014268	+0.0017413	+0.0020323	+0.0022988	+0.0025342	+0.0027514	+0.0029520	+0.0031394	+0.0033107	+0.0034649	+0.0036154
2012-09	0.011	-0.0011627	-0.0010842	-0.0010026	-0.0009146	-0.0008168	-0.0007107	-0.0005945	-0.0004656	-0.0003259	-0.0001759	-0.0000198	+0.0001387	+0.0002955	+0.0004469	+0.0005898	+0.0007227	+0.0008517	+0.0009701	+0.0010837	+0.0011812	+0.0012745
2012-10	0.017	-0.0013556	-0.0012775	-0.0011905	-0.0010909	-0.0009828	-0.0008655	-0.0007338	-0.0005880	-0.0004342	-0.0002657	-0.0000893	+0.0000860	+0.0002580	+0.0004231	+0.0005755	+0.0007176	+0.0008511	+0.0009753	+0.0010850	+0.0011908	+0.0012909
2012-11	0.026	-0.0010056	-0.0008725	-0.0007232	-0.0005683	-0.0004036	-0.0002287	-0.0000425	+0.0001583	+0.0003647	+0.0005756	+0.0007876	+0.0009973	+0.0011960	+0.0013857	+0.0015583	+0.0017183	+0.0018640	+0.0020006	+0.0021331	+0.0022488	+0.0023521
2012-12	0.040	-0.0013508	-0.0010959	-0.0008569	-0.0006141	-0.0003503	-0.0000834	+0.0002029	+0.0005020	+0.0007937	+0.0010720	+0.0013329	+0.0015775	+0.0018091	+0.0020188	+0.0022153	+0.0023913	+0.0025517	+0.0027061	+0.0028439	+0.0029745	+0.0030924
2013-01	0.046	-0.0017228	-0.0014091	-0.0010711	-0.0007542	-0.0004499	-0.0001343	+0.0002173	+0.0005965	+0.0009495	+0.0012712	+0.0015560	+0.0018155	+0.0020589	+0.0022799	+0.0024804	+0.0026618	+0.0028258	+0.0029824	+0.0031222	+0.0032482	+0.0033561
2013-02	0.005	-0.0024301	-0.0019183	-0.0012513	-0.0008103	-0.0004143	+0.0000098	+0.0005445	+0.0012096	+0.0017810	+0.0022314	+0.0026248	+0.0029962	+0.0033435	+0.0036742	+0.0039739	+0.0042522	+0.0045125	+0.0047542	+0.0049819	+0.0051796	+0.0053655
2013-03	0.024	-0.0019307	-0.0017015	-0.0014530	-0.0011988	-0.0009225	-0.0006358	-0.0003424	-0.0000301	+0.0002896	+0.0006104	+0.0009260	+0.0012323	+0.0015253	+0.0017992	+0.0020507	+0.0022858	+0.0025050	+0.0027051	+0.0029029	+0.0030825	+0.0032543
2013-04	0.039	-0.0017524	-0.0016026	-0.0014390	-0.0012559	-0.0010624	-0.0008504	-0.0006230	-0.0003772	-0.0001133	+0.0001663	+0.0004580	+0.0007548	+0.0010413	+0.0013201	+0.0015822	+0.0018261	+0.0020516	+0.0022583	+0.0024511	+0.0026306	+0.0027902
2013-05	-0.028	-0.0031183	-0.0027286	-0.0023428	-0.0019372	-0.0015196	-0.0010658	-0.0005796	-0.0000621	+0.0004728	+0.0010322	+0.0016040	+0.0021715	+0.0027344	+0.0032754	+0.0037844	+0.0042728	+0.0047142	+0.0051325	+0.0055345	+0.0058947	+0.0062599
2013-06	-0.069	-0.0034570	-0.0032757	-0.0030842	-0.0028763	-0.0026385	-0.0023587	-0.0020349	-0.0016578	-0.0012161	-0.0007098	-0.0001816	+0.0003855	+0.0009607	+0.0015254	+0.0020792	+0.0026106	+0.0031075	+0.0035753	+0.0040165	+0.0044256	+0.0048495
2013-07	-0.009	-0.0059902	-0.0057829	-0.0055653	-0.0053345	-0.0050824	-0.0048117	-0.0045214	-0.0042064	-0.0038666	-0.0034952	-0.0030940	-0.0026497	-0.0021166	-0.0013784	-0.0005940	-0.0000274	+0.0004504	+0.0009282	+0.0015770	+0.0023695	+0.0029187
2013-08	-0.012	-0.0043365	-0.0040941	-0.0038127	-0.0035251	-0.0032098	-0.0028726	-0.0025215	-0.0021522	-0.0017637	-0.0013558	-0.0009416	-0.0005394	-0.0001566	+0.0001975	+0.0005316	+0.0008362	+0.0011182	+0.0013770	+0.0016151	+0.0018514	+0.0020671
2013-09	0.030	-0.0032606	-0.0030698	-0.0028674	-0.0026495	-0.0024126	-0.0021676	-0.0019007	-0.0016183	-0.0013235	-0.0010208	-0.0007158	-0.0004152	-0.0001276	+0.0001416	+0.0003904	+0.0006148	+0.0008127	+0.0009941	+0.0011507	+0.0013037	+0.0014349
2013-10	0.023	-0.0021948	-0.0019341	-0.0016519	-0.0013517	-0.0010462	-0.0007265	-0.0003956	-0.0000492	+0.0003050	+0.0006659	+0.0010189	+0.0013604	+0.0016845	+0.0019826	+0.0022638	+0.0025119	+0.0027418	+0.0029514	+0.0031450	+0.0033310	+0.0035061
2013-11	-0.007	-0.0022414	-0.0019810	-0.0017095	-0.0014210	-0.0011302	-0.0008264	-0.0005050	-0.0001729	+0.0001688	+0.0005058	+0.0008407	+0.0011655	+0.0014699	+0.0017526	+0.0020114	+0.0022438	+0.0024589	+0.0026571	+0.0028327	+0.0029946	+0.0031485
2013-12	0.006	-0.0013081	-0.0012159	-0.0011084	-0.0009940	-0.0008604	-0.0007144	-0.0005494	-0.0003644	-0.0001590	+0.0000613	+0.0002918	+0.0005240	+0.0007567	+0.0009828	+0.0011932	+0.0013903	+0.0015709	+0.0017421	+0.0018987	+0.0020485	+0.0021869
2014-01	-0.011	-0.0011380	-0.0010478	-0.0009470	-0.0008425	-0.0007288	-0.0006055	-0.0004700	-0.0003220	-0.0001631	+0.0000027	+0.0001731	+0.0003418	+0.0005039	+0.0006591	+0.0007998	+0.0009324	+0.0010571	+0.0011703	+0.0012751	+0.0013670	+0.0014569
2014-02	0.007	-0.0021420	-0.0020030	-0.0018592	-0.0016995	-0.0015286	-0.0013420	-0.0011522	-0.0009501	-0.0007391	-0.0005241	-0.0003073	-0.0000986	+0.0000977	+0.0002806	+0.0004516	+0.0006048	+0.0007422	+0.0008707	+0.0009862	+0.0010933	+0.0011994
2014-03	0.031	-0.0020991	-0.0019512	-0.0017921	-0.0016325	-0.0014609	-0.0012653	-0.0010655	-0.0008548	-0.0006296	-0.0003994	-0.0001628	+0.0000739	+0.0003018	+0.0005214	+0.0007292	+0.0009211	+0.0011004	+0.0012702	+0.0014238	+0.0015579	+0.0016997
2014-04	0.006	-0.0012462	-0.0010639	-0.0008886	-0.0006935	-0.0004903	-0.0002757	-0.0000480	+0.0001957	+0.0004452	+0.0007077	+0.0009691	+0.0012268	+0.0014720	+0.0017043	+0.0019196	+0.0021146	+0.0022904	+0.0024525	+0.0026000	+0.0027298	+0.0028565
2014-05	0.004	-0.0019875	-0.0017207	-0.0014325	-0.0011639	-0.0008976	-0.0006282	-0.0003228	+0.0000059	+0.0003144	+0.0006022	+0.0008642	+0.0011161	+0.0013508	+0.0015722	+0.0017720	+0.0019615	+0.0021346	+0.0022911	+0.0024328	+0.0025740	+0.0027045
2014-06	0.010	-0.0010696	-0.0009841	-0.0008942	-0.0007989	-0.0006972	-0.0005884	-0.0004727	-0.0003500	-0.0002241	-0.0000912	+0.0000417	+0.0001726	+0.0002987	+0.0004139	+0.0005203	+0.0006181	+0.0007053	+0.0007864	+0.0008590	+0.0009278	+0.0009929
2014-07	0.006	-0.0009698	-0.0008652	-0.0007452	-0.0006215	-0.0004958	-0.0003585	-0.0002189	-0.0000715	+0.0000836	+0.0002409	+0.0003940	+0.0005385	+0.0006740	+0.0007979	+0.0009059	+0.0010005	+0.0010817	+0.0011547	+0.0012191	+0.0012760	+0.0013277
2014-08	0.013	-0.0005692	-0.0004890	-0.0003981	-0.0003099	-0.0002146	-0.0001239	-0.0000283	+0.0000709	+0.0001727	+0.0002694	+0.0003567	+0.0004363	+0.0005095	+0.0005753	+0.0006354	+0.0006894	+0.0007388	+0.0007837	+0.0008259	+0.0008643	+0.0009005
2014-09	-0.017	-0.0006587	-0.0005828	-0.0005034	-0.0004171	-0.0003277	-0.0002287	-0.0001229	-0.0000073	+0.0001129	+0.0002394	+0.0003676	+0.0004932	+0.0006162	+0.0007315	+0.0008386	+0.0009377	+0.0010289	+0.0011123	+0.0011867	+0.0012606	+0.0013274
2014-10	0.014	-0.0014433	-0.0013282	-0.0012065	-0.0010698	-0.0009243	-0.0007726	-0.0006109	-0.0004400	-0.0002533	-0.0000568	+0.0001396	+0.0003328	+0.0005147	+0.0006856	+0.0008434	+0.0009842	+0.0011139	+0.0012343	+0.0013415	+0.0014361	+0.0015211
2014-11	0.037	-0.0019230	-0.0018273	-0.0017208	-0.0016032	-0.0014735	-0.0013321	-0.0011739	-0.0010001	-0.0008146	-0.0006120	-0.0003997	-0.0001822	+0.0000341	+0.0002372	+0.0004350	+0.0006218	+0.0007966	+0.0009570	+0.0011075	+0.0012475	+0.0013804
2014-12	-0.009	-0.0020748	-0.0017752	-0.0014673	-0.0011362	-0.0007960	-0.0004247	-0.0000544	+0.0003242	+0.0007093	+0.0010938	+0.0014693	+0.0018268	+0.0021659	+0.0024771	+0.0027681	+0.0030221	+0.0032536	+0.0034645	+0.0036596	+0.0038369	+0.0039866
2015-01	-0.033	-0.0021698	-0.0020010	-0.0018106	-0.0016139	-0.0014028	-0.0011683	-0.0009228	-0.0006579	-0.0003795	-0.0000866	+0.0002092	+0.0004999	+0.0007818	+0.0010468	+0.0012942	+0.0015148	+0.0017175	+0.0019144	+0.0020935	+0.0022625	+0.0024140
2015-02	0.004	-0.0032345	-0.0030963	-0.0029491	-0.0027900	-0.0026079	-0.0024091	-0.0021922	-0.0019580	-0.0017069	-0.0014463	-0.0011741	-0.0009005	-0.0006311	-0.0003735	-0.0001291	+0.0001048	+0.0003183	+0.0005247	+0.0007152	+0.0009088	+0.0010808
