2011-03	-0.056	-0.0047316	-0.0042452	-0.0037446	-0.0032170	-0.0026629	-0.0020848	-0.0014795	-0.0008379	-0.0001799	+0.0004907	+0.0011535	+0.0017726	+0.0023270	+0.0028244	+0.0032773	+0.0036729	+0.0040231	+0.0043216	+0.0045911	+0.0048355	+0.0050509
2011-04	-0.007	-0.0096111	-0.0093844	-0.0090638	-0.0086086	-0.0079587	-0.0071242	-0.0061306	-0.0049970	-0.0037218	-0.0024073	-0.0010636	+0.0002793	+0.0015570	+0.0027632	+0.0039447	+0.0052023	+0.0073047	+0.0100000	+0.0100000	+0.0100000	+0.0100000
2011-05	-0.011	-0.0096350	-0.0094407	-0.0091245	-0.0086826	-0.0080924	-0.0072914	-0.0063378	-0.0052313	-0.0040094	-0.0027205	-0.0013966	-0.0000827	+0.0011522	+0.0023599	+0.0036374	+0.0050979	+0.0079136	+0.0100000	+0.0100000	+0.0100000	+0.0100000
2011-06	0.006	-0.0039660	-0.0037391	-0.0034794	-0.0032069	-0.0028935	-0.0025606	-0.0021860	-0.0017668	-0.0013133	-0.0008254	-0.0003044	+0.0002188	+0.0007385	+0.0012266	+0.0016906	+0.0021148	+0.0025191	+0.0028962	+0.0032326	+0.0035380	+0.0038534
2011-07	0.010	-0.0035058	-0.0033320	-0.0031320	-0.0029117	-0.0026667	-0.0023879	-0.0020838	-0.0017396	-0.0013656	-0.0009611	-0.0005346	-0.0001023	+0.0003260	+0.0007313	+0.0011196	+0.0014808	+0.0018220	+0.0021379	+0.0024320	+0.0026971	+0.0029710
2011-08	-0.084	-0.0015903	-0.0013719	-0.0011407	-0.0008827	-0.0006113	-0.0003201	-0.0000050	+0.0003331	+0.0006889	+0.0010677	+0.0014529	+0.0018346	+0.0021996	+0.0025418	+0.0028591	+0.0031553	+0.0034282	+0.0036710	+0.0039087	+0.0041242	+0.0043255
2011-09	-0.024	-0.0093668	-0.0090657	-0.0086957	-0.0082313	-0.0076831	-0.0070492	-0.0063484	-0.0055788	-0.0047451	-0.0038575	-0.0029502	-0.0020169	-0.0010640	-0.0001251	+0.0008118	+0.0017459	+0.0026946	+0.0037009	+0.0048415	+0.0065659	+0.0100000
2011-10	-0.006	-0.0092528	-0.0089339	-0.0085311	-0.0080595	-0.0075072	-0.0068766	-0.0061961	-0.0054299	-0.0045903	-0.0036909	-0.0027269	-0.0017184	-0.0006746	+0.0003744	+0.0014138	+0.0024450	+0.0035004	+0.0046045	+0.0057993	+0.0073488	+0.0100000
2011-11	-0.044	-0.0042237	-0.0039288	-0.0036390	-0.0033324	-0.0029767	-0.0026054	-0.0021893	-0.0017503	-0.0012739	-0.0007692	-0.0002389	+0.0002823	+0.0007854	+0.0012681	+0.0017246	+0.0021483	+0.0025336	+0.0028850	+0.0032073	+0.0035117	+0.0038021
2011-12	-0.000	-0.0046815	-0.0044868	-0.0042555	-0.0039848	-0.0036946	-0.0033699	-0.0030214	-0.0026267	-0.0021948	-0.0017294	-0.0012413	-0.0007429	-0.0002413	+0.0002447	+0.0007029	+0.0011326	+0.0015421	+0.0019152	+0.0022553	+0.0025935	+0.0029236
2012-01	0.019	-0.0049002	-0.0046540	-0.0043871	-0.0040914	-0.0037606	-0.0034067	-0.0029957	-0.0025392	-0.0020427	-0.0015073	-0.0009384	-0.0003675	+0.0001989	+0.0007505	+0.0012842	+0.0017823	+0.0022690	+0.0027227	+0.0031527	+0.0035419	+0.0039077
2012-02	0.085	-0.0034991	-0.0032233	-0.0029255	-0.0026216	-0.0022991	-0.0019516	-0.0015639	-0.0011632	-0.0007345	-0.0002942	+0.0001447	+0.0005713	+0.0009764	+0.0013542	+0.0016967	+0.0020070	+0.0022896	+0.0025412	+0.0027642	+0.0029733	+0.0031545
2012-03	0.037	-0.0022350	-0.0017313	-0.0011621	-0.0006047	-0.0000739	+0.0004326	+0.0009776	+0.0015744	+0.0022056	+0.0027550	+0.0032192	+0.0036128	+0.0039545	+0.0042604	+0.0045257	+0.0047588	+0.0049593	+0.0051334	+0.0052897	+0.0054241	+0.0055361
2012-04	-0.042	-0.0027107	-0.0022268	-0.0016439	-0.0010438	-0.0004991	+0.0000298	+0.0005851	+0.0012386	+0.0019234	+0.0025049	+0.0029879	+0.0034128	+0.0037924	+0.0041361	+0.0044453	+0.0047226	+0.0049735	+0.0052083	+0.0054232	+0.0056164	+0.0058020
2012-05	-0.111	-0.0043727	-0.0040122	-0.0036427	-0.0032603	-0.0028421	-0.0023860	-0.0019040	-0.0013934	-0.0008586	-0.0003009	+0.0002717	+0.0008236	+0.0013575	+0.0018451	+0.0022927	+0.0027095	+0.0030872	+0.0034257	+0.0037429	+0.0040288	+0.0042929
2012-06	0.056	-0.0081324	-0.0078865	-0.0076252	-0.0073346	-0.0070030	-0.0066310	-0.0062181	-0.0057585	-0.0052478	-0.0046889	-0.0040620	-0.0033534	-0.0024780	-0.0013436	-0.0002248	+0.0006529	+0.0014540	+0.0022486	+0.0032225	+0.0043375	+0.0051330
2012-07	-0.022	-0.0059666	-0.0056316	-0.0052699	-0.0048844	-0.0044510	-0.0039803	-0.0034745	-0.0029281	-0.0023358	-0.0016993	-0.0010453	-0.0003873	+0.0002522	+0.0008600	+0.0014383	+0.0019770	+0.0024784	+0.0029330	+0.0033894	+0.0037927	+0.0041513
2012-08	-0.003	-0.0037802	-0.0034740	-0.0031376	-0.0027749	-0.0023802	-0.0019542	-0.0014818	-0.0009700	-0.0004239	+0.0001546	+0.0007483	+0.0013384	+0.0019106	+0.0024580	+0.0029710	+0.0034378	+0.0038615	+0.0042355	+0.0045914	+0.0049179	+0.0052028
2012-09	0.020	-0.0043168	-0.0040573	-0.0037695	-0.0034646	-0.0031345	-0.0027721	-0.0023729	-0.0019475	-0.0014908	-0.0010090	-0.0005157	-0.0000231	+0.0004499	+0.0009018	+0.0013211	+0.0017004	+0.0020470	+0.0023772	+0.0026618	+0.0029451	+0.0031885
2012-10	0.005	-0.0030971	-0.0028094	-0.0025258	-0.0022245	-0.0019145	-0.0015732	-0.0011976	-0.0007898	-0.0003646	+0.0000916	+0.0005511	+0.0010143	+0.0014616	+0.0018865	+0.0022815	+0.0026470	+0.0029754	+0.0032880	+0.0035688	+0.0038226	+0.0040611
2012-11	0.036	-0.0025494	-0.0023403	-0.0021132	-0.0018650	-0.0015936	-0.0012841	-0.0009538	-0.0005957	-0.0001978	+0.0002321	+0.0006754	+0.0011324	+0.0015794	+0.0020143	+0.0024197	+0.0028087	+0.0031708	+0.0034991	+0.0038064	+0.0041165	+0.0044069
2012-12	0.079	-0.0026564	-0.0023861	-0.0020972	-0.0017888	-0.0014479	-0.0010817	-0.0006868	-0.0002722	+0.0001698	+0.0006318	+0.0011158	+0.0015877	+0.0020459	+0.0024765	+0.0028871	+0.0032604	+0.0036052	+0.0039165	+0.0042131	+0.0044919	+0.0047448
2013-01	0.096	-0.0034848	-0.0028893	-0.0023203	-0.0017329	-0.0011040	-0.0004687	+0.0001986	+0.0008730	+0.0015683	+0.0022590	+0.0029373	+0.0035653	+0.0041488	+0.0046837	+0.0051640	+0.0055873	+0.0059738	+0.0063306	+0.0066470	+0.0069474	+0.0072190
2013-02	0.038	-0.0040186	-0.0031940	-0.0019405	-0.0009686	-0.0002354	+0.0004599	+0.0012917	+0.0025107	+0.0037742	+0.0045973	+0.0052512	+0.0058264	+0.0063417	+0.0068063	+0.0072260	+0.0075938	+0.0079241	+0.0082230	+0.0084962	+0.0087390	+0.0089740
2013-03	0.101	-0.0029233	-0.0024178	-0.0019085	-0.0013536	-0.0008013	-0.0002095	+0.0004251	+0.0010779	+0.0017249	+0.0023605	+0.0029741	+0.0035490	+0.0040814	+0.0045809	+0.0050344	+0.0054497	+0.0058246	+0.0061551	+0.0064726	+0.0067745	+0.0070487
2013-04	0.146	-0.0043347	-0.0036159	-0.0028310	-0.0021015	-0.0013343	-0.0005189	+0.0003531	+0.0012434	+0.0021226	+0.0029455	+0.0037043	+0.0044229	+0.0050889	+0.0057065	+0.0062734	+0.0067911	+0.0072660	+0.0077110	+0.0081275	+0.0084919	+0.0088304
2013-05	-0.022	-0.0063963	-0.0050796	-0.0039426	-0.0029152	-0.0018583	-0.0006311	+0.0008661	+0.0023949	+0.0037587	+0.0049998	+0.0061829	+0.0073243	+0.0084196	+0.0094607	+0.0100000	+0.0100000	+0.0100000	+0.0100000	+0.0100000	+0.0100000	+0.0100000
2013-06	-0.003	-0.0085260	-0.0079426	-0.0071574	-0.0062052	-0.0051078	-0.0038962	-0.0025959	-0.0011607	+0.0003426	+0.0018821	+0.0034159	+0.0049179	+0.0063167	+0.0076579	+0.0089053	+0.0100000	+0.0100000	+0.0100000	+0.0100000	+0.0100000	+0.0100000
2013-07	0.017	-0.0095389	-0.0093016	-0.0089490	-0.0084687	-0.0078573	-0.0071385	-0.0062807	-0.0053192	-0.0042480	-0.0031116	-0.0019335	-0.0007537	+0.0004209	+0.0015423	+0.0026184	+0.0036868	+0.0048357	+0.0062719	+0.0100000	+0.0100000	+0.0100000
2013-08	-0.028	-0.0064733	-0.0058142	-0.0051092	-0.0043921	-0.0035958	-0.0027442	-0.0018481	-0.0009248	+0.0000427	+0.0010361	+0.0020505	+0.0030307	+0.0039890	+0.0048912	+0.0057096	+0.0064705	+0.0071881	+0.0078481	+0.0084578	+0.0090266	+0.0095950
2013-09	0.099	-0.0067752	-0.0063512	-0.0059018	-0.0054139	-0.0049123	-0.0043630	-0.0037714	-0.0031504	-0.0024894	-0.0018041	-0.0011171	-0.0004435	+0.0002039	+0.0008115	+0.0013630	+0.0018694	+0.0023354	+0.0027566	+0.0031488	+0.0035047	+0.0038512
2013-10	0.023	-0.0044241	-0.0039808	-0.0035152	-0.0030056	-0.0024733	-0.0018918	-0.0012851	-0.0006383	+0.0000545	+0.0007666	+0.0014888	+0.0022043	+0.0028920	+0.0035385	+0.0041342	+0.0046952	+0.0051953	+0.0056530	+0.0060742	+0.0064595	+0.0067961
2013-11	0.056	-0.0053164	-0.0046858	-0.0040042	-0.0032860	-0.0025791	-0.0018199	-0.0010088	-0.0001882	+0.0006622	+0.0015027	+0.0023264	+0.0031014	+0.0038308	+0.0044944	+0.0050771	+0.0055953	+0.0060654	+0.0064682	+0.0068367	+0.0071543	+0.0074476
2013-12	0.031	-0.0020039	-0.0016339	-0.0012249	-0.0008015	-0.0003654	+0.0001104	+0.0006205	+0.0011506	+0.0017022	+0.0022633	+0.0028170	+0.0033573	+0.0038729	+0.0043492	+0.0047914	+0.0052000	+0.0055603	+0.0058956	+0.0062089	+0.0064980	+0.0067579
2014-01	-0.062	-0.0024850	-0.0021122	-0.0016946	-0.0012720	-0.0008186	-0.0003390	+0.0001577	+0.0006819	+0.0012170	+0.0017670	+0.0023123	+0.0028523	+0.0033619	+0.0038431	+0.0042850	+0.0046908	+0.0050449	+0.0053681	+0.0056833	+0.0059687	+0.0062429
2014-02	-0.039	-0.0057704	-0.0053615	-0.0049053	-0.0044101	-0.0039205	-0.0033770	-0.0028104	-0.0022099	-0.0015684	-0.0009081	-0.0002430	+0.0004022	+0.0010141	+0.0015882	+0.0021230	+0.0025866	+0.0030184	+0.0033959	+0.0037517	+0.0040791	+0.0043712
2014-03	-0.026	-0.0091261	-0.0087772	-0.0083394	-0.0078277	-0.0072363	-0.0065978	-0.0058962	-0.0051321	-0.0043009	-0.0034278	-0.0025310	-0.0016385	-0.0007540	+0.0000913	+0.0008867	+0.0016343	+0.0023397	+0.0030119	+0.0036984	+0.0044804	+0.0055946
2014-04	-0.043	-0.0075309	-0.0070935	-0.0066392	-0.0061064	-0.0055270	-0.0049281	-0.0042559	-0.0035394	-0.0027838	-0.0019991	-0.0011951	-0.0003938	+0.0003864	+0.0011236	+0.0018158	+0.0024570	+0.0030470	+0.0035910	+0.0041068	+0.0045887	+0.0050362
2014-05	0.035	-0.0088408	-0.0084494	-0.0079568	-0.0074181	-0.0068131	-0.0061205	-0.0053779	-0.0045599	-0.0036904	-0.0027559	-0.0018184	-0.0008708	+0.0000536	+0.0009199	+0.0017336	+0.0024983	+0.0032020	+0.0038654	+0.0045148	+0.0051248	+0.0057896
2014-06	0.056	-0.0067918	-0.0063200	-0.0057887	-0.0052256	-0.0046449	-0.0040281	-0.0033819	-0.0026969	-0.0019772	-0.0012184	-0.0004572	+0.0002815	+0.0009811	+0.0016370	+0.0022430	+0.0027940	+0.0032932	+0.0037512	+0.0041762	+0.0045722	+0.0049130
2014-07	0.030	-0.0026349	-0.0022087	-0.0017869	-0.0013253	-0.0008280	-0.0003187	+0.0002230	+0.0007732	+0.0013375	+0.0019232	+0.0025033	+0.0030595	+0.0035917	+0.0040817	+0.0045348	+0.0049413	+0.0053266	+0.0056585	+0.0059855	+0.0062901	+0.0065565
2014-08	-0.026	-0.0018226	-0.0015500	-0.0012723	-0.0009804	-0.0006737	-0.0003571	-0.0000242	+0.0003141	+0.0006593	+0.0010047	+0.0013398	+0.0016586	+0.0019550	+0.0022263	+0.0024727	+0.0026944	+0.0028934	+0.0030779	+0.0032482	+0.0033984	+0.0035452
2014-09	0.049	-0.0038984	-0.0035802	-0.0032690	-0.0029471	-0.0025834	-0.0022126	-0.0018265	-0.0014137	-0.0009862	-0.0005501	-0.0001260	+0.0002810	+0.0006626	+0.0010107	+0.0013258	+0.0016093	+0.0018591	+0.0020818	+0.0022783	+0.0024487	+0.0026177
2014-10	-0.012	-0.0013073	-0.0010696	-0.0008306	-0.0005769	-0.0003074	-0.0000199	+0.0002830	+0.0005966	+0.0009277	+0.0012660	+0.0016025	+0.0019301	+0.0022405	+0.0025291	+0.0027950	+0.0030390	+0.0032624	+0.0034780	+0.0036715	+0.0038484	+0.0040181
2014-11	0.056	-0.0069055	-0.0064218	-0.0059111	-0.0053621	-0.0047582	-0.0040957	-0.0034075	-0.0026736	-0.0019044	-0.0010968	-0.0002768	+0.0005294	+0.0013014	+0.0020288	+0.0026944	+0.0032955	+0.0038278	+0.0043100	+0.0047401	+0.0051602	+0.0055558
2014-12	0.006	-0.0061665	-0.0055535	-0.0049013	-0.0042125	-0.0034629	-0.0026621	-0.0018073	-0.0008902	+0.0000768	+0.0010839	+0.0021041	+0.0030933	+0.0040342	+0.0049204	+0.0057397	+0.0064621	+0.0071224	+0.0077227	+0.0082653	+0.0087504	+0.0091685
2015-01	0.003	-0.0037079	-0.0032773	-0.0028153	-0.0023486	-0.0018563	-0.0013267	-0.0007624	-0.0001590	+0.0004515	+0.0010957	+0.0017420	+0.0023689	+0.0029606	+0.0035152	+0.0040087	+0.0044541	+0.0048607	+0.0052255	+0.0055581	+0.0058721	+0.0061516
2015-02	-0.015	-0.0053164	-0.0049452	-0.0045496	-0.0041214	-0.0036579	-0.0031803	-0.0026558	-0.0020947	-0.0014788	-0.0008349	-0.0001812	+0.0004736	+0.0011074	+0.0017182	+0.0022962	+0.0028165	+0.0033062	+0.0037520	+0.0041683	+0.0045642	+0.0049629
