2013-05	0.010	-0.0055894	-0.0051237	-0.0046332	-0.0041457	-0.0035906	-0.0029680	-0.0022761	-0.0015234	-0.0006894	+0.0001727	+0.0010884	+0.0020021	+0.0028636	+0.0037413	+0.0045344	+0.0052361	+0.0059503	+0.0065688	+0.0071160	+0.0076208	+0.0081081
2013-06	-0.145	-0.0036369	-0.0033010	-0.0029473	-0.0025648	-0.0021587	-0.0017161	-0.0012423	-0.0007360	-0.0002046	+0.0003473	+0.0009005	+0.0014521	+0.0019877	+0.0024938	+0.0029545	+0.0033859	+0.0037830	+0.0041524	+0.0044954	+0.0048192	+0.0051184
2013-07	0.006	-0.0098733	-0.0098030	-0.0096888	-0.0095115	-0.0092445	-0.0088895	-0.0083949	-0.0077583	-0.0069777	-0.0060493	-0.0049700	-0.0036975	-0.0022299	-0.0004273	+0.0019413	+0.0100000	+0.0100000	+0.0100000	+0.0100000	+0.0100000	+0.0100000
2013-08	-0.049	-0.0092209	-0.0088755	-0.0084178	-0.0079009	-0.0072964	-0.0066024	-0.0058079	-0.0049422	-0.0039918	-0.0030026	-0.0019913	-0.0009666	+0.0000348	+0.0010070	+0.0019118	+0.0027664	+0.0035659	+0.0043380	+0.0051926	+0.0062699	+0.0100000
2013-09	0.088	-0.0058722	-0.0054900	-0.0050921	-0.0046592	-0.0041782	-0.0036854	-0.0031525	-0.0025731	-0.0019508	-0.0012891	-0.0006216	+0.0000561	+0.0007193	+0.0013650	+0.0019638	+0.0025227	+0.0030611	+0.0035337	+0.0039814	+0.0044002	+0.0047946
2013-10	0.048	-0.0050696	-0.0045581	-0.0040369	-0.0034542	-0.0028329	-0.0021749	-0.0014736	-0.0007207	+0.0000667	+0.0008942	+0.0017322	+0.0025593	+0.0033534	+0.0040944	+0.0047888	+0.0054180	+0.0059856	+0.0064898	+0.0069639	+0.0074184	+0.0078287
2013-11	-0.041	-0.0044605	-0.0037535	-0.0030379	-0.0022823	-0.0015612	-0.0007904	+0.0000286	+0.0009013	+0.0017528	+0.0025393	+0.0032859	+0.0040020	+0.0046712	+0.0052927	+0.0058576	+0.0063861	+0.0068649	+0.0073105	+0.0077290	+0.0081161	+0.0084660
2013-12	-0.017	-0.0051217	-0.0047215	-0.0043023	-0.0038718	-0.0034036	-0.0029000	-0.0023568	-0.0017875	-0.0011829	-0.0005610	+0.0000703	+0.0006938	+0.0012955	+0.0018583	+0.0023837	+0.0028622	+0.0032959	+0.0036955	+0.0040593	+0.0044026	+0.0047050
2014-01	-0.090	-0.0053526	-0.0050270	-0.0046770	-0.0043141	-0.0039188	-0.0034980	-0.0030399	-0.0025500	-0.0020413	-0.0015039	-0.0009484	-0.0003807	+0.0001836	+0.0007399	+0.0012820	+0.0017904	+0.0022731	+0.0027259	+0.0031578	+0.0035688	+0.0039633
2014-02	0.012	-0.0074540	-0.0070744	-0.0066785	-0.0062657	-0.0058185	-0.0053455	-0.0048250	-0.0042643	-0.0036733	-0.0030486	-0.0024055	-0.0017537	-0.0011189	-0.0005085	+0.0000742	+0.0006488	+0.0011978	+0.0017175	+0.0022248	+0.0026934	+0.0031344
2014-03	0.065	-0.0078381	-0.0074485	-0.0070358	-0.0065780	-0.0060769	-0.0055631	-0.0049743	-0.0043538	-0.0036750	-0.0029590	-0.0022025	-0.0014395	-0.0006527	+0.0001505	+0.0009650	+0.0017653	+0.0025222	+0.0032121	+0.0038979	+0.0045472	+0.0051950
2014-04	0.016	-0.0031108	-0.0027702	-0.0024005	-0.0020074	-0.0015752	-0.0011047	-0.0006024	-0.0000445	+0.0005514	+0.0011852	+0.0018493	+0.0025212	+0.0031879	+0.0038296	+0.0044330	+0.0049981	+0.0055187	+0.0060003	+0.0064627	+0.0068762	+0.0072805
2014-05	0.021	-0.0039409	-0.0034364	-0.0028852	-0.0023065	-0.0016991	-0.0010827	-0.0004262	+0.0002651	+0.0009858	+0.0017292	+0.0024806	+0.0032154	+0.0039315	+0.0045939	+0.0052162	+0.0057898	+0.0063127	+0.0068151	+0.0072878	+0.0077011	+0.0080929
2014-06	0.034	-0.0021795	-0.0020073	-0.0018148	-0.0016079	-0.0013844	-0.0011462	-0.0008863	-0.0006028	-0.0003007	+0.0000229	+0.0003533	+0.0006885	+0.0010119	+0.0013198	+0.0016141	+0.0018930	+0.0021527	+0.0023856	+0.0026193	+0.0028314	+0.0030355
2014-07	0.026	-0.0027363	-0.0024579	-0.0021784	-0.0018886	-0.0015743	-0.0012459	-0.0008856	-0.0004794	-0.0000403	+0.0004246	+0.0009031	+0.0013914	+0.0018806	+0.0023627	+0.0028102	+0.0032389	+0.0036371	+0.0040099	+0.0043429	+0.0046642	+0.0049828
2014-08	0.032	-0.0030512	-0.0025308	-0.0020091	-0.0015564	-0.0011001	-0.0005723	+0.0000022	+0.0005811	+0.0011175	+0.0016289	+0.0021019	+0.0025601	+0.0029986	+0.0034071	+0.0037923	+0.0041515	+0.0044965	+0.0048021	+0.0050936	+0.0053534	+0.0056106
2014-09	-0.092	-0.0034925	-0.0031198	-0.0027335	-0.0023285	-0.0018955	-0.0014262	-0.0009186	-0.0003770	+0.0001957	+0.0007855	+0.0013800	+0.0019674	+0.0025216	+0.0030365	+0.0035071	+0.0039363	+0.0043217	+0.0046652	+0.0049910	+0.0052864	+0.0055566
2014-10	-0.006	-0.0061198	-0.0057190	-0.0052860	-0.0048138	-0.0043035	-0.0037555	-0.0031676	-0.0025248	-0.0018282	-0.0011003	-0.0003598	+0.0003798	+0.0010934	+0.0017601	+0.0023739	+0.0029486	+0.0034735	+0.0039429	+0.0043818	+0.0047932	+0.0051622
2014-11	0.047	-0.0097097	-0.0095592	-0.0093546	-0.0090661	-0.0086923	-0.0082212	-0.0076741	-0.0070208	-0.0062710	-0.0054122	-0.0044372	-0.0033438	-0.0021264	-0.0008595	+0.0004041	+0.0017003	+0.0031443	+0.0048059	+0.0076208	+0.0100000	+0.0100000
2014-12	-0.060	-0.0076391	-0.0071127	-0.0065113	-0.0058279	-0.0050996	-0.0042563	-0.0033559	-0.0023915	-0.0013588	-0.0002651	+0.0008692	+0.0020056	+0.0031016	+0.0041684	+0.0051497	+0.0060602	+0.0068916	+0.0076780	+0.0083914	+0.0090314	+0.0096409
2015-01	-0.026	-0.0089077	-0.0084937	-0.0079947	-0.0074049	-0.0067171	-0.0059490	-0.0050571	-0.0040809	-0.0030271	-0.0018973	-0.0007084	+0.0004960	+0.0016617	+0.0027856	+0.0038665	+0.0048940	+0.0058650	+0.0067925	+0.0076902	+0.0086724	+0.0098205
2015-02	-0.018	-0.0085907	-0.0081461	-0.0076324	-0.0070588	-0.0064207	-0.0056999	-0.0049325	-0.0040977	-0.0031992	-0.0022624	-0.0012926	-0.0003258	+0.0006387	+0.0015477	+0.0024107	+0.0032152	+0.0039695	+0.0047196	+0.0054114	+0.0060984	+0.0068458
