2011-03	0.033	-0.0021045	-0.0017760	-0.0014425	-0.0011148	-0.0007978	-0.0004689	-0.0001047	+0.0002896	+0.0006783	+0.0010317	+0.0013448	+0.0016293	+0.0018908	+0.0021320	+0.0023518	+0.0025525	+0.0027363	+0.0029027	+0.0030489	+0.0032007	+0.0033323
2011-04	0.055	-0.0044970	-0.0040674	-0.0036025	-0.0031126	-0.0026325	-0.0021179	-0.0015852	-0.0010131	-0.0004187	+0.0002050	+0.0008207	+0.0014297	+0.0020249	+0.0025937	+0.0031334	+0.0036494	+0.0041113	+0.0045599	+0.0049904	+0.0053991	+0.0057775
2011-05	-0.026	-0.0046910	-0.0042305	-0.0037031	-0.0031492	-0.0025544	-0.0019190	-0.0012383	-0.0005097	+0.0002553	+0.0010526	+0.0018588	+0.0026662	+0.0034359	+0.0041715	+0.0048346	+0.0054442	+0.0060054	+0.0065271	+0.0069966	+0.0074395	+0.0078236
2011-06	-0.016	-0.0032918	-0.0030687	-0.0028275	-0.0025629	-0.0022773	-0.0019771	-0.0016501	-0.0012941	-0.0009087	-0.0004975	-0.0000718	+0.0003609	+0.0007900	+0.0012057	+0.0016099	+0.0019906	+0.0023469	+0.0026999	+0.0030174	+0.0033156	+0.0035986
2011-07	0.011	-0.0029226	-0.0027723	-0.0026225	-0.0024566	-0.0022843	-0.0020956	-0.0018913	-0.0016764	-0.0014473	-0.0012028	-0.0009429	-0.0006644	-0.0003640	-0.0000476	+0.0002762	+0.0005833	+0.0008680	+0.0011382	+0.0014121	+0.0017059	+0.0019781
2011-08	-0.087	-0.0033005	-0.0030816	-0.0028457	-0.0025823	-0.0023042	-0.0019998	-0.0016749	-0.0013279	-0.0009481	-0.0005473	-0.0001335	+0.0002833	+0.0006919	+0.0010776	+0.0014394	+0.0017727	+0.0020759	+0.0023606	+0.0026238	+0.0028655	+0.0030889
2011-09	-0.088	-0.0092510	-0.0089029	-0.0084839	-0.0079622	-0.0073952	-0.0067372	-0.0060076	-0.0052436	-0.0044140	-0.0035491	-0.0026465	-0.0017649	-0.0009187	-0.0000991	+0.0006878	+0.0014380	+0.0022102	+0.0029854	+0.0038301	+0.0048907	+0.0100000
2011-10	0.102	-0.0095757	-0.0093531	-0.0090576	-0.0086603	-0.0081796	-0.0075890	-0.0069161	-0.0061513	-0.0053221	-0.0044266	-0.0034701	-0.0025099	-0.0015419	-0.0005766	+0.0003717	+0.0013519	+0.0024080	+0.0036590	+0.0063368	+0.0100000	+0.0100000
2011-11	-0.060	-0.0084442	-0.0079315	-0.0074057	-0.0068234	-0.0061503	-0.0054205	-0.0046010	-0.0036875	-0.0026876	-0.0016278	-0.0005071	+0.0006346	+0.0017517	+0.0028237	+0.0038263	+0.0047742	+0.0056492	+0.0064685	+0.0072788	+0.0080331	+0.0087502
2011-12	0.031	-0.0054353	-0.0049909	-0.0044638	-0.0039177	-0.0032945	-0.0026249	-0.0019004	-0.0010844	-0.0001909	+0.0007457	+0.0017314	+0.0027412	+0.0037187	+0.0046682	+0.0055609	+0.0064002	+0.0071754	+0.0078757	+0.0085184	+0.0091086	+0.0096849
2012-01	0.048	-0.0057106	-0.0053761	-0.0050243	-0.0046398	-0.0042041	-0.0037121	-0.0031761	-0.0025852	-0.0019348	-0.0012406	-0.0005214	+0.0002090	+0.0009312	+0.0016311	+0.0022830	+0.0029058	+0.0034784	+0.0040317	+0.0045293	+0.0049809	+0.0054027
2012-02	0.082	-0.0023553	-0.0020280	-0.0016942	-0.0013413	-0.0009666	-0.0005777	-0.0001621	+0.0002723	+0.0007278	+0.0011929	+0.0016554	+0.0021023	+0.0025190	+0.0029038	+0.0032532	+0.0035656	+0.0038514	+0.0041076	+0.0043377	+0.0045454	+0.0047288
2012-03	-0.012	-0.0028972	-0.0024565	-0.0010691	-0.0004293	-0.0000731	+0.0002866	+0.0007364	+0.0018192	+0.0027875	+0.0031773	+0.0034946	+0.0037804	+0.0040440	+0.0042828	+0.0045011	+0.0046987	+0.0048800	+0.0050496	+0.0052073	+0.0053601	+0.0054985
2012-04	-0.005	-0.0027649	-0.0024020	-0.0020021	-0.0015930	-0.0011553	-0.0007008	-0.0002181	+0.0002731	+0.0007732	+0.0012736	+0.0017625	+0.0022254	+0.0026534	+0.0030468	+0.0033950	+0.0037049	+0.0039824	+0.0042230	+0.0044430	+0.0046421	+0.0048240
2012-05	-0.077	-0.0029895	-0.0028355	-0.0026604	-0.0024679	-0.0022592	-0.0020218	-0.0017679	-0.0014876	-0.0011806	-0.0008489	-0.0005002	-0.0001454	+0.0002053	+0.0005470	+0.0008720	+0.0011775	+0.0014597	+0.0017258	+0.0019732	+0.0022046	+0.0024315
2012-06	0.038	-0.0051160	-0.0049351	-0.0047346	-0.0045286	-0.0042804	-0.0040214	-0.0037416	-0.0034298	-0.0030903	-0.0027175	-0.0023138	-0.0018717	-0.0013690	-0.0008027	-0.0002067	+0.0003250	+0.0007954	+0.0012519	+0.0017363	+0.0022797	+0.0027742
2012-07	0.047	-0.0044548	-0.0042022	-0.0039185	-0.0036128	-0.0032713	-0.0028931	-0.0024845	-0.0020422	-0.0015626	-0.0010461	-0.0005095	+0.0000230	+0.0005511	+0.0010515	+0.0015276	+0.0019642	+0.0023690	+0.0027499	+0.0031019	+0.0034105	+0.0037416
2012-08	0.004	-0.0022233	-0.0018058	-0.0013768	-0.0009626	-0.0005445	-0.0000991	+0.0003603	+0.0008329	+0.0013046	+0.0017583	+0.0021889	+0.0026011	+0.0029829	+0.0033336	+0.0036522	+0.0039455	+0.0042169	+0.0044708	+0.0047124	+0.0049415	+0.0051452
2012-09	0.011	-0.0017073	-0.0015249	-0.0013432	-0.0011446	-0.0009335	-0.0007035	-0.0004669	-0.0002139	+0.0000550	+0.0003401	+0.0006317	+0.0009245	+0.0012025	+0.0014694	+0.0017226	+0.0019511	+0.0021736	+0.0023718	+0.0025536	+0.0027179	+0.0028830
2012-10	0.027	-0.0019785	-0.0018290	-0.0016704	-0.0014892	-0.0012982	-0.0010881	-0.0008541	-0.0006025	-0.0003270	-0.0000409	+0.0002571	+0.0005559	+0.0008450	+0.0011178	+0.0013728	+0.0016054	+0.0018292	+0.0020171	+0.0021990	+0.0023661	+0.0025319
2012-11	0.040	-0.0016104	-0.0014134	-0.0011895	-0.0009567	-0.0007052	-0.0004279	-0.0001401	+0.0001651	+0.0004932	+0.0008300	+0.0011688	+0.0015047	+0.0018291	+0.0021295	+0.0024054	+0.0026585	+0.0028890	+0.0030990	+0.0032931	+0.0034677	+0.0036210
2012-12	0.045	-0.0015497	-0.0012333	-0.0009133	-0.0005999	-0.0002715	+0.0000687	+0.0004238	+0.0007955	+0.0011606	+0.0015108	+0.0018399	+0.0021502	+0.0024331	+0.0026939	+0.0029333	+0.0031439	+0.0033399	+0.0035201	+0.0036846	+0.0038331	+0.0039708
2013-01	0.070	-0.0027635	-0.0023384	-0.0017652	-0.0012443	-0.0008077	-0.0003788	+0.0001105	+0.0007208	+0.0013055	+0.0017590	+0.0021340	+0.0024637	+0.0027583	+0.0030201	+0.0032572	+0.0034692	+0.0036626	+0.0038312	+0.0039802	+0.0041178	+0.0042327
2013-02	-0.009	-0.0030695	-0.0024908	-0.0013917	-0.0007676	-0.0002999	+0.0001655	+0.0007659	+0.0017574	+0.0026312	+0.0031669	+0.0036037	+0.0040039	+0.0043790	+0.0047282	+0.0050534	+0.0053502	+0.0056251	+0.0058790	+0.0061132	+0.0063306	+0.0065186
2013-03	0.048	-0.0026955	-0.0023620	-0.0020108	-0.0016198	-0.0012119	-0.0008144	-0.0003966	+0.0000395	+0.0004908	+0.0009385	+0.0013321	+0.0016827	+0.0019936	+0.0022659	+0.0025124	+0.0027401	+0.0029474	+0.0031335	+0.0033094	+0.0034689	+0.0036219
2013-04	0.040	-0.0026837	-0.0023955	-0.0020972	-0.0017974	-0.0014728	-0.0011142	-0.0007424	-0.0003528	+0.0000569	+0.0004913	+0.0009340	+0.0013700	+0.0018039	+0.0022224	+0.0026068	+0.0029718	+0.0033049	+0.0036188	+0.0039086	+0.0041760	+0.0044005
2013-05	-0.030	-0.0032389	-0.0028142	-0.0023882	-0.0019472	-0.0014722	-0.0009735	-0.0004411	+0.0001178	+0.0007016	+0.0012870	+0.0018814	+0.0024718	+0.0030431	+0.0035855	+0.0040897	+0.0045633	+0.0050068	+0.0054299	+0.0058074	+0.0061800	+0.0065164
2013-06	-0.078	-0.0033582	-0.0031533	-0.0029455	-0.0027159	-0.0024456	-0.0021399	-0.0018012	-0.0014152	-0.0009757	-0.0004889	+0.0000301	+0.0005746	+0.0011275	+0.0016701	+0.0021941	+0.0027037	+0.0031807	+0.0036261	+0.0040503	+0.0044463	+0.0048426
2013-07	-0.004	-0.0069855	-0.0067514	-0.0064882	-0.0062181	-0.0059393	-0.0056226	-0.0052837	-0.0049131	-0.0045098	-0.0040818	-0.0036190	-0.0031036	-0.0024969	-0.0016844	-0.0008254	-0.0001657	+0.0003823	+0.0009307	+0.0016458	+0.0024943	+0.0031276
2013-08	-0.011	-0.0049213	-0.0046222	-0.0043012	-0.0039609	-0.0035938	-0.0031923	-0.0027739	-0.0023212	-0.0018513	-0.0013626	-0.0008609	-0.0003728	+0.0000940	+0.0005288	+0.0009250	+0.0012902	+0.0016238	+0.0019280	+0.0021981	+0.0024495	+0.0026806
2013-09	0.042	-0.0034887	-0.0032635	-0.0030091	-0.0027529	-0.0024764	-0.0021690	-0.0018345	-0.0014840	-0.0011106	-0.0007236	-0.0003329	+0.0000509	+0.0004185	+0.0007670	+0.0010873	+0.0013761	+0.0016403	+0.0018778	+0.0020877	+0.0022793	+0.0024582
2013-10	0.031	-0.0024516	-0.0021280	-0.0017839	-0.0014217	-0.0010537	-0.0006744	-0.0002683	+0.0001538	+0.0005802	+0.0010211	+0.0014646	+0.0018983	+0.0023166	+0.0027193	+0.0030947	+0.0034530	+0.0037695	+0.0040730	+0.0043559	+0.0046259	+0.0048734
2013-11	0.003	-0.0031152	-0.0027068	-0.0022613	-0.0018234	-0.0013846	-0.0009155	-0.0004243	+0.0000913	+0.0005993	+0.0010880	+0.0015587	+0.0020043	+0.0024268	+0.0028240	+0.0031891	+0.0035331	+0.0038549	+0.0041566	+0.0044391	+0.0046910	+0.0049372
2013-12	0.008	-0.0016121	-0.0014298	-0.0012390	-0.0010302	-0.0008129	-0.0005797	-0.0003267	-0.0000557	+0.0002329	+0.0005341	+0.0008405	+0.0011485	+0.0014515	+0.0017404	+0.0020133	+0.0022714	+0.0024994	+0.0027150	+0.0029132	+0.0030921	+0.0032627
2014-01	-0.021	-0.0016170	-0.0014807	-0.0013424	-0.0011970	-0.0010365	-0.0008701	-0.0006868	-0.0004886	-0.0002813	-0.0000643	+0.0001571	+0.0003787	+0.0005892	+0.0007907	+0.0009781	+0.0011495	+0.0013136	+0.0014595	+0.0015941	+0.0017133	+0.0018305
2014-02	0.024	-0.0028543	-0.0026921	-0.0025150	-0.0023346	-0.0021331	-0.0019131	-0.0016708	-0.0014115	-0.0011365	-0.0008455	-0.0005540	-0.0002605	+0.0000218	+0.0002863	+0.0005258	+0.0007481	+0.0009528	+0.0011347	+0.0013026	+0.0014529	+0.0015908
2014-03	0.034	-0.0026882	-0.0025091	-0.0023203	-0.0021132	-0.0018861	-0.0016434	-0.0013654	-0.0010753	-0.0007525	-0.0004116	-0.0000613	+0.0002944	+0.0006465	+0.0009870	+0.0013082	+0.0016091	+0.0018915	+0.0021415	+0.0023847	+0.0026051	+0.0028270
2014-04	0.006	-0.0019662	-0.0016474	-0.0013379	-0.0010137	-0.0006944	-0.0003604	+0.0000017	+0.0003809	+0.0007659	+0.0011331	+0.0014787	+0.0018079	+0.0021180	+0.0024065	+0.0026822	+0.0029231	+0.0031472	+0.0033487	+0.0035336	+0.0037120	+0.0038739
2014-05	-0.000	-0.0016520	-0.0014257	-0.0011890	-0.0009573	-0.0007052	-0.0004439	-0.0001761	+0.0001000	+0.0003869	+0.0006741	+0.0009511	+0.0012198	+0.0014720	+0.0017094	+0.0019280	+0.0021240	+0.0023080	+0.0024729	+0.0026220	+0.0027676	+0.0028987
2014-06	0.017	-0.0011988	-0.0011116	-0.0010226	-0.0009261	-0.0008283	-0.0007236	-0.0006147	-0.0004998	-0.0003789	-0.0002547	-0.0001296	-0.0000074	+0.0001096	+0.0002179	+0.0003195	+0.0004124	+0.0004991	+0.0005803	+0.0006523	+0.0007198	+0.0007873
2014-07	0.000	-0.0011149	-0.0009734	-0.0008328	-0.0006853	-0.0005347	-0.0003790	-0.0002111	-0.0000315	+0.0001535	+0.0003387	+0.0005229	+0.0007001	+0.0008644	+0.0010152	+0.0011501	+0.0012702	+0.0013796	+0.0014781	+0.0015704	+0.0016530	+0.0017242
2014-08	0.012	-0.0007590	-0.0006774	-0.0005953	-0.0005121	-0.0004214	-0.0003243	-0.0002224	-0.0001115	+0.0000056	+0.0001278	+0.0002517	+0.0003743	+0.0004927	+0.0006027	+0.0007078	+0.0008067	+0.0008961	+0.0009799	+0.0010586	+0.0011327	+0.0011962
2014-09	-0.030	-0.0012597	-0.0011730	-0.0010731	-0.0009574	-0.0008382	-0.0007005	-0.0005514	-0.0003838	-0.0002054	-0.0000178	+0.0001786	+0.0003788	+0.0005739	+0.0007624	+0.0009383	+0.0011020	+0.0012524	+0.0013924	+0.0015279	+0.0016531	+0.0017689
2014-10	0.011	-0.0019620	-0.0018143	-0.0016623	-0.0014992	-0.0013190	-0.0011249	-0.0009183	-0.0006983	-0.0004599	-0.0002131	+0.0000387	+0.0002824	+0.0005164	+0.0007359	+0.0009401	+0.0011259	+0.0013006	+0.0014602	+0.0016069	+0.0017365	+0.0018567
2014-11	0.027	-0.0031198	-0.0029659	-0.0027970	-0.0026155	-0.0024166	-0.0021960	-0.0019522	-0.0016835	-0.0013890	-0.0010733	-0.0007469	-0.0004123	-0.0000829	+0.0002369	+0.0005347	+0.0008095	+0.0010672	+0.0013076	+0.0015344	+0.0017563	+0.0019537
2014-12	-0.029	-0.0023543	-0.0020851	-0.0018109	-0.0015141	-0.0011994	-0.0008587	-0.0004956	-0.0001108	+0.0002955	+0.0007109	+0.0011316	+0.0015409	+0.0019315	+0.0022859	+0.0026085	+0.0029018	+0.0031577	+0.0033939	+0.0035943	+0.0037834	+0.0039502
2015-01	-0.039	-0.0045255	-0.0042324	-0.0039315	-0.0036091	-0.0032616	-0.0028839	-0.0024801	-0.0020497	-0.0015894	-0.0011173	-0.0006375	-0.0001619	+0.0002858	+0.0007051	+0.0010967	+0.0014594	+0.0017803	+0.0020724	+0.0023465	+0.0026057	+0.0028432
2015-02	-0.008	-0.0050241	-0.0047677	-0.0045193	-0.0042427	-0.0039458	-0.0036252	-0.0032726	-0.0028914	-0.0024960	-0.0020763	-0.0016451	-0.0011956	-0.0007402	-0.0002924	+0.0001332	+0.0005396	+0.0009313	+0.0013190	+0.0016724	+0.0020415	+0.0023638
