2011-03	-0.077	-0.0034311	-0.0031724	-0.0028990	-0.0025995	-0.0022700	-0.0019238	-0.0015431	-0.0011287	-0.0006889	-0.0002350	+0.0002289	+0.0006921	+0.0011315	+0.0015527	+0.0019434	+0.0023055	+0.0026472	+0.0029470	+0.0032286	+0.0034916	+0.0037315
2011-04	0.009	-0.0097197	-0.0095471	-0.0092676	-0.0088732	-0.0083212	-0.0075905	-0.0066587	-0.0055283	-0.0042525	-0.0028884	-0.0014681	-0.0000197	+0.0013635	+0.0026914	+0.0041024	+0.0062362	+0.0100000	+0.0100000	+0.0100000	+0.0100000	+0.0100000
2011-05	-0.016	-0.0096739	-0.0094755	-0.0091857	-0.0087412	-0.0081472	-0.0073541	-0.0064022	-0.0052251	-0.0039008	-0.0025446	-0.0011353	+0.0002803	+0.0016193	+0.0028675	+0.0041459	+0.0057007	+0.0100000	+0.0100000	+0.0100000	+0.0100000	+0.0100000
2011-06	0.012	-0.0036762	-0.0034482	-0.0032150	-0.0029567	-0.0026739	-0.0023645	-0.0020225	-0.0016467	-0.0012413	-0.0008087	-0.0003627	+0.0000873	+0.0005254	+0.0009406	+0.0013309	+0.0016895	+0.0020311	+0.0023268	+0.0026109	+0.0028750	+0.0031289
2011-07	0.001	-0.0035572	-0.0033614	-0.0031480	-0.0029129	-0.0026417	-0.0023411	-0.0020087	-0.0016422	-0.0012444	-0.0008114	-0.0003531	+0.0001029	+0.0005552	+0.0009896	+0.0014033	+0.0017797	+0.0021378	+0.0024725	+0.0027811	+0.0030869	+0.0033451
2011-08	-0.093	-0.0021658	-0.0018987	-0.0016231	-0.0013219	-0.0010006	-0.0006510	-0.0002788	+0.0001231	+0.0005457	+0.0009951	+0.0014552	+0.0019114	+0.0023463	+0.0027585	+0.0031379	+0.0034919	+0.0038214	+0.0041205	+0.0043878	+0.0046410	+0.0048830
2011-09	-0.021	-0.0093870	-0.0090886	-0.0087344	-0.0082898	-0.0077691	-0.0071779	-0.0065314	-0.0058164	-0.0050400	-0.0042290	-0.0033745	-0.0024990	-0.0015982	-0.0006876	+0.0002397	+0.0011699	+0.0021040	+0.0030908	+0.0041807	+0.0057837	+0.0100000
2011-10	0.032	-0.0088768	-0.0084760	-0.0080408	-0.0075340	-0.0069857	-0.0063881	-0.0057386	-0.0050386	-0.0042775	-0.0034910	-0.0026563	-0.0017823	-0.0008680	+0.0000866	+0.0010504	+0.0020080	+0.0029322	+0.0038437	+0.0048281	+0.0058941	+0.0070928
2011-11	-0.063	-0.0034102	-0.0031296	-0.0028219	-0.0025057	-0.0021555	-0.0017801	-0.0013726	-0.0009281	-0.0004512	+0.0000514	+0.0005624	+0.0010782	+0.0015803	+0.0020643	+0.0025123	+0.0029368	+0.0033159	+0.0036680	+0.0039881	+0.0043017	+0.0045990
2011-12	0.003	-0.0052451	-0.0049757	-0.0046691	-0.0043302	-0.0039570	-0.0035455	-0.0030886	-0.0025902	-0.0020432	-0.0014594	-0.0008425	-0.0002222	+0.0003932	+0.0009870	+0.0015520	+0.0020755	+0.0025609	+0.0030100	+0.0034100	+0.0037864	+0.0041532
2012-01	0.039	-0.0053035	-0.0050395	-0.0047652	-0.0044559	-0.0041028	-0.0037072	-0.0032583	-0.0027512	-0.0022072	-0.0016141	-0.0009841	-0.0003479	+0.0002808	+0.0008946	+0.0014914	+0.0020437	+0.0025825	+0.0030948	+0.0035608	+0.0039931	+0.0043904
2012-02	0.099	-0.0033623	-0.0030933	-0.0028049	-0.0024954	-0.0021556	-0.0017879	-0.0013794	-0.0009408	-0.0004685	+0.0000314	+0.0005526	+0.0010743	+0.0015858	+0.0020752	+0.0025376	+0.0029690	+0.0033710	+0.0037470	+0.0040915	+0.0044062	+0.0046975
2012-03	0.044	-0.0033618	-0.0025466	-0.0016878	-0.0009486	-0.0002964	+0.0003578	+0.0011448	+0.0020669	+0.0029251	+0.0036225	+0.0042093	+0.0047446	+0.0052299	+0.0056782	+0.0060853	+0.0064564	+0.0067882	+0.0070941	+0.0073825	+0.0076434	+0.0078666
2012-04	-0.057	-0.0035539	-0.0028994	-0.0019245	-0.0010838	-0.0004812	+0.0000942	+0.0007799	+0.0017878	+0.0027584	+0.0034167	+0.0039522	+0.0044350	+0.0048754	+0.0052843	+0.0056622	+0.0060075	+0.0063327	+0.0066248	+0.0068948	+0.0071538	+0.0073796
2012-05	-0.107	-0.0051520	-0.0047863	-0.0044039	-0.0039714	-0.0035211	-0.0030272	-0.0025104	-0.0019604	-0.0013756	-0.0007709	-0.0001574	+0.0004413	+0.0010101	+0.0015361	+0.0020177	+0.0024616	+0.0028716	+0.0032471	+0.0035817	+0.0038975	+0.0042021
2012-06	0.053	-0.0079648	-0.0077279	-0.0074513	-0.0071626	-0.0068384	-0.0064886	-0.0060906	-0.0056575	-0.0051803	-0.0046531	-0.0040789	-0.0034249	-0.0026042	-0.0013105	-0.0000618	+0.0007832	+0.0015007	+0.0022574	+0.0033241	+0.0046416	+0.0054319
2012-07	-0.036	-0.0053578	-0.0050622	-0.0047432	-0.0044076	-0.0040223	-0.0036174	-0.0031727	-0.0026898	-0.0021650	-0.0016012	-0.0010256	-0.0004438	+0.0001238	+0.0006579	+0.0011712	+0.0016509	+0.0020830	+0.0024956	+0.0028785	+0.0032282	+0.0035681
2012-08	0.017	-0.0041468	-0.0038572	-0.0035256	-0.0031674	-0.0027802	-0.0023562	-0.0019011	-0.0014078	-0.0008826	-0.0003264	+0.0002405	+0.0008027	+0.0013542	+0.0018696	+0.0023535	+0.0027984	+0.0031941	+0.0035542	+0.0038801	+0.0041665	+0.0044570
2012-09	0.011	-0.0044592	-0.0041575	-0.0038246	-0.0034823	-0.0031002	-0.0026818	-0.0022248	-0.0017257	-0.0011967	-0.0006438	-0.0000767	+0.0004912	+0.0010301	+0.0015368	+0.0020117	+0.0024416	+0.0028383	+0.0031913	+0.0035202	+0.0038184	+0.0041001
2012-10	0.006	-0.0039150	-0.0035629	-0.0031791	-0.0027794	-0.0023555	-0.0018940	-0.0013950	-0.0008522	-0.0002753	+0.0003202	+0.0009318	+0.0015360	+0.0021195	+0.0026607	+0.0031621	+0.0036276	+0.0040353	+0.0044090	+0.0047394	+0.0050463	+0.0053367
2012-11	0.055	-0.0036484	-0.0033724	-0.0030782	-0.0027466	-0.0023990	-0.0019983	-0.0015571	-0.0010573	-0.0005206	+0.0000535	+0.0006564	+0.0012723	+0.0018843	+0.0024706	+0.0030269	+0.0035594	+0.0040476	+0.0044997	+0.0049334	+0.0053167	+0.0056904
2012-12	0.095	-0.0039883	-0.0036104	-0.0032083	-0.0027543	-0.0022533	-0.0017051	-0.0011096	-0.0004838	+0.0001857	+0.0009069	+0.0016485	+0.0024050	+0.0031308	+0.0038229	+0.0044863	+0.0050888	+0.0056486	+0.0061802	+0.0066693	+0.0071251	+0.0075353
2013-01	0.068	-0.0043758	-0.0036626	-0.0029190	-0.0021417	-0.0013276	-0.0005051	+0.0003549	+0.0012261	+0.0021198	+0.0030092	+0.0038622	+0.0046524	+0.0053743	+0.0060202	+0.0066074	+0.0071196	+0.0075858	+0.0080116	+0.0083935	+0.0087398	+0.0090592
2013-02	0.036	-0.0034049	-0.0026738	-0.0018986	-0.0010739	-0.0003200	+0.0004459	+0.0012812	+0.0021960	+0.0031353	+0.0039770	+0.0046998	+0.0053447	+0.0059335	+0.0064618	+0.0069367	+0.0073678	+0.0077586	+0.0081238	+0.0084399	+0.0087447	+0.0090079
2013-03	0.076	-0.0024549	-0.0020984	-0.0016868	-0.0012665	-0.0008358	-0.0003848	+0.0001071	+0.0006192	+0.0011560	+0.0017050	+0.0022524	+0.0027916	+0.0033189	+0.0038195	+0.0042917	+0.0047188	+0.0051186	+0.0054913	+0.0058425	+0.0061756	+0.0064857
2013-04	0.110	-0.0034248	-0.0028569	-0.0022548	-0.0016422	-0.0010141	-0.0003139	+0.0003914	+0.0011163	+0.0018279	+0.0025200	+0.0031922	+0.0038322	+0.0044436	+0.0050167	+0.0055376	+0.0060317	+0.0064843	+0.0069127	+0.0072885	+0.0076511	+0.0079733
2013-05	-0.007	-0.0049774	-0.0040645	-0.0031520	-0.0022946	-0.0014132	-0.0004848	+0.0005429	+0.0016305	+0.0026679	+0.0036498	+0.0045517	+0.0054017	+0.0061907	+0.0069253	+0.0075968	+0.0082353	+0.0088218	+0.0093786	+0.0099027	+0.0100000	+0.0100000
2013-06	-0.006	-0.0081994	-0.0075168	-0.0067085	-0.0057172	-0.0046784	-0.0035184	-0.0022675	-0.0009285	+0.0004488	+0.0018506	+0.0032365	+0.0045410	+0.0057472	+0.0068278	+0.0077919	+0.0086550	+0.0094222	+0.0100000	+0.0100000	+0.0100000	+0.0100000
2013-07	-0.001	-0.0095646	-0.0093423	-0.0089996	-0.0085443	-0.0079438	-0.0071946	-0.0063195	-0.0053303	-0.0042454	-0.0030615	-0.0018508	-0.0006193	+0.0006055	+0.0017852	+0.0029391	+0.0040825	+0.0053473	+0.0071612	+0.0100000	+0.0100000	+0.0100000
2013-08	-0.020	-0.0063861	-0.0057971	-0.0051463	-0.0044767	-0.0037590	-0.0029701	-0.0021359	-0.0012596	-0.0003458	+0.0006215	+0.0016040	+0.0025684	+0.0035037	+0.0043710	+0.0051829	+0.0059347	+0.0066080	+0.0072420	+0.0078229	+0.0083868	+0.0089119
2013-09	0.080	-0.0068754	-0.0064544	-0.0060059	-0.0055179	-0.0049918	-0.0044415	-0.0038461	-0.0032096	-0.0025437	-0.0018529	-0.0011508	-0.0004708	+0.0001789	+0.0007874	+0.0013480	+0.0018451	+0.0023141	+0.0027249	+0.0031037	+0.0034580	+0.0037959
2013-10	-0.009	-0.0043085	-0.0038951	-0.0034502	-0.0029681	-0.0024606	-0.0019199	-0.0013476	-0.0007455	-0.0001159	+0.0005419	+0.0012066	+0.0018584	+0.0024830	+0.0030791	+0.0036266	+0.0041369	+0.0045874	+0.0050083	+0.0054026	+0.0057554	+0.0060764
2013-11	0.088	-0.0051352	-0.0046886	-0.0042088	-0.0037044	-0.0031746	-0.0026011	-0.0019830	-0.0013337	-0.0006532	+0.0000632	+0.0007845	+0.0014842	+0.0021650	+0.0027927	+0.0033713	+0.0039001	+0.0043730	+0.0047999	+0.0051784	+0.0055358	+0.0058613
2013-12	0.039	-0.0024597	-0.0020684	-0.0016738	-0.0012161	-0.0007478	-0.0002297	+0.0003285	+0.0009181	+0.0015478	+0.0022000	+0.0028678	+0.0035271	+0.0041598	+0.0047454	+0.0052901	+0.0057742	+0.0062370	+0.0066545	+0.0070607	+0.0074135	+0.0077552
2014-01	-0.087	-0.0039166	-0.0032695	-0.0025691	-0.0018476	-0.0011169	-0.0003387	+0.0004790	+0.0013265	+0.0021580	+0.0029723	+0.0037452	+0.0044637	+0.0051321	+0.0057518	+0.0063093	+0.0068103	+0.0072588	+0.0076891	+0.0080716	+0.0084075	+0.0087263
2014-02	-0.004	-0.0058480	-0.0054867	-0.0051080	-0.0046904	-0.0042460	-0.0037783	-0.0032532	-0.0026874	-0.0020797	-0.0014360	-0.0007663	-0.0000944	+0.0005644	+0.0011958	+0.0017914	+0.0023476	+0.0028652	+0.0033522	+0.0037959	+0.0042053	+0.0046059
2014-03	0.005	-0.0081177	-0.0076931	-0.0072206	-0.0067113	-0.0061344	-0.0055156	-0.0048547	-0.0041447	-0.0033885	-0.0025860	-0.0017695	-0.0009448	-0.0001316	+0.0006284	+0.0013436	+0.0019889	+0.0025984	+0.0031582	+0.0036758	+0.0041398	+0.0046105
2014-04	-0.036	-0.0050560	-0.0046288	-0.0041464	-0.0036223	-0.0030762	-0.0024994	-0.0018750	-0.0012116	-0.0005293	+0.0001642	+0.0008639	+0.0015350	+0.0021665	+0.0027382	+0.0032511	+0.0037093	+0.0041054	+0.0044805	+0.0048119	+0.0051077	+0.0053719
2014-05	0.022	-0.0074529	-0.0069860	-0.0064734	-0.0059340	-0.0053603	-0.0047132	-0.0040354	-0.0033116	-0.0025420	-0.0017417	-0.0009353	-0.0001366	+0.0006320	+0.0013471	+0.0020020	+0.0026102	+0.0031642	+0.0036561	+0.0041016	+0.0045022	+0.0048798
2014-06	0.035	-0.0061264	-0.0056704	-0.0052018	-0.0046897	-0.0041555	-0.0035984	-0.0030120	-0.0024045	-0.0017590	-0.0010892	-0.0004148	+0.0002389	+0.0008676	+0.0014525	+0.0019827	+0.0024730	+0.0029181	+0.0033299	+0.0037114	+0.0040667	+0.0043690
2014-07	0.029	-0.0021603	-0.0018103	-0.0014768	-0.0010973	-0.0007109	-0.0003095	+0.0001331	+0.0005775	+0.0010404	+0.0015214	+0.0019982	+0.0024644	+0.0029045	+0.0033049	+0.0036807	+0.0040266	+0.0043453	+0.0046348	+0.0049090	+0.0051479	+0.0053696
2014-08	-0.012	-0.0012763	-0.0011228	-0.0009635	-0.0007971	-0.0006029	-0.0004010	-0.0001864	+0.0000520	+0.0003059	+0.0005710	+0.0008441	+0.0011166	+0.0013805	+0.0016311	+0.0018659	+0.0020801	+0.0022814	+0.0024721	+0.0026472	+0.0027996	+0.0029463
2014-09	0.052	-0.0031339	-0.0028517	-0.0025656	-0.0022664	-0.0019463	-0.0016055	-0.0012561	-0.0008854	-0.0004957	-0.0001034	+0.0002842	+0.0006620	+0.0010158	+0.0013453	+0.0016522	+0.0019277	+0.0021842	+0.0024101	+0.0026208	+0.0028150	+0.0030003
2014-10	0.013	-0.0011926	-0.0009428	-0.0006650	-0.0003684	-0.0000619	+0.0002527	+0.0005868	+0.0009374	+0.0012995	+0.0016597	+0.0020105	+0.0023479	+0.0026572	+0.0029342	+0.0031777	+0.0033936	+0.0035898	+0.0037723	+0.0039387	+0.0040919	+0.0042307
2014-11	0.060	-0.0058994	-0.0054572	-0.0049860	-0.0044847	-0.0039408	-0.0033543	-0.0027237	-0.0020525	-0.0013598	-0.0006226	+0.0001303	+0.0008729	+0.0015990	+0.0022808	+0.0029146	+0.0035009	+0.0040148	+0.0045023	+0.0049625	+0.0054048	+0.0057986
2014-12	0.000	-0.0057811	-0.0051997	-0.0045582	-0.0038189	-0.0030977	-0.0022823	-0.0014077	-0.0004783	+0.0005328	+0.0016036	+0.0027048	+0.0037993	+0.0048545	+0.0058614	+0.0068179	+0.0076882	+0.0085000	+0.0092345	+0.0098986	+0.0100000	+0.0100000
2015-01	0.012	-0.0046139	-0.0041099	-0.0036164	-0.0030902	-0.0025403	-0.0019491	-0.0013165	-0.0006594	+0.0000489	+0.0007517	+0.0014710	+0.0021625	+0.0028263	+0.0034440	+0.0039937	+0.0045022	+0.0049435	+0.0053528	+0.0057284	+0.0060732	+0.0063927
2015-02	0.000	-0.0063495	-0.0059248	-0.0054581	-0.0049462	-0.0043864	-0.0037972	-0.0031685	-0.0024789	-0.0017492	-0.0009833	-0.0002012	+0.0005693	+0.0013111	+0.0020324	+0.0026941	+0.0032974	+0.0038438	+0.0043466	+0.0048132	+0.0052407	+0.0056633
