2011-03	0.098	-0.0068483	-0.0065597	-0.0062543	-0.0059044	-0.0055341	-0.0051128	-0.0046650	-0.0041755	-0.0036281	-0.0030369	-0.0024154	-0.0017740	-0.0011212	-0.0004821	+0.0001286	+0.0007115	+0.0012422	+0.0017566	+0.0022549	+0.0027280	+0.0031654
2011-04	0.023	-0.0049879	-0.0045415	-0.0040559	-0.0035552	-0.0030040	-0.0023857	-0.0017133	-0.0009975	-0.0002388	+0.0005597	+0.0013815	+0.0022054	+0.0030166	+0.0037659	+0.0044698	+0.0051048	+0.0056943	+0.0062249	+0.0067154	+0.0071615	+0.0075753
2011-05	-0.037	-0.0063071	-0.0056744	-0.0050218	-0.0043232	-0.0035606	-0.0027702	-0.0019171	-0.0009819	-0.0000005	+0.0010326	+0.0020755	+0.0031203	+0.0041320	+0.0050911	+0.0059953	+0.0068287	+0.0076024	+0.0083135	+0.0089869	+0.0095740	+0.0100000
2011-06	-0.001	-0.0067271	-0.0063983	-0.0060366	-0.0056587	-0.0052471	-0.0048133	-0.0043385	-0.0038512	-0.0033248	-0.0027608	-0.0021920	-0.0016148	-0.0010577	-0.0005255	-0.0000254	+0.0004452	+0.0008809	+0.0013019	+0.0016951	+0.0020459	+0.0024063
2011-07	0.003	-0.0038697	-0.0036167	-0.0033543	-0.0030853	-0.0027642	-0.0024227	-0.0020376	-0.0016181	-0.0011536	-0.0006498	-0.0001203	+0.0004236	+0.0009719	+0.0015015	+0.0020186	+0.0024978	+0.0029432	+0.0033601	+0.0037392	+0.0040870	+0.0044248
2011-08	-0.141	-0.0047800	-0.0044551	-0.0040913	-0.0037164	-0.0032935	-0.0028358	-0.0023261	-0.0017628	-0.0011533	-0.0005110	+0.0001557	+0.0008204	+0.0014781	+0.0020998	+0.0026743	+0.0032183	+0.0037210	+0.0041866	+0.0046052	+0.0049925	+0.0053594
2011-09	-0.118	-0.0098246	-0.0097143	-0.0095496	-0.0092979	-0.0089520	-0.0084771	-0.0078725	-0.0071366	-0.0062756	-0.0053158	-0.0042833	-0.0031803	-0.0020026	-0.0006760	+0.0010062	+0.0036615	+0.0100000	+0.0100000	+0.0100000	+0.0100000	+0.0100000
2011-10	0.124	-0.0099169	-0.0098640	-0.0097817	-0.0096479	-0.0094464	-0.0091224	-0.0086393	-0.0079557	-0.0070244	-0.0057893	-0.0041588	-0.0016572	+0.0054673	+0.0100000	+0.0100000	+0.0100000	+0.0100000	+0.0100000	+0.0100000	+0.0100000	+0.0100000
2011-11	-0.118	-0.0097394	-0.0095904	-0.0093513	-0.0090072	-0.0084864	-0.0077863	-0.0068706	-0.0057013	-0.0043130	-0.0027012	-0.0009418	+0.0009618	+0.0029798	+0.0051274	+0.0076768	+0.0100000	+0.0100000	+0.0100000	+0.0100000	+0.0100000	+0.0100000
2011-12	-0.009	-0.0086693	-0.0081782	-0.0075610	-0.0068063	-0.0059483	-0.0049825	-0.0038911	-0.0026478	-0.0012548	+0.0002215	+0.0017922	+0.0034336	+0.0050201	+0.0065452	+0.0080622	+0.0095091	+0.0100000	+0.0100000	+0.0100000	+0.0100000	+0.0100000
2012-01	0.067	-0.0094299	-0.0091770	-0.0088089	-0.0083638	-0.0078133	-0.0071744	-0.0064431	-0.0056058	-0.0046719	-0.0036553	-0.0025722	-0.0014632	-0.0003536	+0.0007328	+0.0017896	+0.0028174	+0.0038662	+0.0049634	+0.0063086	+0.0091405	+0.0100000
2012-02	0.083	-0.0061569	-0.0056330	-0.0050644	-0.0044502	-0.0037869	-0.0030961	-0.0023490	-0.0015354	-0.0006927	+0.0001739	+0.0010567	+0.0019191	+0.0027402	+0.0034959	+0.0041883	+0.0048121	+0.0053755	+0.0058873	+0.0063522	+0.0067560	+0.0071450
2012-03	-0.020	-0.0058860	-0.0050354	-0.0036451	-0.0025170	-0.0017012	-0.0008794	+0.0000793	+0.0014868	+0.0028507	+0.0037448	+0.0044603	+0.0050849	+0.0056415	+0.0061477	+0.0066048	+0.0070084	+0.0073781	+0.0077130	+0.0080137	+0.0082921	+0.0085597
2012-04	-0.007	-0.0042635	-0.0039148	-0.0035205	-0.0030921	-0.0026170	-0.0021098	-0.0015543	-0.0009576	-0.0003162	+0.0003543	+0.0010488	+0.0017477	+0.0024273	+0.0030734	+0.0036832	+0.0042412	+0.0047580	+0.0052449	+0.0057014	+0.0061163	+0.0064998
2012-05	-0.138	-0.0052412	-0.0048936	-0.0045631	-0.0042064	-0.0038061	-0.0033648	-0.0028930	-0.0023745	-0.0018250	-0.0012369	-0.0006242	-0.0000004	+0.0005998	+0.0011956	+0.0017705	+0.0023040	+0.0028069	+0.0032766	+0.0037140	+0.0041298	+0.0045348
2012-06	0.007	-0.0092082	-0.0089542	-0.0086626	-0.0083355	-0.0079765	-0.0075658	-0.0071147	-0.0066068	-0.0060519	-0.0054320	-0.0047554	-0.0039891	-0.0030655	-0.0018901	-0.0007231	+0.0002449	+0.0011020	+0.0020132	+0.0032068	+0.0044520	+0.0054181
2012-07	0.032	-0.0083035	-0.0079470	-0.0075588	-0.0071239	-0.0066475	-0.0061081	-0.0055047	-0.0048469	-0.0041202	-0.0033452	-0.0025316	-0.0016955	-0.0008566	-0.0000509	+0.0007235	+0.0014602	+0.0021526	+0.0028321	+0.0034788	+0.0041153	+0.0047229
2012-08	0.010	-0.0035332	-0.0032193	-0.0029138	-0.0025700	-0.0021971	-0.0017916	-0.0013372	-0.0008347	-0.0002827	+0.0003070	+0.0009241	+0.0015466	+0.0021668	+0.0027624	+0.0033227	+0.0038524	+0.0043407	+0.0048086	+0.0052464	+0.0056598	+0.0060467
2012-09	0.048	-0.0038611	-0.0035890	-0.0032971	-0.0029638	-0.0026206	-0.0022492	-0.0018438	-0.0014042	-0.0009329	-0.0004365	+0.0000782	+0.0005826	+0.0010722	+0.0015414	+0.0019767	+0.0023759	+0.0027431	+0.0030859	+0.0033993	+0.0037047	+0.0039851
2012-10	0.055	-0.0030092	-0.0026838	-0.0023492	-0.0020081	-0.0016179	-0.0012101	-0.0007622	-0.0002825	+0.0002302	+0.0007625	+0.0013048	+0.0018347	+0.0023438	+0.0028209	+0.0032616	+0.0036613	+0.0040287	+0.0043604	+0.0046747	+0.0049674	+0.0052453
2012-11	0.055	-0.0035930	-0.0029814	-0.0022188	-0.0015099	-0.0009042	-0.0002907	+0.0003822	+0.0012019	+0.0020380	+0.0026898	+0.0032341	+0.0037148	+0.0041458	+0.0045404	+0.0049011	+0.0052323	+0.0055388	+0.0058117	+0.0060697	+0.0063188	+0.0065385
2012-12	0.059	-0.0021674	-0.0017774	-0.0013693	-0.0009502	-0.0005226	-0.0000945	+0.0003588	+0.0008313	+0.0013031	+0.0017542	+0.0021744	+0.0025665	+0.0029315	+0.0032648	+0.0035688	+0.0038395	+0.0040960	+0.0043145	+0.0045153	+0.0047119	+0.0048756
2013-01	0.099	-0.0033872	-0.0028189	-0.0021571	-0.0015357	-0.0009663	-0.0003953	+0.0002325	+0.0009436	+0.0016442	+0.0022251	+0.0027327	+0.0031830	+0.0035890	+0.0039610	+0.0042971	+0.0045905	+0.0048627	+0.0051029	+0.0053154	+0.0055246	+0.0057171
2013-02	0.015	-0.0034322	-0.0025741	-0.0015648	-0.0008671	-0.0002210	+0.0004687	+0.0013477	+0.0023948	+0.0033064	+0.0040389	+0.0047007	+0.0053056	+0.0058745	+0.0064178	+0.0069264	+0.0073921	+0.0078281	+0.0082495	+0.0086322	+0.0089690	+0.0092981
2013-03	0.033	-0.0034040	-0.0028842	-0.0023488	-0.0017936	-0.0012327	-0.0006497	-0.0000418	+0.0006017	+0.0012621	+0.0018843	+0.0024540	+0.0029791	+0.0034582	+0.0038914	+0.0042887	+0.0046500	+0.0049785	+0.0052825	+0.0055590	+0.0058083	+0.0060463
2013-04	0.048	-0.0043537	-0.0040345	-0.0036962	-0.0033245	-0.0029256	-0.0024646	-0.0019602	-0.0014148	-0.0008130	-0.0001828	+0.0004919	+0.0011711	+0.0018426	+0.0024910	+0.0031013	+0.0036637	+0.0041781	+0.0046819	+0.0051523	+0.0056038	+0.0059924
2013-05	0.045	-0.0038549	-0.0034245	-0.0029733	-0.0024920	-0.0020031	-0.0014614	-0.0008845	-0.0002655	+0.0003876	+0.0010690	+0.0017542	+0.0024424	+0.0031091	+0.0037401	+0.0043146	+0.0048544	+0.0053479	+0.0058003	+0.0062150	+0.0065803	+0.0069296
2013-06	-0.139	-0.0035527	-0.0030429	-0.0024779	-0.0018973	-0.0012833	-0.0006628	+0.0000080	+0.0006925	+0.0014040	+0.0021245	+0.0028270	+0.0035093	+0.0041419	+0.0047235	+0.0052576	+0.0057291	+0.0061659	+0.0065572	+0.0069259	+0.0072562	+0.0075593
2013-07	0.023	-0.0097908	-0.0096653	-0.0094742	-0.0091928	-0.0088117	-0.0083019	-0.0076616	-0.0068852	-0.0059899	-0.0049974	-0.0039136	-0.0027943	-0.0016283	-0.0004276	+0.0008650	+0.0024656	+0.0073321	+0.0100000	+0.0100000	+0.0100000	+0.0100000
2013-08	-0.095	-0.0089781	-0.0085712	-0.0080759	-0.0074820	-0.0067870	-0.0059852	-0.0051195	-0.0041774	-0.0031584	-0.0020874	-0.0009917	+0.0000920	+0.0011282	+0.0021157	+0.0030393	+0.0038873	+0.0047126	+0.0054903	+0.0063053	+0.0073055	+0.0091629
2013-09	0.069	-0.0090314	-0.0086576	-0.0082392	-0.0077598	-0.0072166	-0.0066101	-0.0059320	-0.0052123	-0.0044302	-0.0035972	-0.0027459	-0.0018819	-0.0010431	-0.0002237	+0.0005558	+0.0012967	+0.0020205	+0.0026954	+0.0033501	+0.0040154	+0.0048418
2013-10	0.066	-0.0083125	-0.0077608	-0.0071946	-0.0065713	-0.0058725	-0.0051263	-0.0042743	-0.0033517	-0.0023687	-0.0013374	-0.0002756	+0.0007780	+0.0018073	+0.0027907	+0.0036992	+0.0045510	+0.0053315	+0.0060682	+0.0067770	+0.0074529	+0.0081744
2013-11	-0.019	-0.0045403	-0.0039515	-0.0033152	-0.0026325	-0.0019438	-0.0012218	-0.0004565	+0.0003378	+0.0011735	+0.0020454	+0.0029068	+0.0037408	+0.0045371	+0.0052905	+0.0059869	+0.0066215	+0.0072117	+0.0077598	+0.0082585	+0.0086980	+0.0091342
2013-12	0.025	-0.0033872	-0.0030463	-0.0026825	-0.0022822	-0.0018534	-0.0013899	-0.0008984	-0.0003715	+0.0001748	+0.0007453	+0.0013332	+0.0018986	+0.0024526	+0.0029630	+0.0034391	+0.0038717	+0.0042699	+0.0046224	+0.0049460	+0.0052419	+0.0054978
2014-01	-0.019	-0.0031692	-0.0028659	-0.0025727	-0.0022372	-0.0018876	-0.0014970	-0.0010739	-0.0006299	-0.0001508	+0.0003423	+0.0008442	+0.0013396	+0.0018069	+0.0022460	+0.0026506	+0.0030226	+0.0033546	+0.0036525	+0.0039430	+0.0041895	+0.0044256
2014-02	0.047	-0.0054531	-0.0051087	-0.0047372	-0.0043357	-0.0038810	-0.0034083	-0.0028919	-0.0023430	-0.0017496	-0.0011316	-0.0004946	+0.0001290	+0.0007301	+0.0012973	+0.0018246	+0.0023025	+0.0027488	+0.0031578	+0.0035552	+0.0038928	+0.0042352
2014-03	0.044	-0.0051192	-0.0046565	-0.0041669	-0.0036386	-0.0030659	-0.0024393	-0.0017490	-0.0010382	-0.0002711	+0.0005248	+0.0013359	+0.0021279	+0.0028900	+0.0035970	+0.0042453	+0.0048249	+0.0053503	+0.0058287	+0.0062573	+0.0066426	+0.0069898
2014-04	-0.010	-0.0021581	-0.0017173	-0.0012497	-0.0007982	-0.0003110	+0.0001935	+0.0007246	+0.0012661	+0.0018286	+0.0023933	+0.0029566	+0.0034983	+0.0040208	+0.0045007	+0.0049508	+0.0053724	+0.0057482	+0.0060855	+0.0064004	+0.0067109	+0.0069838
2014-05	0.044	-0.0034899	-0.0031726	-0.0028773	-0.0025484	-0.0021925	-0.0017931	-0.0013582	-0.0009002	-0.0003901	+0.0001437	+0.0007063	+0.0012841	+0.0018482	+0.0023921	+0.0029082	+0.0033903	+0.0038456	+0.0042792	+0.0046738	+0.0050430	+0.0053929
2014-06	-0.002	-0.0036481	-0.0033865	-0.0030960	-0.0027781	-0.0024388	-0.0020707	-0.0016661	-0.0012253	-0.0007499	-0.0002408	+0.0002986	+0.0008332	+0.0013617	+0.0018585	+0.0023446	+0.0027979	+0.0032114	+0.0035902	+0.0039501	+0.0042918	+0.0046183
2014-07	0.074	-0.0024723	-0.0021944	-0.0018932	-0.0015801	-0.0012539	-0.0008819	-0.0005029	-0.0000921	+0.0003478	+0.0008021	+0.0012698	+0.0017386	+0.0021980	+0.0026365	+0.0030532	+0.0034361	+0.0038006	+0.0041392	+0.0044568	+0.0047647	+0.0050487
2014-08	0.008	-0.0026340	-0.0022706	-0.0018642	-0.0014813	-0.0010636	-0.0006382	-0.0001820	+0.0002777	+0.0007527	+0.0012240	+0.0016928	+0.0021379	+0.0025595	+0.0029454	+0.0032987	+0.0036220	+0.0039150	+0.0041732	+0.0044173	+0.0046349	+0.0048559
2014-09	0.016	-0.0031009	-0.0027025	-0.0022923	-0.0018513	-0.0014055	-0.0009287	-0.0004334	+0.0000612	+0.0005715	+0.0010795	+0.0015636	+0.0020087	+0.0024108	+0.0027796	+0.0030979	+0.0033878	+0.0036447	+0.0038775	+0.0040915	+0.0042802	+0.0044489
2014-10	0.019	-0.0024494	-0.0021313	-0.0018048	-0.0014431	-0.0010608	-0.0006571	-0.0002341	+0.0002093	+0.0006709	+0.0011332	+0.0015872	+0.0020302	+0.0024471	+0.0028321	+0.0031812	+0.0034937	+0.0037829	+0.0040425	+0.0042727	+0.0044839	+0.0046794
2014-11	0.093	-0.0040716	-0.0038385	-0.0035855	-0.0032823	-0.0029501	-0.0025866	-0.0021820	-0.0017339	-0.0012542	-0.0007353	-0.0001943	+0.0003506	+0.0008923	+0.0014169	+0.0019136	+0.0023680	+0.0028010	+0.0031883	+0.0035490	+0.0038974	+0.0042203
2014-12	-0.009	-0.0041298	-0.0034980	-0.0027913	-0.0020693	-0.0013163	-0.0005538	+0.0002410	+0.0010494	+0.0018935	+0.0027351	+0.0035695	+0.0043684	+0.0051206	+0.0058190	+0.0064731	+0.0070825	+0.0076233	+0.0081333	+0.0086269	+0.0090711	+0.0094764
2015-01	0.036	-0.0057525	-0.0052011	-0.0046033	-0.0039733	-0.0033171	-0.0026219	-0.0019078	-0.0011525	-0.0003725	+0.0003967	+0.0011546	+0.0018842	+0.0025450	+0.0031300	+0.0036240	+0.0040503	+0.0044028	+0.0047247	+0.0050059	+0.0052726	+0.0055201
2015-02	-0.011	-0.0060862	-0.0055667	-0.0050021	-0.0044235	-0.0038086	-0.0031558	-0.0024435	-0.0017011	-0.0009293	-0.0001354	+0.0006490	+0.0013984	+0.0021010	+0.0027494	+0.0033395	+0.0038638	+0.0043388	+0.0047660	+0.0051434	+0.0055030	+0.0058292
