2013-08	-0.020	-0.0035941	-0.0033784	-0.0031118	-0.0027859	-0.0023939	-0.0020406	-0.0016460	-0.0011490	-0.0006880	-0.0001682	+0.0003553	+0.0008630	+0.0013780	+0.0017910	+0.0022409	+0.0026169	+0.0028881	+0.0032462	+0.0035357	+0.0037036	+0.0038539
2013-09	0.000	-0.0035255	-0.0033118	-0.0030830	-0.0028590	-0.0026111	-0.0023523	-0.0020669	-0.0017646	-0.0014431	-0.0011133	-0.0007728	-0.0004328	-0.0001015	+0.0002142	+0.0005074	+0.0007800	+0.0010322	+0.0012636	+0.0014741	+0.0016665	+0.0018592
2013-10	0.030	-0.0030553	-0.0028387	-0.0026231	-0.0023772	-0.0021173	-0.0018409	-0.0015555	-0.0012590	-0.0009499	-0.0006344	-0.0003146	-0.0000058	+0.0002923	+0.0005711	+0.0008235	+0.0010584	+0.0012733	+0.0014716	+0.0016483	+0.0018094	+0.0019762
2013-11	0.031	-0.0018274	-0.0016466	-0.0014530	-0.0012486	-0.0010248	-0.0007883	-0.0005224	-0.0002468	+0.0000516	+0.0003597	+0.0006743	+0.0009871	+0.0012913	+0.0015784	+0.0018438	+0.0020943	+0.0023239	+0.0025255	+0.0027197	+0.0028942	+0.0030591
2013-12	0.058	-0.0016219	-0.0013840	-0.0011223	-0.0008458	-0.0005680	-0.0002660	+0.0000604	+0.0004033	+0.0007635	+0.0011385	+0.0015184	+0.0018962	+0.0022521	+0.0025824	+0.0028964	+0.0031740	+0.0034338	+0.0036683	+0.0038814	+0.0040904	+0.0042679
2014-01	-0.023	-0.0020529	-0.0017479	-0.0014127	-0.0010598	-0.0006770	-0.0002651	+0.0001904	+0.0006841	+0.0012199	+0.0017793	+0.0023590	+0.0029476	+0.0035197	+0.0040669	+0.0045952	+0.0050875	+0.0055465	+0.0059760	+0.0063624	+0.0067362	+0.0070873
2014-02	-0.009	-0.0033644	-0.0031205	-0.0028277	-0.0025072	-0.0021476	-0.0017524	-0.0012823	-0.0007691	-0.0002177	+0.0003896	+0.0010308	+0.0016803	+0.0023305	+0.0029542	+0.0035502	+0.0041128	+0.0046465	+0.0051330	+0.0055789	+0.0060091	+0.0064125
2014-03	0.012	-0.0021874	-0.0020352	-0.0018788	-0.0017068	-0.0015191	-0.0013196	-0.0011011	-0.0008657	-0.0006188	-0.0003606	-0.0000909	+0.0001762	+0.0004368	+0.0006856	+0.0009206	+0.0011480	+0.0013595	+0.0015586	+0.0017349	+0.0019074	+0.0020638
2014-04	0.031	-0.0019367	-0.0018107	-0.0016588	-0.0014984	-0.0013299	-0.0011490	-0.0009458	-0.0007311	-0.0004981	-0.0002546	+0.0000024	+0.0002594	+0.0005089	+0.0007417	+0.0009654	+0.0011719	+0.0013637	+0.0015348	+0.0017043	+0.0018630	+0.0020069
2014-05	0.018	-0.0031237	-0.0028172	-0.0024856	-0.0021428	-0.0017804	-0.0013833	-0.0009619	-0.0005191	-0.0000520	+0.0004276	+0.0009204	+0.0014033	+0.0018683	+0.0023174	+0.0027238	+0.0031054	+0.0034578	+0.0037823	+0.0040764	+0.0043610	+0.0046320
2014-06	0.064	-0.0022131	-0.0019825	-0.0017331	-0.0014450	-0.0011564	-0.0008469	-0.0005212	-0.0001788	+0.0001759	+0.0005358	+0.0008914	+0.0012360	+0.0015557	+0.0018555	+0.0021301	+0.0023780	+0.0026046	+0.0028105	+0.0029999	+0.0031840	+0.0033572
2014-07	0.002	-0.0016943	-0.0013610	-0.0009835	-0.0006227	-0.0002943	+0.0000567	+0.0004523	+0.0008748	+0.0012790	+0.0016485	+0.0019864	+0.0022990	+0.0025886	+0.0028618	+0.0031086	+0.0033371	+0.0035454	+0.0037379	+0.0039236	+0.0040880	+0.0042367
2014-08	0.031	-0.0021682	-0.0018494	-0.0015472	-0.0012250	-0.0008881	-0.0005299	-0.0001599	+0.0002173	+0.0005939	+0.0009489	+0.0012770	+0.0015903	+0.0018922	+0.0021686	+0.0024236	+0.0026598	+0.0028730	+0.0030723	+0.0032474	+0.0034184	+0.0035788
2014-09	0.028	-0.0031441	-0.0028474	-0.0025411	-0.0022079	-0.0018549	-0.0014787	-0.0010778	-0.0006466	-0.0001946	+0.0002795	+0.0007520	+0.0012232	+0.0016671	+0.0020885	+0.0024723	+0.0028194	+0.0031326	+0.0034043	+0.0036599	+0.0039002	+0.0041143
2014-10	-0.030	-0.0025238	-0.0020700	-0.0015007	-0.0009563	-0.0005008	-0.0000614	+0.0004237	+0.0010231	+0.0016444	+0.0021436	+0.0025504	+0.0029055	+0.0032186	+0.0035005	+0.0037561	+0.0039876	+0.0041952	+0.0043888	+0.0045668	+0.0047298	+0.0048797
2014-11	0.083	-0.0078350	-0.0072960	-0.0066957	-0.0060106	-0.0052969	-0.0045600	-0.0037297	-0.0028874	-0.0020197	-0.0011503	-0.0002810	+0.0005612	+0.0013454	+0.0020697	+0.0027379	+0.0033558	+0.0039233	+0.0044753	+0.0049930	+0.0054969	+0.0060229
2014-12	-0.057	-0.0073452	-0.0066583	-0.0058475	-0.0050234	-0.0041458	-0.0031993	-0.0021897	-0.0011307	-0.0000297	+0.0010509	+0.0021334	+0.0031408	+0.0040942	+0.0049635	+0.0056840	+0.0063120	+0.0068489	+0.0073433	+0.0078274	+0.0082871	+0.0087173
2015-01	-0.045	-0.0088332	-0.0083806	-0.0078166	-0.0071412	-0.0063598	-0.0055120	-0.0045832	-0.0035813	-0.0025057	-0.0013919	-0.0002722	+0.0008434	+0.0019107	+0.0028896	+0.0037841	+0.0045917	+0.0053573	+0.0060622	+0.0068236	+0.0076436	+0.0091805
2015-02	0.023	-0.0094619	-0.0091810	-0.0087936	-0.0082795	-0.0076381	-0.0068894	-0.0060063	-0.0050083	-0.0039331	-0.0027667	-0.0015758	-0.0003574	+0.0008223	+0.0019661	+0.0030452	+0.0041222	+0.0052384	+0.0065185	+0.0088291	+0.0100000	+0.0100000
