2011-03	0.016	-0.0022312	-0.0019740	-0.0017016	-0.0014236	-0.0011238	-0.0008193	-0.0004928	-0.0001598	+0.0001807	+0.0005130	+0.0008328	+0.0011361	+0.0013980	+0.0016464	+0.0018534	+0.0020489	+0.0022254	+0.0023737	+0.0025173	+0.0026509	+0.0027591
2011-04	0.011	-0.0036435	-0.0033408	-0.0030265	-0.0026873	-0.0023285	-0.0019432	-0.0015299	-0.0011015	-0.0006554	-0.0002049	+0.0002531	+0.0006923	+0.0011090	+0.0014885	+0.0018282	+0.0021433	+0.0024252	+0.0026695	+0.0028926	+0.0030950	+0.0032665
2011-05	-0.024	-0.0038605	-0.0035566	-0.0032386	-0.0028955	-0.0025142	-0.0021184	-0.0016828	-0.0012223	-0.0007328	-0.0002182	+0.0003016	+0.0008195	+0.0013197	+0.0017911	+0.0022375	+0.0026423	+0.0030038	+0.0033442	+0.0036516	+0.0039433	+0.0042007
2011-06	-0.018	-0.0030423	-0.0028764	-0.0027063	-0.0025304	-0.0023458	-0.0021489	-0.0019386	-0.0017109	-0.0014703	-0.0012154	-0.0009494	-0.0006809	-0.0004231	-0.0001690	+0.0000675	+0.0002895	+0.0004971	+0.0006916	+0.0008709	+0.0010369	+0.0011982
2011-07	-0.038	-0.0028581	-0.0027228	-0.0025829	-0.0024359	-0.0022698	-0.0020898	-0.0018930	-0.0016826	-0.0014516	-0.0012054	-0.0009413	-0.0006585	-0.0003612	-0.0000492	+0.0002564	+0.0005572	+0.0008456	+0.0011142	+0.0013764	+0.0016422	+0.0019006
2011-08	-0.072	-0.0044132	-0.0041970	-0.0039380	-0.0036684	-0.0033665	-0.0030493	-0.0027039	-0.0023286	-0.0019231	-0.0014936	-0.0010473	-0.0005904	-0.0001494	+0.0002790	+0.0006853	+0.0010645	+0.0014197	+0.0017510	+0.0020458	+0.0023319	+0.0026129
2011-09	-0.043	-0.0082952	-0.0079523	-0.0075913	-0.0072222	-0.0068263	-0.0063859	-0.0059135	-0.0054044	-0.0048529	-0.0042646	-0.0036419	-0.0029885	-0.0022656	-0.0014442	-0.0005318	+0.0003041	+0.0010135	+0.0016835	+0.0024064	+0.0031988	+0.0040046
2011-10	0.055	-0.0071607	-0.0067716	-0.0063894	-0.0059937	-0.0055600	-0.0051001	-0.0046046	-0.0040955	-0.0035625	-0.0029964	-0.0024159	-0.0018365	-0.0012573	-0.0006822	-0.0001084	+0.0004735	+0.0010409	+0.0015550	+0.0020412	+0.0025544	+0.0030468
2011-11	-0.053	-0.0041072	-0.0038749	-0.0036222	-0.0033520	-0.0030386	-0.0026942	-0.0023155	-0.0018856	-0.0014183	-0.0009174	-0.0003867	+0.0001669	+0.0007053	+0.0012297	+0.0017278	+0.0021911	+0.0026192	+0.0030177	+0.0033872	+0.0037427	+0.0040738
2011-12	0.005	-0.0036679	-0.0034050	-0.0031179	-0.0028001	-0.0024456	-0.0020610	-0.0016456	-0.0011952	-0.0007054	-0.0001864	+0.0003598	+0.0009131	+0.0014438	+0.0019575	+0.0024411	+0.0028874	+0.0033124	+0.0037050	+0.0040546	+0.0043911	+0.0046835
2012-01	0.034	-0.0039227	-0.0037035	-0.0034804	-0.0032450	-0.0029853	-0.0027044	-0.0024015	-0.0020697	-0.0017046	-0.0013167	-0.0009064	-0.0004967	-0.0000838	+0.0003104	+0.0006877	+0.0010526	+0.0013884	+0.0017087	+0.0020068	+0.0022871	+0.0025494
2012-02	0.065	-0.0016761	-0.0014730	-0.0012467	-0.0010220	-0.0007812	-0.0005330	-0.0002658	+0.0000208	+0.0003179	+0.0006228	+0.0009327	+0.0012338	+0.0015209	+0.0017927	+0.0020441	+0.0022707	+0.0024804	+0.0026727	+0.0028525	+0.0030127	+0.0031503
2012-03	0.006	-0.0027813	-0.0024210	-0.0011697	-0.0005761	-0.0002633	+0.0000355	+0.0004126	+0.0012972	+0.0022905	+0.0026270	+0.0028954	+0.0031301	+0.0033421	+0.0035341	+0.0037056	+0.0038599	+0.0039980	+0.0041272	+0.0042433	+0.0043561	+0.0044614
2012-04	-0.018	-0.0025237	-0.0021244	-0.0017069	-0.0012719	-0.0008530	-0.0004284	+0.0000233	+0.0005116	+0.0010082	+0.0014516	+0.0018455	+0.0021999	+0.0025182	+0.0028084	+0.0030669	+0.0032977	+0.0035076	+0.0036982	+0.0038699	+0.0040259	+0.0041683
2012-05	-0.055	-0.0027195	-0.0025557	-0.0023969	-0.0022096	-0.0020102	-0.0017958	-0.0015591	-0.0013014	-0.0010235	-0.0007267	-0.0004136	-0.0000966	+0.0002188	+0.0005258	+0.0008157	+0.0010861	+0.0013453	+0.0015863	+0.0018103	+0.0020265	+0.0022309
2012-06	0.009	-0.0039856	-0.0038564	-0.0037203	-0.0035719	-0.0034108	-0.0032357	-0.0030401	-0.0028202	-0.0025824	-0.0023165	-0.0020269	-0.0016974	-0.0012785	-0.0006784	-0.0000964	+0.0003293	+0.0006914	+0.0010701	+0.0015811	+0.0021715	+0.0025616
2012-07	0.018	-0.0029936	-0.0028486	-0.0026798	-0.0025097	-0.0023069	-0.0020902	-0.0018525	-0.0015994	-0.0013179	-0.0010218	-0.0007178	-0.0004071	-0.0001066	+0.0001792	+0.0004486	+0.0006981	+0.0009311	+0.0011508	+0.0013564	+0.0015511	+0.0017306
2012-08	0.015	-0.0011520	-0.0010080	-0.0008651	-0.0007180	-0.0005568	-0.0003847	-0.0002005	-0.0000008	+0.0002139	+0.0004411	+0.0006764	+0.0009120	+0.0011409	+0.0013605	+0.0015639	+0.0017508	+0.0019274	+0.0020901	+0.0022398	+0.0023815	+0.0025286
2012-09	0.007	-0.0013194	-0.0011921	-0.0010525	-0.0009032	-0.0007413	-0.0005682	-0.0003834	-0.0001880	+0.0000208	+0.0002422	+0.0004633	+0.0006833	+0.0008932	+0.0010908	+0.0012718	+0.0014385	+0.0015877	+0.0017275	+0.0018466	+0.0019637	+0.0020671
2012-10	0.019	-0.0016806	-0.0014881	-0.0012996	-0.0010923	-0.0008705	-0.0006394	-0.0003951	-0.0001386	+0.0001238	+0.0003858	+0.0006439	+0.0008896	+0.0011243	+0.0013319	+0.0015214	+0.0016842	+0.0018287	+0.0019600	+0.0020784	+0.0021831	+0.0022821
2012-11	0.029	-0.0013770	-0.0012022	-0.0010234	-0.0008408	-0.0006453	-0.0004334	-0.0002114	+0.0000141	+0.0002486	+0.0004924	+0.0007353	+0.0009717	+0.0011922	+0.0013972	+0.0015881	+0.0017587	+0.0019147	+0.0020554	+0.0021847	+0.0023049	+0.0024100
2012-12	0.062	-0.0015759	-0.0013550	-0.0011252	-0.0008901	-0.0006432	-0.0003810	-0.0001140	+0.0001686	+0.0004536	+0.0007458	+0.0010356	+0.0013221	+0.0015974	+0.0018549	+0.0020962	+0.0023166	+0.0025206	+0.0027048	+0.0028862	+0.0030461	+0.0031996
2013-01	0.056	-0.0024967	-0.0020209	-0.0015588	-0.0010673	-0.0006154	-0.0001395	+0.0003473	+0.0008710	+0.0014003	+0.0018873	+0.0023182	+0.0026935	+0.0030266	+0.0033218	+0.0035784	+0.0038034	+0.0040010	+0.0041743	+0.0043239	+0.0044656	+0.0045882
2013-02	0.007	-0.0027865	-0.0023193	-0.0010370	-0.0003503	+0.0000441	+0.0004298	+0.0008949	+0.0018296	+0.0029902	+0.0034421	+0.0037936	+0.0041025	+0.0043828	+0.0046396	+0.0048695	+0.0050778	+0.0052733	+0.0054502	+0.0056167	+0.0057628	+0.0059016
2013-03	0.025	-0.0022544	-0.0019280	-0.0015503	-0.0011851	-0.0008514	-0.0004972	-0.0001178	+0.0003036	+0.0007267	+0.0010991	+0.0014196	+0.0017107	+0.0019749	+0.0022141	+0.0024309	+0.0026266	+0.0028085	+0.0029712	+0.0031181	+0.0032568	+0.0033845
2013-04	0.041	-0.0016931	-0.0015139	-0.0013211	-0.0011255	-0.0009123	-0.0006893	-0.0004518	-0.0002037	+0.0000628	+0.0003430	+0.0006311	+0.0009165	+0.0011988	+0.0014724	+0.0017278	+0.0019689	+0.0021926	+0.0023999	+0.0025870	+0.0027608	+0.0029350
2013-05	0.037	-0.0021497	-0.0018535	-0.0015365	-0.0012023	-0.0008634	-0.0004977	-0.0001220	+0.0002881	+0.0007115	+0.0011441	+0.0015825	+0.0020143	+0.0024336	+0.0028273	+0.0031967	+0.0035367	+0.0038492	+0.0041467	+0.0044121	+0.0046621	+0.0049141
2013-06	-0.047	-0.0032976	-0.0028329	-0.0023355	-0.0018381	-0.0013114	-0.0007712	-0.0001873	+0.0004150	+0.0010309	+0.0016500	+0.0022562	+0.0028303	+0.0033603	+0.0038523	+0.0043029	+0.0047056	+0.0050681	+0.0053944	+0.0056820	+0.0059590	+0.0061975
2013-07	0.027	-0.0048576	-0.0046139	-0.0043522	-0.0040791	-0.0037611	-0.0034042	-0.0030155	-0.0025863	-0.0021183	-0.0016045	-0.0010691	-0.0005204	+0.0000269	+0.0005581	+0.0010567	+0.0015154	+0.0019517	+0.0023620	+0.0027585	+0.0031198	+0.0034540
2013-08	-0.003	-0.0026505	-0.0024330	-0.0021903	-0.0019387	-0.0016687	-0.0013825	-0.0010705	-0.0007423	-0.0003989	-0.0000435	+0.0003122	+0.0006490	+0.0009769	+0.0012796	+0.0015475	+0.0017853	+0.0020026	+0.0022024	+0.0023858	+0.0025631	+0.0027187
2013-09	0.033	-0.0013424	-0.0012133	-0.0010796	-0.0009405	-0.0007872	-0.0006288	-0.0004560	-0.0002706	-0.0000802	+0.0001153	+0.0003165	+0.0005110	+0.0006978	+0.0008692	+0.0010302	+0.0011768	+0.0013094	+0.0014354	+0.0015540	+0.0016600	+0.0017570
2013-10	0.021	-0.0016099	-0.0014207	-0.0012274	-0.0010150	-0.0007922	-0.0005633	-0.0003275	-0.0000749	+0.0001847	+0.0004483	+0.0007097	+0.0009644	+0.0012126	+0.0014420	+0.0016573	+0.0018593	+0.0020423	+0.0022061	+0.0023680	+0.0025181	+0.0026508
2013-11	0.021	-0.0016035	-0.0013361	-0.0010691	-0.0007962	-0.0005365	-0.0002620	+0.0000392	+0.0003658	+0.0006826	+0.0009733	+0.0012394	+0.0014790	+0.0017030	+0.0019115	+0.0020989	+0.0022736	+0.0024317	+0.0025783	+0.0027146	+0.0028392	+0.0029560
2013-12	0.018	-0.0009006	-0.0007241	-0.0005325	-0.0003441	-0.0001485	+0.0000504	+0.0002563	+0.0004763	+0.0006999	+0.0009085	+0.0010973	+0.0012662	+0.0014216	+0.0015637	+0.0016947	+0.0018129	+0.0019242	+0.0020294	+0.0021242	+0.0022080	+0.0022945
2014-01	-0.007	-0.0009377	-0.0007590	-0.0005662	-0.0003812	-0.0001850	+0.0000235	+0.0002406	+0.0004586	+0.0006787	+0.0008974	+0.0011088	+0.0013120	+0.0015006	+0.0016792	+0.0018434	+0.0019985	+0.0021389	+0.0022671	+0.0023877	+0.0024977	+0.0025913
2014-02	0.020	-0.0018738	-0.0016927	-0.0015030	-0.0012995	-0.0010710	-0.0008371	-0.0005855	-0.0003255	-0.0000497	+0.0002330	+0.0005225	+0.0008010	+0.0010665	+0.0013132	+0.0015339	+0.0017311	+0.0019107	+0.0020653	+0.0022036	+0.0023268	+0.0024439
2014-03	-0.002	-0.0020738	-0.0019060	-0.0017218	-0.0015101	-0.0012880	-0.0010557	-0.0007926	-0.0005219	-0.0002299	+0.0000800	+0.0003921	+0.0007000	+0.0009954	+0.0012735	+0.0015250	+0.0017581	+0.0019678	+0.0021606	+0.0023330	+0.0024913	+0.0026415
2014-04	-0.000	-0.0013893	-0.0012334	-0.0010556	-0.0008695	-0.0006819	-0.0004776	-0.0002670	-0.0000397	+0.0001986	+0.0004467	+0.0006961	+0.0009452	+0.0011841	+0.0014100	+0.0016162	+0.0018084	+0.0019810	+0.0021443	+0.0022940	+0.0024328	+0.0025731
2014-05	0.011	-0.0021189	-0.0019729	-0.0018060	-0.0016294	-0.0014414	-0.0012370	-0.0010171	-0.0007838	-0.0005343	-0.0002749	-0.0000107	+0.0002505	+0.0005026	+0.0007402	+0.0009572	+0.0011560	+0.0013356	+0.0015049	+0.0016533	+0.0017979	+0.0019284
2014-06	-0.000	-0.0018623	-0.0017158	-0.0015625	-0.0014026	-0.0012336	-0.0010576	-0.0008669	-0.0006633	-0.0004478	-0.0002285	-0.0000019	+0.0002200	+0.0004328	+0.0006355	+0.0008230	+0.0009938	+0.0011462	+0.0012906	+0.0014261	+0.0015520	+0.0016701
2014-07	0.000	-0.0008734	-0.0007809	-0.0006799	-0.0005743	-0.0004589	-0.0003398	-0.0002112	-0.0000756	+0.0000678	+0.0002159	+0.0003668	+0.0005160	+0.0006606	+0.0007964	+0.0009221	+0.0010404	+0.0011494	+0.0012516	+0.0013466	+0.0014366	+0.0015194
2014-08	0.004	-0.0012517	-0.0011693	-0.0010789	-0.0009846	-0.0008810	-0.0007733	-0.0006591	-0.0005395	-0.0004140	-0.0002860	-0.0001589	-0.0000354	+0.0000822	+0.0001893	+0.0002856	+0.0003744	+0.0004556	+0.0005277	+0.0005933	+0.0006542	+0.0007079
2014-09	0.003	-0.0016419	-0.0015318	-0.0014133	-0.0012869	-0.0011479	-0.0009970	-0.0008343	-0.0006549	-0.0004681	-0.0002709	-0.0000663	+0.0001393	+0.0003375	+0.0005299	+0.0007071	+0.0008677	+0.0010170	+0.0011579	+0.0012907	+0.0014078	+0.0015171
2014-10	-0.004	-0.0009445	-0.0008325	-0.0007136	-0.0005850	-0.0004479	-0.0003031	-0.0001491	+0.0000152	+0.0001855	+0.0003605	+0.0005350	+0.0007056	+0.0008706	+0.0010252	+0.0011683	+0.0012994	+0.0014186	+0.0015295	+0.0016297	+0.0017172	+0.0018087
2014-11	0.048	-0.0031157	-0.0029186	-0.0027045	-0.0024788	-0.0022314	-0.0019613	-0.0016683	-0.0013530	-0.0010135	-0.0006546	-0.0002937	+0.0000774	+0.0004356	+0.0007800	+0.0011021	+0.0014035	+0.0016799	+0.0019350	+0.0021787	+0.0023871	+0.0026032
2014-12	0.006	-0.0026404	-0.0023469	-0.0020012	-0.0016468	-0.0012580	-0.0008392	-0.0003971	+0.0000660	+0.0005620	+0.0010664	+0.0015746	+0.0020635	+0.0025232	+0.0029512	+0.0033342	+0.0036732	+0.0039661	+0.0042285	+0.0044605	+0.0046744	+0.0048635
2015-01	-0.005	-0.0020277	-0.0017837	-0.0015251	-0.0012615	-0.0009920	-0.0006971	-0.0003901	-0.0000712	+0.0002633	+0.0006057	+0.0009362	+0.0012524	+0.0015567	+0.0018258	+0.0020545	+0.0022550	+0.0024333	+0.0025933	+0.0027291	+0.0028614	+0.0029827
2015-02	0.002	-0.0026769	-0.0024862	-0.0022843	-0.0020692	-0.0018376	-0.0015839	-0.0013081	-0.0010146	-0.0007034	-0.0003748	-0.0000382	+0.0002922	+0.0006185	+0.0009258	+0.0012188	+0.0014824	+0.0017268	+0.0019492	+0.0021617	+0.0023553	+0.0025494
