2013-10	0.033	-0.0063896	-0.0055885	-0.0049866	-0.0041812	-0.0033280	-0.0024109	-0.0014522	-0.0004204	+0.0006142	+0.0016903	+0.0027383	+0.0037664	+0.0047039	+0.0055323	+0.0062606	+0.0068661	+0.0073692	+0.0077748	+0.0081216	+0.0084065	+0.0086546
2013-11	0.020	-0.0042196	-0.0037746	-0.0033219	-0.0028321	-0.0023156	-0.0017694	-0.0011782	-0.0005304	+0.0001543	+0.0008583	+0.0015818	+0.0022991	+0.0029852	+0.0036380	+0.0042322	+0.0047637	+0.0052471	+0.0057035	+0.0061096	+0.0064714	+0.0068059
2013-12	0.028	-0.0028358	-0.0025645	-0.0022839	-0.0019842	-0.0016394	-0.0012666	-0.0008612	-0.0004104	+0.0000773	+0.0005982	+0.0011420	+0.0016826	+0.0022084	+0.0027209	+0.0032028	+0.0036467	+0.0040693	+0.0044499	+0.0047996	+0.0051191	+0.0054197
2014-01	-0.045	-0.0023988	-0.0020284	-0.0016537	-0.0012400	-0.0008082	-0.0003634	+0.0000979	+0.0005734	+0.0010397	+0.0015030	+0.0019575	+0.0023934	+0.0027984	+0.0031739	+0.0035163	+0.0038267	+0.0041136	+0.0043669	+0.0046064	+0.0048370	+0.0050425
2014-02	0.022	-0.0035512	-0.0033320	-0.0031002	-0.0028415	-0.0025666	-0.0022719	-0.0019428	-0.0015852	-0.0012015	-0.0007830	-0.0003506	+0.0000830	+0.0005062	+0.0009200	+0.0013007	+0.0016592	+0.0020005	+0.0023088	+0.0025919	+0.0028683	+0.0031258
2014-03	0.038	-0.0036891	-0.0034754	-0.0032344	-0.0029746	-0.0026988	-0.0024050	-0.0020769	-0.0017216	-0.0013438	-0.0009513	-0.0005450	-0.0001312	+0.0002682	+0.0006466	+0.0010065	+0.0013360	+0.0016460	+0.0019311	+0.0021959	+0.0024339	+0.0026633
2014-04	-0.008	-0.0013742	-0.0011600	-0.0009338	-0.0007022	-0.0004573	-0.0001954	+0.0000820	+0.0003800	+0.0006944	+0.0010212	+0.0013524	+0.0016851	+0.0020006	+0.0023069	+0.0025925	+0.0028547	+0.0030921	+0.0033115	+0.0035165	+0.0037058	+0.0038737
2014-05	0.036	-0.0022210	-0.0020010	-0.0017755	-0.0015291	-0.0012787	-0.0010172	-0.0007353	-0.0004327	-0.0001141	+0.0002169	+0.0005548	+0.0008896	+0.0012190	+0.0015349	+0.0018345	+0.0021134	+0.0023738	+0.0026143	+0.0028339	+0.0030404	+0.0032352
2014-06	0.003	-0.0013229	-0.0011843	-0.0010347	-0.0008761	-0.0007021	-0.0005119	-0.0003070	-0.0000842	+0.0001593	+0.0004192	+0.0006829	+0.0009466	+0.0012039	+0.0014486	+0.0016754	+0.0018893	+0.0020863	+0.0022680	+0.0024331	+0.0025918	+0.0027419
2014-07	0.003	-0.0016810	-0.0014619	-0.0012393	-0.0010077	-0.0007744	-0.0005274	-0.0002721	-0.0000046	+0.0002648	+0.0005302	+0.0007843	+0.0010237	+0.0012469	+0.0014537	+0.0016464	+0.0018245	+0.0019946	+0.0021558	+0.0022996	+0.0024410	+0.0025707
2014-08	0.019	-0.0010579	-0.0009523	-0.0008373	-0.0007164	-0.0005876	-0.0004482	-0.0003061	-0.0001587	-0.0000059	+0.0001444	+0.0002945	+0.0004364	+0.0005673	+0.0006862	+0.0007920	+0.0008867	+0.0009732	+0.0010506	+0.0011201	+0.0011831	+0.0012412
2014-09	0.001	-0.0020842	-0.0019086	-0.0017108	-0.0015091	-0.0012961	-0.0010581	-0.0007994	-0.0005221	-0.0002305	+0.0000768	+0.0003880	+0.0006964	+0.0009934	+0.0012739	+0.0015323	+0.0017782	+0.0020076	+0.0022121	+0.0024079	+0.0025851	+0.0027430
2014-10	0.023	-0.0021209	-0.0018202	-0.0014799	-0.0011516	-0.0008084	-0.0004587	-0.0000971	+0.0002843	+0.0006767	+0.0010538	+0.0014002	+0.0017080	+0.0019851	+0.0022377	+0.0024687	+0.0026774	+0.0028619	+0.0030313	+0.0031927	+0.0033365	+0.0034760
2014-11	0.061	-0.0024529	-0.0022785	-0.0020904	-0.0018867	-0.0016679	-0.0014245	-0.0011698	-0.0008888	-0.0005949	-0.0002777	+0.0000451	+0.0003734	+0.0006910	+0.0009910	+0.0012739	+0.0015370	+0.0017838	+0.0020179	+0.0022297	+0.0024385	+0.0026277
2014-12	-0.048	-0.0033535	-0.0028657	-0.0023614	-0.0018586	-0.0013202	-0.0007579	-0.0001750	+0.0004265	+0.0010350	+0.0016493	+0.0022599	+0.0028402	+0.0033811	+0.0038859	+0.0043591	+0.0047806	+0.0051714	+0.0055246	+0.0058587	+0.0061481	+0.0064189
2015-01	0.025	-0.0066789	-0.0062165	-0.0057172	-0.0051769	-0.0046183	-0.0040278	-0.0033872	-0.0027006	-0.0019799	-0.0012240	-0.0004581	+0.0003001	+0.0010134	+0.0016774	+0.0022794	+0.0028105	+0.0032902	+0.0037335	+0.0041313	+0.0044749	+0.0047953
2015-02	-0.010	-0.0062082	-0.0057392	-0.0052464	-0.0047027	-0.0041515	-0.0035253	-0.0028708	-0.0021815	-0.0014632	-0.0007225	+0.0000204	+0.0007348	+0.0014076	+0.0020218	+0.0025771	+0.0030727	+0.0035021	+0.0038816	+0.0042345	+0.0045321	+0.0048349
