2013-04	0.036	-0.0015519	-0.0015016	-0.0014432	-0.0013779	-0.0012786	-0.0011402	-0.0009450	-0.0007960	-0.0006426	-0.0004382	-0.0001987	-0.0000169	+0.0001831	+0.0004073	+0.0005822	+0.0007253	+0.0008712	+0.0010285	+0.0011635	+0.0012674	+0.0013551
2013-05	-0.026	-0.0016127	-0.0014337	-0.0012418	-0.0010438	-0.0008257	-0.0006030	-0.0003709	-0.0001188	+0.0001714	+0.0004942	+0.0008243	+0.0011689	+0.0015291	+0.0018685	+0.0021956	+0.0025194	+0.0028144	+0.0030870	+0.0033466	+0.0036056	+0.0038377
2013-06	-0.059	-0.0024729	-0.0022579	-0.0020298	-0.0017896	-0.0015265	-0.0012403	-0.0009387	-0.0006128	-0.0002686	+0.0000995	+0.0004827	+0.0008710	+0.0012556	+0.0016344	+0.0019853	+0.0023222	+0.0026352	+0.0029338	+0.0031986	+0.0034599	+0.0037013
2013-07	0.013	-0.0059417	-0.0057494	-0.0055484	-0.0053319	-0.0050876	-0.0048223	-0.0045302	-0.0042028	-0.0038464	-0.0034531	-0.0030206	-0.0025413	-0.0020230	-0.0014735	-0.0009199	-0.0003857	+0.0001070	+0.0005710	+0.0010678	+0.0015754	+0.0020423
2013-08	-0.034	-0.0043504	-0.0040838	-0.0037986	-0.0034965	-0.0031732	-0.0028117	-0.0024263	-0.0020183	-0.0015802	-0.0011200	-0.0006456	-0.0001712	+0.0002887	+0.0007245	+0.0011242	+0.0014921	+0.0018228	+0.0021304	+0.0024126	+0.0026728	+0.0029209
2013-09	0.025	-0.0030349	-0.0028943	-0.0027429	-0.0025746	-0.0023902	-0.0021882	-0.0019662	-0.0017227	-0.0014597	-0.0011712	-0.0008708	-0.0005597	-0.0002541	+0.0000431	+0.0003301	+0.0006055	+0.0008618	+0.0010995	+0.0013167	+0.0015205	+0.0017335
2013-10	0.023	-0.0024275	-0.0022667	-0.0020877	-0.0018841	-0.0016803	-0.0014552	-0.0012120	-0.0009480	-0.0006644	-0.0003621	-0.0000502	+0.0002629	+0.0005684	+0.0008641	+0.0011488	+0.0014079	+0.0016526	+0.0018836	+0.0020913	+0.0022829	+0.0024814
2013-11	-0.019	-0.0015376	-0.0012806	-0.0010138	-0.0007339	-0.0004477	-0.0001398	+0.0001729	+0.0004925	+0.0008182	+0.0011396	+0.0014464	+0.0017310	+0.0019906	+0.0022254	+0.0024362	+0.0026307	+0.0028104	+0.0029728	+0.0031174	+0.0032533	+0.0033796
2013-12	0.011	-0.0018985	-0.0017327	-0.0015696	-0.0013862	-0.0011919	-0.0009758	-0.0007554	-0.0005146	-0.0002675	-0.0000128	+0.0002429	+0.0004929	+0.0007294	+0.0009475	+0.0011418	+0.0013153	+0.0014724	+0.0016168	+0.0017448	+0.0018601	+0.0019599
2014-01	-0.024	-0.0016639	-0.0015221	-0.0013628	-0.0012000	-0.0010246	-0.0008356	-0.0006434	-0.0004362	-0.0002166	+0.0000082	+0.0002303	+0.0004455	+0.0006457	+0.0008259	+0.0009883	+0.0011383	+0.0012660	+0.0013808	+0.0014840	+0.0015783	+0.0016643
2014-02	0.016	-0.0020747	-0.0019178	-0.0017541	-0.0015779	-0.0013857	-0.0011793	-0.0009623	-0.0007391	-0.0005033	-0.0002602	-0.0000272	+0.0002037	+0.0004208	+0.0006119	+0.0007791	+0.0009247	+0.0010532	+0.0011670	+0.0012679	+0.0013611	+0.0014509
2014-03	0.018	-0.0024575	-0.0022837	-0.0021145	-0.0019190	-0.0017131	-0.0014832	-0.0012452	-0.0009911	-0.0007290	-0.0004548	-0.0001823	+0.0000869	+0.0003370	+0.0005659	+0.0007766	+0.0009614	+0.0011248	+0.0012647	+0.0013932	+0.0015113	+0.0016151
2014-04	0.010	-0.0007254	-0.0005826	-0.0004472	-0.0003011	-0.0001471	+0.0000083	+0.0001766	+0.0003488	+0.0005237	+0.0007030	+0.0008756	+0.0010386	+0.0011852	+0.0013164	+0.0014326	+0.0015364	+0.0016292	+0.0017140	+0.0017847	+0.0018523	+0.0019108
2014-05	0.025	-0.0009065	-0.0007804	-0.0006465	-0.0005107	-0.0003640	-0.0002080	-0.0000476	+0.0001219	+0.0002944	+0.0004698	+0.0006440	+0.0008147	+0.0009765	+0.0011306	+0.0012752	+0.0014099	+0.0015362	+0.0016533	+0.0017601	+0.0018628	+0.0019575
2014-06	0.003	-0.0008229	-0.0006559	-0.0004907	-0.0003509	-0.0002106	-0.0000547	+0.0001302	+0.0003134	+0.0004816	+0.0006387	+0.0007887	+0.0009323	+0.0010700	+0.0011993	+0.0013233	+0.0014380	+0.0015416	+0.0016419	+0.0017350	+0.0018247	+0.0019106
2014-07	0.007	-0.0008076	-0.0006972	-0.0005911	-0.0004760	-0.0003556	-0.0002268	-0.0000904	+0.0000511	+0.0001922	+0.0003334	+0.0004700	+0.0006024	+0.0007291	+0.0008505	+0.0009652	+0.0010716	+0.0011682	+0.0012600	+0.0013471	+0.0014299	+0.0015018
2014-08	0.006	-0.0005093	-0.0004442	-0.0003732	-0.0003004	-0.0002225	-0.0001392	-0.0000531	+0.0000380	+0.0001354	+0.0002341	+0.0003339	+0.0004299	+0.0005214	+0.0006066	+0.0006850	+0.0007552	+0.0008193	+0.0008772	+0.0009326	+0.0009858	+0.0010343
2014-09	-0.010	-0.0011550	-0.0010449	-0.0009293	-0.0008048	-0.0006680	-0.0005245	-0.0003714	-0.0002060	-0.0000357	+0.0001404	+0.0003172	+0.0004912	+0.0006543	+0.0008041	+0.0009436	+0.0010663	+0.0011800	+0.0012822	+0.0013750	+0.0014597	+0.0015368
2014-10	0.010	-0.0008748	-0.0007841	-0.0006927	-0.0005936	-0.0004835	-0.0003619	-0.0002349	-0.0000981	+0.0000489	+0.0002000	+0.0003533	+0.0005074	+0.0006555	+0.0007952	+0.0009258	+0.0010455	+0.0011549	+0.0012532	+0.0013445	+0.0014280	+0.0015053
2014-11	0.027	-0.0012676	-0.0011925	-0.0011158	-0.0010314	-0.0009387	-0.0008412	-0.0007337	-0.0006154	-0.0004884	-0.0003573	-0.0002228	-0.0000885	+0.0000446	+0.0001681	+0.0002851	+0.0003935	+0.0004937	+0.0005858	+0.0006709	+0.0007483	+0.0008234
2014-12	-0.035	-0.0009187	-0.0007197	-0.0005294	-0.0003309	-0.0001455	+0.0000564	+0.0002806	+0.0005031	+0.0007175	+0.0009143	+0.0011003	+0.0012755	+0.0014409	+0.0015933	+0.0017316	+0.0018586	+0.0019766	+0.0020836	+0.0021828	+0.0022694	+0.0023606
2015-01	0.009	-0.0042669	-0.0039583	-0.0036412	-0.0033150	-0.0029632	-0.0025845	-0.0021866	-0.0017599	-0.0013189	-0.0008762	-0.0004328	-0.0000009	+0.0004017	+0.0007689	+0.0011035	+0.0013932	+0.0016480	+0.0018859	+0.0020996	+0.0022990	+0.0024850
2015-02	0.000	-0.0043181	-0.0039967	-0.0036989	-0.0033851	-0.0030341	-0.0026686	-0.0022727	-0.0018508	-0.0014187	-0.0009805	-0.0005386	-0.0001123	+0.0002922	+0.0006592	+0.0009914	+0.0012947	+0.0015759	+0.0018330	+0.0020643	+0.0022823	+0.0024932
