2011-03	0.086	-0.0064726	-0.0061831	-0.0058827	-0.0055656	-0.0052194	-0.0048252	-0.0044025	-0.0039310	-0.0034283	-0.0029015	-0.0023433	-0.0017879	-0.0012395	-0.0007187	-0.0002200	+0.0002543	+0.0006701	+0.0010673	+0.0014447	+0.0017875	+0.0021073
2011-04	0.032	-0.0071950	-0.0067282	-0.0061766	-0.0055947	-0.0049650	-0.0042767	-0.0035325	-0.0027368	-0.0018868	-0.0009843	-0.0000523	+0.0008767	+0.0017791	+0.0026223	+0.0034272	+0.0041451	+0.0047915	+0.0053943	+0.0059490	+0.0064586	+0.0069306
2011-05	-0.039	-0.0066614	-0.0060265	-0.0053754	-0.0046232	-0.0038641	-0.0030193	-0.0020980	-0.0011219	-0.0000689	+0.0010428	+0.0021691	+0.0032878	+0.0043769	+0.0054095	+0.0063731	+0.0072622	+0.0080954	+0.0088672	+0.0095643	+0.0100000	+0.0100000
2011-06	-0.038	-0.0076190	-0.0072343	-0.0067954	-0.0063216	-0.0058113	-0.0052674	-0.0046817	-0.0040678	-0.0034199	-0.0027401	-0.0020542	-0.0013733	-0.0007175	-0.0000988	+0.0004753	+0.0010010	+0.0014879	+0.0019555	+0.0023757	+0.0028110	+0.0032101
2011-07	-0.013	-0.0056091	-0.0052860	-0.0049367	-0.0045555	-0.0041439	-0.0036911	-0.0031982	-0.0026742	-0.0021034	-0.0015069	-0.0008795	-0.0002440	+0.0003886	+0.0009951	+0.0015633	+0.0021090	+0.0026136	+0.0030854	+0.0035179	+0.0039399	+0.0043103
2011-08	-0.142	-0.0074603	-0.0070722	-0.0066140	-0.0061193	-0.0055947	-0.0050086	-0.0043669	-0.0036457	-0.0028849	-0.0020810	-0.0012392	-0.0003997	+0.0004227	+0.0012136	+0.0019552	+0.0026574	+0.0032996	+0.0038844	+0.0044222	+0.0049463	+0.0054243
2011-09	-0.138	-0.0098871	-0.0098175	-0.0097044	-0.0095264	-0.0092655	-0.0088791	-0.0083492	-0.0076413	-0.0067400	-0.0056876	-0.0044692	-0.0030266	-0.0012041	+0.0015660	+0.0100000	+0.0100000	+0.0100000	+0.0100000	+0.0100000	+0.0100000	+0.0100000
2011-10	0.130	-0.0099209	-0.0098661	-0.0097773	-0.0096404	-0.0094248	-0.0090822	-0.0085826	-0.0078593	-0.0068352	-0.0054532	-0.0035610	-0.0004946	+0.0100000	+0.0100000	+0.0100000	+0.0100000	+0.0100000	+0.0100000	+0.0100000	+0.0100000	+0.0100000
2011-11	-0.077	-0.0097972	-0.0096716	-0.0094618	-0.0091482	-0.0086861	-0.0080152	-0.0070999	-0.0059229	-0.0044359	-0.0026403	-0.0005845	+0.0017076	+0.0042769	+0.0073776	+0.0100000	+0.0100000	+0.0100000	+0.0100000	+0.0100000	+0.0100000	+0.0100000
2011-12	0.001	-0.0081483	-0.0075708	-0.0068883	-0.0061159	-0.0052018	-0.0041810	-0.0030119	-0.0016745	-0.0001908	+0.0014139	+0.0031237	+0.0048982	+0.0066423	+0.0083421	+0.0099975	+0.0100000	+0.0100000	+0.0100000	+0.0100000	+0.0100000	+0.0100000
2012-01	0.061	-0.0083382	-0.0079084	-0.0074347	-0.0069026	-0.0062854	-0.0056585	-0.0049569	-0.0041896	-0.0033364	-0.0024423	-0.0015003	-0.0005366	+0.0004080	+0.0013261	+0.0021826	+0.0029915	+0.0037439	+0.0044733	+0.0051485	+0.0058221	+0.0064279
2012-02	0.154	-0.0056324	-0.0050997	-0.0045022	-0.0038681	-0.0032164	-0.0025306	-0.0017901	-0.0010167	-0.0002085	+0.0006105	+0.0014365	+0.0022392	+0.0030066	+0.0037158	+0.0043758	+0.0049634	+0.0054895	+0.0059669	+0.0064240	+0.0068244	+0.0071751
2012-03	-0.087	-0.0057712	-0.0047465	-0.0031256	-0.0018400	-0.0009120	+0.0000027	+0.0011189	+0.0027762	+0.0043247	+0.0053361	+0.0061529	+0.0068624	+0.0075098	+0.0081014	+0.0086367	+0.0091290	+0.0095803	+0.0099992	+0.0100000	+0.0100000	+0.0100000
2012-04	-0.001	-0.0068228	-0.0062542	-0.0056412	-0.0049824	-0.0042555	-0.0034819	-0.0026194	-0.0016831	-0.0006910	+0.0003362	+0.0014010	+0.0024504	+0.0034655	+0.0044192	+0.0053014	+0.0061025	+0.0068312	+0.0075048	+0.0081244	+0.0087238	+0.0092417
2012-05	-0.121	-0.0073884	-0.0069834	-0.0065496	-0.0060833	-0.0055901	-0.0050505	-0.0044594	-0.0038195	-0.0031377	-0.0024022	-0.0016436	-0.0008757	-0.0001242	+0.0006006	+0.0012844	+0.0019351	+0.0025460	+0.0031154	+0.0036824	+0.0042003	+0.0046646
2012-06	-0.000	-0.0096910	-0.0095153	-0.0092819	-0.0089646	-0.0085681	-0.0080669	-0.0074589	-0.0067638	-0.0059545	-0.0050607	-0.0040878	-0.0030490	-0.0019399	-0.0007633	+0.0004589	+0.0017554	+0.0032059	+0.0053416	+0.0100000	+0.0100000	+0.0100000
2012-07	0.019	-0.0091460	-0.0088030	-0.0083686	-0.0078574	-0.0072775	-0.0065925	-0.0058298	-0.0050183	-0.0041267	-0.0031671	-0.0021814	-0.0011941	-0.0002312	+0.0006923	+0.0015564	+0.0023867	+0.0031653	+0.0039372	+0.0047327	+0.0056072	+0.0069166
2012-08	0.010	-0.0037688	-0.0034894	-0.0031872	-0.0028574	-0.0024951	-0.0020882	-0.0016453	-0.0011612	-0.0006349	-0.0000671	+0.0005128	+0.0011009	+0.0016861	+0.0022411	+0.0027731	+0.0032672	+0.0037287	+0.0041643	+0.0045742	+0.0049374	+0.0052923
2012-09	0.032	-0.0033506	-0.0031251	-0.0028745	-0.0026064	-0.0023084	-0.0019870	-0.0016312	-0.0012322	-0.0008058	-0.0003593	+0.0001072	+0.0005751	+0.0010274	+0.0014623	+0.0018660	+0.0022441	+0.0025898	+0.0029137	+0.0032202	+0.0035003	+0.0037499
2012-10	0.066	-0.0029217	-0.0026612	-0.0023895	-0.0020993	-0.0017850	-0.0014301	-0.0010409	-0.0006243	-0.0001665	+0.0003174	+0.0008179	+0.0013067	+0.0017810	+0.0022289	+0.0026416	+0.0030262	+0.0033773	+0.0036998	+0.0039941	+0.0042590	+0.0045247
2012-11	0.067	-0.0034677	-0.0028331	-0.0020821	-0.0013541	-0.0007226	-0.0001221	+0.0005400	+0.0013374	+0.0022087	+0.0028910	+0.0034373	+0.0039148	+0.0043302	+0.0047094	+0.0050426	+0.0053475	+0.0056123	+0.0058581	+0.0060743	+0.0062806	+0.0064664
2012-12	0.080	-0.0034818	-0.0029013	-0.0022473	-0.0016020	-0.0009428	-0.0002881	+0.0003747	+0.0010881	+0.0018232	+0.0025443	+0.0032030	+0.0038123	+0.0043623	+0.0048493	+0.0052819	+0.0056680	+0.0060114	+0.0063232	+0.0065951	+0.0068472	+0.0070631
2013-01	0.111	-0.0046836	-0.0040229	-0.0033449	-0.0025780	-0.0018152	-0.0010580	-0.0002895	+0.0005320	+0.0013633	+0.0021521	+0.0028635	+0.0035062	+0.0040780	+0.0045860	+0.0050387	+0.0054330	+0.0057877	+0.0061009	+0.0063846	+0.0066420	+0.0068862
2013-02	-0.040	-0.0048209	-0.0037224	-0.0020472	-0.0013064	-0.0005980	+0.0002459	+0.0013329	+0.0029885	+0.0040763	+0.0049383	+0.0057213	+0.0064514	+0.0071637	+0.0078428	+0.0084651	+0.0090760	+0.0096293	+0.0100000	+0.0100000	+0.0100000	+0.0100000
2013-03	0.021	-0.0053485	-0.0048484	-0.0043535	-0.0038011	-0.0031886	-0.0025536	-0.0018972	-0.0012076	-0.0004952	+0.0002080	+0.0008890	+0.0015432	+0.0021458	+0.0026708	+0.0030988	+0.0034637	+0.0037670	+0.0040349	+0.0042735	+0.0044859	+0.0046740
2013-04	0.058	-0.0067124	-0.0062693	-0.0058141	-0.0053439	-0.0048200	-0.0042522	-0.0036504	-0.0029912	-0.0022949	-0.0015635	-0.0008130	-0.0000682	+0.0006566	+0.0013513	+0.0019917	+0.0025847	+0.0031383	+0.0036466	+0.0041121	+0.0045429	+0.0049646
2013-05	0.060	-0.0042921	-0.0038980	-0.0034877	-0.0030255	-0.0025188	-0.0019845	-0.0014114	-0.0007907	-0.0001266	+0.0005733	+0.0013066	+0.0020335	+0.0027403	+0.0034055	+0.0040292	+0.0046142	+0.0051480	+0.0056327	+0.0060932	+0.0065184	+0.0068999
2013-06	-0.130	-0.0042618	-0.0036504	-0.0029902	-0.0023066	-0.0015729	-0.0008083	-0.0000126	+0.0008115	+0.0016644	+0.0025202	+0.0033673	+0.0041908	+0.0049509	+0.0056546	+0.0062943	+0.0068719	+0.0073818	+0.0078570	+0.0082801	+0.0086700	+0.0090471
2013-07	0.056	-0.0096324	-0.0094356	-0.0091599	-0.0087946	-0.0083268	-0.0077730	-0.0071083	-0.0063580	-0.0055089	-0.0045911	-0.0036169	-0.0026218	-0.0016331	-0.0006608	+0.0002935	+0.0012571	+0.0022896	+0.0035753	+0.0100000	+0.0100000	+0.0100000
2013-08	0.021	-0.0083181	-0.0078078	-0.0072165	-0.0065911	-0.0058899	-0.0051211	-0.0043076	-0.0034493	-0.0025190	-0.0015464	-0.0005784	+0.0003757	+0.0012954	+0.0021417	+0.0029236	+0.0036325	+0.0042796	+0.0048807	+0.0054607	+0.0060144	+0.0066391
2013-09	0.057	-0.0029575	-0.0026490	-0.0022917	-0.0019335	-0.0015394	-0.0011224	-0.0006872	-0.0002186	+0.0002692	+0.0007762	+0.0012769	+0.0017793	+0.0022553	+0.0026981	+0.0031176	+0.0034956	+0.0038387	+0.0041601	+0.0044607	+0.0047329	+0.0049748
2013-10	0.015	-0.0041614	-0.0036387	-0.0030493	-0.0024442	-0.0018246	-0.0011775	-0.0005073	+0.0001925	+0.0008976	+0.0015961	+0.0022716	+0.0029216	+0.0035289	+0.0040975	+0.0046185	+0.0050872	+0.0055139	+0.0059193	+0.0062881	+0.0066418	+0.0069675
2013-11	0.079	-0.0054534	-0.0049568	-0.0044255	-0.0038857	-0.0033139	-0.0027042	-0.0020601	-0.0013818	-0.0006703	+0.0000725	+0.0008041	+0.0015318	+0.0022122	+0.0028510	+0.0034281	+0.0039487	+0.0044161	+0.0048482	+0.0052483	+0.0056279	+0.0059574
2013-12	0.048	-0.0042832	-0.0038077	-0.0032829	-0.0027188	-0.0021393	-0.0015165	-0.0008546	-0.0001514	+0.0005829	+0.0013362	+0.0020873	+0.0028169	+0.0035079	+0.0041333	+0.0046954	+0.0051979	+0.0056517	+0.0060670	+0.0064409	+0.0067581	+0.0070510
2014-01	-0.011	-0.0032491	-0.0025351	-0.0018016	-0.0011800	-0.0006050	+0.0000166	+0.0007564	+0.0015502	+0.0022468	+0.0028544	+0.0034028	+0.0039229	+0.0044139	+0.0048709	+0.0053011	+0.0057062	+0.0060820	+0.0064224	+0.0067456	+0.0070481	+0.0073316
2014-02	0.015	-0.0066306	-0.0060788	-0.0054409	-0.0048215	-0.0041798	-0.0034508	-0.0026753	-0.0019018	-0.0010668	-0.0002189	+0.0006374	+0.0014624	+0.0022429	+0.0029552	+0.0035901	+0.0041263	+0.0046233	+0.0050688	+0.0054741	+0.0058516	+0.0062068
2014-03	-0.050	-0.0076177	-0.0071446	-0.0066361	-0.0060793	-0.0054796	-0.0048301	-0.0041327	-0.0033893	-0.0025979	-0.0017751	-0.0009452	-0.0001102	+0.0006864	+0.0014240	+0.0021125	+0.0027403	+0.0033028	+0.0038259	+0.0043084	+0.0047449	+0.0051537
2014-04	-0.041	-0.0067508	-0.0062823	-0.0057607	-0.0051949	-0.0046010	-0.0039475	-0.0032205	-0.0024505	-0.0016125	-0.0007272	+0.0001695	+0.0010638	+0.0019274	+0.0027450	+0.0035066	+0.0042038	+0.0048518	+0.0054326	+0.0059613	+0.0064687	+0.0069049
2014-05	0.028	-0.0083368	-0.0080094	-0.0076241	-0.0072176	-0.0067710	-0.0062722	-0.0057298	-0.0051301	-0.0044774	-0.0037732	-0.0030282	-0.0022652	-0.0014966	-0.0007633	-0.0000685	+0.0005993	+0.0012182	+0.0017937	+0.0023569	+0.0028801	+0.0033674
2014-06	0.033	-0.0059583	-0.0056226	-0.0052735	-0.0049011	-0.0044769	-0.0040300	-0.0035235	-0.0029719	-0.0023936	-0.0017834	-0.0011553	-0.0005210	+0.0000959	+0.0006956	+0.0012398	+0.0017351	+0.0021912	+0.0026223	+0.0030098	+0.0033719	+0.0037165
2014-07	0.042	-0.0022920	-0.0018917	-0.0014525	-0.0010263	-0.0005878	-0.0001231	+0.0003529	+0.0008543	+0.0013636	+0.0018575	+0.0023289	+0.0027612	+0.0031571	+0.0035143	+0.0038348	+0.0041262	+0.0043831	+0.0046160	+0.0048256	+0.0050259	+0.0052077
2014-08	0.004	-0.0024510	-0.0021406	-0.0018335	-0.0015064	-0.0011688	-0.0008090	-0.0004212	-0.0000144	+0.0004198	+0.0008649	+0.0013067	+0.0017429	+0.0021568	+0.0025447	+0.0028981	+0.0032266	+0.0035320	+0.0038004	+0.0040526	+0.0042767	+0.0044871
2014-09	0.009	-0.0022799	-0.0020057	-0.0017285	-0.0014319	-0.0011212	-0.0007901	-0.0004410	-0.0000751	+0.0003066	+0.0006883	+0.0010659	+0.0014317	+0.0017762	+0.0020914	+0.0023714	+0.0026305	+0.0028612	+0.0030826	+0.0032754	+0.0034552	+0.0036260
2014-10	0.021	-0.0028313	-0.0025385	-0.0022402	-0.0019071	-0.0015628	-0.0011757	-0.0007761	-0.0003519	+0.0000873	+0.0005513	+0.0010251	+0.0014880	+0.0019398	+0.0023583	+0.0027497	+0.0031074	+0.0034282	+0.0037260	+0.0040086	+0.0042650	+0.0045046
2014-11	0.104	-0.0056603	-0.0053218	-0.0049356	-0.0045240	-0.0041020	-0.0036290	-0.0031147	-0.0025574	-0.0019614	-0.0013376	-0.0006946	-0.0000525	+0.0005759	+0.0011738	+0.0017338	+0.0022538	+0.0027386	+0.0031813	+0.0036024	+0.0039838	+0.0043454
2014-12	0.042	-0.0046764	-0.0041033	-0.0034507	-0.0027765	-0.0020653	-0.0013220	-0.0005179	+0.0003585	+0.0012798	+0.0022431	+0.0032194	+0.0041602	+0.0050522	+0.0059065	+0.0066805	+0.0073940	+0.0080406	+0.0086244	+0.0091564	+0.0096508	+0.0100000
2015-01	-0.010	-0.0048424	-0.0042726	-0.0036422	-0.0029812	-0.0022833	-0.0015551	-0.0007952	-0.0000054	+0.0008074	+0.0016205	+0.0024443	+0.0032213	+0.0039611	+0.0046216	+0.0052176	+0.0057476	+0.0062171	+0.0066289	+0.0070135	+0.0073651	+0.0076519
2015-02	-0.003	-0.0057996	-0.0052784	-0.0047043	-0.0041152	-0.0034795	-0.0028280	-0.0021143	-0.0013457	-0.0005217	+0.0003152	+0.0011730	+0.0020118	+0.0028137	+0.0035637	+0.0042560	+0.0048829	+0.0054546	+0.0059924	+0.0064744	+0.0069166	+0.0073428
