2012-09	-0.001	-0.0009100	-0.0008455	-0.0007736	-0.0006935	-0.0006039	-0.0005053	-0.0003962	-0.0002707	-0.0001305	+0.0000177	+0.0001751	+0.0003383	+0.0005008	+0.0006587	+0.0008065	+0.0009471	+0.0010776	+0.0011990	+0.0013092	+0.0014104	+0.0015092
2012-10	0.023	-0.0007938	-0.0007420	-0.0006909	-0.0006309	-0.0005675	-0.0004992	-0.0004243	-0.0003441	-0.0002591	-0.0001688	-0.0000764	+0.0000164	+0.0001071	+0.0001941	+0.0002747	+0.0003504	+0.0004211	+0.0004832	+0.0005440	+0.0005978	+0.0006495
2012-11	0.031	-0.0011765	-0.0010062	-0.0008447	-0.0006796	-0.0005062	-0.0003223	-0.0001271	+0.0000719	+0.0002729	+0.0004709	+0.0006642	+0.0008499	+0.0010263	+0.0011894	+0.0013406	+0.0014791	+0.0016051	+0.0017239	+0.0018352	+0.0019376	+0.0020351
2012-12	0.036	-0.0015593	-0.0012977	-0.0010274	-0.0007720	-0.0005286	-0.0002755	+0.0000098	+0.0003207	+0.0006132	+0.0008710	+0.0011041	+0.0013201	+0.0015186	+0.0017043	+0.0018741	+0.0020266	+0.0021716	+0.0023077	+0.0024381	+0.0025578	+0.0026654
2013-01	0.037	-0.0018144	-0.0015297	-0.0009965	-0.0006089	-0.0003549	-0.0001065	+0.0001971	+0.0007056	+0.0011601	+0.0014308	+0.0016481	+0.0018395	+0.0020154	+0.0021766	+0.0023255	+0.0024660	+0.0025985	+0.0027161	+0.0028261	+0.0029337	+0.0030335
2013-02	0.001	-0.0013049	-0.0009525	-0.0004135	-0.0000612	+0.0002132	+0.0005063	+0.0008811	+0.0013808	+0.0018217	+0.0021434	+0.0024148	+0.0026622	+0.0028893	+0.0031019	+0.0032987	+0.0034852	+0.0036535	+0.0038121	+0.0039602	+0.0040990	+0.0042272
2013-03	0.016	-0.0025700	-0.0022458	-0.0019231	-0.0015844	-0.0012313	-0.0008563	-0.0004777	-0.0000755	+0.0003307	+0.0007237	+0.0010912	+0.0014259	+0.0017248	+0.0019866	+0.0022210	+0.0024363	+0.0026259	+0.0027892	+0.0029338	+0.0030662	+0.0031980
2013-04	0.063	-0.0026614	-0.0024667	-0.0022643	-0.0020426	-0.0017979	-0.0015386	-0.0012552	-0.0009456	-0.0006116	-0.0002581	+0.0001156	+0.0004862	+0.0008487	+0.0011961	+0.0015160	+0.0018159	+0.0020870	+0.0023398	+0.0025841	+0.0028167	+0.0030198
2013-05	-0.010	-0.0038374	-0.0033875	-0.0029225	-0.0024400	-0.0019193	-0.0013916	-0.0008200	-0.0002265	+0.0004267	+0.0011234	+0.0018638	+0.0026220	+0.0033840	+0.0041316	+0.0048348	+0.0055123	+0.0061435	+0.0067150	+0.0072826	+0.0078199	+0.0083195
2013-06	-0.091	-0.0047682	-0.0043205	-0.0038397	-0.0033287	-0.0028051	-0.0022228	-0.0015982	-0.0009226	-0.0002105	+0.0005543	+0.0013439	+0.0021604	+0.0029496	+0.0037328	+0.0044781	+0.0051852	+0.0058228	+0.0064251	+0.0070027	+0.0075466	+0.0080688
2013-07	0.009	-0.0089234	-0.0086356	-0.0083218	-0.0079804	-0.0075883	-0.0071464	-0.0066407	-0.0060731	-0.0054347	-0.0047316	-0.0039684	-0.0031738	-0.0023551	-0.0015456	-0.0007555	+0.0000322	+0.0007889	+0.0015102	+0.0022355	+0.0029317	+0.0036290
2013-08	-0.032	-0.0070075	-0.0066052	-0.0061673	-0.0056894	-0.0051885	-0.0046295	-0.0040070	-0.0033340	-0.0025979	-0.0018024	-0.0009792	-0.0001490	+0.0006798	+0.0014574	+0.0021854	+0.0028745	+0.0035099	+0.0041006	+0.0046367	+0.0051596	+0.0056506
2013-09	0.031	-0.0050739	-0.0048260	-0.0045843	-0.0042930	-0.0039878	-0.0036477	-0.0032778	-0.0028652	-0.0024082	-0.0019204	-0.0014070	-0.0008831	-0.0003599	+0.0001423	+0.0006250	+0.0010792	+0.0014999	+0.0018966	+0.0022776	+0.0026381	+0.0030131
2013-10	0.016	-0.0028437	-0.0026201	-0.0023626	-0.0020958	-0.0018037	-0.0014986	-0.0011715	-0.0008225	-0.0004470	-0.0000578	+0.0003417	+0.0007343	+0.0011093	+0.0014591	+0.0017850	+0.0020827	+0.0023599	+0.0026069	+0.0028440	+0.0030554	+0.0032409
2013-11	0.009	-0.0023802	-0.0021051	-0.0017961	-0.0014870	-0.0011537	-0.0008098	-0.0004424	-0.0000474	+0.0003619	+0.0007808	+0.0011924	+0.0015988	+0.0019835	+0.0023362	+0.0026559	+0.0029401	+0.0031914	+0.0034075	+0.0036204	+0.0037939	+0.0039640
2013-12	0.029	-0.0013884	-0.0012144	-0.0010297	-0.0008369	-0.0006296	-0.0004016	-0.0001550	+0.0001058	+0.0003818	+0.0006675	+0.0009588	+0.0012450	+0.0015228	+0.0017805	+0.0020137	+0.0022265	+0.0024216	+0.0026001	+0.0027567	+0.0028972	+0.0030323
2014-01	-0.032	-0.0014914	-0.0012672	-0.0010269	-0.0007696	-0.0004848	-0.0002009	+0.0000960	+0.0004088	+0.0007252	+0.0010495	+0.0013662	+0.0016695	+0.0019487	+0.0022031	+0.0024296	+0.0026254	+0.0028027	+0.0029531	+0.0030944	+0.0032229	+0.0033460
2014-02	0.022	-0.0030193	-0.0027882	-0.0025295	-0.0022681	-0.0019921	-0.0016877	-0.0013712	-0.0010337	-0.0006776	-0.0003147	+0.0000510	+0.0004075	+0.0007475	+0.0010527	+0.0013307	+0.0015784	+0.0018035	+0.0020005	+0.0021799	+0.0023556	+0.0025189
2014-03	0.018	-0.0033629	-0.0031359	-0.0028859	-0.0026185	-0.0023264	-0.0020111	-0.0016736	-0.0013163	-0.0009464	-0.0005682	-0.0001850	+0.0001915	+0.0005497	+0.0008782	+0.0011712	+0.0014429	+0.0016812	+0.0018962	+0.0020824	+0.0022553	+0.0024075
2014-04	0.008	-0.0015780	-0.0013856	-0.0011588	-0.0009265	-0.0006778	-0.0004181	-0.0001372	+0.0001538	+0.0004551	+0.0007678	+0.0010721	+0.0013700	+0.0016484	+0.0019005	+0.0021266	+0.0023259	+0.0025019	+0.0026617	+0.0028056	+0.0029373	+0.0030535
2014-05	0.024	-0.0017021	-0.0015362	-0.0013553	-0.0011644	-0.0009534	-0.0007350	-0.0004938	-0.0002422	+0.0000256	+0.0003081	+0.0005918	+0.0008748	+0.0011452	+0.0014025	+0.0016417	+0.0018615	+0.0020660	+0.0022501	+0.0024193	+0.0025742	+0.0027158
2014-06	0.002	-0.0009498	-0.0008329	-0.0007133	-0.0005866	-0.0004515	-0.0003087	-0.0001545	+0.0000079	+0.0001784	+0.0003568	+0.0005376	+0.0007173	+0.0008883	+0.0010470	+0.0011936	+0.0013279	+0.0014507	+0.0015653	+0.0016690	+0.0017656	+0.0018566
2014-07	0.013	-0.0012613	-0.0011155	-0.0009643	-0.0008067	-0.0006443	-0.0004701	-0.0002889	-0.0000988	+0.0000990	+0.0002988	+0.0004990	+0.0006920	+0.0008725	+0.0010366	+0.0011843	+0.0013183	+0.0014332	+0.0015390	+0.0016342	+0.0017251	+0.0018052
2014-08	0.013	-0.0010705	-0.0009754	-0.0008725	-0.0007666	-0.0006533	-0.0005316	-0.0004062	-0.0002733	-0.0001327	+0.0000102	+0.0001540	+0.0002985	+0.0004353	+0.0005614	+0.0006772	+0.0007827	+0.0008828	+0.0009717	+0.0010564	+0.0011310	+0.0012004
2014-09	0.024	-0.0014376	-0.0012858	-0.0011231	-0.0009417	-0.0007501	-0.0005428	-0.0003243	-0.0000898	+0.0001523	+0.0004081	+0.0006687	+0.0009175	+0.0011557	+0.0013819	+0.0015928	+0.0017821	+0.0019572	+0.0021154	+0.0022661	+0.0023993	+0.0025222
2014-10	0.007	-0.0009593	-0.0007448	-0.0005076	-0.0002513	+0.0000088	+0.0002718	+0.0005350	+0.0008135	+0.0011073	+0.0013979	+0.0016558	+0.0018818	+0.0020805	+0.0022569	+0.0024119	+0.0025508	+0.0026742	+0.0027869	+0.0028839	+0.0029743	+0.0030568
2014-11	0.068	-0.0018225	-0.0016587	-0.0014902	-0.0013032	-0.0011073	-0.0008965	-0.0006626	-0.0004154	-0.0001506	+0.0001274	+0.0004117	+0.0006945	+0.0009636	+0.0012201	+0.0014526	+0.0016703	+0.0018694	+0.0020461	+0.0022132	+0.0023659	+0.0025051
2014-12	-0.001	-0.0026586	-0.0022415	-0.0017859	-0.0013125	-0.0008217	-0.0003357	+0.0001791	+0.0007141	+0.0012577	+0.0018164	+0.0023578	+0.0028835	+0.0033874	+0.0038520	+0.0042827	+0.0046776	+0.0050484	+0.0053840	+0.0057025	+0.0059814	+0.0062759
2015-01	-0.012	-0.0052964	-0.0048053	-0.0042541	-0.0037022	-0.0030956	-0.0024769	-0.0018229	-0.0011377	-0.0004262	+0.0002972	+0.0010173	+0.0017072	+0.0023551	+0.0029494	+0.0034819	+0.0039590	+0.0044182	+0.0048281	+0.0051969	+0.0055497	+0.0058758
2015-02	0.001	-0.0062115	-0.0057969	-0.0053581	-0.0048784	-0.0043728	-0.0038244	-0.0032427	-0.0026232	-0.0019775	-0.0013006	-0.0006254	+0.0000490	+0.0006959	+0.0013304	+0.0019295	+0.0024883	+0.0030160	+0.0035006	+0.0039537	+0.0043794	+0.0048044
