2011-03	0.001	-0.0005171	-0.0004858	-0.0004544	-0.0004177	-0.0003807	-0.0003407	-0.0002956	-0.0002498	-0.0001989	-0.0001473	-0.0000935	-0.0000372	+0.0000143	+0.0000653	+0.0001110	+0.0001536	+0.0001934	+0.0002303	+0.0002642	+0.0002956	+0.0003242
2011-04	0.004	-0.0004152	-0.0003850	-0.0003534	-0.0003209	-0.0002881	-0.0002510	-0.0002112	-0.0001689	-0.0001241	-0.0000770	-0.0000297	+0.0000173	+0.0000600	+0.0001022	+0.0001420	+0.0001767	+0.0002069	+0.0002365	+0.0002616	+0.0002865	+0.0003086
2011-05	0.004	-0.0002936	-0.0002636	-0.0002292	-0.0001964	-0.0001569	-0.0001171	-0.0000744	-0.0000252	+0.0000247	+0.0000771	+0.0001320	+0.0001866	+0.0002407	+0.0002909	+0.0003381	+0.0003827	+0.0004228	+0.0004599	+0.0004947	+0.0005271	+0.0005569
2011-06	0.005	-0.0003265	-0.0002609	-0.0001982	-0.0001311	-0.0000652	+0.0000030	+0.0000757	+0.0001497	+0.0002232	+0.0002950	+0.0003633	+0.0004279	+0.0004884	+0.0005433	+0.0005924	+0.0006371	+0.0006771	+0.0007134	+0.0007474	+0.0007781	+0.0008053
2011-07	0.004	-0.0003330	-0.0002811	-0.0002102	-0.0001604	-0.0001186	-0.0000765	-0.0000222	+0.0000465	+0.0001059	+0.0001528	+0.0001942	+0.0002312	+0.0002658	+0.0002982	+0.0003298	+0.0003576	+0.0003850	+0.0004112	+0.0004357	+0.0004581	+0.0004806
2011-08	0.004	-0.0003439	-0.0003043	-0.0002602	-0.0002161	-0.0001694	-0.0001203	-0.0000665	-0.0000122	+0.0000443	+0.0001031	+0.0001621	+0.0002209	+0.0002773	+0.0003314	+0.0003827	+0.0004294	+0.0004732	+0.0005130	+0.0005518	+0.0005861	+0.0006206
2011-09	0.004	-0.0003270	-0.0002778	-0.0002269	-0.0001749	-0.0001196	-0.0000606	+0.0000025	+0.0000663	+0.0001343	+0.0002010	+0.0002692	+0.0003364	+0.0003991	+0.0004593	+0.0005136	+0.0005633	+0.0006096	+0.0006525	+0.0006912	+0.0007270	+0.0007599
2011-10	-0.002	-0.0004497	-0.0003961	-0.0003407	-0.0002844	-0.0002257	-0.0001609	-0.0000953	-0.0000285	+0.0000390	+0.0001043	+0.0001648	+0.0002211	+0.0002727	+0.0003207	+0.0003642	+0.0004031	+0.0004374	+0.0004679	+0.0004963	+0.0005229	+0.0005468
2011-11	-0.002	-0.0003381	-0.0003109	-0.0002826	-0.0002517	-0.0002168	-0.0001825	-0.0001416	-0.0001020	-0.0000579	-0.0000110	+0.0000361	+0.0000834	+0.0001302	+0.0001726	+0.0002159	+0.0002528	+0.0002906	+0.0003243	+0.0003553	+0.0003834	+0.0004133
2011-12	0.005	-0.0005844	-0.0005459	-0.0005068	-0.0004626	-0.0004182	-0.0003708	-0.0003185	-0.0002657	-0.0002103	-0.0001524	-0.0000969	-0.0000417	+0.0000083	+0.0000553	+0.0000968	+0.0001330	+0.0001662	+0.0001966	+0.0002243	+0.0002491	+0.0002714
2012-01	0.001	-0.0005015	-0.0004606	-0.0004192	-0.0003709	-0.0003249	-0.0002761	-0.0002205	-0.0001647	-0.0001067	-0.0000484	+0.0000097	+0.0000609	+0.0001139	+0.0001601	+0.0001988	+0.0002304	+0.0002570	+0.0002790	+0.0002985	+0.0003178	+0.0003347
2012-02	-0.001	-0.0001882	-0.0001608	-0.0001356	-0.0001080	-0.0000803	-0.0000499	-0.0000194	+0.0000112	+0.0000441	+0.0000748	+0.0001027	+0.0001302	+0.0001552	+0.0001799	+0.0001996	+0.0002190	+0.0002383	+0.0002550	+0.0002717	+0.0002882	+0.0003048
2012-03	0.000	-0.0001740	-0.0001630	-0.0001519	-0.0001381	-0.0001243	-0.0001104	-0.0000911	-0.0000718	-0.0000524	-0.0000276	-0.0000054	+0.0000195	+0.0000443	+0.0000665	+0.0000886	+0.0001107	+0.0001300	+0.0001493	+0.0001687	+0.0001853	+0.0002019
2012-04	0.000	-0.0002831	-0.0002615	-0.0002420	-0.0002202	-0.0001961	-0.0001719	-0.0001475	-0.0001208	-0.0000919	-0.0000651	-0.0000361	-0.0000071	+0.0000195	+0.0000438	+0.0000678	+0.0000896	+0.0001090	+0.0001262	+0.0001430	+0.0001578	+0.0001723
2012-05	0.005	-0.0002808	-0.0002590	-0.0002372	-0.0002154	-0.0001911	-0.0001645	-0.0001378	-0.0001088	-0.0000774	-0.0000482	-0.0000168	+0.0000123	+0.0000413	+0.0000678	+0.0000898	+0.0001116	+0.0001331	+0.0001502	+0.0001671	+0.0001817	+0.0001962
2012-06	-0.001	-0.0001472	-0.0001228	-0.0000961	-0.0000676	-0.0000384	-0.0000073	+0.0000245	+0.0000583	+0.0000943	+0.0001306	+0.0001667	+0.0002008	+0.0002343	+0.0002637	+0.0002923	+0.0003187	+0.0003428	+0.0003643	+0.0003839	+0.0004031	+0.0004201
2012-07	0.002	-0.0002071	-0.0001878	-0.0001684	-0.0001468	-0.0001228	-0.0000986	-0.0000721	-0.0000433	-0.0000142	+0.0000193	+0.0000507	+0.0000844	+0.0001135	+0.0001447	+0.0001735	+0.0002000	+0.0002241	+0.0002459	+0.0002676	+0.0002868	+0.0003061
2012-08	-0.005	-0.0002325	-0.0002040	-0.0001747	-0.0001413	-0.0001075	-0.0000716	-0.0000335	+0.0000051	+0.0000463	+0.0000891	+0.0001300	+0.0001705	+0.0002070	+0.0002425	+0.0002738	+0.0003005	+0.0003267	+0.0003486	+0.0003700	+0.0003892	+0.0004080
2012-09	-0.000	-0.0005538	-0.0005214	-0.0004869	-0.0004500	-0.0004091	-0.0003654	-0.0003191	-0.0002674	-0.0002122	-0.0001549	-0.0000964	-0.0000382	+0.0000186	+0.0000719	+0.0001204	+0.0001663	+0.0002073	+0.0002446	+0.0002771	+0.0003098	+0.0003382
2012-10	-0.006	-0.0005328	-0.0005064	-0.0004775	-0.0004445	-0.0004105	-0.0003740	-0.0003327	-0.0002870	-0.0002364	-0.0001812	-0.0001227	-0.0000619	+0.0000001	+0.0000609	+0.0001213	+0.0001768	+0.0002324	+0.0002837	+0.0003335	+0.0003790	+0.0004207
2012-11	0.005	-0.0007733	-0.0007311	-0.0006819	-0.0006321	-0.0005779	-0.0005175	-0.0004527	-0.0003839	-0.0003089	-0.0002307	-0.0001504	-0.0000698	+0.0000086	+0.0000835	+0.0001527	+0.0002157	+0.0002742	+0.0003270	+0.0003765	+0.0004216	+0.0004673
2012-12	0.001	-0.0006534	-0.0006027	-0.0005503	-0.0004939	-0.0004334	-0.0003693	-0.0003008	-0.0002262	-0.0001462	-0.0000633	+0.0000217	+0.0001044	+0.0001846	+0.0002596	+0.0003288	+0.0003928	+0.0004501	+0.0005049	+0.0005541	+0.0005979	+0.0006383
2013-01	0.006	-0.0003419	-0.0002870	-0.0002317	-0.0001745	-0.0001171	-0.0000547	+0.0000111	+0.0000799	+0.0001494	+0.0002217	+0.0002930	+0.0003632	+0.0004297	+0.0004904	+0.0005472	+0.0005986	+0.0006443	+0.0006872	+0.0007274	+0.0007623	+0.0007949
2013-02	0.008	-0.0004457	-0.0004044	-0.0003551	-0.0003080	-0.0002582	-0.0002060	-0.0001486	-0.0000881	-0.0000249	+0.0000412	+0.0001098	+0.0001764	+0.0002445	+0.0003080	+0.0003681	+0.0004233	+0.0004731	+0.0005199	+0.0005636	+0.0006049	+0.0006432
2013-03	0.013	-0.0002420	-0.0001977	-0.0001457	-0.0000932	-0.0000384	+0.0000189	+0.0000783	+0.0001403	+0.0002056	+0.0002703	+0.0003348	+0.0003972	+0.0004575	+0.0005135	+0.0005638	+0.0006095	+0.0006519	+0.0006897	+0.0007250	+0.0007579	+0.0007895
2013-04	-0.004	-0.0005345	-0.0004166	-0.0002176	-0.0001093	-0.0000313	+0.0000539	+0.0001669	+0.0003588	+0.0005077	+0.0006008	+0.0006780	+0.0007482	+0.0008140	+0.0008758	+0.0009338	+0.0009883	+0.0010383	+0.0010854	+0.0011307	+0.0011689	+0.0012074
2013-05	-0.009	-0.0011558	-0.0010455	-0.0009346	-0.0008107	-0.0006788	-0.0005408	-0.0003980	-0.0002484	-0.0000928	+0.0000632	+0.0002130	+0.0003581	+0.0004925	+0.0006109	+0.0007142	+0.0008038	+0.0008847	+0.0009584	+0.0010268	+0.0010925	+0.0011511
2013-06	-0.002	-0.0018454	-0.0017412	-0.0016319	-0.0015237	-0.0014068	-0.0012803	-0.0011451	-0.0010013	-0.0008476	-0.0006907	-0.0005330	-0.0003788	-0.0002325	-0.0000970	+0.0000273	+0.0001398	+0.0002401	+0.0003339	+0.0004211	+0.0004980	+0.0005720
2013-07	0.002	-0.0013262	-0.0012436	-0.0011526	-0.0010611	-0.0009669	-0.0008619	-0.0007505	-0.0006377	-0.0005182	-0.0003937	-0.0002751	-0.0001600	-0.0000475	+0.0000502	+0.0001365	+0.0002220	+0.0003060	+0.0003843	+0.0004511	+0.0005132	+0.0005759
2013-08	0.003	-0.0001809	-0.0001621	-0.0001452	-0.0001262	-0.0001048	-0.0000834	-0.0000619	-0.0000380	-0.0000120	+0.0000120	+0.0000382	+0.0000621	+0.0000859	+0.0001073	+0.0001287	+0.0001477	+0.0001644	+0.0001788	+0.0001931	+0.0002073	+0.0002193
2013-09	0.006	-0.0001736	-0.0001520	-0.0001302	-0.0001045	-0.0000784	-0.0000501	-0.0000210	+0.0000118	+0.0000452	+0.0000787	+0.0001142	+0.0001477	+0.0001809	+0.0002118	+0.0002423	+0.0002686	+0.0002946	+0.0003164	+0.0003398	+0.0003589	+0.0003779
2013-10	0.006	-0.0002491	-0.0002086	-0.0001681	-0.0001254	-0.0000804	-0.0000328	+0.0000167	+0.0000684	+0.0001225	+0.0001758	+0.0002296	+0.0002803	+0.0003292	+0.0003736	+0.0004143	+0.0004504	+0.0004848	+0.0005144	+0.0005423	+0.0005657	+0.0005875
2013-11	0.002	-0.0003087	-0.0002520	-0.0001532	-0.0000657	-0.0000147	+0.0000330	+0.0000900	+0.0001811	+0.0002879	+0.0003465	+0.0003914	+0.0004298	+0.0004647	+0.0004956	+0.0005238	+0.0005496	+0.0005726	+0.0005936	+0.0006128	+0.0006306	+0.0006479
2013-12	-0.004	-0.0001829	-0.0001551	-0.0001290	-0.0000986	-0.0000682	-0.0000377	-0.0000068	+0.0000282	+0.0000632	+0.0000961	+0.0001268	+0.0001572	+0.0001853	+0.0002111	+0.0002347	+0.0002579	+0.0002788	+0.0002977	+0.0003143	+0.0003309	+0.0003470
2014-01	0.004	-0.0002621	-0.0002434	-0.0002246	-0.0002032	-0.0001791	-0.0001525	-0.0001256	-0.0000937	-0.0000615	-0.0000293	+0.0000055	+0.0000403	+0.0000750	+0.0001071	+0.0001365	+0.0001633	+0.0001875	+0.0002115	+0.0002329	+0.0002516	+0.0002703
2014-02	0.002	-0.0002380	-0.0002167	-0.0001953	-0.0001738	-0.0001496	-0.0001230	-0.0000937	-0.0000642	-0.0000347	+0.0000000	+0.0000322	+0.0000670	+0.0000991	+0.0001286	+0.0001580	+0.0001847	+0.0002088	+0.0002302	+0.0002516	+0.0002703	+0.0002889
2014-03	-0.001	-0.0001576	-0.0001338	-0.0001097	-0.0000855	-0.0000587	-0.0000295	-0.0000026	+0.0000268	+0.0000563	+0.0000856	+0.0001149	+0.0001416	+0.0001658	+0.0001896	+0.0002086	+0.0002274	+0.0002458	+0.0002617	+0.0002752	+0.0002885	+0.0002994
2014-04	0.002	-0.0002079	-0.0001919	-0.0001733	-0.0001572	-0.0001359	-0.0001145	-0.0000905	-0.0000639	-0.0000347	-0.0000078	+0.0000215	+0.0000508	+0.0000801	+0.0001068	+0.0001308	+0.0001548	+0.0001761	+0.0001948	+0.0002134	+0.0002295	+0.0002429
2014-05	0.004	-0.0001656	-0.0001493	-0.0001352	-0.0001188	-0.0001003	-0.0000816	-0.0000606	-0.0000396	-0.0000185	+0.0000048	+0.0000281	+0.0000515	+0.0000747	+0.0000957	+0.0001144	+0.0001330	+0.0001493	+0.0001634	+0.0001774	+0.0001891	+0.0002008
2014-06	0.003	-0.0000628	-0.0000466	-0.0000325	-0.0000185	-0.0000023	+0.0000141	+0.0000326	+0.0000513	+0.0000699	+0.0000886	+0.0001072	+0.0001258	+0.0001421	+0.0001583	+0.0001724	+0.0001862	+0.0001979	+0.0002074	+0.0002188	+0.0002281	+0.0002353
2014-07	0.001	-0.0001347	-0.0001092	-0.0000674	-0.0000325	-0.0000094	+0.0000115	+0.0000350	+0.0000767	+0.0001207	+0.0001442	+0.0001649	+0.0001813	+0.0001975	+0.0002115	+0.0002254	+0.0002372	+0.0002506	+0.0002601	+0.0002695	+0.0002809	+0.0002899
2014-08	0.003	-0.0001620	-0.0001365	-0.0000855	-0.0000487	-0.0000299	-0.0000091	+0.0000164	+0.0000627	+0.0001090	+0.0001322	+0.0001508	+0.0001671	+0.0001832	+0.0001972	+0.0002110	+0.0002227	+0.0002342	+0.0002457	+0.0002551	+0.0002644	+0.0002736
2014-09	0.000	-0.0000739	-0.0000577	-0.0000393	-0.0000230	-0.0000045	+0.0000140	+0.0000325	+0.0000533	+0.0000741	+0.0000926	+0.0001110	+0.0001272	+0.0001412	+0.0001572	+0.0001710	+0.0001827	+0.0001942	+0.0002057	+0.0002172	+0.0002265	+0.0002379
2014-10	0.003	-0.0002309	-0.0002123	-0.0001916	-0.0001685	-0.0001431	-0.0001177	-0.0000877	-0.0000576	-0.0000230	+0.0000117	+0.0000486	+0.0000856	+0.0001225	+0.0001572	+0.0001917	+0.0002217	+0.0002495	+0.0002749	+0.0003001	+0.0003210	+0.0003418
2014-11	0.005	-0.0002010	-0.0001778	-0.0001548	-0.0001295	-0.0001036	-0.0000740	-0.0000440	-0.0000116	+0.0000230	+0.0000595	+0.0000947	+0.0001314	+0.0001660	+0.0001982	+0.0002280	+0.0002540	+0.0002793	+0.0003041	+0.0003252	+0.0003438	+0.0003624
2014-12	0.010	-0.0003229	-0.0002754	-0.0002333	-0.0001835	-0.0001257	-0.0000658	-0.0000102	+0.0000497	+0.0001128	+0.0001753	+0.0002311	+0.0002833	+0.0003307	+0.0003751	+0.0004169	+0.0004540	+0.0004904	+0.0005222	+0.0005536	+0.0005829	+0.0006109
2015-01	-0.000	-0.0002714	-0.0002059	-0.0001431	-0.0000826	-0.0000143	+0.0000600	+0.0001324	+0.0002004	+0.0002718	+0.0003497	+0.0004243	+0.0004847	+0.0005322	+0.0005723	+0.0006067	+0.0006371	+0.0006644	+0.0006890	+0.0007117	+0.0007323	+0.0007532
2015-02	-0.007	-0.0007809	-0.0007131	-0.0006432	-0.0005381	-0.0004184	-0.0003368	-0.0002347	-0.0000813	+0.0000156	+0.0001289	+0.0002838	+0.0003718	+0.0004596	+0.0005896	+0.0006723	+0.0007242	+0.0007641	+0.0007978	+0.0008267	+0.0008535	+0.0008776
