2011-03	0.036	-0.0022417	-0.0021151	-0.0019758	-0.0018284	-0.0016605	-0.0014777	-0.0012701	-0.0010476	-0.0008035	-0.0005366	-0.0002624	+0.0000094	+0.0002790	+0.0005380	+0.0007830	+0.0010017	+0.0012144	+0.0014031	+0.0015841	+0.0017480	+0.0019087
2011-04	0.027	-0.0030320	-0.0027146	-0.0023864	-0.0020483	-0.0016988	-0.0013333	-0.0009455	-0.0005344	-0.0001168	+0.0003142	+0.0007446	+0.0011674	+0.0015710	+0.0019594	+0.0023324	+0.0026821	+0.0030016	+0.0033124	+0.0036043	+0.0038871	+0.0041514
2011-05	-0.037	-0.0038642	-0.0035001	-0.0030842	-0.0026430	-0.0021851	-0.0016848	-0.0011459	-0.0005678	+0.0000469	+0.0006844	+0.0013398	+0.0019892	+0.0026265	+0.0032226	+0.0037919	+0.0043148	+0.0047916	+0.0052410	+0.0056623	+0.0060409	+0.0064056
2011-06	0.007	-0.0046979	-0.0044559	-0.0041890	-0.0039039	-0.0035884	-0.0032525	-0.0028860	-0.0024936	-0.0020745	-0.0016285	-0.0011643	-0.0006910	-0.0002336	+0.0002081	+0.0006296	+0.0010245	+0.0013924	+0.0017394	+0.0020770	+0.0023947	+0.0026936
2011-07	-0.020	-0.0030757	-0.0028720	-0.0026444	-0.0024096	-0.0021609	-0.0018975	-0.0016192	-0.0013296	-0.0010317	-0.0007283	-0.0004264	-0.0001358	+0.0001491	+0.0004279	+0.0006892	+0.0009444	+0.0011813	+0.0014065	+0.0016216	+0.0018178	+0.0020154
2011-08	-0.037	-0.0034343	-0.0032266	-0.0030121	-0.0027751	-0.0025227	-0.0022545	-0.0019667	-0.0016525	-0.0013213	-0.0009735	-0.0006211	-0.0002789	+0.0000528	+0.0003706	+0.0006667	+0.0009406	+0.0011899	+0.0014184	+0.0016370	+0.0018281	+0.0020282
2011-09	-0.081	-0.0060557	-0.0057367	-0.0054207	-0.0050712	-0.0046937	-0.0043011	-0.0038803	-0.0034245	-0.0029338	-0.0024314	-0.0019102	-0.0013893	-0.0008707	-0.0003673	+0.0001218	+0.0005943	+0.0010330	+0.0014601	+0.0018683	+0.0022379	+0.0026143
2011-10	0.041	-0.0075994	-0.0072926	-0.0069713	-0.0066035	-0.0062074	-0.0057818	-0.0053223	-0.0048141	-0.0042576	-0.0036598	-0.0030316	-0.0023955	-0.0017345	-0.0010846	-0.0004430	+0.0001855	+0.0008058	+0.0013745	+0.0019453	+0.0024762	+0.0029947
2011-11	-0.030	-0.0066351	-0.0063172	-0.0059567	-0.0055682	-0.0051349	-0.0046554	-0.0041234	-0.0035528	-0.0029226	-0.0022539	-0.0015439	-0.0008195	-0.0000989	+0.0005847	+0.0012556	+0.0018887	+0.0024875	+0.0030300	+0.0035610	+0.0040584	+0.0045396
2011-12	-0.006	-0.0042325	-0.0039629	-0.0036523	-0.0033189	-0.0029426	-0.0025281	-0.0020669	-0.0015554	-0.0009961	-0.0003890	+0.0002505	+0.0008940	+0.0015208	+0.0021389	+0.0027080	+0.0032448	+0.0037410	+0.0042149	+0.0046658	+0.0050763	+0.0054612
2012-01	0.041	-0.0046650	-0.0044491	-0.0042298	-0.0039725	-0.0036848	-0.0033548	-0.0029944	-0.0025880	-0.0021370	-0.0016519	-0.0011300	-0.0006066	-0.0000754	+0.0004442	+0.0009376	+0.0014060	+0.0018473	+0.0022543	+0.0026518	+0.0030127	+0.0033599
2012-02	0.063	-0.0023898	-0.0021741	-0.0019346	-0.0016803	-0.0014079	-0.0011124	-0.0007876	-0.0004453	-0.0000850	+0.0002852	+0.0006600	+0.0010292	+0.0013742	+0.0016995	+0.0019940	+0.0022633	+0.0024996	+0.0027211	+0.0029176	+0.0031013	+0.0032558
2012-03	-0.011	-0.0026892	-0.0023889	-0.0009938	-0.0004107	-0.0001259	+0.0001438	+0.0004792	+0.0013238	+0.0024993	+0.0028042	+0.0030377	+0.0032442	+0.0034279	+0.0035947	+0.0037433	+0.0038798	+0.0040038	+0.0041131	+0.0042196	+0.0043192	+0.0044100
2012-04	-0.016	-0.0019492	-0.0016809	-0.0014046	-0.0011118	-0.0007866	-0.0004494	-0.0000995	+0.0002710	+0.0006502	+0.0010319	+0.0014078	+0.0017709	+0.0021075	+0.0024161	+0.0026896	+0.0029288	+0.0031473	+0.0033406	+0.0035142	+0.0036644	+0.0037915
2012-05	-0.065	-0.0027476	-0.0026239	-0.0024791	-0.0023226	-0.0021470	-0.0019568	-0.0017493	-0.0015214	-0.0012741	-0.0010111	-0.0007366	-0.0004562	-0.0001780	+0.0000942	+0.0003475	+0.0005844	+0.0008107	+0.0010209	+0.0012208	+0.0014009	+0.0015710
2012-06	0.008	-0.0044816	-0.0043454	-0.0042005	-0.0040416	-0.0038697	-0.0036801	-0.0034721	-0.0032399	-0.0029829	-0.0026978	-0.0023868	-0.0020261	-0.0015716	-0.0008970	-0.0002342	+0.0002227	+0.0006134	+0.0010221	+0.0016035	+0.0022606	+0.0026948
2012-07	0.014	-0.0038113	-0.0036286	-0.0034330	-0.0032182	-0.0029819	-0.0027231	-0.0024342	-0.0021183	-0.0017721	-0.0014037	-0.0010232	-0.0006273	-0.0002399	+0.0001298	+0.0004836	+0.0008126	+0.0011129	+0.0014017	+0.0016780	+0.0019367	+0.0021842
2012-08	-0.005	-0.0016110	-0.0014745	-0.0013293	-0.0011685	-0.0009940	-0.0008026	-0.0005905	-0.0003588	-0.0001023	+0.0001765	+0.0004675	+0.0007634	+0.0010560	+0.0013391	+0.0016031	+0.0018547	+0.0020837	+0.0023002	+0.0025004	+0.0026885	+0.0028670
2012-09	0.009	-0.0019094	-0.0017909	-0.0016719	-0.0015370	-0.0013915	-0.0012349	-0.0010640	-0.0008778	-0.0006868	-0.0004822	-0.0002772	-0.0000710	+0.0001262	+0.0003082	+0.0004766	+0.0006314	+0.0007739	+0.0008988	+0.0010201	+0.0011255	+0.0012224
2012-10	0.010	-0.0013765	-0.0012733	-0.0011630	-0.0010398	-0.0009035	-0.0007567	-0.0006020	-0.0004363	-0.0002593	-0.0000750	+0.0001123	+0.0002958	+0.0004720	+0.0006360	+0.0007836	+0.0009192	+0.0010419	+0.0011535	+0.0012569	+0.0013480	+0.0014304
2012-11	0.026	-0.0009496	-0.0008349	-0.0007107	-0.0005758	-0.0004365	-0.0002912	-0.0001355	+0.0000304	+0.0002021	+0.0003836	+0.0005681	+0.0007515	+0.0009264	+0.0010933	+0.0012468	+0.0013916	+0.0015207	+0.0016410	+0.0017551	+0.0018575	+0.0019551
2012-12	0.038	-0.0012669	-0.0010864	-0.0009186	-0.0007393	-0.0005464	-0.0003377	-0.0001249	+0.0000991	+0.0003313	+0.0005706	+0.0008119	+0.0010534	+0.0012794	+0.0014908	+0.0016880	+0.0018635	+0.0020288	+0.0021788	+0.0023158	+0.0024428	+0.0025592
2013-01	0.055	-0.0019698	-0.0016726	-0.0013610	-0.0010317	-0.0007097	-0.0003814	-0.0000267	+0.0003404	+0.0007033	+0.0010413	+0.0013481	+0.0016242	+0.0018735	+0.0020957	+0.0022952	+0.0024790	+0.0026369	+0.0027826	+0.0029110	+0.0030257	+0.0031296
2013-02	-0.004	-0.0015434	-0.0011091	-0.0005877	-0.0002047	+0.0001383	+0.0004956	+0.0009391	+0.0014894	+0.0019618	+0.0023405	+0.0026758	+0.0029864	+0.0032772	+0.0035478	+0.0037963	+0.0040303	+0.0042432	+0.0044456	+0.0046366	+0.0048141	+0.0049748
2013-03	0.016	-0.0031471	-0.0027391	-0.0023253	-0.0018790	-0.0014427	-0.0009878	-0.0005109	+0.0000003	+0.0005166	+0.0009990	+0.0014371	+0.0018314	+0.0021917	+0.0025158	+0.0028099	+0.0030807	+0.0033278	+0.0035454	+0.0037489	+0.0039315	+0.0040964
2013-04	0.039	-0.0026111	-0.0024533	-0.0022844	-0.0021039	-0.0019028	-0.0016739	-0.0014136	-0.0011394	-0.0008301	-0.0005017	-0.0001548	+0.0002007	+0.0005518	+0.0008798	+0.0011948	+0.0014869	+0.0017610	+0.0020146	+0.0022433	+0.0024607	+0.0026691
2013-05	-0.014	-0.0026807	-0.0023830	-0.0020798	-0.0017636	-0.0014201	-0.0010659	-0.0006611	-0.0002262	+0.0002440	+0.0007438	+0.0012637	+0.0017981	+0.0023352	+0.0028463	+0.0033431	+0.0038143	+0.0042468	+0.0046587	+0.0050513	+0.0054126	+0.0057490
2013-06	-0.051	-0.0027652	-0.0025541	-0.0023176	-0.0020602	-0.0017810	-0.0014697	-0.0011233	-0.0007317	-0.0003022	+0.0001676	+0.0006680	+0.0011951	+0.0017236	+0.0022356	+0.0027413	+0.0032125	+0.0036611	+0.0040802	+0.0044676	+0.0048492	+0.0052118
2013-07	-0.003	-0.0054838	-0.0052591	-0.0050148	-0.0047577	-0.0044776	-0.0041671	-0.0038214	-0.0034427	-0.0030310	-0.0025884	-0.0021164	-0.0016281	-0.0011323	-0.0006370	-0.0001464	+0.0003323	+0.0007812	+0.0012146	+0.0016481	+0.0020595	+0.0024467
2013-08	-0.027	-0.0035068	-0.0032714	-0.0030126	-0.0027451	-0.0024575	-0.0021527	-0.0018296	-0.0014890	-0.0011349	-0.0007629	-0.0003927	-0.0000396	+0.0002859	+0.0005895	+0.0008606	+0.0011014	+0.0013131	+0.0014979	+0.0016612	+0.0018144	+0.0019482
2013-09	0.032	-0.0030120	-0.0028803	-0.0027211	-0.0025537	-0.0023752	-0.0021799	-0.0019687	-0.0017389	-0.0014890	-0.0012260	-0.0009475	-0.0006656	-0.0003887	-0.0001185	+0.0001370	+0.0003772	+0.0006093	+0.0008200	+0.0010176	+0.0012191	+0.0014027
2013-10	0.016	-0.0021484	-0.0019643	-0.0017696	-0.0015677	-0.0013434	-0.0011029	-0.0008437	-0.0005579	-0.0002538	+0.0000717	+0.0004012	+0.0007304	+0.0010521	+0.0013605	+0.0016439	+0.0019098	+0.0021542	+0.0023780	+0.0025891	+0.0027862	+0.0029678
2013-11	0.012	-0.0018675	-0.0016337	-0.0014005	-0.0011474	-0.0008838	-0.0006112	-0.0003199	-0.0000202	+0.0002839	+0.0005906	+0.0008959	+0.0011895	+0.0014677	+0.0017259	+0.0019604	+0.0021742	+0.0023635	+0.0025412	+0.0027059	+0.0028544	+0.0029873
2013-12	0.009	-0.0011223	-0.0009928	-0.0008554	-0.0007062	-0.0005412	-0.0003627	-0.0001694	+0.0000345	+0.0002493	+0.0004680	+0.0006883	+0.0009059	+0.0011140	+0.0013114	+0.0014873	+0.0016476	+0.0017919	+0.0019225	+0.0020412	+0.0021502	+0.0022426
2014-01	-0.034	-0.0009650	-0.0008289	-0.0006759	-0.0005274	-0.0003679	-0.0001980	-0.0000202	+0.0001654	+0.0003616	+0.0005636	+0.0007646	+0.0009631	+0.0011513	+0.0013253	+0.0014815	+0.0016262	+0.0017572	+0.0018747	+0.0019800	+0.0020798	+0.0021723
2014-02	0.010	-0.0023841	-0.0022385	-0.0020880	-0.0019323	-0.0017610	-0.0015831	-0.0013934	-0.0011894	-0.0009747	-0.0007566	-0.0005389	-0.0003235	-0.0001206	+0.0000650	+0.0002336	+0.0003863	+0.0005231	+0.0006475	+0.0007576	+0.0008599	+0.0009452
2014-03	0.023	-0.0025715	-0.0024218	-0.0022478	-0.0020721	-0.0018715	-0.0016572	-0.0014274	-0.0011788	-0.0009143	-0.0006401	-0.0003633	-0.0000809	+0.0001904	+0.0004499	+0.0006939	+0.0009212	+0.0011276	+0.0013208	+0.0014943	+0.0016619	+0.0018293
2014-04	0.004	-0.0010780	-0.0009214	-0.0007652	-0.0006005	-0.0004241	-0.0002307	-0.0000267	+0.0001891	+0.0004101	+0.0006403	+0.0008675	+0.0010915	+0.0013003	+0.0014950	+0.0016733	+0.0018287	+0.0019706	+0.0021006	+0.0022113	+0.0023160	+0.0024136
2014-05	0.004	-0.0012764	-0.0011343	-0.0009904	-0.0008394	-0.0006826	-0.0005095	-0.0003206	-0.0001221	+0.0000967	+0.0003284	+0.0005645	+0.0008025	+0.0010316	+0.0012513	+0.0014601	+0.0016543	+0.0018354	+0.0019958	+0.0021459	+0.0022897	+0.0024160
2014-06	0.001	-0.0007988	-0.0007416	-0.0006813	-0.0006158	-0.0005440	-0.0004698	-0.0003856	-0.0002968	-0.0002064	-0.0001090	-0.0000084	+0.0000898	+0.0001863	+0.0002764	+0.0003620	+0.0004390	+0.0005111	+0.0005767	+0.0006372	+0.0006934	+0.0007465
2014-07	0.005	-0.0007293	-0.0006763	-0.0006155	-0.0005506	-0.0004820	-0.0004052	-0.0003278	-0.0002395	-0.0001534	-0.0000607	+0.0000323	+0.0001217	+0.0002104	+0.0002915	+0.0003648	+0.0004334	+0.0004945	+0.0005518	+0.0006034	+0.0006497	+0.0006967
2014-08	0.006	-0.0004941	-0.0004494	-0.0004010	-0.0003482	-0.0002956	-0.0002351	-0.0001740	-0.0001054	-0.0000329	+0.0000407	+0.0001214	+0.0001985	+0.0002756	+0.0003484	+0.0004172	+0.0004818	+0.0005420	+0.0005951	+0.0006465	+0.0006927	+0.0007404
2014-09	0.005	-0.0008754	-0.0007990	-0.0007130	-0.0006199	-0.0005198	-0.0004135	-0.0002963	-0.0001705	-0.0000368	+0.0001018	+0.0002421	+0.0003827	+0.0005159	+0.0006430	+0.0007590	+0.0008670	+0.0009658	+0.0010574	+0.0011359	+0.0012135	+0.0012845
2014-10	0.006	-0.0009366	-0.0008045	-0.0006795	-0.0005432	-0.0004011	-0.0002475	-0.0000879	+0.0000785	+0.0002472	+0.0004171	+0.0005829	+0.0007399	+0.0008850	+0.0010148	+0.0011318	+0.0012349	+0.0013241	+0.0014049	+0.0014760	+0.0015371	+0.0015909
2014-11	0.043	-0.0015896	-0.0014756	-0.0013603	-0.0012451	-0.0011135	-0.0009729	-0.0008237	-0.0006631	-0.0004939	-0.0003152	-0.0001291	+0.0000596	+0.0002431	+0.0004200	+0.0005907	+0.0007547	+0.0009050	+0.0010443	+0.0011756	+0.0012977	+0.0014160
2014-12	-0.015	-0.0019690	-0.0016769	-0.0013544	-0.0010237	-0.0006842	-0.0003365	+0.0000359	+0.0004080	+0.0007928	+0.0011793	+0.0015575	+0.0019230	+0.0022663	+0.0025842	+0.0028754	+0.0031425	+0.0033903	+0.0036173	+0.0038266	+0.0040193	+0.0041894
2015-01	-0.021	-0.0031406	-0.0028929	-0.0026074	-0.0023090	-0.0019909	-0.0016506	-0.0013029	-0.0009346	-0.0005599	-0.0001734	+0.0002058	+0.0005648	+0.0009001	+0.0012001	+0.0014654	+0.0017074	+0.0019197	+0.0021165	+0.0022966	+0.0024599	+0.0026081
2015-02	-0.008	-0.0037254	-0.0034725	-0.0032415	-0.0029954	-0.0027310	-0.0024400	-0.0021376	-0.0018250	-0.0014987	-0.0011675	-0.0008397	-0.0005208	-0.0002051	+0.0000990	+0.0003784	+0.0006459	+0.0009079	+0.0011508	+0.0013682	+0.0015748	+0.0017768
