2011-03	-0.022	-0.0012070	-0.0010080	-0.0008207	-0.0006543	-0.0004878	-0.0003067	-0.0001023	+0.0001112	+0.0003164	+0.0005004	+0.0006724	+0.0008283	+0.0009726	+0.0011073	+0.0012296	+0.0013408	+0.0014467	+0.0015444	+0.0016327	+0.0017205	+0.0017982
2011-04	0.004	-0.0033277	-0.0030861	-0.0028273	-0.0025378	-0.0022459	-0.0019486	-0.0016080	-0.0012495	-0.0009168	-0.0005444	-0.0001865	+0.0001236	+0.0004389	+0.0007358	+0.0009666	+0.0011444	+0.0012900	+0.0014063	+0.0015096	+0.0016051	+0.0016978
2011-05	-0.004	-0.0033806	-0.0031749	-0.0029036	-0.0026079	-0.0023608	-0.0020799	-0.0017249	-0.0014228	-0.0011181	-0.0007221	-0.0004245	-0.0001491	+0.0001885	+0.0004483	+0.0006260	+0.0007853	+0.0009338	+0.0010562	+0.0011669	+0.0012765	+0.0013914
2011-06	0.002	-0.0005585	-0.0005214	-0.0004823	-0.0004396	-0.0003949	-0.0003428	-0.0002869	-0.0002264	-0.0001605	-0.0000901	-0.0000189	+0.0000542	+0.0001229	+0.0001901	+0.0002513	+0.0003089	+0.0003607	+0.0004099	+0.0004559	+0.0004974	+0.0005371
2011-07	0.001	-0.0005550	-0.0005276	-0.0004964	-0.0004627	-0.0004246	-0.0003821	-0.0003341	-0.0002817	-0.0002244	-0.0001601	-0.0000933	-0.0000259	+0.0000411	+0.0001075	+0.0001700	+0.0002298	+0.0002867	+0.0003418	+0.0003909	+0.0004372	+0.0004823
2011-08	-0.017	-0.0002512	-0.0002243	-0.0001934	-0.0001604	-0.0001264	-0.0000869	-0.0000452	+0.0000021	+0.0000525	+0.0001072	+0.0001636	+0.0002216	+0.0002772	+0.0003315	+0.0003820	+0.0004304	+0.0004753	+0.0005173	+0.0005555	+0.0005901	+0.0006244
2011-09	-0.003	-0.0017479	-0.0016569	-0.0015655	-0.0014618	-0.0013548	-0.0012418	-0.0011188	-0.0009867	-0.0008495	-0.0007087	-0.0005619	-0.0004169	-0.0002722	-0.0001305	+0.0000078	+0.0001482	+0.0002887	+0.0004192	+0.0005289	+0.0006337	+0.0007473
2011-10	0.002	-0.0016628	-0.0015677	-0.0014691	-0.0013675	-0.0012570	-0.0011416	-0.0010193	-0.0008892	-0.0007522	-0.0006083	-0.0004581	-0.0003059	-0.0001563	-0.0000044	+0.0001440	+0.0002915	+0.0004363	+0.0005774	+0.0007081	+0.0008393	+0.0009685
2011-11	-0.006	-0.0006230	-0.0005828	-0.0005415	-0.0004944	-0.0004423	-0.0003833	-0.0003172	-0.0002468	-0.0001669	-0.0000831	+0.0000051	+0.0000945	+0.0001832	+0.0002668	+0.0003471	+0.0004215	+0.0004912	+0.0005555	+0.0006139	+0.0006690	+0.0007196
2011-12	-0.010	-0.0006286	-0.0005899	-0.0005454	-0.0004968	-0.0004441	-0.0003835	-0.0003192	-0.0002477	-0.0001716	-0.0000885	-0.0000025	+0.0000857	+0.0001727	+0.0002580	+0.0003362	+0.0004091	+0.0004789	+0.0005443	+0.0006041	+0.0006597	+0.0007113
2012-01	0.010	-0.0007610	-0.0007358	-0.0007072	-0.0006774	-0.0006444	-0.0006079	-0.0005684	-0.0005250	-0.0004766	-0.0004234	-0.0003640	-0.0002976	-0.0002236	-0.0001413	-0.0000581	+0.0000182	+0.0000879	+0.0001579	+0.0002294	+0.0003020	+0.0003709
2012-02	0.009	-0.0006465	-0.0006134	-0.0005773	-0.0005349	-0.0004845	-0.0004258	-0.0003562	-0.0002770	-0.0001902	-0.0000933	+0.0000104	+0.0001171	+0.0002242	+0.0003305	+0.0004305	+0.0005261	+0.0006147	+0.0006967	+0.0007693	+0.0008404	+0.0009097
2012-03	0.011	-0.0003922	-0.0003045	-0.0002163	-0.0001244	-0.0000388	+0.0000530	+0.0001519	+0.0002542	+0.0003526	+0.0004454	+0.0005328	+0.0006162	+0.0006951	+0.0007697	+0.0008386	+0.0009048	+0.0009629	+0.0010194	+0.0010694	+0.0011187	+0.0011607
2012-04	-0.009	-0.0002620	-0.0001946	-0.0001187	-0.0000359	+0.0000348	+0.0001093	+0.0001882	+0.0002778	+0.0003648	+0.0004420	+0.0005114	+0.0005747	+0.0006331	+0.0006870	+0.0007372	+0.0007841	+0.0008265	+0.0008666	+0.0009031	+0.0009368	+0.0009703
2012-05	-0.021	-0.0007979	-0.0007344	-0.0006656	-0.0005901	-0.0005102	-0.0004234	-0.0003313	-0.0002317	-0.0001270	-0.0000165	+0.0000972	+0.0002109	+0.0003207	+0.0004265	+0.0005250	+0.0006149	+0.0006983	+0.0007769	+0.0008474	+0.0009124	+0.0009725
2012-06	0.016	-0.0014420	-0.0013953	-0.0013455	-0.0012908	-0.0012337	-0.0011704	-0.0011040	-0.0010300	-0.0009483	-0.0008603	-0.0007641	-0.0006547	-0.0005169	-0.0002886	-0.0000713	+0.0000685	+0.0001870	+0.0003105	+0.0005023	+0.0007330	+0.0008587
2012-07	-0.006	-0.0009376	-0.0008835	-0.0008251	-0.0007606	-0.0006857	-0.0006069	-0.0005190	-0.0004222	-0.0003178	-0.0002075	-0.0000917	+0.0000244	+0.0001374	+0.0002458	+0.0003471	+0.0004439	+0.0005310	+0.0006137	+0.0006892	+0.0007566	+0.0008196
2012-08	-0.005	-0.0007858	-0.0007197	-0.0006492	-0.0005717	-0.0004854	-0.0003933	-0.0002931	-0.0001848	-0.0000668	+0.0000580	+0.0001864	+0.0003149	+0.0004410	+0.0005601	+0.0006741	+0.0007781	+0.0008730	+0.0009599	+0.0010417	+0.0011138	+0.0011851
2012-09	0.006	-0.0009455	-0.0008995	-0.0008522	-0.0008004	-0.0007413	-0.0006776	-0.0006068	-0.0005294	-0.0004446	-0.0003534	-0.0002614	-0.0001677	-0.0000757	+0.0000115	+0.0000937	+0.0001707	+0.0002427	+0.0003094	+0.0003674	+0.0004244	+0.0004755
2012-10	-0.002	-0.0005739	-0.0005250	-0.0004764	-0.0004182	-0.0003590	-0.0002956	-0.0002253	-0.0001510	-0.0000707	+0.0000161	+0.0001045	+0.0001927	+0.0002785	+0.0003604	+0.0004349	+0.0005058	+0.0005716	+0.0006304	+0.0006858	+0.0007376	+0.0007847
2012-11	0.002	-0.0005125	-0.0004655	-0.0004141	-0.0003584	-0.0002972	-0.0002314	-0.0001603	-0.0000832	-0.0000002	+0.0000883	+0.0001790	+0.0002711	+0.0003617	+0.0004474	+0.0005279	+0.0006012	+0.0006715	+0.0007350	+0.0007950	+0.0008498	+0.0009005
2012-12	0.021	-0.0008588	-0.0007957	-0.0007284	-0.0006591	-0.0005814	-0.0005020	-0.0004158	-0.0003266	-0.0002320	-0.0001338	-0.0000345	+0.0000637	+0.0001585	+0.0002471	+0.0003292	+0.0004041	+0.0004741	+0.0005375	+0.0005989	+0.0006544	+0.0007039
2013-01	0.022	-0.0007613	-0.0006534	-0.0005471	-0.0004334	-0.0003113	-0.0001788	-0.0000442	+0.0001018	+0.0002521	+0.0004040	+0.0005550	+0.0007008	+0.0008379	+0.0009594	+0.0010687	+0.0011679	+0.0012568	+0.0013351	+0.0014102	+0.0014790	+0.0015395
2013-02	0.033	-0.0009225	-0.0007360	-0.0003906	-0.0001914	-0.0000441	+0.0001052	+0.0002959	+0.0006045	+0.0008791	+0.0010504	+0.0011895	+0.0013145	+0.0014303	+0.0015377	+0.0016353	+0.0017247	+0.0018069	+0.0018795	+0.0019426	+0.0020022	+0.0020641
2013-03	0.061	-0.0013934	-0.0011521	-0.0005253	-0.0002386	-0.0000480	+0.0001504	+0.0004027	+0.0008931	+0.0013551	+0.0015867	+0.0017697	+0.0019359	+0.0020909	+0.0022298	+0.0023594	+0.0024781	+0.0025874	+0.0026879	+0.0027798	+0.0028616	+0.0029446
2013-04	0.071	-0.0022175	-0.0017586	-0.0007836	-0.0004426	-0.0001743	+0.0001190	+0.0005141	+0.0014068	+0.0020047	+0.0023159	+0.0025819	+0.0028285	+0.0030639	+0.0032864	+0.0034952	+0.0036895	+0.0038702	+0.0040392	+0.0041988	+0.0043487	+0.0044869
2013-05	-0.032	-0.0034441	-0.0027024	-0.0019772	-0.0014033	-0.0008619	-0.0002304	+0.0005214	+0.0013217	+0.0020241	+0.0026409	+0.0032321	+0.0038056	+0.0043529	+0.0048736	+0.0053654	+0.0058290	+0.0062639	+0.0066636	+0.0070553	+0.0074408	+0.0078055
2013-06	0.012	-0.0044196	-0.0040127	-0.0035888	-0.0031177	-0.0026311	-0.0021208	-0.0015540	-0.0009660	-0.0003415	+0.0003118	+0.0009731	+0.0016323	+0.0022711	+0.0028857	+0.0034754	+0.0040170	+0.0045252	+0.0049973	+0.0054478	+0.0058658	+0.0062774
2013-07	0.003	-0.0050262	-0.0047515	-0.0044400	-0.0041023	-0.0037514	-0.0033739	-0.0029618	-0.0025208	-0.0020550	-0.0015652	-0.0010685	-0.0005733	-0.0000969	+0.0003536	+0.0007675	+0.0011473	+0.0014956	+0.0018192	+0.0021221	+0.0023989	+0.0026337
2013-08	-0.037	-0.0035024	-0.0031604	-0.0027985	-0.0024246	-0.0020227	-0.0015936	-0.0011397	-0.0006700	-0.0001810	+0.0003197	+0.0008303	+0.0013156	+0.0017873	+0.0022285	+0.0026387	+0.0030222	+0.0033707	+0.0037071	+0.0040055	+0.0042935	+0.0045616
2013-09	0.043	-0.0041840	-0.0039690	-0.0037331	-0.0034865	-0.0032204	-0.0029340	-0.0026190	-0.0022773	-0.0019166	-0.0015355	-0.0011449	-0.0007547	-0.0003715	-0.0000082	+0.0003341	+0.0006482	+0.0009428	+0.0012165	+0.0014811	+0.0017163	+0.0019314
2013-10	0.007	-0.0030105	-0.0028182	-0.0025824	-0.0023411	-0.0020868	-0.0018068	-0.0015124	-0.0011959	-0.0008549	-0.0004998	-0.0001327	+0.0002350	+0.0005886	+0.0009243	+0.0012376	+0.0015305	+0.0017954	+0.0020371	+0.0022629	+0.0024672	+0.0026689
2013-11	0.016	-0.0027426	-0.0024824	-0.0022004	-0.0019026	-0.0015869	-0.0012534	-0.0009043	-0.0005221	-0.0001278	+0.0002837	+0.0006959	+0.0010983	+0.0014844	+0.0018412	+0.0021725	+0.0024697	+0.0027373	+0.0029740	+0.0031996	+0.0033991	+0.0035819
2013-12	0.002	-0.0013013	-0.0011387	-0.0009643	-0.0007672	-0.0005620	-0.0003380	-0.0000941	+0.0001787	+0.0004637	+0.0007651	+0.0010788	+0.0013891	+0.0016896	+0.0019762	+0.0022447	+0.0024904	+0.0027206	+0.0029301	+0.0031291	+0.0033041	+0.0034671
2014-01	-0.006	-0.0013277	-0.0011984	-0.0010539	-0.0008900	-0.0007149	-0.0005296	-0.0003251	-0.0000997	+0.0001424	+0.0003979	+0.0006638	+0.0009325	+0.0011925	+0.0014444	+0.0016808	+0.0019030	+0.0021059	+0.0022856	+0.0024543	+0.0026127	+0.0027676
2014-02	-0.010	-0.0011692	-0.0010820	-0.0009912	-0.0008859	-0.0007742	-0.0006476	-0.0005133	-0.0003670	-0.0002067	-0.0000354	+0.0001417	+0.0003232	+0.0004999	+0.0006684	+0.0008272	+0.0009719	+0.0011053	+0.0012278	+0.0013419	+0.0014462	+0.0015517
2014-03	-0.002	-0.0022620	-0.0021059	-0.0019448	-0.0017697	-0.0015860	-0.0013864	-0.0011729	-0.0009507	-0.0007184	-0.0004736	-0.0002262	+0.0000167	+0.0002500	+0.0004705	+0.0006695	+0.0008532	+0.0010204	+0.0011783	+0.0013258	+0.0014594	+0.0015849
2014-04	-0.013	-0.0027508	-0.0025494	-0.0023411	-0.0021175	-0.0018631	-0.0016013	-0.0013189	-0.0010186	-0.0007043	-0.0003838	-0.0000631	+0.0002575	+0.0005543	+0.0008283	+0.0010789	+0.0013010	+0.0014976	+0.0016752	+0.0018349	+0.0019743	+0.0021061
2014-05	0.011	-0.0032625	-0.0030572	-0.0028302	-0.0025874	-0.0023191	-0.0020364	-0.0017288	-0.0014047	-0.0010623	-0.0006999	-0.0003344	+0.0000260	+0.0003721	+0.0006930	+0.0009913	+0.0012655	+0.0015104	+0.0017354	+0.0019253	+0.0021149	+0.0022742
2014-06	0.011	-0.0023661	-0.0021781	-0.0019802	-0.0017756	-0.0015639	-0.0013399	-0.0010979	-0.0008453	-0.0005839	-0.0003132	-0.0000447	+0.0002158	+0.0004603	+0.0006869	+0.0008900	+0.0010695	+0.0012365	+0.0013829	+0.0015221	+0.0016500	+0.0017592
2014-07	-0.001	-0.0008589	-0.0007696	-0.0006778	-0.0005757	-0.0004630	-0.0003409	-0.0002095	-0.0000696	+0.0000790	+0.0002379	+0.0003965	+0.0005555	+0.0007092	+0.0008534	+0.0009882	+0.0011129	+0.0012239	+0.0013281	+0.0014239	+0.0015175	+0.0015998
2014-08	-0.005	-0.0012738	-0.0011734	-0.0010630	-0.0009511	-0.0008312	-0.0006997	-0.0005632	-0.0004178	-0.0002618	-0.0001009	+0.0000603	+0.0002177	+0.0003705	+0.0005152	+0.0006464	+0.0007662	+0.0008799	+0.0009808	+0.0010757	+0.0011641	+0.0012498
2014-09	0.003	-0.0019626	-0.0018435	-0.0017147	-0.0015740	-0.0014257	-0.0012667	-0.0010987	-0.0009204	-0.0007303	-0.0005357	-0.0003428	-0.0001530	+0.0000291	+0.0001994	+0.0003543	+0.0004989	+0.0006314	+0.0007525	+0.0008607	+0.0009635	+0.0010635
2014-10	0.001	-0.0007538	-0.0006795	-0.0006010	-0.0005178	-0.0004244	-0.0003284	-0.0002204	-0.0001059	+0.0000170	+0.0001480	+0.0002811	+0.0004176	+0.0005525	+0.0006840	+0.0008114	+0.0009339	+0.0010452	+0.0011524	+0.0012525	+0.0013479	+0.0014385
2014-11	0.042	-0.0026641	-0.0025131	-0.0023538	-0.0021821	-0.0019963	-0.0017904	-0.0015644	-0.0013212	-0.0010516	-0.0007669	-0.0004729	-0.0001738	+0.0001262	+0.0004079	+0.0006821	+0.0009367	+0.0011729	+0.0013932	+0.0015988	+0.0017917	+0.0019732
2014-12	-0.006	-0.0023409	-0.0020553	-0.0017385	-0.0014067	-0.0010512	-0.0006720	-0.0002737	+0.0001413	+0.0005895	+0.0010509	+0.0015190	+0.0019759	+0.0024106	+0.0028164	+0.0031874	+0.0035235	+0.0038358	+0.0041149	+0.0043791	+0.0046026	+0.0048157
2015-01	0.013	-0.0015511	-0.0013821	-0.0011991	-0.0010002	-0.0007878	-0.0005599	-0.0003179	-0.0000668	+0.0001975	+0.0004696	+0.0007476	+0.0010159	+0.0012671	+0.0014965	+0.0017027	+0.0018831	+0.0020483	+0.0021900	+0.0023204	+0.0024406	+0.0025504
2015-02	-0.005	-0.0016828	-0.0015420	-0.0013943	-0.0012347	-0.0010683	-0.0008978	-0.0007070	-0.0005032	-0.0002856	-0.0000629	+0.0001588	+0.0003803	+0.0005920	+0.0007886	+0.0009663	+0.0011295	+0.0012763	+0.0014111	+0.0015308	+0.0016395	+0.0017454
