2011-09	0.003	-0.0001447	-0.0001127	-0.0000786	-0.0000434	-0.0000014	+0.0000415	+0.0000778	+0.0001123	+0.0001461	+0.0001785	+0.0002105	+0.0002418	+0.0002706	+0.0002985	+0.0003248	+0.0003500	+0.0003737	+0.0003961	+0.0004178	+0.0004371	+0.0004566
2011-10	-0.008	-0.0000960	-0.0000677	-0.0000345	+0.0000052	+0.0000476	+0.0000889	+0.0001258	+0.0001578	+0.0001882	+0.0002188	+0.0002478	+0.0002759	+0.0003036	+0.0003299	+0.0003552	+0.0003779	+0.0003992	+0.0004198	+0.0004384	+0.0004559	+0.0004735
2011-11	-0.001	-0.0002072	-0.0001716	-0.0001403	-0.0001048	-0.0000687	-0.0000328	+0.0000045	+0.0000436	+0.0000817	+0.0001195	+0.0001570	+0.0001921	+0.0002262	+0.0002577	+0.0002877	+0.0003140	+0.0003399	+0.0003631	+0.0003840	+0.0004040	+0.0004222
2011-12	0.000	-0.0001865	-0.0001543	-0.0001167	-0.0000801	-0.0000456	-0.0000083	+0.0000308	+0.0000714	+0.0001117	+0.0001539	+0.0001941	+0.0002329	+0.0002694	+0.0003029	+0.0003340	+0.0003619	+0.0003876	+0.0004112	+0.0004339	+0.0004547	+0.0004729
2012-01	-0.002	-0.0002418	-0.0002118	-0.0001831	-0.0001515	-0.0001178	-0.0000829	-0.0000442	-0.0000039	+0.0000383	+0.0000813	+0.0001248	+0.0001676	+0.0002080	+0.0002457	+0.0002806	+0.0003141	+0.0003450	+0.0003726	+0.0003974	+0.0004224	+0.0004435
2012-02	0.004	-0.0002868	-0.0002603	-0.0002350	-0.0002062	-0.0001745	-0.0001417	-0.0001063	-0.0000689	-0.0000286	+0.0000134	+0.0000575	+0.0001020	+0.0001450	+0.0001871	+0.0002258	+0.0002599	+0.0002937	+0.0003241	+0.0003524	+0.0003788	+0.0004035
2012-03	0.005	-0.0002849	-0.0002600	-0.0002350	-0.0002092	-0.0001794	-0.0001481	-0.0001141	-0.0000765	-0.0000364	+0.0000061	+0.0000495	+0.0000930	+0.0001351	+0.0001754	+0.0002135	+0.0002489	+0.0002807	+0.0003116	+0.0003410	+0.0003670	+0.0003908
2012-04	0.003	-0.0003208	-0.0002971	-0.0002743	-0.0002505	-0.0002246	-0.0001965	-0.0001664	-0.0001348	-0.0000999	-0.0000638	-0.0000271	+0.0000100	+0.0000451	+0.0000788	+0.0001098	+0.0001377	+0.0001649	+0.0001902	+0.0002145	+0.0002361	+0.0002579
2012-05	0.012	-0.0003108	-0.0002885	-0.0002667	-0.0002416	-0.0002158	-0.0001863	-0.0001561	-0.0001235	-0.0000903	-0.0000552	-0.0000190	+0.0000174	+0.0000527	+0.0000858	+0.0001158	+0.0001438	+0.0001696	+0.0001941	+0.0002159	+0.0002370	+0.0002575
2012-06	0.003	-0.0002370	-0.0002143	-0.0001862	-0.0001585	-0.0001284	-0.0000979	-0.0000649	-0.0000286	+0.0000093	+0.0000487	+0.0000894	+0.0001298	+0.0001691	+0.0002064	+0.0002412	+0.0002736	+0.0003032	+0.0003297	+0.0003555	+0.0003785	+0.0004011
2012-07	0.003	-0.0002094	-0.0001878	-0.0001659	-0.0001427	-0.0001171	-0.0000891	-0.0000593	-0.0000281	+0.0000063	+0.0000416	+0.0000775	+0.0001147	+0.0001519	+0.0001868	+0.0002195	+0.0002496	+0.0002778	+0.0003055	+0.0003285	+0.0003504	+0.0003724
2012-08	0.003	-0.0001203	-0.0000946	-0.0000686	-0.0000417	-0.0000130	+0.0000169	+0.0000483	+0.0000814	+0.0001171	+0.0001532	+0.0001892	+0.0002265	+0.0002621	+0.0002965	+0.0003292	+0.0003610	+0.0003889	+0.0004143	+0.0004390	+0.0004657	+0.0004875
2012-09	0.007	-0.0002041	-0.0001767	-0.0001447	-0.0001150	-0.0000808	-0.0000439	-0.0000054	+0.0000365	+0.0000776	+0.0001187	+0.0001611	+0.0002033	+0.0002431	+0.0002802	+0.0003133	+0.0003447	+0.0003725	+0.0003976	+0.0004220	+0.0004450	+0.0004651
2012-10	0.002	-0.0001991	-0.0001656	-0.0001290	-0.0000886	-0.0000474	-0.0000060	+0.0000380	+0.0000836	+0.0001306	+0.0001765	+0.0002212	+0.0002652	+0.0003053	+0.0003421	+0.0003759	+0.0004065	+0.0004342	+0.0004597	+0.0004826	+0.0005055	+0.0005243
2012-11	-0.003	-0.0002120	-0.0001723	-0.0001283	-0.0000812	-0.0000351	+0.0000147	+0.0000669	+0.0001188	+0.0001698	+0.0002202	+0.0002683	+0.0003138	+0.0003571	+0.0003952	+0.0004310	+0.0004623	+0.0004910	+0.0005184	+0.0005448	+0.0005670	+0.0005876
2012-12	-0.000	-0.0002319	-0.0001945	-0.0001575	-0.0001157	-0.0000737	-0.0000331	+0.0000119	+0.0000594	+0.0001075	+0.0001564	+0.0002044	+0.0002517	+0.0002966	+0.0003393	+0.0003782	+0.0004131	+0.0004452	+0.0004759	+0.0005034	+0.0005278	+0.0005517
2013-01	-0.003	-0.0002825	-0.0002483	-0.0002139	-0.0001797	-0.0001418	-0.0001019	-0.0000595	-0.0000166	+0.0000281	+0.0000735	+0.0001194	+0.0001648	+0.0002082	+0.0002488	+0.0002863	+0.0003207	+0.0003526	+0.0003832	+0.0004108	+0.0004352	+0.0004571
2013-02	0.005	-0.0002715	-0.0002447	-0.0002173	-0.0001863	-0.0001536	-0.0001171	-0.0000793	-0.0000379	+0.0000060	+0.0000510	+0.0000977	+0.0001447	+0.0001894	+0.0002318	+0.0002731	+0.0003103	+0.0003450	+0.0003773	+0.0004077	+0.0004368	+0.0004644
2013-03	-0.005	-0.0003430	-0.0003168	-0.0002890	-0.0002594	-0.0002264	-0.0001917	-0.0001537	-0.0001133	-0.0000696	-0.0000238	+0.0000236	+0.0000704	+0.0001160	+0.0001596	+0.0002002	+0.0002390	+0.0002749	+0.0003063	+0.0003351	+0.0003616	+0.0003855
2013-04	0.010	-0.0002692	-0.0002468	-0.0002233	-0.0001992	-0.0001724	-0.0001441	-0.0001124	-0.0000790	-0.0000421	-0.0000044	+0.0000355	+0.0000754	+0.0001158	+0.0001545	+0.0001907	+0.0002247	+0.0002572	+0.0002866	+0.0003147	+0.0003399	+0.0003647
2013-05	-0.002	-0.0002601	-0.0002383	-0.0002174	-0.0001943	-0.0001695	-0.0001418	-0.0001114	-0.0000784	-0.0000434	-0.0000060	+0.0000325	+0.0000724	+0.0001107	+0.0001478	+0.0001830	+0.0002164	+0.0002466	+0.0002750	+0.0003001	+0.0003245	+0.0003455
2013-06	-0.017	-0.0002671	-0.0002465	-0.0002261	-0.0002043	-0.0001802	-0.0001530	-0.0001245	-0.0000943	-0.0000606	-0.0000250	+0.0000121	+0.0000495	+0.0000860	+0.0001201	+0.0001516	+0.0001807	+0.0002088	+0.0002349	+0.0002599	+0.0002822	+0.0003049
2013-07	0.008	-0.0004026	-0.0003717	-0.0003407	-0.0003098	-0.0002755	-0.0002392	-0.0002032	-0.0001645	-0.0001248	-0.0000829	-0.0000408	+0.0000007	+0.0000415	+0.0000800	+0.0001161	+0.0001491	+0.0001802	+0.0002101	+0.0002376	+0.0002624	+0.0002877
2013-08	-0.004	-0.0004791	-0.0004515	-0.0004204	-0.0003836	-0.0003441	-0.0003025	-0.0002587	-0.0002131	-0.0001645	-0.0001132	-0.0000618	-0.0000092	+0.0000407	+0.0000879	+0.0001312	+0.0001720	+0.0002084	+0.0002429	+0.0002750	+0.0003049	+0.0003312
2013-09	0.003	-0.0004931	-0.0004590	-0.0004255	-0.0003885	-0.0003508	-0.0003084	-0.0002624	-0.0002151	-0.0001649	-0.0001122	-0.0000600	-0.0000078	+0.0000403	+0.0000849	+0.0001280	+0.0001668	+0.0002035	+0.0002366	+0.0002684	+0.0002950	+0.0003217
2013-10	0.002	-0.0004721	-0.0004395	-0.0004046	-0.0003677	-0.0003293	-0.0002891	-0.0002452	-0.0001985	-0.0001487	-0.0000981	-0.0000468	+0.0000042	+0.0000535	+0.0000996	+0.0001411	+0.0001808	+0.0002161	+0.0002474	+0.0002778	+0.0003075	+0.0003313
2013-11	-0.004	-0.0004296	-0.0003993	-0.0003695	-0.0003323	-0.0002949	-0.0002535	-0.0002095	-0.0001638	-0.0001169	-0.0000674	-0.0000166	+0.0000327	+0.0000802	+0.0001234	+0.0001636	+0.0002002	+0.0002330	+0.0002624	+0.0002900	+0.0003146	+0.0003388
2013-12	0.003	-0.0004486	-0.0004199	-0.0003843	-0.0003490	-0.0003105	-0.0002699	-0.0002282	-0.0001843	-0.0001400	-0.0000935	-0.0000466	-0.0000006	+0.0000423	+0.0000831	+0.0001210	+0.0001566	+0.0001873	+0.0002161	+0.0002431	+0.0002683	+0.0002912
2014-01	0.007	-0.0004474	-0.0004212	-0.0003911	-0.0003600	-0.0003270	-0.0002937	-0.0002567	-0.0002182	-0.0001770	-0.0001344	-0.0000912	-0.0000483	-0.0000073	+0.0000307	+0.0000663	+0.0000988	+0.0001291	+0.0001567	+0.0001823	+0.0002069	+0.0002308
2014-02	0.001	-0.0004088	-0.0003771	-0.0003413	-0.0003049	-0.0002714	-0.0002309	-0.0001893	-0.0001450	-0.0000998	-0.0000539	-0.0000085	+0.0000356	+0.0000779	+0.0001154	+0.0001507	+0.0001818	+0.0002097	+0.0002337	+0.0002539	+0.0002741	+0.0002939
2014-03	-0.000	-0.0001771	-0.0001610	-0.0001422	-0.0001222	-0.0000998	-0.0000764	-0.0000507	-0.0000245	+0.0000044	+0.0000345	+0.0000658	+0.0000958	+0.0001247	+0.0001517	+0.0001772	+0.0002006	+0.0002220	+0.0002426	+0.0002617	+0.0002787	+0.0002942
2014-04	0.004	-0.0001666	-0.0001494	-0.0001320	-0.0001140	-0.0000958	-0.0000744	-0.0000517	-0.0000262	+0.0000004	+0.0000276	+0.0000554	+0.0000829	+0.0001090	+0.0001336	+0.0001566	+0.0001784	+0.0001982	+0.0002163	+0.0002345	+0.0002501	+0.0002646
2014-05	0.008	-0.0000542	-0.0000396	-0.0000255	-0.0000102	+0.0000056	+0.0000236	+0.0000421	+0.0000621	+0.0000837	+0.0001057	+0.0001285	+0.0001513	+0.0001724	+0.0001926	+0.0002115	+0.0002290	+0.0002449	+0.0002604	+0.0002744	+0.0002884	+0.0003000
2014-06	0.003	-0.0000454	-0.0000270	-0.0000071	+0.0000114	+0.0000312	+0.0000500	+0.0000706	+0.0000916	+0.0001125	+0.0001335	+0.0001546	+0.0001745	+0.0001934	+0.0002110	+0.0002269	+0.0002414	+0.0002544	+0.0002666	+0.0002788	+0.0002896	+0.0002986
2014-07	0.001	-0.0000508	-0.0000311	-0.0000117	+0.0000104	+0.0000355	+0.0000609	+0.0000845	+0.0001064	+0.0001272	+0.0001473	+0.0001664	+0.0001849	+0.0002024	+0.0002189	+0.0002339	+0.0002475	+0.0002603	+0.0002713	+0.0002814	+0.0002903	+0.0002994
2014-08	0.004	-0.0000659	-0.0000456	-0.0000252	+0.0000012	+0.0000344	+0.0000732	+0.0001033	+0.0001268	+0.0001478	+0.0001674	+0.0001867	+0.0002048	+0.0002220	+0.0002380	+0.0002525	+0.0002653	+0.0002769	+0.0002871	+0.0002962	+0.0003054	+0.0003135
2014-09	-0.004	-0.0000935	-0.0000750	-0.0000536	-0.0000268	+0.0000097	+0.0000459	+0.0000743	+0.0000978	+0.0001186	+0.0001382	+0.0001580	+0.0001770	+0.0001948	+0.0002114	+0.0002264	+0.0002402	+0.0002527	+0.0002637	+0.0002752	+0.0002845	+0.0002932
2014-10	0.003	-0.0001087	-0.0000883	-0.0000682	-0.0000459	-0.0000224	+0.0000008	+0.0000243	+0.0000478	+0.0000718	+0.0000961	+0.0001200	+0.0001427	+0.0001635	+0.0001823	+0.0001994	+0.0002152	+0.0002293	+0.0002419	+0.0002530	+0.0002619	+0.0002708
2014-11	0.006	-0.0000895	-0.0000678	-0.0000487	-0.0000277	-0.0000063	+0.0000162	+0.0000401	+0.0000640	+0.0000880	+0.0001117	+0.0001354	+0.0001579	+0.0001785	+0.0001969	+0.0002139	+0.0002294	+0.0002430	+0.0002558	+0.0002678	+0.0002804	+0.0002913
2014-12	0.008	-0.0001043	-0.0000834	-0.0000629	-0.0000405	-0.0000178	+0.0000071	+0.0000327	+0.0000584	+0.0000832	+0.0001082	+0.0001321	+0.0001544	+0.0001753	+0.0001944	+0.0002120	+0.0002288	+0.0002434	+0.0002565	+0.0002690	+0.0002795	+0.0002892
2015-01	0.007	-0.0001303	-0.0001028	-0.0000754	-0.0000448	-0.0000160	+0.0000148	+0.0000446	+0.0000743	+0.0001032	+0.0001318	+0.0001601	+0.0001872	+0.0002133	+0.0002391	+0.0002626	+0.0002860	+0.0003073	+0.0003274	+0.0003455	+0.0003626	+0.0003769
2015-02	0.004	-0.0001212	-0.0000936	-0.0000641	-0.0000312	+0.0000002	+0.0000338	+0.0000662	+0.0000982	+0.0001287	+0.0001591	+0.0001878	+0.0002159	+0.0002423	+0.0002671	+0.0002896	+0.0003103	+0.0003298	+0.0003471	+0.0003638	+0.0003790	+0.0003938
