2013-11	-0.003	-0.0042341	-0.0039181	-0.0036288	-0.0033088	-0.0029600	-0.0025731	-0.0021601	-0.0017408	-0.0012803	-0.0008041	-0.0003170	+0.0001757	+0.0006366	+0.0010849	+0.0014972	+0.0018773	+0.0022449	+0.0025871	+0.0028909	+0.0031981	+0.0034682
2013-12	0.044	-0.0035032	-0.0032877	-0.0030435	-0.0027773	-0.0025018	-0.0022037	-0.0018801	-0.0015255	-0.0011405	-0.0007458	-0.0003342	+0.0000674	+0.0004737	+0.0008516	+0.0012119	+0.0015423	+0.0018517	+0.0021448	+0.0024170	+0.0026668	+0.0029079
2014-01	-0.013	-0.0027942	-0.0025490	-0.0023155	-0.0020688	-0.0017859	-0.0014913	-0.0011825	-0.0008467	-0.0004984	-0.0001406	+0.0002213	+0.0005922	+0.0009539	+0.0013047	+0.0016353	+0.0019385	+0.0022213	+0.0024802	+0.0027166	+0.0029512	+0.0031727
2014-02	0.011	-0.0010632	-0.0008999	-0.0007346	-0.0005734	-0.0003926	-0.0001912	+0.0000421	+0.0002939	+0.0005652	+0.0008509	+0.0011503	+0.0014595	+0.0017663	+0.0020708	+0.0023558	+0.0026310	+0.0028854	+0.0031300	+0.0033636	+0.0035903	+0.0037850
2014-03	-0.021	-0.0011967	-0.0010830	-0.0009616	-0.0008292	-0.0006794	-0.0005203	-0.0003333	-0.0001299	+0.0000938	+0.0003418	+0.0006105	+0.0008921	+0.0011759	+0.0014465	+0.0017175	+0.0019774	+0.0022298	+0.0024509	+0.0026617	+0.0028657	+0.0030867
2014-04	0.021	-0.0011365	-0.0009993	-0.0008406	-0.0006669	-0.0005002	-0.0003186	-0.0001277	+0.0000764	+0.0003085	+0.0005624	+0.0008323	+0.0011043	+0.0013808	+0.0016524	+0.0019278	+0.0021838	+0.0024246	+0.0026583	+0.0028980	+0.0031106	+0.0033209
2014-05	0.049	-0.0012228	-0.0010780	-0.0009189	-0.0007190	-0.0005190	-0.0003404	-0.0001722	+0.0000011	+0.0001830	+0.0003685	+0.0005725	+0.0007848	+0.0010095	+0.0012364	+0.0014645	+0.0016746	+0.0018907	+0.0020881	+0.0022839	+0.0024679	+0.0026358
2014-06	0.025	-0.0006450	-0.0005678	-0.0004848	-0.0003994	-0.0002975	-0.0001836	-0.0000667	+0.0000636	+0.0002004	+0.0003437	+0.0004913	+0.0006410	+0.0007864	+0.0009274	+0.0010613	+0.0011857	+0.0012994	+0.0014102	+0.0015094	+0.0016096	+0.0017047
2014-07	0.013	-0.0004951	-0.0003989	-0.0002897	-0.0001746	-0.0000523	+0.0000821	+0.0002190	+0.0003548	+0.0005026	+0.0006573	+0.0008076	+0.0009592	+0.0011035	+0.0012400	+0.0013649	+0.0014800	+0.0015871	+0.0016832	+0.0017822	+0.0018658	+0.0019436
2014-08	0.024	-0.0004917	-0.0003819	-0.0002587	-0.0001112	+0.0000239	+0.0001665	+0.0003162	+0.0004632	+0.0006115	+0.0007661	+0.0009174	+0.0010659	+0.0012094	+0.0013429	+0.0014685	+0.0015800	+0.0016794	+0.0017735	+0.0018639	+0.0019483	+0.0020281
2014-09	0.017	-0.0003277	-0.0002387	-0.0001511	-0.0000487	+0.0000564	+0.0001658	+0.0002876	+0.0004122	+0.0005395	+0.0006689	+0.0008003	+0.0009259	+0.0010439	+0.0011540	+0.0012535	+0.0013460	+0.0014284	+0.0015016	+0.0015706	+0.0016269	+0.0016862
2014-10	0.028	-0.0004336	-0.0003242	-0.0002020	-0.0000673	+0.0000983	+0.0002862	+0.0004539	+0.0006007	+0.0007316	+0.0008534	+0.0009691	+0.0010813	+0.0011821	+0.0012760	+0.0013622	+0.0014399	+0.0015108	+0.0015773	+0.0016386	+0.0016968	+0.0017486
2014-11	0.073	-0.0002399	-0.0001383	-0.0000391	+0.0000741	+0.0002023	+0.0003413	+0.0004703	+0.0005856	+0.0006917	+0.0007933	+0.0008938	+0.0009898	+0.0010797	+0.0011662	+0.0012467	+0.0013206	+0.0013886	+0.0014537	+0.0015123	+0.0015703	+0.0016232
2014-12	0.047	-0.0002419	-0.0000992	+0.0000436	+0.0002311	+0.0004578	+0.0006473	+0.0008029	+0.0009391	+0.0010775	+0.0012157	+0.0013571	+0.0015032	+0.0016540	+0.0017946	+0.0019301	+0.0020625	+0.0021883	+0.0023092	+0.0024178	+0.0025227	+0.0026234
2015-01	0.001	-0.0007448	-0.0005557	-0.0003735	-0.0001177	+0.0002789	+0.0006846	+0.0009058	+0.0010906	+0.0012659	+0.0014463	+0.0016302	+0.0018156	+0.0019969	+0.0021769	+0.0023525	+0.0025233	+0.0026842	+0.0028312	+0.0029653	+0.0031004	+0.0032251
2015-02	-0.031	-0.0007947	-0.0006290	-0.0004134	-0.0001251	+0.0003368	+0.0007310	+0.0009685	+0.0011740	+0.0013694	+0.0015679	+0.0017647	+0.0019648	+0.0021621	+0.0023529	+0.0025357	+0.0027150	+0.0028779	+0.0030262	+0.0031692	+0.0033046	+0.0034424
