2011-09	-0.034	-0.0016275	-0.0015269	-0.0014273	-0.0013214	-0.0012101	-0.0010908	-0.0009666	-0.0008324	-0.0006942	-0.0005489	-0.0004075	-0.0002618	-0.0001151	+0.0000283	+0.0001662	+0.0003029	+0.0004398	+0.0005657	+0.0006912	+0.0008055	+0.0009094
2011-10	0.013	-0.0018253	-0.0017335	-0.0016268	-0.0015129	-0.0013977	-0.0012762	-0.0011532	-0.0010186	-0.0008735	-0.0007233	-0.0005692	-0.0004121	-0.0002572	-0.0001076	+0.0000405	+0.0001842	+0.0003172	+0.0004392	+0.0005579	+0.0006833	+0.0007949
2011-11	-0.044	-0.0014765	-0.0014140	-0.0013438	-0.0012727	-0.0011910	-0.0011005	-0.0010005	-0.0008923	-0.0007692	-0.0006419	-0.0005041	-0.0003572	-0.0002053	-0.0000491	+0.0001077	+0.0002578	+0.0003988	+0.0005384	+0.0006736	+0.0007974	+0.0009169
2011-12	0.001	-0.0018083	-0.0017333	-0.0016528	-0.0015639	-0.0014712	-0.0013718	-0.0012657	-0.0011504	-0.0010320	-0.0009095	-0.0007839	-0.0006562	-0.0005308	-0.0004105	-0.0002935	-0.0001815	-0.0000744	+0.0000357	+0.0001372	+0.0002442	+0.0003508
2012-01	0.016	-0.0017504	-0.0016771	-0.0015871	-0.0014992	-0.0014060	-0.0013058	-0.0012015	-0.0010870	-0.0009664	-0.0008400	-0.0007072	-0.0005714	-0.0004367	-0.0003023	-0.0001685	-0.0000356	+0.0000995	+0.0002326	+0.0003662	+0.0004875	+0.0005937
2012-02	0.091	-0.0017584	-0.0016676	-0.0015802	-0.0014907	-0.0013868	-0.0012873	-0.0011773	-0.0010535	-0.0009230	-0.0007872	-0.0006444	-0.0005032	-0.0003620	-0.0002227	-0.0000831	+0.0000606	+0.0002122	+0.0003708	+0.0005290	+0.0006622	+0.0007904
2012-03	0.025	-0.0016257	-0.0015306	-0.0014267	-0.0013192	-0.0011996	-0.0010707	-0.0009258	-0.0007723	-0.0006068	-0.0004276	-0.0002364	-0.0000397	+0.0001544	+0.0003426	+0.0005210	+0.0006921	+0.0008585	+0.0010172	+0.0011790	+0.0013169	+0.0014466
2012-04	-0.025	-0.0012617	-0.0011425	-0.0010170	-0.0008700	-0.0007299	-0.0005721	-0.0004045	-0.0002195	-0.0000260	+0.0001802	+0.0003970	+0.0006226	+0.0008364	+0.0010440	+0.0012407	+0.0014312	+0.0016090	+0.0017762	+0.0019321	+0.0020786	+0.0022152
2012-05	-0.062	-0.0011947	-0.0010883	-0.0009769	-0.0008522	-0.0007096	-0.0005547	-0.0003819	-0.0001958	+0.0000001	+0.0002128	+0.0004268	+0.0006450	+0.0008651	+0.0010777	+0.0012808	+0.0014651	+0.0016462	+0.0018127	+0.0019646	+0.0021096	+0.0022417
2012-06	0.026	-0.0015441	-0.0014249	-0.0013016	-0.0011594	-0.0010024	-0.0008400	-0.0006573	-0.0004594	-0.0002432	-0.0000150	+0.0002185	+0.0004586	+0.0006994	+0.0009326	+0.0011474	+0.0013521	+0.0015428	+0.0017135	+0.0018736	+0.0020291	+0.0021531
2012-07	-0.014	-0.0014301	-0.0013217	-0.0011870	-0.0010430	-0.0008943	-0.0007191	-0.0005414	-0.0003417	-0.0001316	+0.0000941	+0.0003202	+0.0005524	+0.0007821	+0.0009976	+0.0012040	+0.0013985	+0.0015789	+0.0017497	+0.0019056	+0.0020528	+0.0021849
2012-08	0.021	-0.0014120	-0.0012891	-0.0011607	-0.0010206	-0.0008682	-0.0007048	-0.0005220	-0.0003207	-0.0001082	+0.0001154	+0.0003475	+0.0005826	+0.0008165	+0.0010422	+0.0012556	+0.0014520	+0.0016386	+0.0018230	+0.0019824	+0.0021194	+0.0022542
2012-09	0.019	-0.0011541	-0.0010410	-0.0009148	-0.0007838	-0.0006409	-0.0004826	-0.0003074	-0.0001174	+0.0000862	+0.0003038	+0.0005315	+0.0007571	+0.0009733	+0.0011797	+0.0013725	+0.0015434	+0.0017138	+0.0018677	+0.0020073	+0.0021317	+0.0022479
2012-10	0.023	-0.0013180	-0.0011972	-0.0010745	-0.0009352	-0.0007867	-0.0006310	-0.0004608	-0.0002759	-0.0000874	+0.0001155	+0.0003285	+0.0005393	+0.0007541	+0.0009512	+0.0011403	+0.0013220	+0.0014855	+0.0016373	+0.0017865	+0.0019231	+0.0020546
2012-11	0.037	-0.0013091	-0.0012174	-0.0011092	-0.0010075	-0.0008896	-0.0007681	-0.0006377	-0.0004995	-0.0003484	-0.0001925	-0.0000349	+0.0001210	+0.0002720	+0.0004113	+0.0005374	+0.0006556	+0.0007686	+0.0008616	+0.0009483	+0.0010325	+0.0011124
2012-12	0.069	-0.0011528	-0.0010484	-0.0009400	-0.0008171	-0.0006958	-0.0005670	-0.0004279	-0.0002817	-0.0001275	+0.0000330	+0.0001911	+0.0003446	+0.0004876	+0.0006283	+0.0007504	+0.0008677	+0.0009667	+0.0010612	+0.0011448	+0.0012217	+0.0012901
2013-01	0.068	-0.0005386	-0.0004319	-0.0003251	-0.0002171	-0.0000898	+0.0000381	+0.0001720	+0.0003191	+0.0004709	+0.0006238	+0.0007826	+0.0009339	+0.0010789	+0.0012144	+0.0013402	+0.0014552	+0.0015597	+0.0016539	+0.0017360	+0.0018240	+0.0019004
2013-02	0.027	-0.0005703	-0.0003962	-0.0002315	-0.0000260	+0.0002350	+0.0005093	+0.0007303	+0.0009200	+0.0010969	+0.0012754	+0.0014551	+0.0016260	+0.0017902	+0.0019425	+0.0020923	+0.0022333	+0.0023598	+0.0024730	+0.0025806	+0.0026817	+0.0027831
2013-03	0.081	-0.0006988	-0.0005020	-0.0002923	-0.0000394	+0.0002923	+0.0006842	+0.0009517	+0.0011640	+0.0013553	+0.0015417	+0.0017223	+0.0018995	+0.0020690	+0.0022306	+0.0023831	+0.0025227	+0.0026558	+0.0027752	+0.0028816	+0.0029871	+0.0030875
2013-04	0.054	-0.0005433	-0.0003826	-0.0001673	+0.0000884	+0.0004787	+0.0012256	+0.0015177	+0.0017214	+0.0019100	+0.0020889	+0.0022686	+0.0024427	+0.0026129	+0.0027762	+0.0029286	+0.0030744	+0.0032090	+0.0033320	+0.0034439	+0.0035530	+0.0036547
2013-05	-0.032	-0.0008071	-0.0006418	-0.0004565	-0.0002218	+0.0001346	+0.0014391	+0.0018587	+0.0020864	+0.0022823	+0.0024725	+0.0026520	+0.0028258	+0.0029959	+0.0031535	+0.0032964	+0.0034284	+0.0035498	+0.0036701	+0.0037879	+0.0038868	+0.0039709
2013-06	-0.017	-0.0009280	-0.0007287	-0.0005104	-0.0002035	+0.0002288	+0.0012407	+0.0016631	+0.0019201	+0.0021419	+0.0023478	+0.0025461	+0.0027358	+0.0029122	+0.0030826	+0.0032349	+0.0033803	+0.0035143	+0.0036343	+0.0037438	+0.0038403	+0.0039339
2013-07	-0.012	-0.0015135	-0.0012253	-0.0009206	-0.0006012	-0.0002737	+0.0000632	+0.0004225	+0.0007902	+0.0011523	+0.0015173	+0.0018692	+0.0021918	+0.0024904	+0.0027503	+0.0029785	+0.0031748	+0.0033622	+0.0035242	+0.0036768	+0.0038055	+0.0039233
2013-08	-0.009	-0.0016947	-0.0013566	-0.0010257	-0.0006833	-0.0003390	+0.0000216	+0.0003769	+0.0007364	+0.0011066	+0.0014705	+0.0018195	+0.0021511	+0.0024494	+0.0027169	+0.0029613	+0.0031684	+0.0033662	+0.0035278	+0.0036733	+0.0037956	+0.0039072
2013-09	0.066	-0.0018716	-0.0016379	-0.0013923	-0.0011183	-0.0008470	-0.0005710	-0.0002762	+0.0000284	+0.0003473	+0.0006737	+0.0010065	+0.0013276	+0.0016342	+0.0019210	+0.0021792	+0.0024121	+0.0026227	+0.0028137	+0.0029858	+0.0031549	+0.0032951
2013-10	0.004	-0.0017311	-0.0015058	-0.0012938	-0.0010673	-0.0008371	-0.0005817	-0.0003120	-0.0000250	+0.0002827	+0.0005961	+0.0009157	+0.0012294	+0.0015305	+0.0018039	+0.0020657	+0.0023002	+0.0025125	+0.0027043	+0.0028836	+0.0030332	+0.0031933
2013-11	0.039	-0.0018014	-0.0016215	-0.0014334	-0.0012436	-0.0010252	-0.0007980	-0.0005559	-0.0002959	-0.0000274	+0.0002509	+0.0005343	+0.0008215	+0.0010852	+0.0013380	+0.0015741	+0.0017968	+0.0019871	+0.0021713	+0.0023283	+0.0024868	+0.0026207
2013-12	0.031	-0.0019307	-0.0017588	-0.0015928	-0.0013971	-0.0011893	-0.0009728	-0.0007486	-0.0005067	-0.0002569	+0.0000023	+0.0002623	+0.0005174	+0.0007602	+0.0009883	+0.0011997	+0.0013929	+0.0015768	+0.0017435	+0.0018969	+0.0020313	+0.0021622
2014-01	-0.045	-0.0019302	-0.0017450	-0.0015585	-0.0013698	-0.0011669	-0.0009554	-0.0007279	-0.0004931	-0.0002464	+0.0000121	+0.0002661	+0.0005132	+0.0007500	+0.0009735	+0.0011763	+0.0013590	+0.0015265	+0.0016857	+0.0018211	+0.0019520	+0.0020697
2014-02	0.010	-0.0007986	-0.0006684	-0.0005300	-0.0003933	-0.0002447	-0.0000915	+0.0000661	+0.0002411	+0.0004258	+0.0006166	+0.0008133	+0.0010049	+0.0011949	+0.0013748	+0.0015404	+0.0016925	+0.0018330	+0.0019530	+0.0020741	+0.0021997	+0.0023073
2014-03	0.008	-0.0010818	-0.0009826	-0.0008704	-0.0007545	-0.0006273	-0.0004892	-0.0003382	-0.0001779	-0.0000066	+0.0001766	+0.0003628	+0.0005452	+0.0007276	+0.0008989	+0.0010623	+0.0012089	+0.0013521	+0.0014749	+0.0015936	+0.0017104	+0.0018101
2014-04	0.001	-0.0009381	-0.0008223	-0.0007028	-0.0005672	-0.0004308	-0.0002870	-0.0001326	+0.0000377	+0.0002113	+0.0003937	+0.0005811	+0.0007606	+0.0009334	+0.0010949	+0.0012463	+0.0013808	+0.0015092	+0.0016250	+0.0017382	+0.0018460	+0.0019597
2014-05	0.021	-0.0010431	-0.0009033	-0.0007729	-0.0006360	-0.0004863	-0.0003350	-0.0001771	-0.0000177	+0.0001463	+0.0003098	+0.0004748	+0.0006332	+0.0007845	+0.0009305	+0.0010660	+0.0011912	+0.0013022	+0.0014045	+0.0015018	+0.0015928	+0.0016715
2014-06	0.020	-0.0008013	-0.0006935	-0.0005880	-0.0004783	-0.0003672	-0.0002461	-0.0001150	+0.0000227	+0.0001660	+0.0003097	+0.0004559	+0.0006017	+0.0007412	+0.0008679	+0.0009815	+0.0010860	+0.0011834	+0.0012732	+0.0013516	+0.0014262	+0.0015041
2014-07	0.011	-0.0008109	-0.0007159	-0.0006085	-0.0004845	-0.0003542	-0.0002088	-0.0000660	+0.0000894	+0.0002407	+0.0003996	+0.0005561	+0.0007012	+0.0008370	+0.0009618	+0.0010747	+0.0011781	+0.0012725	+0.0013600	+0.0014382	+0.0015154	+0.0015853
2014-08	0.008	-0.0008101	-0.0007132	-0.0006121	-0.0005123	-0.0003937	-0.0002755	-0.0001502	-0.0000191	+0.0001196	+0.0002594	+0.0003951	+0.0005267	+0.0006472	+0.0007582	+0.0008575	+0.0009496	+0.0010293	+0.0011051	+0.0011692	+0.0012296	+0.0012890
2014-09	0.018	-0.0007541	-0.0006649	-0.0005699	-0.0004805	-0.0003798	-0.0002702	-0.0001551	-0.0000348	+0.0000932	+0.0002173	+0.0003400	+0.0004590	+0.0005700	+0.0006729	+0.0007655	+0.0008485	+0.0009221	+0.0009835	+0.0010436	+0.0010996	+0.0011530
2014-10	0.012	-0.0003342	-0.0002586	-0.0001646	-0.0000589	+0.0000668	+0.0002017	+0.0003199	+0.0004214	+0.0005148	+0.0006047	+0.0006939	+0.0007784	+0.0008582	+0.0009352	+0.0010048	+0.0010707	+0.0011291	+0.0011832	+0.0012334	+0.0012812	+0.0013157
2014-11	0.060	-0.0004784	-0.0003947	-0.0003139	-0.0002340	-0.0001430	-0.0000469	+0.0000553	+0.0001556	+0.0002599	+0.0003647	+0.0004644	+0.0005580	+0.0006457	+0.0007247	+0.0007961	+0.0008623	+0.0009191	+0.0009716	+0.0010219	+0.0010648	+0.0011034
2014-12	-0.008	-0.0005181	-0.0003970	-0.0002709	-0.0001462	-0.0000159	+0.0001157	+0.0002492	+0.0003857	+0.0005300	+0.0006837	+0.0008434	+0.0010063	+0.0011724	+0.0013357	+0.0014948	+0.0016429	+0.0017830	+0.0019127	+0.0020460	+0.0021512	+0.0022466
2015-01	-0.013	-0.0009240	-0.0007537	-0.0005729	-0.0003961	-0.0002207	-0.0000402	+0.0001296	+0.0003036	+0.0004861	+0.0006665	+0.0008480	+0.0010293	+0.0012050	+0.0013752	+0.0015414	+0.0016939	+0.0018432	+0.0019756	+0.0021005	+0.0022243	+0.0023419
2015-02	-0.005	-0.0007775	-0.0006659	-0.0005394	-0.0004143	-0.0002790	-0.0001472	-0.0000039	+0.0001508	+0.0003178	+0.0004956	+0.0006788	+0.0008621	+0.0010456	+0.0012266	+0.0013997	+0.0015595	+0.0017046	+0.0018580	+0.0020151	+0.0021559	+0.0022706
