2012-06	0.028	-0.0017874	-0.0016257	-0.0014558	-0.0012627	-0.0010720	-0.0008546	-0.0006300	-0.0004024	-0.0001489	+0.0001164	+0.0003816	+0.0006475	+0.0008962	+0.0011328	+0.0013484	+0.0015436	+0.0017193	+0.0018793	+0.0020284	+0.0021619	+0.0022936
2012-07	0.011	-0.0016073	-0.0014612	-0.0012986	-0.0011287	-0.0009465	-0.0007549	-0.0005466	-0.0003267	-0.0000914	+0.0001482	+0.0003928	+0.0006302	+0.0008576	+0.0010696	+0.0012713	+0.0014618	+0.0016281	+0.0017791	+0.0019117	+0.0020451	+0.0021595
2012-08	0.009	-0.0014815	-0.0013378	-0.0011809	-0.0010155	-0.0008350	-0.0006490	-0.0004419	-0.0002126	+0.0000190	+0.0002602	+0.0005056	+0.0007462	+0.0009783	+0.0011985	+0.0013962	+0.0015827	+0.0017503	+0.0019046	+0.0020420	+0.0021748	+0.0022969
2012-09	0.021	-0.0013014	-0.0011728	-0.0010274	-0.0008755	-0.0007130	-0.0005334	-0.0003384	-0.0001271	+0.0000922	+0.0003251	+0.0005609	+0.0007901	+0.0010094	+0.0012127	+0.0013993	+0.0015686	+0.0017255	+0.0018656	+0.0019924	+0.0021047	+0.0022212
2012-10	0.019	-0.0014703	-0.0013435	-0.0012006	-0.0010454	-0.0008882	-0.0007207	-0.0005368	-0.0003410	-0.0001405	+0.0000694	+0.0002807	+0.0004911	+0.0006935	+0.0008827	+0.0010605	+0.0012221	+0.0013731	+0.0015073	+0.0016379	+0.0017516	+0.0018604
2012-11	0.034	-0.0015193	-0.0013898	-0.0012677	-0.0011333	-0.0009938	-0.0008497	-0.0006998	-0.0005385	-0.0003670	-0.0001915	-0.0000108	+0.0001635	+0.0003295	+0.0004877	+0.0006296	+0.0007619	+0.0008787	+0.0009862	+0.0010828	+0.0011732	+0.0012572
2012-12	0.067	-0.0013504	-0.0012214	-0.0010978	-0.0009607	-0.0008233	-0.0006712	-0.0005132	-0.0003458	-0.0001691	+0.0000082	+0.0001860	+0.0003527	+0.0005098	+0.0006565	+0.0007902	+0.0009100	+0.0010162	+0.0011101	+0.0011973	+0.0012770	+0.0013570
2013-01	0.071	-0.0006807	-0.0005614	-0.0004429	-0.0003068	-0.0001644	-0.0000197	+0.0001348	+0.0002993	+0.0004689	+0.0006378	+0.0008060	+0.0009710	+0.0011257	+0.0012689	+0.0013986	+0.0015202	+0.0016288	+0.0017218	+0.0018115	+0.0018957	+0.0019734
2013-02	0.019	-0.0005940	-0.0004247	-0.0002457	-0.0000218	+0.0002721	+0.0005644	+0.0007871	+0.0009783	+0.0011580	+0.0013419	+0.0015237	+0.0016991	+0.0018698	+0.0020336	+0.0021861	+0.0023268	+0.0024585	+0.0025821	+0.0026956	+0.0028078	+0.0028969
2013-03	0.050	-0.0007271	-0.0005508	-0.0003456	-0.0000949	+0.0002619	+0.0006393	+0.0008886	+0.0011016	+0.0012933	+0.0014813	+0.0016664	+0.0018414	+0.0020166	+0.0021861	+0.0023423	+0.0024844	+0.0026209	+0.0027419	+0.0028599	+0.0029679	+0.0030681
2013-04	0.054	-0.0006333	-0.0004628	-0.0002486	-0.0000088	+0.0003432	+0.0009316	+0.0012189	+0.0014203	+0.0015994	+0.0017740	+0.0019449	+0.0021134	+0.0022765	+0.0024298	+0.0025746	+0.0027082	+0.0028390	+0.0029546	+0.0030602	+0.0031633	+0.0032577
2013-05	-0.014	-0.0007759	-0.0006031	-0.0004053	-0.0001769	+0.0001632	+0.0010976	+0.0015108	+0.0017317	+0.0019221	+0.0021001	+0.0022788	+0.0024435	+0.0026070	+0.0027596	+0.0028957	+0.0030229	+0.0031393	+0.0032456	+0.0033413	+0.0034318	+0.0035265
2013-06	-0.043	-0.0008403	-0.0006652	-0.0004616	-0.0002105	+0.0001845	+0.0011479	+0.0015338	+0.0017651	+0.0019621	+0.0021425	+0.0023187	+0.0024872	+0.0026461	+0.0027966	+0.0029361	+0.0030602	+0.0031770	+0.0032824	+0.0033793	+0.0034672	+0.0035475
2013-07	0.004	-0.0016433	-0.0013591	-0.0010982	-0.0007901	-0.0004800	-0.0001638	+0.0001725	+0.0005231	+0.0008845	+0.0012466	+0.0015954	+0.0019218	+0.0022128	+0.0024674	+0.0026922	+0.0028859	+0.0030520	+0.0031882	+0.0033165	+0.0034398	+0.0035340
2013-08	-0.022	-0.0017205	-0.0014236	-0.0011529	-0.0008265	-0.0005104	-0.0002012	+0.0001208	+0.0004754	+0.0008304	+0.0011821	+0.0015254	+0.0018476	+0.0021414	+0.0023967	+0.0026221	+0.0028240	+0.0030014	+0.0031564	+0.0032839	+0.0033969	+0.0035122
2013-09	0.055	-0.0020434	-0.0018346	-0.0015994	-0.0013514	-0.0010872	-0.0008197	-0.0005481	-0.0002460	+0.0000586	+0.0003637	+0.0006742	+0.0009767	+0.0012625	+0.0015228	+0.0017588	+0.0019729	+0.0021516	+0.0023217	+0.0024621	+0.0026069	+0.0027324
2013-10	0.025	-0.0019603	-0.0017428	-0.0015209	-0.0013158	-0.0010792	-0.0008394	-0.0005707	-0.0002929	-0.0000053	+0.0002903	+0.0005914	+0.0008769	+0.0011599	+0.0014173	+0.0016540	+0.0018678	+0.0020586	+0.0022293	+0.0023853	+0.0025226	+0.0026476
2013-11	0.017	-0.0019321	-0.0017380	-0.0015395	-0.0013334	-0.0011227	-0.0008938	-0.0006477	-0.0003894	-0.0001188	+0.0001655	+0.0004466	+0.0007179	+0.0009784	+0.0012197	+0.0014399	+0.0016427	+0.0018248	+0.0019942	+0.0021455	+0.0022858	+0.0024205
2013-12	0.024	-0.0020729	-0.0018951	-0.0017137	-0.0015099	-0.0013048	-0.0010744	-0.0008431	-0.0005884	-0.0003271	-0.0000625	+0.0002051	+0.0004615	+0.0007080	+0.0009384	+0.0011534	+0.0013420	+0.0015147	+0.0016761	+0.0018246	+0.0019560	+0.0020859
2014-01	-0.037	-0.0021628	-0.0019790	-0.0017934	-0.0015975	-0.0013918	-0.0011713	-0.0009396	-0.0006977	-0.0004488	-0.0001928	+0.0000580	+0.0003020	+0.0005395	+0.0007589	+0.0009624	+0.0011469	+0.0013094	+0.0014592	+0.0015953	+0.0017172	+0.0018350
2014-02	0.016	-0.0008522	-0.0007362	-0.0006147	-0.0004886	-0.0003462	-0.0002077	-0.0000528	+0.0001120	+0.0002822	+0.0004614	+0.0006470	+0.0008292	+0.0010045	+0.0011741	+0.0013313	+0.0014754	+0.0016101	+0.0017394	+0.0018551	+0.0019639	+0.0020636
2014-03	0.010	-0.0009648	-0.0008695	-0.0007728	-0.0006670	-0.0005487	-0.0004247	-0.0002867	-0.0001403	+0.0000180	+0.0001838	+0.0003511	+0.0005224	+0.0006908	+0.0008532	+0.0010064	+0.0011490	+0.0012799	+0.0014006	+0.0015090	+0.0016060	+0.0017068
2014-04	0.008	-0.0008485	-0.0007469	-0.0006323	-0.0004988	-0.0003771	-0.0002416	-0.0000980	+0.0000518	+0.0002070	+0.0003717	+0.0005395	+0.0007057	+0.0008646	+0.0010090	+0.0011457	+0.0012782	+0.0014015	+0.0015162	+0.0016221	+0.0017257	+0.0018256
2014-05	0.019	-0.0008780	-0.0007590	-0.0006331	-0.0005096	-0.0003670	-0.0002178	-0.0000659	+0.0000848	+0.0002346	+0.0003780	+0.0005191	+0.0006563	+0.0007859	+0.0009088	+0.0010233	+0.0011267	+0.0012153	+0.0013035	+0.0013839	+0.0014538	+0.0015209
2014-06	0.015	-0.0006611	-0.0005658	-0.0004602	-0.0003496	-0.0002487	-0.0001387	-0.0000213	+0.0001051	+0.0002301	+0.0003608	+0.0004917	+0.0006163	+0.0007352	+0.0008457	+0.0009442	+0.0010310	+0.0011137	+0.0011884	+0.0012556	+0.0013208	+0.0013726
2014-07	0.018	-0.0006385	-0.0005466	-0.0004481	-0.0003386	-0.0002254	-0.0000992	+0.0000286	+0.0001643	+0.0002964	+0.0004329	+0.0005638	+0.0006849	+0.0007965	+0.0008963	+0.0009871	+0.0010692	+0.0011431	+0.0012046	+0.0012649	+0.0013181	+0.0013676
2014-08	0.011	-0.0006015	-0.0005109	-0.0004175	-0.0003202	-0.0002109	-0.0001042	+0.0000120	+0.0001323	+0.0002588	+0.0003854	+0.0005089	+0.0006258	+0.0007314	+0.0008311	+0.0009206	+0.0009979	+0.0010656	+0.0011297	+0.0011868	+0.0012409	+0.0012913
2014-09	0.011	-0.0005362	-0.0004467	-0.0003624	-0.0002740	-0.0001805	-0.0000818	+0.0000251	+0.0001350	+0.0002479	+0.0003621	+0.0004750	+0.0005835	+0.0006823	+0.0007746	+0.0008583	+0.0009315	+0.0009975	+0.0010596	+0.0011156	+0.0011636	+0.0012074
2014-10	0.014	-0.0003655	-0.0002881	-0.0002018	-0.0000873	+0.0000750	+0.0002819	+0.0004210	+0.0005194	+0.0006071	+0.0006909	+0.0007748	+0.0008561	+0.0009338	+0.0010087	+0.0010780	+0.0011439	+0.0012045	+0.0012573	+0.0013066	+0.0013537	+0.0013964
2014-11	0.071	-0.0005073	-0.0004204	-0.0003274	-0.0002348	-0.0001369	-0.0000288	+0.0000841	+0.0001979	+0.0003123	+0.0004210	+0.0005258	+0.0006259	+0.0007158	+0.0007958	+0.0008687	+0.0009366	+0.0009989	+0.0010561	+0.0011082	+0.0011526	+0.0011948
2014-12	0.005	-0.0005891	-0.0004532	-0.0003085	-0.0001612	-0.0000099	+0.0001414	+0.0002842	+0.0004366	+0.0005946	+0.0007644	+0.0009414	+0.0011175	+0.0013017	+0.0014839	+0.0016578	+0.0018234	+0.0019720	+0.0021132	+0.0022479	+0.0023733	+0.0024904
2015-01	-0.005	-0.0009654	-0.0007759	-0.0005851	-0.0003778	-0.0001655	+0.0000412	+0.0002216	+0.0004007	+0.0005859	+0.0007728	+0.0009646	+0.0011533	+0.0013424	+0.0015240	+0.0017012	+0.0018721	+0.0020275	+0.0021755	+0.0023120	+0.0024477	+0.0025733
2015-02	-0.002	-0.0007756	-0.0006401	-0.0004992	-0.0003398	-0.0001834	-0.0000258	+0.0001346	+0.0002989	+0.0004739	+0.0006621	+0.0008591	+0.0010557	+0.0012492	+0.0014390	+0.0016239	+0.0017931	+0.0019576	+0.0021202	+0.0022812	+0.0024314	+0.0025733
