2011-09	-0.016	-0.0033053	-0.0031122	-0.0029149	-0.0027106	-0.0024861	-0.0022608	-0.0020130	-0.0017494	-0.0014774	-0.0011991	-0.0009168	-0.0006356	-0.0003683	-0.0001196	+0.0001094	+0.0003236	+0.0005337	+0.0007140	+0.0008795	+0.0010374	+0.0011751
2011-10	0.036	-0.0034153	-0.0032534	-0.0030808	-0.0028821	-0.0026686	-0.0024538	-0.0022022	-0.0019508	-0.0016890	-0.0014221	-0.0011461	-0.0008761	-0.0006183	-0.0003699	-0.0001219	+0.0001035	+0.0003236	+0.0005180	+0.0007097	+0.0008935	+0.0010519
2011-11	-0.054	-0.0028685	-0.0027065	-0.0025543	-0.0023862	-0.0022041	-0.0020127	-0.0017989	-0.0015692	-0.0013278	-0.0010735	-0.0008145	-0.0005645	-0.0003087	-0.0000638	+0.0001764	+0.0004109	+0.0006424	+0.0008550	+0.0010680	+0.0012744	+0.0014468
2011-12	0.003	-0.0029950	-0.0028563	-0.0026806	-0.0024940	-0.0022925	-0.0020849	-0.0018690	-0.0016379	-0.0013957	-0.0011450	-0.0008958	-0.0006500	-0.0004136	-0.0001880	+0.0000194	+0.0002191	+0.0004025	+0.0005645	+0.0007214	+0.0008822	+0.0010282
2012-01	0.032	-0.0029436	-0.0027720	-0.0026032	-0.0024047	-0.0022052	-0.0020032	-0.0017795	-0.0015474	-0.0012979	-0.0010497	-0.0007967	-0.0005493	-0.0003111	-0.0000872	+0.0001224	+0.0003126	+0.0004991	+0.0006725	+0.0008358	+0.0009801	+0.0011084
2012-02	0.088	-0.0027910	-0.0026267	-0.0024278	-0.0022198	-0.0020073	-0.0017905	-0.0015637	-0.0013103	-0.0010544	-0.0007852	-0.0005095	-0.0002446	+0.0000064	+0.0002368	+0.0004490	+0.0006517	+0.0008366	+0.0010149	+0.0011690	+0.0013185	+0.0014692
2012-03	0.025	-0.0026171	-0.0024240	-0.0022266	-0.0020248	-0.0018225	-0.0015998	-0.0013492	-0.0010862	-0.0008159	-0.0005351	-0.0002557	+0.0000229	+0.0002908	+0.0005455	+0.0007713	+0.0009782	+0.0011637	+0.0013409	+0.0014979	+0.0016473	+0.0017769
2012-04	-0.038	-0.0014775	-0.0013125	-0.0011479	-0.0009534	-0.0007550	-0.0005445	-0.0003303	-0.0001031	+0.0001359	+0.0003735	+0.0006133	+0.0008481	+0.0010695	+0.0012779	+0.0014659	+0.0016455	+0.0018042	+0.0019470	+0.0020751	+0.0021951	+0.0023151
2012-05	-0.098	-0.0011881	-0.0010624	-0.0009209	-0.0007648	-0.0005934	-0.0004181	-0.0002285	-0.0000196	+0.0002004	+0.0004312	+0.0006624	+0.0008930	+0.0011120	+0.0013179	+0.0015122	+0.0016886	+0.0018449	+0.0019922	+0.0021312	+0.0022652	+0.0023789
2012-06	0.026	-0.0021048	-0.0019323	-0.0017583	-0.0015706	-0.0013639	-0.0011550	-0.0009261	-0.0006772	-0.0004168	-0.0001420	+0.0001346	+0.0004049	+0.0006709	+0.0009226	+0.0011585	+0.0013760	+0.0015668	+0.0017379	+0.0018931	+0.0020408	+0.0021663
2012-07	-0.006	-0.0021481	-0.0019735	-0.0018065	-0.0016083	-0.0014115	-0.0011907	-0.0009577	-0.0007021	-0.0004417	-0.0001645	+0.0001105	+0.0003744	+0.0006376	+0.0008806	+0.0011087	+0.0013214	+0.0015166	+0.0016880	+0.0018523	+0.0020061	+0.0021423
2012-08	0.012	-0.0021542	-0.0019899	-0.0018203	-0.0016177	-0.0014216	-0.0011955	-0.0009500	-0.0006981	-0.0004189	-0.0001352	+0.0001489	+0.0004317	+0.0007018	+0.0009561	+0.0011985	+0.0014121	+0.0016057	+0.0017860	+0.0019466	+0.0021082	+0.0022483
2012-09	0.014	-0.0019148	-0.0017786	-0.0016135	-0.0014363	-0.0012512	-0.0010382	-0.0008057	-0.0005615	-0.0003015	-0.0000284	+0.0002501	+0.0005222	+0.0007796	+0.0010186	+0.0012392	+0.0014444	+0.0016269	+0.0017871	+0.0019372	+0.0020717	+0.0022075
2012-10	-0.002	-0.0021534	-0.0020035	-0.0018498	-0.0016811	-0.0014890	-0.0012784	-0.0010568	-0.0008248	-0.0005833	-0.0003298	-0.0000712	+0.0001836	+0.0004330	+0.0006659	+0.0008844	+0.0010769	+0.0012632	+0.0014324	+0.0015858	+0.0017303	+0.0018443
2012-11	0.047	-0.0022893	-0.0021524	-0.0019999	-0.0018517	-0.0016896	-0.0015171	-0.0013354	-0.0011319	-0.0009209	-0.0006914	-0.0004626	-0.0002360	-0.0000174	+0.0001924	+0.0003885	+0.0005703	+0.0007309	+0.0008770	+0.0010274	+0.0011499	+0.0012622
2012-12	0.070	-0.0021198	-0.0019657	-0.0018241	-0.0016609	-0.0014940	-0.0013122	-0.0011209	-0.0009117	-0.0006892	-0.0004655	-0.0002354	-0.0000163	+0.0001939	+0.0003866	+0.0005679	+0.0007343	+0.0008884	+0.0010220	+0.0011539	+0.0012808	+0.0013986
2013-01	0.087	-0.0012238	-0.0010735	-0.0009390	-0.0007768	-0.0006055	-0.0004292	-0.0002429	-0.0000423	+0.0001609	+0.0003708	+0.0005830	+0.0007919	+0.0009914	+0.0011745	+0.0013446	+0.0014998	+0.0016405	+0.0017727	+0.0018893	+0.0020061	+0.0021093
2013-02	0.019	-0.0007448	-0.0005494	-0.0003566	-0.0001492	+0.0000626	+0.0002846	+0.0005134	+0.0007449	+0.0009801	+0.0012257	+0.0014673	+0.0017009	+0.0019275	+0.0021423	+0.0023408	+0.0025254	+0.0026935	+0.0028560	+0.0029974	+0.0031375	+0.0032555
2013-03	0.062	-0.0008642	-0.0006490	-0.0003955	-0.0001346	+0.0001449	+0.0004138	+0.0006721	+0.0009292	+0.0011823	+0.0014383	+0.0016839	+0.0019342	+0.0021715	+0.0023960	+0.0026036	+0.0027947	+0.0029677	+0.0031199	+0.0032670	+0.0034168	+0.0035394
2013-04	0.075	-0.0008245	-0.0006035	-0.0003307	-0.0000106	+0.0003747	+0.0007803	+0.0011007	+0.0013586	+0.0015989	+0.0018361	+0.0020685	+0.0022918	+0.0025059	+0.0027077	+0.0028961	+0.0030688	+0.0032321	+0.0033815	+0.0035182	+0.0036413	+0.0037670
2013-05	0.007	-0.0008170	-0.0005847	-0.0003244	-0.0000128	+0.0004143	+0.0010682	+0.0015217	+0.0018106	+0.0020625	+0.0023054	+0.0025358	+0.0027605	+0.0029706	+0.0031646	+0.0033401	+0.0035092	+0.0036599	+0.0037902	+0.0039149	+0.0040368	+0.0041414
2013-06	-0.037	-0.0008115	-0.0005723	-0.0003463	-0.0000195	+0.0004462	+0.0015221	+0.0019823	+0.0022736	+0.0025193	+0.0027435	+0.0029517	+0.0031552	+0.0033482	+0.0035276	+0.0036953	+0.0038479	+0.0039865	+0.0041156	+0.0042282	+0.0043257	+0.0044373
2013-07	0.038	-0.0014971	-0.0011618	-0.0008344	-0.0005036	-0.0001147	+0.0002820	+0.0007106	+0.0011260	+0.0015345	+0.0019353	+0.0023189	+0.0026743	+0.0029852	+0.0032620	+0.0034966	+0.0037035	+0.0038821	+0.0040407	+0.0041797	+0.0042971	+0.0044213
2013-08	-0.020	-0.0016881	-0.0012682	-0.0008933	-0.0005061	-0.0000960	+0.0003198	+0.0007378	+0.0011610	+0.0015855	+0.0019925	+0.0023799	+0.0027387	+0.0030581	+0.0033395	+0.0035897	+0.0038113	+0.0039946	+0.0041560	+0.0043082	+0.0044426	+0.0045767
2013-09	0.066	-0.0019624	-0.0016729	-0.0013877	-0.0010760	-0.0007332	-0.0003907	-0.0000609	+0.0002990	+0.0006670	+0.0010337	+0.0013932	+0.0017507	+0.0020839	+0.0023829	+0.0026580	+0.0028954	+0.0031015	+0.0032903	+0.0034708	+0.0036425	+0.0037864
2013-10	0.005	-0.0017547	-0.0015033	-0.0012680	-0.0010107	-0.0007469	-0.0004573	-0.0001567	+0.0001725	+0.0005048	+0.0008507	+0.0011980	+0.0015342	+0.0018534	+0.0021464	+0.0024202	+0.0026695	+0.0028952	+0.0031055	+0.0032969	+0.0034714	+0.0036243
2013-11	0.041	-0.0017831	-0.0015708	-0.0013526	-0.0011157	-0.0008787	-0.0006218	-0.0003351	-0.0000417	+0.0002725	+0.0005969	+0.0009265	+0.0012446	+0.0015510	+0.0018419	+0.0021108	+0.0023467	+0.0025583	+0.0027543	+0.0029411	+0.0031056	+0.0032513
2013-12	0.021	-0.0018620	-0.0016528	-0.0014284	-0.0012040	-0.0009640	-0.0007120	-0.0004404	-0.0001431	+0.0001667	+0.0004808	+0.0007900	+0.0010912	+0.0013827	+0.0016551	+0.0019115	+0.0021514	+0.0023638	+0.0025543	+0.0027321	+0.0029179	+0.0030658
2014-01	-0.032	-0.0019811	-0.0017851	-0.0015987	-0.0013966	-0.0011924	-0.0009582	-0.0007110	-0.0004587	-0.0001881	+0.0000888	+0.0003651	+0.0006384	+0.0009002	+0.0011441	+0.0013703	+0.0015794	+0.0017622	+0.0019305	+0.0020902	+0.0022390	+0.0023826
2014-02	0.003	-0.0008343	-0.0006868	-0.0005369	-0.0003684	-0.0001993	-0.0000248	+0.0001651	+0.0003587	+0.0005644	+0.0007789	+0.0009985	+0.0012151	+0.0014271	+0.0016251	+0.0018100	+0.0019921	+0.0021506	+0.0022987	+0.0024482	+0.0025899	+0.0027058
2014-03	-0.011	-0.0012700	-0.0011506	-0.0010050	-0.0008666	-0.0007200	-0.0005591	-0.0003923	-0.0002033	-0.0000103	+0.0001947	+0.0004017	+0.0006040	+0.0008000	+0.0009932	+0.0011734	+0.0013335	+0.0014843	+0.0016183	+0.0017381	+0.0018633	+0.0019740
2014-04	-0.012	-0.0012873	-0.0011541	-0.0010215	-0.0008744	-0.0007291	-0.0005537	-0.0003733	-0.0001795	+0.0000223	+0.0002321	+0.0004455	+0.0006538	+0.0008524	+0.0010375	+0.0012091	+0.0013651	+0.0015090	+0.0016426	+0.0017606	+0.0018817	+0.0019940
2014-05	0.020	-0.0013755	-0.0012534	-0.0011146	-0.0009638	-0.0008126	-0.0006501	-0.0004729	-0.0002936	-0.0001074	+0.0000854	+0.0002782	+0.0004675	+0.0006571	+0.0008381	+0.0010021	+0.0011519	+0.0012927	+0.0014166	+0.0015325	+0.0016406	+0.0017424
2014-06	0.026	-0.0012267	-0.0011144	-0.0009961	-0.0008695	-0.0007417	-0.0006026	-0.0004546	-0.0002971	-0.0001280	+0.0000460	+0.0002244	+0.0003987	+0.0005653	+0.0007213	+0.0008688	+0.0010033	+0.0011263	+0.0012408	+0.0013391	+0.0014303	+0.0015118
2014-07	0.019	-0.0012412	-0.0011265	-0.0009948	-0.0008580	-0.0007159	-0.0005511	-0.0003807	-0.0002027	-0.0000188	+0.0001736	+0.0003601	+0.0005437	+0.0007166	+0.0008794	+0.0010320	+0.0011663	+0.0012930	+0.0014088	+0.0015139	+0.0016136	+0.0017039
2014-08	-0.000	-0.0012498	-0.0011336	-0.0010101	-0.0008830	-0.0007460	-0.0006008	-0.0004505	-0.0002870	-0.0001155	+0.0000603	+0.0002331	+0.0004053	+0.0005678	+0.0007209	+0.0008585	+0.0009850	+0.0011127	+0.0012171	+0.0013200	+0.0014028	+0.0014837
2014-09	0.032	-0.0013186	-0.0012134	-0.0010980	-0.0009847	-0.0008610	-0.0007246	-0.0005854	-0.0004336	-0.0002748	-0.0001080	+0.0000549	+0.0002152	+0.0003712	+0.0005155	+0.0006468	+0.0007670	+0.0008759	+0.0009777	+0.0010649	+0.0011468	+0.0012162
2014-10	-0.031	-0.0005544	-0.0004732	-0.0003812	-0.0002863	-0.0001900	-0.0000876	+0.0000263	+0.0001413	+0.0002689	+0.0003992	+0.0005320	+0.0006634	+0.0007892	+0.0009044	+0.0010116	+0.0011113	+0.0012085	+0.0012921	+0.0013703	+0.0014501	+0.0015142
2014-11	0.083	-0.0012043	-0.0010959	-0.0009837	-0.0008674	-0.0007330	-0.0005902	-0.0004417	-0.0002855	-0.0001283	+0.0000349	+0.0001929	+0.0003458	+0.0004907	+0.0006206	+0.0007410	+0.0008513	+0.0009585	+0.0010501	+0.0011330	+0.0012123	+0.0012834
2014-12	0.018	-0.0010711	-0.0009246	-0.0007703	-0.0006082	-0.0004294	-0.0002427	-0.0000506	+0.0001661	+0.0003886	+0.0006182	+0.0008544	+0.0010966	+0.0013378	+0.0015709	+0.0017930	+0.0020084	+0.0022087	+0.0023908	+0.0025533	+0.0027184	+0.0028884
2015-01	-0.016	-0.0012474	-0.0010769	-0.0008648	-0.0006480	-0.0004211	-0.0001977	+0.0000316	+0.0002674	+0.0005112	+0.0007621	+0.0010111	+0.0012609	+0.0015012	+0.0017386	+0.0019608	+0.0021683	+0.0023644	+0.0025477	+0.0027235	+0.0028768	+0.0030429
2015-02	-0.004	-0.0012449	-0.0011044	-0.0009580	-0.0008043	-0.0006395	-0.0004674	-0.0002648	-0.0000591	+0.0001654	+0.0004034	+0.0006581	+0.0009077	+0.0011587	+0.0014022	+0.0016245	+0.0018499	+0.0020607	+0.0022762	+0.0024818	+0.0026684	+0.0028379
