2011-09	-0.040	-0.0002864	-0.0002457	-0.0002019	-0.0001558	-0.0001072	-0.0000591	-0.0000088	+0.0000445	+0.0000984	+0.0001515	+0.0002060	+0.0002588	+0.0003078	+0.0003541	+0.0003949	+0.0004312	+0.0004654	+0.0004971	+0.0005252	+0.0005534	+0.0005775
2011-10	0.038	-0.0005334	-0.0004689	-0.0004057	-0.0003409	-0.0002665	-0.0001894	-0.0001045	-0.0000259	+0.0000571	+0.0001432	+0.0002222	+0.0002885	+0.0003428	+0.0003903	+0.0004309	+0.0004669	+0.0004973	+0.0005241	+0.0005483	+0.0005718	+0.0005897
2011-11	-0.015	-0.0008964	-0.0008223	-0.0007392	-0.0006540	-0.0005608	-0.0004600	-0.0003586	-0.0002417	-0.0001270	-0.0000128	+0.0000986	+0.0002067	+0.0003079	+0.0003903	+0.0004651	+0.0005361	+0.0006078	+0.0006748	+0.0007377	+0.0007939	+0.0008514
2011-12	0.011	-0.0010009	-0.0009176	-0.0008266	-0.0007241	-0.0006156	-0.0005016	-0.0003817	-0.0002599	-0.0001344	-0.0000068	+0.0001252	+0.0002468	+0.0003624	+0.0004690	+0.0005671	+0.0006585	+0.0007437	+0.0008258	+0.0009080	+0.0009831	+0.0010563
2012-01	0.017	-0.0010949	-0.0010088	-0.0009159	-0.0008155	-0.0007132	-0.0006025	-0.0004870	-0.0003620	-0.0002368	-0.0001077	+0.0000149	+0.0001370	+0.0002526	+0.0003633	+0.0004647	+0.0005595	+0.0006485	+0.0007317	+0.0008117	+0.0008934	+0.0009760
2012-02	0.023	-0.0011004	-0.0010070	-0.0009014	-0.0007942	-0.0006870	-0.0005750	-0.0004570	-0.0003372	-0.0002085	-0.0000839	+0.0000467	+0.0001726	+0.0002888	+0.0003981	+0.0005000	+0.0005903	+0.0006725	+0.0007563	+0.0008338	+0.0009100	+0.0009773
2012-03	0.004	-0.0009872	-0.0008901	-0.0007946	-0.0006928	-0.0005819	-0.0004619	-0.0003430	-0.0002133	-0.0000793	+0.0000597	+0.0001980	+0.0003291	+0.0004547	+0.0005718	+0.0006777	+0.0007736	+0.0008611	+0.0009410	+0.0010214	+0.0011002	+0.0011577
2012-04	0.007	-0.0010000	-0.0008836	-0.0007781	-0.0006678	-0.0005452	-0.0004266	-0.0002995	-0.0001651	-0.0000278	+0.0001083	+0.0002480	+0.0003840	+0.0005122	+0.0006312	+0.0007374	+0.0008331	+0.0009232	+0.0010062	+0.0010841	+0.0011558	+0.0012275
2012-05	-0.018	-0.0009007	-0.0007981	-0.0007010	-0.0005907	-0.0004787	-0.0003673	-0.0002445	-0.0001139	+0.0000229	+0.0001636	+0.0002986	+0.0004317	+0.0005562	+0.0006725	+0.0007744	+0.0008677	+0.0009542	+0.0010381	+0.0011178	+0.0011977	+0.0012681
2012-06	0.018	-0.0005818	-0.0004923	-0.0003848	-0.0002757	-0.0001619	-0.0000494	+0.0000553	+0.0001564	+0.0002548	+0.0003543	+0.0004528	+0.0005508	+0.0006463	+0.0007389	+0.0008271	+0.0009121	+0.0009930	+0.0010668	+0.0011411	+0.0012039	+0.0012602
2012-07	0.031	-0.0003922	-0.0003316	-0.0002695	-0.0002084	-0.0001444	-0.0000745	+0.0000002	+0.0000768	+0.0001571	+0.0002406	+0.0003237	+0.0004050	+0.0004798	+0.0005508	+0.0006150	+0.0006755	+0.0007292	+0.0007782	+0.0008241	+0.0008627	+0.0008970
2012-08	0.012	-0.0003433	-0.0002608	-0.0001821	-0.0001021	-0.0000097	+0.0000774	+0.0001693	+0.0002606	+0.0003540	+0.0004460	+0.0005343	+0.0006181	+0.0006955	+0.0007651	+0.0008281	+0.0008854	+0.0009359	+0.0009822	+0.0010245	+0.0010637	+0.0010999
2012-09	0.012	-0.0003477	-0.0002646	-0.0001708	-0.0000828	+0.0000068	+0.0001078	+0.0002126	+0.0003113	+0.0004102	+0.0005058	+0.0005924	+0.0006756	+0.0007509	+0.0008196	+0.0008796	+0.0009357	+0.0009833	+0.0010301	+0.0010708	+0.0011102	+0.0011456
2012-10	0.010	-0.0003166	-0.0002466	-0.0001777	-0.0000962	-0.0000024	+0.0000900	+0.0001837	+0.0002755	+0.0003661	+0.0004549	+0.0005371	+0.0006157	+0.0006888	+0.0007544	+0.0008156	+0.0008705	+0.0009171	+0.0009610	+0.0009967	+0.0010290	+0.0010598
2012-11	0.008	-0.0002972	-0.0002279	-0.0001488	-0.0000721	+0.0000070	+0.0000797	+0.0001594	+0.0002414	+0.0003234	+0.0004033	+0.0004791	+0.0005530	+0.0006207	+0.0006839	+0.0007408	+0.0007934	+0.0008399	+0.0008830	+0.0009227	+0.0009591	+0.0009924
2012-12	0.007	-0.0003019	-0.0002319	-0.0001597	-0.0000797	-0.0000003	+0.0000855	+0.0001737	+0.0002638	+0.0003498	+0.0004321	+0.0005089	+0.0005802	+0.0006460	+0.0007060	+0.0007609	+0.0008093	+0.0008538	+0.0008952	+0.0009321	+0.0009688	+0.0010033
2013-01	-0.002	-0.0002448	-0.0001740	-0.0000996	-0.0000182	+0.0000615	+0.0001474	+0.0002365	+0.0003261	+0.0004117	+0.0004894	+0.0005617	+0.0006276	+0.0006874	+0.0007445	+0.0007966	+0.0008414	+0.0008813	+0.0009185	+0.0009520	+0.0009806	+0.0010082
2013-02	-0.003	-0.0002694	-0.0002194	-0.0001710	-0.0001019	+0.0000048	+0.0003466	+0.0004253	+0.0004795	+0.0005279	+0.0005767	+0.0006251	+0.0006728	+0.0007193	+0.0007642	+0.0008066	+0.0008474	+0.0008855	+0.0009197	+0.0009532	+0.0009855	+0.0010157
2013-03	-0.003	-0.0002761	-0.0002266	-0.0001646	-0.0000927	+0.0000026	+0.0000976	+0.0001710	+0.0002343	+0.0002901	+0.0003447	+0.0003982	+0.0004487	+0.0004976	+0.0005443	+0.0005863	+0.0006252	+0.0006614	+0.0006954	+0.0007244	+0.0007487	+0.0007718
2013-04	0.014	-0.0002411	-0.0001947	-0.0001458	-0.0000951	-0.0000391	+0.0000137	+0.0000655	+0.0001155	+0.0001634	+0.0002112	+0.0002574	+0.0003027	+0.0003465	+0.0003866	+0.0004233	+0.0004566	+0.0004869	+0.0005154	+0.0005431	+0.0005681	+0.0005905
2013-05	-0.021	-0.0002141	-0.0001760	-0.0001348	-0.0000880	-0.0000417	+0.0000040	+0.0000504	+0.0000975	+0.0001454	+0.0001920	+0.0002384	+0.0002831	+0.0003246	+0.0003628	+0.0003975	+0.0004293	+0.0004580	+0.0004848	+0.0005090	+0.0005313	+0.0005510
2013-06	-0.046	-0.0003365	-0.0003006	-0.0002605	-0.0002171	-0.0001710	-0.0001230	-0.0000722	-0.0000230	+0.0000282	+0.0000796	+0.0001306	+0.0001784	+0.0002221	+0.0002642	+0.0003007	+0.0003340	+0.0003638	+0.0003913	+0.0004150	+0.0004388	+0.0004601
2013-07	0.014	-0.0011325	-0.0010625	-0.0009834	-0.0008988	-0.0008119	-0.0007119	-0.0006089	-0.0005062	-0.0004007	-0.0002948	-0.0001903	-0.0000936	-0.0000041	+0.0000760	+0.0001495	+0.0002134	+0.0002660	+0.0003113	+0.0003524	+0.0003866	+0.0004189
2013-08	-0.025	-0.0012470	-0.0011742	-0.0011060	-0.0010276	-0.0009414	-0.0008415	-0.0007397	-0.0006310	-0.0005185	-0.0004011	-0.0002848	-0.0001724	-0.0000660	+0.0000332	+0.0001236	+0.0002055	+0.0002826	+0.0003543	+0.0004246	+0.0004965	+0.0005557
2013-09	0.018	-0.0014089	-0.0013287	-0.0012452	-0.0011598	-0.0010716	-0.0009780	-0.0008758	-0.0007697	-0.0006611	-0.0005484	-0.0004310	-0.0003185	-0.0002096	-0.0001039	-0.0000069	+0.0000832	+0.0001672	+0.0002464	+0.0003204	+0.0003884	+0.0004496
2013-10	0.016	-0.0013707	-0.0012940	-0.0012186	-0.0011383	-0.0010464	-0.0009508	-0.0008486	-0.0007370	-0.0006204	-0.0004999	-0.0003796	-0.0002542	-0.0001352	-0.0000220	+0.0000838	+0.0001825	+0.0002736	+0.0003625	+0.0004455	+0.0005224	+0.0005966
2013-11	-0.015	-0.0012956	-0.0012001	-0.0011103	-0.0010142	-0.0009216	-0.0008212	-0.0007168	-0.0006021	-0.0004837	-0.0003605	-0.0002348	-0.0001096	+0.0000078	+0.0001194	+0.0002270	+0.0003228	+0.0004114	+0.0004953	+0.0005663	+0.0006302	+0.0006967
2013-12	0.003	-0.0013709	-0.0012971	-0.0012256	-0.0011379	-0.0010414	-0.0009452	-0.0008379	-0.0007241	-0.0006054	-0.0004844	-0.0003599	-0.0002370	-0.0001160	-0.0000035	+0.0001031	+0.0001989	+0.0002886	+0.0003644	+0.0004392	+0.0005051	+0.0005605
2014-01	-0.004	-0.0013435	-0.0012733	-0.0012038	-0.0011234	-0.0010395	-0.0009433	-0.0008451	-0.0007385	-0.0006228	-0.0005023	-0.0003770	-0.0002511	-0.0001287	-0.0000121	+0.0000959	+0.0001986	+0.0002929	+0.0003789	+0.0004645	+0.0005480	+0.0006298
2014-02	0.016	-0.0010485	-0.0009604	-0.0008761	-0.0007888	-0.0007040	-0.0006106	-0.0005136	-0.0004133	-0.0003081	-0.0002009	-0.0000915	+0.0000165	+0.0001220	+0.0002195	+0.0003092	+0.0003916	+0.0004665	+0.0005364	+0.0006027	+0.0006617	+0.0007147
2014-03	0.009	-0.0006168	-0.0005639	-0.0005088	-0.0004521	-0.0003920	-0.0003265	-0.0002594	-0.0001876	-0.0001122	-0.0000332	+0.0000492	+0.0001307	+0.0002095	+0.0002864	+0.0003559	+0.0004206	+0.0004795	+0.0005317	+0.0005794	+0.0006248	+0.0006677
2014-04	0.007	-0.0004986	-0.0004526	-0.0004085	-0.0003531	-0.0002947	-0.0002350	-0.0001681	-0.0000954	-0.0000193	+0.0000574	+0.0001359	+0.0002114	+0.0002853	+0.0003525	+0.0004172	+0.0004757	+0.0005277	+0.0005767	+0.0006244	+0.0006654	+0.0007068
2014-05	0.022	-0.0002806	-0.0002341	-0.0001825	-0.0001268	-0.0000667	-0.0000059	+0.0000586	+0.0001234	+0.0001906	+0.0002563	+0.0003218	+0.0003849	+0.0004465	+0.0005030	+0.0005552	+0.0006038	+0.0006452	+0.0006833	+0.0007162	+0.0007481	+0.0007785
2014-06	0.001	-0.0002896	-0.0002417	-0.0001890	-0.0001336	-0.0000755	-0.0000148	+0.0000467	+0.0001081	+0.0001711	+0.0002352	+0.0002972	+0.0003581	+0.0004140	+0.0004642	+0.0005116	+0.0005543	+0.0005943	+0.0006305	+0.0006646	+0.0006952	+0.0007245
2014-07	0.003	-0.0001239	-0.0000818	-0.0000351	+0.0000169	+0.0000676	+0.0001173	+0.0001666	+0.0002159	+0.0002652	+0.0003130	+0.0003597	+0.0004042	+0.0004456	+0.0004836	+0.0005195	+0.0005511	+0.0005803	+0.0006074	+0.0006318	+0.0006533	+0.0006757
2014-08	0.004	-0.0001566	-0.0001172	-0.0000697	-0.0000118	+0.0000665	+0.0001595	+0.0002248	+0.0002735	+0.0003166	+0.0003586	+0.0003996	+0.0004398	+0.0004778	+0.0005135	+0.0005449	+0.0005745	+0.0006007	+0.0006254	+0.0006493	+0.0006704	+0.0006931
2014-09	-0.014	-0.0001267	-0.0000878	-0.0000439	+0.0000079	+0.0000637	+0.0001184	+0.0001687	+0.0002168	+0.0002631	+0.0003078	+0.0003542	+0.0003972	+0.0004398	+0.0004797	+0.0005158	+0.0005496	+0.0005794	+0.0006070	+0.0006334	+0.0006538	+0.0006745
2014-10	0.007	-0.0003007	-0.0002441	-0.0001848	-0.0001184	-0.0000355	+0.0000448	+0.0001160	+0.0001776	+0.0002326	+0.0002854	+0.0003368	+0.0003861	+0.0004329	+0.0004747	+0.0005148	+0.0005512	+0.0005845	+0.0006148	+0.0006415	+0.0006682	+0.0006920
2014-11	-0.001	-0.0002002	-0.0001617	-0.0001234	-0.0000854	-0.0000461	-0.0000029	+0.0000425	+0.0000893	+0.0001392	+0.0001897	+0.0002404	+0.0002899	+0.0003374	+0.0003798	+0.0004195	+0.0004563	+0.0004896	+0.0005188	+0.0005429	+0.0005679	+0.0005874
2014-12	-0.010	-0.0002603	-0.0002279	-0.0001934	-0.0001593	-0.0001207	-0.0000811	-0.0000389	+0.0000053	+0.0000525	+0.0001004	+0.0001481	+0.0001938	+0.0002386	+0.0002799	+0.0003195	+0.0003562	+0.0003899	+0.0004191	+0.0004456	+0.0004712	+0.0004961
2015-01	0.006	-0.0004441	-0.0004061	-0.0003711	-0.0003363	-0.0002958	-0.0002536	-0.0002087	-0.0001630	-0.0001156	-0.0000667	-0.0000176	+0.0000290	+0.0000753	+0.0001169	+0.0001565	+0.0001931	+0.0002285	+0.0002629	+0.0002924	+0.0003203	+0.0003427
2015-02	0.003	-0.0004490	-0.0004152	-0.0003806	-0.0003443	-0.0003065	-0.0002659	-0.0002235	-0.0001783	-0.0001308	-0.0000831	-0.0000351	+0.0000125	+0.0000583	+0.0001005	+0.0001399	+0.0001759	+0.0002082	+0.0002395	+0.0002687	+0.0002961	+0.0003193
