2011-09	-0.004	-0.0041209	-0.0038249	-0.0034981	-0.0031689	-0.0028309	-0.0024800	-0.0020980	-0.0017011	-0.0013102	-0.0009019	-0.0005194	-0.0001506	+0.0001991	+0.0005182	+0.0008070	+0.0010777	+0.0013071	+0.0015194	+0.0017200	+0.0018944	+0.0020847
2011-10	0.005	-0.0042762	-0.0040202	-0.0037185	-0.0034189	-0.0031022	-0.0027584	-0.0023952	-0.0020115	-0.0016147	-0.0012280	-0.0008399	-0.0004662	-0.0001233	+0.0001993	+0.0004850	+0.0007410	+0.0009874	+0.0012191	+0.0014396	+0.0016367	+0.0018148
2011-11	-0.050	-0.0028618	-0.0026813	-0.0024790	-0.0022590	-0.0020167	-0.0017687	-0.0014923	-0.0011949	-0.0008824	-0.0005627	-0.0002445	+0.0000616	+0.0003619	+0.0006461	+0.0009091	+0.0011467	+0.0013777	+0.0015878	+0.0017927	+0.0019987	+0.0021718
2011-12	-0.000	-0.0031290	-0.0029141	-0.0026844	-0.0024322	-0.0021945	-0.0019349	-0.0016589	-0.0013731	-0.0010697	-0.0007629	-0.0004595	-0.0001628	+0.0001132	+0.0003767	+0.0006116	+0.0008236	+0.0010114	+0.0011728	+0.0013232	+0.0014597	+0.0015961
2012-01	0.010	-0.0031685	-0.0029625	-0.0027224	-0.0024941	-0.0022473	-0.0019872	-0.0017195	-0.0014354	-0.0011464	-0.0008453	-0.0005465	-0.0002499	+0.0000184	+0.0002780	+0.0005118	+0.0007223	+0.0009120	+0.0010800	+0.0012292	+0.0013702	+0.0014830
2012-02	0.056	-0.0032669	-0.0030518	-0.0028452	-0.0026264	-0.0023897	-0.0021429	-0.0018771	-0.0015916	-0.0012938	-0.0009865	-0.0006804	-0.0003744	-0.0000918	+0.0001633	+0.0003981	+0.0006082	+0.0008056	+0.0009884	+0.0011673	+0.0013390	+0.0015012
2012-03	0.030	-0.0031789	-0.0030010	-0.0027831	-0.0025398	-0.0022918	-0.0020379	-0.0017632	-0.0014804	-0.0011886	-0.0008930	-0.0005988	-0.0003051	-0.0000285	+0.0002282	+0.0004593	+0.0006553	+0.0008493	+0.0010220	+0.0012002	+0.0013490	+0.0014883
2012-04	-0.016	-0.0020696	-0.0019166	-0.0017212	-0.0015088	-0.0012925	-0.0010655	-0.0008310	-0.0005919	-0.0003479	-0.0001001	+0.0001467	+0.0003809	+0.0006045	+0.0008142	+0.0010002	+0.0011621	+0.0013153	+0.0014528	+0.0015851	+0.0016984	+0.0018110
2012-05	-0.119	-0.0011862	-0.0010592	-0.0009277	-0.0007941	-0.0006420	-0.0004897	-0.0003238	-0.0001473	+0.0000466	+0.0002403	+0.0004364	+0.0006256	+0.0008056	+0.0009754	+0.0011315	+0.0012710	+0.0014019	+0.0015209	+0.0016375	+0.0017375	+0.0018300
2012-06	0.061	-0.0026328	-0.0024369	-0.0022469	-0.0020486	-0.0018259	-0.0015981	-0.0013569	-0.0011032	-0.0008251	-0.0005474	-0.0002783	-0.0000183	+0.0002274	+0.0004555	+0.0006618	+0.0008439	+0.0010101	+0.0011579	+0.0012922	+0.0013991	+0.0015098
2012-07	-0.051	-0.0025248	-0.0022941	-0.0020693	-0.0018618	-0.0016416	-0.0014045	-0.0011507	-0.0008859	-0.0006066	-0.0003276	-0.0000424	+0.0002299	+0.0004803	+0.0007172	+0.0009318	+0.0011277	+0.0013008	+0.0014561	+0.0015997	+0.0017461	+0.0018893
2012-08	-0.011	-0.0026673	-0.0024435	-0.0022334	-0.0020324	-0.0018069	-0.0015611	-0.0013052	-0.0010274	-0.0007416	-0.0004428	-0.0001532	+0.0001354	+0.0004060	+0.0006571	+0.0008870	+0.0010962	+0.0012789	+0.0014347	+0.0015745	+0.0017030	+0.0018201
2012-09	0.031	-0.0024398	-0.0022504	-0.0020519	-0.0018484	-0.0016290	-0.0013998	-0.0011526	-0.0008893	-0.0006138	-0.0003241	-0.0000381	+0.0002297	+0.0004882	+0.0007254	+0.0009429	+0.0011412	+0.0013198	+0.0014721	+0.0016143	+0.0017480	+0.0018732
2012-10	0.007	-0.0026467	-0.0024579	-0.0022520	-0.0020500	-0.0018392	-0.0016024	-0.0013553	-0.0010914	-0.0008216	-0.0005424	-0.0002640	+0.0000098	+0.0002687	+0.0005039	+0.0007274	+0.0009198	+0.0011013	+0.0012626	+0.0014182	+0.0015600	+0.0016990
2012-11	0.032	-0.0027316	-0.0025587	-0.0023834	-0.0021990	-0.0019930	-0.0017798	-0.0015440	-0.0013002	-0.0010498	-0.0007801	-0.0005124	-0.0002507	-0.0000058	+0.0002334	+0.0004486	+0.0006422	+0.0008262	+0.0009995	+0.0011478	+0.0012924	+0.0014180
2012-12	0.049	-0.0027417	-0.0025675	-0.0023701	-0.0021789	-0.0019725	-0.0017518	-0.0015239	-0.0012730	-0.0010038	-0.0007277	-0.0004566	-0.0001923	+0.0000656	+0.0002987	+0.0005210	+0.0007231	+0.0009112	+0.0010911	+0.0012466	+0.0014015	+0.0015400
2013-01	0.090	-0.0018348	-0.0016570	-0.0014786	-0.0012849	-0.0010864	-0.0008810	-0.0006555	-0.0004159	-0.0001759	+0.0000742	+0.0003236	+0.0005721	+0.0008042	+0.0010225	+0.0012143	+0.0013948	+0.0015541	+0.0016983	+0.0018304	+0.0019581	+0.0020771
2013-02	0.038	-0.0010976	-0.0009079	-0.0007010	-0.0005163	-0.0003176	-0.0000998	+0.0001211	+0.0003532	+0.0006038	+0.0008591	+0.0011108	+0.0013614	+0.0015990	+0.0018227	+0.0020254	+0.0022068	+0.0023744	+0.0025266	+0.0026624	+0.0027862	+0.0029001
2013-03	0.114	-0.0008827	-0.0007011	-0.0005153	-0.0003257	-0.0001114	+0.0001124	+0.0003429	+0.0005730	+0.0008154	+0.0010605	+0.0013104	+0.0015444	+0.0017692	+0.0019792	+0.0021726	+0.0023463	+0.0025033	+0.0026454	+0.0027790	+0.0029135	+0.0030375
2013-04	0.123	-0.0008312	-0.0005605	-0.0002918	+0.0000724	+0.0004807	+0.0008595	+0.0011667	+0.0014457	+0.0017103	+0.0019713	+0.0022297	+0.0024854	+0.0027311	+0.0029657	+0.0031799	+0.0033910	+0.0035732	+0.0037464	+0.0039169	+0.0040592	+0.0041975
2013-05	-0.004	-0.0010050	-0.0007487	-0.0004369	-0.0000787	+0.0004827	+0.0013722	+0.0018951	+0.0022339	+0.0025264	+0.0028140	+0.0030888	+0.0033586	+0.0036212	+0.0038718	+0.0040988	+0.0043254	+0.0045325	+0.0047274	+0.0049095	+0.0050856	+0.0052530
2013-06	-0.008	-0.0013442	-0.0009614	-0.0006003	-0.0002088	+0.0004124	+0.0018288	+0.0024399	+0.0028117	+0.0031339	+0.0034356	+0.0037266	+0.0040141	+0.0042849	+0.0045373	+0.0047783	+0.0049864	+0.0051896	+0.0053749	+0.0055561	+0.0057275	+0.0058834
2013-07	0.006	-0.0017459	-0.0013877	-0.0009964	-0.0005646	-0.0001019	+0.0003894	+0.0008982	+0.0014102	+0.0019229	+0.0024344	+0.0029299	+0.0033865	+0.0037985	+0.0041722	+0.0045006	+0.0047790	+0.0050360	+0.0052645	+0.0054628	+0.0056503	+0.0058127
2013-08	-0.047	-0.0025498	-0.0019585	-0.0014142	-0.0008421	-0.0002661	+0.0003171	+0.0009072	+0.0014895	+0.0020719	+0.0026275	+0.0031512	+0.0036542	+0.0041060	+0.0045013	+0.0048444	+0.0051534	+0.0054277	+0.0056770	+0.0058916	+0.0060829	+0.0062733
2013-09	0.085	-0.0027307	-0.0023094	-0.0018809	-0.0014252	-0.0009564	-0.0004919	-0.0000086	+0.0005005	+0.0010320	+0.0015695	+0.0020937	+0.0026098	+0.0031154	+0.0035802	+0.0039890	+0.0043600	+0.0047049	+0.0049983	+0.0052669	+0.0054763	+0.0057130
2013-10	-0.016	-0.0025160	-0.0021588	-0.0017924	-0.0013942	-0.0009557	-0.0005134	-0.0000504	+0.0004521	+0.0009643	+0.0015004	+0.0020349	+0.0025534	+0.0030353	+0.0034901	+0.0039145	+0.0043020	+0.0046470	+0.0049517	+0.0052368	+0.0055062	+0.0057111
2013-11	0.029	-0.0026852	-0.0023917	-0.0020513	-0.0017142	-0.0013484	-0.0009666	-0.0005589	-0.0001340	+0.0003229	+0.0007928	+0.0012779	+0.0017532	+0.0022248	+0.0026713	+0.0030669	+0.0034548	+0.0038142	+0.0041166	+0.0044180	+0.0046964	+0.0049341
2013-12	0.040	-0.0029433	-0.0026800	-0.0024029	-0.0020889	-0.0017464	-0.0013949	-0.0010169	-0.0006050	-0.0001743	+0.0002767	+0.0007330	+0.0011829	+0.0016078	+0.0020129	+0.0024088	+0.0027720	+0.0030949	+0.0033920	+0.0036645	+0.0039396	+0.0041914
2014-01	-0.007	-0.0032568	-0.0030141	-0.0027623	-0.0024990	-0.0022029	-0.0018905	-0.0015720	-0.0012262	-0.0008770	-0.0005030	-0.0001225	+0.0002496	+0.0005968	+0.0009326	+0.0012482	+0.0015416	+0.0018111	+0.0020551	+0.0022848	+0.0025208	+0.0027391
2014-02	-0.023	-0.0014011	-0.0012314	-0.0010440	-0.0008582	-0.0006296	-0.0003957	-0.0001477	+0.0001265	+0.0004251	+0.0007361	+0.0010577	+0.0013870	+0.0017084	+0.0020133	+0.0023063	+0.0025750	+0.0028240	+0.0030705	+0.0032980	+0.0035090	+0.0036989
2014-03	-0.004	-0.0023682	-0.0022013	-0.0020285	-0.0018328	-0.0016090	-0.0013762	-0.0011297	-0.0008609	-0.0005784	-0.0002803	+0.0000238	+0.0003285	+0.0006262	+0.0009198	+0.0011872	+0.0014403	+0.0016734	+0.0018710	+0.0020805	+0.0022621	+0.0024268
2014-04	-0.035	-0.0020811	-0.0019078	-0.0017308	-0.0015404	-0.0013338	-0.0011063	-0.0008609	-0.0005957	-0.0003156	-0.0000227	+0.0002812	+0.0005781	+0.0008685	+0.0011486	+0.0014054	+0.0016480	+0.0018753	+0.0020868	+0.0022871	+0.0024911	+0.0026668
2014-05	0.035	-0.0021603	-0.0019961	-0.0018333	-0.0016356	-0.0014348	-0.0012299	-0.0009994	-0.0007575	-0.0005031	-0.0002293	+0.0000548	+0.0003318	+0.0006125	+0.0008743	+0.0011228	+0.0013544	+0.0015762	+0.0017785	+0.0019728	+0.0021589	+0.0023388
2014-06	0.064	-0.0021963	-0.0020294	-0.0018580	-0.0016709	-0.0014753	-0.0012645	-0.0010388	-0.0008038	-0.0005520	-0.0002838	-0.0000218	+0.0002447	+0.0005091	+0.0007602	+0.0009923	+0.0012148	+0.0014152	+0.0015945	+0.0017773	+0.0019579	+0.0021239
2014-07	0.017	-0.0020239	-0.0018487	-0.0016566	-0.0014373	-0.0012074	-0.0009666	-0.0007067	-0.0004235	-0.0001211	+0.0001951	+0.0005081	+0.0008237	+0.0011355	+0.0014265	+0.0016998	+0.0019478	+0.0021832	+0.0023944	+0.0025916	+0.0027712	+0.0029312
2014-08	0.009	-0.0019094	-0.0017216	-0.0015269	-0.0013290	-0.0011070	-0.0008660	-0.0006000	-0.0003247	-0.0000289	+0.0002819	+0.0005933	+0.0009055	+0.0012150	+0.0015162	+0.0017929	+0.0020491	+0.0022847	+0.0024999	+0.0026915	+0.0028561	+0.0030333
2014-09	0.001	-0.0020651	-0.0019134	-0.0017516	-0.0015587	-0.0013616	-0.0011526	-0.0009210	-0.0006771	-0.0004179	-0.0001411	+0.0001378	+0.0004112	+0.0006750	+0.0009256	+0.0011646	+0.0013890	+0.0016027	+0.0017936	+0.0019647	+0.0021452	+0.0023033
2014-10	-0.023	-0.0009906	-0.0008708	-0.0007317	-0.0005929	-0.0004389	-0.0002891	-0.0001154	+0.0000656	+0.0002602	+0.0004672	+0.0006890	+0.0009157	+0.0011356	+0.0013515	+0.0015553	+0.0017557	+0.0019395	+0.0021101	+0.0022719	+0.0024117	+0.0025600
2014-11	0.053	-0.0021083	-0.0019428	-0.0017528	-0.0015590	-0.0013680	-0.0011504	-0.0009147	-0.0006698	-0.0004171	-0.0001507	+0.0001120	+0.0003692	+0.0006227	+0.0008575	+0.0010847	+0.0013045	+0.0015015	+0.0016887	+0.0018545	+0.0020162	+0.0021787
2014-12	-0.001	-0.0017947	-0.0016082	-0.0013978	-0.0011586	-0.0009192	-0.0006662	-0.0003936	-0.0001124	+0.0001929	+0.0005067	+0.0008256	+0.0011389	+0.0014437	+0.0017298	+0.0019920	+0.0022420	+0.0024696	+0.0026794	+0.0028652	+0.0030393	+0.0032078
2015-01	0.023	-0.0018233	-0.0016014	-0.0013207	-0.0010644	-0.0008016	-0.0005307	-0.0002450	+0.0000713	+0.0003930	+0.0007309	+0.0010674	+0.0013933	+0.0017013	+0.0019920	+0.0022604	+0.0024986	+0.0027214	+0.0029424	+0.0031460	+0.0033160	+0.0034819
2015-02	-0.010	-0.0018676	-0.0016850	-0.0014939	-0.0012945	-0.0010619	-0.0008237	-0.0005621	-0.0002834	-0.0000018	+0.0002946	+0.0005925	+0.0008877	+0.0011638	+0.0014195	+0.0016592	+0.0018863	+0.0020913	+0.0022851	+0.0024631	+0.0026315	+0.0027900
