2011-09	-0.186	-0.0068711	-0.0064521	-0.0060007	-0.0055573	-0.0050667	-0.0045601	-0.0040152	-0.0034715	-0.0028929	-0.0023076	-0.0017197	-0.0011509	-0.0006294	-0.0001329	+0.0003115	+0.0007092	+0.0010621	+0.0013841	+0.0016975	+0.0020342	+0.0023180
2011-10	0.153	-0.0073888	-0.0069730	-0.0065582	-0.0061100	-0.0056429	-0.0051339	-0.0046000	-0.0040382	-0.0034127	-0.0027798	-0.0021548	-0.0015472	-0.0009757	-0.0004452	+0.0000343	+0.0004869	+0.0008845	+0.0012863	+0.0016465	+0.0019953	+0.0023020
2011-11	-0.042	-0.0082322	-0.0078221	-0.0074207	-0.0069666	-0.0064971	-0.0059758	-0.0053829	-0.0047731	-0.0041155	-0.0034144	-0.0027149	-0.0019916	-0.0012834	-0.0006142	+0.0000287	+0.0006338	+0.0012294	+0.0018186	+0.0024215	+0.0030028	+0.0036457
2011-12	-0.097	-0.0085945	-0.0082140	-0.0077745	-0.0073230	-0.0067886	-0.0062406	-0.0056474	-0.0049930	-0.0042868	-0.0035507	-0.0028272	-0.0021079	-0.0013965	-0.0007169	-0.0001004	+0.0005089	+0.0010901	+0.0016528	+0.0022051	+0.0027959	+0.0033461
2012-01	0.120	-0.0084693	-0.0079890	-0.0075122	-0.0069781	-0.0064273	-0.0058573	-0.0052443	-0.0045580	-0.0038637	-0.0031418	-0.0024222	-0.0017078	-0.0010012	-0.0003399	+0.0002809	+0.0008641	+0.0014306	+0.0019238	+0.0024243	+0.0029291	+0.0034232
2012-02	0.147	-0.0082674	-0.0077926	-0.0072859	-0.0067344	-0.0061761	-0.0055884	-0.0049435	-0.0042530	-0.0035361	-0.0027845	-0.0020215	-0.0012751	-0.0005367	+0.0001555	+0.0008227	+0.0014436	+0.0020042	+0.0025155	+0.0029999	+0.0034753	+0.0039642
2012-03	-0.045	-0.0077068	-0.0072180	-0.0066982	-0.0061437	-0.0055514	-0.0049032	-0.0042035	-0.0034770	-0.0026970	-0.0018841	-0.0010708	-0.0002742	+0.0004714	+0.0011758	+0.0018145	+0.0024129	+0.0029399	+0.0034618	+0.0039028	+0.0043520	+0.0047635
2012-04	-0.038	-0.0058171	-0.0052856	-0.0047834	-0.0042307	-0.0036404	-0.0030191	-0.0023693	-0.0016775	-0.0009821	-0.0002469	+0.0005108	+0.0012297	+0.0018894	+0.0024892	+0.0030339	+0.0035155	+0.0039740	+0.0043905	+0.0047724	+0.0051064	+0.0054690
2012-05	-0.248	-0.0051349	-0.0046764	-0.0042096	-0.0037066	-0.0031672	-0.0026282	-0.0020620	-0.0014441	-0.0007944	-0.0001492	+0.0005158	+0.0011712	+0.0017963	+0.0023877	+0.0029297	+0.0034170	+0.0038689	+0.0042930	+0.0046879	+0.0050581	+0.0054429
2012-06	0.019	-0.0053395	-0.0049531	-0.0045270	-0.0040692	-0.0035719	-0.0030499	-0.0025069	-0.0019193	-0.0012908	-0.0006361	+0.0000316	+0.0006882	+0.0013193	+0.0019298	+0.0024866	+0.0030148	+0.0034798	+0.0039147	+0.0043551	+0.0047311	+0.0050610
2012-07	0.082	-0.0058116	-0.0054344	-0.0049933	-0.0045330	-0.0040765	-0.0035897	-0.0030565	-0.0024855	-0.0018768	-0.0012659	-0.0006374	-0.0000202	+0.0005584	+0.0011101	+0.0016162	+0.0020829	+0.0025041	+0.0028969	+0.0032358	+0.0035856	+0.0038491
2012-08	0.002	-0.0055924	-0.0051758	-0.0047611	-0.0042869	-0.0037850	-0.0032539	-0.0027023	-0.0021020	-0.0014794	-0.0008420	-0.0002096	+0.0004056	+0.0009974	+0.0015451	+0.0020569	+0.0025228	+0.0029403	+0.0033094	+0.0036422	+0.0039436	+0.0042408
2012-09	0.057	-0.0049309	-0.0045573	-0.0041684	-0.0037290	-0.0032780	-0.0027942	-0.0022618	-0.0017169	-0.0011459	-0.0005536	+0.0000405	+0.0006113	+0.0011529	+0.0016561	+0.0021015	+0.0025180	+0.0028811	+0.0032035	+0.0034878	+0.0037465	+0.0039802
2012-10	-0.011	-0.0052513	-0.0048641	-0.0044398	-0.0039964	-0.0035668	-0.0030905	-0.0025773	-0.0020363	-0.0014796	-0.0009320	-0.0003643	+0.0001824	+0.0006881	+0.0011575	+0.0015910	+0.0019943	+0.0023435	+0.0026464	+0.0029077	+0.0031515	+0.0033854
2012-11	0.006	-0.0054583	-0.0051007	-0.0047132	-0.0043260	-0.0039000	-0.0034480	-0.0029961	-0.0025185	-0.0020214	-0.0015024	-0.0009804	-0.0004680	+0.0000018	+0.0004502	+0.0008640	+0.0012374	+0.0015755	+0.0018635	+0.0021252	+0.0023717	+0.0026130
2012-12	0.120	-0.0053939	-0.0050348	-0.0046403	-0.0042477	-0.0038338	-0.0033688	-0.0028871	-0.0023768	-0.0018670	-0.0013444	-0.0008329	-0.0003283	+0.0001455	+0.0005976	+0.0009811	+0.0013282	+0.0016350	+0.0019475	+0.0022104	+0.0024482	+0.0026559
2013-01	0.114	-0.0029937	-0.0026289	-0.0022690	-0.0019176	-0.0015386	-0.0011658	-0.0007686	-0.0003532	+0.0000829	+0.0005184	+0.0009396	+0.0013507	+0.0017378	+0.0020843	+0.0023924	+0.0026722	+0.0029192	+0.0031375	+0.0033320	+0.0035150	+0.0036905
2013-02	-0.038	-0.0015440	-0.0012102	-0.0008733	-0.0005050	-0.0001260	+0.0002724	+0.0006724	+0.0010845	+0.0014864	+0.0018818	+0.0022654	+0.0026463	+0.0030110	+0.0033459	+0.0036515	+0.0039267	+0.0041734	+0.0044113	+0.0046298	+0.0048333	+0.0050097
2013-03	-0.043	-0.0018975	-0.0015294	-0.0011754	-0.0007545	-0.0003194	+0.0000985	+0.0005063	+0.0009102	+0.0013257	+0.0017291	+0.0021288	+0.0025086	+0.0028779	+0.0032281	+0.0035531	+0.0038453	+0.0041037	+0.0043435	+0.0045686	+0.0047591	+0.0049479
2013-04	-0.005	-0.0020319	-0.0017477	-0.0014247	-0.0010916	-0.0007575	-0.0004121	-0.0000480	+0.0003347	+0.0007166	+0.0011327	+0.0015493	+0.0019617	+0.0023601	+0.0027371	+0.0030809	+0.0033919	+0.0036815	+0.0039430	+0.0041809	+0.0044106	+0.0046417
2013-05	0.013	-0.0025144	-0.0022877	-0.0019879	-0.0016886	-0.0013821	-0.0010549	-0.0006994	-0.0003261	+0.0000609	+0.0004758	+0.0009021	+0.0013395	+0.0017639	+0.0021556	+0.0025154	+0.0028552	+0.0031666	+0.0034483	+0.0037090	+0.0039756	+0.0042061
2013-06	-0.066	-0.0024016	-0.0021277	-0.0018349	-0.0015232	-0.0012140	-0.0008705	-0.0005027	-0.0001233	+0.0002985	+0.0007232	+0.0011669	+0.0016118	+0.0020448	+0.0024441	+0.0028180	+0.0031598	+0.0034856	+0.0037826	+0.0040362	+0.0042982	+0.0045163
2013-07	0.055	-0.0032451	-0.0029574	-0.0026335	-0.0023001	-0.0019473	-0.0015781	-0.0011723	-0.0007386	-0.0002614	+0.0002271	+0.0007286	+0.0012408	+0.0017260	+0.0021720	+0.0025883	+0.0029677	+0.0033052	+0.0036150	+0.0038843	+0.0041551	+0.0043689
2013-08	-0.009	-0.0032308	-0.0029607	-0.0026621	-0.0023270	-0.0019825	-0.0016081	-0.0011898	-0.0007238	-0.0002437	+0.0002541	+0.0007617	+0.0012537	+0.0017239	+0.0021751	+0.0026035	+0.0029732	+0.0033250	+0.0036415	+0.0039466	+0.0042028	+0.0044582
2013-09	0.080	-0.0037692	-0.0034709	-0.0031728	-0.0028537	-0.0025384	-0.0021931	-0.0018267	-0.0014520	-0.0010595	-0.0006557	-0.0002379	+0.0001779	+0.0005648	+0.0009447	+0.0013027	+0.0016346	+0.0019471	+0.0022325	+0.0025035	+0.0027557	+0.0029688
2013-10	0.046	-0.0036299	-0.0033714	-0.0030835	-0.0028009	-0.0024824	-0.0021546	-0.0017775	-0.0013775	-0.0009684	-0.0005358	-0.0000919	+0.0003384	+0.0007532	+0.0011526	+0.0015206	+0.0018766	+0.0021944	+0.0024990	+0.0027688	+0.0030372	+0.0032643
2013-11	-0.005	-0.0030566	-0.0027764	-0.0024930	-0.0021799	-0.0018552	-0.0015208	-0.0011628	-0.0007899	-0.0003951	+0.0000112	+0.0004242	+0.0008327	+0.0012209	+0.0015829	+0.0019097	+0.0022108	+0.0024903	+0.0027517	+0.0029834	+0.0031911	+0.0033695
2013-12	0.072	-0.0025830	-0.0023315	-0.0020663	-0.0017743	-0.0014659	-0.0011373	-0.0007907	-0.0004199	-0.0000452	+0.0003391	+0.0007229	+0.0011002	+0.0014640	+0.0017904	+0.0021048	+0.0023843	+0.0026291	+0.0028587	+0.0030683	+0.0032744	+0.0034674
2014-01	-0.137	-0.0025593	-0.0022997	-0.0020447	-0.0017630	-0.0014710	-0.0011379	-0.0007856	-0.0004257	-0.0000539	+0.0003184	+0.0006945	+0.0010582	+0.0014079	+0.0017431	+0.0020405	+0.0023049	+0.0025393	+0.0027689	+0.0029735	+0.0031788	+0.0033762
2014-02	-0.036	-0.0014446	-0.0012460	-0.0010173	-0.0007836	-0.0005454	-0.0002803	+0.0000025	+0.0002880	+0.0005911	+0.0008951	+0.0012143	+0.0015289	+0.0018265	+0.0021125	+0.0023783	+0.0026141	+0.0028338	+0.0030441	+0.0032389	+0.0034154	+0.0035929
2014-03	-0.075	-0.0022253	-0.0020212	-0.0018176	-0.0015824	-0.0013564	-0.0010948	-0.0008169	-0.0005191	-0.0002097	+0.0001077	+0.0004278	+0.0007482	+0.0010510	+0.0013449	+0.0016163	+0.0018663	+0.0021021	+0.0023084	+0.0024972	+0.0026559	+0.0028095
2014-04	-0.024	-0.0046071	-0.0042641	-0.0039305	-0.0035835	-0.0032242	-0.0028408	-0.0024366	-0.0020044	-0.0015369	-0.0010769	-0.0006111	-0.0001764	+0.0002641	+0.0006573	+0.0010082	+0.0013341	+0.0016228	+0.0018855	+0.0021341	+0.0023874	+0.0026218
2014-05	0.133	-0.0047636	-0.0044514	-0.0041463	-0.0038187	-0.0034591	-0.0030675	-0.0026548	-0.0022191	-0.0017560	-0.0012988	-0.0008421	-0.0003852	+0.0000391	+0.0004240	+0.0007830	+0.0010967	+0.0013790	+0.0016341	+0.0018626	+0.0020626	+0.0022606
2014-06	0.060	-0.0047980	-0.0044826	-0.0041354	-0.0037483	-0.0033574	-0.0029501	-0.0025112	-0.0020462	-0.0015504	-0.0010586	-0.0005612	-0.0000680	+0.0003945	+0.0008280	+0.0012370	+0.0016114	+0.0019552	+0.0022542	+0.0025263	+0.0027728	+0.0030175
2014-07	-0.081	-0.0043882	-0.0040762	-0.0037184	-0.0033527	-0.0029643	-0.0025386	-0.0020669	-0.0015770	-0.0010743	-0.0005371	+0.0000032	+0.0005272	+0.0010373	+0.0015068	+0.0019279	+0.0022938	+0.0026398	+0.0029558	+0.0032410	+0.0034939	+0.0037344
2014-08	0.026	-0.0047080	-0.0043973	-0.0040411	-0.0036577	-0.0032807	-0.0028644	-0.0024411	-0.0019619	-0.0014559	-0.0009329	-0.0004030	+0.0001287	+0.0006533	+0.0011248	+0.0015583	+0.0019682	+0.0023357	+0.0026808	+0.0029711	+0.0032570	+0.0035052
2014-09	-0.018	-0.0050679	-0.0047065	-0.0043439	-0.0039607	-0.0035581	-0.0031103	-0.0026355	-0.0021431	-0.0016153	-0.0010601	-0.0004847	+0.0000772	+0.0006131	+0.0011203	+0.0015764	+0.0019985	+0.0023742	+0.0027383	+0.0030727	+0.0033643	+0.0036369
2014-10	-0.026	-0.0042623	-0.0039229	-0.0035578	-0.0031987	-0.0027893	-0.0023567	-0.0019189	-0.0014204	-0.0009078	-0.0003846	+0.0001434	+0.0006677	+0.0011707	+0.0016298	+0.0020517	+0.0024299	+0.0027688	+0.0030836	+0.0033597	+0.0036142	+0.0038688
2014-11	-0.009	-0.0029692	-0.0027298	-0.0024829	-0.0021979	-0.0018850	-0.0015520	-0.0011950	-0.0008217	-0.0004269	-0.0000025	+0.0004180	+0.0008473	+0.0012621	+0.0016450	+0.0019973	+0.0023302	+0.0026297	+0.0029033	+0.0031421	+0.0033846	+0.0035827
2014-12	-0.198	-0.0030700	-0.0028094	-0.0025344	-0.0022381	-0.0019423	-0.0015948	-0.0011998	-0.0007975	-0.0003735	+0.0000437	+0.0004847	+0.0009238	+0.0013443	+0.0017466	+0.0021065	+0.0024420	+0.0027432	+0.0030313	+0.0032945	+0.0035395	+0.0037671
2015-01	-0.054	-0.0067361	-0.0062708	-0.0057726	-0.0052594	-0.0046881	-0.0041234	-0.0035428	-0.0029478	-0.0023311	-0.0017392	-0.0011380	-0.0005655	-0.0000254	+0.0004726	+0.0009201	+0.0013349	+0.0016972	+0.0020381	+0.0023450	+0.0026090	+0.0028916
2015-02	0.035	-0.0073352	-0.0068282	-0.0063426	-0.0058524	-0.0053058	-0.0047622	-0.0042271	-0.0036527	-0.0030854	-0.0025187	-0.0019587	-0.0014081	-0.0008810	-0.0003912	+0.0000690	+0.0004930	+0.0009117	+0.0012915	+0.0016198	+0.0019829	+0.0023116
