2014-05	-0.007	-0.0007555	-0.0006486	-0.0005418	-0.0004251	-0.0003087	-0.0001785	-0.0000503	+0.0000901	+0.0002304	+0.0003762	+0.0005220	+0.0006668	+0.0008049	+0.0009286	+0.0010460	+0.0011549	+0.0012576	+0.0013497	+0.0014350	+0.0015074	+0.0015741
2014-06	-0.005	-0.0006436	-0.0005613	-0.0004702	-0.0003800	-0.0002782	-0.0001746	-0.0000641	+0.0000482	+0.0001692	+0.0002978	+0.0004296	+0.0005566	+0.0006817	+0.0007971	+0.0009033	+0.0010002	+0.0010939	+0.0011776	+0.0012554	+0.0013211	+0.0013851
2014-07	0.019	-0.0007281	-0.0006502	-0.0005697	-0.0004841	-0.0003867	-0.0002820	-0.0001704	-0.0000547	+0.0000683	+0.0001936	+0.0003171	+0.0004425	+0.0005614	+0.0006744	+0.0007792	+0.0008788	+0.0009688	+0.0010524	+0.0011246	+0.0012006	+0.0012603
2014-08	0.000	-0.0008020	-0.0007482	-0.0006855	-0.0006209	-0.0005498	-0.0004719	-0.0003912	-0.0003026	-0.0002109	-0.0001152	-0.0000151	+0.0000846	+0.0001797	+0.0002723	+0.0003590	+0.0004411	+0.0005178	+0.0005871	+0.0006498	+0.0007137	+0.0007667
2014-09	0.060	-0.0007706	-0.0007208	-0.0006658	-0.0006029	-0.0005342	-0.0004628	-0.0003904	-0.0003129	-0.0002319	-0.0001508	-0.0000709	+0.0000079	+0.0000835	+0.0001540	+0.0002188	+0.0002763	+0.0003277	+0.0003742	+0.0004197	+0.0004567	+0.0004929
2014-10	-0.013	-0.0003275	-0.0002764	-0.0002293	-0.0001751	-0.0001175	-0.0000521	+0.0000214	+0.0001060	+0.0001985	+0.0002973	+0.0004030	+0.0005104	+0.0006240	+0.0007336	+0.0008395	+0.0009405	+0.0010352	+0.0011274	+0.0012065	+0.0012908	+0.0013675
2014-11	0.076	-0.0007299	-0.0006479	-0.0005720	-0.0004900	-0.0004007	-0.0003084	-0.0002106	-0.0001050	+0.0000083	+0.0001268	+0.0002501	+0.0003743	+0.0004983	+0.0006192	+0.0007301	+0.0008379	+0.0009326	+0.0010246	+0.0011152	+0.0011989	+0.0012773
2014-12	0.016	-0.0007217	-0.0005960	-0.0004794	-0.0003642	-0.0002362	-0.0000931	+0.0000623	+0.0002243	+0.0003995	+0.0005791	+0.0007709	+0.0009703	+0.0011721	+0.0013625	+0.0015524	+0.0017336	+0.0019045	+0.0020651	+0.0022047	+0.0023521	+0.0024870
2015-01	-0.038	-0.0009444	-0.0007791	-0.0006007	-0.0004084	-0.0002169	-0.0000301	+0.0001518	+0.0003379	+0.0005236	+0.0007230	+0.0009246	+0.0011311	+0.0013355	+0.0015324	+0.0017134	+0.0018810	+0.0020379	+0.0021844	+0.0023223	+0.0024649	+0.0025934
2015-02	-0.005	-0.0010561	-0.0009214	-0.0007866	-0.0006339	-0.0004687	-0.0003058	-0.0001292	+0.0000575	+0.0002541	+0.0004658	+0.0006898	+0.0009108	+0.0011399	+0.0013558	+0.0015555	+0.0017446	+0.0019219	+0.0020938	+0.0022633	+0.0024148	+0.0025686
