2011-09	-0.032	-0.0030531	-0.0028731	-0.0026792	-0.0024816	-0.0022667	-0.0020251	-0.0017681	-0.0014934	-0.0012121	-0.0009256	-0.0006274	-0.0003302	-0.0000421	+0.0002407	+0.0005080	+0.0007575	+0.0009966	+0.0012095	+0.0014243	+0.0016302	+0.0018161
2011-10	0.081	-0.0032190	-0.0030582	-0.0028688	-0.0026625	-0.0024533	-0.0022302	-0.0019789	-0.0017230	-0.0014477	-0.0011559	-0.0008592	-0.0005607	-0.0002718	+0.0000050	+0.0002716	+0.0005285	+0.0007719	+0.0010081	+0.0012143	+0.0014162	+0.0016034
2011-11	-0.048	-0.0029406	-0.0027699	-0.0025919	-0.0024049	-0.0021870	-0.0019483	-0.0017030	-0.0014360	-0.0011388	-0.0008420	-0.0005306	-0.0002169	+0.0000970	+0.0003965	+0.0006748	+0.0009372	+0.0011946	+0.0014257	+0.0016441	+0.0018549	+0.0020422
2011-12	0.042	-0.0033919	-0.0032090	-0.0030271	-0.0028196	-0.0025975	-0.0023693	-0.0021281	-0.0018583	-0.0015827	-0.0012975	-0.0010007	-0.0007113	-0.0004262	-0.0001512	+0.0001018	+0.0003400	+0.0005648	+0.0007770	+0.0009662	+0.0011490	+0.0013161
2012-01	-0.006	-0.0031268	-0.0029343	-0.0027375	-0.0025375	-0.0023197	-0.0020729	-0.0018107	-0.0015336	-0.0012426	-0.0009432	-0.0006425	-0.0003391	-0.0000433	+0.0002400	+0.0004983	+0.0007335	+0.0009480	+0.0011493	+0.0013240	+0.0014905	+0.0016706
2012-02	0.094	-0.0029379	-0.0027336	-0.0025095	-0.0022928	-0.0020488	-0.0017955	-0.0015297	-0.0012542	-0.0009536	-0.0006521	-0.0003405	-0.0000324	+0.0002564	+0.0005261	+0.0007694	+0.0009931	+0.0012048	+0.0013975	+0.0015716	+0.0017465	+0.0019095
2012-03	0.013	-0.0025803	-0.0023716	-0.0021568	-0.0019408	-0.0017125	-0.0014527	-0.0011748	-0.0008828	-0.0005761	-0.0002579	+0.0000658	+0.0003831	+0.0006895	+0.0009780	+0.0012289	+0.0014700	+0.0016814	+0.0018762	+0.0020533	+0.0022071	+0.0023481
2012-04	-0.008	-0.0010018	-0.0008439	-0.0006648	-0.0004834	-0.0002995	-0.0000967	+0.0001311	+0.0003599	+0.0006012	+0.0008474	+0.0010900	+0.0013333	+0.0015643	+0.0017819	+0.0019798	+0.0021548	+0.0023179	+0.0024766	+0.0026140	+0.0027427	+0.0028640
2012-05	-0.097	-0.0010605	-0.0009040	-0.0007570	-0.0005924	-0.0004022	-0.0001919	+0.0000282	+0.0002665	+0.0005167	+0.0007628	+0.0010120	+0.0012580	+0.0015002	+0.0017243	+0.0019285	+0.0021100	+0.0022867	+0.0024504	+0.0025993	+0.0027473	+0.0028712
2012-06	0.030	-0.0017607	-0.0015909	-0.0014114	-0.0012054	-0.0010041	-0.0007868	-0.0005521	-0.0002980	-0.0000289	+0.0002419	+0.0005157	+0.0007858	+0.0010506	+0.0013032	+0.0015327	+0.0017447	+0.0019421	+0.0021210	+0.0022822	+0.0024361	+0.0025807
2012-07	0.037	-0.0017696	-0.0016051	-0.0014314	-0.0012445	-0.0010527	-0.0008382	-0.0006144	-0.0003735	-0.0001218	+0.0001400	+0.0004070	+0.0006666	+0.0009140	+0.0011420	+0.0013529	+0.0015494	+0.0017303	+0.0018961	+0.0020468	+0.0021882	+0.0023149
2012-08	0.005	-0.0016501	-0.0014818	-0.0013098	-0.0011321	-0.0009344	-0.0007288	-0.0005069	-0.0002716	-0.0000222	+0.0002310	+0.0004936	+0.0007520	+0.0010012	+0.0012319	+0.0014438	+0.0016342	+0.0018146	+0.0019768	+0.0021292	+0.0022708	+0.0023985
2012-09	0.018	-0.0014524	-0.0013257	-0.0011578	-0.0009869	-0.0008081	-0.0006104	-0.0003956	-0.0001657	+0.0000744	+0.0003304	+0.0005883	+0.0008319	+0.0010709	+0.0012870	+0.0014912	+0.0016783	+0.0018407	+0.0019909	+0.0021324	+0.0022555	+0.0023765
2012-10	0.014	-0.0016506	-0.0014964	-0.0013367	-0.0011521	-0.0009707	-0.0007731	-0.0005603	-0.0003330	-0.0001027	+0.0001397	+0.0003833	+0.0006249	+0.0008622	+0.0010766	+0.0012829	+0.0014652	+0.0016350	+0.0017964	+0.0019391	+0.0020723	+0.0022004
2012-11	0.033	-0.0017336	-0.0015901	-0.0014241	-0.0012703	-0.0011154	-0.0009448	-0.0007642	-0.0005809	-0.0003822	-0.0001765	+0.0000303	+0.0002307	+0.0004248	+0.0006056	+0.0007769	+0.0009279	+0.0010680	+0.0011966	+0.0013053	+0.0014062	+0.0015008
2012-12	0.056	-0.0015709	-0.0014414	-0.0013091	-0.0011505	-0.0009908	-0.0008237	-0.0006441	-0.0004478	-0.0002561	-0.0000554	+0.0001453	+0.0003398	+0.0005244	+0.0006917	+0.0008443	+0.0009815	+0.0011110	+0.0012236	+0.0013257	+0.0014320	+0.0015313
2013-01	0.092	-0.0009073	-0.0007582	-0.0006154	-0.0004627	-0.0002945	-0.0001324	+0.0000437	+0.0002330	+0.0004287	+0.0006305	+0.0008294	+0.0010259	+0.0012071	+0.0013752	+0.0015302	+0.0016727	+0.0018059	+0.0019265	+0.0020294	+0.0021306	+0.0022233
2013-02	0.004	-0.0006871	-0.0004836	-0.0002698	-0.0000341	+0.0002587	+0.0005198	+0.0007653	+0.0009878	+0.0011997	+0.0014143	+0.0016229	+0.0018332	+0.0020362	+0.0022320	+0.0024096	+0.0025694	+0.0027143	+0.0028525	+0.0029867	+0.0031129	+0.0032385
2013-03	0.039	-0.0009719	-0.0007545	-0.0005231	-0.0002156	+0.0001500	+0.0004889	+0.0007736	+0.0010136	+0.0012480	+0.0014736	+0.0016967	+0.0019156	+0.0021204	+0.0023228	+0.0025101	+0.0026854	+0.0028377	+0.0029897	+0.0031194	+0.0032464	+0.0033579
2013-04	0.065	-0.0008941	-0.0006531	-0.0003830	-0.0000970	+0.0002374	+0.0005920	+0.0008834	+0.0011299	+0.0013518	+0.0015712	+0.0017925	+0.0020094	+0.0022141	+0.0024089	+0.0025965	+0.0027670	+0.0029245	+0.0030695	+0.0031976	+0.0033213	+0.0034376
2013-05	0.027	-0.0009193	-0.0006885	-0.0004221	-0.0001393	+0.0002617	+0.0007585	+0.0011289	+0.0014072	+0.0016554	+0.0018861	+0.0021099	+0.0023271	+0.0025302	+0.0027219	+0.0028953	+0.0030553	+0.0032025	+0.0033334	+0.0034478	+0.0035607	+0.0036650
2013-06	-0.057	-0.0009736	-0.0007256	-0.0004768	-0.0001465	+0.0003127	+0.0009802	+0.0014189	+0.0017037	+0.0019526	+0.0021865	+0.0024040	+0.0026176	+0.0028152	+0.0030014	+0.0031713	+0.0033302	+0.0034681	+0.0035962	+0.0037078	+0.0038157	+0.0039207
2013-07	0.034	-0.0014793	-0.0011625	-0.0008546	-0.0005498	-0.0002295	+0.0001158	+0.0004733	+0.0008363	+0.0011989	+0.0015596	+0.0019083	+0.0022330	+0.0025236	+0.0027815	+0.0030084	+0.0032069	+0.0033758	+0.0035219	+0.0036594	+0.0037749	+0.0038668
2013-08	-0.018	-0.0015110	-0.0012214	-0.0009069	-0.0005999	-0.0002667	+0.0000612	+0.0004016	+0.0007493	+0.0011159	+0.0014692	+0.0018067	+0.0021307	+0.0024258	+0.0026889	+0.0029160	+0.0031189	+0.0033028	+0.0034466	+0.0035810	+0.0037133	+0.0038362
2013-09	0.037	-0.0017182	-0.0014984	-0.0012780	-0.0010273	-0.0007679	-0.0004879	-0.0002026	+0.0000906	+0.0003948	+0.0007027	+0.0010076	+0.0013001	+0.0015775	+0.0018361	+0.0020717	+0.0022789	+0.0024625	+0.0026355	+0.0027948	+0.0029373	+0.0030643
2013-10	0.046	-0.0015551	-0.0013757	-0.0011862	-0.0009823	-0.0007595	-0.0005307	-0.0002845	-0.0000245	+0.0002584	+0.0005359	+0.0008250	+0.0011006	+0.0013644	+0.0016116	+0.0018382	+0.0020391	+0.0022209	+0.0023933	+0.0025522	+0.0026855	+0.0028248
2013-11	0.039	-0.0015341	-0.0013561	-0.0011634	-0.0009528	-0.0007436	-0.0005250	-0.0002926	-0.0000410	+0.0002186	+0.0004950	+0.0007731	+0.0010419	+0.0012940	+0.0015264	+0.0017420	+0.0019310	+0.0021076	+0.0022686	+0.0024200	+0.0025520	+0.0026726
2013-12	0.041	-0.0015564	-0.0013731	-0.0011717	-0.0009664	-0.0007506	-0.0005176	-0.0002762	-0.0000169	+0.0002431	+0.0005178	+0.0007847	+0.0010414	+0.0012884	+0.0015167	+0.0017266	+0.0019191	+0.0020904	+0.0022460	+0.0023952	+0.0025301	+0.0026607
2014-01	-0.048	-0.0016625	-0.0014708	-0.0012819	-0.0010861	-0.0008856	-0.0006769	-0.0004525	-0.0002142	+0.0000289	+0.0002765	+0.0005230	+0.0007693	+0.0009952	+0.0012104	+0.0014047	+0.0015775	+0.0017317	+0.0018668	+0.0019957	+0.0021078	+0.0022205
2014-02	0.033	-0.0007913	-0.0006310	-0.0004609	-0.0002829	-0.0001046	+0.0000804	+0.0002760	+0.0004659	+0.0006638	+0.0008601	+0.0010608	+0.0012578	+0.0014405	+0.0016139	+0.0017698	+0.0019111	+0.0020474	+0.0021692	+0.0022674	+0.0023685	+0.0024578
2014-03	0.010	-0.0009004	-0.0007592	-0.0006137	-0.0004678	-0.0003187	-0.0001518	+0.0000324	+0.0002234	+0.0004239	+0.0006315	+0.0008393	+0.0010406	+0.0012323	+0.0014131	+0.0015830	+0.0017322	+0.0018737	+0.0020025	+0.0021146	+0.0022168	+0.0023168
2014-04	0.017	-0.0010387	-0.0008614	-0.0006698	-0.0004754	-0.0002887	-0.0001017	+0.0001016	+0.0003062	+0.0005177	+0.0007333	+0.0009454	+0.0011501	+0.0013383	+0.0015142	+0.0016723	+0.0018180	+0.0019475	+0.0020719	+0.0021848	+0.0022928	+0.0023900
2014-05	0.002	-0.0010710	-0.0008945	-0.0007123	-0.0005344	-0.0003377	-0.0001339	+0.0000766	+0.0002973	+0.0005075	+0.0007091	+0.0009068	+0.0010975	+0.0012738	+0.0014385	+0.0015894	+0.0017257	+0.0018467	+0.0019568	+0.0020588	+0.0021547	+0.0022403
2014-06	0.011	-0.0009228	-0.0007536	-0.0005791	-0.0004094	-0.0002263	-0.0000367	+0.0001408	+0.0003304	+0.0005192	+0.0007119	+0.0009005	+0.0010792	+0.0012506	+0.0014076	+0.0015528	+0.0016893	+0.0018149	+0.0019209	+0.0020214	+0.0021232	+0.0022198
2014-07	0.001	-0.0009109	-0.0007860	-0.0006347	-0.0004988	-0.0003428	-0.0001723	-0.0000021	+0.0001827	+0.0003643	+0.0005455	+0.0007215	+0.0008909	+0.0010484	+0.0011948	+0.0013251	+0.0014476	+0.0015554	+0.0016571	+0.0017507	+0.0018399	+0.0019183
2014-08	0.012	-0.0009037	-0.0008013	-0.0006874	-0.0005696	-0.0004414	-0.0003054	-0.0001596	-0.0000046	+0.0001591	+0.0003268	+0.0004942	+0.0006588	+0.0008170	+0.0009650	+0.0010965	+0.0012258	+0.0013417	+0.0014532	+0.0015508	+0.0016450	+0.0017379
2014-09	0.014	-0.0009733	-0.0008682	-0.0007668	-0.0006599	-0.0005441	-0.0004269	-0.0002981	-0.0001581	-0.0000135	+0.0001323	+0.0002814	+0.0004271	+0.0005690	+0.0007047	+0.0008346	+0.0009566	+0.0010680	+0.0011731	+0.0012646	+0.0013526	+0.0014365
2014-10	-0.006	-0.0006280	-0.0004961	-0.0003683	-0.0002389	-0.0001117	+0.0000232	+0.0001517	+0.0002785	+0.0004057	+0.0005378	+0.0006745	+0.0008100	+0.0009437	+0.0010726	+0.0011967	+0.0013147	+0.0014214	+0.0015244	+0.0016191	+0.0017094	+0.0017897
2014-11	0.090	-0.0012740	-0.0011550	-0.0010274	-0.0009040	-0.0007655	-0.0006235	-0.0004634	-0.0002992	-0.0001340	+0.0000313	+0.0001906	+0.0003471	+0.0004940	+0.0006276	+0.0007537	+0.0008650	+0.0009686	+0.0010648	+0.0011536	+0.0012414	+0.0013155
2014-12	0.005	-0.0011990	-0.0010439	-0.0008981	-0.0007356	-0.0005621	-0.0003749	-0.0001725	+0.0000427	+0.0002788	+0.0005282	+0.0007882	+0.0010437	+0.0013043	+0.0015552	+0.0018016	+0.0020318	+0.0022430	+0.0024475	+0.0026340	+0.0028094	+0.0029803
2015-01	-0.023	-0.0015088	-0.0013284	-0.0011470	-0.0009336	-0.0007278	-0.0005256	-0.0002989	-0.0000563	+0.0001950	+0.0004554	+0.0007260	+0.0010065	+0.0012740	+0.0015363	+0.0017842	+0.0020235	+0.0022426	+0.0024493	+0.0026448	+0.0028328	+0.0029981
2015-02	0.003	-0.0014704	-0.0013291	-0.0011864	-0.0010189	-0.0008474	-0.0006648	-0.0004655	-0.0002409	+0.0000033	+0.0002666	+0.0005472	+0.0008325	+0.0011134	+0.0013846	+0.0016466	+0.0018932	+0.0021322	+0.0023596	+0.0025859	+0.0028017	+0.0030014
