2014-02	0.044	-0.0037011	-0.0035275	-0.0033341	-0.0031158	-0.0028831	-0.0026336	-0.0023660	-0.0020724	-0.0017364	-0.0013776	-0.0009841	-0.0005848	-0.0001785	+0.0002102	+0.0006033	+0.0009723	+0.0013385	+0.0016847	+0.0020377	+0.0023682	+0.0027179
2014-03	0.049	-0.0033213	-0.0031475	-0.0029649	-0.0027692	-0.0025540	-0.0023155	-0.0020542	-0.0017678	-0.0014624	-0.0011365	-0.0007862	-0.0004261	-0.0000626	+0.0002969	+0.0006459	+0.0009713	+0.0012795	+0.0015789	+0.0018425	+0.0021016	+0.0023504
2014-04	0.048	-0.0026505	-0.0024681	-0.0022717	-0.0020712	-0.0018574	-0.0016226	-0.0013527	-0.0010657	-0.0007609	-0.0004258	-0.0000815	+0.0002651	+0.0006146	+0.0009608	+0.0012885	+0.0015860	+0.0018834	+0.0021664	+0.0024373	+0.0026910	+0.0029457
2014-05	-0.040	-0.0019897	-0.0018321	-0.0016613	-0.0014832	-0.0012825	-0.0010634	-0.0008345	-0.0005944	-0.0003325	-0.0000632	+0.0002129	+0.0004891	+0.0007532	+0.0009981	+0.0012296	+0.0014422	+0.0016359	+0.0018237	+0.0020000	+0.0021562	+0.0023152
2014-06	0.048	-0.0021128	-0.0019653	-0.0018100	-0.0016434	-0.0014744	-0.0012762	-0.0010662	-0.0008469	-0.0006113	-0.0003692	-0.0001250	+0.0001159	+0.0003493	+0.0005720	+0.0007806	+0.0009709	+0.0011454	+0.0013065	+0.0014494	+0.0015830	+0.0017032
2014-07	0.042	-0.0018451	-0.0017020	-0.0015375	-0.0013603	-0.0011608	-0.0009581	-0.0007360	-0.0005042	-0.0002568	-0.0000069	+0.0002486	+0.0004971	+0.0007335	+0.0009426	+0.0011420	+0.0013209	+0.0014840	+0.0016359	+0.0017620	+0.0018967	+0.0020023
2014-08	0.046	-0.0014337	-0.0012835	-0.0010872	-0.0008923	-0.0006932	-0.0004754	-0.0002374	+0.0000084	+0.0002497	+0.0005065	+0.0007627	+0.0009995	+0.0012260	+0.0014298	+0.0016210	+0.0017904	+0.0019481	+0.0020900	+0.0022159	+0.0023179	+0.0024190
2014-09	0.051	-0.0008666	-0.0006712	-0.0004336	-0.0001951	+0.0000649	+0.0003263	+0.0005640	+0.0007770	+0.0009827	+0.0011820	+0.0013732	+0.0015573	+0.0017323	+0.0018954	+0.0020474	+0.0021742	+0.0022969	+0.0024087	+0.0025094	+0.0026025	+0.0026829
2014-10	-0.020	-0.0009953	-0.0007362	-0.0005034	-0.0001976	+0.0001482	+0.0006074	+0.0009335	+0.0011828	+0.0014064	+0.0016091	+0.0018040	+0.0019894	+0.0021633	+0.0023231	+0.0024714	+0.0026081	+0.0027256	+0.0028389	+0.0029411	+0.0030382	+0.0031213
2014-11	0.107	-0.0012152	-0.0010009	-0.0007969	-0.0005683	-0.0003319	-0.0000928	+0.0001533	+0.0004010	+0.0006432	+0.0008735	+0.0011068	+0.0013253	+0.0015350	+0.0017258	+0.0018980	+0.0020565	+0.0021972	+0.0023229	+0.0024458	+0.0025455	+0.0026414
2014-12	-0.064	-0.0011329	-0.0009072	-0.0006451	-0.0003835	-0.0001129	+0.0001492	+0.0004224	+0.0006983	+0.0009822	+0.0012594	+0.0015420	+0.0018160	+0.0020745	+0.0023074	+0.0025281	+0.0027368	+0.0029238	+0.0030997	+0.0032699	+0.0034379	+0.0035688
2015-01	0.015	-0.0016502	-0.0013561	-0.0010792	-0.0007996	-0.0004961	-0.0001878	+0.0001328	+0.0004629	+0.0007892	+0.0011202	+0.0014336	+0.0017436	+0.0020345	+0.0023014	+0.0025387	+0.0027613	+0.0029599	+0.0031409	+0.0033193	+0.0034580	+0.0035987
2015-02	0.005	-0.0016656	-0.0014228	-0.0011831	-0.0009337	-0.0006688	-0.0003946	-0.0001048	+0.0001974	+0.0005130	+0.0008398	+0.0011608	+0.0014718	+0.0017783	+0.0020612	+0.0023263	+0.0025674	+0.0027949	+0.0029997	+0.0031906	+0.0033595	+0.0035284
