2011-09	-0.011	-0.0016091	-0.0015153	-0.0014229	-0.0013271	-0.0012226	-0.0011157	-0.0009914	-0.0008597	-0.0007275	-0.0005881	-0.0004498	-0.0003124	-0.0001809	-0.0000606	+0.0000574	+0.0001672	+0.0002656	+0.0003582	+0.0004434	+0.0005194	+0.0005908
2011-10	0.020	-0.0016628	-0.0015678	-0.0014908	-0.0013944	-0.0012926	-0.0011861	-0.0010686	-0.0009443	-0.0008142	-0.0006831	-0.0005464	-0.0004168	-0.0002896	-0.0001670	-0.0000504	+0.0000607	+0.0001631	+0.0002585	+0.0003533	+0.0004321	+0.0005167
2011-11	-0.028	-0.0013745	-0.0013011	-0.0012189	-0.0011346	-0.0010511	-0.0009577	-0.0008533	-0.0007423	-0.0006226	-0.0004984	-0.0003720	-0.0002465	-0.0001226	+0.0000017	+0.0001185	+0.0002336	+0.0003425	+0.0004442	+0.0005478	+0.0006527	+0.0007570
2011-12	0.008	-0.0014851	-0.0014076	-0.0013197	-0.0012311	-0.0011343	-0.0010301	-0.0009207	-0.0008104	-0.0006915	-0.0005679	-0.0004469	-0.0003259	-0.0002070	-0.0000947	+0.0000078	+0.0001034	+0.0001942	+0.0002761	+0.0003534	+0.0004268	+0.0004922
2012-01	0.014	-0.0014461	-0.0013565	-0.0012628	-0.0011703	-0.0010824	-0.0009765	-0.0008664	-0.0007520	-0.0006314	-0.0005068	-0.0003824	-0.0002610	-0.0001400	-0.0000280	+0.0000763	+0.0001738	+0.0002655	+0.0003530	+0.0004360	+0.0005117	+0.0005776
2012-02	0.047	-0.0013608	-0.0012646	-0.0011729	-0.0010719	-0.0009631	-0.0008587	-0.0007421	-0.0006169	-0.0004928	-0.0003608	-0.0002264	-0.0000958	+0.0000283	+0.0001426	+0.0002460	+0.0003408	+0.0004336	+0.0005197	+0.0005984	+0.0006718	+0.0007439
2012-03	0.012	-0.0012528	-0.0011597	-0.0010616	-0.0009630	-0.0008536	-0.0007404	-0.0006182	-0.0004890	-0.0003510	-0.0002092	-0.0000686	+0.0000713	+0.0002060	+0.0003360	+0.0004525	+0.0005568	+0.0006541	+0.0007415	+0.0008252	+0.0008990	+0.0009826
2012-04	-0.017	-0.0006141	-0.0005384	-0.0004573	-0.0003691	-0.0002737	-0.0001747	-0.0000704	+0.0000385	+0.0001553	+0.0002727	+0.0003896	+0.0005049	+0.0006159	+0.0007215	+0.0008188	+0.0009081	+0.0009882	+0.0010617	+0.0011321	+0.0011959	+0.0012557
2012-05	-0.045	-0.0005714	-0.0005102	-0.0004391	-0.0003567	-0.0002716	-0.0001806	-0.0000835	+0.0000260	+0.0001416	+0.0002568	+0.0003768	+0.0004938	+0.0006060	+0.0007138	+0.0008147	+0.0009076	+0.0009922	+0.0010711	+0.0011453	+0.0012136	+0.0012770
2012-06	0.019	-0.0009784	-0.0009006	-0.0008100	-0.0007112	-0.0006139	-0.0005090	-0.0003945	-0.0002727	-0.0001409	-0.0000063	+0.0001335	+0.0002713	+0.0004044	+0.0005349	+0.0006556	+0.0007634	+0.0008616	+0.0009518	+0.0010294	+0.0011085	+0.0011753
2012-07	-0.005	-0.0009495	-0.0008624	-0.0007811	-0.0006855	-0.0005889	-0.0004818	-0.0003678	-0.0002465	-0.0001156	+0.0000172	+0.0001538	+0.0002870	+0.0004158	+0.0005346	+0.0006497	+0.0007555	+0.0008513	+0.0009385	+0.0010167	+0.0010924	+0.0011651
2012-08	0.001	-0.0009503	-0.0008700	-0.0007802	-0.0006906	-0.0005946	-0.0004891	-0.0003692	-0.0002444	-0.0001099	+0.0000264	+0.0001668	+0.0003057	+0.0004391	+0.0005688	+0.0006892	+0.0007949	+0.0008937	+0.0009816	+0.0010657	+0.0011461	+0.0012207
2012-09	0.010	-0.0008504	-0.0007749	-0.0006957	-0.0006178	-0.0005250	-0.0004243	-0.0003172	-0.0001987	-0.0000722	+0.0000614	+0.0001978	+0.0003312	+0.0004568	+0.0005766	+0.0006847	+0.0007868	+0.0008767	+0.0009597	+0.0010328	+0.0011061	+0.0011723
2012-10	0.004	-0.0009553	-0.0008878	-0.0008103	-0.0007259	-0.0006392	-0.0005434	-0.0004388	-0.0003284	-0.0002124	-0.0000895	+0.0000362	+0.0001597	+0.0002813	+0.0003949	+0.0005008	+0.0006011	+0.0006879	+0.0007730	+0.0008515	+0.0009247	+0.0009939
2012-11	0.021	-0.0010241	-0.0009649	-0.0008916	-0.0008174	-0.0007441	-0.0006647	-0.0005787	-0.0004868	-0.0003863	-0.0002835	-0.0001761	-0.0000696	+0.0000324	+0.0001298	+0.0002217	+0.0003034	+0.0003806	+0.0004479	+0.0005127	+0.0005763	+0.0006373
2012-12	0.036	-0.0009206	-0.0008546	-0.0007849	-0.0007080	-0.0006325	-0.0005501	-0.0004588	-0.0003633	-0.0002607	-0.0001555	-0.0000500	+0.0000512	+0.0001492	+0.0002393	+0.0003226	+0.0004005	+0.0004718	+0.0005373	+0.0005987	+0.0006558	+0.0007076
2013-01	0.042	-0.0005061	-0.0004472	-0.0003767	-0.0003031	-0.0002228	-0.0001399	-0.0000515	+0.0000403	+0.0001368	+0.0002369	+0.0003367	+0.0004384	+0.0005341	+0.0006260	+0.0007088	+0.0007858	+0.0008524	+0.0009148	+0.0009701	+0.0010278	+0.0010778
2013-02	0.014	-0.0003996	-0.0002964	-0.0001858	-0.0000806	+0.0000361	+0.0001557	+0.0002711	+0.0003871	+0.0005040	+0.0006234	+0.0007427	+0.0008569	+0.0009687	+0.0010748	+0.0011723	+0.0012610	+0.0013438	+0.0014217	+0.0014927	+0.0015630	+0.0016243
2013-03	0.028	-0.0004603	-0.0003486	-0.0002256	-0.0000815	+0.0000651	+0.0002113	+0.0003445	+0.0004729	+0.0005975	+0.0007202	+0.0008428	+0.0009601	+0.0010727	+0.0011832	+0.0012816	+0.0013732	+0.0014571	+0.0015339	+0.0016048	+0.0016676	+0.0017346
2013-04	0.041	-0.0004242	-0.0003011	-0.0001616	-0.0000039	+0.0001951	+0.0004192	+0.0005756	+0.0007089	+0.0008285	+0.0009447	+0.0010584	+0.0011693	+0.0012747	+0.0013753	+0.0014669	+0.0015554	+0.0016309	+0.0017049	+0.0017707	+0.0018343	+0.0018909
2013-05	-0.003	-0.0004868	-0.0003796	-0.0002458	-0.0000924	+0.0001290	+0.0005520	+0.0008061	+0.0009538	+0.0010798	+0.0011983	+0.0013154	+0.0014258	+0.0015296	+0.0016269	+0.0017149	+0.0017980	+0.0018738	+0.0019399	+0.0020004	+0.0020595	+0.0021112
2013-06	-0.014	-0.0004931	-0.0003755	-0.0002480	-0.0000919	+0.0001473	+0.0007105	+0.0009604	+0.0011054	+0.0012285	+0.0013425	+0.0014511	+0.0015525	+0.0016504	+0.0017399	+0.0018229	+0.0018995	+0.0019705	+0.0020331	+0.0020893	+0.0021431	+0.0021879
2013-07	0.007	-0.0007628	-0.0006017	-0.0004377	-0.0002568	-0.0000744	+0.0001284	+0.0003327	+0.0005436	+0.0007449	+0.0009416	+0.0011344	+0.0013119	+0.0014657	+0.0016029	+0.0017279	+0.0018319	+0.0019219	+0.0020010	+0.0020680	+0.0021334	+0.0021905
2013-08	-0.006	-0.0009050	-0.0007023	-0.0004969	-0.0003052	-0.0000958	+0.0001107	+0.0003150	+0.0005317	+0.0007400	+0.0009416	+0.0011362	+0.0013155	+0.0014748	+0.0016162	+0.0017404	+0.0018516	+0.0019488	+0.0020343	+0.0021110	+0.0021736	+0.0022346
2013-09	0.028	-0.0009652	-0.0008243	-0.0006804	-0.0005284	-0.0003676	-0.0002067	-0.0000452	+0.0001286	+0.0003074	+0.0004843	+0.0006601	+0.0008346	+0.0009992	+0.0011503	+0.0012883	+0.0014109	+0.0015173	+0.0016155	+0.0017008	+0.0017793	+0.0018563
2013-10	0.010	-0.0008795	-0.0007536	-0.0006282	-0.0005071	-0.0003693	-0.0002292	-0.0000851	+0.0000785	+0.0002482	+0.0004207	+0.0005929	+0.0007595	+0.0009204	+0.0010709	+0.0012070	+0.0013304	+0.0014455	+0.0015429	+0.0016336	+0.0017178	+0.0017934
2013-11	0.022	-0.0008954	-0.0007768	-0.0006676	-0.0005593	-0.0004398	-0.0003129	-0.0001757	-0.0000294	+0.0001230	+0.0002841	+0.0004434	+0.0006005	+0.0007507	+0.0008905	+0.0010208	+0.0011398	+0.0012484	+0.0013468	+0.0014410	+0.0015260	+0.0016058
2013-12	0.012	-0.0009511	-0.0008543	-0.0007337	-0.0006244	-0.0005015	-0.0003759	-0.0002450	-0.0000985	+0.0000507	+0.0002027	+0.0003542	+0.0005009	+0.0006397	+0.0007717	+0.0008991	+0.0010111	+0.0011108	+0.0012092	+0.0012968	+0.0013712	+0.0014479
2014-01	-0.021	-0.0009938	-0.0009055	-0.0008063	-0.0007005	-0.0005884	-0.0004745	-0.0003469	-0.0002186	-0.0000864	+0.0000527	+0.0001925	+0.0003248	+0.0004554	+0.0005776	+0.0006873	+0.0007869	+0.0008786	+0.0009612	+0.0010404	+0.0011116	+0.0011767
2014-02	0.005	-0.0004164	-0.0003424	-0.0002639	-0.0001761	-0.0000847	+0.0000078	+0.0001005	+0.0001975	+0.0003008	+0.0004046	+0.0005102	+0.0006165	+0.0007191	+0.0008173	+0.0009060	+0.0009875	+0.0010666	+0.0011380	+0.0012101	+0.0012793	+0.0013421
2014-03	0.000	-0.0005733	-0.0005137	-0.0004469	-0.0003764	-0.0003069	-0.0002271	-0.0001433	-0.0000528	+0.0000440	+0.0001425	+0.0002441	+0.0003429	+0.0004416	+0.0005334	+0.0006188	+0.0006957	+0.0007652	+0.0008302	+0.0008922	+0.0009498	+0.0010023
2014-04	-0.005	-0.0005787	-0.0005085	-0.0004377	-0.0003634	-0.0002869	-0.0002035	-0.0001150	-0.0000210	+0.0000769	+0.0001775	+0.0002808	+0.0003830	+0.0004767	+0.0005653	+0.0006427	+0.0007179	+0.0007867	+0.0008484	+0.0009052	+0.0009621	+0.0010151
2014-05	0.009	-0.0006230	-0.0005517	-0.0004793	-0.0004132	-0.0003378	-0.0002596	-0.0001725	-0.0000832	+0.0000082	+0.0000983	+0.0001914	+0.0002820	+0.0003677	+0.0004495	+0.0005250	+0.0005958	+0.0006573	+0.0007129	+0.0007654	+0.0008118	+0.0008550
2014-06	0.013	-0.0005471	-0.0004903	-0.0004266	-0.0003640	-0.0002995	-0.0002295	-0.0001559	-0.0000781	+0.0000055	+0.0000888	+0.0001752	+0.0002589	+0.0003373	+0.0004120	+0.0004818	+0.0005421	+0.0005979	+0.0006501	+0.0007001	+0.0007423	+0.0007828
2014-07	0.007	-0.0005553	-0.0005016	-0.0004431	-0.0003754	-0.0003035	-0.0002262	-0.0001455	-0.0000613	+0.0000260	+0.0001165	+0.0002068	+0.0002903	+0.0003699	+0.0004422	+0.0005084	+0.0005698	+0.0006278	+0.0006796	+0.0007266	+0.0007717	+0.0008108
2014-08	0.002	-0.0005411	-0.0004873	-0.0004338	-0.0003731	-0.0003091	-0.0002380	-0.0001644	-0.0000885	-0.0000078	+0.0000738	+0.0001549	+0.0002341	+0.0003095	+0.0003796	+0.0004425	+0.0005036	+0.0005563	+0.0006058	+0.0006510	+0.0006900	+0.0007305
2014-09	0.015	-0.0005618	-0.0005052	-0.0004540	-0.0003998	-0.0003378	-0.0002761	-0.0002070	-0.0001364	-0.0000618	+0.0000133	+0.0000873	+0.0001614	+0.0002300	+0.0002932	+0.0003517	+0.0004069	+0.0004556	+0.0004978	+0.0005380	+0.0005753	+0.0006083
2014-10	0.002	-0.0002331	-0.0001891	-0.0001387	-0.0000911	-0.0000413	+0.0000112	+0.0000680	+0.0001263	+0.0001858	+0.0002445	+0.0003046	+0.0003635	+0.0004194	+0.0004722	+0.0005215	+0.0005671	+0.0006087	+0.0006472	+0.0006815	+0.0007140	+0.0007441
2014-11	0.036	-0.0004577	-0.0004100	-0.0003594	-0.0003055	-0.0002467	-0.0001840	-0.0001156	-0.0000471	+0.0000244	+0.0000952	+0.0001665	+0.0002340	+0.0002962	+0.0003538	+0.0004065	+0.0004544	+0.0004952	+0.0005331	+0.0005676	+0.0006012	+0.0006296
2014-12	0.007	-0.0004227	-0.0003574	-0.0002782	-0.0001994	-0.0001144	-0.0000265	+0.0000625	+0.0001586	+0.0002611	+0.0003690	+0.0004824	+0.0005958	+0.0007094	+0.0008209	+0.0009308	+0.0010338	+0.0011296	+0.0012185	+0.0013044	+0.0013805	+0.0014534
2015-01	-0.008	-0.0005341	-0.0004516	-0.0003412	-0.0002389	-0.0001259	-0.0000159	+0.0000949	+0.0002047	+0.0003206	+0.0004347	+0.0005485	+0.0006678	+0.0007818	+0.0008952	+0.0009998	+0.0011007	+0.0011956	+0.0012859	+0.0013693	+0.0014501	+0.0015297
2015-02	-0.002	-0.0005337	-0.0004608	-0.0003792	-0.0003016	-0.0002174	-0.0001245	-0.0000306	+0.0000715	+0.0001796	+0.0002950	+0.0004144	+0.0005352	+0.0006558	+0.0007693	+0.0008815	+0.0009865	+0.0010884	+0.0011914	+0.0012946	+0.0013832	+0.0014643
