2012-05	-0.051	-0.0008333	-0.0006864	-0.0005352	-0.0003680	-0.0001836	+0.0000023	+0.0002029	+0.0004143	+0.0006326	+0.0008637	+0.0010971	+0.0013277	+0.0015454	+0.0017511	+0.0019413	+0.0021169	+0.0022840	+0.0024252	+0.0025726	+0.0027012	+0.0028289
2012-06	0.024	-0.0013336	-0.0011629	-0.0009747	-0.0007823	-0.0005875	-0.0003860	-0.0001635	+0.0000580	+0.0002901	+0.0005224	+0.0007570	+0.0009880	+0.0012208	+0.0014396	+0.0016439	+0.0018328	+0.0020163	+0.0021886	+0.0023554	+0.0025043	+0.0026627
2012-07	0.006	-0.0011997	-0.0010722	-0.0009373	-0.0007871	-0.0006270	-0.0004667	-0.0002875	-0.0000997	+0.0001055	+0.0003142	+0.0005238	+0.0007304	+0.0009297	+0.0011137	+0.0012861	+0.0014489	+0.0015923	+0.0017362	+0.0018552	+0.0019663	+0.0020634
2012-08	0.014	-0.0011267	-0.0009878	-0.0008389	-0.0007038	-0.0005488	-0.0003879	-0.0002179	-0.0000363	+0.0001561	+0.0003538	+0.0005530	+0.0007525	+0.0009483	+0.0011221	+0.0012891	+0.0014475	+0.0015928	+0.0017197	+0.0018484	+0.0019597	+0.0020642
2012-09	0.000	-0.0010058	-0.0008901	-0.0007689	-0.0006419	-0.0005143	-0.0003708	-0.0002147	-0.0000432	+0.0001336	+0.0003205	+0.0005111	+0.0006955	+0.0008745	+0.0010379	+0.0011904	+0.0013354	+0.0014660	+0.0015887	+0.0016969	+0.0017987	+0.0018877
2012-10	0.028	-0.0011372	-0.0010145	-0.0008841	-0.0007648	-0.0006330	-0.0004864	-0.0003305	-0.0001647	+0.0000055	+0.0001827	+0.0003637	+0.0005418	+0.0007184	+0.0008843	+0.0010421	+0.0011867	+0.0013224	+0.0014518	+0.0015629	+0.0016726	+0.0017742
2012-11	0.036	-0.0011378	-0.0010403	-0.0009386	-0.0008318	-0.0007168	-0.0006012	-0.0004793	-0.0003456	-0.0002092	-0.0000641	+0.0000788	+0.0002200	+0.0003570	+0.0004847	+0.0006037	+0.0007076	+0.0008058	+0.0009004	+0.0009833	+0.0010630	+0.0011367
2012-12	0.062	-0.0008687	-0.0007637	-0.0006653	-0.0005625	-0.0004493	-0.0003366	-0.0002123	-0.0000839	+0.0000498	+0.0001878	+0.0003267	+0.0004599	+0.0005898	+0.0007053	+0.0008147	+0.0009132	+0.0010034	+0.0010865	+0.0011650	+0.0012373	+0.0013104
2013-01	0.052	-0.0005461	-0.0004462	-0.0003324	-0.0002095	-0.0000914	+0.0000395	+0.0001787	+0.0003263	+0.0004777	+0.0006274	+0.0007820	+0.0009307	+0.0010719	+0.0012007	+0.0013220	+0.0014351	+0.0015406	+0.0016377	+0.0017262	+0.0018027	+0.0018802
2013-02	0.020	-0.0005973	-0.0004333	-0.0002560	-0.0000218	+0.0002729	+0.0005641	+0.0007663	+0.0009358	+0.0011027	+0.0012727	+0.0014405	+0.0016055	+0.0017684	+0.0019255	+0.0020693	+0.0022079	+0.0023299	+0.0024446	+0.0025523	+0.0026445	+0.0027335
2013-03	0.023	-0.0007146	-0.0005406	-0.0003647	-0.0001324	+0.0002305	+0.0005579	+0.0007850	+0.0009657	+0.0011356	+0.0013016	+0.0014677	+0.0016280	+0.0017850	+0.0019356	+0.0020797	+0.0022157	+0.0023378	+0.0024537	+0.0025707	+0.0026768	+0.0027851
2013-04	0.052	-0.0006035	-0.0004348	-0.0002616	-0.0000540	+0.0002864	+0.0007633	+0.0009973	+0.0011764	+0.0013390	+0.0014953	+0.0016502	+0.0018070	+0.0019552	+0.0020985	+0.0022303	+0.0023610	+0.0024778	+0.0025881	+0.0026933	+0.0027857	+0.0028788
2013-05	0.022	-0.0007116	-0.0005329	-0.0003564	-0.0001312	+0.0001973	+0.0008498	+0.0011804	+0.0013901	+0.0015692	+0.0017399	+0.0019052	+0.0020647	+0.0022201	+0.0023670	+0.0025044	+0.0026288	+0.0027456	+0.0028525	+0.0029514	+0.0030363	+0.0031267
2013-06	-0.053	-0.0007560	-0.0005948	-0.0004137	-0.0001983	+0.0001572	+0.0011176	+0.0014274	+0.0016214	+0.0017961	+0.0019564	+0.0021108	+0.0022625	+0.0024107	+0.0025467	+0.0026754	+0.0027929	+0.0028951	+0.0029938	+0.0030869	+0.0031689	+0.0032419
2013-07	0.011	-0.0014526	-0.0012120	-0.0009394	-0.0006806	-0.0004104	-0.0001264	+0.0001853	+0.0004962	+0.0008110	+0.0011278	+0.0014336	+0.0017228	+0.0019774	+0.0022038	+0.0024017	+0.0025741	+0.0027265	+0.0028546	+0.0029753	+0.0030789	+0.0031619
2013-08	-0.005	-0.0015020	-0.0012563	-0.0010057	-0.0007257	-0.0004486	-0.0001879	+0.0001051	+0.0004121	+0.0007253	+0.0010261	+0.0013263	+0.0016073	+0.0018623	+0.0020946	+0.0022969	+0.0024685	+0.0026226	+0.0027606	+0.0028884	+0.0030052	+0.0031198
2013-09	0.003	-0.0017717	-0.0015908	-0.0014034	-0.0011870	-0.0009754	-0.0007492	-0.0005006	-0.0002497	+0.0000118	+0.0002737	+0.0005384	+0.0008011	+0.0010399	+0.0012683	+0.0014668	+0.0016467	+0.0018081	+0.0019503	+0.0020752	+0.0021912	+0.0022964
2013-10	0.027	-0.0017159	-0.0015438	-0.0013692	-0.0011804	-0.0009798	-0.0007684	-0.0005389	-0.0003025	-0.0000581	+0.0001946	+0.0004533	+0.0007026	+0.0009363	+0.0011545	+0.0013541	+0.0015323	+0.0016917	+0.0018453	+0.0019900	+0.0021112	+0.0022279
2013-11	0.039	-0.0017227	-0.0015667	-0.0014030	-0.0012194	-0.0010259	-0.0008366	-0.0006265	-0.0004079	-0.0001837	+0.0000604	+0.0003010	+0.0005364	+0.0007641	+0.0009695	+0.0011568	+0.0013266	+0.0014828	+0.0016152	+0.0017572	+0.0018826	+0.0020006
2013-12	0.029	-0.0017193	-0.0015631	-0.0013867	-0.0012226	-0.0010314	-0.0008392	-0.0006359	-0.0004102	-0.0001807	+0.0000480	+0.0002776	+0.0005025	+0.0007163	+0.0009123	+0.0010975	+0.0012658	+0.0014145	+0.0015479	+0.0016687	+0.0017883	+0.0018931
2014-01	-0.013	-0.0017920	-0.0016116	-0.0014478	-0.0012659	-0.0010802	-0.0008868	-0.0006790	-0.0004679	-0.0002515	-0.0000219	+0.0001970	+0.0004134	+0.0006181	+0.0008008	+0.0009660	+0.0011105	+0.0012356	+0.0013506	+0.0014536	+0.0015450	+0.0016420
2014-02	0.009	-0.0007092	-0.0005888	-0.0004623	-0.0003371	-0.0002098	-0.0000713	+0.0000716	+0.0002268	+0.0003868	+0.0005492	+0.0007105	+0.0008641	+0.0010109	+0.0011467	+0.0012709	+0.0013867	+0.0014915	+0.0015823	+0.0016638	+0.0017346	+0.0018042
2014-03	0.008	-0.0007637	-0.0006693	-0.0005678	-0.0004605	-0.0003460	-0.0002233	-0.0000919	+0.0000510	+0.0001970	+0.0003449	+0.0004889	+0.0006348	+0.0007748	+0.0009024	+0.0010172	+0.0011243	+0.0012193	+0.0013038	+0.0013864	+0.0014582	+0.0015183
2014-04	0.002	-0.0005253	-0.0004037	-0.0002888	-0.0001645	-0.0000411	+0.0000891	+0.0002112	+0.0003377	+0.0004663	+0.0005934	+0.0007188	+0.0008391	+0.0009493	+0.0010541	+0.0011497	+0.0012331	+0.0013095	+0.0013760	+0.0014388	+0.0014941	+0.0015580
2014-05	-0.001	-0.0005965	-0.0004878	-0.0003703	-0.0002511	-0.0001326	-0.0000057	+0.0001219	+0.0002475	+0.0003715	+0.0004927	+0.0006125	+0.0007284	+0.0008399	+0.0009429	+0.0010366	+0.0011215	+0.0012039	+0.0012753	+0.0013379	+0.0013913	+0.0014492
2014-06	0.006	-0.0004923	-0.0003901	-0.0002750	-0.0001656	-0.0000453	+0.0000683	+0.0001812	+0.0002933	+0.0004051	+0.0005169	+0.0006321	+0.0007425	+0.0008462	+0.0009416	+0.0010286	+0.0011103	+0.0011829	+0.0012474	+0.0013110	+0.0013635	+0.0014209
2014-07	-0.001	-0.0005136	-0.0004293	-0.0003364	-0.0002422	-0.0001361	-0.0000306	+0.0000799	+0.0001899	+0.0003046	+0.0004122	+0.0005192	+0.0006218	+0.0007193	+0.0008115	+0.0008980	+0.0009770	+0.0010547	+0.0011263	+0.0011861	+0.0012446	+0.0012954
2014-08	0.020	-0.0005013	-0.0004543	-0.0004004	-0.0003424	-0.0002807	-0.0002133	-0.0001398	-0.0000608	+0.0000220	+0.0001078	+0.0001926	+0.0002797	+0.0003620	+0.0004393	+0.0005115	+0.0005788	+0.0006397	+0.0006982	+0.0007524	+0.0008017	+0.0008466
2014-09	0.020	-0.0004784	-0.0004320	-0.0003835	-0.0003275	-0.0002699	-0.0002086	-0.0001427	-0.0000743	+0.0000012	+0.0000792	+0.0001617	+0.0002415	+0.0003191	+0.0003939	+0.0004632	+0.0005302	+0.0005923	+0.0006502	+0.0007018	+0.0007494	+0.0007953
2014-10	0.011	-0.0003117	-0.0002447	-0.0001730	-0.0001007	-0.0000300	+0.0000413	+0.0001153	+0.0001919	+0.0002710	+0.0003533	+0.0004361	+0.0005191	+0.0006018	+0.0006809	+0.0007530	+0.0008202	+0.0008822	+0.0009428	+0.0010011	+0.0010555	+0.0011110
2014-11	0.063	-0.0005430	-0.0004728	-0.0003958	-0.0003258	-0.0002509	-0.0001705	-0.0000823	+0.0000094	+0.0001034	+0.0001971	+0.0002892	+0.0003792	+0.0004653	+0.0005476	+0.0006218	+0.0006925	+0.0007580	+0.0008175	+0.0008745	+0.0009232	+0.0009708
2014-12	-0.002	-0.0005790	-0.0004676	-0.0003522	-0.0002430	-0.0001261	-0.0000101	+0.0001139	+0.0002528	+0.0003925	+0.0005427	+0.0007043	+0.0008713	+0.0010386	+0.0012039	+0.0013598	+0.0015069	+0.0016542	+0.0017755	+0.0018946	+0.0020185	+0.0021250
2015-01	-0.013	-0.0009203	-0.0007728	-0.0006119	-0.0004694	-0.0003246	-0.0001750	-0.0000110	+0.0001492	+0.0003141	+0.0004819	+0.0006591	+0.0008358	+0.0010054	+0.0011754	+0.0013345	+0.0014861	+0.0016268	+0.0017747	+0.0019130	+0.0020394	+0.0021518
2015-02	0.001	-0.0008678	-0.0007429	-0.0006183	-0.0004962	-0.0003677	-0.0002336	-0.0000932	+0.0000593	+0.0002229	+0.0003959	+0.0005816	+0.0007731	+0.0009572	+0.0011339	+0.0013085	+0.0014699	+0.0016299	+0.0017836	+0.0019204	+0.0020529	+0.0021685
