2012-08	0.005	-0.0025290	-0.0022919	-0.0020487	-0.0018030	-0.0015271	-0.0012285	-0.0008997	-0.0005453	-0.0001805	+0.0002052	+0.0005928	+0.0009612	+0.0013169	+0.0016521	+0.0019607	+0.0022477	+0.0025028	+0.0027492	+0.0029778	+0.0031752	+0.0033530
2012-09	0.018	-0.0019901	-0.0017890	-0.0015739	-0.0013523	-0.0011104	-0.0008569	-0.0005733	-0.0002767	+0.0000383	+0.0003630	+0.0006975	+0.0010262	+0.0013367	+0.0016307	+0.0018977	+0.0021361	+0.0023501	+0.0025567	+0.0027445	+0.0029098	+0.0030508
2012-10	0.019	-0.0022127	-0.0020330	-0.0018305	-0.0016301	-0.0014135	-0.0011864	-0.0009379	-0.0006795	-0.0004039	-0.0001275	+0.0001570	+0.0004391	+0.0007075	+0.0009610	+0.0012046	+0.0014216	+0.0016199	+0.0017975	+0.0019515	+0.0020970	+0.0022357
2012-11	0.042	-0.0023260	-0.0021640	-0.0019708	-0.0017737	-0.0015735	-0.0013547	-0.0011346	-0.0008990	-0.0006485	-0.0003955	-0.0001363	+0.0001255	+0.0003749	+0.0006070	+0.0008254	+0.0010228	+0.0011996	+0.0013677	+0.0015185	+0.0016625	+0.0017914
2012-12	0.053	-0.0019211	-0.0017520	-0.0015690	-0.0013750	-0.0011708	-0.0009466	-0.0007142	-0.0004700	-0.0002187	+0.0000336	+0.0002929	+0.0005395	+0.0007784	+0.0009974	+0.0011956	+0.0013654	+0.0015292	+0.0016738	+0.0018097	+0.0019328	+0.0020458
2013-01	0.095	-0.0010371	-0.0008559	-0.0006765	-0.0004954	-0.0002882	-0.0000797	+0.0001442	+0.0003710	+0.0006050	+0.0008406	+0.0010735	+0.0012949	+0.0015002	+0.0016917	+0.0018582	+0.0020079	+0.0021393	+0.0022605	+0.0023728	+0.0024668	+0.0025544
2013-02	-0.006	-0.0008236	-0.0005996	-0.0003686	-0.0000959	+0.0003409	+0.0008067	+0.0011110	+0.0013492	+0.0015766	+0.0017957	+0.0020093	+0.0022223	+0.0024268	+0.0026217	+0.0028079	+0.0029775	+0.0031351	+0.0032898	+0.0034305	+0.0035585	+0.0036812
2013-03	0.058	-0.0009235	-0.0007227	-0.0004868	-0.0001913	+0.0002384	+0.0006834	+0.0009811	+0.0012077	+0.0014236	+0.0016428	+0.0018588	+0.0020699	+0.0022732	+0.0024679	+0.0026515	+0.0028225	+0.0029905	+0.0031478	+0.0032839	+0.0034146	+0.0035427
2013-04	0.030	-0.0008123	-0.0005853	-0.0003330	-0.0000417	+0.0003455	+0.0007232	+0.0010026	+0.0012326	+0.0014510	+0.0016631	+0.0018718	+0.0020763	+0.0022832	+0.0024764	+0.0026630	+0.0028421	+0.0030077	+0.0031615	+0.0033011	+0.0034352	+0.0035544
2013-05	0.000	-0.0008408	-0.0006375	-0.0004087	-0.0001291	+0.0002710	+0.0009411	+0.0013050	+0.0015499	+0.0017644	+0.0019708	+0.0021712	+0.0023689	+0.0025580	+0.0027386	+0.0029125	+0.0030715	+0.0032235	+0.0033645	+0.0035075	+0.0036426	+0.0037566
2013-06	-0.080	-0.0008936	-0.0006948	-0.0004688	-0.0001875	+0.0002538	+0.0009745	+0.0013241	+0.0015608	+0.0017683	+0.0019729	+0.0021761	+0.0023725	+0.0025654	+0.0027563	+0.0029284	+0.0030883	+0.0032416	+0.0033864	+0.0035147	+0.0036370	+0.0037584
2013-07	-0.005	-0.0018440	-0.0015810	-0.0013168	-0.0010344	-0.0007291	-0.0004101	-0.0000840	+0.0002516	+0.0006113	+0.0009758	+0.0013304	+0.0016666	+0.0019791	+0.0022606	+0.0025142	+0.0027424	+0.0029471	+0.0031289	+0.0033022	+0.0034584	+0.0036047
2013-08	-0.007	-0.0018764	-0.0016398	-0.0013895	-0.0011442	-0.0008809	-0.0006132	-0.0003139	+0.0000002	+0.0003460	+0.0006772	+0.0010149	+0.0013406	+0.0016481	+0.0019312	+0.0021883	+0.0024165	+0.0026256	+0.0028218	+0.0030072	+0.0031729	+0.0033370
2013-09	0.059	-0.0021988	-0.0020041	-0.0018125	-0.0016067	-0.0013860	-0.0011479	-0.0008954	-0.0006248	-0.0003544	-0.0000707	+0.0002094	+0.0004764	+0.0007292	+0.0009633	+0.0011770	+0.0013658	+0.0015371	+0.0016959	+0.0018392	+0.0019687	+0.0020944
2013-10	0.036	-0.0020807	-0.0019072	-0.0017123	-0.0015173	-0.0013090	-0.0010728	-0.0008354	-0.0005688	-0.0002984	-0.0000239	+0.0002471	+0.0005194	+0.0007760	+0.0010248	+0.0012518	+0.0014569	+0.0016357	+0.0018064	+0.0019535	+0.0020889	+0.0022174
2013-11	0.006	-0.0019704	-0.0017935	-0.0016007	-0.0014008	-0.0011845	-0.0009693	-0.0007405	-0.0004985	-0.0002458	+0.0000197	+0.0002815	+0.0005310	+0.0007696	+0.0009889	+0.0011934	+0.0013771	+0.0015419	+0.0016848	+0.0018250	+0.0019586	+0.0020803
2013-12	0.015	-0.0021071	-0.0019176	-0.0017484	-0.0015606	-0.0013567	-0.0011399	-0.0009190	-0.0006794	-0.0004299	-0.0001803	+0.0000705	+0.0003145	+0.0005541	+0.0007652	+0.0009664	+0.0011524	+0.0013127	+0.0014508	+0.0015826	+0.0017036	+0.0018319
2014-01	-0.020	-0.0021748	-0.0019985	-0.0018188	-0.0016291	-0.0014182	-0.0012091	-0.0009830	-0.0007504	-0.0005072	-0.0002635	-0.0000284	+0.0002058	+0.0004332	+0.0006484	+0.0008447	+0.0010238	+0.0011869	+0.0013337	+0.0014806	+0.0016200	+0.0017354
2014-02	0.033	-0.0009618	-0.0008314	-0.0007088	-0.0005753	-0.0004301	-0.0002778	-0.0001251	+0.0000422	+0.0002171	+0.0003898	+0.0005692	+0.0007478	+0.0009184	+0.0010851	+0.0012378	+0.0013805	+0.0015154	+0.0016444	+0.0017591	+0.0018647	+0.0019559
2014-03	0.027	-0.0007022	-0.0005889	-0.0004839	-0.0003672	-0.0002432	-0.0001105	+0.0000340	+0.0001836	+0.0003433	+0.0005136	+0.0006863	+0.0008621	+0.0010323	+0.0011965	+0.0013539	+0.0015025	+0.0016440	+0.0017749	+0.0018985	+0.0020107	+0.0021054
2014-04	0.006	-0.0007776	-0.0006352	-0.0004636	-0.0002726	-0.0000889	+0.0000962	+0.0002736	+0.0004401	+0.0006019	+0.0007651	+0.0009286	+0.0010911	+0.0012512	+0.0014044	+0.0015517	+0.0016947	+0.0018241	+0.0019451	+0.0020582	+0.0021622	+0.0022837
2014-05	0.011	-0.0009580	-0.0008230	-0.0006649	-0.0004794	-0.0002559	-0.0000095	+0.0002025	+0.0003763	+0.0005352	+0.0006872	+0.0008329	+0.0009734	+0.0011101	+0.0012403	+0.0013593	+0.0014717	+0.0015739	+0.0016709	+0.0017604	+0.0018520	+0.0019398
2014-06	0.026	-0.0006806	-0.0005624	-0.0004401	-0.0002973	-0.0001551	-0.0000205	+0.0001180	+0.0002555	+0.0003931	+0.0005295	+0.0006654	+0.0007945	+0.0009167	+0.0010365	+0.0011481	+0.0012513	+0.0013431	+0.0014270	+0.0015044	+0.0015741	+0.0016386
2014-07	0.003	-0.0005563	-0.0004538	-0.0003520	-0.0002241	-0.0000958	+0.0000402	+0.0001773	+0.0003102	+0.0004461	+0.0005836	+0.0007148	+0.0008395	+0.0009543	+0.0010630	+0.0011627	+0.0012551	+0.0013415	+0.0014226	+0.0014943	+0.0015601	+0.0016179
2014-08	0.011	-0.0005062	-0.0004173	-0.0003139	-0.0001992	-0.0000760	+0.0000477	+0.0001742	+0.0003037	+0.0004352	+0.0005641	+0.0006921	+0.0008176	+0.0009365	+0.0010474	+0.0011504	+0.0012467	+0.0013352	+0.0014172	+0.0014945	+0.0015680	+0.0016380
2014-09	-0.027	-0.0004550	-0.0003720	-0.0002969	-0.0002140	-0.0001212	-0.0000214	+0.0000841	+0.0002019	+0.0003184	+0.0004401	+0.0005605	+0.0006845	+0.0008017	+0.0009140	+0.0010174	+0.0011118	+0.0012003	+0.0012823	+0.0013576	+0.0014272	+0.0014977
2014-10	0.001	-0.0008107	-0.0006672	-0.0005277	-0.0003624	-0.0001762	+0.0000031	+0.0001541	+0.0002889	+0.0004134	+0.0005324	+0.0006526	+0.0007708	+0.0008848	+0.0009920	+0.0010969	+0.0011884	+0.0012720	+0.0013493	+0.0014170	+0.0014823	+0.0015433
2014-11	0.043	-0.0010978	-0.0010033	-0.0009015	-0.0007950	-0.0006736	-0.0005454	-0.0004112	-0.0002678	-0.0001169	+0.0000335	+0.0001839	+0.0003304	+0.0004647	+0.0005884	+0.0007062	+0.0008134	+0.0009089	+0.0009968	+0.0010779	+0.0011549	+0.0012236
2014-12	-0.030	-0.0010883	-0.0009915	-0.0008675	-0.0007462	-0.0006169	-0.0004736	-0.0003188	-0.0001437	+0.0000372	+0.0002250	+0.0004150	+0.0006076	+0.0007964	+0.0009771	+0.0011493	+0.0013066	+0.0014542	+0.0015902	+0.0017185	+0.0018476	+0.0019606
2015-01	-0.044	-0.0015870	-0.0014414	-0.0012979	-0.0011545	-0.0009943	-0.0008370	-0.0006577	-0.0004664	-0.0002680	-0.0000604	+0.0001554	+0.0003728	+0.0005809	+0.0007794	+0.0009619	+0.0011433	+0.0013071	+0.0014593	+0.0015991	+0.0017205	+0.0018566
2015-02	-0.010	-0.0017140	-0.0016003	-0.0014741	-0.0013415	-0.0011996	-0.0010513	-0.0008923	-0.0007208	-0.0005359	-0.0003376	-0.0001298	+0.0000860	+0.0002986	+0.0005036	+0.0007006	+0.0008890	+0.0010645	+0.0012351	+0.0014049	+0.0015646	+0.0016968
