2011-09	-0.030	-0.0008346	-0.0007589	-0.0006863	-0.0006112	-0.0005288	-0.0004410	-0.0003451	-0.0002448	-0.0001369	-0.0000203	+0.0000991	+0.0002201	+0.0003406	+0.0004569	+0.0005720	+0.0006792	+0.0007846	+0.0008793	+0.0009672	+0.0010530	+0.0011262
2011-10	0.024	-0.0010692	-0.0010010	-0.0009275	-0.0008496	-0.0007631	-0.0006670	-0.0005641	-0.0004548	-0.0003386	-0.0002123	-0.0000812	+0.0000557	+0.0001885	+0.0003195	+0.0004420	+0.0005637	+0.0006746	+0.0007794	+0.0008790	+0.0009730	+0.0010635
2011-11	-0.026	-0.0011073	-0.0010430	-0.0009729	-0.0008964	-0.0008121	-0.0007242	-0.0006234	-0.0005162	-0.0003994	-0.0002777	-0.0001491	-0.0000191	+0.0001081	+0.0002317	+0.0003566	+0.0004714	+0.0005795	+0.0006803	+0.0007749	+0.0008691	+0.0009549
2011-12	0.004	-0.0013267	-0.0012572	-0.0011864	-0.0011083	-0.0010328	-0.0009468	-0.0008602	-0.0007628	-0.0006563	-0.0005429	-0.0004276	-0.0003153	-0.0002035	-0.0000969	+0.0000019	+0.0000913	+0.0001767	+0.0002494	+0.0003216	+0.0003852	+0.0004474
2012-01	0.001	-0.0011632	-0.0010901	-0.0010189	-0.0009409	-0.0008620	-0.0007761	-0.0006776	-0.0005773	-0.0004675	-0.0003560	-0.0002412	-0.0001271	-0.0000147	+0.0000897	+0.0001882	+0.0002788	+0.0003599	+0.0004354	+0.0005128	+0.0005789	+0.0006448
2012-02	0.071	-0.0012652	-0.0011998	-0.0011323	-0.0010535	-0.0009747	-0.0008867	-0.0007877	-0.0006825	-0.0005718	-0.0004557	-0.0003372	-0.0002153	-0.0000977	+0.0000181	+0.0001261	+0.0002321	+0.0003310	+0.0004298	+0.0005197	+0.0006055	+0.0006811
2012-03	0.009	-0.0010474	-0.0009576	-0.0008695	-0.0007795	-0.0006818	-0.0005757	-0.0004585	-0.0003354	-0.0001976	-0.0000532	+0.0000966	+0.0002484	+0.0003963	+0.0005336	+0.0006702	+0.0007955	+0.0009066	+0.0010225	+0.0011266	+0.0012302	+0.0013190
2012-04	-0.012	-0.0009007	-0.0008095	-0.0007094	-0.0005969	-0.0004788	-0.0003516	-0.0002203	-0.0000800	+0.0000750	+0.0002366	+0.0004041	+0.0005739	+0.0007382	+0.0008967	+0.0010514	+0.0011928	+0.0013258	+0.0014472	+0.0015657	+0.0016674	+0.0017698
2012-05	-0.049	-0.0009223	-0.0008471	-0.0007489	-0.0006528	-0.0005424	-0.0004224	-0.0002930	-0.0001476	+0.0000025	+0.0001681	+0.0003374	+0.0005082	+0.0006772	+0.0008418	+0.0009979	+0.0011460	+0.0012825	+0.0014059	+0.0015200	+0.0016281	+0.0017337
2012-06	0.006	-0.0010218	-0.0009397	-0.0008500	-0.0007479	-0.0006391	-0.0005198	-0.0003916	-0.0002485	-0.0000920	+0.0000720	+0.0002465	+0.0004260	+0.0006036	+0.0007773	+0.0009409	+0.0010950	+0.0012342	+0.0013719	+0.0014923	+0.0015971	+0.0017068
2012-07	-0.005	-0.0010800	-0.0009858	-0.0008954	-0.0007987	-0.0006968	-0.0005817	-0.0004549	-0.0003133	-0.0001612	+0.0000020	+0.0001721	+0.0003464	+0.0005176	+0.0006878	+0.0008424	+0.0009878	+0.0011283	+0.0012552	+0.0013907	+0.0015073	+0.0016175
2012-08	0.017	-0.0010633	-0.0009965	-0.0009054	-0.0008093	-0.0007138	-0.0006043	-0.0004780	-0.0003386	-0.0001902	-0.0000312	+0.0001358	+0.0003087	+0.0004853	+0.0006543	+0.0008160	+0.0009712	+0.0011178	+0.0012587	+0.0013812	+0.0015042	+0.0016094
2012-09	0.007	-0.0008374	-0.0007587	-0.0006771	-0.0005882	-0.0004927	-0.0003917	-0.0002756	-0.0001503	-0.0000106	+0.0001401	+0.0003021	+0.0004598	+0.0006177	+0.0007698	+0.0009114	+0.0010429	+0.0011721	+0.0012834	+0.0013961	+0.0015024	+0.0015959
2012-10	0.027	-0.0009323	-0.0008601	-0.0007864	-0.0006957	-0.0006026	-0.0004993	-0.0003849	-0.0002606	-0.0001305	+0.0000087	+0.0001544	+0.0003034	+0.0004566	+0.0006004	+0.0007422	+0.0008747	+0.0010008	+0.0011168	+0.0012286	+0.0013299	+0.0014285
2012-11	0.040	-0.0009001	-0.0008362	-0.0007738	-0.0007077	-0.0006378	-0.0005605	-0.0004754	-0.0003839	-0.0002863	-0.0001841	-0.0000804	+0.0000219	+0.0001229	+0.0002172	+0.0003068	+0.0003880	+0.0004610	+0.0005247	+0.0005865	+0.0006434	+0.0006988
2012-12	0.064	-0.0006959	-0.0006313	-0.0005614	-0.0004857	-0.0004083	-0.0003261	-0.0002384	-0.0001429	-0.0000419	+0.0000624	+0.0001688	+0.0002749	+0.0003770	+0.0004748	+0.0005629	+0.0006477	+0.0007226	+0.0007950	+0.0008589	+0.0009207	+0.0009786
2013-01	0.050	-0.0003995	-0.0003233	-0.0002424	-0.0001569	-0.0000628	+0.0000366	+0.0001413	+0.0002502	+0.0003640	+0.0004826	+0.0006080	+0.0007328	+0.0008525	+0.0009667	+0.0010742	+0.0011748	+0.0012703	+0.0013562	+0.0014414	+0.0015251	+0.0015931
2013-02	0.001	-0.0004844	-0.0003531	-0.0001865	-0.0000055	+0.0001976	+0.0004036	+0.0005734	+0.0007277	+0.0008772	+0.0010292	+0.0011847	+0.0013393	+0.0014900	+0.0016334	+0.0017699	+0.0018972	+0.0020127	+0.0021232	+0.0022195	+0.0023134	+0.0023988
2013-03	0.012	-0.0007249	-0.0005532	-0.0003545	-0.0001356	+0.0002001	+0.0005439	+0.0007822	+0.0009720	+0.0011417	+0.0013040	+0.0014665	+0.0016240	+0.0017755	+0.0019195	+0.0020542	+0.0021790	+0.0022993	+0.0024000	+0.0025001	+0.0025945	+0.0026769
2013-04	0.066	-0.0005752	-0.0003988	-0.0002255	-0.0000172	+0.0002905	+0.0006981	+0.0009353	+0.0011081	+0.0012643	+0.0014205	+0.0015752	+0.0017205	+0.0018657	+0.0020007	+0.0021302	+0.0022496	+0.0023570	+0.0024645	+0.0025645	+0.0026602	+0.0027470
2013-05	0.012	-0.0008079	-0.0006030	-0.0003892	-0.0001543	+0.0001909	+0.0007665	+0.0011008	+0.0013264	+0.0015231	+0.0017104	+0.0018892	+0.0020654	+0.0022343	+0.0023948	+0.0025454	+0.0026765	+0.0027955	+0.0029081	+0.0030115	+0.0031144	+0.0032084
2013-06	-0.044	-0.0008919	-0.0006966	-0.0004869	-0.0002465	+0.0001571	+0.0008173	+0.0011439	+0.0013648	+0.0015622	+0.0017491	+0.0019318	+0.0021078	+0.0022716	+0.0024271	+0.0025731	+0.0027084	+0.0028318	+0.0029519	+0.0030546	+0.0031576	+0.0032527
2013-07	0.006	-0.0012266	-0.0010086	-0.0007902	-0.0005307	-0.0002762	+0.0000115	+0.0002783	+0.0005546	+0.0008363	+0.0011163	+0.0013848	+0.0016441	+0.0018888	+0.0021081	+0.0023065	+0.0024810	+0.0026407	+0.0027748	+0.0029064	+0.0030267	+0.0031431
2013-08	-0.004	-0.0012074	-0.0010118	-0.0007949	-0.0005759	-0.0003514	-0.0001163	+0.0001244	+0.0003757	+0.0006345	+0.0008969	+0.0011493	+0.0014053	+0.0016447	+0.0018681	+0.0020688	+0.0022517	+0.0024212	+0.0025700	+0.0027109	+0.0028306	+0.0029583
2013-09	0.014	-0.0013444	-0.0012129	-0.0010646	-0.0009076	-0.0007335	-0.0005514	-0.0003571	-0.0001505	+0.0000635	+0.0002898	+0.0005158	+0.0007466	+0.0009626	+0.0011673	+0.0013667	+0.0015446	+0.0017064	+0.0018616	+0.0020040	+0.0021450	+0.0022612
2013-10	0.024	-0.0013262	-0.0012002	-0.0010620	-0.0009239	-0.0007805	-0.0006208	-0.0004535	-0.0002728	-0.0000829	+0.0001202	+0.0003259	+0.0005309	+0.0007307	+0.0009229	+0.0011047	+0.0012724	+0.0014303	+0.0015773	+0.0017253	+0.0018575	+0.0019820
2013-11	0.034	-0.0012275	-0.0011064	-0.0009816	-0.0008479	-0.0007006	-0.0005515	-0.0003957	-0.0002250	-0.0000413	+0.0001494	+0.0003428	+0.0005344	+0.0007254	+0.0009006	+0.0010674	+0.0012213	+0.0013678	+0.0015040	+0.0016361	+0.0017624	+0.0018867
2013-12	0.024	-0.0012447	-0.0011324	-0.0010110	-0.0008836	-0.0007478	-0.0006046	-0.0004483	-0.0002854	-0.0001194	+0.0000512	+0.0002245	+0.0003952	+0.0005577	+0.0007126	+0.0008604	+0.0009993	+0.0011291	+0.0012464	+0.0013633	+0.0014677	+0.0015653
2014-01	-0.017	-0.0012055	-0.0010893	-0.0009664	-0.0008333	-0.0006948	-0.0005545	-0.0003994	-0.0002453	-0.0000874	+0.0000776	+0.0002428	+0.0003999	+0.0005482	+0.0006847	+0.0008105	+0.0009197	+0.0010187	+0.0011079	+0.0011933	+0.0012694	+0.0013377
2014-02	0.006	-0.0004909	-0.0004115	-0.0003215	-0.0002280	-0.0001274	-0.0000235	+0.0000876	+0.0001995	+0.0003217	+0.0004439	+0.0005667	+0.0006862	+0.0007984	+0.0009059	+0.0010017	+0.0010882	+0.0011728	+0.0012419	+0.0013122	+0.0013818	+0.0014409
2014-03	0.014	-0.0004919	-0.0004243	-0.0003411	-0.0002601	-0.0001733	-0.0000805	+0.0000172	+0.0001254	+0.0002342	+0.0003456	+0.0004580	+0.0005722	+0.0006816	+0.0007886	+0.0008862	+0.0009794	+0.0010646	+0.0011470	+0.0012175	+0.0012846	+0.0013430
2014-04	0.005	-0.0004528	-0.0003524	-0.0002396	-0.0001124	+0.0000107	+0.0001294	+0.0002407	+0.0003513	+0.0004566	+0.0005599	+0.0006603	+0.0007590	+0.0008552	+0.0009460	+0.0010304	+0.0011120	+0.0011864	+0.0012577	+0.0013198	+0.0013778	+0.0014433
2014-05	-0.005	-0.0005026	-0.0004143	-0.0003078	-0.0001864	-0.0000491	+0.0000857	+0.0002101	+0.0003162	+0.0004134	+0.0005163	+0.0006141	+0.0007096	+0.0008043	+0.0008949	+0.0009815	+0.0010637	+0.0011423	+0.0012137	+0.0012773	+0.0013405	+0.0013997
2014-06	0.004	-0.0004187	-0.0003235	-0.0002328	-0.0001353	-0.0000277	+0.0000722	+0.0001648	+0.0002599	+0.0003557	+0.0004512	+0.0005495	+0.0006467	+0.0007407	+0.0008291	+0.0009155	+0.0009957	+0.0010737	+0.0011439	+0.0012092	+0.0012738	+0.0013391
2014-07	0.009	-0.0004691	-0.0003900	-0.0002983	-0.0002057	-0.0001128	-0.0000211	+0.0000711	+0.0001635	+0.0002550	+0.0003484	+0.0004442	+0.0005397	+0.0006352	+0.0007268	+0.0008150	+0.0009006	+0.0009789	+0.0010542	+0.0011225	+0.0011876	+0.0012504
2014-08	0.016	-0.0003268	-0.0002855	-0.0002427	-0.0001988	-0.0001518	-0.0001004	-0.0000462	+0.0000102	+0.0000699	+0.0001296	+0.0001900	+0.0002491	+0.0003070	+0.0003616	+0.0004125	+0.0004595	+0.0005034	+0.0005463	+0.0005891	+0.0006261	+0.0006611
2014-09	0.028	-0.0002531	-0.0002158	-0.0001779	-0.0001323	-0.0000870	-0.0000401	+0.0000083	+0.0000618	+0.0001157	+0.0001688	+0.0002249	+0.0002798	+0.0003336	+0.0003828	+0.0004299	+0.0004727	+0.0005118	+0.0005475	+0.0005812	+0.0006145	+0.0006459
2014-10	0.001	-0.0001835	-0.0001258	-0.0000620	+0.0000113	+0.0000929	+0.0001659	+0.0002241	+0.0002790	+0.0003361	+0.0003919	+0.0004507	+0.0005081	+0.0005638	+0.0006169	+0.0006681	+0.0007144	+0.0007567	+0.0007990	+0.0008385	+0.0008781	+0.0009099
2014-11	0.081	-0.0003628	-0.0002998	-0.0002352	-0.0001605	-0.0000730	+0.0000140	+0.0000911	+0.0001605	+0.0002256	+0.0002903	+0.0003526	+0.0004148	+0.0004759	+0.0005319	+0.0005840	+0.0006337	+0.0006793	+0.0007241	+0.0007650	+0.0008032	+0.0008386
2014-12	0.010	-0.0004302	-0.0003308	-0.0002025	-0.0000601	+0.0000531	+0.0001507	+0.0002508	+0.0003583	+0.0004774	+0.0006096	+0.0007504	+0.0008969	+0.0010461	+0.0011997	+0.0013482	+0.0014901	+0.0016311	+0.0017663	+0.0018903	+0.0020052	+0.0021176
2015-01	-0.031	-0.0006595	-0.0005373	-0.0003904	-0.0001724	+0.0000775	+0.0002430	+0.0003835	+0.0005126	+0.0006467	+0.0007912	+0.0009403	+0.0010916	+0.0012464	+0.0013993	+0.0015436	+0.0016780	+0.0018106	+0.0019289	+0.0020571	+0.0021632	+0.0022702
2015-02	0.004	-0.0007638	-0.0006215	-0.0004731	-0.0003226	-0.0001694	-0.0000104	+0.0001380	+0.0002887	+0.0004420	+0.0006024	+0.0007734	+0.0009493	+0.0011228	+0.0012860	+0.0014477	+0.0015980	+0.0017389	+0.0018782	+0.0020046	+0.0021320	+0.0022405
