2011-09	-0.107	-0.0065838	-0.0061553	-0.0057346	-0.0052670	-0.0048047	-0.0043110	-0.0037759	-0.0032508	-0.0027229	-0.0022203	-0.0017362	-0.0012761	-0.0008274	-0.0003961	+0.0000315	+0.0004718	+0.0008912	+0.0012736	+0.0016350	+0.0019955	+0.0023494
2011-10	-0.012	-0.0068792	-0.0064875	-0.0060991	-0.0056498	-0.0052041	-0.0047438	-0.0042406	-0.0037170	-0.0032012	-0.0026993	-0.0021902	-0.0017136	-0.0012527	-0.0007963	-0.0003532	+0.0000741	+0.0004791	+0.0008720	+0.0012520	+0.0016200	+0.0019661
2011-11	-0.053	-0.0047516	-0.0045371	-0.0043299	-0.0041079	-0.0038348	-0.0035486	-0.0032399	-0.0029058	-0.0025506	-0.0021718	-0.0017722	-0.0013603	-0.0009322	-0.0004752	-0.0000072	+0.0004611	+0.0009287	+0.0013829	+0.0018438	+0.0022846	+0.0026875
2011-12	0.002	-0.0044878	-0.0042999	-0.0041032	-0.0038876	-0.0036523	-0.0034150	-0.0031687	-0.0029056	-0.0026231	-0.0023263	-0.0020142	-0.0016962	-0.0013849	-0.0010723	-0.0007688	-0.0004302	-0.0000951	+0.0002777	+0.0006299	+0.0009201	+0.0012197
2012-01	-0.023	-0.0044242	-0.0042269	-0.0040270	-0.0038173	-0.0035995	-0.0033683	-0.0031177	-0.0028549	-0.0025710	-0.0022806	-0.0019819	-0.0016761	-0.0013627	-0.0010471	-0.0007147	-0.0003656	+0.0000181	+0.0004206	+0.0007884	+0.0010818	+0.0013874
2012-02	0.092	-0.0043752	-0.0041939	-0.0040045	-0.0037961	-0.0035826	-0.0033510	-0.0030977	-0.0028358	-0.0025477	-0.0022454	-0.0019379	-0.0016326	-0.0013194	-0.0010003	-0.0006717	-0.0003358	+0.0000310	+0.0004142	+0.0008145	+0.0011592	+0.0015024
2012-03	0.002	-0.0040019	-0.0037974	-0.0035683	-0.0033137	-0.0030546	-0.0027845	-0.0025026	-0.0021853	-0.0018626	-0.0015170	-0.0011566	-0.0008031	-0.0004606	-0.0001267	+0.0001843	+0.0004764	+0.0007742	+0.0010429	+0.0012984	+0.0015620	+0.0017821
2012-04	-0.006	-0.0033295	-0.0030912	-0.0028654	-0.0026371	-0.0023901	-0.0021078	-0.0018171	-0.0015246	-0.0012134	-0.0008926	-0.0005630	-0.0002269	+0.0000985	+0.0004045	+0.0006906	+0.0009463	+0.0011848	+0.0014184	+0.0016405	+0.0018409	+0.0020500
2012-05	-0.133	-0.0025896	-0.0024134	-0.0022193	-0.0020115	-0.0017950	-0.0015709	-0.0013307	-0.0010829	-0.0008239	-0.0005494	-0.0002646	+0.0000258	+0.0003067	+0.0005705	+0.0008207	+0.0010526	+0.0012669	+0.0014667	+0.0016595	+0.0018301	+0.0020107
2012-06	0.038	-0.0033641	-0.0031513	-0.0029276	-0.0026974	-0.0024335	-0.0021752	-0.0018956	-0.0016058	-0.0012891	-0.0009664	-0.0006438	-0.0003279	-0.0000212	+0.0002638	+0.0005259	+0.0007699	+0.0009975	+0.0012035	+0.0013942	+0.0015649	+0.0017333
2012-07	-0.056	-0.0032616	-0.0030117	-0.0027819	-0.0025314	-0.0022688	-0.0020095	-0.0017132	-0.0014126	-0.0010909	-0.0007474	-0.0004077	-0.0000679	+0.0002605	+0.0005679	+0.0008515	+0.0011254	+0.0013671	+0.0016137	+0.0018450	+0.0020492	+0.0022666
2012-08	0.018	-0.0035204	-0.0032835	-0.0030464	-0.0027831	-0.0025105	-0.0022355	-0.0019369	-0.0016176	-0.0012852	-0.0009290	-0.0005687	-0.0002087	+0.0001272	+0.0004523	+0.0007582	+0.0010296	+0.0012831	+0.0015066	+0.0017234	+0.0019148	+0.0020767
2012-09	0.086	-0.0031186	-0.0028981	-0.0026772	-0.0024411	-0.0021878	-0.0019160	-0.0016243	-0.0013170	-0.0009886	-0.0006545	-0.0003142	+0.0000248	+0.0003498	+0.0006495	+0.0009297	+0.0011885	+0.0014206	+0.0016357	+0.0018236	+0.0020201	+0.0022015
2012-10	0.026	-0.0030680	-0.0028562	-0.0026167	-0.0023738	-0.0021134	-0.0018343	-0.0015353	-0.0012284	-0.0009054	-0.0005639	-0.0002193	+0.0001234	+0.0004453	+0.0007419	+0.0010143	+0.0012700	+0.0015034	+0.0017224	+0.0019230	+0.0021149	+0.0022916
2012-11	0.090	-0.0029977	-0.0027858	-0.0025461	-0.0023082	-0.0020532	-0.0017952	-0.0015005	-0.0011760	-0.0008552	-0.0005168	-0.0001718	+0.0001688	+0.0004895	+0.0007961	+0.0010734	+0.0013204	+0.0015536	+0.0017686	+0.0019635	+0.0021417	+0.0022968
2012-12	0.117	-0.0027307	-0.0025017	-0.0022499	-0.0019847	-0.0016944	-0.0013960	-0.0010788	-0.0007435	-0.0003913	-0.0000309	+0.0003406	+0.0007063	+0.0010553	+0.0013711	+0.0016689	+0.0019326	+0.0021688	+0.0023905	+0.0026050	+0.0028011	+0.0029653
2013-01	0.269	-0.0015012	-0.0012759	-0.0010331	-0.0007692	-0.0004918	-0.0001792	+0.0001518	+0.0004917	+0.0008527	+0.0012188	+0.0015937	+0.0019600	+0.0023120	+0.0026360	+0.0029392	+0.0032279	+0.0034817	+0.0037366	+0.0039473	+0.0041737	+0.0043564
2013-02	0.337	-0.0008234	-0.0004318	+0.0000150	+0.0004543	+0.0008964	+0.0013280	+0.0017621	+0.0021971	+0.0026390	+0.0031217	+0.0036312	+0.0041777	+0.0047316	+0.0052868	+0.0058124	+0.0063131	+0.0068198	+0.0073009	+0.0077329	+0.0081440	+0.0085501
2013-03	0.247	-0.0013623	-0.0007764	-0.0001367	+0.0006497	+0.0014178	+0.0020684	+0.0026674	+0.0032657	+0.0038964	+0.0045771	+0.0052602	+0.0059528	+0.0066283	+0.0072607	+0.0078985	+0.0085032	+0.0090496	+0.0096075	+0.0100000	+0.0100000	+0.0100000
2013-04	0.575	-0.0032916	-0.0025873	-0.0017455	-0.0005120	+0.0014726	+0.0039926	+0.0049857	+0.0058052	+0.0066142	+0.0074335	+0.0082773	+0.0091524	+0.0100000	+0.0100000	+0.0100000	+0.0100000	+0.0100000	+0.0100000	+0.0100000	+0.0100000	+0.0100000
2013-05	0.228	-0.0026098	-0.0017192	-0.0007195	+0.0005767	+0.0026382	+0.0044708	+0.0056572	+0.0066550	+0.0076173	+0.0086073	+0.0096199	+0.0100000	+0.0100000	+0.0100000	+0.0100000	+0.0100000	+0.0100000	+0.0100000	+0.0100000	+0.0100000	+0.0100000
2013-06	-0.156	-0.0045626	-0.0033160	-0.0018436	+0.0000474	+0.0031524	+0.0061999	+0.0078029	+0.0091049	+0.0100000	+0.0100000	+0.0100000	+0.0100000	+0.0100000	+0.0100000	+0.0100000	+0.0100000	+0.0100000	+0.0100000	+0.0100000	+0.0100000	+0.0100000
2013-07	-0.220	-0.0047031	-0.0033331	-0.0019289	-0.0002666	+0.0022523	+0.0044564	+0.0063360	+0.0079025	+0.0093837	+0.0100000	+0.0100000	+0.0100000	+0.0100000	+0.0100000	+0.0100000	+0.0100000	+0.0100000	+0.0100000	+0.0100000	+0.0100000	+0.0100000
2013-08	-0.122	-0.0060827	-0.0050506	-0.0035185	-0.0017184	+0.0003169	+0.0023034	+0.0040605	+0.0057266	+0.0073390	+0.0089885	+0.0100000	+0.0100000	+0.0100000	+0.0100000	+0.0100000	+0.0100000	+0.0100000	+0.0100000	+0.0100000	+0.0100000	+0.0100000
2013-09	0.130	-0.0077104	-0.0067843	-0.0058047	-0.0046384	-0.0033254	-0.0018715	-0.0003839	+0.0012114	+0.0028992	+0.0046976	+0.0065526	+0.0084193	+0.0100000	+0.0100000	+0.0100000	+0.0100000	+0.0100000	+0.0100000	+0.0100000	+0.0100000	+0.0100000
2013-10	-0.124	-0.0073423	-0.0065967	-0.0056576	-0.0045955	-0.0034556	-0.0021781	-0.0007777	+0.0007381	+0.0023469	+0.0040847	+0.0058989	+0.0077020	+0.0094674	+0.0100000	+0.0100000	+0.0100000	+0.0100000	+0.0100000	+0.0100000	+0.0100000	+0.0100000
2013-11	0.071	-0.0076190	-0.0069234	-0.0062303	-0.0055005	-0.0046010	-0.0036368	-0.0025986	-0.0013978	-0.0000837	+0.0013860	+0.0029070	+0.0044873	+0.0060879	+0.0076483	+0.0092264	+0.0100000	+0.0100000	+0.0100000	+0.0100000	+0.0100000	+0.0100000
2013-12	0.130	-0.0085133	-0.0080046	-0.0073739	-0.0066968	-0.0059177	-0.0050342	-0.0040244	-0.0029011	-0.0015762	-0.0001314	+0.0013923	+0.0030356	+0.0046779	+0.0062771	+0.0078338	+0.0093377	+0.0100000	+0.0100000	+0.0100000	+0.0100000	+0.0100000
2014-01	-0.063	-0.0089049	-0.0084986	-0.0080266	-0.0074597	-0.0068433	-0.0061396	-0.0053775	-0.0045443	-0.0036601	-0.0027331	-0.0017879	-0.0008514	+0.0000476	+0.0009080	+0.0016985	+0.0024511	+0.0031993	+0.0039243	+0.0045543	+0.0051913	+0.0059057
2014-02	-0.021	-0.0087863	-0.0083705	-0.0078911	-0.0073030	-0.0066819	-0.0059656	-0.0052044	-0.0043712	-0.0034604	-0.0025155	-0.0015442	-0.0006036	+0.0003031	+0.0011529	+0.0019693	+0.0027153	+0.0034472	+0.0040874	+0.0047515	+0.0053675	+0.0060461
2014-03	-0.116	-0.0086671	-0.0081791	-0.0076235	-0.0069711	-0.0063055	-0.0055955	-0.0047843	-0.0039398	-0.0030446	-0.0021186	-0.0011781	-0.0002427	+0.0006540	+0.0015129	+0.0022855	+0.0030064	+0.0036910	+0.0043350	+0.0049957	+0.0055836	+0.0062978
2014-04	-0.016	-0.0053323	-0.0049004	-0.0044454	-0.0039310	-0.0034397	-0.0028778	-0.0022645	-0.0016358	-0.0009449	-0.0002312	+0.0004911	+0.0012004	+0.0018888	+0.0025414	+0.0031444	+0.0037080	+0.0042141	+0.0046891	+0.0051305	+0.0055176	+0.0059308
2014-05	0.130	-0.0057896	-0.0054395	-0.0050565	-0.0046734	-0.0042519	-0.0037801	-0.0032767	-0.0027398	-0.0021611	-0.0015408	-0.0008993	-0.0002450	+0.0003673	+0.0009380	+0.0014716	+0.0019551	+0.0024090	+0.0028512	+0.0032793	+0.0036668	+0.0040308
2014-06	0.009	-0.0060298	-0.0056718	-0.0053114	-0.0048894	-0.0044714	-0.0040169	-0.0034845	-0.0029449	-0.0023489	-0.0017205	-0.0010843	-0.0004354	+0.0001907	+0.0007794	+0.0013398	+0.0018655	+0.0023593	+0.0027839	+0.0031931	+0.0035355	+0.0039203
2014-07	-0.059	-0.0042150	-0.0038392	-0.0034489	-0.0030505	-0.0025840	-0.0020750	-0.0015314	-0.0009427	-0.0003115	+0.0003710	+0.0010901	+0.0018140	+0.0025239	+0.0032237	+0.0038740	+0.0044904	+0.0050837	+0.0056081	+0.0060980	+0.0066166	+0.0070588
2014-08	-0.063	-0.0049404	-0.0046567	-0.0043376	-0.0039729	-0.0035965	-0.0031839	-0.0027238	-0.0022160	-0.0016403	-0.0010019	-0.0003263	+0.0003591	+0.0010774	+0.0017722	+0.0024308	+0.0030533	+0.0036936	+0.0042910	+0.0048376	+0.0053691	+0.0058577
2014-09	-0.043	-0.0055990	-0.0053276	-0.0050522	-0.0047418	-0.0044120	-0.0040501	-0.0036393	-0.0031584	-0.0026247	-0.0020130	-0.0013511	-0.0006559	+0.0000692	+0.0007828	+0.0014485	+0.0020854	+0.0027185	+0.0032943	+0.0038341	+0.0043479	+0.0048220
2014-10	-0.127	-0.0052263	-0.0049812	-0.0047265	-0.0044477	-0.0041361	-0.0037734	-0.0033679	-0.0029205	-0.0024011	-0.0018311	-0.0011946	-0.0005326	+0.0001697	+0.0008471	+0.0015164	+0.0021585	+0.0027830	+0.0033933	+0.0039743	+0.0044800	+0.0049725
2014-11	0.028	-0.0062325	-0.0059658	-0.0056703	-0.0053515	-0.0050184	-0.0046359	-0.0042114	-0.0037505	-0.0031998	-0.0025905	-0.0019280	-0.0012493	-0.0005513	+0.0001479	+0.0008128	+0.0014590	+0.0020499	+0.0026263	+0.0031860	+0.0037141	+0.0042018
2014-12	-0.028	-0.0052904	-0.0049661	-0.0046617	-0.0043267	-0.0039593	-0.0035609	-0.0031336	-0.0026349	-0.0020890	-0.0015010	-0.0008744	-0.0001987	+0.0005065	+0.0011749	+0.0018126	+0.0024395	+0.0030434	+0.0036208	+0.0041650	+0.0047071	+0.0052681
2015-01	-0.049	-0.0052926	-0.0049726	-0.0046323	-0.0042470	-0.0038554	-0.0034531	-0.0030300	-0.0025418	-0.0019950	-0.0013962	-0.0007396	-0.0000576	+0.0006264	+0.0012897	+0.0019496	+0.0025822	+0.0031729	+0.0037351	+0.0042576	+0.0048031	+0.0053657
2015-02	-0.029	-0.0058481	-0.0055903	-0.0052886	-0.0050035	-0.0047175	-0.0044148	-0.0040830	-0.0037318	-0.0033628	-0.0029710	-0.0025931	-0.0022120	-0.0018427	-0.0014759	-0.0011203	-0.0007636	-0.0004097	-0.0000833	+0.0002352	+0.0005393	+0.0008143
