2012-09	-0.010	-0.0019145	-0.0017589	-0.0015832	-0.0014067	-0.0012109	-0.0010142	-0.0007974	-0.0005651	-0.0003255	-0.0000804	+0.0001650	+0.0004098	+0.0006442	+0.0008642	+0.0010644	+0.0012573	+0.0014343	+0.0015954	+0.0017463	+0.0018906	+0.0020408
2012-10	0.047	-0.0019289	-0.0017754	-0.0016186	-0.0014728	-0.0013053	-0.0011311	-0.0009376	-0.0007311	-0.0005145	-0.0002890	-0.0000658	+0.0001567	+0.0003698	+0.0005717	+0.0007614	+0.0009291	+0.0010882	+0.0012346	+0.0013732	+0.0014966	+0.0016071
2012-11	0.004	-0.0019058	-0.0017741	-0.0016321	-0.0014789	-0.0013209	-0.0011523	-0.0009788	-0.0007920	-0.0005954	-0.0003904	-0.0001862	+0.0000116	+0.0002060	+0.0003850	+0.0005467	+0.0007010	+0.0008399	+0.0009635	+0.0010775	+0.0011860	+0.0012890
2012-12	0.072	-0.0018451	-0.0017033	-0.0015539	-0.0013967	-0.0012301	-0.0010579	-0.0008674	-0.0006769	-0.0004767	-0.0002732	-0.0000698	+0.0001300	+0.0003186	+0.0004938	+0.0006516	+0.0007963	+0.0009231	+0.0010422	+0.0011478	+0.0012473	+0.0013492
2013-01	0.024	-0.0010607	-0.0009361	-0.0008065	-0.0006705	-0.0005295	-0.0003717	-0.0002014	-0.0000258	+0.0001620	+0.0003527	+0.0005416	+0.0007279	+0.0008993	+0.0010598	+0.0012063	+0.0013407	+0.0014620	+0.0015711	+0.0016795	+0.0017758	+0.0018658
2013-02	0.007	-0.0007126	-0.0005327	-0.0003437	-0.0001362	+0.0000734	+0.0002797	+0.0004729	+0.0006616	+0.0008524	+0.0010500	+0.0012564	+0.0014618	+0.0016711	+0.0018704	+0.0020600	+0.0022329	+0.0024008	+0.0025544	+0.0026973	+0.0028269	+0.0029666
2013-03	0.048	-0.0009832	-0.0007897	-0.0005673	-0.0003318	-0.0000942	+0.0001198	+0.0003125	+0.0005096	+0.0007014	+0.0008992	+0.0010985	+0.0013039	+0.0015100	+0.0017110	+0.0019020	+0.0020831	+0.0022470	+0.0024110	+0.0025648	+0.0027194	+0.0028651
2013-04	0.077	-0.0008542	-0.0006836	-0.0004840	-0.0002399	+0.0000245	+0.0002542	+0.0004551	+0.0006468	+0.0008353	+0.0010352	+0.0012421	+0.0014465	+0.0016466	+0.0018428	+0.0020304	+0.0022098	+0.0023770	+0.0025286	+0.0026721	+0.0028171	+0.0029413
2013-05	0.083	-0.0009065	-0.0006960	-0.0004744	-0.0001542	+0.0002682	+0.0006871	+0.0009885	+0.0012436	+0.0014816	+0.0017172	+0.0019668	+0.0022191	+0.0024597	+0.0026922	+0.0029065	+0.0031178	+0.0033122	+0.0034893	+0.0036503	+0.0038248	+0.0039654
2013-06	-0.058	-0.0011993	-0.0009708	-0.0006856	-0.0002974	+0.0003062	+0.0009159	+0.0012955	+0.0015925	+0.0018704	+0.0021481	+0.0024285	+0.0027067	+0.0029777	+0.0032371	+0.0034764	+0.0037029	+0.0039078	+0.0041061	+0.0042817	+0.0044540	+0.0046151
2013-07	0.010	-0.0017263	-0.0014091	-0.0011201	-0.0008087	-0.0004837	-0.0001243	+0.0002448	+0.0006316	+0.0010266	+0.0014139	+0.0017997	+0.0021764	+0.0025216	+0.0028458	+0.0031471	+0.0034275	+0.0036698	+0.0038951	+0.0041035	+0.0043149	+0.0044899
2013-08	-0.083	-0.0017959	-0.0014663	-0.0011398	-0.0007727	-0.0004276	-0.0000681	+0.0002954	+0.0006890	+0.0010914	+0.0014873	+0.0018804	+0.0022525	+0.0026034	+0.0029353	+0.0032443	+0.0035177	+0.0037662	+0.0040047	+0.0042160	+0.0044054	+0.0045925
2013-09	0.057	-0.0024740	-0.0022557	-0.0019891	-0.0017262	-0.0014364	-0.0011180	-0.0008057	-0.0004606	-0.0000894	+0.0002746	+0.0006653	+0.0010531	+0.0014277	+0.0017850	+0.0021285	+0.0024388	+0.0027289	+0.0029960	+0.0032277	+0.0034479	+0.0036572
2013-10	0.048	-0.0022200	-0.0020129	-0.0017952	-0.0015457	-0.0012841	-0.0009905	-0.0006649	-0.0003174	+0.0000519	+0.0004377	+0.0008380	+0.0012298	+0.0016080	+0.0019666	+0.0023069	+0.0026292	+0.0029198	+0.0032009	+0.0034640	+0.0037082	+0.0039360
2013-11	0.007	-0.0021977	-0.0019782	-0.0017286	-0.0014920	-0.0012241	-0.0009225	-0.0006128	-0.0002759	+0.0000816	+0.0004495	+0.0008351	+0.0012177	+0.0015827	+0.0019400	+0.0022667	+0.0025795	+0.0028585	+0.0031075	+0.0033350	+0.0035478	+0.0037324
2013-12	0.037	-0.0023548	-0.0021759	-0.0019542	-0.0017441	-0.0014996	-0.0012384	-0.0009500	-0.0006539	-0.0003288	+0.0000140	+0.0003579	+0.0007000	+0.0010342	+0.0013438	+0.0016416	+0.0019222	+0.0021664	+0.0023936	+0.0026191	+0.0028148	+0.0029980
2014-01	-0.066	-0.0025062	-0.0022971	-0.0020834	-0.0018696	-0.0016494	-0.0014192	-0.0011704	-0.0009046	-0.0006191	-0.0003261	-0.0000316	+0.0002601	+0.0005434	+0.0008158	+0.0010717	+0.0012943	+0.0015079	+0.0017108	+0.0018828	+0.0020684	+0.0022338
2014-02	0.025	-0.0019110	-0.0017402	-0.0015527	-0.0013688	-0.0011824	-0.0009852	-0.0007744	-0.0005518	-0.0003111	-0.0000633	+0.0001908	+0.0004416	+0.0006822	+0.0009222	+0.0011358	+0.0013370	+0.0015213	+0.0016951	+0.0018558	+0.0019982	+0.0021318
2014-03	0.019	-0.0019365	-0.0018019	-0.0016567	-0.0014946	-0.0013156	-0.0011339	-0.0009375	-0.0007188	-0.0004895	-0.0002500	-0.0000034	+0.0002395	+0.0004754	+0.0006985	+0.0009133	+0.0011084	+0.0012885	+0.0014510	+0.0016005	+0.0017500	+0.0019059
2014-04	0.000	-0.0014174	-0.0012813	-0.0011324	-0.0009755	-0.0008095	-0.0006318	-0.0004462	-0.0002486	-0.0000399	+0.0001727	+0.0003936	+0.0006089	+0.0008190	+0.0010178	+0.0012035	+0.0013817	+0.0015362	+0.0016876	+0.0018263	+0.0019691	+0.0021038
2014-05	0.010	-0.0010474	-0.0009039	-0.0007555	-0.0006092	-0.0004505	-0.0002919	-0.0001350	+0.0000329	+0.0002067	+0.0003803	+0.0005497	+0.0007136	+0.0008630	+0.0010005	+0.0011259	+0.0012394	+0.0013432	+0.0014330	+0.0015187	+0.0015933	+0.0016644
2014-06	0.005	-0.0009385	-0.0008265	-0.0007141	-0.0005936	-0.0004573	-0.0003187	-0.0001735	-0.0000227	+0.0001378	+0.0002952	+0.0004584	+0.0006122	+0.0007525	+0.0008794	+0.0009957	+0.0011009	+0.0011987	+0.0012872	+0.0013633	+0.0014289	+0.0014964
2014-07	0.019	-0.0009606	-0.0008580	-0.0007565	-0.0006344	-0.0005116	-0.0003827	-0.0002477	-0.0001080	+0.0000357	+0.0001841	+0.0003334	+0.0004742	+0.0006052	+0.0007273	+0.0008361	+0.0009337	+0.0010222	+0.0010990	+0.0011765	+0.0012406	+0.0012962
2014-08	0.016	-0.0010128	-0.0009198	-0.0008203	-0.0007043	-0.0005861	-0.0004669	-0.0003372	-0.0002025	-0.0000681	+0.0000674	+0.0002016	+0.0003319	+0.0004467	+0.0005516	+0.0006445	+0.0007289	+0.0008038	+0.0008743	+0.0009393	+0.0009959	+0.0010508
2014-09	-0.003	-0.0007498	-0.0006465	-0.0005496	-0.0004606	-0.0003602	-0.0002463	-0.0001342	-0.0000180	+0.0001074	+0.0002296	+0.0003468	+0.0004572	+0.0005598	+0.0006510	+0.0007341	+0.0008094	+0.0008775	+0.0009395	+0.0009993	+0.0010485	+0.0010989
2014-10	-0.014	-0.0004154	-0.0003348	-0.0002448	-0.0001341	-0.0000042	+0.0001224	+0.0002221	+0.0003087	+0.0003940	+0.0004761	+0.0005566	+0.0006359	+0.0007137	+0.0007885	+0.0008599	+0.0009247	+0.0009838	+0.0010392	+0.0010904	+0.0011384	+0.0011871
2014-11	0.040	-0.0008370	-0.0007538	-0.0006692	-0.0005751	-0.0004751	-0.0003666	-0.0002548	-0.0001410	-0.0000245	+0.0000937	+0.0002085	+0.0003181	+0.0004190	+0.0005118	+0.0005954	+0.0006678	+0.0007349	+0.0007963	+0.0008537	+0.0009052	+0.0009528
2014-12	-0.051	-0.0008157	-0.0007152	-0.0006115	-0.0005040	-0.0003958	-0.0002760	-0.0001429	-0.0000055	+0.0001373	+0.0002841	+0.0004352	+0.0005827	+0.0007228	+0.0008650	+0.0010002	+0.0011260	+0.0012445	+0.0013530	+0.0014534	+0.0015483	+0.0016474
2015-01	-0.033	-0.0018304	-0.0016867	-0.0015376	-0.0013676	-0.0011961	-0.0010121	-0.0008279	-0.0006222	-0.0004201	-0.0002130	-0.0000060	+0.0001966	+0.0003834	+0.0005624	+0.0007200	+0.0008747	+0.0010182	+0.0011529	+0.0012769	+0.0013997	+0.0015014
2015-02	-0.002	-0.0019453	-0.0017833	-0.0016373	-0.0014666	-0.0012924	-0.0011157	-0.0009306	-0.0007415	-0.0005441	-0.0003434	-0.0001352	+0.0000719	+0.0002727	+0.0004561	+0.0006321	+0.0007966	+0.0009473	+0.0010888	+0.0012174	+0.0013467	+0.0014600
