2014-02	0.006	-0.0009922	-0.0008653	-0.0007284	-0.0006059	-0.0004910	-0.0003552	-0.0002032	-0.0000357	+0.0001490	+0.0003528	+0.0005624	+0.0007690	+0.0009739	+0.0011706	+0.0013531	+0.0015267	+0.0016782	+0.0018332	+0.0019633	+0.0020770	+0.0021870
2014-03	0.004	-0.0012745	-0.0011694	-0.0010581	-0.0009470	-0.0008126	-0.0006726	-0.0005076	-0.0003231	-0.0001275	+0.0000798	+0.0002891	+0.0004998	+0.0007075	+0.0008998	+0.0010758	+0.0012456	+0.0014119	+0.0015591	+0.0016931	+0.0018065	+0.0019192
2014-04	-0.040	-0.0015988	-0.0014859	-0.0013566	-0.0012188	-0.0010831	-0.0009094	-0.0007325	-0.0005385	-0.0003259	-0.0000946	+0.0001419	+0.0003786	+0.0006062	+0.0008226	+0.0010234	+0.0012090	+0.0013791	+0.0015270	+0.0016766	+0.0017798	+0.0018998
2014-05	0.026	-0.0018279	-0.0017589	-0.0016555	-0.0015193	-0.0013727	-0.0011955	-0.0010030	-0.0007693	-0.0005254	-0.0002578	+0.0000168	+0.0003072	+0.0005960	+0.0008605	+0.0011032	+0.0013143	+0.0015095	+0.0017126	+0.0018854	+0.0020180	+0.0021272
2014-06	0.034	-0.0016937	-0.0016107	-0.0015037	-0.0014003	-0.0012774	-0.0011435	-0.0009895	-0.0007968	-0.0005935	-0.0003666	-0.0001425	+0.0001014	+0.0003424	+0.0005695	+0.0007747	+0.0009749	+0.0011607	+0.0013349	+0.0014725	+0.0016349	+0.0017811
2014-07	0.030	-0.0018817	-0.0017946	-0.0016932	-0.0015754	-0.0014556	-0.0013202	-0.0011634	-0.0009804	-0.0007820	-0.0005649	-0.0003217	-0.0000794	+0.0001522	+0.0003786	+0.0005961	+0.0007901	+0.0009715	+0.0011491	+0.0012990	+0.0014269	+0.0015918
2014-08	-0.020	-0.0015904	-0.0014906	-0.0013913	-0.0012798	-0.0011497	-0.0010083	-0.0008490	-0.0006752	-0.0004875	-0.0002844	-0.0000753	+0.0001368	+0.0003327	+0.0005261	+0.0006995	+0.0008737	+0.0010229	+0.0011518	+0.0012769	+0.0014028	+0.0014922
2014-09	0.033	-0.0011405	-0.0010559	-0.0009550	-0.0008444	-0.0007226	-0.0005877	-0.0004435	-0.0002905	-0.0001299	+0.0000459	+0.0002229	+0.0003953	+0.0005663	+0.0007222	+0.0008638	+0.0009902	+0.0011143	+0.0012333	+0.0013337	+0.0014344	+0.0015194
2014-10	0.007	-0.0006967	-0.0006086	-0.0005200	-0.0004251	-0.0003214	-0.0002131	-0.0000975	+0.0000278	+0.0001637	+0.0003047	+0.0004519	+0.0005987	+0.0007391	+0.0008712	+0.0009912	+0.0010957	+0.0012020	+0.0012912	+0.0013691	+0.0014473	+0.0015213
2014-11	0.030	-0.0005545	-0.0004575	-0.0003677	-0.0002790	-0.0001872	-0.0000868	+0.0000250	+0.0001398	+0.0002587	+0.0003902	+0.0005198	+0.0006486	+0.0007767	+0.0008988	+0.0010119	+0.0011153	+0.0012090	+0.0012986	+0.0013833	+0.0014513	+0.0015292
2014-12	-0.006	-0.0000775	-0.0000029	+0.0000603	+0.0001284	+0.0002036	+0.0002795	+0.0003614	+0.0004481	+0.0005401	+0.0006430	+0.0007484	+0.0008539	+0.0009578	+0.0010552	+0.0011501	+0.0012390	+0.0013223	+0.0013966	+0.0014638	+0.0015336	+0.0015969
2015-01	0.013	-0.0000871	-0.0000131	+0.0000758	+0.0001484	+0.0002352	+0.0003196	+0.0004081	+0.0005110	+0.0006127	+0.0007215	+0.0008374	+0.0009544	+0.0010645	+0.0011672	+0.0012633	+0.0013505	+0.0014339	+0.0015066	+0.0015820	+0.0016432	+0.0017003
2015-02	0.001	-0.0003901	-0.0002813	-0.0001788	-0.0000717	+0.0000197	+0.0001027	+0.0001829	+0.0002731	+0.0003681	+0.0004651	+0.0005692	+0.0006753	+0.0007830	+0.0008853	+0.0009740	+0.0010637	+0.0011456	+0.0012247	+0.0012965	+0.0013572	+0.0014264
