2011-09	0.002	-0.0000683	-0.0000491	-0.0000262	+0.0000002	+0.0000255	+0.0000532	+0.0000845	+0.0001183	+0.0001541	+0.0001921	+0.0002301	+0.0002689	+0.0003056	+0.0003400	+0.0003730	+0.0004005	+0.0004260	+0.0004485	+0.0004722	+0.0004912	+0.0005043
2011-10	-0.000	-0.0000195	+0.0000092	+0.0000404	+0.0000769	+0.0001119	+0.0001455	+0.0001760	+0.0002047	+0.0002338	+0.0002631	+0.0002926	+0.0003215	+0.0003493	+0.0003763	+0.0004005	+0.0004224	+0.0004424	+0.0004623	+0.0004803	+0.0004956	+0.0005073
2011-11	-0.002	-0.0000574	-0.0000288	+0.0000154	+0.0000776	+0.0001305	+0.0001618	+0.0001881	+0.0002138	+0.0002400	+0.0002667	+0.0002933	+0.0003211	+0.0003476	+0.0003731	+0.0003984	+0.0004212	+0.0004406	+0.0004607	+0.0004760	+0.0004916	+0.0005049
2011-12	0.010	-0.0001181	-0.0000961	-0.0000621	+0.0000126	+0.0000724	+0.0001017	+0.0001250	+0.0001498	+0.0001744	+0.0002001	+0.0002274	+0.0002553	+0.0002840	+0.0003119	+0.0003380	+0.0003621	+0.0003870	+0.0004078	+0.0004286	+0.0004482	+0.0004675
2012-01	0.003	-0.0000703	-0.0000491	-0.0000218	+0.0000171	+0.0000462	+0.0000695	+0.0000894	+0.0001082	+0.0001269	+0.0001452	+0.0001639	+0.0001827	+0.0002002	+0.0002169	+0.0002323	+0.0002467	+0.0002593	+0.0002706	+0.0002838	+0.0002974	+0.0003102
2012-02	0.001	-0.0000302	-0.0000110	+0.0000072	+0.0000257	+0.0000438	+0.0000599	+0.0000776	+0.0000948	+0.0001134	+0.0001328	+0.0001525	+0.0001712	+0.0001899	+0.0002078	+0.0002251	+0.0002407	+0.0002554	+0.0002688	+0.0002815	+0.0002928	+0.0003035
2012-03	-0.001	-0.0000682	-0.0000512	-0.0000270	-0.0000012	+0.0000244	+0.0000436	+0.0000607	+0.0000770	+0.0000925	+0.0001094	+0.0001279	+0.0001466	+0.0001648	+0.0001839	+0.0002010	+0.0002166	+0.0002321	+0.0002470	+0.0002607	+0.0002722	+0.0002834
2012-04	0.010	-0.0000833	-0.0000662	-0.0000473	-0.0000267	-0.0000065	+0.0000099	+0.0000249	+0.0000399	+0.0000540	+0.0000686	+0.0000825	+0.0000964	+0.0001094	+0.0001216	+0.0001332	+0.0001443	+0.0001550	+0.0001650	+0.0001752	+0.0001840	+0.0001918
2012-05	0.005	-0.0000681	-0.0000562	-0.0000428	-0.0000274	-0.0000120	+0.0000031	+0.0000188	+0.0000338	+0.0000484	+0.0000632	+0.0000781	+0.0000928	+0.0001072	+0.0001206	+0.0001334	+0.0001451	+0.0001560	+0.0001670	+0.0001763	+0.0001863	+0.0001938
2012-06	0.002	-0.0000290	-0.0000175	-0.0000061	+0.0000059	+0.0000189	+0.0000334	+0.0000483	+0.0000644	+0.0000813	+0.0001000	+0.0001200	+0.0001393	+0.0001599	+0.0001797	+0.0001978	+0.0002161	+0.0002332	+0.0002483	+0.0002632	+0.0002749	+0.0002886
2012-07	0.003	-0.0000521	-0.0000301	-0.0000090	+0.0000105	+0.0000285	+0.0000467	+0.0000663	+0.0000864	+0.0001070	+0.0001296	+0.0001528	+0.0001753	+0.0001972	+0.0002182	+0.0002372	+0.0002554	+0.0002722	+0.0002892	+0.0003035	+0.0003176	+0.0003314
2012-08	-0.001	-0.0000821	-0.0000569	-0.0000250	+0.0000097	+0.0000388	+0.0000646	+0.0000866	+0.0001080	+0.0001296	+0.0001519	+0.0001741	+0.0001955	+0.0002159	+0.0002347	+0.0002521	+0.0002686	+0.0002836	+0.0002969	+0.0003106	+0.0003210	+0.0003312
2012-09	0.003	-0.0000651	-0.0000415	-0.0000187	+0.0000028	+0.0000250	+0.0000462	+0.0000670	+0.0000899	+0.0001117	+0.0001346	+0.0001580	+0.0001808	+0.0002030	+0.0002243	+0.0002440	+0.0002613	+0.0002782	+0.0002926	+0.0003060	+0.0003166	+0.0003289
2012-10	0.000	-0.0000648	-0.0000459	-0.0000229	-0.0000025	+0.0000195	+0.0000407	+0.0000612	+0.0000840	+0.0001071	+0.0001312	+0.0001558	+0.0001800	+0.0002024	+0.0002240	+0.0002435	+0.0002612	+0.0002776	+0.0002916	+0.0003062	+0.0003186	+0.0003294
2012-11	0.005	-0.0000528	-0.0000322	-0.0000150	+0.0000055	+0.0000249	+0.0000448	+0.0000650	+0.0000860	+0.0001069	+0.0001303	+0.0001539	+0.0001770	+0.0001992	+0.0002205	+0.0002397	+0.0002582	+0.0002755	+0.0002906	+0.0003048	+0.0003169	+0.0003278
2012-12	-0.005	-0.0000943	-0.0000759	-0.0000461	-0.0000182	+0.0000067	+0.0000285	+0.0000463	+0.0000644	+0.0000830	+0.0001023	+0.0001221	+0.0001420	+0.0001608	+0.0001795	+0.0001969	+0.0002131	+0.0002287	+0.0002419	+0.0002545	+0.0002655	+0.0002775
2013-01	0.005	-0.0000483	-0.0000358	-0.0000225	-0.0000100	+0.0000036	+0.0000176	+0.0000323	+0.0000478	+0.0000631	+0.0000791	+0.0000953	+0.0001113	+0.0001262	+0.0001406	+0.0001537	+0.0001652	+0.0001768	+0.0001873	+0.0001971	+0.0002058	+0.0002139
2013-02	0.005	-0.0000578	-0.0000466	-0.0000341	-0.0000241	-0.0000123	-0.0000006	+0.0000118	+0.0000238	+0.0000370	+0.0000502	+0.0000634	+0.0000759	+0.0000877	+0.0000989	+0.0001097	+0.0001186	+0.0001270	+0.0001346	+0.0001415	+0.0001471	+0.0001537
2013-03	0.004	-0.0000538	-0.0000466	-0.0000393	-0.0000300	-0.0000204	-0.0000104	+0.0000008	+0.0000132	+0.0000267	+0.0000404	+0.0000543	+0.0000679	+0.0000806	+0.0000925	+0.0001033	+0.0001135	+0.0001225	+0.0001305	+0.0001374	+0.0001444	+0.0001498
2013-04	-0.006	-0.0000233	-0.0000152	-0.0000052	+0.0000039	+0.0000160	+0.0000279	+0.0000406	+0.0000543	+0.0000697	+0.0000854	+0.0001018	+0.0001182	+0.0001344	+0.0001503	+0.0001656	+0.0001788	+0.0001917	+0.0002034	+0.0002139	+0.0002246	+0.0002327
2013-05	-0.015	-0.0000751	-0.0000555	-0.0000413	-0.0000257	-0.0000107	+0.0000056	+0.0000224	+0.0000394	+0.0000582	+0.0000794	+0.0001005	+0.0001222	+0.0001441	+0.0001641	+0.0001835	+0.0002010	+0.0002174	+0.0002335	+0.0002484	+0.0002631	+0.0002742
2013-06	0.005	-0.0003369	-0.0003058	-0.0002801	-0.0002559	-0.0002201	-0.0001781	-0.0001366	-0.0001002	-0.0000615	-0.0000173	+0.0000267	+0.0000638	+0.0000945	+0.0001205	+0.0001434	+0.0001634	+0.0001826	+0.0001982	+0.0002138	+0.0002276	+0.0002407
2013-07	0.006	-0.0004645	-0.0004372	-0.0004048	-0.0003700	-0.0003336	-0.0002914	-0.0002476	-0.0001964	-0.0001524	-0.0001011	-0.0000512	+0.0000009	+0.0000471	+0.0000877	+0.0001197	+0.0001534	+0.0001821	+0.0002045	+0.0002262	+0.0002470	+0.0002688
2013-08	0.003	-0.0004182	-0.0003936	-0.0003662	-0.0003333	-0.0002966	-0.0002603	-0.0002205	-0.0001771	-0.0001326	-0.0000843	-0.0000339	+0.0000120	+0.0000560	+0.0000955	+0.0001317	+0.0001643	+0.0001920	+0.0002182	+0.0002412	+0.0002568	+0.0002685
2013-09	0.003	-0.0004014	-0.0003710	-0.0003422	-0.0003107	-0.0002785	-0.0002379	-0.0001960	-0.0001507	-0.0001035	-0.0000550	-0.0000037	+0.0000430	+0.0000860	+0.0001272	+0.0001671	+0.0001977	+0.0002211	+0.0002398	+0.0002544	+0.0002674	+0.0002774
2013-10	0.005	-0.0004104	-0.0003773	-0.0003475	-0.0003176	-0.0002818	-0.0002427	-0.0002019	-0.0001572	-0.0001125	-0.0000650	-0.0000182	+0.0000257	+0.0000667	+0.0001077	+0.0001429	+0.0001705	+0.0001914	+0.0002072	+0.0002219	+0.0002329	+0.0002424
2013-11	-0.000	-0.0003980	-0.0003686	-0.0003393	-0.0003026	-0.0002659	-0.0002265	-0.0001828	-0.0001407	-0.0000970	-0.0000451	+0.0000041	+0.0000476	+0.0000845	+0.0001289	+0.0001766	+0.0001965	+0.0002101	+0.0002214	+0.0002307	+0.0002393	+0.0002465
2013-12	-0.005	-0.0002344	-0.0002092	-0.0001819	-0.0001465	-0.0001140	-0.0000860	-0.0000580	-0.0000217	+0.0000275	+0.0000577	+0.0000849	+0.0001320	+0.0001727	+0.0001910	+0.0002045	+0.0002152	+0.0002243	+0.0002327	+0.0002396	+0.0002464	+0.0002514
2014-01	0.007	-0.0000833	-0.0000635	-0.0000461	-0.0000267	-0.0000053	+0.0000183	+0.0000407	+0.0000674	+0.0000935	+0.0001195	+0.0001421	+0.0001610	+0.0001775	+0.0001912	+0.0002030	+0.0002129	+0.0002224	+0.0002311	+0.0002393	+0.0002462	+0.0002517
2014-02	0.002	-0.0000488	-0.0000339	-0.0000168	+0.0000009	+0.0000188	+0.0000360	+0.0000536	+0.0000706	+0.0000877	+0.0001053	+0.0001224	+0.0001385	+0.0001536	+0.0001672	+0.0001797	+0.0001901	+0.0001994	+0.0002074	+0.0002138	+0.0002202	+0.0002259
2014-03	-0.002	-0.0000455	-0.0000292	-0.0000139	+0.0000001	+0.0000144	+0.0000301	+0.0000456	+0.0000604	+0.0000763	+0.0000924	+0.0001081	+0.0001238	+0.0001381	+0.0001516	+0.0001642	+0.0001746	+0.0001849	+0.0001936	+0.0002013	+0.0002081	+0.0002142
2014-04	0.001	-0.0000537	-0.0000376	-0.0000229	-0.0000086	+0.0000059	+0.0000210	+0.0000351	+0.0000502	+0.0000649	+0.0000800	+0.0000953	+0.0001100	+0.0001243	+0.0001373	+0.0001490	+0.0001602	+0.0001697	+0.0001781	+0.0001861	+0.0001929	+0.0001996
2014-05	0.001	-0.0000847	-0.0000660	-0.0000483	-0.0000342	-0.0000208	-0.0000085	+0.0000040	+0.0000171	+0.0000311	+0.0000450	+0.0000591	+0.0000738	+0.0000881	+0.0001017	+0.0001151	+0.0001274	+0.0001392	+0.0001505	+0.0001595	+0.0001680	+0.0001762
2014-06	0.002	-0.0000413	-0.0000372	-0.0000303	-0.0000232	-0.0000156	-0.0000075	+0.0000006	+0.0000088	+0.0000175	+0.0000274	+0.0000373	+0.0000478	+0.0000577	+0.0000670	+0.0000763	+0.0000855	+0.0000938	+0.0001012	+0.0001082	+0.0001152	+0.0001194
2014-07	0.001	-0.0000225	-0.0000186	-0.0000131	-0.0000076	-0.0000014	+0.0000055	+0.0000131	+0.0000203	+0.0000287	+0.0000372	+0.0000473	+0.0000575	+0.0000683	+0.0000784	+0.0000883	+0.0000976	+0.0001071	+0.0001148	+0.0001218	+0.0001271	+0.0001320
2014-08	0.000	+0.0000000	+0.0000048	+0.0000111	+0.0000163	+0.0000214	+0.0000273	+0.0000331	+0.0000401	+0.0000470	+0.0000546	+0.0000623	+0.0000704	+0.0000784	+0.0000860	+0.0000931	+0.0001000	+0.0001065	+0.0001128	+0.0001185	+0.0001240	+0.0001292
2014-09	-0.001	-0.0000360	-0.0000279	-0.0000151	+0.0000076	+0.0000169	+0.0000232	+0.0000290	+0.0000348	+0.0000406	+0.0000469	+0.0000533	+0.0000593	+0.0000655	+0.0000719	+0.0000773	+0.0000831	+0.0000883	+0.0000929	+0.0000974	+0.0001014	+0.0001050
2014-10	0.003	-0.0000196	-0.0000138	-0.0000080	-0.0000028	+0.0000030	+0.0000082	+0.0000140	+0.0000198	+0.0000256	+0.0000319	+0.0000383	+0.0000447	+0.0000505	+0.0000562	+0.0000614	+0.0000660	+0.0000707	+0.0000742	+0.0000776	+0.0000811	+0.0000840
2014-11	0.002	-0.0000063	-0.0000028	+0.0000012	+0.0000059	+0.0000105	+0.0000151	+0.0000203	+0.0000255	+0.0000308	+0.0000371	+0.0000429	+0.0000487	+0.0000545	+0.0000597	+0.0000648	+0.0000689	+0.0000729	+0.0000764	+0.0000798	+0.0000823	+0.0000846
2014-12	0.004	-0.0000069	-0.0000022	+0.0000036	+0.0000093	+0.0000146	+0.0000203	+0.0000255	+0.0000313	+0.0000371	+0.0000429	+0.0000492	+0.0000550	+0.0000607	+0.0000656	+0.0000706	+0.0000747	+0.0000782	+0.0000816	+0.0000840	+0.0000862	+0.0000885
2015-01	-0.002	-0.0000155	-0.0000068	+0.0000007	+0.0000093	+0.0000163	+0.0000237	+0.0000312	+0.0000382	+0.0000452	+0.0000526	+0.0000597	+0.0000670	+0.0000733	+0.0000792	+0.0000849	+0.0000896	+0.0000937	+0.0000975	+0.0001009	+0.0001038	+0.0001061
2015-02	-0.002	-0.0000184	-0.0000104	-0.0000011	+0.0000081	+0.0000168	+0.0000244	+0.0000324	+0.0000406	+0.0000492	+0.0000578	+0.0000665	+0.0000749	+0.0000832	+0.0000916	+0.0000991	+0.0001065	+0.0001123	+0.0001180	+0.0001237	+0.0001288	+0.0001341
