2011-09	0.017	-0.0022126	-0.0020844	-0.0019492	-0.0018162	-0.0016630	-0.0015131	-0.0013510	-0.0011903	-0.0010223	-0.0008486	-0.0006783	-0.0005078	-0.0003502	-0.0001958	-0.0000495	+0.0000891	+0.0002135	+0.0003496	+0.0004623	+0.0005726	+0.0006692
2011-10	-0.021	-0.0017994	-0.0017443	-0.0016733	-0.0016004	-0.0015121	-0.0014135	-0.0012973	-0.0011789	-0.0010461	-0.0008938	-0.0007364	-0.0005763	-0.0004156	-0.0002628	-0.0001213	+0.0000174	+0.0001557	+0.0002841	+0.0004057	+0.0005314	+0.0006484
2011-11	-0.025	-0.0014648	-0.0013978	-0.0013228	-0.0012454	-0.0011550	-0.0010581	-0.0009499	-0.0008273	-0.0006992	-0.0005652	-0.0004232	-0.0002754	-0.0001274	+0.0000159	+0.0001575	+0.0002904	+0.0004260	+0.0005718	+0.0007197	+0.0008579	+0.0009796
2011-12	0.019	-0.0013797	-0.0013156	-0.0012325	-0.0011522	-0.0010681	-0.0009798	-0.0008816	-0.0007716	-0.0006592	-0.0005433	-0.0004192	-0.0002987	-0.0001838	-0.0000738	+0.0000221	+0.0001126	+0.0001941	+0.0002734	+0.0003405	+0.0004046	+0.0004614
2012-01	0.005	-0.0013423	-0.0012837	-0.0012089	-0.0011377	-0.0010541	-0.0009664	-0.0008727	-0.0007683	-0.0006525	-0.0005345	-0.0004100	-0.0002862	-0.0001679	-0.0000565	+0.0000512	+0.0001436	+0.0002292	+0.0003131	+0.0003882	+0.0004604	+0.0005243
2012-02	0.057	-0.0013851	-0.0013253	-0.0012452	-0.0011655	-0.0010767	-0.0009848	-0.0008894	-0.0007841	-0.0006745	-0.0005571	-0.0004372	-0.0003185	-0.0002044	-0.0000948	+0.0000053	+0.0001034	+0.0001945	+0.0002781	+0.0003475	+0.0004240	+0.0004965
2012-03	0.033	-0.0012847	-0.0012069	-0.0011223	-0.0010233	-0.0009215	-0.0008125	-0.0006914	-0.0005690	-0.0004304	-0.0002865	-0.0001429	-0.0000023	+0.0001396	+0.0002716	+0.0003951	+0.0005105	+0.0006146	+0.0007125	+0.0008033	+0.0008841	+0.0009603
2012-04	-0.039	-0.0005724	-0.0005251	-0.0004696	-0.0004031	-0.0003324	-0.0002467	-0.0001415	-0.0000186	+0.0001163	+0.0002612	+0.0004105	+0.0005687	+0.0007293	+0.0008881	+0.0010255	+0.0011577	+0.0012789	+0.0013925	+0.0014970	+0.0015958	+0.0016830
2012-05	-0.074	-0.0005306	-0.0004845	-0.0004115	-0.0003295	-0.0002447	-0.0001407	-0.0000248	+0.0001048	+0.0002482	+0.0004048	+0.0005701	+0.0007247	+0.0008832	+0.0010324	+0.0011770	+0.0013013	+0.0014235	+0.0015215	+0.0016226	+0.0017155	+0.0017969
2012-06	0.054	-0.0015062	-0.0013762	-0.0012255	-0.0010705	-0.0008919	-0.0007173	-0.0005163	-0.0002981	-0.0000841	+0.0001377	+0.0003613	+0.0005765	+0.0007800	+0.0009647	+0.0011265	+0.0012815	+0.0014045	+0.0015198	+0.0016286	+0.0017218	+0.0018000
2012-07	-0.035	-0.0019767	-0.0018168	-0.0016467	-0.0014831	-0.0013051	-0.0011133	-0.0008997	-0.0006614	-0.0004134	-0.0001540	+0.0001165	+0.0003653	+0.0006076	+0.0008329	+0.0010427	+0.0012148	+0.0013695	+0.0014951	+0.0016038	+0.0017008	+0.0017939
2012-08	0.002	-0.0019079	-0.0017607	-0.0016246	-0.0014750	-0.0012901	-0.0010878	-0.0008748	-0.0006478	-0.0004051	-0.0001416	+0.0001139	+0.0003665	+0.0006027	+0.0008330	+0.0010330	+0.0012082	+0.0013533	+0.0014744	+0.0015862	+0.0016884	+0.0017823
2012-09	0.025	-0.0019303	-0.0017942	-0.0016642	-0.0015183	-0.0013482	-0.0011578	-0.0009410	-0.0007302	-0.0004941	-0.0002533	-0.0000048	+0.0002385	+0.0004633	+0.0006772	+0.0008783	+0.0010422	+0.0011902	+0.0013205	+0.0014317	+0.0015434	+0.0016570
2012-10	0.008	-0.0019679	-0.0018558	-0.0017224	-0.0015994	-0.0014498	-0.0012701	-0.0010908	-0.0009080	-0.0007090	-0.0004969	-0.0002809	-0.0000713	+0.0001296	+0.0003046	+0.0004656	+0.0006044	+0.0007272	+0.0008291	+0.0009298	+0.0010067	+0.0010848
2012-11	0.039	-0.0020103	-0.0018909	-0.0017659	-0.0016382	-0.0014767	-0.0013103	-0.0011423	-0.0009610	-0.0007669	-0.0005641	-0.0003604	-0.0001709	+0.0000092	+0.0001737	+0.0003185	+0.0004479	+0.0005408	+0.0006332	+0.0006980	+0.0007629	+0.0008237
2012-12	0.085	-0.0014237	-0.0013054	-0.0011892	-0.0010535	-0.0009125	-0.0007564	-0.0005962	-0.0004342	-0.0002597	-0.0000895	+0.0000726	+0.0002365	+0.0003821	+0.0005026	+0.0006016	+0.0006954	+0.0007684	+0.0008349	+0.0008954	+0.0009565	+0.0010154
2013-01	0.094	-0.0003532	-0.0002752	-0.0002093	-0.0001233	-0.0000421	+0.0000495	+0.0001456	+0.0002437	+0.0003504	+0.0004666	+0.0005894	+0.0007181	+0.0008498	+0.0009811	+0.0011092	+0.0012344	+0.0013547	+0.0014690	+0.0015775	+0.0016736	+0.0017757
2013-02	0.037	-0.0003825	-0.0002866	-0.0001758	-0.0000747	+0.0000505	+0.0001795	+0.0003117	+0.0004697	+0.0006477	+0.0008704	+0.0011178	+0.0013772	+0.0016223	+0.0018602	+0.0021244	+0.0023586	+0.0025519	+0.0027405	+0.0029128	+0.0031108	+0.0032759
2013-03	0.050	-0.0002764	-0.0001415	-0.0000209	+0.0001227	+0.0002837	+0.0004618	+0.0006683	+0.0009320	+0.0012007	+0.0014750	+0.0017706	+0.0021030	+0.0024006	+0.0026641	+0.0029412	+0.0032394	+0.0034695	+0.0036501	+0.0038308	+0.0040553	+0.0042420
2013-04	0.071	-0.0002447	+0.0000034	+0.0002765	+0.0005025	+0.0007443	+0.0010278	+0.0012747	+0.0015146	+0.0018169	+0.0021145	+0.0023793	+0.0026676	+0.0029631	+0.0032055	+0.0034276	+0.0036474	+0.0038453	+0.0040175	+0.0041482	+0.0042667	+0.0043492
2013-05	-0.022	-0.0009115	-0.0004317	+0.0001340	+0.0008343	+0.0012504	+0.0015574	+0.0018116	+0.0020785	+0.0023705	+0.0026556	+0.0029183	+0.0031744	+0.0034271	+0.0036564	+0.0038523	+0.0040182	+0.0041575	+0.0042852	+0.0043840	+0.0044701	+0.0045631
2013-06	-0.012	+0.0003550	+0.0005476	+0.0008087	+0.0012836	+0.0020160	+0.0022552	+0.0024408	+0.0026168	+0.0027983	+0.0029713	+0.0031468	+0.0033192	+0.0034899	+0.0036399	+0.0037834	+0.0039090	+0.0040265	+0.0041303	+0.0042238	+0.0043153	+0.0043846
2013-07	-0.001	-0.0018942	-0.0012396	-0.0007486	-0.0002198	+0.0002065	+0.0007092	+0.0012323	+0.0016079	+0.0019483	+0.0023742	+0.0028454	+0.0032126	+0.0034758	+0.0036828	+0.0038640	+0.0040219	+0.0041468	+0.0042502	+0.0043455	+0.0044454	+0.0045515
2013-08	-0.024	-0.0013727	-0.0011455	-0.0008842	-0.0005509	-0.0002467	+0.0000392	+0.0003656	+0.0007350	+0.0010793	+0.0014283	+0.0018193	+0.0021597	+0.0024591	+0.0027737	+0.0030439	+0.0032810	+0.0034801	+0.0036363	+0.0037629	+0.0038866	+0.0039878
2013-09	0.069	-0.0012807	-0.0010769	-0.0009109	-0.0006974	-0.0004333	-0.0001963	+0.0000545	+0.0003310	+0.0006324	+0.0009432	+0.0012337	+0.0015495	+0.0018372	+0.0021056	+0.0023365	+0.0025554	+0.0027464	+0.0029032	+0.0030501	+0.0031743	+0.0032522
2013-10	-0.011	-0.0012503	-0.0011143	-0.0009780	-0.0008430	-0.0006840	-0.0004960	-0.0002805	-0.0000565	+0.0001825	+0.0004389	+0.0007149	+0.0009915	+0.0012474	+0.0014943	+0.0017452	+0.0019500	+0.0021333	+0.0023095	+0.0024651	+0.0026011	+0.0027305
2013-11	0.040	-0.0011486	-0.0010626	-0.0009508	-0.0008298	-0.0007063	-0.0005742	-0.0004186	-0.0002450	-0.0000487	+0.0001631	+0.0003813	+0.0006075	+0.0008270	+0.0010410	+0.0012435	+0.0014226	+0.0015921	+0.0017387	+0.0018758	+0.0020013	+0.0021080
2013-12	0.020	-0.0011910	-0.0010820	-0.0009814	-0.0008889	-0.0007778	-0.0006690	-0.0005379	-0.0003967	-0.0002519	-0.0000947	+0.0000616	+0.0002262	+0.0003864	+0.0005296	+0.0006686	+0.0007997	+0.0009166	+0.0010241	+0.0011172	+0.0012142	+0.0013057
2014-01	-0.033	-0.0006665	-0.0006020	-0.0005299	-0.0004349	-0.0003441	-0.0002316	-0.0001306	-0.0000136	+0.0001107	+0.0002435	+0.0003737	+0.0005031	+0.0006316	+0.0007483	+0.0008549	+0.0009548	+0.0010483	+0.0011356	+0.0012165	+0.0012865	+0.0013440
2014-02	-0.006	-0.0004172	-0.0003398	-0.0002437	-0.0001494	-0.0000512	+0.0000570	+0.0001640	+0.0002788	+0.0003925	+0.0005154	+0.0006327	+0.0007563	+0.0008671	+0.0009747	+0.0010687	+0.0011619	+0.0012428	+0.0013128	+0.0013827	+0.0014481	+0.0015048
2014-03	0.002	-0.0005993	-0.0005279	-0.0004484	-0.0003664	-0.0002771	-0.0001806	-0.0000761	+0.0000373	+0.0001529	+0.0002779	+0.0003993	+0.0005249	+0.0006385	+0.0007472	+0.0008510	+0.0009501	+0.0010329	+0.0010995	+0.0011676	+0.0012313	+0.0012962
2014-04	-0.019	-0.0011254	-0.0010091	-0.0008988	-0.0007898	-0.0006701	-0.0005376	-0.0003934	-0.0002401	-0.0000801	+0.0000783	+0.0002379	+0.0003915	+0.0005341	+0.0006657	+0.0007825	+0.0008841	+0.0009690	+0.0010544	+0.0011300	+0.0011955	+0.0012484
2014-05	0.031	-0.0014434	-0.0013367	-0.0012324	-0.0011168	-0.0009735	-0.0008178	-0.0006619	-0.0004850	-0.0003040	-0.0001193	+0.0000639	+0.0002494	+0.0004298	+0.0005894	+0.0007340	+0.0008773	+0.0009929	+0.0010953	+0.0011914	+0.0012819	+0.0013585
2014-06	0.041	-0.0012152	-0.0011370	-0.0010439	-0.0009346	-0.0008213	-0.0006902	-0.0005623	-0.0004195	-0.0002732	-0.0001222	+0.0000359	+0.0001953	+0.0003465	+0.0004903	+0.0006198	+0.0007397	+0.0008423	+0.0009337	+0.0010219	+0.0010945	+0.0011733
2014-07	0.013	-0.0014520	-0.0013271	-0.0012177	-0.0011079	-0.0009715	-0.0008235	-0.0006555	-0.0004844	-0.0002997	-0.0000981	+0.0001108	+0.0003129	+0.0005143	+0.0007094	+0.0009004	+0.0010519	+0.0011898	+0.0013248	+0.0014404	+0.0015436	+0.0016314
2014-08	-0.004	-0.0011743	-0.0010664	-0.0009588	-0.0008453	-0.0007247	-0.0005809	-0.0004256	-0.0002669	-0.0000907	+0.0000917	+0.0002756	+0.0004677	+0.0006437	+0.0008084	+0.0009642	+0.0010977	+0.0012169	+0.0013274	+0.0014418	+0.0015386	+0.0016127
2014-09	0.037	-0.0010560	-0.0009471	-0.0008291	-0.0007106	-0.0005680	-0.0004360	-0.0002759	-0.0001137	+0.0000573	+0.0002328	+0.0004114	+0.0005854	+0.0007574	+0.0009073	+0.0010429	+0.0011673	+0.0012794	+0.0013850	+0.0014812	+0.0015572	+0.0016274
2014-10	0.000	-0.0004023	-0.0003268	-0.0002308	-0.0001328	-0.0000451	+0.0000593	+0.0001776	+0.0002951	+0.0004217	+0.0005579	+0.0006914	+0.0008310	+0.0009567	+0.0010760	+0.0011847	+0.0012791	+0.0013642	+0.0014395	+0.0015127	+0.0015637	+0.0016210
2014-11	0.044	-0.0003759	-0.0002841	-0.0001781	-0.0000867	+0.0000067	+0.0001128	+0.0002189	+0.0003382	+0.0004610	+0.0005913	+0.0007222	+0.0008474	+0.0009650	+0.0010768	+0.0011761	+0.0012723	+0.0013569	+0.0014335	+0.0015026	+0.0015743	+0.0016338
2014-12	0.001	-0.0002817	-0.0001717	-0.0000635	+0.0000384	+0.0001455	+0.0002561	+0.0003675	+0.0004837	+0.0006034	+0.0007263	+0.0008441	+0.0009585	+0.0010655	+0.0011691	+0.0012604	+0.0013477	+0.0014192	+0.0014909	+0.0015569	+0.0016135	+0.0016582
2015-01	0.006	-0.0002334	-0.0001289	-0.0000258	+0.0000669	+0.0001754	+0.0002862	+0.0004047	+0.0005286	+0.0006634	+0.0007967	+0.0009393	+0.0010799	+0.0012084	+0.0013285	+0.0014451	+0.0015532	+0.0016488	+0.0017415	+0.0018272	+0.0019099	+0.0019747
2015-02	0.001	-0.0005280	-0.0004029	-0.0002703	-0.0001282	+0.0000052	+0.0001245	+0.0002416	+0.0003578	+0.0004702	+0.0005894	+0.0007193	+0.0008560	+0.0009941	+0.0011230	+0.0012436	+0.0013673	+0.0014792	+0.0015795	+0.0016740	+0.0017679	+0.0018689
