2011-09	-0.042	-0.0006038	-0.0005528	-0.0005076	-0.0004516	-0.0003903	-0.0003180	-0.0002425	-0.0001558	-0.0000596	+0.0000418	+0.0001498	+0.0002579	+0.0003642	+0.0004620	+0.0005559	+0.0006445	+0.0007255	+0.0007988	+0.0008676	+0.0009219	+0.0009868
2011-10	0.028	-0.0006377	-0.0006029	-0.0005660	-0.0005240	-0.0004735	-0.0004153	-0.0003469	-0.0002598	-0.0001653	-0.0000606	+0.0000456	+0.0001571	+0.0002716	+0.0003739	+0.0004717	+0.0005676	+0.0006562	+0.0007387	+0.0008217	+0.0008876	+0.0009497
2011-11	-0.023	-0.0007978	-0.0007671	-0.0007336	-0.0006970	-0.0006536	-0.0006046	-0.0005517	-0.0004935	-0.0004252	-0.0003466	-0.0002603	-0.0001735	-0.0000816	+0.0000069	+0.0000953	+0.0001808	+0.0002586	+0.0003334	+0.0004044	+0.0004704	+0.0005274
2011-12	0.012	-0.0008127	-0.0007811	-0.0007481	-0.0007121	-0.0006792	-0.0006385	-0.0005974	-0.0005527	-0.0005043	-0.0004535	-0.0003994	-0.0003453	-0.0002914	-0.0002380	-0.0001850	-0.0001318	-0.0000754	-0.0000140	+0.0000427	+0.0001076	+0.0001608
2012-01	0.003	-0.0008095	-0.0007804	-0.0007392	-0.0006999	-0.0006621	-0.0006171	-0.0005674	-0.0005127	-0.0004553	-0.0003930	-0.0003279	-0.0002605	-0.0001952	-0.0001334	-0.0000761	-0.0000223	+0.0000272	+0.0000751	+0.0001194	+0.0001579	+0.0001939
2012-02	0.066	-0.0008371	-0.0007998	-0.0007629	-0.0007215	-0.0006827	-0.0006380	-0.0005828	-0.0005231	-0.0004585	-0.0003875	-0.0003182	-0.0002448	-0.0001708	-0.0001018	-0.0000359	+0.0000303	+0.0000922	+0.0001579	+0.0002221	+0.0002835	+0.0003367
2012-03	0.002	-0.0007546	-0.0007100	-0.0006697	-0.0006244	-0.0005697	-0.0005099	-0.0004450	-0.0003695	-0.0002873	-0.0001970	-0.0001045	-0.0000038	+0.0000993	+0.0001924	+0.0002821	+0.0003702	+0.0004511	+0.0005305	+0.0006072	+0.0006821	+0.0007420
2012-04	-0.005	-0.0007379	-0.0006842	-0.0006249	-0.0005586	-0.0004833	-0.0003939	-0.0002941	-0.0001827	-0.0000562	+0.0000870	+0.0002386	+0.0003991	+0.0005543	+0.0007171	+0.0008660	+0.0009972	+0.0011288	+0.0012564	+0.0013762	+0.0014739	+0.0015539
2012-05	-0.044	-0.0004229	-0.0003683	-0.0003026	-0.0002315	-0.0001536	-0.0000669	+0.0000324	+0.0001458	+0.0002718	+0.0004049	+0.0005490	+0.0006953	+0.0008384	+0.0009760	+0.0011040	+0.0012207	+0.0013362	+0.0014441	+0.0015342	+0.0016210	+0.0016981
2012-06	0.009	-0.0007812	-0.0007035	-0.0006164	-0.0005163	-0.0003988	-0.0002908	-0.0001659	-0.0000285	+0.0001147	+0.0002786	+0.0004421	+0.0006135	+0.0007716	+0.0009183	+0.0010669	+0.0011925	+0.0013179	+0.0014268	+0.0015224	+0.0016029	+0.0016743
2012-07	0.006	-0.0009046	-0.0008504	-0.0007795	-0.0007069	-0.0006142	-0.0004981	-0.0003689	-0.0002292	-0.0000755	+0.0000960	+0.0002750	+0.0004538	+0.0006315	+0.0008088	+0.0009678	+0.0011149	+0.0012496	+0.0013585	+0.0014674	+0.0015811	+0.0016758
2012-08	0.012	-0.0008242	-0.0007732	-0.0006877	-0.0006059	-0.0005128	-0.0004049	-0.0002871	-0.0001524	-0.0000050	+0.0001535	+0.0003265	+0.0004980	+0.0006705	+0.0008346	+0.0009890	+0.0011343	+0.0012608	+0.0013716	+0.0014737	+0.0015665	+0.0016621
2012-09	0.005	-0.0008190	-0.0007604	-0.0007061	-0.0006351	-0.0005531	-0.0004593	-0.0003583	-0.0002368	-0.0000998	+0.0000538	+0.0002151	+0.0003786	+0.0005405	+0.0007035	+0.0008552	+0.0009956	+0.0011117	+0.0012244	+0.0013562	+0.0014779	+0.0015551
2012-10	0.020	-0.0008218	-0.0007673	-0.0007106	-0.0006520	-0.0005837	-0.0005072	-0.0004210	-0.0003387	-0.0002394	-0.0001379	-0.0000352	+0.0000726	+0.0001801	+0.0002791	+0.0003761	+0.0004783	+0.0005701	+0.0006533	+0.0007247	+0.0007943	+0.0008594
2012-11	0.042	-0.0008217	-0.0007695	-0.0007132	-0.0006444	-0.0005666	-0.0004944	-0.0004148	-0.0003296	-0.0002380	-0.0001420	-0.0000498	+0.0000362	+0.0001222	+0.0001997	+0.0002674	+0.0003253	+0.0003728	+0.0004114	+0.0004472	+0.0004751	+0.0004972
2012-12	0.062	-0.0005092	-0.0004598	-0.0004053	-0.0003357	-0.0002654	-0.0001862	-0.0001056	-0.0000223	+0.0000644	+0.0001516	+0.0002397	+0.0003220	+0.0003984	+0.0004717	+0.0005451	+0.0006193	+0.0006796	+0.0007392	+0.0007923	+0.0008562	+0.0009087
2013-01	0.037	-0.0000263	+0.0000092	+0.0000467	+0.0000871	+0.0001323	+0.0001847	+0.0002417	+0.0003079	+0.0003863	+0.0004798	+0.0005859	+0.0006855	+0.0007861	+0.0008924	+0.0010008	+0.0010946	+0.0011900	+0.0012769	+0.0013609	+0.0014332	+0.0014979
2013-02	0.004	-0.0001084	+0.0000590	+0.0001700	+0.0002371	+0.0002964	+0.0003656	+0.0004475	+0.0005576	+0.0006879	+0.0008302	+0.0009747	+0.0011281	+0.0012849	+0.0014461	+0.0015938	+0.0017279	+0.0018595	+0.0019848	+0.0020828	+0.0021772	+0.0022914
2013-03	0.017	+0.0000061	+0.0001927	+0.0003304	+0.0004277	+0.0005261	+0.0006436	+0.0007776	+0.0009149	+0.0010625	+0.0012126	+0.0013858	+0.0015525	+0.0017101	+0.0018602	+0.0020120	+0.0021469	+0.0022725	+0.0023848	+0.0024867	+0.0025988	+0.0027035
2013-04	0.060	-0.0001697	-0.0000361	+0.0001630	+0.0005362	+0.0007240	+0.0008642	+0.0009972	+0.0011227	+0.0012572	+0.0013973	+0.0015420	+0.0016948	+0.0018340	+0.0019712	+0.0021042	+0.0022212	+0.0023279	+0.0024276	+0.0025111	+0.0026009	+0.0026677
2013-05	-0.006	-0.0004595	-0.0002788	+0.0001199	+0.0006813	+0.0008849	+0.0010212	+0.0011565	+0.0012950	+0.0014369	+0.0015824	+0.0017328	+0.0018815	+0.0020307	+0.0021697	+0.0022970	+0.0024043	+0.0025146	+0.0026129	+0.0026968	+0.0027788	+0.0028522
2013-06	-0.059	+0.0000739	+0.0001843	+0.0003572	+0.0006582	+0.0011013	+0.0012674	+0.0013901	+0.0015063	+0.0016163	+0.0017238	+0.0018371	+0.0019455	+0.0020575	+0.0021634	+0.0022584	+0.0023527	+0.0024416	+0.0025227	+0.0025910	+0.0026584	+0.0027303
2013-07	0.002	-0.0014616	-0.0010008	-0.0007689	-0.0005868	-0.0003351	+0.0000218	+0.0003393	+0.0005637	+0.0008450	+0.0011810	+0.0014876	+0.0017205	+0.0019084	+0.0020633	+0.0022199	+0.0023607	+0.0024729	+0.0025746	+0.0026570	+0.0027408	+0.0028176
2013-08	-0.014	-0.0014845	-0.0013840	-0.0011573	-0.0009485	-0.0007934	-0.0006436	-0.0003878	-0.0001238	+0.0000710	+0.0003353	+0.0006542	+0.0008652	+0.0010818	+0.0013297	+0.0015506	+0.0016972	+0.0018257	+0.0019365	+0.0020301	+0.0021216	+0.0021967
2013-09	0.023	-0.0014914	-0.0013971	-0.0013007	-0.0011799	-0.0010196	-0.0008504	-0.0006864	-0.0005054	-0.0002864	-0.0000555	+0.0001517	+0.0003686	+0.0006027	+0.0008060	+0.0009695	+0.0011292	+0.0012920	+0.0014475	+0.0015525	+0.0016269	+0.0016828
2013-10	0.022	-0.0014475	-0.0013763	-0.0013003	-0.0012089	-0.0011086	-0.0009806	-0.0008312	-0.0006544	-0.0004708	-0.0002736	-0.0000609	+0.0001557	+0.0003587	+0.0005532	+0.0007461	+0.0009198	+0.0010739	+0.0011995	+0.0012961	+0.0014332	+0.0015713
2013-11	0.025	-0.0014639	-0.0013957	-0.0013011	-0.0012044	-0.0010924	-0.0009785	-0.0008437	-0.0006888	-0.0005252	-0.0003475	-0.0001575	+0.0000285	+0.0002125	+0.0003891	+0.0005476	+0.0007012	+0.0008421	+0.0009699	+0.0010751	+0.0011721	+0.0012592
2013-12	0.021	-0.0014409	-0.0013675	-0.0012959	-0.0012041	-0.0011055	-0.0009972	-0.0008786	-0.0007536	-0.0006126	-0.0004675	-0.0003154	-0.0001645	-0.0000182	+0.0001176	+0.0002383	+0.0003563	+0.0004590	+0.0005486	+0.0006207	+0.0006880	+0.0007544
2014-01	-0.025	-0.0011297	-0.0010518	-0.0009636	-0.0008688	-0.0007610	-0.0006447	-0.0005222	-0.0003853	-0.0002428	-0.0000953	+0.0000570	+0.0002034	+0.0003422	+0.0004730	+0.0005857	+0.0006831	+0.0007762	+0.0008585	+0.0009244	+0.0009837	+0.0010337
2014-02	0.005	-0.0004446	-0.0003884	-0.0003217	-0.0002503	-0.0001797	-0.0000923	-0.0000038	+0.0000951	+0.0001984	+0.0003073	+0.0004176	+0.0005242	+0.0006288	+0.0007244	+0.0008068	+0.0008843	+0.0009518	+0.0010071	+0.0010494	+0.0010905	+0.0011237
2014-03	0.015	-0.0003625	-0.0003001	-0.0002238	-0.0001615	-0.0000896	-0.0000114	+0.0000743	+0.0001651	+0.0002625	+0.0003604	+0.0004629	+0.0005593	+0.0006519	+0.0007368	+0.0008157	+0.0008894	+0.0009572	+0.0010106	+0.0010568	+0.0010954	+0.0011248
2014-04	0.005	-0.0002165	-0.0001648	-0.0001074	-0.0000456	+0.0000157	+0.0000847	+0.0001594	+0.0002398	+0.0003241	+0.0004176	+0.0005063	+0.0005958	+0.0006838	+0.0007617	+0.0008345	+0.0008990	+0.0009610	+0.0010122	+0.0010556	+0.0010940	+0.0011322
2014-05	0.005	-0.0003831	-0.0002982	-0.0002348	-0.0001607	-0.0000743	+0.0000112	+0.0000947	+0.0001912	+0.0002879	+0.0003884	+0.0004952	+0.0005979	+0.0006941	+0.0007812	+0.0008698	+0.0009453	+0.0010028	+0.0010546	+0.0010978	+0.0011377	+0.0011733
2014-06	0.004	-0.0002543	-0.0001969	-0.0001318	-0.0000735	-0.0000126	+0.0000538	+0.0001248	+0.0002054	+0.0002857	+0.0003723	+0.0004596	+0.0005481	+0.0006303	+0.0007099	+0.0007808	+0.0008418	+0.0008974	+0.0009532	+0.0010032	+0.0010474	+0.0010891
2014-07	0.008	-0.0003711	-0.0002966	-0.0002357	-0.0001732	-0.0001127	-0.0000566	+0.0000053	+0.0000675	+0.0001375	+0.0002101	+0.0002847	+0.0003628	+0.0004393	+0.0005133	+0.0005865	+0.0006531	+0.0007111	+0.0007696	+0.0008258	+0.0008833	+0.0009281
2014-08	0.019	-0.0001791	-0.0001485	-0.0001205	-0.0000889	-0.0000531	-0.0000152	+0.0000241	+0.0000684	+0.0001121	+0.0001578	+0.0002038	+0.0002488	+0.0002920	+0.0003327	+0.0003704	+0.0004061	+0.0004396	+0.0004712	+0.0005002	+0.0005245	+0.0005533
2014-09	0.013	+0.0000012	+0.0000272	+0.0000509	+0.0000757	+0.0001015	+0.0001289	+0.0001606	+0.0001923	+0.0002248	+0.0002585	+0.0002935	+0.0003292	+0.0003655	+0.0003999	+0.0004324	+0.0004619	+0.0004897	+0.0005151	+0.0005396	+0.0005635	+0.0005825
2014-10	-0.003	-0.0000681	-0.0000328	+0.0000302	+0.0001251	+0.0001841	+0.0002182	+0.0002540	+0.0002886	+0.0003256	+0.0003623	+0.0004020	+0.0004433	+0.0004835	+0.0005203	+0.0005577	+0.0005925	+0.0006251	+0.0006546	+0.0006814	+0.0007084	+0.0007331
2014-11	0.078	-0.0002093	-0.0001580	-0.0000983	+0.0000612	+0.0001534	+0.0001853	+0.0002147	+0.0002497	+0.0002925	+0.0003353	+0.0003769	+0.0004198	+0.0004660	+0.0005100	+0.0005496	+0.0005881	+0.0006252	+0.0006574	+0.0006852	+0.0007114	+0.0007353
2014-12	0.010	-0.0000586	-0.0000062	+0.0001052	+0.0001472	+0.0001785	+0.0002105	+0.0002600	+0.0003181	+0.0003718	+0.0004387	+0.0005152	+0.0005900	+0.0006773	+0.0007513	+0.0008259	+0.0008986	+0.0009628	+0.0010334	+0.0011003	+0.0011538	+0.0012156
2015-01	-0.024	+0.0000906	+0.0001442	+0.0001858	+0.0002279	+0.0002828	+0.0003348	+0.0004021	+0.0004942	+0.0006046	+0.0007207	+0.0008397	+0.0009611	+0.0010944	+0.0012255	+0.0013372	+0.0014394	+0.0015492	+0.0016535	+0.0017483	+0.0018205	+0.0018942
2015-02	0.008	-0.0003266	-0.0002076	-0.0000133	+0.0001415	+0.0002595	+0.0003551	+0.0004488	+0.0005502	+0.0006616	+0.0007864	+0.0009136	+0.0010443	+0.0011757	+0.0013003	+0.0014164	+0.0015239	+0.0016261	+0.0017251	+0.0018022	+0.0018802	+0.0019625
