2011-09	-0.129	-0.0013272	-0.0012275	-0.0010995	-0.0009668	-0.0008175	-0.0006585	-0.0004861	-0.0002932	-0.0000999	+0.0001087	+0.0003186	+0.0005267	+0.0007232	+0.0009120	+0.0010832	+0.0012446	+0.0013801	+0.0014929	+0.0016114	+0.0017159	+0.0018153
2011-10	0.087	-0.0028374	-0.0026200	-0.0024029	-0.0021934	-0.0019465	-0.0016958	-0.0014323	-0.0011508	-0.0008580	-0.0005617	-0.0002597	+0.0000298	+0.0003038	+0.0005535	+0.0007788	+0.0009792	+0.0011597	+0.0013326	+0.0014920	+0.0016192	+0.0017278
2011-11	-0.062	-0.0034313	-0.0032477	-0.0030488	-0.0028327	-0.0026186	-0.0023703	-0.0021149	-0.0018502	-0.0015689	-0.0012848	-0.0009997	-0.0007256	-0.0004525	-0.0002124	+0.0000153	+0.0002239	+0.0004075	+0.0005706	+0.0007177	+0.0008550	+0.0009757
2011-12	0.016	-0.0034874	-0.0033049	-0.0031330	-0.0029344	-0.0027145	-0.0024906	-0.0022566	-0.0020112	-0.0017498	-0.0014901	-0.0012421	-0.0010020	-0.0007838	-0.0005794	-0.0003930	-0.0002229	-0.0000528	+0.0001197	+0.0003180	+0.0005121	+0.0007036
2012-01	0.059	-0.0034485	-0.0032465	-0.0030793	-0.0028882	-0.0026567	-0.0024389	-0.0021907	-0.0019122	-0.0016409	-0.0013524	-0.0010684	-0.0007979	-0.0005539	-0.0003333	-0.0001110	+0.0000885	+0.0002620	+0.0004311	+0.0005921	+0.0007567	+0.0008936
2012-02	0.085	-0.0034187	-0.0032412	-0.0030427	-0.0028279	-0.0026168	-0.0023863	-0.0021483	-0.0018804	-0.0016022	-0.0013225	-0.0010475	-0.0007710	-0.0005057	-0.0002505	-0.0000062	+0.0002192	+0.0004382	+0.0006301	+0.0008251	+0.0009891	+0.0011706
2012-03	-0.034	-0.0033153	-0.0031061	-0.0028954	-0.0026363	-0.0023945	-0.0020942	-0.0017777	-0.0014506	-0.0011087	-0.0007580	-0.0003908	-0.0000189	+0.0003265	+0.0006488	+0.0009520	+0.0012318	+0.0014768	+0.0017034	+0.0018809	+0.0020331	+0.0022036
2012-04	-0.027	-0.0023587	-0.0021526	-0.0019236	-0.0016488	-0.0013934	-0.0011208	-0.0008175	-0.0005174	-0.0001855	+0.0001618	+0.0004802	+0.0007884	+0.0010798	+0.0013434	+0.0015837	+0.0017959	+0.0019908	+0.0021443	+0.0022973	+0.0024521	+0.0025800
2012-05	-0.064	-0.0007188	-0.0006239	-0.0005133	-0.0003799	-0.0002424	-0.0000943	+0.0000756	+0.0002587	+0.0004563	+0.0006702	+0.0008995	+0.0011213	+0.0013411	+0.0015440	+0.0017350	+0.0019134	+0.0020865	+0.0022353	+0.0023842	+0.0025149	+0.0026409
2012-06	-0.015	-0.0017568	-0.0015964	-0.0014269	-0.0012310	-0.0010157	-0.0007890	-0.0005505	-0.0002861	-0.0000203	+0.0002718	+0.0005565	+0.0008381	+0.0011167	+0.0013858	+0.0016156	+0.0018154	+0.0020078	+0.0021700	+0.0023081	+0.0024465	+0.0025444
2012-07	0.027	-0.0022473	-0.0021276	-0.0019772	-0.0017966	-0.0015807	-0.0013558	-0.0011300	-0.0008602	-0.0005571	-0.0002417	+0.0000822	+0.0004125	+0.0007339	+0.0010444	+0.0013240	+0.0015637	+0.0018163	+0.0020148	+0.0022184	+0.0023969	+0.0025644
2012-08	0.011	-0.0021884	-0.0020705	-0.0019511	-0.0018008	-0.0016268	-0.0014165	-0.0011903	-0.0009324	-0.0006511	-0.0003468	-0.0000307	+0.0002953	+0.0006187	+0.0009080	+0.0011973	+0.0014404	+0.0016772	+0.0018807	+0.0020923	+0.0022691	+0.0024388
2012-09	0.010	-0.0021724	-0.0020502	-0.0019290	-0.0017806	-0.0016388	-0.0014684	-0.0012696	-0.0010574	-0.0008216	-0.0005737	-0.0003192	-0.0000550	+0.0001993	+0.0004368	+0.0006597	+0.0008703	+0.0010428	+0.0012160	+0.0013683	+0.0015243	+0.0016881
2012-10	0.025	-0.0022102	-0.0020746	-0.0019458	-0.0018032	-0.0016694	-0.0015148	-0.0013359	-0.0011407	-0.0009466	-0.0007388	-0.0005234	-0.0002983	-0.0001028	+0.0000698	+0.0002437	+0.0004025	+0.0005325	+0.0006315	+0.0006994	+0.0007594	+0.0008065
2012-11	0.004	-0.0021842	-0.0020208	-0.0018645	-0.0017388	-0.0015954	-0.0014274	-0.0012178	-0.0010115	-0.0008313	-0.0006148	-0.0003482	-0.0001489	+0.0000185	+0.0002195	+0.0004211	+0.0005564	+0.0006481	+0.0007088	+0.0007681	+0.0008227	+0.0008803
2012-12	0.056	-0.0015743	-0.0014735	-0.0013094	-0.0011339	-0.0009813	-0.0008520	-0.0006713	-0.0004343	-0.0002585	-0.0001122	+0.0000665	+0.0003185	+0.0004840	+0.0005828	+0.0006534	+0.0007087	+0.0007550	+0.0007977	+0.0008271	+0.0008584	+0.0008897
2013-01	0.074	-0.0002779	-0.0002016	-0.0001225	-0.0000460	+0.0000361	+0.0001312	+0.0002250	+0.0003126	+0.0003965	+0.0004806	+0.0005551	+0.0006219	+0.0006810	+0.0007315	+0.0007787	+0.0008208	+0.0008558	+0.0008917	+0.0009229	+0.0009552	+0.0009851
2013-02	0.014	-0.0000193	+0.0000595	+0.0002104	+0.0003706	+0.0004345	+0.0004911	+0.0005475	+0.0006045	+0.0006668	+0.0007404	+0.0008465	+0.0010259	+0.0011642	+0.0012765	+0.0013859	+0.0015262	+0.0016566	+0.0017687	+0.0018569	+0.0019447	+0.0020899
2013-03	0.017	+0.0000460	+0.0002888	+0.0003784	+0.0004392	+0.0004999	+0.0005609	+0.0006355	+0.0007384	+0.0009566	+0.0011548	+0.0013096	+0.0014686	+0.0017077	+0.0019055	+0.0020685	+0.0022263	+0.0024199	+0.0025788	+0.0027090	+0.0028203	+0.0029480
2013-04	0.040	-0.0002825	-0.0001196	+0.0001227	+0.0004850	+0.0006005	+0.0007138	+0.0008721	+0.0010596	+0.0012286	+0.0014052	+0.0015952	+0.0017868	+0.0019726	+0.0021482	+0.0023126	+0.0024769	+0.0026141	+0.0027454	+0.0028678	+0.0029770	+0.0030764
2013-05	-0.012	-0.0006396	-0.0003353	+0.0001567	+0.0005507	+0.0006752	+0.0007981	+0.0009336	+0.0011240	+0.0013257	+0.0015219	+0.0017176	+0.0019251	+0.0021432	+0.0023379	+0.0025186	+0.0026825	+0.0028418	+0.0029937	+0.0031278	+0.0032378	+0.0033187
2013-06	-0.054	-0.0000913	+0.0000544	+0.0002942	+0.0007161	+0.0009176	+0.0010525	+0.0011841	+0.0013234	+0.0014633	+0.0016137	+0.0017735	+0.0019378	+0.0021058	+0.0022649	+0.0024066	+0.0025470	+0.0026732	+0.0027939	+0.0029071	+0.0030143	+0.0031038
2013-07	-0.011	-0.0015027	-0.0010805	-0.0009186	-0.0007146	-0.0003894	-0.0000396	+0.0002329	+0.0005336	+0.0008687	+0.0011954	+0.0015131	+0.0018088	+0.0020515	+0.0022965	+0.0024835	+0.0026572	+0.0027915	+0.0029180	+0.0030569	+0.0031663	+0.0032801
2013-08	-0.021	-0.0019180	-0.0017568	-0.0014934	-0.0013224	-0.0011481	-0.0009224	-0.0006019	-0.0003527	-0.0000511	+0.0002799	+0.0005933	+0.0009073	+0.0011869	+0.0014837	+0.0017307	+0.0019555	+0.0021622	+0.0023293	+0.0024739	+0.0026304	+0.0027424
2013-09	0.036	-0.0019387	-0.0018244	-0.0017123	-0.0015701	-0.0013896	-0.0012136	-0.0010261	-0.0008164	-0.0005725	-0.0003134	-0.0000746	+0.0001772	+0.0004383	+0.0006532	+0.0008517	+0.0010414	+0.0012177	+0.0013765	+0.0015076	+0.0016234	+0.0017106
2013-10	0.034	-0.0019038	-0.0018003	-0.0016966	-0.0015904	-0.0014566	-0.0013131	-0.0011520	-0.0009712	-0.0007783	-0.0005678	-0.0003557	-0.0001407	+0.0000626	+0.0002530	+0.0004243	+0.0005771	+0.0007201	+0.0008511	+0.0009586	+0.0010592	+0.0011362
2013-11	-0.005	-0.0019071	-0.0017992	-0.0016991	-0.0015688	-0.0014234	-0.0012673	-0.0010959	-0.0009126	-0.0007074	-0.0004856	-0.0002604	-0.0000446	+0.0001753	+0.0003884	+0.0005772	+0.0007430	+0.0008919	+0.0010358	+0.0011847	+0.0013002	+0.0013929
2013-12	0.014	-0.0018695	-0.0017847	-0.0016890	-0.0015796	-0.0014481	-0.0013069	-0.0011534	-0.0009856	-0.0008031	-0.0006053	-0.0003998	-0.0001847	+0.0000179	+0.0002043	+0.0003831	+0.0005470	+0.0006905	+0.0008145	+0.0009436	+0.0010464	+0.0011281
2014-01	-0.020	-0.0016225	-0.0015152	-0.0014010	-0.0012702	-0.0011406	-0.0009915	-0.0008349	-0.0006712	-0.0004868	-0.0003072	-0.0001149	+0.0000718	+0.0002503	+0.0004077	+0.0005521	+0.0007000	+0.0008175	+0.0009277	+0.0010352	+0.0011329	+0.0012343
2014-02	0.030	-0.0006575	-0.0005993	-0.0005294	-0.0004591	-0.0003734	-0.0002815	-0.0001842	-0.0000786	+0.0000319	+0.0001557	+0.0002830	+0.0004089	+0.0005384	+0.0006583	+0.0007681	+0.0008777	+0.0009755	+0.0010663	+0.0011543	+0.0012326	+0.0013034
2014-03	0.029	-0.0003232	-0.0002645	-0.0002017	-0.0001379	-0.0000788	-0.0000121	+0.0000635	+0.0001419	+0.0002249	+0.0003170	+0.0004161	+0.0005207	+0.0006317	+0.0007351	+0.0008375	+0.0009366	+0.0010338	+0.0011199	+0.0011959	+0.0012863	+0.0013606
2014-04	0.011	-0.0000618	-0.0000238	+0.0000234	+0.0000666	+0.0001111	+0.0001603	+0.0002169	+0.0002790	+0.0003518	+0.0004367	+0.0005329	+0.0006339	+0.0007326	+0.0008288	+0.0009260	+0.0010227	+0.0011063	+0.0011891	+0.0012636	+0.0013267	+0.0013926
2014-05	0.011	-0.0005880	-0.0004493	-0.0001768	-0.0000434	+0.0000350	+0.0001031	+0.0001704	+0.0002405	+0.0003246	+0.0004234	+0.0005323	+0.0006439	+0.0007529	+0.0008583	+0.0009676	+0.0010698	+0.0011710	+0.0012431	+0.0013150	+0.0013762	+0.0014457
2014-06	0.016	-0.0002320	-0.0001487	-0.0000508	+0.0000367	+0.0001224	+0.0001996	+0.0002786	+0.0003597	+0.0004471	+0.0005366	+0.0006301	+0.0007247	+0.0008191	+0.0009076	+0.0009883	+0.0010658	+0.0011380	+0.0012046	+0.0012665	+0.0013197	+0.0013746
2014-07	-0.003	-0.0002614	-0.0001300	-0.0000202	+0.0000679	+0.0001459	+0.0002184	+0.0002969	+0.0003781	+0.0004698	+0.0005707	+0.0006746	+0.0007798	+0.0008870	+0.0009889	+0.0010825	+0.0011717	+0.0012562	+0.0013309	+0.0014004	+0.0014521	+0.0015239
2014-08	0.013	-0.0001402	-0.0000366	+0.0000681	+0.0001642	+0.0002397	+0.0002985	+0.0003562	+0.0004200	+0.0004930	+0.0005704	+0.0006509	+0.0007347	+0.0008193	+0.0009022	+0.0009820	+0.0010550	+0.0011312	+0.0011967	+0.0012567	+0.0013101	+0.0013671
2014-09	-0.024	-0.0001480	-0.0000460	+0.0000531	+0.0001383	+0.0002021	+0.0002599	+0.0003197	+0.0003881	+0.0004622	+0.0005439	+0.0006268	+0.0007151	+0.0008023	+0.0008886	+0.0009725	+0.0010482	+0.0011152	+0.0011807	+0.0012409	+0.0013012	+0.0013492
2014-10	0.018	-0.0003126	-0.0002361	-0.0001215	+0.0000459	+0.0001400	+0.0002106	+0.0002718	+0.0003358	+0.0004066	+0.0004863	+0.0005698	+0.0006538	+0.0007419	+0.0008244	+0.0009044	+0.0009759	+0.0010451	+0.0011122	+0.0011634	+0.0012235	+0.0012753
2014-11	0.022	-0.0004460	-0.0003732	-0.0003000	-0.0002203	-0.0001429	-0.0000607	+0.0000153	+0.0000914	+0.0001636	+0.0002404	+0.0003147	+0.0003869	+0.0004561	+0.0005250	+0.0005885	+0.0006479	+0.0007004	+0.0007509	+0.0007974	+0.0008379	+0.0008818
2014-12	-0.028	-0.0003505	-0.0003070	-0.0002685	-0.0002246	-0.0001753	-0.0001283	-0.0000771	-0.0000188	+0.0000413	+0.0001020	+0.0001635	+0.0002228	+0.0002785	+0.0003285	+0.0003731	+0.0004119	+0.0004463	+0.0004745	+0.0004997	+0.0005251	+0.0005463
2015-01	0.011	-0.0003741	-0.0003368	-0.0002989	-0.0002584	-0.0002123	-0.0001614	-0.0001066	-0.0000503	+0.0000110	+0.0000737	+0.0001388	+0.0002035	+0.0002616	+0.0003156	+0.0003650	+0.0004086	+0.0004493	+0.0004862	+0.0005210	+0.0005515	+0.0005836
2015-02	-0.019	-0.0004626	-0.0004229	-0.0003827	-0.0003412	-0.0002962	-0.0002461	-0.0001919	-0.0001359	-0.0000771	-0.0000165	+0.0000463	+0.0001088	+0.0001688	+0.0002265	+0.0002814	+0.0003284	+0.0003752	+0.0004183	+0.0004556	+0.0004925	+0.0005335
