2011-09	-0.069	-0.0005284	-0.0004867	-0.0004439	-0.0003911	-0.0003360	-0.0002711	-0.0001948	-0.0001106	-0.0000180	+0.0000880	+0.0001916	+0.0002986	+0.0004054	+0.0005108	+0.0006152	+0.0007094	+0.0007908	+0.0008678	+0.0009442	+0.0010091	+0.0010663
2011-10	0.049	-0.0011431	-0.0010329	-0.0009313	-0.0008325	-0.0007316	-0.0006049	-0.0004846	-0.0003585	-0.0002292	-0.0000965	+0.0000393	+0.0001729	+0.0003012	+0.0004230	+0.0005366	+0.0006359	+0.0007379	+0.0008275	+0.0009094	+0.0009871	+0.0010474
2011-11	-0.034	-0.0014989	-0.0014161	-0.0013252	-0.0012247	-0.0011181	-0.0010057	-0.0008845	-0.0007600	-0.0006295	-0.0005032	-0.0003695	-0.0002437	-0.0001217	-0.0000039	+0.0001073	+0.0002114	+0.0003079	+0.0003943	+0.0004818	+0.0005600	+0.0006248
2011-12	0.007	-0.0015420	-0.0014673	-0.0013956	-0.0013055	-0.0012090	-0.0011132	-0.0010106	-0.0009018	-0.0007893	-0.0006739	-0.0005632	-0.0004636	-0.0003706	-0.0002832	-0.0002007	-0.0001176	-0.0000309	+0.0000589	+0.0001557	+0.0002719	+0.0003614
2012-01	0.026	-0.0015368	-0.0014518	-0.0013732	-0.0012764	-0.0011827	-0.0010777	-0.0009698	-0.0008526	-0.0007307	-0.0006024	-0.0004798	-0.0003618	-0.0002539	-0.0001559	-0.0000651	+0.0000206	+0.0000986	+0.0001686	+0.0002270	+0.0002892	+0.0003458
2012-02	0.059	-0.0015207	-0.0014413	-0.0013569	-0.0012673	-0.0011719	-0.0010708	-0.0009612	-0.0008436	-0.0007193	-0.0005972	-0.0004718	-0.0003537	-0.0002309	-0.0001167	-0.0000013	+0.0001122	+0.0002102	+0.0003027	+0.0003965	+0.0004781	+0.0005616
2012-03	-0.003	-0.0014911	-0.0014060	-0.0013134	-0.0012137	-0.0011002	-0.0009736	-0.0008341	-0.0006891	-0.0005270	-0.0003540	-0.0001743	+0.0000128	+0.0001950	+0.0003694	+0.0005315	+0.0006820	+0.0008217	+0.0009559	+0.0010657	+0.0011650	+0.0012475
2012-04	-0.009	-0.0012502	-0.0011523	-0.0010412	-0.0009157	-0.0007781	-0.0006184	-0.0004635	-0.0002936	-0.0001086	+0.0000926	+0.0003067	+0.0005100	+0.0007069	+0.0008934	+0.0010669	+0.0012332	+0.0013712	+0.0014976	+0.0016126	+0.0017209	+0.0018161
2012-05	-0.062	-0.0005361	-0.0004660	-0.0003918	-0.0002995	-0.0002002	-0.0000965	+0.0000314	+0.0001659	+0.0003124	+0.0004712	+0.0006298	+0.0007941	+0.0009574	+0.0011084	+0.0012502	+0.0013823	+0.0014994	+0.0016094	+0.0017043	+0.0017893	+0.0018694
2012-06	0.023	-0.0010573	-0.0009599	-0.0008388	-0.0007080	-0.0005632	-0.0004153	-0.0002542	-0.0000858	+0.0000993	+0.0002915	+0.0004855	+0.0006766	+0.0008650	+0.0010413	+0.0012021	+0.0013379	+0.0014715	+0.0015792	+0.0016793	+0.0017632	+0.0018546
2012-07	0.015	-0.0013068	-0.0012180	-0.0011175	-0.0009982	-0.0008602	-0.0007114	-0.0005466	-0.0003718	-0.0001797	+0.0000380	+0.0002569	+0.0004680	+0.0006829	+0.0008895	+0.0010756	+0.0012359	+0.0013790	+0.0015204	+0.0016555	+0.0017789	+0.0018610
2012-08	0.002	-0.0012654	-0.0011551	-0.0010483	-0.0009355	-0.0008029	-0.0006637	-0.0005052	-0.0003333	-0.0001392	+0.0000637	+0.0002763	+0.0004913	+0.0007009	+0.0008907	+0.0010713	+0.0012268	+0.0013745	+0.0015157	+0.0016380	+0.0017451	+0.0018578
2012-09	0.015	-0.0012538	-0.0011727	-0.0010758	-0.0009766	-0.0008564	-0.0007260	-0.0005851	-0.0004323	-0.0002619	-0.0000816	+0.0001027	+0.0002921	+0.0004756	+0.0006534	+0.0008145	+0.0009616	+0.0010961	+0.0012151	+0.0013311	+0.0014469	+0.0015450
2012-10	0.029	-0.0012598	-0.0011727	-0.0010950	-0.0010034	-0.0009012	-0.0007881	-0.0006695	-0.0005480	-0.0004179	-0.0002729	-0.0001305	+0.0000065	+0.0001345	+0.0002579	+0.0003678	+0.0004598	+0.0005389	+0.0006083	+0.0006715	+0.0007276	+0.0007789
2012-11	0.027	-0.0012436	-0.0011691	-0.0010782	-0.0009823	-0.0008650	-0.0007460	-0.0006206	-0.0004904	-0.0003538	-0.0002014	-0.0000533	+0.0000807	+0.0002125	+0.0003337	+0.0004422	+0.0005297	+0.0006027	+0.0006563	+0.0007005	+0.0007411	+0.0007825
2012-12	0.044	-0.0007855	-0.0007060	-0.0006087	-0.0005054	-0.0003979	-0.0002817	-0.0001577	-0.0000346	+0.0000950	+0.0002218	+0.0003481	+0.0004763	+0.0005829	+0.0006719	+0.0007492	+0.0008154	+0.0008752	+0.0009280	+0.0009775	+0.0010261	+0.0010624
2013-01	0.054	+0.0000409	+0.0000864	+0.0001421	+0.0001958	+0.0002614	+0.0003285	+0.0003966	+0.0004705	+0.0005490	+0.0006281	+0.0007054	+0.0007830	+0.0008581	+0.0009288	+0.0009941	+0.0010568	+0.0011115	+0.0011623	+0.0012059	+0.0012525	+0.0012962
2013-02	0.014	-0.0001371	-0.0000301	+0.0001461	+0.0003219	+0.0004267	+0.0005169	+0.0006006	+0.0006909	+0.0007901	+0.0008987	+0.0010146	+0.0011382	+0.0012647	+0.0013856	+0.0015044	+0.0016198	+0.0017210	+0.0018123	+0.0019099	+0.0019827	+0.0020551
2013-03	0.021	+0.0000721	+0.0002228	+0.0003612	+0.0004774	+0.0005858	+0.0006908	+0.0008057	+0.0009281	+0.0010669	+0.0012072	+0.0013571	+0.0015079	+0.0016538	+0.0017890	+0.0019243	+0.0020459	+0.0021674	+0.0022743	+0.0023557	+0.0024461	+0.0025220
2013-04	0.042	-0.0001049	+0.0000092	+0.0001882	+0.0005673	+0.0008660	+0.0009893	+0.0010938	+0.0012068	+0.0013227	+0.0014415	+0.0015635	+0.0016899	+0.0018170	+0.0019330	+0.0020420	+0.0021478	+0.0022461	+0.0023313	+0.0023971	+0.0024623	+0.0025321
2013-05	0.001	-0.0005845	-0.0004068	-0.0000985	+0.0009579	+0.0010709	+0.0011580	+0.0012376	+0.0013319	+0.0014531	+0.0015837	+0.0017100	+0.0018289	+0.0019513	+0.0020836	+0.0021957	+0.0022972	+0.0023757	+0.0024659	+0.0025506	+0.0026384	+0.0027200
2013-06	-0.069	-0.0000109	+0.0001085	+0.0002442	+0.0005679	+0.0011762	+0.0012867	+0.0013706	+0.0014540	+0.0015468	+0.0016472	+0.0017441	+0.0018446	+0.0019499	+0.0020475	+0.0021352	+0.0022214	+0.0023078	+0.0023785	+0.0024450	+0.0025069	+0.0025647
2013-07	-0.012	-0.0014586	-0.0010211	-0.0008494	-0.0006680	-0.0004093	+0.0000162	+0.0002765	+0.0005065	+0.0007666	+0.0011837	+0.0014879	+0.0017064	+0.0018759	+0.0020216	+0.0021608	+0.0022751	+0.0023739	+0.0024565	+0.0025330	+0.0026064	+0.0026815
2013-08	-0.033	-0.0018226	-0.0016290	-0.0013507	-0.0011919	-0.0010549	-0.0008714	-0.0005124	-0.0002782	-0.0000767	+0.0002517	+0.0005846	+0.0008025	+0.0010420	+0.0013483	+0.0015624	+0.0017222	+0.0018513	+0.0019487	+0.0020442	+0.0021393	+0.0022099
2013-09	0.024	-0.0018563	-0.0017742	-0.0016782	-0.0015265	-0.0013223	-0.0011308	-0.0009718	-0.0007835	-0.0005186	-0.0002558	-0.0000477	+0.0001903	+0.0004926	+0.0006747	+0.0008312	+0.0010152	+0.0012661	+0.0014077	+0.0014828	+0.0015367	+0.0015793
2013-10	0.030	-0.0018412	-0.0017646	-0.0016984	-0.0016027	-0.0014997	-0.0013680	-0.0011963	-0.0010087	-0.0008143	-0.0006072	-0.0003607	-0.0001241	+0.0000849	+0.0002950	+0.0005175	+0.0007090	+0.0008487	+0.0009792	+0.0011005	+0.0012687	+0.0014106
2013-11	0.000	-0.0018606	-0.0017914	-0.0016923	-0.0016002	-0.0014903	-0.0013671	-0.0012168	-0.0010478	-0.0008652	-0.0006722	-0.0004561	-0.0002498	-0.0000410	+0.0001521	+0.0003337	+0.0005067	+0.0006621	+0.0008045	+0.0009302	+0.0010341	+0.0011526
2013-12	0.016	-0.0018350	-0.0017667	-0.0016850	-0.0015987	-0.0014956	-0.0013798	-0.0012565	-0.0011093	-0.0009575	-0.0007889	-0.0006156	-0.0004404	-0.0002712	-0.0001085	+0.0000414	+0.0001761	+0.0003035	+0.0004125	+0.0005135	+0.0005969	+0.0006723
2014-01	-0.025	-0.0015792	-0.0015158	-0.0014235	-0.0013183	-0.0012104	-0.0010836	-0.0009438	-0.0007933	-0.0006333	-0.0004676	-0.0002976	-0.0001299	+0.0000303	+0.0001664	+0.0002947	+0.0004178	+0.0005234	+0.0006051	+0.0006764	+0.0007346	+0.0007904
2014-02	0.009	-0.0009598	-0.0008890	-0.0008032	-0.0007185	-0.0006314	-0.0005340	-0.0004254	-0.0003090	-0.0001842	-0.0000587	+0.0000651	+0.0001887	+0.0003036	+0.0004067	+0.0004998	+0.0005805	+0.0006468	+0.0007120	+0.0007723	+0.0008168	+0.0008625
2014-03	0.024	-0.0007539	-0.0006863	-0.0006068	-0.0005202	-0.0004416	-0.0003530	-0.0002575	-0.0001548	-0.0000513	+0.0000535	+0.0001544	+0.0002546	+0.0003483	+0.0004342	+0.0005120	+0.0005777	+0.0006394	+0.0006901	+0.0007444	+0.0008003	+0.0008537
2014-04	0.004	-0.0002260	-0.0001926	-0.0001569	-0.0001164	-0.0000680	-0.0000177	+0.0000346	+0.0000956	+0.0001608	+0.0002276	+0.0002992	+0.0003713	+0.0004399	+0.0005078	+0.0005697	+0.0006273	+0.0006797	+0.0007287	+0.0007753	+0.0008170	+0.0008599
2014-05	0.009	-0.0003435	-0.0002925	-0.0002463	-0.0001864	-0.0001170	-0.0000419	+0.0000273	+0.0001003	+0.0001861	+0.0002730	+0.0003526	+0.0004340	+0.0005170	+0.0005895	+0.0006544	+0.0007072	+0.0007527	+0.0007977	+0.0008341	+0.0008741	+0.0009038
2014-06	0.000	-0.0002726	-0.0002237	-0.0001687	-0.0001114	-0.0000538	+0.0000092	+0.0000823	+0.0001504	+0.0002176	+0.0002921	+0.0003661	+0.0004306	+0.0004970	+0.0005587	+0.0006128	+0.0006571	+0.0006969	+0.0007320	+0.0007644	+0.0007930	+0.0008218
2014-07	0.017	-0.0002897	-0.0002461	-0.0002030	-0.0001491	-0.0000913	-0.0000330	+0.0000287	+0.0000964	+0.0001720	+0.0002531	+0.0003278	+0.0004056	+0.0004850	+0.0005495	+0.0006088	+0.0006614	+0.0007077	+0.0007526	+0.0007945	+0.0008336	+0.0008662
2014-08	0.008	-0.0001803	-0.0001418	-0.0001022	-0.0000620	-0.0000152	+0.0000324	+0.0000836	+0.0001389	+0.0001973	+0.0002560	+0.0003127	+0.0003723	+0.0004296	+0.0004811	+0.0005321	+0.0005770	+0.0006194	+0.0006617	+0.0007015	+0.0007404	+0.0007713
2014-09	0.013	+0.0000112	+0.0000481	+0.0000900	+0.0001308	+0.0001657	+0.0002023	+0.0002404	+0.0002791	+0.0003207	+0.0003626	+0.0004054	+0.0004494	+0.0004944	+0.0005384	+0.0005793	+0.0006182	+0.0006544	+0.0006889	+0.0007216	+0.0007516	+0.0007804
2014-10	0.010	-0.0001516	-0.0001069	-0.0000427	+0.0000666	+0.0002337	+0.0002865	+0.0003270	+0.0003677	+0.0004078	+0.0004489	+0.0004897	+0.0005312	+0.0005722	+0.0006095	+0.0006459	+0.0006799	+0.0007135	+0.0007442	+0.0007726	+0.0008040	+0.0008301
2014-11	0.054	-0.0001927	-0.0001526	-0.0000946	+0.0000262	+0.0002256	+0.0002678	+0.0002994	+0.0003329	+0.0003677	+0.0004037	+0.0004393	+0.0004752	+0.0005099	+0.0005432	+0.0005743	+0.0006010	+0.0006276	+0.0006498	+0.0006729	+0.0006918	+0.0007099
2014-12	0.001	-0.0000213	+0.0000414	+0.0001296	+0.0001999	+0.0002433	+0.0002822	+0.0003220	+0.0003646	+0.0004126	+0.0004644	+0.0005225	+0.0005813	+0.0006382	+0.0006966	+0.0007535	+0.0008056	+0.0008523	+0.0008994	+0.0009456	+0.0009905	+0.0010324
2015-01	-0.009	+0.0000106	+0.0001151	+0.0001915	+0.0002485	+0.0002978	+0.0003518	+0.0004109	+0.0004810	+0.0005603	+0.0006426	+0.0007236	+0.0008145	+0.0009062	+0.0009905	+0.0010676	+0.0011420	+0.0012117	+0.0012777	+0.0013397	+0.0013916	+0.0014324
2015-02	0.002	-0.0002692	-0.0001827	-0.0000433	+0.0001254	+0.0002395	+0.0003263	+0.0003986	+0.0004780	+0.0005592	+0.0006493	+0.0007413	+0.0008327	+0.0009242	+0.0010099	+0.0010895	+0.0011655	+0.0012333	+0.0012950	+0.0013579	+0.0014189	+0.0014664
