2011-09	-0.131	-0.0006658	-0.0005894	-0.0005030	-0.0004021	-0.0003023	-0.0001978	-0.0000839	+0.0000456	+0.0001839	+0.0003316	+0.0004840	+0.0006395	+0.0007837	+0.0009314	+0.0010664	+0.0011995	+0.0013058	+0.0014092	+0.0015047	+0.0015834	+0.0016483
2011-10	0.090	-0.0019966	-0.0018280	-0.0016423	-0.0014484	-0.0012263	-0.0010232	-0.0008065	-0.0005786	-0.0003371	-0.0000950	+0.0001427	+0.0003620	+0.0005719	+0.0007622	+0.0009352	+0.0010816	+0.0012263	+0.0013552	+0.0014617	+0.0015759	+0.0016609
2011-11	-0.072	-0.0026519	-0.0024969	-0.0023285	-0.0021357	-0.0019346	-0.0017329	-0.0015134	-0.0012835	-0.0010376	-0.0007988	-0.0005523	-0.0003197	-0.0000944	+0.0001087	+0.0002940	+0.0004661	+0.0006123	+0.0007407	+0.0008623	+0.0009705	+0.0010623
2011-12	0.016	-0.0027110	-0.0025623	-0.0023971	-0.0022349	-0.0020617	-0.0018549	-0.0016504	-0.0014425	-0.0012212	-0.0010014	-0.0007839	-0.0005841	-0.0003962	-0.0002333	-0.0000823	+0.0000535	+0.0001788	+0.0003132	+0.0004464	+0.0005764	+0.0006887
2012-01	0.063	-0.0026888	-0.0025509	-0.0023950	-0.0022294	-0.0020580	-0.0018635	-0.0016558	-0.0014401	-0.0012152	-0.0009811	-0.0007478	-0.0005380	-0.0003464	-0.0001662	+0.0000007	+0.0001545	+0.0002818	+0.0004035	+0.0005066	+0.0006182	+0.0007187
2012-02	0.086	-0.0026830	-0.0025621	-0.0023956	-0.0022107	-0.0020434	-0.0018598	-0.0016731	-0.0014554	-0.0012306	-0.0010062	-0.0007905	-0.0005783	-0.0003755	-0.0001808	+0.0000065	+0.0001852	+0.0003585	+0.0005279	+0.0006801	+0.0008131	+0.0009765
2012-03	-0.040	-0.0026820	-0.0024990	-0.0023181	-0.0021419	-0.0019427	-0.0017100	-0.0014555	-0.0011932	-0.0009151	-0.0006273	-0.0003140	+0.0000041	+0.0003084	+0.0005968	+0.0008683	+0.0011195	+0.0013550	+0.0015533	+0.0017373	+0.0019093	+0.0020555
2012-04	-0.038	-0.0020662	-0.0019044	-0.0017246	-0.0015027	-0.0012875	-0.0010430	-0.0007969	-0.0005257	-0.0002319	+0.0000805	+0.0003807	+0.0006682	+0.0009560	+0.0012261	+0.0014665	+0.0016814	+0.0018808	+0.0020560	+0.0022140	+0.0023930	+0.0025236
2012-05	-0.062	-0.0009073	-0.0008109	-0.0006885	-0.0005710	-0.0004289	-0.0002791	-0.0001105	+0.0000796	+0.0002857	+0.0005077	+0.0007379	+0.0009788	+0.0012045	+0.0014176	+0.0016291	+0.0018172	+0.0019893	+0.0021473	+0.0023223	+0.0024802	+0.0026122
2012-06	-0.013	-0.0020194	-0.0018575	-0.0016736	-0.0014968	-0.0012623	-0.0010348	-0.0007920	-0.0005304	-0.0002467	+0.0000537	+0.0003524	+0.0006501	+0.0009507	+0.0012249	+0.0014812	+0.0016898	+0.0018969	+0.0020673	+0.0022406	+0.0023624	+0.0025166
2012-07	0.025	-0.0024085	-0.0023073	-0.0021775	-0.0020030	-0.0017793	-0.0015461	-0.0012998	-0.0010323	-0.0007228	-0.0003852	-0.0000540	+0.0002890	+0.0006246	+0.0009492	+0.0012505	+0.0014975	+0.0017583	+0.0019752	+0.0021813	+0.0023709	+0.0025364
2012-08	0.008	-0.0023736	-0.0022543	-0.0021094	-0.0019373	-0.0017538	-0.0015431	-0.0013048	-0.0010434	-0.0007450	-0.0004232	-0.0000922	+0.0002433	+0.0005789	+0.0008885	+0.0011652	+0.0014274	+0.0016685	+0.0018854	+0.0020842	+0.0022663	+0.0024387
2012-09	0.002	-0.0023534	-0.0022247	-0.0020859	-0.0019149	-0.0017503	-0.0015971	-0.0013961	-0.0011584	-0.0009130	-0.0006578	-0.0003848	-0.0001124	+0.0001474	+0.0003997	+0.0006316	+0.0008485	+0.0010313	+0.0012063	+0.0013672	+0.0015255	+0.0016550
2012-10	0.031	-0.0023682	-0.0022482	-0.0020965	-0.0019457	-0.0018016	-0.0016673	-0.0014908	-0.0012695	-0.0010707	-0.0008758	-0.0006373	-0.0004044	-0.0002173	-0.0000407	+0.0001547	+0.0003184	+0.0004386	+0.0005308	+0.0006103	+0.0006752	+0.0007222
2012-11	0.001	-0.0023442	-0.0021555	-0.0019874	-0.0018730	-0.0017404	-0.0015864	-0.0013354	-0.0011235	-0.0009664	-0.0007299	-0.0004386	-0.0002660	-0.0001013	+0.0001622	+0.0003450	+0.0004595	+0.0005372	+0.0006141	+0.0006864	+0.0007690	+0.0008708
2012-12	0.061	-0.0016283	-0.0015043	-0.0013256	-0.0011567	-0.0010232	-0.0008789	-0.0006842	-0.0004550	-0.0002983	-0.0001505	+0.0000516	+0.0003028	+0.0004380	+0.0005315	+0.0006022	+0.0006652	+0.0007191	+0.0007668	+0.0008119	+0.0008511	+0.0008931
2013-01	0.057	-0.0002193	-0.0001445	-0.0000714	-0.0000012	+0.0000728	+0.0001446	+0.0002169	+0.0002887	+0.0003584	+0.0004252	+0.0004906	+0.0005514	+0.0006094	+0.0006635	+0.0007108	+0.0007530	+0.0007912	+0.0008281	+0.0008594	+0.0008910	+0.0009216
2013-02	0.024	-0.0000222	+0.0000569	+0.0001591	+0.0002401	+0.0003060	+0.0003667	+0.0004264	+0.0004889	+0.0005596	+0.0006418	+0.0007477	+0.0008834	+0.0010131	+0.0011245	+0.0012362	+0.0013448	+0.0014664	+0.0015617	+0.0016413	+0.0017324	+0.0018454
2013-03	0.002	+0.0000662	+0.0001632	+0.0002270	+0.0002984	+0.0003615	+0.0004317	+0.0005108	+0.0006229	+0.0008092	+0.0010019	+0.0011587	+0.0013288	+0.0015353	+0.0017371	+0.0018995	+0.0020645	+0.0022384	+0.0023875	+0.0025266	+0.0026605	+0.0027750
2013-04	0.053	-0.0002089	-0.0000347	+0.0001925	+0.0004413	+0.0005551	+0.0006554	+0.0007962	+0.0009692	+0.0011358	+0.0013013	+0.0014822	+0.0016679	+0.0018440	+0.0020129	+0.0021749	+0.0023331	+0.0024667	+0.0025963	+0.0027193	+0.0028197	+0.0029356
2013-05	-0.031	-0.0005599	-0.0002663	+0.0002029	+0.0005734	+0.0006958	+0.0007975	+0.0009381	+0.0010948	+0.0012740	+0.0014678	+0.0016516	+0.0018470	+0.0020433	+0.0022225	+0.0024013	+0.0025509	+0.0027008	+0.0028374	+0.0029641	+0.0030760	+0.0031773
2013-06	-0.066	-0.0000787	+0.0000803	+0.0002992	+0.0006289	+0.0008222	+0.0009546	+0.0010853	+0.0012205	+0.0013593	+0.0015036	+0.0016562	+0.0018201	+0.0019808	+0.0021353	+0.0022794	+0.0024061	+0.0025338	+0.0026446	+0.0027550	+0.0028669	+0.0029705
2013-07	-0.019	-0.0017537	-0.0015241	-0.0013447	-0.0011024	-0.0007677	-0.0003350	-0.0000587	+0.0002403	+0.0005892	+0.0010141	+0.0013880	+0.0016884	+0.0019363	+0.0021653	+0.0023582	+0.0025201	+0.0026541	+0.0027798	+0.0029072	+0.0030155	+0.0031193
2013-08	-0.027	-0.0024730	-0.0022233	-0.0019088	-0.0017445	-0.0015750	-0.0013175	-0.0009403	-0.0006650	-0.0003521	+0.0000311	+0.0003864	+0.0007174	+0.0010327	+0.0013507	+0.0016310	+0.0018783	+0.0020821	+0.0022573	+0.0024056	+0.0025436	+0.0026622
2013-09	0.043	-0.0024377	-0.0023336	-0.0022149	-0.0020516	-0.0018426	-0.0016365	-0.0014302	-0.0011930	-0.0009057	-0.0006106	-0.0003409	-0.0000556	+0.0002386	+0.0004870	+0.0006971	+0.0009165	+0.0011424	+0.0013091	+0.0014396	+0.0015561	+0.0016531
2013-10	0.036	-0.0024125	-0.0023035	-0.0021997	-0.0020714	-0.0019253	-0.0017508	-0.0015696	-0.0013652	-0.0011326	-0.0008875	-0.0006389	-0.0003924	-0.0001449	+0.0000797	+0.0002774	+0.0004584	+0.0006233	+0.0007872	+0.0009174	+0.0010302	+0.0011365
2013-11	-0.016	-0.0024442	-0.0023371	-0.0022097	-0.0020590	-0.0018894	-0.0017106	-0.0015094	-0.0012997	-0.0010548	-0.0007957	-0.0005323	-0.0002731	-0.0000162	+0.0002378	+0.0004666	+0.0006580	+0.0008494	+0.0010183	+0.0011924	+0.0013373	+0.0014415
2013-12	0.019	-0.0024031	-0.0023026	-0.0021940	-0.0020624	-0.0019110	-0.0017525	-0.0015630	-0.0013650	-0.0011486	-0.0009109	-0.0006684	-0.0004109	-0.0001619	+0.0000559	+0.0002786	+0.0004742	+0.0006560	+0.0008100	+0.0009493	+0.0010756	+0.0011887
2014-01	-0.022	-0.0020222	-0.0019144	-0.0017891	-0.0016497	-0.0014924	-0.0013271	-0.0011480	-0.0009560	-0.0007533	-0.0005382	-0.0003192	-0.0000985	+0.0001143	+0.0003000	+0.0004830	+0.0006552	+0.0008036	+0.0009308	+0.0010583	+0.0011769	+0.0012877
2014-02	0.030	-0.0009904	-0.0009099	-0.0008304	-0.0007427	-0.0006469	-0.0005403	-0.0004193	-0.0002895	-0.0001544	-0.0000072	+0.0001465	+0.0002987	+0.0004505	+0.0005972	+0.0007354	+0.0008663	+0.0009886	+0.0010977	+0.0011904	+0.0012959	+0.0013751
2014-03	0.027	-0.0004931	-0.0004375	-0.0003794	-0.0003109	-0.0002480	-0.0001755	-0.0000916	-0.0000013	+0.0000928	+0.0001994	+0.0003127	+0.0004408	+0.0005712	+0.0006995	+0.0008172	+0.0009341	+0.0010430	+0.0011533	+0.0012537	+0.0013491	+0.0014290
2014-04	0.018	-0.0001642	-0.0001353	-0.0000979	-0.0000586	-0.0000190	+0.0000321	+0.0000895	+0.0001596	+0.0002454	+0.0003431	+0.0004546	+0.0005740	+0.0006902	+0.0008086	+0.0009289	+0.0010431	+0.0011438	+0.0012374	+0.0013377	+0.0014191	+0.0014917
2014-05	0.009	-0.0005782	-0.0004339	-0.0002399	-0.0001507	-0.0000907	-0.0000315	+0.0000324	+0.0001075	+0.0002034	+0.0003232	+0.0004640	+0.0005834	+0.0007022	+0.0008308	+0.0009656	+0.0010839	+0.0011755	+0.0012574	+0.0013355	+0.0014222	+0.0015190
2014-06	0.011	-0.0002316	-0.0001657	-0.0001062	-0.0000502	+0.0000159	+0.0000948	+0.0001902	+0.0002870	+0.0003842	+0.0004946	+0.0006136	+0.0007291	+0.0008370	+0.0009470	+0.0010536	+0.0011370	+0.0012209	+0.0012880	+0.0013644	+0.0014356	+0.0014894
2014-07	0.002	-0.0003120	-0.0001825	-0.0000965	-0.0000148	+0.0000520	+0.0001294	+0.0002164	+0.0003232	+0.0004389	+0.0005575	+0.0006780	+0.0008069	+0.0009423	+0.0010581	+0.0011557	+0.0012565	+0.0013632	+0.0014528	+0.0015220	+0.0015774	+0.0016228
2014-08	0.021	-0.0001338	-0.0000280	+0.0000436	+0.0001054	+0.0001608	+0.0002215	+0.0002898	+0.0003701	+0.0004688	+0.0005570	+0.0006490	+0.0007565	+0.0008618	+0.0009513	+0.0010425	+0.0011368	+0.0012178	+0.0012862	+0.0013427	+0.0014087	+0.0014846
2014-09	-0.026	-0.0000936	+0.0000369	+0.0001178	+0.0001805	+0.0002294	+0.0002792	+0.0003402	+0.0004177	+0.0005143	+0.0005967	+0.0006813	+0.0007862	+0.0008895	+0.0009743	+0.0010643	+0.0011526	+0.0012261	+0.0012833	+0.0013383	+0.0013991	+0.0014604
2014-10	0.024	-0.0002894	-0.0001756	-0.0000440	+0.0001428	+0.0002187	+0.0002830	+0.0003404	+0.0004122	+0.0005020	+0.0005890	+0.0006730	+0.0007637	+0.0008634	+0.0009532	+0.0010298	+0.0011108	+0.0011862	+0.0012525	+0.0013056	+0.0013530	+0.0014004
2014-11	0.030	-0.0004845	-0.0003980	-0.0003064	-0.0001720	-0.0000642	+0.0000279	+0.0001052	+0.0001795	+0.0002587	+0.0003317	+0.0004088	+0.0004877	+0.0005725	+0.0006470	+0.0007181	+0.0007861	+0.0008524	+0.0009119	+0.0009626	+0.0010120	+0.0010598
2014-12	-0.025	-0.0002789	-0.0002357	-0.0001873	-0.0001439	-0.0000943	-0.0000426	+0.0000126	+0.0000703	+0.0001309	+0.0001930	+0.0002544	+0.0003133	+0.0003675	+0.0004192	+0.0004657	+0.0005087	+0.0005506	+0.0005878	+0.0006225	+0.0006558	+0.0006844
2015-01	0.031	-0.0002796	-0.0002380	-0.0001846	-0.0001368	-0.0000842	-0.0000274	+0.0000336	+0.0000979	+0.0001647	+0.0002342	+0.0003082	+0.0003796	+0.0004501	+0.0005179	+0.0005753	+0.0006331	+0.0006879	+0.0007431	+0.0007923	+0.0008388	+0.0008806
2015-02	-0.025	-0.0003573	-0.0002939	-0.0002355	-0.0001690	-0.0001043	-0.0000278	+0.0000479	+0.0001216	+0.0002001	+0.0002771	+0.0003577	+0.0004339	+0.0005058	+0.0005735	+0.0006362	+0.0006874	+0.0007416	+0.0007888	+0.0008367	+0.0008745	+0.0009160
