2011-09	-0.009	-0.0011293	-0.0010724	-0.0010137	-0.0009480	-0.0008746	-0.0007952	-0.0007039	-0.0006022	-0.0004979	-0.0003900	-0.0002755	-0.0001667	-0.0000525	+0.0000566	+0.0001483	+0.0002376	+0.0003224	+0.0003911	+0.0004573	+0.0005147	+0.0005901
2011-10	0.034	-0.0012426	-0.0012035	-0.0011564	-0.0010982	-0.0010330	-0.0009658	-0.0008819	-0.0007838	-0.0006817	-0.0005662	-0.0004477	-0.0003246	-0.0002040	-0.0000897	+0.0000177	+0.0001187	+0.0002163	+0.0003012	+0.0003789	+0.0004575	+0.0005266
2011-11	-0.007	-0.0012895	-0.0012516	-0.0012090	-0.0011604	-0.0011013	-0.0010419	-0.0009711	-0.0008929	-0.0008064	-0.0007119	-0.0006100	-0.0005056	-0.0003998	-0.0002948	-0.0001936	-0.0000936	-0.0000022	+0.0000775	+0.0001601	+0.0002289	+0.0002994
2011-12	0.012	-0.0012992	-0.0012645	-0.0012171	-0.0011725	-0.0011190	-0.0010539	-0.0009805	-0.0008972	-0.0008076	-0.0007104	-0.0006044	-0.0004988	-0.0003950	-0.0002908	-0.0001873	-0.0000810	+0.0000155	+0.0001103	+0.0002078	+0.0003024	+0.0003953
2012-01	0.004	-0.0012752	-0.0012272	-0.0011678	-0.0011083	-0.0010296	-0.0009468	-0.0008489	-0.0007447	-0.0006306	-0.0005039	-0.0003752	-0.0002430	-0.0001130	+0.0000110	+0.0001235	+0.0002296	+0.0003228	+0.0004101	+0.0004893	+0.0005604	+0.0006212
2012-02	0.061	-0.0012583	-0.0012034	-0.0011321	-0.0010410	-0.0009507	-0.0008555	-0.0007532	-0.0006376	-0.0005052	-0.0003696	-0.0002333	-0.0000928	+0.0000412	+0.0001618	+0.0002738	+0.0003760	+0.0004696	+0.0005540	+0.0006212	+0.0006756	+0.0007305
2012-03	0.015	-0.0009575	-0.0008873	-0.0008044	-0.0007026	-0.0006024	-0.0004974	-0.0003846	-0.0002627	-0.0001328	+0.0000030	+0.0001381	+0.0002637	+0.0003887	+0.0005073	+0.0006072	+0.0006941	+0.0007711	+0.0008401	+0.0008999	+0.0009538	+0.0010017
2012-04	-0.008	-0.0004590	-0.0003778	-0.0002843	-0.0001998	-0.0000955	+0.0000020	+0.0001157	+0.0002350	+0.0003546	+0.0004862	+0.0006223	+0.0007568	+0.0008869	+0.0010173	+0.0011370	+0.0012500	+0.0013558	+0.0014517	+0.0015433	+0.0016369	+0.0017115
2012-05	-0.029	-0.0001601	-0.0000447	+0.0000896	+0.0002058	+0.0002897	+0.0003751	+0.0004594	+0.0005501	+0.0006551	+0.0007627	+0.0008798	+0.0009961	+0.0011133	+0.0012232	+0.0013231	+0.0014168	+0.0015114	+0.0015968	+0.0016718	+0.0017330	+0.0018017
2012-06	0.012	-0.0005823	-0.0004641	-0.0003587	-0.0002350	-0.0001168	+0.0000106	+0.0001392	+0.0002704	+0.0004197	+0.0005723	+0.0007188	+0.0008732	+0.0010130	+0.0011439	+0.0012688	+0.0013838	+0.0014826	+0.0015747	+0.0016581	+0.0017358	+0.0017929
2012-07	-0.001	-0.0007167	-0.0006514	-0.0005706	-0.0004807	-0.0003823	-0.0002721	-0.0001494	-0.0000158	+0.0001346	+0.0002981	+0.0004642	+0.0006364	+0.0008009	+0.0009656	+0.0011140	+0.0012486	+0.0013671	+0.0014831	+0.0015836	+0.0016744	+0.0017734
2012-08	0.011	-0.0007029	-0.0006346	-0.0005616	-0.0004807	-0.0003911	-0.0002864	-0.0001617	-0.0000306	+0.0001132	+0.0002694	+0.0004355	+0.0006067	+0.0007754	+0.0009368	+0.0010834	+0.0012257	+0.0013477	+0.0014570	+0.0015515	+0.0016435	+0.0017400
2012-09	-0.002	-0.0007317	-0.0006607	-0.0006003	-0.0005207	-0.0004372	-0.0003531	-0.0002426	-0.0001241	+0.0000087	+0.0001586	+0.0003204	+0.0004799	+0.0006404	+0.0007944	+0.0009545	+0.0010840	+0.0011949	+0.0013146	+0.0014545	+0.0015629	+0.0016321
2012-10	0.027	-0.0007290	-0.0006704	-0.0006100	-0.0005529	-0.0004849	-0.0004092	-0.0003311	-0.0002458	-0.0001540	-0.0000593	+0.0000422	+0.0001438	+0.0002481	+0.0003481	+0.0004606	+0.0005692	+0.0006584	+0.0007358	+0.0008226	+0.0009059	+0.0009820
2012-11	0.027	-0.0006985	-0.0006566	-0.0005951	-0.0005312	-0.0004627	-0.0003945	-0.0003286	-0.0002482	-0.0001690	-0.0000892	-0.0000097	+0.0000690	+0.0001437	+0.0002077	+0.0002617	+0.0003076	+0.0003487	+0.0003842	+0.0004178	+0.0004454	+0.0004716
2012-12	0.054	-0.0004343	-0.0003780	-0.0003238	-0.0002662	-0.0002000	-0.0001334	-0.0000580	+0.0000152	+0.0000933	+0.0001700	+0.0002454	+0.0003183	+0.0003852	+0.0004525	+0.0005142	+0.0005721	+0.0006271	+0.0006775	+0.0007245	+0.0007700	+0.0008194
2013-01	0.051	+0.0000040	+0.0000424	+0.0000817	+0.0001175	+0.0001557	+0.0001967	+0.0002457	+0.0003021	+0.0003697	+0.0004445	+0.0005199	+0.0006003	+0.0006835	+0.0007616	+0.0008398	+0.0009149	+0.0009834	+0.0010451	+0.0011056	+0.0011570	+0.0012121
2013-02	0.015	-0.0000778	+0.0000570	+0.0001587	+0.0002227	+0.0002851	+0.0003492	+0.0004217	+0.0005076	+0.0006113	+0.0007415	+0.0008769	+0.0010202	+0.0011562	+0.0012986	+0.0014444	+0.0015695	+0.0016883	+0.0017944	+0.0018973	+0.0019967	+0.0020898
2013-03	0.020	+0.0000296	+0.0001649	+0.0002707	+0.0003641	+0.0004519	+0.0005541	+0.0006798	+0.0008217	+0.0009706	+0.0011211	+0.0012888	+0.0014637	+0.0016274	+0.0017755	+0.0019310	+0.0020817	+0.0022085	+0.0023278	+0.0024207	+0.0025270	+0.0026297
2013-04	0.048	-0.0001382	-0.0000012	+0.0001944	+0.0005036	+0.0006927	+0.0008420	+0.0009818	+0.0011171	+0.0012550	+0.0013990	+0.0015458	+0.0016938	+0.0018390	+0.0019745	+0.0021056	+0.0022193	+0.0023268	+0.0024177	+0.0025005	+0.0025748	+0.0026419
2013-05	0.022	-0.0005105	-0.0002913	+0.0000369	+0.0008517	+0.0009896	+0.0011070	+0.0012233	+0.0013511	+0.0014802	+0.0016221	+0.0017606	+0.0019029	+0.0020378	+0.0021643	+0.0022929	+0.0024002	+0.0024957	+0.0025872	+0.0026723	+0.0027604	+0.0028408
2013-06	-0.051	+0.0001055	+0.0002054	+0.0003493	+0.0006654	+0.0012762	+0.0013990	+0.0015055	+0.0015959	+0.0016907	+0.0017895	+0.0018909	+0.0019903	+0.0020908	+0.0021890	+0.0022769	+0.0023588	+0.0024350	+0.0025078	+0.0025810	+0.0026429	+0.0026961
2013-07	0.009	-0.0010528	-0.0006613	-0.0003808	-0.0001477	+0.0000901	+0.0004378	+0.0007263	+0.0009194	+0.0011419	+0.0014308	+0.0016972	+0.0018926	+0.0020586	+0.0021921	+0.0023125	+0.0024259	+0.0025137	+0.0025878	+0.0026579	+0.0027231	+0.0027928
2013-08	-0.008	-0.0011194	-0.0009883	-0.0007772	-0.0005424	-0.0003963	-0.0002330	+0.0000113	+0.0002689	+0.0004514	+0.0007044	+0.0009754	+0.0011715	+0.0013728	+0.0015977	+0.0017761	+0.0019219	+0.0020403	+0.0021361	+0.0022252	+0.0023131	+0.0023869
2013-09	0.006	-0.0009971	-0.0009324	-0.0008409	-0.0007273	-0.0005830	-0.0004175	-0.0002673	-0.0001033	+0.0000882	+0.0003059	+0.0004891	+0.0006792	+0.0009025	+0.0010666	+0.0012035	+0.0013510	+0.0015164	+0.0016434	+0.0017187	+0.0017771	+0.0018237
2013-10	0.020	-0.0009981	-0.0009378	-0.0008563	-0.0007756	-0.0006940	-0.0005850	-0.0004524	-0.0003006	-0.0001379	+0.0000324	+0.0002155	+0.0004128	+0.0005887	+0.0007527	+0.0009267	+0.0010903	+0.0012158	+0.0013139	+0.0014081	+0.0015366	+0.0016682
2013-11	0.033	-0.0009662	-0.0009056	-0.0008410	-0.0007682	-0.0006953	-0.0006116	-0.0005151	-0.0003967	-0.0002625	-0.0001120	+0.0000470	+0.0002117	+0.0003754	+0.0005331	+0.0006769	+0.0008146	+0.0009406	+0.0010507	+0.0011573	+0.0012616	+0.0013593
2013-12	0.025	-0.0009486	-0.0008976	-0.0008397	-0.0007734	-0.0007013	-0.0006263	-0.0005393	-0.0004475	-0.0003447	-0.0002367	-0.0001274	-0.0000170	+0.0000934	+0.0001999	+0.0002974	+0.0003937	+0.0004783	+0.0005588	+0.0006401	+0.0007090	+0.0007692
2014-01	-0.013	-0.0007718	-0.0007010	-0.0006426	-0.0005719	-0.0004865	-0.0003966	-0.0002945	-0.0001913	-0.0000749	+0.0000477	+0.0001745	+0.0002992	+0.0004193	+0.0005347	+0.0006402	+0.0007411	+0.0008321	+0.0009119	+0.0009887	+0.0010552	+0.0011163
2014-02	0.002	-0.0002677	-0.0002148	-0.0001644	-0.0001055	-0.0000424	+0.0000312	+0.0001102	+0.0001940	+0.0002868	+0.0003912	+0.0004968	+0.0006023	+0.0007068	+0.0008050	+0.0008979	+0.0009800	+0.0010583	+0.0011262	+0.0011831	+0.0012353	+0.0012910
2014-03	0.010	-0.0002586	-0.0001960	-0.0001353	-0.0000718	-0.0000069	+0.0000639	+0.0001456	+0.0002334	+0.0003272	+0.0004239	+0.0005255	+0.0006271	+0.0007261	+0.0008160	+0.0009072	+0.0009921	+0.0010637	+0.0011275	+0.0011915	+0.0012454	+0.0013032
2014-04	0.002	-0.0002033	-0.0001382	-0.0000752	-0.0000122	+0.0000497	+0.0001137	+0.0001848	+0.0002688	+0.0003562	+0.0004507	+0.0005453	+0.0006445	+0.0007436	+0.0008306	+0.0009154	+0.0009976	+0.0010743	+0.0011367	+0.0011933	+0.0012469	+0.0013164
2014-05	0.000	-0.0003862	-0.0002356	-0.0001290	-0.0000549	+0.0000051	+0.0000669	+0.0001399	+0.0002216	+0.0003303	+0.0004431	+0.0005475	+0.0006502	+0.0007745	+0.0008976	+0.0009868	+0.0010610	+0.0011359	+0.0012237	+0.0013133	+0.0013680	+0.0014054
2014-06	0.002	-0.0003107	-0.0002142	-0.0001120	-0.0000477	+0.0000017	+0.0000572	+0.0001179	+0.0001949	+0.0002948	+0.0003904	+0.0004774	+0.0005722	+0.0006906	+0.0007782	+0.0008504	+0.0009440	+0.0010376	+0.0010965	+0.0011426	+0.0011923	+0.0012756
2014-07	0.009	-0.0004009	-0.0003467	-0.0002055	-0.0001106	-0.0000586	-0.0000153	+0.0000282	+0.0000739	+0.0001199	+0.0001689	+0.0002243	+0.0002974	+0.0004147	+0.0005260	+0.0005923	+0.0006509	+0.0007241	+0.0008330	+0.0009314	+0.0009776	+0.0010194
2014-08	0.011	-0.0001734	-0.0001479	-0.0001164	-0.0000872	-0.0000533	-0.0000189	+0.0000136	+0.0000451	+0.0000760	+0.0001070	+0.0001373	+0.0001657	+0.0001931	+0.0002210	+0.0002489	+0.0002764	+0.0003047	+0.0003304	+0.0003550	+0.0003797	+0.0003960
2014-09	0.034	-0.0000948	-0.0000764	-0.0000561	-0.0000351	-0.0000127	+0.0000111	+0.0000384	+0.0000652	+0.0000932	+0.0001229	+0.0001522	+0.0001838	+0.0002153	+0.0002455	+0.0002754	+0.0003040	+0.0003300	+0.0003564	+0.0003795	+0.0004032	+0.0004257
2014-10	0.005	-0.0000682	-0.0000356	+0.0000044	+0.0000362	+0.0000634	+0.0000892	+0.0001176	+0.0001483	+0.0001855	+0.0002332	+0.0002962	+0.0003628	+0.0004276	+0.0004858	+0.0005480	+0.0006117	+0.0006716	+0.0007203	+0.0007648	+0.0008096	+0.0008506
2014-11	0.067	-0.0001351	-0.0000566	+0.0000048	+0.0000459	+0.0000790	+0.0001135	+0.0001530	+0.0002034	+0.0002619	+0.0003291	+0.0003967	+0.0004701	+0.0005426	+0.0006180	+0.0006838	+0.0007476	+0.0008081	+0.0008655	+0.0009259	+0.0009648	+0.0010059
2014-12	0.007	-0.0000669	+0.0000116	+0.0000523	+0.0000928	+0.0001370	+0.0001947	+0.0002639	+0.0003523	+0.0004428	+0.0005277	+0.0006230	+0.0007267	+0.0008283	+0.0009187	+0.0010094	+0.0010919	+0.0011706	+0.0012378	+0.0013080	+0.0013612	+0.0014244
2015-01	-0.007	+0.0000215	+0.0000752	+0.0001409	+0.0002047	+0.0002911	+0.0003788	+0.0004801	+0.0005818	+0.0006895	+0.0008095	+0.0009319	+0.0010509	+0.0011707	+0.0012833	+0.0013874	+0.0014793	+0.0015633	+0.0016410	+0.0017127	+0.0017763	+0.0018222
2015-02	-0.002	-0.0002912	-0.0001667	-0.0000059	+0.0001622	+0.0002942	+0.0004100	+0.0005233	+0.0006390	+0.0007489	+0.0008727	+0.0009961	+0.0011163	+0.0012295	+0.0013402	+0.0014385	+0.0015244	+0.0015996	+0.0016734	+0.0017461	+0.0018089	+0.0018639
