2011-12	-0.008	-0.0059637	-0.0056933	-0.0054116	-0.0051187	-0.0047669	-0.0044002	-0.0039743	-0.0035345	-0.0030628	-0.0025323	-0.0020681	-0.0016160	-0.0011460	-0.0006683	-0.0003120	-0.0000325	+0.0002001	+0.0004165	+0.0006727	+0.0012151	+0.0017259
2012-01	0.082	-0.0052524	-0.0050055	-0.0047129	-0.0044304	-0.0041411	-0.0038200	-0.0034590	-0.0030793	-0.0026792	-0.0022656	-0.0018402	-0.0014411	-0.0010616	-0.0006945	-0.0003873	-0.0001249	+0.0001183	+0.0003363	+0.0005613	+0.0007712	+0.0009422
2012-02	0.184	-0.0052102	-0.0049499	-0.0046924	-0.0044288	-0.0041225	-0.0038011	-0.0034571	-0.0030807	-0.0026727	-0.0022439	-0.0018273	-0.0014031	-0.0009914	-0.0006088	-0.0002294	+0.0001024	+0.0004305	+0.0007416	+0.0010192	+0.0012578	+0.0015210
2012-03	0.013	-0.0049258	-0.0046615	-0.0043566	-0.0039936	-0.0036190	-0.0032203	-0.0028008	-0.0022921	-0.0017795	-0.0012412	-0.0006912	-0.0001615	+0.0003782	+0.0008954	+0.0013677	+0.0018156	+0.0022256	+0.0025943	+0.0029069	+0.0031905	+0.0034720
2012-04	-0.058	-0.0029491	-0.0026712	-0.0023672	-0.0020536	-0.0016833	-0.0013005	-0.0008968	-0.0004718	+0.0000288	+0.0005308	+0.0010508	+0.0015834	+0.0021220	+0.0025969	+0.0030495	+0.0034826	+0.0038972	+0.0042343	+0.0044955	+0.0047776	+0.0050702
2012-05	-0.199	-0.0014954	-0.0012973	-0.0011152	-0.0009104	-0.0006624	-0.0003569	-0.0000053	+0.0003795	+0.0007896	+0.0012384	+0.0016937	+0.0021507	+0.0026215	+0.0030435	+0.0034618	+0.0038356	+0.0041708	+0.0045054	+0.0047804	+0.0050146	+0.0052818
2012-06	0.076	-0.0038568	-0.0034957	-0.0031337	-0.0027507	-0.0023015	-0.0018234	-0.0012921	-0.0007398	-0.0001419	+0.0004529	+0.0010664	+0.0016659	+0.0022501	+0.0027974	+0.0032860	+0.0037186	+0.0041112	+0.0044291	+0.0047253	+0.0049624	+0.0051809
2012-07	-0.002	-0.0049255	-0.0045570	-0.0041426	-0.0037217	-0.0032525	-0.0027742	-0.0022414	-0.0016433	-0.0009987	-0.0003184	+0.0003934	+0.0010562	+0.0017405	+0.0023599	+0.0029414	+0.0034542	+0.0039088	+0.0043205	+0.0046776	+0.0050298	+0.0052704
2012-08	0.002	-0.0047618	-0.0044334	-0.0040681	-0.0036669	-0.0032138	-0.0027408	-0.0022027	-0.0016210	-0.0009905	-0.0003243	+0.0003578	+0.0010430	+0.0016932	+0.0023038	+0.0028516	+0.0033464	+0.0037905	+0.0042112	+0.0045868	+0.0048806	+0.0051857
2012-09	0.012	-0.0047761	-0.0044675	-0.0041206	-0.0037687	-0.0033406	-0.0029043	-0.0023998	-0.0018658	-0.0012950	-0.0006878	-0.0000811	+0.0005235	+0.0011128	+0.0016530	+0.0021562	+0.0025890	+0.0029922	+0.0033586	+0.0036690	+0.0040392	+0.0043544
2012-10	0.016	-0.0048568	-0.0045208	-0.0042382	-0.0039375	-0.0035506	-0.0031616	-0.0027612	-0.0023079	-0.0018358	-0.0013451	-0.0008509	-0.0003719	+0.0000794	+0.0004838	+0.0008514	+0.0011782	+0.0014298	+0.0016789	+0.0018908	+0.0020929	+0.0022890
2012-11	0.080	-0.0048841	-0.0046567	-0.0043383	-0.0040442	-0.0036923	-0.0032677	-0.0028966	-0.0024733	-0.0020244	-0.0015551	-0.0011073	-0.0006710	-0.0002538	+0.0001204	+0.0004352	+0.0007257	+0.0009476	+0.0011669	+0.0013450	+0.0015299	+0.0016914
2012-12	0.147	-0.0034547	-0.0032058	-0.0029010	-0.0026234	-0.0023090	-0.0019520	-0.0015753	-0.0012132	-0.0008272	-0.0004423	-0.0000696	+0.0002766	+0.0005843	+0.0008534	+0.0010994	+0.0013001	+0.0014793	+0.0016608	+0.0018333	+0.0019786	+0.0021294
2013-01	0.150	-0.0008237	-0.0007079	-0.0005788	-0.0004217	-0.0002604	-0.0000834	+0.0001100	+0.0003266	+0.0005656	+0.0008127	+0.0010733	+0.0013523	+0.0016245	+0.0018876	+0.0021317	+0.0023700	+0.0026089	+0.0028132	+0.0030122	+0.0032119	+0.0033892
2013-02	0.010	-0.0008677	-0.0006738	-0.0004755	-0.0002491	-0.0000272	+0.0002168	+0.0004951	+0.0008120	+0.0011884	+0.0016012	+0.0020471	+0.0025154	+0.0029868	+0.0034423	+0.0038878	+0.0043157	+0.0046933	+0.0050333	+0.0053680	+0.0056794	+0.0059715
2013-03	0.130	-0.0006923	-0.0004974	-0.0002808	-0.0000297	+0.0002739	+0.0006239	+0.0010393	+0.0014875	+0.0019595	+0.0024806	+0.0030400	+0.0036188	+0.0041396	+0.0046421	+0.0051677	+0.0056250	+0.0060218	+0.0063999	+0.0067612	+0.0070601	+0.0073602
2013-04	0.136	-0.0005013	-0.0001778	+0.0001969	+0.0005391	+0.0009846	+0.0014138	+0.0018596	+0.0023603	+0.0028547	+0.0033716	+0.0038894	+0.0043975	+0.0048995	+0.0053644	+0.0057862	+0.0061583	+0.0064755	+0.0067815	+0.0070331	+0.0072568	+0.0074691
2013-05	-0.058	-0.0010703	-0.0003946	+0.0004448	+0.0015863	+0.0022553	+0.0027656	+0.0032178	+0.0036666	+0.0041072	+0.0045666	+0.0050067	+0.0054355	+0.0058413	+0.0062086	+0.0065513	+0.0068513	+0.0070919	+0.0073234	+0.0075507	+0.0077460	+0.0079331
2013-06	-0.085	+0.0004005	+0.0006883	+0.0011036	+0.0018971	+0.0036963	+0.0040352	+0.0043042	+0.0045534	+0.0048212	+0.0050994	+0.0053827	+0.0056642	+0.0059449	+0.0062076	+0.0064578	+0.0066792	+0.0068983	+0.0071076	+0.0072789	+0.0074418	+0.0075942
2013-07	0.008	-0.0039582	-0.0025013	-0.0017538	-0.0011804	-0.0005815	+0.0005892	+0.0015569	+0.0021521	+0.0028255	+0.0038081	+0.0047710	+0.0053370	+0.0058108	+0.0061763	+0.0065205	+0.0068391	+0.0071100	+0.0073266	+0.0075492	+0.0077447	+0.0079162
2013-08	-0.024	-0.0032547	-0.0029132	-0.0022893	-0.0017087	-0.0012883	-0.0008287	-0.0001586	+0.0005702	+0.0011326	+0.0018066	+0.0026153	+0.0032083	+0.0037615	+0.0044198	+0.0049607	+0.0053426	+0.0056639	+0.0059639	+0.0061908	+0.0064035	+0.0065673
2013-09	0.125	-0.0030941	-0.0028418	-0.0025176	-0.0021690	-0.0017313	-0.0013028	-0.0008335	-0.0002976	+0.0002684	+0.0008547	+0.0014218	+0.0020247	+0.0025876	+0.0030887	+0.0035309	+0.0039588	+0.0043367	+0.0046657	+0.0049329	+0.0051080	+0.0052385
2013-10	0.012	-0.0030277	-0.0027669	-0.0025311	-0.0022662	-0.0019742	-0.0016388	-0.0012559	-0.0008304	-0.0003534	+0.0001628	+0.0006883	+0.0012356	+0.0017580	+0.0022380	+0.0027113	+0.0031385	+0.0034949	+0.0038488	+0.0041579	+0.0044251	+0.0046725
2013-11	0.038	-0.0029612	-0.0027586	-0.0024828	-0.0022465	-0.0019599	-0.0016436	-0.0013122	-0.0009396	-0.0005349	-0.0000996	+0.0003581	+0.0008120	+0.0012416	+0.0016656	+0.0020438	+0.0023942	+0.0026964	+0.0029829	+0.0032571	+0.0034602	+0.0036601
2013-12	0.050	-0.0029870	-0.0027798	-0.0025494	-0.0023045	-0.0020463	-0.0017796	-0.0014889	-0.0011697	-0.0008406	-0.0004818	-0.0001060	+0.0002681	+0.0006061	+0.0009261	+0.0012213	+0.0014766	+0.0016991	+0.0018942	+0.0020708	+0.0022103	+0.0023427
2014-01	-0.096	-0.0017491	-0.0015548	-0.0013899	-0.0011748	-0.0009538	-0.0007326	-0.0004946	-0.0002275	+0.0000569	+0.0003557	+0.0006483	+0.0009372	+0.0012029	+0.0014503	+0.0016693	+0.0018552	+0.0020208	+0.0021809	+0.0023063	+0.0024345	+0.0025420
2014-02	0.005	-0.0006273	-0.0005091	-0.0003700	-0.0002148	-0.0000498	+0.0001216	+0.0003103	+0.0005092	+0.0007290	+0.0009470	+0.0011644	+0.0013771	+0.0015807	+0.0017687	+0.0019334	+0.0020972	+0.0022323	+0.0023480	+0.0024525	+0.0025508	+0.0026538
2014-03	0.002	-0.0013743	-0.0012019	-0.0010345	-0.0008429	-0.0006622	-0.0004473	-0.0002100	+0.0000346	+0.0003041	+0.0005772	+0.0008497	+0.0011063	+0.0013576	+0.0015903	+0.0018032	+0.0019914	+0.0021561	+0.0022932	+0.0024189	+0.0025421	+0.0026426
2014-04	-0.009	-0.0019793	-0.0017951	-0.0015969	-0.0014008	-0.0011858	-0.0009233	-0.0006606	-0.0003817	-0.0000828	+0.0002323	+0.0005526	+0.0008671	+0.0011607	+0.0014384	+0.0016891	+0.0019128	+0.0020882	+0.0022553	+0.0023845	+0.0025116	+0.0026204
2014-05	0.035	-0.0024040	-0.0022153	-0.0020499	-0.0018525	-0.0016109	-0.0013676	-0.0011016	-0.0008154	-0.0004824	-0.0001434	+0.0001903	+0.0005194	+0.0008309	+0.0011243	+0.0014022	+0.0016384	+0.0018428	+0.0020246	+0.0021849	+0.0023232	+0.0024632
2014-06	0.054	-0.0019765	-0.0018471	-0.0016910	-0.0015371	-0.0013620	-0.0011748	-0.0009597	-0.0007329	-0.0004845	-0.0002308	+0.0000304	+0.0002900	+0.0005470	+0.0007805	+0.0009955	+0.0011856	+0.0013614	+0.0015276	+0.0016771	+0.0018098	+0.0019164
2014-07	0.037	-0.0022775	-0.0021208	-0.0019638	-0.0017585	-0.0015758	-0.0013534	-0.0011093	-0.0008528	-0.0005635	-0.0002725	+0.0000382	+0.0003404	+0.0006339	+0.0009016	+0.0011642	+0.0013889	+0.0015770	+0.0017457	+0.0018953	+0.0020541	+0.0021975
2014-08	0.008	-0.0018606	-0.0017134	-0.0015445	-0.0013536	-0.0011614	-0.0009601	-0.0007295	-0.0004794	-0.0002148	+0.0000597	+0.0003393	+0.0006137	+0.0008703	+0.0011127	+0.0013335	+0.0015349	+0.0017036	+0.0018550	+0.0020022	+0.0021434	+0.0022485
2014-09	0.029	-0.0012552	-0.0011056	-0.0009384	-0.0007703	-0.0005799	-0.0003791	-0.0001637	+0.0000622	+0.0002945	+0.0005283	+0.0007597	+0.0009810	+0.0011912	+0.0013790	+0.0015475	+0.0016981	+0.0018370	+0.0019561	+0.0020549	+0.0021687	+0.0022707
2014-10	-0.036	-0.0004290	-0.0002670	-0.0000900	+0.0000895	+0.0002365	+0.0003873	+0.0005239	+0.0006626	+0.0008106	+0.0009663	+0.0011242	+0.0012792	+0.0014197	+0.0015603	+0.0016889	+0.0018038	+0.0019084	+0.0020123	+0.0020936	+0.0021677	+0.0022453
2014-11	0.106	-0.0006494	-0.0005016	-0.0003661	-0.0002315	-0.0000772	+0.0000807	+0.0002427	+0.0004232	+0.0006065	+0.0007880	+0.0009684	+0.0011437	+0.0013031	+0.0014538	+0.0015886	+0.0017098	+0.0018233	+0.0019372	+0.0020242	+0.0020966	+0.0021685
2014-12	-0.004	-0.0004713	-0.0003362	-0.0001824	-0.0000278	+0.0001290	+0.0003080	+0.0004836	+0.0006626	+0.0008562	+0.0010418	+0.0012237	+0.0013933	+0.0015468	+0.0016806	+0.0018020	+0.0019136	+0.0020105	+0.0020950	+0.0021651	+0.0022373	+0.0023011
2015-01	-0.067	-0.0004633	-0.0003072	-0.0001505	+0.0000002	+0.0001871	+0.0003723	+0.0005669	+0.0007771	+0.0009906	+0.0012056	+0.0014172	+0.0016174	+0.0018039	+0.0019728	+0.0021381	+0.0022838	+0.0024194	+0.0025230	+0.0026356	+0.0027323	+0.0028227
2015-02	-0.037	-0.0011958	-0.0010061	-0.0008343	-0.0006317	-0.0004416	-0.0002453	-0.0000396	+0.0001886	+0.0004218	+0.0006493	+0.0009062	+0.0011381	+0.0013713	+0.0015932	+0.0017811	+0.0019690	+0.0021397	+0.0022811	+0.0024063	+0.0025505	+0.0026610
