2011-09	-0.126	-0.0030392	-0.0028791	-0.0027088	-0.0025076	-0.0022808	-0.0020433	-0.0017690	-0.0014693	-0.0011581	-0.0008157	-0.0004755	-0.0001474	+0.0001788	+0.0004894	+0.0007701	+0.0010412	+0.0012700	+0.0014796	+0.0016771	+0.0018619	+0.0020280
2011-10	0.126	-0.0049844	-0.0046852	-0.0043572	-0.0040447	-0.0037235	-0.0033604	-0.0029389	-0.0025148	-0.0020624	-0.0016096	-0.0011408	-0.0006951	-0.0002718	+0.0001336	+0.0005078	+0.0008340	+0.0011305	+0.0013892	+0.0016379	+0.0018497	+0.0020229
2011-11	-0.077	-0.0054178	-0.0051473	-0.0048848	-0.0045999	-0.0042866	-0.0039503	-0.0035997	-0.0032212	-0.0028074	-0.0023841	-0.0019542	-0.0015306	-0.0011289	-0.0007467	-0.0003998	-0.0000841	+0.0002126	+0.0004630	+0.0007107	+0.0009584	+0.0011362
2011-12	-0.010	-0.0054911	-0.0052417	-0.0049888	-0.0047037	-0.0044064	-0.0040840	-0.0037488	-0.0033768	-0.0030023	-0.0026209	-0.0022332	-0.0018694	-0.0015257	-0.0012001	-0.0009050	-0.0006333	-0.0003546	-0.0000234	+0.0003704	+0.0007815	+0.0010994
2012-01	0.072	-0.0054307	-0.0052087	-0.0049313	-0.0045738	-0.0042480	-0.0039247	-0.0035441	-0.0031224	-0.0027075	-0.0022695	-0.0018228	-0.0014132	-0.0010073	-0.0006339	-0.0002966	+0.0000127	+0.0002856	+0.0005904	+0.0008700	+0.0011405	+0.0014082
2012-02	0.116	-0.0053830	-0.0050785	-0.0048132	-0.0045135	-0.0041510	-0.0038159	-0.0034336	-0.0030161	-0.0025884	-0.0021312	-0.0016829	-0.0012307	-0.0007918	-0.0003934	-0.0000098	+0.0003433	+0.0006644	+0.0009524	+0.0012383	+0.0015188	+0.0017585
2012-03	0.003	-0.0049953	-0.0047267	-0.0043871	-0.0039816	-0.0035770	-0.0031453	-0.0026764	-0.0021610	-0.0016206	-0.0010923	-0.0005474	-0.0000070	+0.0004876	+0.0009515	+0.0013807	+0.0017565	+0.0020953	+0.0023987	+0.0026540	+0.0029041	+0.0030978
2012-04	-0.014	-0.0031522	-0.0028594	-0.0025477	-0.0021463	-0.0017565	-0.0013429	-0.0009174	-0.0004715	+0.0000026	+0.0004567	+0.0009165	+0.0013429	+0.0017447	+0.0021091	+0.0024551	+0.0027557	+0.0030138	+0.0032646	+0.0034829	+0.0036657	+0.0038559
2012-05	-0.115	-0.0007545	-0.0006157	-0.0004898	-0.0003108	-0.0001054	+0.0001082	+0.0003580	+0.0006253	+0.0009211	+0.0012240	+0.0015364	+0.0018531	+0.0021622	+0.0024544	+0.0027359	+0.0029706	+0.0031928	+0.0033899	+0.0036029	+0.0037765	+0.0039401
2012-06	-0.017	-0.0022692	-0.0020128	-0.0017473	-0.0014537	-0.0011734	-0.0008522	-0.0005030	-0.0001332	+0.0002645	+0.0006685	+0.0010764	+0.0014796	+0.0018756	+0.0022393	+0.0025638	+0.0028506	+0.0030986	+0.0033192	+0.0035158	+0.0036838	+0.0038468
2012-07	-0.006	-0.0030552	-0.0028482	-0.0026322	-0.0023378	-0.0020460	-0.0017013	-0.0013430	-0.0009440	-0.0005221	-0.0000528	+0.0004165	+0.0008726	+0.0013395	+0.0017741	+0.0021627	+0.0025097	+0.0028302	+0.0031308	+0.0033932	+0.0036450	+0.0038326
2012-08	0.029	-0.0030758	-0.0028891	-0.0027020	-0.0024826	-0.0022230	-0.0019185	-0.0015799	-0.0012039	-0.0007942	-0.0003614	+0.0001129	+0.0005932	+0.0010495	+0.0014796	+0.0018909	+0.0022608	+0.0025830	+0.0028953	+0.0031819	+0.0034758	+0.0037676
2012-09	0.047	-0.0030438	-0.0028915	-0.0027227	-0.0025149	-0.0023036	-0.0020613	-0.0017834	-0.0014666	-0.0011274	-0.0007713	-0.0003835	+0.0000012	+0.0003946	+0.0007592	+0.0011113	+0.0014256	+0.0017097	+0.0019827	+0.0022472	+0.0024685	+0.0027339
2012-10	0.029	-0.0030897	-0.0029242	-0.0027211	-0.0025417	-0.0023251	-0.0021045	-0.0018478	-0.0015808	-0.0012997	-0.0009968	-0.0006808	-0.0003692	-0.0000622	+0.0002150	+0.0004709	+0.0006940	+0.0009186	+0.0011027	+0.0012770	+0.0014220	+0.0015599
2012-11	0.062	-0.0030975	-0.0029297	-0.0027345	-0.0025206	-0.0022871	-0.0020338	-0.0017695	-0.0014831	-0.0011918	-0.0008770	-0.0005506	-0.0002214	+0.0000853	+0.0003637	+0.0006405	+0.0008815	+0.0010853	+0.0012687	+0.0014553	+0.0016188	+0.0017348
2012-12	0.075	-0.0023384	-0.0021422	-0.0019608	-0.0017594	-0.0015384	-0.0012789	-0.0010151	-0.0007247	-0.0004268	-0.0001176	+0.0001898	+0.0004804	+0.0007552	+0.0010113	+0.0012155	+0.0013988	+0.0015507	+0.0016713	+0.0017854	+0.0018891	+0.0019741
2013-01	0.055	-0.0008345	-0.0006900	-0.0005360	-0.0003792	-0.0002015	-0.0000001	+0.0001984	+0.0003975	+0.0006152	+0.0008391	+0.0010581	+0.0012716	+0.0014722	+0.0016501	+0.0018100	+0.0019525	+0.0020828	+0.0021987	+0.0023059	+0.0024083	+0.0024924
2013-02	0.029	+0.0000333	+0.0002023	+0.0003986	+0.0005778	+0.0007441	+0.0008936	+0.0010588	+0.0012300	+0.0014110	+0.0016030	+0.0018104	+0.0020120	+0.0022154	+0.0024074	+0.0025865	+0.0027628	+0.0029154	+0.0030613	+0.0031700	+0.0032913	+0.0034055
2013-03	0.001	+0.0002139	+0.0004268	+0.0006860	+0.0009426	+0.0011739	+0.0013708	+0.0015575	+0.0017473	+0.0019381	+0.0021292	+0.0023169	+0.0025058	+0.0026912	+0.0028666	+0.0030189	+0.0031683	+0.0032948	+0.0034084	+0.0035089	+0.0036162	+0.0036915
2013-04	0.036	-0.0002616	-0.0000946	+0.0001335	+0.0007153	+0.0013506	+0.0015460	+0.0017094	+0.0018727	+0.0020347	+0.0022028	+0.0023781	+0.0025543	+0.0027244	+0.0028861	+0.0030362	+0.0031725	+0.0032978	+0.0034093	+0.0035131	+0.0036179	+0.0037026
2013-05	0.045	-0.0014203	-0.0011012	-0.0005258	+0.0006294	+0.0008915	+0.0011252	+0.0013513	+0.0015792	+0.0018088	+0.0020485	+0.0022870	+0.0025159	+0.0027376	+0.0029429	+0.0031304	+0.0032977	+0.0034575	+0.0035955	+0.0037043	+0.0038079	+0.0039000
2013-06	-0.118	-0.0001399	+0.0000897	+0.0003568	+0.0007390	+0.0010066	+0.0012281	+0.0014368	+0.0016354	+0.0018365	+0.0020411	+0.0022454	+0.0024494	+0.0026412	+0.0028254	+0.0029935	+0.0031488	+0.0032928	+0.0034096	+0.0035126	+0.0036013	+0.0036746
2013-07	0.013	-0.0016731	-0.0013461	-0.0010703	-0.0007078	-0.0003806	-0.0000452	+0.0003042	+0.0006429	+0.0009745	+0.0013230	+0.0016643	+0.0019948	+0.0023011	+0.0025887	+0.0028320	+0.0030376	+0.0032349	+0.0034233	+0.0035878	+0.0036994	+0.0037969
2013-08	-0.002	-0.0021928	-0.0019895	-0.0017864	-0.0015675	-0.0013221	-0.0010583	-0.0007753	-0.0004809	-0.0001609	+0.0001843	+0.0005353	+0.0008618	+0.0011680	+0.0014587	+0.0017205	+0.0019446	+0.0021375	+0.0023221	+0.0024891	+0.0026331	+0.0027517
2013-09	0.045	-0.0021789	-0.0020178	-0.0018567	-0.0016818	-0.0014960	-0.0012994	-0.0010540	-0.0008084	-0.0005461	-0.0002729	+0.0000107	+0.0002781	+0.0005311	+0.0007727	+0.0009964	+0.0011826	+0.0013406	+0.0014849	+0.0016128	+0.0017254	+0.0018225
2013-10	0.037	-0.0021054	-0.0019547	-0.0018215	-0.0016719	-0.0014944	-0.0012932	-0.0010635	-0.0008414	-0.0005981	-0.0003301	-0.0000612	+0.0001877	+0.0004373	+0.0006710	+0.0008799	+0.0010573	+0.0012098	+0.0013500	+0.0014641	+0.0015647	+0.0016424
2013-11	0.043	-0.0021419	-0.0019423	-0.0017866	-0.0016084	-0.0014217	-0.0012034	-0.0009521	-0.0006854	-0.0004410	-0.0001534	+0.0001459	+0.0004197	+0.0006754	+0.0009276	+0.0011575	+0.0013481	+0.0014916	+0.0016213	+0.0017297	+0.0018167	+0.0019032
2013-12	0.011	-0.0020547	-0.0019324	-0.0017879	-0.0016261	-0.0014546	-0.0012594	-0.0010302	-0.0007998	-0.0005614	-0.0002889	-0.0000109	+0.0002453	+0.0004755	+0.0007043	+0.0009207	+0.0010980	+0.0012323	+0.0013541	+0.0014488	+0.0015321	+0.0016120
2014-01	-0.067	-0.0017638	-0.0016248	-0.0014789	-0.0012749	-0.0010608	-0.0008568	-0.0006445	-0.0003954	-0.0001150	+0.0001403	+0.0003810	+0.0006281	+0.0008740	+0.0010742	+0.0012242	+0.0013473	+0.0014514	+0.0015358	+0.0016141	+0.0016875	+0.0017613
2014-02	0.017	-0.0005922	-0.0004787	-0.0003587	-0.0002226	-0.0000880	+0.0000570	+0.0002012	+0.0003588	+0.0005218	+0.0006793	+0.0008358	+0.0009798	+0.0011109	+0.0012281	+0.0013313	+0.0014227	+0.0015042	+0.0015737	+0.0016380	+0.0017030	+0.0017576
2014-03	0.006	-0.0009328	-0.0008092	-0.0006835	-0.0005451	-0.0004023	-0.0002328	-0.0000555	+0.0001263	+0.0003127	+0.0004996	+0.0006811	+0.0008614	+0.0010303	+0.0011735	+0.0012916	+0.0013979	+0.0014838	+0.0015612	+0.0016364	+0.0017026	+0.0017653
2014-04	0.013	-0.0010991	-0.0009858	-0.0008685	-0.0007489	-0.0006054	-0.0004486	-0.0002908	-0.0001176	+0.0000704	+0.0002563	+0.0004517	+0.0006437	+0.0008288	+0.0009946	+0.0011421	+0.0012795	+0.0013993	+0.0015010	+0.0015933	+0.0016855	+0.0017667
2014-05	0.015	-0.0013799	-0.0012594	-0.0011415	-0.0009754	-0.0008338	-0.0006546	-0.0004633	-0.0002839	-0.0000796	+0.0001482	+0.0003513	+0.0005585	+0.0007622	+0.0009416	+0.0011001	+0.0012343	+0.0013426	+0.0014378	+0.0015399	+0.0016319	+0.0017022
2014-06	0.029	-0.0011479	-0.0010408	-0.0009276	-0.0008145	-0.0006823	-0.0005484	-0.0003969	-0.0002369	-0.0000628	+0.0001086	+0.0002837	+0.0004590	+0.0006208	+0.0007719	+0.0009126	+0.0010416	+0.0011634	+0.0012698	+0.0013528	+0.0014385	+0.0015120
2014-07	0.038	-0.0013141	-0.0011958	-0.0010807	-0.0009564	-0.0008312	-0.0006873	-0.0005227	-0.0003697	-0.0001951	-0.0000021	+0.0001764	+0.0003493	+0.0005182	+0.0006770	+0.0008027	+0.0009069	+0.0010067	+0.0010988	+0.0011891	+0.0012640	+0.0013352
2014-08	0.021	-0.0009627	-0.0008628	-0.0007316	-0.0006095	-0.0004792	-0.0003393	-0.0001967	-0.0000389	+0.0001366	+0.0003178	+0.0005024	+0.0006867	+0.0008568	+0.0010254	+0.0011738	+0.0013180	+0.0014440	+0.0015689	+0.0016772	+0.0017807	+0.0018735
2014-09	-0.007	-0.0002653	-0.0001752	-0.0000892	+0.0000021	+0.0001057	+0.0002140	+0.0003318	+0.0004576	+0.0005902	+0.0007240	+0.0008605	+0.0009950	+0.0011307	+0.0012605	+0.0013754	+0.0014845	+0.0015921	+0.0016880	+0.0017868	+0.0018688	+0.0019479
2014-10	-0.008	-0.0002506	-0.0001267	+0.0000119	+0.0002041	+0.0003635	+0.0004767	+0.0005767	+0.0006801	+0.0007815	+0.0008889	+0.0009943	+0.0011075	+0.0012218	+0.0013321	+0.0014384	+0.0015371	+0.0016323	+0.0017222	+0.0017975	+0.0018798	+0.0019559
2014-11	0.074	-0.0006292	-0.0005157	-0.0003799	-0.0002385	-0.0001046	+0.0000370	+0.0001773	+0.0003124	+0.0004498	+0.0006028	+0.0007471	+0.0008879	+0.0010244	+0.0011535	+0.0012759	+0.0013879	+0.0014945	+0.0015921	+0.0016852	+0.0017658	+0.0018393
2014-12	0.007	-0.0003995	-0.0002921	-0.0001967	-0.0000943	+0.0000136	+0.0001305	+0.0002574	+0.0003815	+0.0005188	+0.0006589	+0.0007893	+0.0009264	+0.0010627	+0.0011927	+0.0013121	+0.0014179	+0.0015246	+0.0016318	+0.0017215	+0.0018006	+0.0018746
2015-01	0.016	-0.0004091	-0.0002808	-0.0001729	-0.0000391	+0.0000915	+0.0002310	+0.0003691	+0.0005292	+0.0006956	+0.0008625	+0.0010342	+0.0012001	+0.0013508	+0.0015014	+0.0016402	+0.0017622	+0.0018731	+0.0019629	+0.0020531	+0.0021420	+0.0022235
2015-02	-0.001	-0.0006544	-0.0004960	-0.0003309	-0.0001729	-0.0000234	+0.0001307	+0.0002835	+0.0004261	+0.0005766	+0.0007237	+0.0008690	+0.0010129	+0.0011527	+0.0012805	+0.0014040	+0.0015131	+0.0016146	+0.0017031	+0.0017917	+0.0018604	+0.0019440
