2011-09	-0.132	-0.0038728	-0.0036655	-0.0034684	-0.0032526	-0.0029960	-0.0027169	-0.0024109	-0.0020867	-0.0017513	-0.0013991	-0.0010474	-0.0007175	-0.0003885	-0.0000979	+0.0001789	+0.0004287	+0.0006655	+0.0008634	+0.0010441	+0.0012138	+0.0013732
2011-10	0.130	-0.0052389	-0.0049944	-0.0046963	-0.0044226	-0.0041357	-0.0038051	-0.0034390	-0.0030433	-0.0026564	-0.0022280	-0.0017822	-0.0013642	-0.0009412	-0.0005498	-0.0002017	+0.0001339	+0.0004100	+0.0006746	+0.0009141	+0.0010932	+0.0012812
2011-11	-0.103	-0.0056196	-0.0053859	-0.0051669	-0.0049160	-0.0046484	-0.0043447	-0.0040389	-0.0036971	-0.0033356	-0.0029490	-0.0025670	-0.0021873	-0.0018224	-0.0014820	-0.0011703	-0.0008901	-0.0006232	-0.0003713	-0.0001390	+0.0000826	+0.0003093
2011-12	-0.029	-0.0056452	-0.0054551	-0.0052385	-0.0049854	-0.0047140	-0.0044130	-0.0041047	-0.0037680	-0.0033987	-0.0030341	-0.0026556	-0.0022983	-0.0019350	-0.0015898	-0.0012726	-0.0009520	-0.0006273	-0.0001873	+0.0004722	+0.0010495	+0.0013745
2012-01	0.092	-0.0056152	-0.0053979	-0.0051620	-0.0048398	-0.0045494	-0.0042355	-0.0038749	-0.0034772	-0.0030739	-0.0026493	-0.0022169	-0.0017707	-0.0013576	-0.0009544	-0.0005797	-0.0002446	+0.0000529	+0.0003566	+0.0007418	+0.0010324	+0.0012997
2012-02	0.118	-0.0055989	-0.0053618	-0.0051146	-0.0048447	-0.0045206	-0.0042026	-0.0038454	-0.0034553	-0.0030394	-0.0025992	-0.0021414	-0.0016793	-0.0012278	-0.0007973	-0.0003803	+0.0000240	+0.0003874	+0.0007161	+0.0010567	+0.0013839	+0.0016593
2012-03	-0.060	-0.0050822	-0.0047742	-0.0044791	-0.0041170	-0.0037402	-0.0033348	-0.0028898	-0.0023902	-0.0018727	-0.0013421	-0.0008002	-0.0002668	+0.0002533	+0.0007497	+0.0012047	+0.0016327	+0.0019836	+0.0023533	+0.0026584	+0.0029234	+0.0031638
2012-04	-0.019	-0.0034232	-0.0031360	-0.0028211	-0.0024663	-0.0020743	-0.0016884	-0.0012729	-0.0008148	-0.0003556	+0.0001056	+0.0005682	+0.0010146	+0.0014305	+0.0018164	+0.0021852	+0.0025120	+0.0028079	+0.0030703	+0.0033034	+0.0035269	+0.0037200
2012-05	-0.163	-0.0014300	-0.0012495	-0.0010816	-0.0009231	-0.0007151	-0.0004989	-0.0002441	+0.0000511	+0.0003652	+0.0007002	+0.0010464	+0.0013901	+0.0017364	+0.0020717	+0.0023711	+0.0026637	+0.0029275	+0.0031747	+0.0033859	+0.0035998	+0.0037879
2012-06	0.004	-0.0034397	-0.0031731	-0.0028651	-0.0025535	-0.0022223	-0.0018460	-0.0014370	-0.0010118	-0.0005469	-0.0000743	+0.0003920	+0.0008703	+0.0013424	+0.0017593	+0.0021371	+0.0024655	+0.0027644	+0.0030372	+0.0032865	+0.0034824	+0.0036618
2012-07	0.040	-0.0043805	-0.0041555	-0.0038661	-0.0035644	-0.0032215	-0.0028365	-0.0024281	-0.0019673	-0.0014739	-0.0009433	-0.0003907	+0.0001379	+0.0006770	+0.0011779	+0.0016394	+0.0020290	+0.0024236	+0.0027786	+0.0030753	+0.0033861	+0.0036091
2012-08	-0.001	-0.0042670	-0.0040522	-0.0037959	-0.0035110	-0.0031722	-0.0028286	-0.0024335	-0.0019950	-0.0015024	-0.0010011	-0.0004771	+0.0000746	+0.0006065	+0.0010815	+0.0015147	+0.0019273	+0.0022902	+0.0026285	+0.0029670	+0.0032749	+0.0035135
2012-09	0.049	-0.0042390	-0.0040083	-0.0037738	-0.0034939	-0.0032060	-0.0028819	-0.0025246	-0.0021377	-0.0017195	-0.0012735	-0.0008175	-0.0003594	+0.0000768	+0.0004779	+0.0008541	+0.0011952	+0.0014730	+0.0017392	+0.0019790	+0.0022117	+0.0024652
2012-10	0.044	-0.0042928	-0.0040554	-0.0038086	-0.0035456	-0.0032743	-0.0029742	-0.0026423	-0.0022760	-0.0019185	-0.0015130	-0.0010893	-0.0006958	-0.0003281	+0.0000143	+0.0003454	+0.0006184	+0.0008374	+0.0010312	+0.0011842	+0.0013249	+0.0014447
2012-11	0.031	-0.0042359	-0.0040367	-0.0037702	-0.0034653	-0.0031541	-0.0028153	-0.0024341	-0.0020406	-0.0016564	-0.0012155	-0.0007536	-0.0003335	+0.0000284	+0.0004121	+0.0007788	+0.0010526	+0.0012786	+0.0014514	+0.0016250	+0.0017486	+0.0019156
2012-12	0.104	-0.0030292	-0.0027637	-0.0025144	-0.0021994	-0.0018881	-0.0016084	-0.0012655	-0.0008649	-0.0004834	-0.0001503	+0.0002048	+0.0006185	+0.0009491	+0.0011987	+0.0013901	+0.0015468	+0.0016783	+0.0017944	+0.0019080	+0.0020061	+0.0020909
2013-01	0.081	-0.0006213	-0.0004610	-0.0002957	-0.0001259	+0.0000393	+0.0002236	+0.0004160	+0.0006062	+0.0008011	+0.0009913	+0.0011784	+0.0013477	+0.0015019	+0.0016448	+0.0017786	+0.0018895	+0.0019878	+0.0020822	+0.0021692	+0.0022528	+0.0023163
2013-02	-0.042	-0.0000973	+0.0001022	+0.0003257	+0.0005627	+0.0007663	+0.0009337	+0.0011064	+0.0012816	+0.0014558	+0.0016539	+0.0018798	+0.0021350	+0.0023669	+0.0025921	+0.0028165	+0.0030522	+0.0032391	+0.0033977	+0.0035627	+0.0037347	+0.0039058
2013-03	-0.005	+0.0000018	+0.0002501	+0.0005103	+0.0007583	+0.0009593	+0.0011762	+0.0013796	+0.0015944	+0.0018247	+0.0020623	+0.0023144	+0.0025650	+0.0028277	+0.0030905	+0.0033172	+0.0035284	+0.0037339	+0.0039485	+0.0041166	+0.0042640	+0.0044137
2013-04	0.024	-0.0007563	-0.0005028	-0.0001333	+0.0003182	+0.0006512	+0.0009484	+0.0011888	+0.0014347	+0.0016860	+0.0019522	+0.0022266	+0.0025005	+0.0027641	+0.0030269	+0.0032783	+0.0034966	+0.0037039	+0.0039026	+0.0040832	+0.0042355	+0.0043719
2013-05	0.039	-0.0016697	-0.0012943	-0.0009402	-0.0005849	-0.0002671	+0.0000623	+0.0003990	+0.0007541	+0.0011279	+0.0015249	+0.0019048	+0.0022868	+0.0026784	+0.0030208	+0.0033469	+0.0036384	+0.0039051	+0.0041465	+0.0043789	+0.0046194	+0.0048030
2013-06	-0.139	-0.0007804	-0.0006100	-0.0004091	-0.0001865	+0.0000474	+0.0002990	+0.0005758	+0.0008630	+0.0011709	+0.0014932	+0.0018293	+0.0021618	+0.0024900	+0.0027860	+0.0030823	+0.0033516	+0.0035979	+0.0038206	+0.0040076	+0.0041761	+0.0043135
2013-07	0.036	-0.0022303	-0.0020036	-0.0018167	-0.0015550	-0.0012803	-0.0009497	-0.0005941	-0.0002143	+0.0002124	+0.0006544	+0.0011193	+0.0015955	+0.0020515	+0.0024893	+0.0029085	+0.0032771	+0.0036043	+0.0038428	+0.0041708	+0.0044951	+0.0047089
2013-08	-0.021	-0.0029139	-0.0027359	-0.0025560	-0.0023417	-0.0021198	-0.0018766	-0.0016087	-0.0013068	-0.0009742	-0.0006149	-0.0002474	+0.0001227	+0.0004938	+0.0008296	+0.0011514	+0.0014641	+0.0017348	+0.0019877	+0.0022206	+0.0024247	+0.0026838
2013-09	0.091	-0.0029204	-0.0027396	-0.0025571	-0.0023786	-0.0021818	-0.0019615	-0.0017269	-0.0014676	-0.0011881	-0.0008875	-0.0005918	-0.0003001	-0.0000174	+0.0002355	+0.0004677	+0.0006965	+0.0008876	+0.0010583	+0.0012048	+0.0013433	+0.0014594
2013-10	0.043	-0.0028241	-0.0026505	-0.0024538	-0.0022604	-0.0020440	-0.0018186	-0.0015702	-0.0012870	-0.0009891	-0.0006821	-0.0003663	-0.0000389	+0.0002571	+0.0005329	+0.0007842	+0.0010239	+0.0012171	+0.0013768	+0.0015044	+0.0016210	+0.0017146
2013-11	0.032	-0.0027561	-0.0024940	-0.0022668	-0.0020457	-0.0017966	-0.0015137	-0.0011922	-0.0008703	-0.0005394	-0.0001676	+0.0002060	+0.0005563	+0.0008799	+0.0012031	+0.0014915	+0.0017222	+0.0019039	+0.0020568	+0.0021976	+0.0023073	+0.0024129
2013-12	0.023	-0.0026335	-0.0024409	-0.0022476	-0.0020292	-0.0017957	-0.0015352	-0.0012334	-0.0009190	-0.0006058	-0.0002437	+0.0001359	+0.0004718	+0.0007840	+0.0010978	+0.0013771	+0.0016183	+0.0018013	+0.0019534	+0.0020777	+0.0022015	+0.0023079
2014-01	-0.093	-0.0022046	-0.0020161	-0.0017857	-0.0015329	-0.0012676	-0.0009920	-0.0007024	-0.0003704	-0.0000257	+0.0002957	+0.0006228	+0.0009600	+0.0012688	+0.0015039	+0.0016928	+0.0018482	+0.0019941	+0.0021190	+0.0022368	+0.0023390	+0.0024501
2014-02	0.018	-0.0005228	-0.0003967	-0.0002727	-0.0001380	+0.0000216	+0.0001907	+0.0003759	+0.0005604	+0.0007519	+0.0009550	+0.0011502	+0.0013370	+0.0015059	+0.0016657	+0.0018110	+0.0019475	+0.0020731	+0.0021786	+0.0022687	+0.0023611	+0.0024370
2014-03	0.024	-0.0012090	-0.0010338	-0.0008769	-0.0006960	-0.0004851	-0.0002785	-0.0000572	+0.0001777	+0.0004236	+0.0006687	+0.0009032	+0.0011401	+0.0013579	+0.0015563	+0.0017301	+0.0018811	+0.0020068	+0.0021262	+0.0022474	+0.0023440	+0.0024276
2014-04	-0.016	-0.0015714	-0.0014381	-0.0012795	-0.0011282	-0.0009458	-0.0007586	-0.0005443	-0.0003019	-0.0000589	+0.0002087	+0.0004729	+0.0007433	+0.0009943	+0.0012377	+0.0014629	+0.0016593	+0.0018297	+0.0019844	+0.0021273	+0.0022463	+0.0023581
2014-05	0.049	-0.0019273	-0.0017999	-0.0016553	-0.0014779	-0.0013061	-0.0010840	-0.0008479	-0.0006178	-0.0003634	-0.0000761	+0.0001920	+0.0004506	+0.0007133	+0.0009568	+0.0011635	+0.0013285	+0.0014907	+0.0016157	+0.0017259	+0.0018502	+0.0019446
2014-06	0.037	-0.0015848	-0.0014594	-0.0013206	-0.0011989	-0.0010336	-0.0008659	-0.0006753	-0.0004730	-0.0002523	-0.0000303	+0.0001996	+0.0004319	+0.0006483	+0.0008427	+0.0010212	+0.0011869	+0.0013298	+0.0014488	+0.0015488	+0.0016352	+0.0017144
2014-07	0.035	-0.0017978	-0.0016925	-0.0015356	-0.0013977	-0.0012029	-0.0009959	-0.0007757	-0.0005407	-0.0002840	-0.0000015	+0.0002811	+0.0005372	+0.0007867	+0.0010304	+0.0012408	+0.0014254	+0.0015835	+0.0016938	+0.0017871	+0.0018663	+0.0019342
2014-08	0.011	-0.0013313	-0.0012078	-0.0010380	-0.0008739	-0.0006919	-0.0005140	-0.0003207	-0.0001039	+0.0001216	+0.0003600	+0.0006010	+0.0008276	+0.0010455	+0.0012516	+0.0014371	+0.0016071	+0.0017327	+0.0018488	+0.0019525	+0.0020535	+0.0021350
2014-09	-0.029	-0.0006384	-0.0005210	-0.0003876	-0.0002439	-0.0000922	+0.0000643	+0.0002443	+0.0004283	+0.0006140	+0.0008048	+0.0009911	+0.0011680	+0.0013298	+0.0014742	+0.0016044	+0.0017187	+0.0018274	+0.0019383	+0.0020223	+0.0020949	+0.0021692
2014-10	0.003	-0.0003201	-0.0001596	+0.0000290	+0.0002394	+0.0004377	+0.0005837	+0.0007098	+0.0008381	+0.0009641	+0.0010925	+0.0012255	+0.0013525	+0.0014732	+0.0015890	+0.0016988	+0.0017934	+0.0018831	+0.0019687	+0.0020470	+0.0021210	+0.0022003
2014-11	0.102	-0.0008229	-0.0006731	-0.0005184	-0.0003486	-0.0001764	-0.0000034	+0.0001813	+0.0003733	+0.0005665	+0.0007606	+0.0009459	+0.0011223	+0.0012795	+0.0014271	+0.0015542	+0.0016681	+0.0017786	+0.0018796	+0.0019647	+0.0020572	+0.0021338
2014-12	-0.051	-0.0006315	-0.0005103	-0.0003893	-0.0002656	-0.0001333	+0.0000125	+0.0001721	+0.0003374	+0.0005129	+0.0006985	+0.0008763	+0.0010423	+0.0012052	+0.0013570	+0.0014845	+0.0016037	+0.0017142	+0.0018119	+0.0019016	+0.0019928	+0.0020731
2015-01	0.031	-0.0007647	-0.0006444	-0.0004939	-0.0003551	-0.0002178	-0.0000588	+0.0001084	+0.0002990	+0.0004882	+0.0006880	+0.0008823	+0.0010666	+0.0012351	+0.0013886	+0.0015297	+0.0016621	+0.0017781	+0.0018901	+0.0019768	+0.0020718	+0.0021444
2015-02	0.000	-0.0010233	-0.0008668	-0.0007345	-0.0005784	-0.0004249	-0.0002586	-0.0000850	+0.0000854	+0.0002543	+0.0004230	+0.0005945	+0.0007615	+0.0009209	+0.0010648	+0.0011993	+0.0013222	+0.0014275	+0.0015277	+0.0016236	+0.0017163	+0.0017769
