2013-11	-0.006	-0.0038926	-0.0037090	-0.0035388	-0.0033669	-0.0031450	-0.0029468	-0.0026986	-0.0024085	-0.0021062	-0.0017773	-0.0014369	-0.0010938	-0.0007589	-0.0004371	-0.0001344	+0.0001420	+0.0003971	+0.0006411	+0.0008613	+0.0010541	+0.0012107
2013-12	0.004	-0.0033632	-0.0032288	-0.0030672	-0.0028905	-0.0026896	-0.0024774	-0.0022553	-0.0019873	-0.0017088	-0.0014144	-0.0011153	-0.0008165	-0.0005209	-0.0002601	-0.0000081	+0.0002178	+0.0004319	+0.0006096	+0.0007474	+0.0008866	+0.0009953
2014-01	-0.042	-0.0029610	-0.0028005	-0.0026167	-0.0024217	-0.0022063	-0.0019803	-0.0017372	-0.0014818	-0.0011977	-0.0009179	-0.0006356	-0.0003585	-0.0001064	+0.0001250	+0.0003291	+0.0005205	+0.0006835	+0.0008146	+0.0009464	+0.0010597	+0.0011832
2014-02	0.012	-0.0014725	-0.0013945	-0.0013027	-0.0011976	-0.0010912	-0.0009677	-0.0008361	-0.0006882	-0.0005272	-0.0003551	-0.0001778	-0.0000034	+0.0001662	+0.0003236	+0.0004706	+0.0006121	+0.0007458	+0.0008648	+0.0009830	+0.0010828	+0.0011827
2014-03	0.026	-0.0013115	-0.0012272	-0.0011338	-0.0010364	-0.0009310	-0.0008180	-0.0006876	-0.0005536	-0.0004068	-0.0002500	-0.0000934	+0.0000656	+0.0002211	+0.0003681	+0.0005066	+0.0006367	+0.0007508	+0.0008564	+0.0009609	+0.0010585	+0.0011610
2014-04	0.026	-0.0007873	-0.0007264	-0.0006626	-0.0005886	-0.0005152	-0.0004316	-0.0003379	-0.0002398	-0.0001314	-0.0000077	+0.0001188	+0.0002522	+0.0003822	+0.0005060	+0.0006309	+0.0007465	+0.0008450	+0.0009402	+0.0010339	+0.0011238	+0.0012002
2014-05	0.038	-0.0009264	-0.0008439	-0.0007735	-0.0006864	-0.0005817	-0.0004794	-0.0003581	-0.0002238	-0.0000896	+0.0000673	+0.0002256	+0.0003819	+0.0005421	+0.0006944	+0.0008199	+0.0009393	+0.0010655	+0.0011767	+0.0012642	+0.0013388	+0.0014042
2014-06	-0.002	-0.0007759	-0.0007028	-0.0006199	-0.0005254	-0.0004389	-0.0003353	-0.0002149	-0.0000818	+0.0000539	+0.0002001	+0.0003580	+0.0005162	+0.0006652	+0.0008124	+0.0009476	+0.0010741	+0.0011829	+0.0012889	+0.0013781	+0.0014621	+0.0015383
2014-07	0.039	-0.0008478	-0.0007714	-0.0006793	-0.0005773	-0.0004627	-0.0003206	-0.0001597	-0.0000001	+0.0001686	+0.0003527	+0.0005542	+0.0007428	+0.0009003	+0.0010732	+0.0012562	+0.0013936	+0.0014951	+0.0015756	+0.0016375	+0.0016881	+0.0017381
2014-08	0.016	-0.0004137	-0.0003268	-0.0002275	-0.0001286	-0.0000241	+0.0000869	+0.0002070	+0.0003346	+0.0004714	+0.0006102	+0.0007480	+0.0008805	+0.0010089	+0.0011249	+0.0012291	+0.0013218	+0.0014003	+0.0014703	+0.0015386	+0.0015939	+0.0016444
2014-09	0.007	+0.0000898	+0.0001867	+0.0002583	+0.0003427	+0.0004282	+0.0005148	+0.0006052	+0.0006947	+0.0007928	+0.0008908	+0.0009918	+0.0010838	+0.0011770	+0.0012585	+0.0013363	+0.0014074	+0.0014727	+0.0015293	+0.0015808	+0.0016323	+0.0016799
2014-10	0.019	-0.0002004	-0.0001009	+0.0000111	+0.0002252	+0.0006661	+0.0007738	+0.0008583	+0.0009364	+0.0010127	+0.0010903	+0.0011695	+0.0012474	+0.0013219	+0.0013925	+0.0014616	+0.0015197	+0.0015725	+0.0016214	+0.0016658	+0.0017061	+0.0017444
2014-11	0.094	-0.0004126	-0.0002931	-0.0001490	+0.0001841	+0.0005300	+0.0006231	+0.0007031	+0.0007782	+0.0008603	+0.0009462	+0.0010369	+0.0011235	+0.0012069	+0.0012853	+0.0013589	+0.0014288	+0.0014918	+0.0015488	+0.0015983	+0.0016469	+0.0016948
2014-12	0.000	-0.0001324	-0.0000312	+0.0001170	+0.0003989	+0.0005496	+0.0006343	+0.0007099	+0.0007877	+0.0008702	+0.0009589	+0.0010488	+0.0011421	+0.0012340	+0.0013227	+0.0014066	+0.0014867	+0.0015584	+0.0016236	+0.0016957	+0.0017660	+0.0018233
2015-01	0.021	-0.0000477	+0.0001455	+0.0003306	+0.0004758	+0.0005822	+0.0006815	+0.0007763	+0.0008853	+0.0010153	+0.0011460	+0.0012857	+0.0014254	+0.0015682	+0.0017118	+0.0018328	+0.0019487	+0.0020665	+0.0021743	+0.0022781	+0.0023607	+0.0024358
2015-02	-0.005	-0.0003353	-0.0002055	+0.0000136	+0.0003776	+0.0006225	+0.0007465	+0.0008568	+0.0009712	+0.0010943	+0.0012332	+0.0013689	+0.0015054	+0.0016452	+0.0017824	+0.0018998	+0.0020171	+0.0021316	+0.0022357	+0.0023243	+0.0023932	+0.0024747
