2011-09	-0.123	-0.0011282	-0.0010169	-0.0009249	-0.0008150	-0.0007007	-0.0005758	-0.0004355	-0.0002759	-0.0001016	+0.0000829	+0.0002693	+0.0004590	+0.0006508	+0.0008405	+0.0010201	+0.0011818	+0.0013459	+0.0014794	+0.0015941	+0.0017162	+0.0018204
2011-10	0.052	-0.0023633	-0.0021423	-0.0019441	-0.0017198	-0.0015137	-0.0012720	-0.0010375	-0.0007840	-0.0005300	-0.0002706	-0.0000189	+0.0002243	+0.0004634	+0.0006870	+0.0008869	+0.0010683	+0.0012422	+0.0013975	+0.0015443	+0.0016695	+0.0017937
2011-11	-0.054	-0.0030716	-0.0028808	-0.0026793	-0.0024805	-0.0022467	-0.0020197	-0.0017721	-0.0015352	-0.0012831	-0.0010166	-0.0007590	-0.0005237	-0.0003012	-0.0001157	+0.0000610	+0.0002124	+0.0003581	+0.0004786	+0.0005969	+0.0007015	+0.0007957
2011-12	0.035	-0.0032141	-0.0030393	-0.0028553	-0.0026685	-0.0024858	-0.0022695	-0.0020530	-0.0018229	-0.0015889	-0.0013500	-0.0011270	-0.0009021	-0.0007050	-0.0005084	-0.0003274	-0.0001507	+0.0000058	+0.0001674	+0.0003416	+0.0005241	+0.0007301
2012-01	0.032	-0.0032030	-0.0030576	-0.0028505	-0.0026721	-0.0024816	-0.0022776	-0.0020469	-0.0018096	-0.0015639	-0.0013002	-0.0010561	-0.0008052	-0.0005895	-0.0003747	-0.0001791	+0.0000161	+0.0001749	+0.0003380	+0.0004826	+0.0006256	+0.0007431
2012-02	0.097	-0.0031569	-0.0029716	-0.0027948	-0.0026108	-0.0024146	-0.0022241	-0.0020068	-0.0017710	-0.0015363	-0.0012968	-0.0010585	-0.0008212	-0.0005938	-0.0003662	-0.0001483	+0.0000704	+0.0002688	+0.0004621	+0.0006395	+0.0008118	+0.0009511
2012-03	-0.000	-0.0030446	-0.0028509	-0.0026597	-0.0024745	-0.0022405	-0.0019716	-0.0017242	-0.0014356	-0.0011190	-0.0008028	-0.0004830	-0.0001512	+0.0001718	+0.0004718	+0.0007465	+0.0010121	+0.0012444	+0.0014582	+0.0016353	+0.0017980	+0.0019560
2012-04	-0.006	-0.0024898	-0.0022636	-0.0020571	-0.0018094	-0.0015364	-0.0012714	-0.0009873	-0.0006758	-0.0003402	+0.0000198	+0.0003904	+0.0007489	+0.0010857	+0.0014101	+0.0016958	+0.0019744	+0.0022157	+0.0024222	+0.0026085	+0.0027705	+0.0029146
2012-05	-0.098	-0.0010265	-0.0008842	-0.0007391	-0.0005803	-0.0004053	-0.0002016	+0.0000100	+0.0002414	+0.0004918	+0.0007499	+0.0010176	+0.0012855	+0.0015483	+0.0017903	+0.0020179	+0.0022190	+0.0024095	+0.0025813	+0.0027258	+0.0028626	+0.0029979
2012-06	0.032	-0.0015462	-0.0013540	-0.0011698	-0.0009775	-0.0007445	-0.0005083	-0.0002583	+0.0000119	+0.0002944	+0.0005931	+0.0008963	+0.0011880	+0.0014691	+0.0017347	+0.0019743	+0.0021932	+0.0023832	+0.0025595	+0.0027168	+0.0028371	+0.0029777
2012-07	0.043	-0.0019584	-0.0018112	-0.0016229	-0.0014167	-0.0012033	-0.0009819	-0.0007283	-0.0004357	-0.0001395	+0.0001941	+0.0005335	+0.0008589	+0.0011880	+0.0015035	+0.0017828	+0.0020255	+0.0022601	+0.0024633	+0.0026495	+0.0028119	+0.0029551
2012-08	-0.012	-0.0018701	-0.0017106	-0.0015481	-0.0013499	-0.0011417	-0.0009119	-0.0006611	-0.0003775	-0.0000825	+0.0002360	+0.0005634	+0.0008972	+0.0012171	+0.0015176	+0.0017857	+0.0020300	+0.0022496	+0.0024458	+0.0026349	+0.0028154	+0.0029706
2012-09	0.021	-0.0018605	-0.0017232	-0.0015844	-0.0014120	-0.0012114	-0.0009997	-0.0007650	-0.0005131	-0.0002383	+0.0000459	+0.0003501	+0.0006586	+0.0009512	+0.0012227	+0.0014804	+0.0017073	+0.0019128	+0.0020948	+0.0022633	+0.0024290	+0.0026130
2012-10	-0.012	-0.0018837	-0.0017748	-0.0016310	-0.0014832	-0.0013249	-0.0011384	-0.0009398	-0.0007407	-0.0005271	-0.0002851	-0.0000556	+0.0001622	+0.0003791	+0.0005708	+0.0007478	+0.0008881	+0.0010166	+0.0011284	+0.0012228	+0.0013235	+0.0014087
2012-11	0.021	-0.0019336	-0.0018169	-0.0016891	-0.0015548	-0.0014017	-0.0012337	-0.0010569	-0.0008603	-0.0006512	-0.0004350	-0.0002192	-0.0000094	+0.0001809	+0.0003624	+0.0005349	+0.0006829	+0.0008094	+0.0009255	+0.0010279	+0.0011171	+0.0011878
2012-12	0.061	-0.0013494	-0.0012492	-0.0011288	-0.0010203	-0.0008901	-0.0007521	-0.0006002	-0.0004381	-0.0002736	-0.0001091	+0.0000536	+0.0002104	+0.0003640	+0.0005071	+0.0006339	+0.0007560	+0.0008722	+0.0009794	+0.0010747	+0.0011524	+0.0012370
2013-01	-0.011	-0.0004639	-0.0003997	-0.0003245	-0.0002483	-0.0001684	-0.0000798	+0.0000161	+0.0001234	+0.0002309	+0.0003530	+0.0004806	+0.0006077	+0.0007337	+0.0008567	+0.0009681	+0.0010643	+0.0011599	+0.0012469	+0.0013239	+0.0014002	+0.0014687
2013-02	0.020	-0.0004423	-0.0003621	-0.0002795	-0.0002016	-0.0001001	+0.0000156	+0.0001271	+0.0002551	+0.0003910	+0.0005325	+0.0006843	+0.0008348	+0.0009816	+0.0011248	+0.0012498	+0.0013651	+0.0014589	+0.0015567	+0.0016517	+0.0017408	+0.0018125
2013-03	-0.013	-0.0003823	-0.0003142	-0.0002410	-0.0001610	-0.0000735	+0.0000405	+0.0001562	+0.0002789	+0.0004050	+0.0005467	+0.0007019	+0.0008532	+0.0009932	+0.0011376	+0.0012702	+0.0013757	+0.0014823	+0.0015776	+0.0016654	+0.0017496	+0.0018319
2013-04	0.053	-0.0004082	-0.0003343	-0.0002703	-0.0001900	-0.0001120	-0.0000235	+0.0000910	+0.0002209	+0.0003545	+0.0004885	+0.0006480	+0.0008039	+0.0009411	+0.0010858	+0.0012336	+0.0013440	+0.0014454	+0.0015433	+0.0016448	+0.0017289	+0.0017956
2013-05	-0.067	-0.0004467	-0.0003230	-0.0002129	-0.0001103	-0.0000137	+0.0001058	+0.0002434	+0.0003914	+0.0005322	+0.0006861	+0.0008513	+0.0010228	+0.0011739	+0.0013106	+0.0014510	+0.0015788	+0.0016900	+0.0017722	+0.0018520	+0.0019155	+0.0019655
2013-06	-0.051	+0.0000750	+0.0001485	+0.0002294	+0.0003159	+0.0004088	+0.0005005	+0.0006071	+0.0007298	+0.0008404	+0.0009599	+0.0010819	+0.0012008	+0.0013134	+0.0014149	+0.0015103	+0.0015982	+0.0016705	+0.0017289	+0.0017825	+0.0018288	+0.0018718
2013-07	0.020	-0.0023146	-0.0021557	-0.0019837	-0.0018049	-0.0014572	-0.0010478	-0.0007566	-0.0005090	-0.0001969	+0.0002042	+0.0006227	+0.0009052	+0.0011069	+0.0012721	+0.0014191	+0.0015478	+0.0016517	+0.0017372	+0.0018066	+0.0018747	+0.0019304
2013-08	-0.049	-0.0026471	-0.0024851	-0.0023305	-0.0021420	-0.0019175	-0.0016680	-0.0014252	-0.0011792	-0.0008900	-0.0005696	-0.0002786	-0.0000110	+0.0002571	+0.0005198	+0.0007377	+0.0009108	+0.0010400	+0.0011492	+0.0012394	+0.0013288	+0.0013984
2013-09	0.036	-0.0027086	-0.0025564	-0.0024088	-0.0022247	-0.0020134	-0.0017775	-0.0015445	-0.0013093	-0.0010302	-0.0007516	-0.0004838	-0.0002336	+0.0000246	+0.0002516	+0.0004466	+0.0006056	+0.0007345	+0.0008527	+0.0009709	+0.0010620	+0.0011575
2013-10	0.024	-0.0026986	-0.0025701	-0.0024174	-0.0022388	-0.0020482	-0.0018343	-0.0016153	-0.0013808	-0.0011249	-0.0008506	-0.0005772	-0.0003284	-0.0000795	+0.0001540	+0.0003506	+0.0005242	+0.0006593	+0.0007859	+0.0008996	+0.0010013	+0.0010773
2013-11	-0.013	-0.0026931	-0.0025850	-0.0024198	-0.0022283	-0.0020221	-0.0018238	-0.0016052	-0.0013651	-0.0011119	-0.0008467	-0.0005817	-0.0003183	-0.0000655	+0.0001551	+0.0003589	+0.0005419	+0.0006889	+0.0008286	+0.0009837	+0.0010651	+0.0011572
2013-12	0.004	-0.0026801	-0.0025661	-0.0024333	-0.0022508	-0.0020634	-0.0018846	-0.0017082	-0.0014892	-0.0012444	-0.0010097	-0.0007851	-0.0005400	-0.0003111	-0.0001267	+0.0000367	+0.0001878	+0.0003083	+0.0004174	+0.0005316	+0.0006296	+0.0007066
2014-01	-0.047	-0.0020227	-0.0018981	-0.0017641	-0.0016246	-0.0014428	-0.0012511	-0.0010779	-0.0009154	-0.0007245	-0.0005044	-0.0003088	-0.0001496	-0.0000119	+0.0001272	+0.0002566	+0.0003721	+0.0004779	+0.0005960	+0.0006951	+0.0007871	+0.0008643
2014-02	0.034	-0.0007371	-0.0006951	-0.0006493	-0.0005895	-0.0005272	-0.0004606	-0.0003883	-0.0003116	-0.0002320	-0.0001466	-0.0000571	+0.0000327	+0.0001314	+0.0002367	+0.0003309	+0.0004128	+0.0005030	+0.0005879	+0.0006673	+0.0007386	+0.0007978
2014-03	0.018	-0.0008622	-0.0008091	-0.0007582	-0.0006984	-0.0006349	-0.0005703	-0.0005028	-0.0004254	-0.0003405	-0.0002486	-0.0001531	-0.0000498	+0.0000560	+0.0001628	+0.0002644	+0.0003570	+0.0004513	+0.0005511	+0.0006376	+0.0007183	+0.0007848
2014-04	0.005	-0.0007546	-0.0006934	-0.0006361	-0.0005811	-0.0005169	-0.0004488	-0.0003782	-0.0002978	-0.0002112	-0.0001180	-0.0000212	+0.0000842	+0.0001934	+0.0002940	+0.0003879	+0.0004844	+0.0005814	+0.0006604	+0.0007355	+0.0008036	+0.0008752
2014-05	0.026	-0.0008796	-0.0008157	-0.0007374	-0.0006626	-0.0005900	-0.0005021	-0.0004133	-0.0003126	-0.0002019	-0.0000830	+0.0000427	+0.0001832	+0.0003202	+0.0004457	+0.0005712	+0.0006996	+0.0008098	+0.0009053	+0.0009823	+0.0010648	+0.0011569
2014-06	-0.007	-0.0007008	-0.0006433	-0.0005812	-0.0004999	-0.0004219	-0.0003268	-0.0002292	-0.0001226	-0.0000089	+0.0001112	+0.0002333	+0.0003592	+0.0004820	+0.0005933	+0.0007006	+0.0008061	+0.0008887	+0.0009644	+0.0010349	+0.0011067	+0.0011641
2014-07	0.006	-0.0007694	-0.0006941	-0.0006117	-0.0005236	-0.0004337	-0.0003273	-0.0002198	-0.0000939	+0.0000396	+0.0001754	+0.0003186	+0.0004660	+0.0006029	+0.0007280	+0.0008470	+0.0009489	+0.0010443	+0.0011367	+0.0012074	+0.0012693	+0.0013178
2014-08	0.011	-0.0004367	-0.0003816	-0.0003227	-0.0002656	-0.0001948	-0.0001218	-0.0000416	+0.0000453	+0.0001460	+0.0002465	+0.0003498	+0.0004567	+0.0005621	+0.0006631	+0.0007561	+0.0008434	+0.0009240	+0.0009968	+0.0010613	+0.0011155	+0.0011760
2014-09	-0.012	-0.0000564	-0.0000236	+0.0000091	+0.0000453	+0.0000822	+0.0001294	+0.0001851	+0.0002481	+0.0003221	+0.0004013	+0.0004831	+0.0005718	+0.0006594	+0.0007407	+0.0008163	+0.0008937	+0.0009612	+0.0010167	+0.0010722	+0.0011178	+0.0011623
2014-10	0.023	-0.0003527	-0.0002771	-0.0001499	-0.0000304	+0.0000483	+0.0001134	+0.0001718	+0.0002393	+0.0003101	+0.0003892	+0.0004669	+0.0005493	+0.0006302	+0.0007068	+0.0007791	+0.0008440	+0.0009086	+0.0009656	+0.0010152	+0.0010647	+0.0011130
2014-11	0.033	-0.0002759	-0.0002126	-0.0001311	-0.0000577	-0.0000103	+0.0000325	+0.0000752	+0.0001215	+0.0001727	+0.0002278	+0.0002902	+0.0003561	+0.0004197	+0.0004836	+0.0005444	+0.0006057	+0.0006614	+0.0007126	+0.0007570	+0.0007996	+0.0008334
2014-12	-0.026	-0.0001091	-0.0000851	-0.0000564	-0.0000261	+0.0000048	+0.0000368	+0.0000726	+0.0001102	+0.0001526	+0.0001959	+0.0002438	+0.0002959	+0.0003512	+0.0004049	+0.0004606	+0.0005116	+0.0005597	+0.0006044	+0.0006496	+0.0006983	+0.0007473
2015-01	-0.001	-0.0001449	-0.0001046	-0.0000692	-0.0000344	+0.0000031	+0.0000404	+0.0000790	+0.0001214	+0.0001695	+0.0002233	+0.0002865	+0.0003571	+0.0004300	+0.0004977	+0.0005648	+0.0006296	+0.0006941	+0.0007584	+0.0008111	+0.0008578	+0.0009047
2015-02	0.007	-0.0003401	-0.0002898	-0.0002318	-0.0001746	-0.0001132	-0.0000516	+0.0000063	+0.0000637	+0.0001225	+0.0001897	+0.0002609	+0.0003376	+0.0004159	+0.0004897	+0.0005614	+0.0006254	+0.0006955	+0.0007582	+0.0008088	+0.0008641	+0.0009171
