2011-09	-0.141	-0.0041643	-0.0039896	-0.0037755	-0.0035385	-0.0032941	-0.0030287	-0.0027352	-0.0024164	-0.0020720	-0.0017173	-0.0013583	-0.0010097	-0.0006633	-0.0003402	-0.0000244	+0.0002400	+0.0005044	+0.0007487	+0.0009438	+0.0011166	+0.0012896
2011-10	0.144	-0.0049470	-0.0047353	-0.0045162	-0.0042723	-0.0040160	-0.0037150	-0.0034111	-0.0030693	-0.0026888	-0.0022815	-0.0018733	-0.0014536	-0.0010554	-0.0006662	-0.0003195	+0.0000064	+0.0003299	+0.0005884	+0.0008439	+0.0010421	+0.0012834
2011-11	-0.132	-0.0050935	-0.0049206	-0.0047060	-0.0044930	-0.0042621	-0.0040148	-0.0037323	-0.0034297	-0.0031215	-0.0027850	-0.0024540	-0.0021123	-0.0017832	-0.0014759	-0.0011912	-0.0009125	-0.0006570	-0.0004065	-0.0001785	+0.0000398	+0.0002724
2011-12	0.025	-0.0051139	-0.0049344	-0.0047572	-0.0045494	-0.0043109	-0.0040552	-0.0037921	-0.0035204	-0.0032181	-0.0028910	-0.0025552	-0.0022311	-0.0019142	-0.0016034	-0.0013063	-0.0010039	-0.0006641	-0.0002098	+0.0004844	+0.0009986	+0.0013130
2012-01	0.106	-0.0050291	-0.0048170	-0.0046079	-0.0043763	-0.0041187	-0.0038338	-0.0035120	-0.0031754	-0.0028244	-0.0024496	-0.0020456	-0.0016600	-0.0012888	-0.0009078	-0.0005736	-0.0002712	+0.0000426	+0.0003538	+0.0006591	+0.0009614	+0.0011978
2012-02	0.124	-0.0050236	-0.0048173	-0.0045741	-0.0043229	-0.0040389	-0.0037283	-0.0033811	-0.0030161	-0.0026180	-0.0021920	-0.0017535	-0.0013059	-0.0008614	-0.0004515	-0.0000340	+0.0003852	+0.0007431	+0.0010786	+0.0014265	+0.0017521	+0.0020293
2012-03	-0.036	-0.0041355	-0.0038605	-0.0035983	-0.0032810	-0.0029302	-0.0025643	-0.0021421	-0.0017074	-0.0012247	-0.0007243	-0.0002176	+0.0002987	+0.0007928	+0.0012880	+0.0017307	+0.0021271	+0.0024918	+0.0028692	+0.0031682	+0.0034148	+0.0036638
2012-04	-0.074	-0.0024785	-0.0022849	-0.0020338	-0.0016902	-0.0013067	-0.0009787	-0.0006267	-0.0002162	+0.0002157	+0.0006390	+0.0010837	+0.0015344	+0.0019366	+0.0023286	+0.0027047	+0.0030321	+0.0033152	+0.0035817	+0.0038302	+0.0040555	+0.0042810
2012-05	-0.182	-0.0014013	-0.0012495	-0.0010654	-0.0008460	-0.0006153	-0.0003665	-0.0000763	+0.0002411	+0.0005934	+0.0009703	+0.0013662	+0.0017565	+0.0021327	+0.0024963	+0.0028319	+0.0031413	+0.0034407	+0.0036901	+0.0039464	+0.0041715	+0.0043801
2012-06	-0.018	-0.0045058	-0.0041089	-0.0037213	-0.0033164	-0.0028220	-0.0023532	-0.0018128	-0.0012562	-0.0006712	-0.0000796	+0.0004975	+0.0010862	+0.0016520	+0.0021562	+0.0025910	+0.0029649	+0.0033037	+0.0036005	+0.0038364	+0.0040560	+0.0042503
2012-07	0.072	-0.0055404	-0.0052452	-0.0048373	-0.0044258	-0.0039870	-0.0035151	-0.0029937	-0.0024140	-0.0017718	-0.0011026	-0.0004333	+0.0002284	+0.0008725	+0.0014821	+0.0020270	+0.0025222	+0.0029572	+0.0033437	+0.0037034	+0.0040189	+0.0042799
2012-08	0.004	-0.0054920	-0.0051544	-0.0048349	-0.0044678	-0.0040687	-0.0036428	-0.0031460	-0.0025948	-0.0019843	-0.0013628	-0.0007050	-0.0000417	+0.0006017	+0.0011997	+0.0017170	+0.0022114	+0.0026607	+0.0030900	+0.0034379	+0.0037639	+0.0040435
2012-09	0.027	-0.0053923	-0.0051132	-0.0048250	-0.0044441	-0.0040793	-0.0036862	-0.0032452	-0.0027381	-0.0022123	-0.0016395	-0.0010600	-0.0004965	+0.0000467	+0.0005410	+0.0010015	+0.0014050	+0.0017644	+0.0020761	+0.0023638	+0.0026191	+0.0029111
2012-10	0.023	-0.0054541	-0.0051424	-0.0048466	-0.0045251	-0.0041752	-0.0037908	-0.0033534	-0.0028885	-0.0024198	-0.0018982	-0.0013644	-0.0008504	-0.0003753	+0.0000519	+0.0004731	+0.0008354	+0.0011310	+0.0013723	+0.0015855	+0.0017527	+0.0019027
2012-11	0.001	-0.0054432	-0.0051247	-0.0048040	-0.0044442	-0.0040619	-0.0036508	-0.0031723	-0.0026930	-0.0022135	-0.0016671	-0.0010913	-0.0006156	-0.0001702	+0.0003007	+0.0007365	+0.0010470	+0.0012860	+0.0015010	+0.0016864	+0.0018601	+0.0020099
2012-12	0.114	-0.0036912	-0.0034372	-0.0031147	-0.0028049	-0.0024679	-0.0021432	-0.0017241	-0.0012922	-0.0009042	-0.0005193	-0.0000960	+0.0003466	+0.0006716	+0.0009353	+0.0011506	+0.0013355	+0.0015076	+0.0016443	+0.0017870	+0.0019070	+0.0020250
2013-01	0.073	-0.0009260	-0.0007593	-0.0006160	-0.0004584	-0.0002922	-0.0001142	+0.0000667	+0.0002466	+0.0004302	+0.0006166	+0.0007961	+0.0009806	+0.0011502	+0.0013086	+0.0014495	+0.0015889	+0.0017197	+0.0018203	+0.0019169	+0.0020196	+0.0021172
2013-02	0.011	-0.0001055	+0.0000098	+0.0001091	+0.0002232	+0.0003617	+0.0004992	+0.0006563	+0.0008242	+0.0010192	+0.0012385	+0.0014874	+0.0017358	+0.0019816	+0.0022251	+0.0024630	+0.0026882	+0.0028778	+0.0030522	+0.0032386	+0.0034278	+0.0035969
2013-03	0.008	-0.0001426	-0.0000011	+0.0001437	+0.0002888	+0.0004371	+0.0006123	+0.0008298	+0.0010907	+0.0013720	+0.0016422	+0.0019392	+0.0022670	+0.0025835	+0.0028868	+0.0031760	+0.0034416	+0.0036981	+0.0039117	+0.0041155	+0.0042950	+0.0045310
2013-04	0.024	-0.0008450	-0.0005065	-0.0001160	+0.0001562	+0.0003850	+0.0005896	+0.0008084	+0.0010729	+0.0013685	+0.0016738	+0.0019665	+0.0022898	+0.0026197	+0.0029147	+0.0031940	+0.0034718	+0.0037310	+0.0039370	+0.0041329	+0.0043155	+0.0044927
2013-05	-0.009	-0.0012857	-0.0007515	-0.0002991	-0.0000518	+0.0001822	+0.0003867	+0.0006288	+0.0009300	+0.0013009	+0.0016661	+0.0020256	+0.0023818	+0.0027700	+0.0031307	+0.0034600	+0.0037596	+0.0040313	+0.0042894	+0.0045457	+0.0047857	+0.0049709
2013-06	-0.181	-0.0002959	-0.0000471	+0.0001839	+0.0003675	+0.0005653	+0.0007576	+0.0009720	+0.0012107	+0.0014783	+0.0017581	+0.0020537	+0.0023652	+0.0026817	+0.0029760	+0.0032364	+0.0034985	+0.0037457	+0.0039741	+0.0041764	+0.0043579	+0.0045406
2013-07	-0.023	-0.0035797	-0.0033327	-0.0029764	-0.0024827	-0.0018944	-0.0014418	-0.0009739	-0.0003962	+0.0001953	+0.0007683	+0.0013765	+0.0019221	+0.0023742	+0.0028456	+0.0032604	+0.0035820	+0.0038860	+0.0041469	+0.0044456	+0.0046751	+0.0048950
2013-08	-0.029	-0.0052596	-0.0048253	-0.0045406	-0.0042229	-0.0038589	-0.0033391	-0.0027977	-0.0023480	-0.0018045	-0.0011396	-0.0005771	-0.0000168	+0.0005475	+0.0010438	+0.0015368	+0.0019344	+0.0022829	+0.0025884	+0.0028566	+0.0031210	+0.0033351
2013-09	0.108	-0.0054123	-0.0051018	-0.0048060	-0.0044729	-0.0041587	-0.0037811	-0.0033349	-0.0028710	-0.0024244	-0.0019205	-0.0013872	-0.0009315	-0.0004938	-0.0000543	+0.0003560	+0.0006621	+0.0009058	+0.0011260	+0.0013192	+0.0015027	+0.0016655
2013-10	0.058	-0.0052584	-0.0049854	-0.0047274	-0.0044338	-0.0041346	-0.0037712	-0.0033118	-0.0028544	-0.0024174	-0.0019195	-0.0013769	-0.0009096	-0.0005000	-0.0000559	+0.0003867	+0.0007142	+0.0009494	+0.0011455	+0.0013167	+0.0014681	+0.0016168
2013-11	-0.043	-0.0053529	-0.0050529	-0.0046742	-0.0043177	-0.0039457	-0.0035417	-0.0030662	-0.0025537	-0.0020452	-0.0014698	-0.0008990	-0.0003312	+0.0001907	+0.0007053	+0.0011682	+0.0015510	+0.0018898	+0.0021961	+0.0024607	+0.0027178	+0.0029628
2013-12	-0.008	-0.0052202	-0.0049550	-0.0046665	-0.0043416	-0.0039850	-0.0035771	-0.0031345	-0.0026626	-0.0021537	-0.0016044	-0.0010278	-0.0004857	+0.0000375	+0.0005266	+0.0009890	+0.0013611	+0.0017024	+0.0020043	+0.0022685	+0.0024865	+0.0026958
2014-01	-0.155	-0.0047327	-0.0044477	-0.0041318	-0.0037641	-0.0034049	-0.0030011	-0.0025495	-0.0020945	-0.0016145	-0.0010867	-0.0005820	-0.0000860	+0.0003750	+0.0007891	+0.0011676	+0.0015234	+0.0018329	+0.0020996	+0.0023596	+0.0025919	+0.0028110
2014-02	0.047	-0.0027232	-0.0025617	-0.0023527	-0.0021311	-0.0019115	-0.0016578	-0.0013863	-0.0010773	-0.0007422	-0.0003924	-0.0000301	+0.0003238	+0.0006764	+0.0010207	+0.0013529	+0.0016626	+0.0019244	+0.0021878	+0.0024040	+0.0026457	+0.0028309
2014-03	0.067	-0.0029794	-0.0028303	-0.0026331	-0.0024343	-0.0021816	-0.0019151	-0.0016258	-0.0013138	-0.0009680	-0.0006133	-0.0002268	+0.0001517	+0.0005391	+0.0009007	+0.0012395	+0.0015416	+0.0018432	+0.0020972	+0.0023512	+0.0025755	+0.0027659
2014-04	0.041	-0.0031945	-0.0030449	-0.0028629	-0.0027011	-0.0024956	-0.0022857	-0.0020145	-0.0017199	-0.0013682	-0.0010033	-0.0006168	-0.0002268	+0.0001677	+0.0005580	+0.0009248	+0.0012577	+0.0015682	+0.0018892	+0.0021441	+0.0023969	+0.0026248
2014-05	0.008	-0.0035468	-0.0033607	-0.0031563	-0.0029555	-0.0027544	-0.0025372	-0.0022609	-0.0019463	-0.0015802	-0.0011413	-0.0006560	-0.0001582	+0.0002825	+0.0007215	+0.0012450	+0.0016970	+0.0020359	+0.0023207	+0.0026249	+0.0029670	+0.0033106
2014-06	0.026	-0.0031795	-0.0030192	-0.0028439	-0.0026435	-0.0023990	-0.0021220	-0.0017942	-0.0013736	-0.0009656	-0.0005663	-0.0000930	+0.0004270	+0.0008619	+0.0012702	+0.0017392	+0.0021406	+0.0024249	+0.0026806	+0.0030122	+0.0033627	+0.0036105
2014-07	0.028	-0.0033136	-0.0031546	-0.0029430	-0.0027093	-0.0024121	-0.0020128	-0.0015929	-0.0011575	-0.0006908	-0.0001726	+0.0003918	+0.0009696	+0.0014691	+0.0019268	+0.0023928	+0.0028353	+0.0032106	+0.0035168	+0.0037346	+0.0039068	+0.0040438
2014-08	0.065	-0.0021349	-0.0019366	-0.0017088	-0.0014586	-0.0011646	-0.0008699	-0.0005518	-0.0002088	+0.0001688	+0.0005457	+0.0009379	+0.0013181	+0.0016962	+0.0020346	+0.0023416	+0.0026278	+0.0028983	+0.0031242	+0.0033379	+0.0035141	+0.0036629
2014-09	-0.134	-0.0007423	-0.0005923	-0.0004195	-0.0002404	-0.0000478	+0.0001682	+0.0003896	+0.0006315	+0.0008991	+0.0011779	+0.0014722	+0.0017665	+0.0020652	+0.0023254	+0.0025638	+0.0027976	+0.0030088	+0.0031887	+0.0033532	+0.0035281	+0.0036645
2014-10	-0.029	-0.0005799	-0.0003651	-0.0001472	+0.0000598	+0.0002718	+0.0004729	+0.0006828	+0.0009139	+0.0011589	+0.0014115	+0.0016789	+0.0019368	+0.0022010	+0.0024457	+0.0026766	+0.0028853	+0.0030677	+0.0032321	+0.0033852	+0.0035070	+0.0036261
2014-11	0.051	-0.0026839	-0.0023863	-0.0020872	-0.0017751	-0.0014591	-0.0011337	-0.0007778	-0.0003986	-0.0000077	+0.0003732	+0.0007215	+0.0010516	+0.0013591	+0.0016451	+0.0018962	+0.0021214	+0.0023450	+0.0025563	+0.0027338	+0.0028842	+0.0030299
2014-12	-0.114	-0.0033477	-0.0031361	-0.0028767	-0.0025909	-0.0022754	-0.0019942	-0.0016754	-0.0013049	-0.0009268	-0.0005711	-0.0002099	+0.0001585	+0.0004805	+0.0007511	+0.0009798	+0.0011876	+0.0013512	+0.0014966	+0.0016444	+0.0017661	+0.0018836
2015-01	-0.032	-0.0037106	-0.0035440	-0.0033428	-0.0031138	-0.0028366	-0.0025141	-0.0021946	-0.0018638	-0.0014770	-0.0011037	-0.0007280	-0.0003617	-0.0000079	+0.0003194	+0.0006092	+0.0008610	+0.0010838	+0.0012774	+0.0014372	+0.0015967	+0.0017371
2015-02	-0.011	-0.0040853	-0.0038945	-0.0036606	-0.0034465	-0.0032018	-0.0029275	-0.0026316	-0.0023143	-0.0019703	-0.0016050	-0.0012472	-0.0008762	-0.0005310	-0.0002048	+0.0001006	+0.0003664	+0.0006182	+0.0008597	+0.0010445	+0.0012379	+0.0014224
