2012-11	0.014	-0.0006012	-0.0005654	-0.0005182	-0.0004724	-0.0004259	-0.0003764	-0.0003222	-0.0002651	-0.0002053	-0.0001436	-0.0000845	-0.0000254	+0.0000301	+0.0000795	+0.0001246	+0.0001593	+0.0001892	+0.0002152	+0.0002361	+0.0002543	+0.0002721
2012-12	0.022	-0.0004009	-0.0003652	-0.0003320	-0.0002932	-0.0002508	-0.0002056	-0.0001573	-0.0001098	-0.0000616	-0.0000130	+0.0000359	+0.0000792	+0.0001204	+0.0001556	+0.0001853	+0.0002115	+0.0002348	+0.0002545	+0.0002728	+0.0002880	+0.0003031
2013-01	0.029	-0.0000855	-0.0000682	-0.0000475	-0.0000258	-0.0000012	+0.0000257	+0.0000522	+0.0000818	+0.0001135	+0.0001479	+0.0001842	+0.0002236	+0.0002624	+0.0003012	+0.0003384	+0.0003757	+0.0004114	+0.0004433	+0.0004776	+0.0005057	+0.0005331
2013-02	0.014	-0.0001161	-0.0000845	-0.0000552	-0.0000234	+0.0000099	+0.0000454	+0.0000857	+0.0001320	+0.0001858	+0.0002538	+0.0003274	+0.0004060	+0.0004806	+0.0005538	+0.0006299	+0.0007026	+0.0007618	+0.0008235	+0.0008761	+0.0009332	+0.0009848
2013-03	0.026	-0.0000885	-0.0000548	-0.0000202	+0.0000160	+0.0000604	+0.0001140	+0.0001806	+0.0002600	+0.0003392	+0.0004205	+0.0005123	+0.0006132	+0.0007025	+0.0007824	+0.0008735	+0.0009550	+0.0010254	+0.0010809	+0.0011371	+0.0012121	+0.0012685
2013-04	0.025	-0.0000642	-0.0000045	+0.0000557	+0.0001234	+0.0002036	+0.0002909	+0.0003643	+0.0004446	+0.0005450	+0.0006431	+0.0007271	+0.0008245	+0.0009267	+0.0009983	+0.0010648	+0.0011355	+0.0012134	+0.0012665	+0.0012980	+0.0013220	+0.0013447
2013-05	-0.011	-0.0002211	-0.0000513	+0.0000882	+0.0002375	+0.0003976	+0.0005016	+0.0005997	+0.0006951	+0.0008074	+0.0008972	+0.0009798	+0.0010675	+0.0011662	+0.0012410	+0.0012843	+0.0013150	+0.0013389	+0.0013601	+0.0013795	+0.0013930	+0.0014072
2013-06	-0.004	+0.0001177	+0.0001677	+0.0002440	+0.0003743	+0.0006979	+0.0007847	+0.0008475	+0.0009064	+0.0009662	+0.0010259	+0.0010790	+0.0011306	+0.0011808	+0.0012266	+0.0012621	+0.0012907	+0.0013138	+0.0013332	+0.0013516	+0.0013657	+0.0013773
2013-07	0.007	-0.0007042	-0.0004273	-0.0002555	-0.0000792	+0.0000669	+0.0002112	+0.0004436	+0.0005788	+0.0006698	+0.0007817	+0.0010079	+0.0011412	+0.0012134	+0.0012574	+0.0012908	+0.0013193	+0.0013427	+0.0013608	+0.0013785	+0.0013972	+0.0014129
2013-08	-0.002	-0.0004412	-0.0003563	-0.0002536	-0.0001461	-0.0000449	+0.0000550	+0.0001700	+0.0003011	+0.0004218	+0.0005352	+0.0006780	+0.0008001	+0.0008901	+0.0009893	+0.0011044	+0.0011898	+0.0012449	+0.0012757	+0.0013002	+0.0013214	+0.0013375
2013-09	0.020	-0.0004119	-0.0003438	-0.0002730	-0.0001883	-0.0001000	-0.0000074	+0.0000869	+0.0001890	+0.0002974	+0.0004089	+0.0005183	+0.0006295	+0.0007320	+0.0008263	+0.0009075	+0.0009861	+0.0010543	+0.0011117	+0.0011683	+0.0012102	+0.0012477
2013-10	0.008	-0.0004076	-0.0003495	-0.0002819	-0.0002283	-0.0001652	-0.0000947	-0.0000177	+0.0000636	+0.0001518	+0.0002461	+0.0003447	+0.0004441	+0.0005392	+0.0006332	+0.0007186	+0.0007982	+0.0008705	+0.0009345	+0.0009924	+0.0010403	+0.0010854
2013-11	0.014	-0.0003416	-0.0003039	-0.0002581	-0.0002139	-0.0001633	-0.0001094	-0.0000477	+0.0000207	+0.0000865	+0.0001615	+0.0002373	+0.0003109	+0.0003854	+0.0004536	+0.0005181	+0.0005790	+0.0006331	+0.0006813	+0.0007259	+0.0007718	+0.0008074
2013-12	0.007	-0.0003602	-0.0003171	-0.0002721	-0.0002247	-0.0001759	-0.0001275	-0.0000730	-0.0000150	+0.0000467	+0.0001102	+0.0001722	+0.0002341	+0.0002928	+0.0003445	+0.0003916	+0.0004328	+0.0004671	+0.0004959	+0.0005212	+0.0005432	+0.0005627
2014-01	-0.010	-0.0001044	-0.0000749	-0.0000403	-0.0000057	+0.0000299	+0.0000698	+0.0001120	+0.0001577	+0.0002035	+0.0002498	+0.0002966	+0.0003418	+0.0003838	+0.0004221	+0.0004555	+0.0004847	+0.0005090	+0.0005311	+0.0005508	+0.0005711	+0.0005834
2014-02	0.004	-0.0001039	-0.0000646	-0.0000090	+0.0000698	+0.0001449	+0.0001962	+0.0002342	+0.0002700	+0.0003044	+0.0003390	+0.0003731	+0.0004068	+0.0004370	+0.0004663	+0.0004918	+0.0005131	+0.0005337	+0.0005531	+0.0005678	+0.0005826	+0.0005953
2014-03	-0.001	-0.0001475	-0.0000967	-0.0000462	+0.0000049	+0.0000518	+0.0000938	+0.0001341	+0.0001748	+0.0002164	+0.0002578	+0.0002977	+0.0003368	+0.0003740	+0.0004087	+0.0004384	+0.0004672	+0.0004921	+0.0005151	+0.0005320	+0.0005477	+0.0005649
2014-04	-0.003	-0.0001923	-0.0001629	-0.0001281	-0.0000872	-0.0000507	-0.0000062	+0.0000386	+0.0000893	+0.0001405	+0.0001912	+0.0002440	+0.0002946	+0.0003406	+0.0003834	+0.0004230	+0.0004561	+0.0004846	+0.0005076	+0.0005281	+0.0005476	+0.0005625
2014-05	0.008	-0.0003347	-0.0002952	-0.0002516	-0.0002087	-0.0001643	-0.0001188	-0.0000635	-0.0000119	+0.0000406	+0.0000989	+0.0001564	+0.0002165	+0.0002713	+0.0003171	+0.0003616	+0.0004099	+0.0004496	+0.0004774	+0.0005001	+0.0005164	+0.0005277
2014-06	0.011	-0.0002344	-0.0002112	-0.0001893	-0.0001676	-0.0001389	-0.0001077	-0.0000740	-0.0000369	+0.0000032	+0.0000466	+0.0000928	+0.0001371	+0.0001820	+0.0002233	+0.0002635	+0.0002996	+0.0003340	+0.0003638	+0.0003899	+0.0004174	+0.0004405
2014-07	0.006	-0.0002740	-0.0002524	-0.0002283	-0.0002032	-0.0001757	-0.0001395	-0.0001039	-0.0000646	-0.0000203	+0.0000277	+0.0000769	+0.0001274	+0.0001768	+0.0002241	+0.0002689	+0.0003094	+0.0003435	+0.0003727	+0.0004045	+0.0004372	+0.0004619
2014-08	0.003	-0.0002109	-0.0001915	-0.0001661	-0.0001386	-0.0001127	-0.0000818	-0.0000477	-0.0000101	+0.0000301	+0.0000730	+0.0001162	+0.0001600	+0.0002021	+0.0002401	+0.0002764	+0.0003112	+0.0003411	+0.0003688	+0.0003914	+0.0004152	+0.0004376
2014-09	0.013	-0.0001785	-0.0001586	-0.0001330	-0.0001026	-0.0000737	-0.0000420	-0.0000082	+0.0000295	+0.0000684	+0.0001098	+0.0001530	+0.0001930	+0.0002332	+0.0002708	+0.0003022	+0.0003317	+0.0003585	+0.0003833	+0.0004040	+0.0004238	+0.0004469
2014-10	0.003	-0.0000875	-0.0000617	-0.0000303	-0.0000010	+0.0000288	+0.0000617	+0.0000931	+0.0001270	+0.0001620	+0.0001980	+0.0002337	+0.0002700	+0.0003020	+0.0003321	+0.0003590	+0.0003826	+0.0004032	+0.0004196	+0.0004345	+0.0004480	+0.0004608
2014-11	0.028	-0.0000690	-0.0000351	-0.0000071	+0.0000214	+0.0000533	+0.0000846	+0.0001164	+0.0001501	+0.0001854	+0.0002191	+0.0002519	+0.0002836	+0.0003130	+0.0003412	+0.0003648	+0.0003862	+0.0004057	+0.0004232	+0.0004387	+0.0004523	+0.0004651
2014-12	0.008	-0.0000245	+0.0000150	+0.0000486	+0.0000949	+0.0001380	+0.0001702	+0.0002073	+0.0002424	+0.0002784	+0.0003136	+0.0003488	+0.0003823	+0.0004149	+0.0004454	+0.0004734	+0.0004997	+0.0005214	+0.0005414	+0.0005609	+0.0005764	+0.0005957
2015-01	-0.011	+0.0000066	+0.0000463	+0.0000884	+0.0001278	+0.0001653	+0.0002078	+0.0002474	+0.0002935	+0.0003436	+0.0003986	+0.0004574	+0.0005181	+0.0005781	+0.0006364	+0.0006931	+0.0007456	+0.0007960	+0.0008424	+0.0008867	+0.0009287	+0.0009684
2015-02	-0.002	-0.0002100	-0.0001496	-0.0000484	+0.0000413	+0.0001006	+0.0001504	+0.0001965	+0.0002445	+0.0002972	+0.0003602	+0.0004241	+0.0004911	+0.0005554	+0.0006202	+0.0006813	+0.0007376	+0.0007908	+0.0008428	+0.0008889	+0.0009351	+0.0009738
