2011-09	-0.063	-0.0030514	-0.0029279	-0.0027528	-0.0025598	-0.0023450	-0.0021111	-0.0018763	-0.0016023	-0.0013282	-0.0010491	-0.0007777	-0.0005158	-0.0002500	-0.0000261	+0.0001870	+0.0003631	+0.0005258	+0.0006662	+0.0008001	+0.0009208	+0.0010214
2011-10	0.127	-0.0040157	-0.0038480	-0.0036771	-0.0034816	-0.0032643	-0.0030095	-0.0027368	-0.0024474	-0.0021389	-0.0018040	-0.0014717	-0.0011337	-0.0008276	-0.0005366	-0.0002738	-0.0000302	+0.0001845	+0.0003891	+0.0005612	+0.0007110	+0.0008544
2011-11	-0.088	-0.0041068	-0.0039417	-0.0037545	-0.0035703	-0.0033497	-0.0031225	-0.0028667	-0.0025823	-0.0022839	-0.0019654	-0.0016298	-0.0012942	-0.0009741	-0.0006845	-0.0003838	-0.0001253	+0.0001296	+0.0003596	+0.0005571	+0.0007459	+0.0009403
2011-12	0.034	-0.0041176	-0.0039496	-0.0037847	-0.0036026	-0.0033921	-0.0031552	-0.0029097	-0.0026253	-0.0023152	-0.0019777	-0.0016416	-0.0013038	-0.0009741	-0.0006484	-0.0003507	-0.0000609	+0.0002189	+0.0004563	+0.0007137	+0.0009495	+0.0011595
2012-01	0.032	-0.0040870	-0.0038699	-0.0036585	-0.0034259	-0.0031904	-0.0029564	-0.0026452	-0.0023055	-0.0019774	-0.0016222	-0.0012288	-0.0008534	-0.0005093	-0.0001722	+0.0001498	+0.0004131	+0.0006604	+0.0008959	+0.0011113	+0.0013066	+0.0014874
2012-02	0.106	-0.0041456	-0.0038868	-0.0035812	-0.0033483	-0.0031241	-0.0028467	-0.0024757	-0.0021154	-0.0017692	-0.0013603	-0.0009258	-0.0005187	-0.0001452	+0.0002112	+0.0005493	+0.0008489	+0.0011167	+0.0013508	+0.0015508	+0.0017443	+0.0019221
2012-03	0.023	-0.0033363	-0.0031530	-0.0028874	-0.0024913	-0.0021793	-0.0018847	-0.0015420	-0.0011139	-0.0006802	-0.0002748	+0.0001402	+0.0005363	+0.0009261	+0.0012549	+0.0015374	+0.0017623	+0.0019751	+0.0021503	+0.0023271	+0.0024504	+0.0025654
2012-04	-0.019	-0.0012152	-0.0010653	-0.0008376	-0.0006247	-0.0003739	-0.0000903	+0.0001922	+0.0004840	+0.0007741	+0.0010483	+0.0013266	+0.0016044	+0.0018607	+0.0020989	+0.0023138	+0.0025091	+0.0026940	+0.0028495	+0.0029958	+0.0031340	+0.0032492
2012-05	-0.115	-0.0003091	-0.0001468	+0.0000096	+0.0001576	+0.0003150	+0.0004948	+0.0006913	+0.0008967	+0.0011256	+0.0013581	+0.0015992	+0.0018306	+0.0020612	+0.0022804	+0.0024749	+0.0026445	+0.0027959	+0.0029414	+0.0030887	+0.0032132	+0.0033222
2012-06	0.022	-0.0019792	-0.0017316	-0.0014910	-0.0012046	-0.0009325	-0.0006356	-0.0003179	+0.0000165	+0.0003750	+0.0007357	+0.0010767	+0.0014274	+0.0017369	+0.0020371	+0.0023073	+0.0025260	+0.0027096	+0.0028844	+0.0030448	+0.0031891	+0.0033158
2012-07	0.037	-0.0025800	-0.0023519	-0.0020997	-0.0018524	-0.0015697	-0.0012990	-0.0009681	-0.0006142	-0.0002515	+0.0001457	+0.0005533	+0.0009360	+0.0013139	+0.0016728	+0.0019852	+0.0022731	+0.0025344	+0.0027631	+0.0029503	+0.0031165	+0.0032831
2012-08	0.022	-0.0024950	-0.0022978	-0.0020911	-0.0018452	-0.0015918	-0.0013150	-0.0010178	-0.0006815	-0.0003158	+0.0000444	+0.0004350	+0.0008249	+0.0011940	+0.0015428	+0.0018409	+0.0021220	+0.0023852	+0.0026130	+0.0028137	+0.0029803	+0.0031813
2012-09	0.029	-0.0024854	-0.0023090	-0.0020989	-0.0018823	-0.0016351	-0.0013734	-0.0010875	-0.0007680	-0.0004286	-0.0000773	+0.0002690	+0.0006299	+0.0009688	+0.0012874	+0.0015730	+0.0018172	+0.0020437	+0.0022435	+0.0024389	+0.0026110	+0.0027779
2012-10	0.014	-0.0024920	-0.0023119	-0.0021327	-0.0019296	-0.0016944	-0.0014515	-0.0011895	-0.0009166	-0.0006146	-0.0003050	+0.0000160	+0.0003192	+0.0006088	+0.0008744	+0.0011141	+0.0013098	+0.0014921	+0.0016373	+0.0017697	+0.0018913	+0.0020080
2012-11	0.040	-0.0024939	-0.0023308	-0.0021558	-0.0019200	-0.0016759	-0.0014228	-0.0011598	-0.0008965	-0.0005884	-0.0002824	+0.0000190	+0.0003020	+0.0005620	+0.0008221	+0.0010430	+0.0012137	+0.0013475	+0.0014734	+0.0015934	+0.0016788	+0.0017550
2012-12	0.068	-0.0016868	-0.0015440	-0.0013769	-0.0011774	-0.0009692	-0.0007433	-0.0004984	-0.0002580	-0.0000102	+0.0002435	+0.0004883	+0.0007214	+0.0009212	+0.0010943	+0.0012365	+0.0013593	+0.0014676	+0.0015622	+0.0016578	+0.0017389	+0.0018160
2013-01	0.107	-0.0001326	-0.0000523	+0.0000442	+0.0001477	+0.0002633	+0.0003809	+0.0005046	+0.0006367	+0.0007839	+0.0009213	+0.0010557	+0.0011927	+0.0013172	+0.0014316	+0.0015336	+0.0016270	+0.0017164	+0.0017992	+0.0018742	+0.0019549	+0.0020216
2013-02	0.009	-0.0001973	-0.0000383	+0.0001860	+0.0003939	+0.0005875	+0.0007478	+0.0009009	+0.0010539	+0.0012133	+0.0013874	+0.0016066	+0.0018621	+0.0021079	+0.0023050	+0.0025171	+0.0027530	+0.0029713	+0.0031408	+0.0032863	+0.0034741	+0.0036604
2013-03	0.039	-0.0000270	+0.0001928	+0.0003865	+0.0005794	+0.0007462	+0.0009184	+0.0011028	+0.0013195	+0.0015705	+0.0018352	+0.0020880	+0.0023680	+0.0026694	+0.0029332	+0.0031583	+0.0034113	+0.0036609	+0.0038572	+0.0040117	+0.0041516	+0.0043328
2013-04	0.061	-0.0005869	-0.0003092	+0.0000590	+0.0004780	+0.0007510	+0.0010015	+0.0012382	+0.0014895	+0.0017561	+0.0020230	+0.0022937	+0.0025711	+0.0028580	+0.0031067	+0.0033479	+0.0035787	+0.0037752	+0.0039565	+0.0040977	+0.0042585	+0.0043976
2013-05	0.058	-0.0010166	-0.0005541	-0.0000435	+0.0004512	+0.0007689	+0.0010371	+0.0013064	+0.0015885	+0.0018792	+0.0021783	+0.0024934	+0.0027997	+0.0030888	+0.0033735	+0.0036333	+0.0038578	+0.0040674	+0.0042714	+0.0044367	+0.0046307	+0.0048046
2013-06	-0.064	+0.0000915	+0.0002895	+0.0005608	+0.0011505	+0.0016082	+0.0018459	+0.0020422	+0.0022258	+0.0024199	+0.0026217	+0.0028300	+0.0030457	+0.0032525	+0.0034516	+0.0036331	+0.0038035	+0.0039529	+0.0040968	+0.0042372	+0.0043628	+0.0044514
2013-07	0.045	-0.0013239	-0.0009367	-0.0001972	+0.0004157	+0.0008050	+0.0011561	+0.0014469	+0.0017468	+0.0020556	+0.0023510	+0.0026576	+0.0029509	+0.0032448	+0.0035016	+0.0037248	+0.0039543	+0.0041417	+0.0042851	+0.0044145	+0.0045965	+0.0047524
2013-08	-0.013	-0.0012888	-0.0009422	-0.0005965	-0.0002595	+0.0000832	+0.0003565	+0.0006335	+0.0009120	+0.0011803	+0.0014643	+0.0017610	+0.0020285	+0.0022952	+0.0025421	+0.0027702	+0.0029811	+0.0031685	+0.0033322	+0.0034785	+0.0036279	+0.0037735
2013-09	0.039	-0.0007240	-0.0005415	-0.0003705	-0.0001866	+0.0000112	+0.0002049	+0.0004081	+0.0006166	+0.0008352	+0.0010575	+0.0012802	+0.0015046	+0.0017082	+0.0019059	+0.0020831	+0.0022383	+0.0023865	+0.0025166	+0.0026381	+0.0027332	+0.0028148
2013-10	0.048	-0.0006796	-0.0005008	-0.0003476	-0.0002095	-0.0000762	+0.0000746	+0.0002382	+0.0004116	+0.0005931	+0.0007874	+0.0009908	+0.0011929	+0.0013894	+0.0015727	+0.0017489	+0.0019199	+0.0020602	+0.0021898	+0.0023124	+0.0024201	+0.0025094
2013-11	0.052	-0.0005666	-0.0004544	-0.0003327	-0.0002113	-0.0000989	+0.0000306	+0.0001734	+0.0003279	+0.0005097	+0.0006995	+0.0008993	+0.0010952	+0.0012929	+0.0014818	+0.0016576	+0.0018099	+0.0019561	+0.0020848	+0.0022019	+0.0023002	+0.0024010
2013-12	0.046	-0.0006479	-0.0004946	-0.0003798	-0.0002423	-0.0001252	-0.0000004	+0.0001294	+0.0002675	+0.0004089	+0.0005577	+0.0007147	+0.0008629	+0.0010140	+0.0011515	+0.0012862	+0.0014046	+0.0015136	+0.0016102	+0.0016911	+0.0017830	+0.0018579
2014-01	-0.051	-0.0004107	-0.0002873	-0.0001716	-0.0000516	+0.0000859	+0.0002282	+0.0003714	+0.0005224	+0.0006811	+0.0008433	+0.0010088	+0.0011742	+0.0013244	+0.0014649	+0.0015960	+0.0017147	+0.0018255	+0.0019171	+0.0020016	+0.0020845	+0.0021639
2014-02	0.033	-0.0000635	+0.0000743	+0.0002488	+0.0004131	+0.0005673	+0.0007030	+0.0008240	+0.0009467	+0.0010728	+0.0012028	+0.0013349	+0.0014651	+0.0015889	+0.0017068	+0.0018144	+0.0019116	+0.0019980	+0.0020808	+0.0021501	+0.0022059	+0.0022622
2014-03	0.010	-0.0005908	-0.0003821	-0.0001401	+0.0001076	+0.0003288	+0.0004854	+0.0006237	+0.0007637	+0.0009057	+0.0010524	+0.0012038	+0.0013467	+0.0014819	+0.0016148	+0.0017358	+0.0018508	+0.0019545	+0.0020493	+0.0021271	+0.0021975	+0.0022535
2014-04	0.013	-0.0003350	-0.0002164	-0.0000797	+0.0000463	+0.0001729	+0.0003121	+0.0004631	+0.0006143	+0.0007730	+0.0009445	+0.0011101	+0.0012756	+0.0014350	+0.0015798	+0.0017156	+0.0018379	+0.0019433	+0.0020369	+0.0021236	+0.0021980	+0.0022710
2014-05	0.010	-0.0010044	-0.0007593	-0.0004640	-0.0002139	-0.0000298	+0.0001478	+0.0003195	+0.0005013	+0.0006917	+0.0008780	+0.0010705	+0.0012721	+0.0014561	+0.0016202	+0.0017835	+0.0019345	+0.0020625	+0.0021710	+0.0022621	+0.0023386	+0.0024009
2014-06	0.012	-0.0005678	-0.0004404	-0.0002790	-0.0001268	+0.0000099	+0.0001386	+0.0002699	+0.0004133	+0.0005686	+0.0007275	+0.0008892	+0.0010576	+0.0012208	+0.0013761	+0.0015156	+0.0016547	+0.0017781	+0.0018951	+0.0020088	+0.0021110	+0.0021861
2014-07	0.014	-0.0006703	-0.0005327	-0.0003953	-0.0002419	-0.0001085	+0.0000079	+0.0001254	+0.0002468	+0.0003678	+0.0004986	+0.0006395	+0.0007900	+0.0009404	+0.0010810	+0.0012138	+0.0013447	+0.0014714	+0.0015920	+0.0016920	+0.0017778	+0.0018603
2014-08	0.015	-0.0002705	-0.0002067	-0.0001356	-0.0000534	+0.0000285	+0.0001133	+0.0002072	+0.0002949	+0.0003819	+0.0004725	+0.0005597	+0.0006479	+0.0007343	+0.0008205	+0.0009058	+0.0009900	+0.0010731	+0.0011469	+0.0012136	+0.0012813	+0.0013407
2014-09	0.028	-0.0002462	-0.0001784	-0.0001156	-0.0000544	+0.0000168	+0.0000911	+0.0001708	+0.0002535	+0.0003391	+0.0004269	+0.0005185	+0.0006078	+0.0006984	+0.0007807	+0.0008655	+0.0009478	+0.0010335	+0.0011115	+0.0011874	+0.0012570	+0.0013365
2014-10	-0.006	-0.0002664	-0.0001851	-0.0000913	+0.0000049	+0.0001060	+0.0002171	+0.0003078	+0.0004041	+0.0004950	+0.0005848	+0.0006757	+0.0007660	+0.0008532	+0.0009393	+0.0010222	+0.0011001	+0.0011751	+0.0012506	+0.0013206	+0.0013859	+0.0014555
2014-11	0.113	-0.0003712	-0.0002798	-0.0001916	-0.0001105	-0.0000143	+0.0000812	+0.0001833	+0.0002813	+0.0003806	+0.0004856	+0.0005856	+0.0006816	+0.0007714	+0.0008577	+0.0009355	+0.0010046	+0.0010633	+0.0011172	+0.0011646	+0.0012121	+0.0012523
2014-12	0.012	-0.0002498	-0.0001708	-0.0000816	+0.0000108	+0.0001009	+0.0002039	+0.0003128	+0.0004243	+0.0005476	+0.0006712	+0.0007926	+0.0009151	+0.0010279	+0.0011433	+0.0012453	+0.0013356	+0.0014230	+0.0015030	+0.0015794	+0.0016518	+0.0017131
2015-01	-0.044	-0.0002313	-0.0001362	-0.0000317	+0.0000707	+0.0001734	+0.0003010	+0.0004477	+0.0005997	+0.0007728	+0.0009626	+0.0011710	+0.0013790	+0.0015850	+0.0017905	+0.0019848	+0.0021644	+0.0023322	+0.0024851	+0.0026453	+0.0028056	+0.0029285
2015-02	0.012	-0.0007604	-0.0005488	-0.0003711	-0.0002131	-0.0000457	+0.0001092	+0.0002789	+0.0004513	+0.0006438	+0.0008654	+0.0010942	+0.0013220	+0.0015488	+0.0017669	+0.0019752	+0.0021741	+0.0023613	+0.0025173	+0.0026730	+0.0028125	+0.0029400
