2012-06	-0.002	-0.0009534	-0.0008398	-0.0007635	-0.0006550	-0.0005304	-0.0004072	-0.0002746	-0.0001331	+0.0000233	+0.0001834	+0.0003471	+0.0005131	+0.0006705	+0.0008237	+0.0009644	+0.0010843	+0.0011935	+0.0012896	+0.0013845	+0.0014685	+0.0015359
2012-07	-0.016	-0.0009865	-0.0009193	-0.0008361	-0.0007543	-0.0006640	-0.0005655	-0.0004520	-0.0003304	-0.0001925	-0.0000443	+0.0001114	+0.0002644	+0.0004168	+0.0005655	+0.0007024	+0.0008229	+0.0009292	+0.0010281	+0.0011247	+0.0012064	+0.0012893
2012-08	0.009	-0.0009968	-0.0009508	-0.0008915	-0.0008274	-0.0007462	-0.0006488	-0.0005374	-0.0004121	-0.0002794	-0.0001382	+0.0000187	+0.0001858	+0.0003454	+0.0004928	+0.0006378	+0.0007694	+0.0008880	+0.0009900	+0.0010828	+0.0011797	+0.0012597
2012-09	-0.006	-0.0009928	-0.0009502	-0.0009002	-0.0008515	-0.0007900	-0.0007206	-0.0006317	-0.0005307	-0.0003991	-0.0002472	-0.0000972	+0.0000424	+0.0002045	+0.0003746	+0.0005076	+0.0006225	+0.0007495	+0.0008915	+0.0009961	+0.0010913	+0.0011681
2012-10	0.037	-0.0010115	-0.0009659	-0.0009175	-0.0008689	-0.0008109	-0.0007532	-0.0006876	-0.0006159	-0.0005324	-0.0004407	-0.0003404	-0.0002352	-0.0001192	-0.0000085	+0.0001068	+0.0002120	+0.0003109	+0.0004069	+0.0004945	+0.0005702	+0.0006409
2012-11	0.035	-0.0010192	-0.0009744	-0.0009206	-0.0008714	-0.0008106	-0.0007481	-0.0006837	-0.0006139	-0.0005399	-0.0004608	-0.0003726	-0.0002883	-0.0001998	-0.0001158	-0.0000379	+0.0000381	+0.0001097	+0.0001757	+0.0002414	+0.0003001	+0.0003526
2012-12	0.048	-0.0008518	-0.0008067	-0.0007524	-0.0006927	-0.0006252	-0.0005502	-0.0004654	-0.0003753	-0.0002748	-0.0001659	-0.0000474	+0.0000694	+0.0001941	+0.0003100	+0.0004211	+0.0005263	+0.0006235	+0.0007194	+0.0008007	+0.0008810	+0.0009651
2013-01	0.052	-0.0004534	-0.0004234	-0.0003839	-0.0003341	-0.0002710	-0.0001959	-0.0001108	-0.0000085	+0.0001055	+0.0002211	+0.0003476	+0.0004823	+0.0006164	+0.0007372	+0.0008517	+0.0009675	+0.0010740	+0.0011628	+0.0012337	+0.0013088	+0.0013898
2013-02	0.018	-0.0002536	-0.0001963	-0.0001387	-0.0000735	+0.0000190	+0.0001293	+0.0002467	+0.0003713	+0.0005079	+0.0006589	+0.0008273	+0.0009973	+0.0011578	+0.0013204	+0.0014695	+0.0016190	+0.0017473	+0.0018506	+0.0019600	+0.0020580	+0.0021494
2013-03	0.020	-0.0000378	+0.0000697	+0.0001775	+0.0002793	+0.0004073	+0.0005370	+0.0006707	+0.0008264	+0.0009919	+0.0011641	+0.0013448	+0.0015277	+0.0017004	+0.0018623	+0.0020171	+0.0021623	+0.0022846	+0.0024027	+0.0025133	+0.0025986	+0.0026869
2013-04	0.051	-0.0000800	+0.0000797	+0.0002526	+0.0005187	+0.0007500	+0.0009192	+0.0010704	+0.0012144	+0.0013552	+0.0015040	+0.0016501	+0.0017946	+0.0019377	+0.0020647	+0.0021889	+0.0023015	+0.0023953	+0.0024845	+0.0025614	+0.0026301	+0.0026945
2013-05	0.035	-0.0004642	-0.0003075	+0.0000201	+0.0010255	+0.0011727	+0.0012869	+0.0013970	+0.0015114	+0.0016298	+0.0017555	+0.0018857	+0.0020130	+0.0021343	+0.0022511	+0.0023664	+0.0024690	+0.0025533	+0.0026364	+0.0027151	+0.0027963	+0.0028655
2013-06	-0.044	+0.0000916	+0.0002048	+0.0003240	+0.0006168	+0.0014037	+0.0015362	+0.0016360	+0.0017255	+0.0018172	+0.0019106	+0.0020026	+0.0020963	+0.0021896	+0.0022798	+0.0023628	+0.0024359	+0.0025104	+0.0025757	+0.0026450	+0.0026990	+0.0027570
2013-07	-0.001	-0.0009453	-0.0005662	-0.0002859	+0.0001499	+0.0004276	+0.0007109	+0.0009613	+0.0011496	+0.0013474	+0.0015880	+0.0018145	+0.0019996	+0.0021515	+0.0022829	+0.0023921	+0.0024955	+0.0025841	+0.0026526	+0.0027183	+0.0027810	+0.0028448
2013-08	0.007	-0.0009746	-0.0007588	-0.0005615	-0.0003735	-0.0001639	+0.0000297	+0.0002536	+0.0004862	+0.0006904	+0.0009257	+0.0011597	+0.0013552	+0.0015442	+0.0017433	+0.0019090	+0.0020477	+0.0021563	+0.0022563	+0.0023408	+0.0024238	+0.0024822
2013-09	-0.009	-0.0008382	-0.0007395	-0.0006370	-0.0005297	-0.0003947	-0.0002348	-0.0000758	+0.0000853	+0.0002690	+0.0004759	+0.0006642	+0.0008471	+0.0010494	+0.0012223	+0.0013605	+0.0014956	+0.0016491	+0.0017740	+0.0018640	+0.0019352	+0.0019919
2013-10	0.019	-0.0007824	-0.0007247	-0.0006448	-0.0005604	-0.0004776	-0.0003755	-0.0002561	-0.0001095	+0.0000555	+0.0002222	+0.0003915	+0.0005857	+0.0007740	+0.0009258	+0.0010893	+0.0012615	+0.0013884	+0.0014878	+0.0015817	+0.0017077	+0.0018209
2013-11	0.032	-0.0007748	-0.0007226	-0.0006651	-0.0005997	-0.0005269	-0.0004449	-0.0003578	-0.0002546	-0.0001351	+0.0000046	+0.0001776	+0.0003497	+0.0004940	+0.0006424	+0.0008175	+0.0009640	+0.0010694	+0.0011788	+0.0013171	+0.0014512	+0.0015463
2013-12	0.029	-0.0007435	-0.0007012	-0.0006492	-0.0005920	-0.0005334	-0.0004672	-0.0003975	-0.0003236	-0.0002419	-0.0001564	-0.0000684	+0.0000225	+0.0001136	+0.0002071	+0.0003141	+0.0004191	+0.0005190	+0.0006034	+0.0006837	+0.0007571	+0.0008362
2014-01	-0.016	-0.0006538	-0.0006041	-0.0005397	-0.0004843	-0.0004134	-0.0003353	-0.0002554	-0.0001630	-0.0000597	+0.0000482	+0.0001592	+0.0002740	+0.0003877	+0.0004968	+0.0006066	+0.0007077	+0.0007918	+0.0008641	+0.0009467	+0.0010299	+0.0010917
2014-02	-0.017	-0.0002704	-0.0002297	-0.0001830	-0.0001285	-0.0000701	-0.0000090	+0.0000604	+0.0001410	+0.0002345	+0.0003324	+0.0004359	+0.0005438	+0.0006533	+0.0007538	+0.0008468	+0.0009387	+0.0010241	+0.0010940	+0.0011522	+0.0012136	+0.0012667
2014-03	-0.004	-0.0003019	-0.0002447	-0.0001942	-0.0001455	-0.0000921	-0.0000288	+0.0000421	+0.0001319	+0.0002307	+0.0003301	+0.0004355	+0.0005424	+0.0006513	+0.0007482	+0.0008454	+0.0009405	+0.0010190	+0.0010940	+0.0011550	+0.0012216	+0.0012823
2014-04	-0.012	-0.0006219	-0.0005671	-0.0005044	-0.0004205	-0.0003461	-0.0002573	-0.0001592	-0.0000557	+0.0000674	+0.0001936	+0.0003225	+0.0004511	+0.0005755	+0.0006965	+0.0008062	+0.0009060	+0.0010045	+0.0010846	+0.0011532	+0.0012329	+0.0013113
2014-05	-0.003	-0.0008011	-0.0007557	-0.0007105	-0.0006497	-0.0005717	-0.0004921	-0.0003856	-0.0002557	-0.0001069	+0.0000453	+0.0001927	+0.0003545	+0.0005400	+0.0006970	+0.0008177	+0.0009403	+0.0010643	+0.0011907	+0.0012942	+0.0013739	+0.0014254
2014-06	0.006	-0.0007542	-0.0007170	-0.0006766	-0.0006291	-0.0005757	-0.0005121	-0.0004291	-0.0003148	-0.0001716	-0.0000473	+0.0000777	+0.0002302	+0.0003888	+0.0005062	+0.0006212	+0.0007667	+0.0008881	+0.0009716	+0.0010427	+0.0011312	+0.0012423
2014-07	0.020	-0.0008177	-0.0007752	-0.0007382	-0.0006930	-0.0006456	-0.0005933	-0.0005365	-0.0004714	-0.0003972	-0.0003156	-0.0002183	-0.0001002	+0.0000454	+0.0001813	+0.0002964	+0.0003994	+0.0005029	+0.0006383	+0.0007620	+0.0008423	+0.0009153
2014-08	0.014	-0.0007386	-0.0007097	-0.0006725	-0.0006365	-0.0005924	-0.0005419	-0.0004896	-0.0004356	-0.0003748	-0.0003128	-0.0002504	-0.0001889	-0.0001285	-0.0000747	-0.0000249	+0.0000200	+0.0000625	+0.0000981	+0.0001300	+0.0001636	+0.0001929
2014-09	0.045	-0.0006810	-0.0006459	-0.0006026	-0.0005573	-0.0005079	-0.0004538	-0.0003953	-0.0003307	-0.0002587	-0.0001833	-0.0001038	-0.0000244	+0.0000511	+0.0001255	+0.0001942	+0.0002591	+0.0003220	+0.0003758	+0.0004287	+0.0004787	+0.0005198
2014-10	0.009	-0.0004442	-0.0004106	-0.0003695	-0.0003254	-0.0002743	-0.0002169	-0.0001501	-0.0000734	+0.0000160	+0.0001141	+0.0002181	+0.0003320	+0.0004361	+0.0005443	+0.0006485	+0.0007529	+0.0008456	+0.0009296	+0.0009975	+0.0010718	+0.0011405
2014-11	0.070	-0.0002527	-0.0002117	-0.0001613	-0.0001095	-0.0000475	+0.0000203	+0.0000999	+0.0001846	+0.0002818	+0.0003812	+0.0004888	+0.0005967	+0.0007027	+0.0008010	+0.0008976	+0.0009835	+0.0010659	+0.0011393	+0.0012023	+0.0012622	+0.0013213
2014-12	-0.001	-0.0000486	+0.0000198	+0.0000823	+0.0001485	+0.0002267	+0.0003104	+0.0004082	+0.0005036	+0.0006107	+0.0007246	+0.0008428	+0.0009596	+0.0010737	+0.0011791	+0.0012808	+0.0013701	+0.0014497	+0.0015251	+0.0015949	+0.0016623	+0.0017292
2015-01	-0.020	+0.0001109	+0.0002265	+0.0003388	+0.0004327	+0.0005368	+0.0006457	+0.0007520	+0.0008588	+0.0009732	+0.0010968	+0.0012130	+0.0013336	+0.0014512	+0.0015586	+0.0016523	+0.0017473	+0.0018231	+0.0018959	+0.0019600	+0.0020162	+0.0020558
2015-02	-0.003	-0.0003675	-0.0002211	-0.0000347	+0.0001730	+0.0003688	+0.0005393	+0.0006811	+0.0008116	+0.0009472	+0.0010843	+0.0012179	+0.0013494	+0.0014720	+0.0015836	+0.0016826	+0.0017651	+0.0018404	+0.0019107	+0.0019772	+0.0020318	+0.0020702
