2011-03	-0.069	-0.0100000	-0.0100000	-0.0100000	-0.0100000	-0.0100000	-0.0100000	-0.0100000	-0.0100000	-0.0100000	-0.0100000	-0.0100000	-0.0100000	-0.0100000	-0.0100000	-0.0100000	-0.0100000	-0.0100000	-0.0100000	-0.0100000	-0.0100000	-0.0100000
2011-04	0.008	+0.0000001	+0.0000001	+0.0000001	+0.0000001	+0.0000001	+0.0000001	+0.0000001	+0.0000001	+0.0000001	+0.0000001	+0.0000001	+0.0000001	+0.0000001	+0.0000001	+0.0000001	+0.0000001	+0.0000001	+0.0000001	+0.0000001	+0.0000001	+0.0000001
2011-05	-0.017	-0.0018154	-0.0018154	-0.0018154	-0.0018154	-0.0018154	-0.0018154	-0.0018154	-0.0018154	-0.0018154	-0.0018154	-0.0018154	+0.0005337	+0.0005337	+0.0005337	+0.0005337	+0.0005337	+0.0005337	+0.0005337	+0.0005337	+0.0005337	+0.0005337
2011-06	0.014	-0.0100000	-0.0100000	-0.0100000	-0.0100000	-0.0100000	-0.0100000	-0.0100000	-0.0100000	-0.0100000	-0.0100000	-0.0100000	-0.0100000	-0.0100000	-0.0100000	-0.0100000	-0.0100000	-0.0100000	-0.0100000	-0.0100000	-0.0100000	-0.0100000
2011-07	-0.008	+0.0000001	+0.0000001	+0.0000001	+0.0000001	+0.0000001	+0.0000001	+0.0000001	+0.0000001	+0.0000001	+0.0000001	+0.0000001	+0.0000001	+0.0000001	+0.0000001	+0.0000001	+0.0000001	+0.0000001	+0.0000001	+0.0000001	+0.0000001	+0.0000001
2011-08	-0.091	+0.0000288	+0.0000288	+0.0000288	+0.0000288	+0.0000288	+0.0000288	+0.0000288	+0.0000288	+0.0000288	+0.0000288	+0.0000288	+0.0004253	+0.0004253	+0.0004253	+0.0004253	+0.0004253	+0.0004253	+0.0004253	+0.0004253	+0.0004253	+0.0004253
2011-09	-0.024	-0.0028511	-0.0028511	-0.0028511	-0.0028511	-0.0028511	-0.0028511	-0.0028511	-0.0028511	-0.0028511	-0.0026381	-0.0026381	-0.0026381	-0.0002350	-0.0002350	-0.0002350	-0.0002350	-0.0002350	-0.0002350	-0.0002350	-0.0002350	-0.0002350
2011-10	0.034	-0.0031523	-0.0031523	-0.0031523	-0.0031523	-0.0031523	-0.0031523	-0.0031523	-0.0031523	-0.0031523	-0.0029266	-0.0029266	-0.0029266	+0.0007395	+0.0007395	+0.0007395	+0.0007395	+0.0007395	+0.0007395	+0.0007395	+0.0007395	+0.0007395
2011-11	-0.052	-0.0100000	-0.0100000	-0.0100000	-0.0100000	-0.0100000	-0.0100000	-0.0100000	-0.0100000	-0.0100000	-0.0100000	-0.0100000	-0.0100000	-0.0100000	-0.0100000	-0.0100000	-0.0100000	-0.0100000	-0.0100000	-0.0100000	-0.0100000	-0.0100000
2011-12	0.007	-0.0100000	-0.0100000	-0.0100000	-0.0100000	-0.0100000	-0.0100000	-0.0100000	-0.0100000	-0.0100000	-0.0100000	-0.0100000	-0.0100000	-0.0100000	-0.0100000	-0.0100000	-0.0100000	-0.0100000	-0.0100000	-0.0100000	-0.0100000	-0.0100000
2012-01	0.035	+0.0000001	+0.0000001	+0.0000001	+0.0000001	+0.0000001	+0.0000001	+0.0000001	+0.0000001	+0.0000001	+0.0000001	+0.0000001	+0.0000001	+0.0000001	+0.0000001	+0.0000001	+0.0000001	+0.0000001	+0.0000001	+0.0000001	+0.0000001	+0.0000001
2012-02	0.098	-0.0100000	-0.0100000	-0.0100000	-0.0100000	-0.0100000	-0.0100000	-0.0100000	-0.0100000	-0.0100000	-0.0100000	-0.0100000	-0.0100000	-0.0100000	-0.0100000	-0.0100000	-0.0100000	-0.0100000	-0.0100000	-0.0100000	-0.0100000	-0.0100000
2012-03	0.042	-0.0100000	-0.0100000	-0.0100000	-0.0100000	-0.0100000	-0.0100000	-0.0100000	-0.0100000	-0.0100000	-0.0100000	-0.0100000	-0.0100000	-0.0100000	-0.0100000	-0.0100000	-0.0100000	-0.0100000	-0.0100000	-0.0100000	-0.0100000	-0.0100000
2012-04	-0.054	-0.0001978	-0.0001978	-0.0001978	-0.0001978	-0.0001978	-0.0001978	-0.0001978	-0.0001978	-0.0001978	-0.0001978	+0.0034336	+0.0034336	+0.0034336	+0.0034336	+0.0034336	+0.0034336	+0.0034336	+0.0034336	+0.0034336	+0.0034336	+0.0034336
2012-05	-0.125	+0.0000001	+0.0000001	+0.0000001	+0.0000001	+0.0000001	+0.0000001	+0.0000001	+0.0000001	+0.0000001	+0.0000001	+0.0000001	+0.0000001	+0.0000001	+0.0000001	+0.0000001	+0.0000001	+0.0000001	+0.0000001	+0.0000001	+0.0000001	+0.0000001
2012-06	0.049	+0.0000001	+0.0000001	+0.0000001	+0.0000001	+0.0000001	+0.0000001	+0.0000001	+0.0000001	+0.0000001	+0.0000001	+0.0000001	+0.0000001	+0.0000001	+0.0000001	+0.0000001	+0.0000001	+0.0000001	+0.0000001	+0.0000001	+0.0000001	+0.0000001
2012-07	-0.031	-0.0013346	-0.0013346	-0.0013346	-0.0013346	-0.0013346	-0.0013346	-0.0013346	-0.0013346	-0.0013346	-0.0013346	-0.0013346	-0.0000491	-0.0000491	-0.0000491	-0.0000491	-0.0000491	-0.0000491	-0.0000491	-0.0000491	-0.0000491	-0.0000491
2012-08	0.007	+0.0004463	+0.0004463	+0.0004463	+0.0004463	+0.0004463	+0.0004463	+0.0004463	+0.0004463	+0.0004463	+0.0004463	+0.0007945	+0.0007945	+0.0007945	+0.0007945	+0.0007945	+0.0007945	+0.0007945	+0.0007945	+0.0007945	+0.0007945	+0.0007945
2012-09	0.024	-0.0009395	-0.0009395	-0.0009395	-0.0009395	-0.0009395	-0.0009395	-0.0009395	-0.0009395	-0.0004257	-0.0004257	-0.0001961	-0.0001961	-0.0001961	-0.0000206	-0.0000206	-0.0000206	-0.0000206	-0.0000206	-0.0000206	-0.0000206	-0.0000206
2012-10	0.007	-0.0000751	-0.0000751	-0.0000751	-0.0000751	-0.0000751	-0.0000751	-0.0000751	-0.0000751	-0.0000751	-0.0000751	+0.0008881	+0.0008881	+0.0008881	+0.0008881	+0.0008881	+0.0008881	+0.0008881	+0.0008881	+0.0008881	+0.0008881	+0.0008881
2012-11	0.045	+0.0000001	+0.0000001	+0.0000001	+0.0000001	+0.0000001	+0.0000001	+0.0000001	+0.0000001	+0.0000001	+0.0000001	+0.0000001	+0.0000001	+0.0000001	+0.0000001	+0.0000001	+0.0000001	+0.0000001	+0.0000001	+0.0000001	+0.0000001	+0.0000001
2012-12	0.084	+0.0001257	+0.0001257	+0.0001257	+0.0001257	+0.0001257	+0.0001257	+0.0001257	+0.0001257	+0.0001257	+0.0014209	+0.0014209	+0.0014209	+0.0014308	+0.0014308	+0.0014308	+0.0014308	+0.0014308	+0.0014308	+0.0014308	+0.0014308	+0.0014308
2013-01	0.078	-0.0100000	-0.0100000	-0.0100000	-0.0100000	-0.0100000	-0.0100000	-0.0100000	-0.0100000	-0.0100000	-0.0100000	-0.0100000	-0.0100000	-0.0100000	-0.0100000	-0.0100000	-0.0100000	-0.0100000	-0.0100000	-0.0100000	-0.0100000	-0.0100000
2013-02	0.035	-0.0100000	-0.0100000	-0.0100000	-0.0100000	-0.0100000	-0.0100000	-0.0100000	-0.0100000	-0.0100000	-0.0100000	-0.0100000	-0.0100000	-0.0100000	-0.0100000	-0.0100000	-0.0100000	-0.0100000	-0.0100000	-0.0100000	-0.0100000	-0.0100000
2013-03	0.070	-0.0100000	-0.0100000	-0.0100000	-0.0100000	-0.0100000	-0.0100000	-0.0100000	-0.0100000	-0.0100000	-0.0100000	-0.0100000	-0.0100000	-0.0100000	-0.0100000	-0.0100000	-0.0100000	-0.0100000	-0.0100000	-0.0100000	-0.0100000	-0.0100000
2013-04	0.093	-0.0100000	-0.0100000	-0.0100000	-0.0100000	-0.0100000	-0.0100000	-0.0100000	-0.0100000	-0.0100000	-0.0100000	-0.0100000	-0.0100000	-0.0100000	-0.0100000	-0.0100000	-0.0100000	-0.0100000	-0.0100000	-0.0100000	-0.0100000	-0.0100000
2013-05	-0.004	+0.0000001	+0.0000001	+0.0000001	+0.0000001	+0.0000001	+0.0000001	+0.0000001	+0.0000001	+0.0000001	+0.0000001	+0.0000001	+0.0000001	+0.0000001	+0.0000001	+0.0000001	+0.0000001	+0.0000001	+0.0000001	+0.0000001	+0.0000001	+0.0000001
2013-06	-0.006	+0.0003433	+0.0003433	+0.0003433	+0.0003433	+0.0003433	+0.0003433	+0.0003433	+0.0003433	+0.0003433	+0.0003433	+0.0028455	+0.0028455	+0.0028455	+0.0028455	+0.0028455	+0.0028455	+0.0028455	+0.0028455	+0.0028455	+0.0028455	+0.0028455
2013-07	0.013	+0.0000001	+0.0000001	+0.0000001	+0.0000001	+0.0000001	+0.0000001	+0.0000001	+0.0000001	+0.0000001	+0.0000001	+0.0000001	+0.0000001	+0.0000001	+0.0000001	+0.0000001	+0.0000001	+0.0000001	+0.0000001	+0.0000001	+0.0000001	+0.0000001
2013-08	-0.022	-0.0004463	-0.0004463	-0.0004463	-0.0004463	-0.0004463	-0.0004463	-0.0004463	-0.0004463	-0.0004463	-0.0004463	+0.0010158	+0.0010158	+0.0010158	+0.0010158	+0.0010158	+0.0010158	+0.0010158	+0.0010158	+0.0010158	+0.0010158	+0.0010158
2013-09	0.077	-0.0008752	-0.0008752	-0.0008752	-0.0008752	-0.0008752	-0.0008752	-0.0008752	-0.0008752	-0.0007683	-0.0007683	-0.0005413	-0.0005413	-0.0005413	-0.0002391	-0.0002391	-0.0002391	-0.0002391	-0.0002391	-0.0002391	-0.0002391	-0.0002391
2013-10	-0.004	+0.0000001	+0.0000001	+0.0000001	+0.0000001	+0.0000001	+0.0000001	+0.0000001	+0.0000001	+0.0000001	+0.0000001	+0.0000001	+0.0000001	+0.0000001	+0.0000001	+0.0000001	+0.0000001	+0.0000001	+0.0000001	+0.0000001	+0.0000001	+0.0000001
2013-11	0.093	+0.0000001	+0.0000001	+0.0000001	+0.0000001	+0.0000001	+0.0000001	+0.0000001	+0.0000001	+0.0000001	+0.0000001	+0.0000001	+0.0000001	+0.0000001	+0.0000001	+0.0000001	+0.0000001	+0.0000001	+0.0000001	+0.0000001	+0.0000001	+0.0000001
2013-12	0.044	+0.0004513	+0.0004513	+0.0004513	+0.0004513	+0.0004513	+0.0004513	+0.0004513	+0.0004513	+0.0004513	+0.0004513	+0.0021532	+0.0021532	+0.0021532	+0.0021532	+0.0021532	+0.0021532	+0.0021532	+0.0021532	+0.0021532	+0.0021532	+0.0021532
2014-01	-0.068	-0.0100000	-0.0100000	-0.0100000	-0.0100000	-0.0100000	-0.0100000	-0.0100000	-0.0100000	-0.0100000	-0.0100000	-0.0100000	-0.0100000	-0.0100000	-0.0100000	-0.0100000	-0.0100000	-0.0100000	-0.0100000	-0.0100000	-0.0100000	-0.0100000
2014-02	0.000	-0.0100000	-0.0100000	-0.0100000	-0.0100000	-0.0100000	-0.0100000	-0.0100000	-0.0100000	-0.0100000	-0.0100000	-0.0100000	-0.0100000	-0.0100000	-0.0100000	-0.0100000	-0.0100000	-0.0100000	-0.0100000	-0.0100000	-0.0100000	-0.0100000
2014-03	-0.009	-0.0100000	-0.0100000	-0.0100000	-0.0100000	-0.0100000	-0.0100000	-0.0100000	-0.0100000	-0.0100000	-0.0100000	-0.0100000	-0.0100000	-0.0100000	-0.0100000	-0.0100000	-0.0100000	-0.0100000	-0.0100000	-0.0100000	-0.0100000	-0.0100000
2014-04	-0.033	-0.0100000	-0.0100000	-0.0100000	-0.0100000	-0.0100000	-0.0100000	-0.0100000	-0.0100000	-0.0100000	-0.0100000	-0.0100000	-0.0100000	-0.0100000	-0.0100000	-0.0100000	-0.0100000	-0.0100000	-0.0100000	-0.0100000	-0.0100000	-0.0100000
2014-05	0.027	+0.0000001	+0.0000001	+0.0000001	+0.0000001	+0.0000001	+0.0000001	+0.0000001	+0.0000001	+0.0000001	+0.0000001	+0.0000001	+0.0000001	+0.0000001	+0.0000001	+0.0000001	+0.0000001	+0.0000001	+0.0000001	+0.0000001	+0.0000001	+0.0000001
2014-06	0.035	+0.0000001	+0.0000001	+0.0000001	+0.0000001	+0.0000001	+0.0000001	+0.0000001	+0.0000001	+0.0000001	+0.0000001	+0.0000001	+0.0000001	+0.0000001	+0.0000001	+0.0000001	+0.0000001	+0.0000001	+0.0000001	+0.0000001	+0.0000001	+0.0000001
2014-07	0.022	+0.0000001	+0.0000001	+0.0000001	+0.0000001	+0.0000001	+0.0000001	+0.0000001	+0.0000001	+0.0000001	+0.0000001	+0.0000001	+0.0000001	+0.0000001	+0.0000001	+0.0000001	+0.0000001	+0.0000001	+0.0000001	+0.0000001	+0.0000001	+0.0000001
2014-08	-0.017	-0.0001515	-0.0001515	-0.0001515	-0.0001515	-0.0001515	-0.0001515	-0.0001515	-0.0001515	-0.0001515	+0.0008924	+0.0008924	+0.0008924	+0.0009727	+0.0009727	+0.0009727	+0.0009727	+0.0009727	+0.0009727	+0.0009727	+0.0009727	+0.0009727
2014-09	0.045	-0.0002425	-0.0002425	-0.0002425	-0.0002425	-0.0002425	-0.0002425	-0.0002425	-0.0002425	-0.0002425	-0.0001718	-0.0001718	-0.0001718	-0.0000471	-0.0000471	-0.0000471	-0.0000471	-0.0000471	-0.0000471	-0.0000471	-0.0000471	-0.0000471
2014-10	-0.002	+0.0000001	+0.0000001	+0.0000001	+0.0000001	+0.0000001	+0.0000001	+0.0000001	+0.0000001	+0.0000001	+0.0000001	+0.0000001	+0.0000001	+0.0000001	+0.0000001	+0.0000001	+0.0000001	+0.0000001	+0.0000001	+0.0000001	+0.0000001	+0.0000001
2014-11	0.063	-0.0002831	-0.0002831	-0.0002831	-0.0002831	-0.0002831	-0.0002831	-0.0002831	-0.0002831	-0.0002831	-0.0002831	+0.0010344	+0.0010344	+0.0010344	+0.0010344	+0.0010344	+0.0010344	+0.0010344	+0.0010344	+0.0010344	+0.0010344	+0.0010344
2014-12	-0.008	-0.0100000	-0.0100000	-0.0100000	-0.0100000	-0.0100000	-0.0100000	-0.0100000	-0.0100000	-0.0100000	-0.0100000	-0.0100000	-0.0100000	-0.0100000	-0.0100000	-0.0100000	-0.0100000	-0.0100000	-0.0100000	-0.0100000	-0.0100000	-0.0100000
2015-01	0.005	-0.0100000	-0.0100000	-0.0100000	-0.0100000	-0.0100000	-0.0100000	-0.0100000	-0.0100000	-0.0100000	-0.0100000	-0.0100000	-0.0100000	-0.0100000	-0.0100000	-0.0100000	-0.0100000	-0.0100000	-0.0100000	-0.0100000	-0.0100000	-0.0100000
2015-02	0.008	-0.0100000	-0.0100000	-0.0100000	-0.0100000	-0.0100000	-0.0100000	-0.0100000	-0.0100000	-0.0100000	-0.0100000	-0.0100000	-0.0100000	-0.0100000	-0.0100000	-0.0100000	-0.0100000	-0.0100000	-0.0100000	-0.0100000	-0.0100000	-0.0100000
