2011-03	-0.046	-0.0100000	-0.0100000	-0.0100000	-0.0100000	-0.0100000	-0.0100000	-0.0100000	-0.0100000	-0.0100000	-0.0100000	-0.0100000	-0.0100000	-0.0100000	-0.0100000	-0.0100000	-0.0100000	-0.0100000	-0.0100000	-0.0100000	-0.0100000	-0.0100000
2011-04	-0.013	+0.0000001	+0.0000001	+0.0000001	+0.0000001	+0.0000001	+0.0000001	+0.0000001	+0.0000001	+0.0000001	+0.0000001	+0.0000001	+0.0000001	+0.0000001	+0.0000001	+0.0000001	+0.0000001	+0.0000001	+0.0000001	+0.0000001	+0.0000001	+0.0000001
2011-05	-0.010	-0.0019468	-0.0019468	-0.0019468	-0.0019468	-0.0019468	-0.0019468	-0.0019468	-0.0019468	-0.0019468	-0.0019468	-0.0019468	+0.0003872	+0.0003872	+0.0003872	+0.0003872	+0.0003872	+0.0003872	+0.0003872	+0.0003872	+0.0003872	+0.0003872
2011-06	0.024	-0.0100000	-0.0100000	-0.0100000	-0.0100000	-0.0100000	-0.0100000	-0.0100000	-0.0100000	-0.0100000	-0.0100000	-0.0100000	-0.0100000	-0.0100000	-0.0100000	-0.0100000	-0.0100000	-0.0100000	-0.0100000	-0.0100000	-0.0100000	-0.0100000
2011-07	0.013	+0.0000001	+0.0000001	+0.0000001	+0.0000001	+0.0000001	+0.0000001	+0.0000001	+0.0000001	+0.0000001	+0.0000001	+0.0000001	+0.0000001	+0.0000001	+0.0000001	+0.0000001	+0.0000001	+0.0000001	+0.0000001	+0.0000001	+0.0000001	+0.0000001
2011-08	-0.085	+0.0003763	+0.0003763	+0.0003763	+0.0003763	+0.0003763	+0.0003763	+0.0003763	+0.0003763	+0.0003763	+0.0003763	+0.0008091	+0.0008091	+0.0008091	+0.0008091	+0.0008091	+0.0008091	+0.0008091	+0.0008091	+0.0008091	+0.0008091	+0.0008091
2011-09	-0.031	-0.0020524	-0.0020524	-0.0020524	-0.0020524	-0.0020524	-0.0020524	-0.0020524	-0.0020524	-0.0020524	-0.0019987	-0.0019987	-0.0019987	-0.0001392	-0.0001392	-0.0001392	-0.0001392	-0.0001392	-0.0001392	-0.0001392	-0.0001392	-0.0001392
2011-10	0.012	-0.0031302	-0.0031302	-0.0031302	-0.0031302	-0.0031302	-0.0031302	-0.0031302	-0.0031302	-0.0031302	-0.0030718	-0.0030718	-0.0030718	+0.0005567	+0.0005567	+0.0005567	+0.0005567	+0.0005567	+0.0005567	+0.0005567	+0.0005567	+0.0005567
2011-11	-0.049	-0.0100000	-0.0100000	-0.0100000	-0.0100000	-0.0100000	-0.0100000	-0.0100000	-0.0100000	-0.0100000	-0.0100000	-0.0100000	-0.0100000	-0.0100000	-0.0100000	-0.0100000	-0.0100000	-0.0100000	-0.0100000	-0.0100000	-0.0100000	-0.0100000
2011-12	-0.015	-0.0100000	-0.0100000	-0.0100000	-0.0100000	-0.0100000	-0.0100000	-0.0100000	-0.0100000	-0.0100000	-0.0100000	-0.0100000	-0.0100000	-0.0100000	-0.0100000	-0.0100000	-0.0100000	-0.0100000	-0.0100000	-0.0100000	-0.0100000	-0.0100000
2012-01	0.032	+0.0000001	+0.0000001	+0.0000001	+0.0000001	+0.0000001	+0.0000001	+0.0000001	+0.0000001	+0.0000001	+0.0000001	+0.0000001	+0.0000001	+0.0000001	+0.0000001	+0.0000001	+0.0000001	+0.0000001	+0.0000001	+0.0000001	+0.0000001	+0.0000001
2012-02	0.100	-0.0100000	-0.0100000	-0.0100000	-0.0100000	-0.0100000	-0.0100000	-0.0100000	-0.0100000	-0.0100000	-0.0100000	-0.0100000	-0.0100000	-0.0100000	-0.0100000	-0.0100000	-0.0100000	-0.0100000	-0.0100000	-0.0100000	-0.0100000	-0.0100000
2012-03	0.024	-0.0100000	-0.0100000	-0.0100000	-0.0100000	-0.0100000	-0.0100000	-0.0100000	-0.0100000	-0.0100000	-0.0100000	-0.0100000	-0.0100000	-0.0100000	-0.0100000	-0.0100000	-0.0100000	-0.0100000	-0.0100000	-0.0100000	-0.0100000	-0.0100000
2012-04	-0.034	-0.0001047	-0.0001047	-0.0001047	-0.0001047	-0.0001047	-0.0001047	-0.0001047	-0.0001047	-0.0001047	-0.0001047	+0.0029281	+0.0029281	+0.0029281	+0.0029281	+0.0029281	+0.0029281	+0.0029281	+0.0029281	+0.0029281	+0.0029281	+0.0029281
2012-05	-0.127	+0.0000001	+0.0000001	+0.0000001	+0.0000001	+0.0000001	+0.0000001	+0.0000001	+0.0000001	+0.0000001	+0.0000001	+0.0000001	+0.0000001	+0.0000001	+0.0000001	+0.0000001	+0.0000001	+0.0000001	+0.0000001	+0.0000001	+0.0000001	+0.0000001
2012-06	0.058	+0.0000001	+0.0000001	+0.0000001	+0.0000001	+0.0000001	+0.0000001	+0.0000001	+0.0000001	+0.0000001	+0.0000001	+0.0000001	+0.0000001	+0.0000001	+0.0000001	+0.0000001	+0.0000001	+0.0000001	+0.0000001	+0.0000001	+0.0000001	+0.0000001
2012-07	-0.043	-0.0012092	-0.0012092	-0.0012092	-0.0012092	-0.0012092	-0.0012092	-0.0012092	-0.0012092	-0.0012092	-0.0012092	-0.0012092	-0.0001721	-0.0001721	-0.0001721	-0.0001721	-0.0001721	-0.0001721	-0.0001721	-0.0001721	-0.0001721	-0.0001721
2012-08	0.000	+0.0005915	+0.0005915	+0.0005915	+0.0005915	+0.0005915	+0.0005915	+0.0005915	+0.0005915	+0.0005915	+0.0005915	+0.0009226	+0.0009226	+0.0009226	+0.0009226	+0.0009226	+0.0009226	+0.0009226	+0.0009226	+0.0009226	+0.0009226	+0.0009226
2012-09	0.024	-0.0014484	-0.0014484	-0.0014484	-0.0014484	-0.0014484	-0.0014484	-0.0014484	-0.0014484	-0.0009905	-0.0009905	-0.0004522	-0.0004522	-0.0004522	-0.0002870	-0.0002870	-0.0002870	-0.0002870	-0.0002870	-0.0002870	-0.0002870	-0.0002870
2012-10	0.012	-0.0001406	-0.0001406	-0.0001406	-0.0001406	-0.0001406	-0.0001406	-0.0001406	-0.0001406	-0.0001406	-0.0001406	+0.0008637	+0.0008637	+0.0008637	+0.0008637	+0.0008637	+0.0008637	+0.0008637	+0.0008637	+0.0008637	+0.0008637	+0.0008637
2012-11	0.060	+0.0000001	+0.0000001	+0.0000001	+0.0000001	+0.0000001	+0.0000001	+0.0000001	+0.0000001	+0.0000001	+0.0000001	+0.0000001	+0.0000001	+0.0000001	+0.0000001	+0.0000001	+0.0000001	+0.0000001	+0.0000001	+0.0000001	+0.0000001	+0.0000001
2012-12	0.101	+0.0001831	+0.0001831	+0.0001831	+0.0001831	+0.0001831	+0.0001831	+0.0001831	+0.0001831	+0.0001831	+0.0019210	+0.0019210	+0.0019210	+0.0021393	+0.0021393	+0.0021393	+0.0021393	+0.0021393	+0.0021393	+0.0021393	+0.0021393	+0.0021393
2013-01	0.111	-0.0100000	-0.0100000	-0.0100000	-0.0100000	-0.0100000	-0.0100000	-0.0100000	-0.0100000	-0.0100000	-0.0100000	-0.0100000	-0.0100000	-0.0100000	-0.0100000	-0.0100000	-0.0100000	-0.0100000	-0.0100000	-0.0100000	-0.0100000	-0.0100000
2013-02	0.051	-0.0100000	-0.0100000	-0.0100000	-0.0100000	-0.0100000	-0.0100000	-0.0100000	-0.0100000	-0.0100000	-0.0100000	-0.0100000	-0.0100000	-0.0100000	-0.0100000	-0.0100000	-0.0100000	-0.0100000	-0.0100000	-0.0100000	-0.0100000	-0.0100000
2013-03	0.082	-0.0100000	-0.0100000	-0.0100000	-0.0100000	-0.0100000	-0.0100000	-0.0100000	-0.0100000	-0.0100000	-0.0100000	-0.0100000	-0.0100000	-0.0100000	-0.0100000	-0.0100000	-0.0100000	-0.0100000	-0.0100000	-0.0100000	-0.0100000	-0.0100000
2013-04	0.153	-0.0100000	-0.0100000	-0.0100000	-0.0100000	-0.0100000	-0.0100000	-0.0100000	-0.0100000	-0.0100000	-0.0100000	-0.0100000	-0.0100000	-0.0100000	-0.0100000	-0.0100000	-0.0100000	-0.0100000	-0.0100000	-0.0100000	-0.0100000	-0.0100000
2013-05	-0.022	+0.0000001	+0.0000001	+0.0000001	+0.0000001	+0.0000001	+0.0000001	+0.0000001	+0.0000001	+0.0000001	+0.0000001	+0.0000001	+0.0000001	+0.0000001	+0.0000001	+0.0000001	+0.0000001	+0.0000001	+0.0000001	+0.0000001	+0.0000001	+0.0000001
2013-06	-0.022	+0.0000966	+0.0000966	+0.0000966	+0.0000966	+0.0000966	+0.0000966	+0.0000966	+0.0000966	+0.0000966	+0.0000966	+0.0042329	+0.0042329	+0.0042329	+0.0042329	+0.0042329	+0.0042329	+0.0042329	+0.0042329	+0.0042329	+0.0042329	+0.0042329
2013-07	0.019	+0.0000001	+0.0000001	+0.0000001	+0.0000001	+0.0000001	+0.0000001	+0.0000001	+0.0000001	+0.0000001	+0.0000001	+0.0000001	+0.0000001	+0.0000001	+0.0000001	+0.0000001	+0.0000001	+0.0000001	+0.0000001	+0.0000001	+0.0000001	+0.0000001
2013-08	-0.027	-0.0005701	-0.0005701	-0.0005701	-0.0005701	-0.0005701	-0.0005701	-0.0005701	-0.0005701	-0.0005701	-0.0005701	+0.0008136	+0.0008136	+0.0008136	+0.0008136	+0.0008136	+0.0008136	+0.0008136	+0.0008136	+0.0008136	+0.0008136	+0.0008136
2013-09	0.100	-0.0012918	-0.0012918	-0.0012918	-0.0012918	-0.0012918	-0.0012918	-0.0012918	-0.0012918	-0.0011077	-0.0011077	-0.0006812	-0.0006812	-0.0006812	-0.0004715	-0.0004715	-0.0004715	-0.0004715	-0.0004715	-0.0004715	-0.0004715	-0.0004715
2013-10	0.002	+0.0000001	+0.0000001	+0.0000001	+0.0000001	+0.0000001	+0.0000001	+0.0000001	+0.0000001	+0.0000001	+0.0000001	+0.0000001	+0.0000001	+0.0000001	+0.0000001	+0.0000001	+0.0000001	+0.0000001	+0.0000001	+0.0000001	+0.0000001	+0.0000001
2013-11	0.058	+0.0000001	+0.0000001	+0.0000001	+0.0000001	+0.0000001	+0.0000001	+0.0000001	+0.0000001	+0.0000001	+0.0000001	+0.0000001	+0.0000001	+0.0000001	+0.0000001	+0.0000001	+0.0000001	+0.0000001	+0.0000001	+0.0000001	+0.0000001	+0.0000001
2013-12	0.048	+0.0003906	+0.0003906	+0.0003906	+0.0003906	+0.0003906	+0.0003906	+0.0003906	+0.0003906	+0.0003906	+0.0003906	+0.0015553	+0.0015553	+0.0015553	+0.0015553	+0.0015553	+0.0015553	+0.0015553	+0.0015553	+0.0015553	+0.0015553	+0.0015553
2014-01	-0.028	-0.0100000	-0.0100000	-0.0100000	-0.0100000	-0.0100000	-0.0100000	-0.0100000	-0.0100000	-0.0100000	-0.0100000	-0.0100000	-0.0100000	-0.0100000	-0.0100000	-0.0100000	-0.0100000	-0.0100000	-0.0100000	-0.0100000	-0.0100000	-0.0100000
2014-02	-0.012	-0.0100000	-0.0100000	-0.0100000	-0.0100000	-0.0100000	-0.0100000	-0.0100000	-0.0100000	-0.0100000	-0.0100000	-0.0100000	-0.0100000	-0.0100000	-0.0100000	-0.0100000	-0.0100000	-0.0100000	-0.0100000	-0.0100000	-0.0100000	-0.0100000
2014-03	-0.030	-0.0100000	-0.0100000	-0.0100000	-0.0100000	-0.0100000	-0.0100000	-0.0100000	-0.0100000	-0.0100000	-0.0100000	-0.0100000	-0.0100000	-0.0100000	-0.0100000	-0.0100000	-0.0100000	-0.0100000	-0.0100000	-0.0100000	-0.0100000	-0.0100000
2014-04	-0.058	-0.0100000	-0.0100000	-0.0100000	-0.0100000	-0.0100000	-0.0100000	-0.0100000	-0.0100000	-0.0100000	-0.0100000	-0.0100000	-0.0100000	-0.0100000	-0.0100000	-0.0100000	-0.0100000	-0.0100000	-0.0100000	-0.0100000	-0.0100000	-0.0100000
2014-05	0.032	+0.0000001	+0.0000001	+0.0000001	+0.0000001	+0.0000001	+0.0000001	+0.0000001	+0.0000001	+0.0000001	+0.0000001	+0.0000001	+0.0000001	+0.0000001	+0.0000001	+0.0000001	+0.0000001	+0.0000001	+0.0000001	+0.0000001	+0.0000001	+0.0000001
2014-06	0.060	+0.0000001	+0.0000001	+0.0000001	+0.0000001	+0.0000001	+0.0000001	+0.0000001	+0.0000001	+0.0000001	+0.0000001	+0.0000001	+0.0000001	+0.0000001	+0.0000001	+0.0000001	+0.0000001	+0.0000001	+0.0000001	+0.0000001	+0.0000001	+0.0000001
2014-07	0.056	+0.0000001	+0.0000001	+0.0000001	+0.0000001	+0.0000001	+0.0000001	+0.0000001	+0.0000001	+0.0000001	+0.0000001	+0.0000001	+0.0000001	+0.0000001	+0.0000001	+0.0000001	+0.0000001	+0.0000001	+0.0000001	+0.0000001	+0.0000001	+0.0000001
2014-08	0.003	-0.0003221	-0.0003221	-0.0003221	-0.0003221	-0.0003221	-0.0003221	-0.0003221	-0.0003221	-0.0003221	+0.0022150	+0.0022150	+0.0022150	+0.0022751	+0.0022751	+0.0022751	+0.0022751	+0.0022751	+0.0022751	+0.0022751	+0.0022751	+0.0022751
2014-09	0.033	-0.0001410	-0.0001410	-0.0001410	-0.0001410	-0.0001410	-0.0001410	-0.0001410	-0.0001410	-0.0001410	+0.0010659	+0.0010659	+0.0010659	+0.0012571	+0.0012571	+0.0012571	+0.0012571	+0.0012571	+0.0012571	+0.0012571	+0.0012571	+0.0012571
2014-10	-0.004	+0.0000001	+0.0000001	+0.0000001	+0.0000001	+0.0000001	+0.0000001	+0.0000001	+0.0000001	+0.0000001	+0.0000001	+0.0000001	+0.0000001	+0.0000001	+0.0000001	+0.0000001	+0.0000001	+0.0000001	+0.0000001	+0.0000001	+0.0000001	+0.0000001
2014-11	0.056	-0.0001177	-0.0001177	-0.0001177	-0.0001177	-0.0001177	-0.0001177	-0.0001177	-0.0001177	-0.0001177	-0.0001177	+0.0006424	+0.0006424	+0.0006424	+0.0006424	+0.0006424	+0.0006424	+0.0006424	+0.0006424	+0.0006424	+0.0006424	+0.0006424
2014-12	0.004	-0.0100000	-0.0100000	-0.0100000	-0.0100000	-0.0100000	-0.0100000	-0.0100000	-0.0100000	-0.0100000	-0.0100000	-0.0100000	-0.0100000	-0.0100000	-0.0100000	-0.0100000	-0.0100000	-0.0100000	-0.0100000	-0.0100000	-0.0100000	-0.0100000
2015-01	0.002	-0.0100000	-0.0100000	-0.0100000	-0.0100000	-0.0100000	-0.0100000	-0.0100000	-0.0100000	-0.0100000	-0.0100000	-0.0100000	-0.0100000	-0.0100000	-0.0100000	-0.0100000	-0.0100000	-0.0100000	-0.0100000	-0.0100000	-0.0100000	-0.0100000
2015-02	-0.014	-0.0100000	-0.0100000	-0.0100000	-0.0100000	-0.0100000	-0.0100000	-0.0100000	-0.0100000	-0.0100000	-0.0100000	-0.0100000	-0.0100000	-0.0100000	-0.0100000	-0.0100000	-0.0100000	-0.0100000	-0.0100000	-0.0100000	-0.0100000	-0.0100000
