2011-03	0.033	-0.0100000	-0.0100000	-0.0100000	-0.0100000	-0.0100000	-0.0100000	-0.0100000	-0.0100000	-0.0100000	-0.0100000	-0.0100000	-0.0100000	-0.0100000	-0.0100000	-0.0100000	-0.0100000	-0.0100000	-0.0100000	-0.0100000	-0.0100000	-0.0100000
2011-04	-0.000	+0.0000001	+0.0000001	+0.0000001	+0.0000001	+0.0000001	+0.0000001	+0.0000001	+0.0000001	+0.0000001	+0.0000001	+0.0000001	+0.0000001	+0.0000001	+0.0000001	+0.0000001	+0.0000001	+0.0000001	+0.0000001	+0.0000001	+0.0000001	+0.0000001
2011-05	-0.047	+0.0004188	+0.0004188	+0.0004188	+0.0004188	+0.0004188	+0.0004188	+0.0004188	+0.0004188	+0.0004188	+0.0004188	+0.0004188	+0.0004259	+0.0004259	+0.0004259	+0.0004259	+0.0004259	+0.0004259	+0.0004259	+0.0004259	+0.0004259	+0.0004259
2011-06	-0.023	-0.0100000	-0.0100000	-0.0100000	-0.0100000	-0.0100000	-0.0100000	-0.0100000	-0.0100000	-0.0100000	-0.0100000	-0.0100000	-0.0100000	-0.0100000	-0.0100000	-0.0100000	-0.0100000	-0.0100000	-0.0100000	-0.0100000	-0.0100000	-0.0100000
2011-07	-0.048	+0.0000001	+0.0000001	+0.0000001	+0.0000001	+0.0000001	+0.0000001	+0.0000001	+0.0000001	+0.0000001	+0.0000001	+0.0000001	+0.0000001	+0.0000001	+0.0000001	+0.0000001	+0.0000001	+0.0000001	+0.0000001	+0.0000001	+0.0000001	+0.0000001
2011-08	-0.113	-0.0021695	-0.0021695	-0.0021695	-0.0021695	-0.0021695	-0.0021695	-0.0021695	-0.0021695	-0.0021695	-0.0021695	-0.0021695	+0.0006570	+0.0006570	+0.0006570	+0.0006570	+0.0006570	+0.0006570	+0.0006570	+0.0006570	+0.0006570	+0.0006570
2011-09	-0.082	-0.0045816	-0.0045816	-0.0045816	-0.0045816	-0.0045816	-0.0045816	-0.0045816	-0.0045816	-0.0045816	-0.0043015	-0.0043015	-0.0043015	-0.0003600	-0.0003600	-0.0003600	-0.0003600	-0.0003600	-0.0003600	-0.0003600	-0.0003600	-0.0003600
2011-10	0.101	-0.0051525	-0.0051525	-0.0051525	-0.0051525	-0.0051525	-0.0051525	-0.0051525	-0.0051525	-0.0051525	-0.0044908	-0.0044908	-0.0044908	+0.0010889	+0.0010889	+0.0010889	+0.0010889	+0.0010889	+0.0010889	+0.0010889	+0.0010889	+0.0010889
2011-11	-0.090	-0.0100000	-0.0100000	-0.0100000	-0.0100000	-0.0100000	-0.0100000	-0.0100000	-0.0100000	-0.0100000	-0.0100000	-0.0100000	-0.0100000	-0.0100000	-0.0100000	-0.0100000	-0.0100000	-0.0100000	-0.0100000	-0.0100000	-0.0100000	-0.0100000
2011-12	0.005	-0.0100000	-0.0100000	-0.0100000	-0.0100000	-0.0100000	-0.0100000	-0.0100000	-0.0100000	-0.0100000	-0.0100000	-0.0100000	-0.0100000	-0.0100000	-0.0100000	-0.0100000	-0.0100000	-0.0100000	-0.0100000	-0.0100000	-0.0100000	-0.0100000
2012-01	0.038	+0.0000001	+0.0000001	+0.0000001	+0.0000001	+0.0000001	+0.0000001	+0.0000001	+0.0000001	+0.0000001	+0.0000001	+0.0000001	+0.0000001	+0.0000001	+0.0000001	+0.0000001	+0.0000001	+0.0000001	+0.0000001	+0.0000001	+0.0000001	+0.0000001
2012-02	0.089	-0.0100000	-0.0100000	-0.0100000	-0.0100000	-0.0100000	-0.0100000	-0.0100000	-0.0100000	-0.0100000	-0.0100000	-0.0100000	-0.0100000	-0.0100000	-0.0100000	-0.0100000	-0.0100000	-0.0100000	-0.0100000	-0.0100000	-0.0100000	-0.0100000
2012-03	0.011	-0.0100000	-0.0100000	-0.0100000	-0.0100000	-0.0100000	-0.0100000	-0.0100000	-0.0100000	-0.0100000	-0.0100000	-0.0100000	-0.0100000	-0.0100000	-0.0100000	-0.0100000	-0.0100000	-0.0100000	-0.0100000	-0.0100000	-0.0100000	-0.0100000
2012-04	-0.044	-0.0003432	-0.0003432	-0.0003432	-0.0003432	-0.0003432	-0.0003432	-0.0003432	-0.0003432	-0.0003432	-0.0003432	+0.0025854	+0.0025854	+0.0025854	+0.0025854	+0.0025854	+0.0025854	+0.0025854	+0.0025854	+0.0025854	+0.0025854	+0.0025854
2012-05	-0.120	+0.0000001	+0.0000001	+0.0000001	+0.0000001	+0.0000001	+0.0000001	+0.0000001	+0.0000001	+0.0000001	+0.0000001	+0.0000001	+0.0000001	+0.0000001	+0.0000001	+0.0000001	+0.0000001	+0.0000001	+0.0000001	+0.0000001	+0.0000001	+0.0000001
2012-06	0.025	+0.0000001	+0.0000001	+0.0000001	+0.0000001	+0.0000001	+0.0000001	+0.0000001	+0.0000001	+0.0000001	+0.0000001	+0.0000001	+0.0000001	+0.0000001	+0.0000001	+0.0000001	+0.0000001	+0.0000001	+0.0000001	+0.0000001	+0.0000001	+0.0000001
2012-07	-0.011	-0.0019884	-0.0019884	-0.0019884	-0.0019884	-0.0019884	-0.0019884	-0.0019884	-0.0019884	-0.0019884	-0.0019884	-0.0019884	-0.0001699	-0.0001699	-0.0001699	-0.0001699	-0.0001699	-0.0001699	-0.0001699	-0.0001699	-0.0001699	-0.0001699
2012-08	0.021	+0.0005444	+0.0005444	+0.0005444	+0.0005444	+0.0005444	+0.0005444	+0.0005444	+0.0005444	+0.0005444	+0.0005444	+0.0005444	+0.0006832	+0.0006832	+0.0006832	+0.0006832	+0.0006832	+0.0006832	+0.0006832	+0.0006832	+0.0006832	+0.0006832
2012-09	0.026	-0.0007945	-0.0007945	-0.0007945	-0.0007945	-0.0007945	-0.0007945	-0.0007945	-0.0007945	-0.0002835	-0.0002835	-0.0002835	-0.0001532	-0.0001532	-0.0000528	-0.0000528	-0.0000528	-0.0000528	-0.0000528	-0.0000528	-0.0000528	-0.0000528
2012-10	-0.010	+0.0000498	+0.0000498	+0.0000498	+0.0000498	+0.0000498	+0.0000498	+0.0000498	+0.0000498	+0.0000498	+0.0000498	+0.0012314	+0.0012314	+0.0012314	+0.0012314	+0.0012314	+0.0012314	+0.0012314	+0.0012314	+0.0012314	+0.0012314	+0.0012314
2012-11	0.033	+0.0000001	+0.0000001	+0.0000001	+0.0000001	+0.0000001	+0.0000001	+0.0000001	+0.0000001	+0.0000001	+0.0000001	+0.0000001	+0.0000001	+0.0000001	+0.0000001	+0.0000001	+0.0000001	+0.0000001	+0.0000001	+0.0000001	+0.0000001	+0.0000001
2012-12	0.102	-0.0002210	-0.0002210	-0.0002210	-0.0002210	-0.0002210	-0.0002210	-0.0002210	-0.0002210	-0.0002210	+0.0004976	+0.0004976	+0.0004976	+0.0006332	+0.0006332	+0.0006332	+0.0006332	+0.0006332	+0.0006332	+0.0006332	+0.0006332	+0.0006332
2013-01	0.104	-0.0100000	-0.0100000	-0.0100000	-0.0100000	-0.0100000	-0.0100000	-0.0100000	-0.0100000	-0.0100000	-0.0100000	-0.0100000	-0.0100000	-0.0100000	-0.0100000	-0.0100000	-0.0100000	-0.0100000	-0.0100000	-0.0100000	-0.0100000	-0.0100000
2013-02	0.034	-0.0100000	-0.0100000	-0.0100000	-0.0100000	-0.0100000	-0.0100000	-0.0100000	-0.0100000	-0.0100000	-0.0100000	-0.0100000	-0.0100000	-0.0100000	-0.0100000	-0.0100000	-0.0100000	-0.0100000	-0.0100000	-0.0100000	-0.0100000	-0.0100000
2013-03	0.044	-0.0100000	-0.0100000	-0.0100000	-0.0100000	-0.0100000	-0.0100000	-0.0100000	-0.0100000	-0.0100000	-0.0100000	-0.0100000	-0.0100000	-0.0100000	-0.0100000	-0.0100000	-0.0100000	-0.0100000	-0.0100000	-0.0100000	-0.0100000	-0.0100000
2013-04	0.083	-0.0100000	-0.0100000	-0.0100000	-0.0100000	-0.0100000	-0.0100000	-0.0100000	-0.0100000	-0.0100000	-0.0100000	-0.0100000	-0.0100000	-0.0100000	-0.0100000	-0.0100000	-0.0100000	-0.0100000	-0.0100000	-0.0100000	-0.0100000	-0.0100000
2013-05	0.075	+0.0000001	+0.0000001	+0.0000001	+0.0000001	+0.0000001	+0.0000001	+0.0000001	+0.0000001	+0.0000001	+0.0000001	+0.0000001	+0.0000001	+0.0000001	+0.0000001	+0.0000001	+0.0000001	+0.0000001	+0.0000001	+0.0000001	+0.0000001	+0.0000001
2013-06	-0.053	+0.0003633	+0.0003633	+0.0003633	+0.0003633	+0.0003633	+0.0003633	+0.0003633	+0.0003633	+0.0003633	+0.0003633	+0.0040470	+0.0040470	+0.0040470	+0.0040470	+0.0040470	+0.0040470	+0.0040470	+0.0040470	+0.0040470	+0.0040470	+0.0040470
2013-07	0.058	+0.0000001	+0.0000001	+0.0000001	+0.0000001	+0.0000001	+0.0000001	+0.0000001	+0.0000001	+0.0000001	+0.0000001	+0.0000001	+0.0000001	+0.0000001	+0.0000001	+0.0000001	+0.0000001	+0.0000001	+0.0000001	+0.0000001	+0.0000001	+0.0000001
2013-08	-0.023	+0.0000675	+0.0000675	+0.0000675	+0.0000675	+0.0000675	+0.0000675	+0.0000675	+0.0000675	+0.0000675	+0.0000675	+0.0006311	+0.0006311	+0.0006311	+0.0006311	+0.0006311	+0.0006311	+0.0006311	+0.0006311	+0.0006311	+0.0006311	+0.0006311
2013-09	0.055	-0.0001994	-0.0001994	-0.0001994	-0.0001994	-0.0001994	-0.0001994	-0.0001994	-0.0001994	+0.0002972	+0.0002972	+0.0002972	+0.0003598	+0.0003598	+0.0004858	+0.0004858	+0.0004858	+0.0004858	+0.0004858	+0.0004858	+0.0004858	+0.0004858
2013-10	0.041	+0.0000001	+0.0000001	+0.0000001	+0.0000001	+0.0000001	+0.0000001	+0.0000001	+0.0000001	+0.0000001	+0.0000001	+0.0000001	+0.0000001	+0.0000001	+0.0000001	+0.0000001	+0.0000001	+0.0000001	+0.0000001	+0.0000001	+0.0000001	+0.0000001
2013-11	0.040	+0.0000001	+0.0000001	+0.0000001	+0.0000001	+0.0000001	+0.0000001	+0.0000001	+0.0000001	+0.0000001	+0.0000001	+0.0000001	+0.0000001	+0.0000001	+0.0000001	+0.0000001	+0.0000001	+0.0000001	+0.0000001	+0.0000001	+0.0000001	+0.0000001
2013-12	0.041	-0.0001138	-0.0001138	-0.0001138	-0.0001138	-0.0001138	-0.0001138	-0.0001138	-0.0001138	-0.0001138	-0.0001138	+0.0019536	+0.0019536	+0.0019536	+0.0019536	+0.0019536	+0.0019536	+0.0019536	+0.0019536	+0.0019536	+0.0019536	+0.0019536
2014-01	-0.049	-0.0100000	-0.0100000	-0.0100000	-0.0100000	-0.0100000	-0.0100000	-0.0100000	-0.0100000	-0.0100000	-0.0100000	-0.0100000	-0.0100000	-0.0100000	-0.0100000	-0.0100000	-0.0100000	-0.0100000	-0.0100000	-0.0100000	-0.0100000	-0.0100000
2014-02	0.035	-0.0100000	-0.0100000	-0.0100000	-0.0100000	-0.0100000	-0.0100000	-0.0100000	-0.0100000	-0.0100000	-0.0100000	-0.0100000	-0.0100000	-0.0100000	-0.0100000	-0.0100000	-0.0100000	-0.0100000	-0.0100000	-0.0100000	-0.0100000	-0.0100000
2014-03	0.006	-0.0100000	-0.0100000	-0.0100000	-0.0100000	-0.0100000	-0.0100000	-0.0100000	-0.0100000	-0.0100000	-0.0100000	-0.0100000	-0.0100000	-0.0100000	-0.0100000	-0.0100000	-0.0100000	-0.0100000	-0.0100000	-0.0100000	-0.0100000	-0.0100000
2014-04	-0.002	-0.0100000	-0.0100000	-0.0100000	-0.0100000	-0.0100000	-0.0100000	-0.0100000	-0.0100000	-0.0100000	-0.0100000	-0.0100000	-0.0100000	-0.0100000	-0.0100000	-0.0100000	-0.0100000	-0.0100000	-0.0100000	-0.0100000	-0.0100000	-0.0100000
2014-05	0.020	+0.0000001	+0.0000001	+0.0000001	+0.0000001	+0.0000001	+0.0000001	+0.0000001	+0.0000001	+0.0000001	+0.0000001	+0.0000001	+0.0000001	+0.0000001	+0.0000001	+0.0000001	+0.0000001	+0.0000001	+0.0000001	+0.0000001	+0.0000001	+0.0000001
2014-06	0.027	+0.0000001	+0.0000001	+0.0000001	+0.0000001	+0.0000001	+0.0000001	+0.0000001	+0.0000001	+0.0000001	+0.0000001	+0.0000001	+0.0000001	+0.0000001	+0.0000001	+0.0000001	+0.0000001	+0.0000001	+0.0000001	+0.0000001	+0.0000001	+0.0000001
2014-07	0.002	+0.0000001	+0.0000001	+0.0000001	+0.0000001	+0.0000001	+0.0000001	+0.0000001	+0.0000001	+0.0000001	+0.0000001	+0.0000001	+0.0000001	+0.0000001	+0.0000001	+0.0000001	+0.0000001	+0.0000001	+0.0000001	+0.0000001	+0.0000001	+0.0000001
2014-08	0.004	-0.0001106	-0.0001106	-0.0001106	-0.0001106	-0.0001106	-0.0001106	-0.0001106	-0.0001106	-0.0001106	+0.0004593	+0.0004593	+0.0004593	+0.0005515	+0.0005515	+0.0005515	+0.0005515	+0.0005515	+0.0005515	+0.0005515	+0.0005515	+0.0005515
2014-09	0.015	-0.0001319	-0.0001319	-0.0001319	-0.0001319	-0.0001319	-0.0001319	-0.0001319	-0.0001319	-0.0001319	-0.0000700	-0.0000700	-0.0000700	+0.0001348	+0.0001348	+0.0001348	+0.0001348	+0.0001348	+0.0001348	+0.0001348	+0.0001348	+0.0001348
2014-10	-0.022	+0.0000001	+0.0000001	+0.0000001	+0.0000001	+0.0000001	+0.0000001	+0.0000001	+0.0000001	+0.0000001	+0.0000001	+0.0000001	+0.0000001	+0.0000001	+0.0000001	+0.0000001	+0.0000001	+0.0000001	+0.0000001	+0.0000001	+0.0000001	+0.0000001
2014-11	0.099	-0.0003000	-0.0003000	-0.0003000	-0.0003000	-0.0003000	-0.0003000	-0.0003000	-0.0003000	-0.0003000	-0.0003000	-0.0003000	-0.0001179	-0.0001179	-0.0001179	-0.0001179	-0.0001179	-0.0001179	-0.0001179	-0.0001179	-0.0001179	-0.0001179
2014-12	-0.001	-0.0100000	-0.0100000	-0.0100000	-0.0100000	-0.0100000	-0.0100000	-0.0100000	-0.0100000	-0.0100000	-0.0100000	-0.0100000	-0.0100000	-0.0100000	-0.0100000	-0.0100000	-0.0100000	-0.0100000	-0.0100000	-0.0100000	-0.0100000	-0.0100000
2015-01	-0.028	-0.0100000	-0.0100000	-0.0100000	-0.0100000	-0.0100000	-0.0100000	-0.0100000	-0.0100000	-0.0100000	-0.0100000	-0.0100000	-0.0100000	-0.0100000	-0.0100000	-0.0100000	-0.0100000	-0.0100000	-0.0100000	-0.0100000	-0.0100000	-0.0100000
2015-02	0.018	-0.0100000	-0.0100000	-0.0100000	-0.0100000	-0.0100000	-0.0100000	-0.0100000	-0.0100000	-0.0100000	-0.0100000	-0.0100000	-0.0100000	-0.0100000	-0.0100000	-0.0100000	-0.0100000	-0.0100000	-0.0100000	-0.0100000	-0.0100000	-0.0100000
