2011-03	0.002	-0.0100000	-0.0100000	-0.0100000	-0.0100000	-0.0100000	-0.0100000	-0.0100000	-0.0100000	-0.0100000	-0.0100000	-0.0100000	-0.0100000	-0.0100000	-0.0100000	-0.0100000	-0.0100000	-0.0100000	-0.0100000	-0.0100000	-0.0100000	-0.0100000
2011-04	0.008	+0.0000001	+0.0000001	+0.0000001	+0.0000001	+0.0000001	+0.0000001	+0.0000001	+0.0000001	+0.0000001	+0.0000001	+0.0000001	+0.0000001	+0.0000001	+0.0000001	+0.0000001	+0.0000001	+0.0000001	+0.0000001	+0.0000001	+0.0000001	+0.0000001
2011-05	0.013	+0.0000001	+0.0000001	+0.0000001	+0.0000001	+0.0000001	+0.0000001	+0.0000001	+0.0000001	+0.0000001	+0.0000001	+0.0002501	+0.0002501	+0.0002501	+0.0002501	+0.0002501	+0.0002501	+0.0002501	+0.0002501	+0.0002501	+0.0002501	+0.0002501
2011-06	0.006	-0.0100000	-0.0100000	-0.0100000	-0.0100000	-0.0100000	-0.0100000	-0.0100000	-0.0100000	-0.0100000	-0.0100000	-0.0100000	-0.0100000	-0.0100000	-0.0100000	-0.0100000	-0.0100000	-0.0100000	-0.0100000	-0.0100000	-0.0100000	-0.0100000
2011-07	-0.007	+0.0000001	+0.0000001	+0.0000001	+0.0000001	+0.0000001	+0.0000001	+0.0000001	+0.0000001	+0.0000001	+0.0000001	+0.0000001	+0.0000001	+0.0000001	+0.0000001	+0.0000001	+0.0000001	+0.0000001	+0.0000001	+0.0000001	+0.0000001	+0.0000001
2011-08	-0.002	-0.0000380	-0.0000380	-0.0000380	-0.0000380	-0.0000380	-0.0000380	-0.0000380	-0.0000380	-0.0000380	-0.0000380	-0.0000380	+0.0000001	+0.0000001	+0.0000001	+0.0000001	+0.0000001	+0.0000001	+0.0000001	+0.0000001	+0.0000001	+0.0000001
2011-09	0.004	-0.0002285	-0.0002285	-0.0002285	-0.0002285	-0.0002285	-0.0002285	-0.0002285	-0.0002285	-0.0002285	-0.0002213	-0.0002213	-0.0002213	-0.0000023	-0.0000023	-0.0000023	-0.0000023	-0.0000023	-0.0000023	-0.0000023	-0.0000023	-0.0000023
2011-10	0.001	-0.0000023	-0.0000023	-0.0000023	-0.0000023	-0.0000023	-0.0000023	-0.0000023	-0.0000023	-0.0000023	+0.0000359	+0.0000359	+0.0000359	+0.0000382	+0.0000382	+0.0000382	+0.0000382	+0.0000382	+0.0000382	+0.0000382	+0.0000382	+0.0000382
2011-11	0.002	-0.0100000	-0.0100000	-0.0100000	-0.0100000	-0.0100000	-0.0100000	-0.0100000	-0.0100000	-0.0100000	-0.0100000	-0.0100000	-0.0100000	-0.0100000	-0.0100000	-0.0100000	-0.0100000	-0.0100000	-0.0100000	-0.0100000	-0.0100000	-0.0100000
2011-12	0.003	-0.0100000	-0.0100000	-0.0100000	-0.0100000	-0.0100000	-0.0100000	-0.0100000	-0.0100000	-0.0100000	-0.0100000	-0.0100000	-0.0100000	-0.0100000	-0.0100000	-0.0100000	-0.0100000	-0.0100000	-0.0100000	-0.0100000	-0.0100000	-0.0100000
2012-01	0.009	+0.0000001	+0.0000001	+0.0000001	+0.0000001	+0.0000001	+0.0000001	+0.0000001	+0.0000001	+0.0000001	+0.0000001	+0.0000001	+0.0000001	+0.0000001	+0.0000001	+0.0000001	+0.0000001	+0.0000001	+0.0000001	+0.0000001	+0.0000001	+0.0000001
2012-02	0.003	-0.0100000	-0.0100000	-0.0100000	-0.0100000	-0.0100000	-0.0100000	-0.0100000	-0.0100000	-0.0100000	-0.0100000	-0.0100000	-0.0100000	-0.0100000	-0.0100000	-0.0100000	-0.0100000	-0.0100000	-0.0100000	-0.0100000	-0.0100000	-0.0100000
2012-03	0.009	-0.0100000	-0.0100000	-0.0100000	-0.0100000	-0.0100000	-0.0100000	-0.0100000	-0.0100000	-0.0100000	-0.0100000	-0.0100000	-0.0100000	-0.0100000	-0.0100000	-0.0100000	-0.0100000	-0.0100000	-0.0100000	-0.0100000	-0.0100000	-0.0100000
2012-04	0.010	-0.0000116	-0.0000116	-0.0000116	-0.0000116	-0.0000116	-0.0000116	-0.0000116	-0.0000116	-0.0000116	-0.0000116	+0.0002986	+0.0002986	+0.0002986	+0.0002986	+0.0002986	+0.0002986	+0.0002986	+0.0002986	+0.0002986	+0.0002986	+0.0002986
2012-05	0.012	+0.0000001	+0.0000001	+0.0000001	+0.0000001	+0.0000001	+0.0000001	+0.0000001	+0.0000001	+0.0000001	+0.0000001	+0.0000001	+0.0000001	+0.0000001	+0.0000001	+0.0000001	+0.0000001	+0.0000001	+0.0000001	+0.0000001	+0.0000001	+0.0000001
2012-06	-0.001	+0.0000001	+0.0000001	+0.0000001	+0.0000001	+0.0000001	+0.0000001	+0.0000001	+0.0000001	+0.0000001	+0.0000001	+0.0000001	+0.0000001	+0.0000001	+0.0000001	+0.0000001	+0.0000001	+0.0000001	+0.0000001	+0.0000001	+0.0000001	+0.0000001
2012-07	0.001	-0.0000205	-0.0000205	-0.0000205	-0.0000205	-0.0000205	-0.0000205	-0.0000205	-0.0000205	-0.0000205	-0.0000205	+0.0002463	+0.0002463	+0.0002463	+0.0002463	+0.0002463	+0.0002463	+0.0002463	+0.0002463	+0.0002463	+0.0002463	+0.0002463
2012-08	-0.003	-0.0000339	-0.0000339	-0.0000339	-0.0000339	-0.0000339	-0.0000339	-0.0000339	-0.0000339	-0.0000339	-0.0000339	-0.0000339	-0.0000022	-0.0000022	-0.0000022	-0.0000022	-0.0000022	-0.0000022	-0.0000022	-0.0000022	-0.0000022	-0.0000022
2012-09	0.003	-0.0000862	-0.0000862	-0.0000862	-0.0000862	-0.0000862	-0.0000862	-0.0000862	-0.0000862	-0.0000748	-0.0000748	-0.0000589	-0.0000589	-0.0000589	-0.0000112	-0.0000112	-0.0000112	-0.0000112	-0.0000112	-0.0000112	-0.0000112	-0.0000112
2012-10	0.003	-0.0000022	-0.0000022	-0.0000022	-0.0000022	-0.0000022	-0.0000022	-0.0000022	-0.0000022	-0.0000022	-0.0000022	-0.0000022	+0.0000001	+0.0000001	+0.0000001	+0.0000001	+0.0000001	+0.0000001	+0.0000001	+0.0000001	+0.0000001	+0.0000001
2012-11	0.001	+0.0000001	+0.0000001	+0.0000001	+0.0000001	+0.0000001	+0.0000001	+0.0000001	+0.0000001	+0.0000001	+0.0000001	+0.0000001	+0.0000001	+0.0000001	+0.0000001	+0.0000001	+0.0000001	+0.0000001	+0.0000001	+0.0000001	+0.0000001	+0.0000001
2012-12	0.001	+0.0000046	+0.0000046	+0.0000046	+0.0000046	+0.0000046	+0.0000046	+0.0000046	+0.0000046	+0.0000046	+0.0001065	+0.0001065	+0.0001065	+0.0001155	+0.0001155	+0.0001155	+0.0001155	+0.0001155	+0.0001155	+0.0001155	+0.0001155	+0.0001155
2013-01	0.003	-0.0100000	-0.0100000	-0.0100000	-0.0100000	-0.0100000	-0.0100000	-0.0100000	-0.0100000	-0.0100000	-0.0100000	-0.0100000	-0.0100000	-0.0100000	-0.0100000	-0.0100000	-0.0100000	-0.0100000	-0.0100000	-0.0100000	-0.0100000	-0.0100000
2013-02	0.010	-0.0100000	-0.0100000	-0.0100000	-0.0100000	-0.0100000	-0.0100000	-0.0100000	-0.0100000	-0.0100000	-0.0100000	-0.0100000	-0.0100000	-0.0100000	-0.0100000	-0.0100000	-0.0100000	-0.0100000	-0.0100000	-0.0100000	-0.0100000	-0.0100000
2013-03	0.006	-0.0100000	-0.0100000	-0.0100000	-0.0100000	-0.0100000	-0.0100000	-0.0100000	-0.0100000	-0.0100000	-0.0100000	-0.0100000	-0.0100000	-0.0100000	-0.0100000	-0.0100000	-0.0100000	-0.0100000	-0.0100000	-0.0100000	-0.0100000	-0.0100000
2013-04	0.004	-0.0100000	-0.0100000	-0.0100000	-0.0100000	-0.0100000	-0.0100000	-0.0100000	-0.0100000	-0.0100000	-0.0100000	-0.0100000	-0.0100000	-0.0100000	-0.0100000	-0.0100000	-0.0100000	-0.0100000	-0.0100000	-0.0100000	-0.0100000	-0.0100000
2013-05	-0.007	+0.0000001	+0.0000001	+0.0000001	+0.0000001	+0.0000001	+0.0000001	+0.0000001	+0.0000001	+0.0000001	+0.0000001	+0.0000001	+0.0000001	+0.0000001	+0.0000001	+0.0000001	+0.0000001	+0.0000001	+0.0000001	+0.0000001	+0.0000001	+0.0000001
2013-06	-0.012	-0.0000553	-0.0000553	-0.0000553	-0.0000553	-0.0000553	-0.0000553	-0.0000553	-0.0000553	-0.0000553	-0.0000553	-0.0000553	+0.0000134	+0.0000134	+0.0000134	+0.0000134	+0.0000134	+0.0000134	+0.0000134	+0.0000134	+0.0000134	+0.0000134
2013-07	0.012	+0.0000001	+0.0000001	+0.0000001	+0.0000001	+0.0000001	+0.0000001	+0.0000001	+0.0000001	+0.0000001	+0.0000001	+0.0000001	+0.0000001	+0.0000001	+0.0000001	+0.0000001	+0.0000001	+0.0000001	+0.0000001	+0.0000001	+0.0000001	+0.0000001
2013-08	-0.005	+0.0000268	+0.0000268	+0.0000268	+0.0000268	+0.0000268	+0.0000268	+0.0000268	+0.0000268	+0.0000268	+0.0000268	+0.0000757	+0.0000757	+0.0000757	+0.0000757	+0.0000757	+0.0000757	+0.0000757	+0.0000757	+0.0000757	+0.0000757	+0.0000757
2013-09	0.016	-0.0000739	-0.0000739	-0.0000739	-0.0000739	-0.0000739	-0.0000739	-0.0000739	-0.0000739	+0.0001456	+0.0001456	+0.0001456	+0.0001591	+0.0001591	+0.0001926	+0.0001926	+0.0001926	+0.0001926	+0.0001926	+0.0001926	+0.0001926	+0.0001926
2013-10	0.003	+0.0000001	+0.0000001	+0.0000001	+0.0000001	+0.0000001	+0.0000001	+0.0000001	+0.0000001	+0.0000001	+0.0000001	+0.0000001	+0.0000001	+0.0000001	+0.0000001	+0.0000001	+0.0000001	+0.0000001	+0.0000001	+0.0000001	+0.0000001	+0.0000001
2013-11	0.001	+0.0000001	+0.0000001	+0.0000001	+0.0000001	+0.0000001	+0.0000001	+0.0000001	+0.0000001	+0.0000001	+0.0000001	+0.0000001	+0.0000001	+0.0000001	+0.0000001	+0.0000001	+0.0000001	+0.0000001	+0.0000001	+0.0000001	+0.0000001	+0.0000001
2013-12	0.002	-0.0000021	-0.0000021	-0.0000021	-0.0000021	-0.0000021	-0.0000021	-0.0000021	-0.0000021	-0.0000021	-0.0000021	+0.0000505	+0.0000505	+0.0000505	+0.0000505	+0.0000505	+0.0000505	+0.0000505	+0.0000505	+0.0000505	+0.0000505	+0.0000505
2014-01	0.018	-0.0100000	-0.0100000	-0.0100000	-0.0100000	-0.0100000	-0.0100000	-0.0100000	-0.0100000	-0.0100000	-0.0100000	-0.0100000	-0.0100000	-0.0100000	-0.0100000	-0.0100000	-0.0100000	-0.0100000	-0.0100000	-0.0100000	-0.0100000	-0.0100000
2014-02	0.003	-0.0100000	-0.0100000	-0.0100000	-0.0100000	-0.0100000	-0.0100000	-0.0100000	-0.0100000	-0.0100000	-0.0100000	-0.0100000	-0.0100000	-0.0100000	-0.0100000	-0.0100000	-0.0100000	-0.0100000	-0.0100000	-0.0100000	-0.0100000	-0.0100000
2014-03	0.002	-0.0100000	-0.0100000	-0.0100000	-0.0100000	-0.0100000	-0.0100000	-0.0100000	-0.0100000	-0.0100000	-0.0100000	-0.0100000	-0.0100000	-0.0100000	-0.0100000	-0.0100000	-0.0100000	-0.0100000	-0.0100000	-0.0100000	-0.0100000	-0.0100000
2014-04	0.012	-0.0100000	-0.0100000	-0.0100000	-0.0100000	-0.0100000	-0.0100000	-0.0100000	-0.0100000	-0.0100000	-0.0100000	-0.0100000	-0.0100000	-0.0100000	-0.0100000	-0.0100000	-0.0100000	-0.0100000	-0.0100000	-0.0100000	-0.0100000	-0.0100000
2014-05	0.007	+0.0000001	+0.0000001	+0.0000001	+0.0000001	+0.0000001	+0.0000001	+0.0000001	+0.0000001	+0.0000001	+0.0000001	+0.0000001	+0.0000001	+0.0000001	+0.0000001	+0.0000001	+0.0000001	+0.0000001	+0.0000001	+0.0000001	+0.0000001	+0.0000001
2014-06	0.001	+0.0000001	+0.0000001	+0.0000001	+0.0000001	+0.0000001	+0.0000001	+0.0000001	+0.0000001	+0.0000001	+0.0000001	+0.0000001	+0.0000001	+0.0000001	+0.0000001	+0.0000001	+0.0000001	+0.0000001	+0.0000001	+0.0000001	+0.0000001	+0.0000001
2014-07	0.011	+0.0000001	+0.0000001	+0.0000001	+0.0000001	+0.0000001	+0.0000001	+0.0000001	+0.0000001	+0.0000001	+0.0000001	+0.0000001	+0.0000001	+0.0000001	+0.0000001	+0.0000001	+0.0000001	+0.0000001	+0.0000001	+0.0000001	+0.0000001	+0.0000001
2014-08	-0.004	+0.0000189	+0.0000189	+0.0000189	+0.0000189	+0.0000189	+0.0000189	+0.0000189	+0.0000189	+0.0000189	+0.0003143	+0.0003143	+0.0003143	+0.0003205	+0.0003205	+0.0003205	+0.0003205	+0.0003205	+0.0003205	+0.0003205	+0.0003205	+0.0003205
2014-09	-0.001	-0.0000794	-0.0000794	-0.0000794	-0.0000794	-0.0000794	-0.0000794	-0.0000794	-0.0000794	-0.0000794	+0.0002023	+0.0002023	+0.0002023	+0.0002358	+0.0002358	+0.0002358	+0.0002358	+0.0002358	+0.0002358	+0.0002358	+0.0002358	+0.0002358
2014-10	-0.001	+0.0000001	+0.0000001	+0.0000001	+0.0000001	+0.0000001	+0.0000001	+0.0000001	+0.0000001	+0.0000001	+0.0000001	+0.0000001	+0.0000001	+0.0000001	+0.0000001	+0.0000001	+0.0000001	+0.0000001	+0.0000001	+0.0000001	+0.0000001	+0.0000001
2014-11	0.003	-0.0000331	-0.0000331	-0.0000331	-0.0000331	-0.0000331	-0.0000331	-0.0000331	-0.0000331	-0.0000331	-0.0000331	-0.0000331	-0.0000103	-0.0000103	-0.0000103	-0.0000103	-0.0000103	-0.0000103	-0.0000103	-0.0000103	-0.0000103	-0.0000103
2014-12	-0.025	-0.0100000	-0.0100000	-0.0100000	-0.0100000	-0.0100000	-0.0100000	-0.0100000	-0.0100000	-0.0100000	-0.0100000	-0.0100000	-0.0100000	-0.0100000	-0.0100000	-0.0100000	-0.0100000	-0.0100000	-0.0100000	-0.0100000	-0.0100000	-0.0100000
2015-01	0.003	-0.0100000	-0.0100000	-0.0100000	-0.0100000	-0.0100000	-0.0100000	-0.0100000	-0.0100000	-0.0100000	-0.0100000	-0.0100000	-0.0100000	-0.0100000	-0.0100000	-0.0100000	-0.0100000	-0.0100000	-0.0100000	-0.0100000	-0.0100000	-0.0100000
2015-02	-0.002	-0.0100000	-0.0100000	-0.0100000	-0.0100000	-0.0100000	-0.0100000	-0.0100000	-0.0100000	-0.0100000	-0.0100000	-0.0100000	-0.0100000	-0.0100000	-0.0100000	-0.0100000	-0.0100000	-0.0100000	-0.0100000	-0.0100000	-0.0100000	-0.0100000
