2011-03	0.036	-0.0100000	-0.0100000	-0.0100000	-0.0100000	-0.0100000	-0.0100000	-0.0100000	-0.0100000	-0.0100000	-0.0100000	-0.0100000	-0.0100000	-0.0100000	-0.0100000	-0.0100000	-0.0100000	-0.0100000	-0.0100000	-0.0100000	-0.0100000	-0.0100000
2011-04	0.056	+0.0000001	+0.0000001	+0.0000001	+0.0000001	+0.0000001	+0.0000001	+0.0000001	+0.0000001	+0.0000001	+0.0000001	+0.0000001	+0.0000001	+0.0000001	+0.0000001	+0.0000001	+0.0000001	+0.0000001	+0.0000001	+0.0000001	+0.0000001	+0.0000001
2011-05	-0.037	-0.0000565	-0.0000565	-0.0000565	-0.0000565	-0.0000565	-0.0000565	-0.0000565	-0.0000565	-0.0000565	-0.0000565	+0.0021785	+0.0021785	+0.0021785	+0.0021785	+0.0021785	+0.0021785	+0.0021785	+0.0021785	+0.0021785	+0.0021785	+0.0021785
2011-06	0.010	-0.0100000	-0.0100000	-0.0100000	-0.0100000	-0.0100000	-0.0100000	-0.0100000	-0.0100000	-0.0100000	-0.0100000	-0.0100000	-0.0100000	-0.0100000	-0.0100000	-0.0100000	-0.0100000	-0.0100000	-0.0100000	-0.0100000	-0.0100000	-0.0100000
2011-07	-0.016	+0.0000001	+0.0000001	+0.0000001	+0.0000001	+0.0000001	+0.0000001	+0.0000001	+0.0000001	+0.0000001	+0.0000001	+0.0000001	+0.0000001	+0.0000001	+0.0000001	+0.0000001	+0.0000001	+0.0000001	+0.0000001	+0.0000001	+0.0000001	+0.0000001
2011-08	-0.056	-0.0005179	-0.0005179	-0.0005179	-0.0005179	-0.0005179	-0.0005179	-0.0005179	-0.0005179	-0.0005179	-0.0005179	-0.0005179	+0.0000996	+0.0000996	+0.0000996	+0.0000996	+0.0000996	+0.0000996	+0.0000996	+0.0000996	+0.0000996	+0.0000996
2011-09	-0.129	-0.0021307	-0.0021307	-0.0021307	-0.0021307	-0.0021307	-0.0021307	-0.0021307	-0.0021307	-0.0021307	-0.0020753	-0.0020753	-0.0020753	-0.0001377	-0.0001377	-0.0001377	-0.0001377	-0.0001377	-0.0001377	-0.0001377	-0.0001377	-0.0001377
2011-10	0.087	-0.0044888	-0.0044888	-0.0044888	-0.0044888	-0.0044888	-0.0044888	-0.0044888	-0.0044888	-0.0044888	-0.0044854	-0.0044854	-0.0044854	+0.0001775	+0.0001775	+0.0001775	+0.0001775	+0.0001775	+0.0001775	+0.0001775	+0.0001775	+0.0001775
2011-11	-0.062	-0.0100000	-0.0100000	-0.0100000	-0.0100000	-0.0100000	-0.0100000	-0.0100000	-0.0100000	-0.0100000	-0.0100000	-0.0100000	-0.0100000	-0.0100000	-0.0100000	-0.0100000	-0.0100000	-0.0100000	-0.0100000	-0.0100000	-0.0100000	-0.0100000
2011-12	0.016	-0.0100000	-0.0100000	-0.0100000	-0.0100000	-0.0100000	-0.0100000	-0.0100000	-0.0100000	-0.0100000	-0.0100000	-0.0100000	-0.0100000	-0.0100000	-0.0100000	-0.0100000	-0.0100000	-0.0100000	-0.0100000	-0.0100000	-0.0100000	-0.0100000
2012-01	0.059	+0.0000001	+0.0000001	+0.0000001	+0.0000001	+0.0000001	+0.0000001	+0.0000001	+0.0000001	+0.0000001	+0.0000001	+0.0000001	+0.0000001	+0.0000001	+0.0000001	+0.0000001	+0.0000001	+0.0000001	+0.0000001	+0.0000001	+0.0000001	+0.0000001
2012-02	0.085	-0.0100000	-0.0100000	-0.0100000	-0.0100000	-0.0100000	-0.0100000	-0.0100000	-0.0100000	-0.0100000	-0.0100000	-0.0100000	-0.0100000	-0.0100000	-0.0100000	-0.0100000	-0.0100000	-0.0100000	-0.0100000	-0.0100000	-0.0100000	-0.0100000
2012-03	-0.034	-0.0100000	-0.0100000	-0.0100000	-0.0100000	-0.0100000	-0.0100000	-0.0100000	-0.0100000	-0.0100000	-0.0100000	-0.0100000	-0.0100000	-0.0100000	-0.0100000	-0.0100000	-0.0100000	-0.0100000	-0.0100000	-0.0100000	-0.0100000	-0.0100000
2012-04	-0.027	-0.0002118	-0.0002118	-0.0002118	-0.0002118	-0.0002118	-0.0002118	-0.0002118	-0.0002118	-0.0002118	-0.0002118	+0.0012673	+0.0012673	+0.0012673	+0.0012673	+0.0012673	+0.0012673	+0.0012673	+0.0012673	+0.0012673	+0.0012673	+0.0012673
2012-05	-0.064	+0.0000001	+0.0000001	+0.0000001	+0.0000001	+0.0000001	+0.0000001	+0.0000001	+0.0000001	+0.0000001	+0.0000001	+0.0000001	+0.0000001	+0.0000001	+0.0000001	+0.0000001	+0.0000001	+0.0000001	+0.0000001	+0.0000001	+0.0000001	+0.0000001
2012-06	-0.015	+0.0000001	+0.0000001	+0.0000001	+0.0000001	+0.0000001	+0.0000001	+0.0000001	+0.0000001	+0.0000001	+0.0000001	+0.0000001	+0.0000001	+0.0000001	+0.0000001	+0.0000001	+0.0000001	+0.0000001	+0.0000001	+0.0000001	+0.0000001	+0.0000001
2012-07	0.027	-0.0020003	-0.0020003	-0.0020003	-0.0020003	-0.0020003	-0.0020003	-0.0020003	-0.0020003	-0.0020003	-0.0020003	-0.0020003	+0.0002113	+0.0002113	+0.0002113	+0.0002113	+0.0002113	+0.0002113	+0.0002113	+0.0002113	+0.0002113	+0.0002113
2012-08	0.011	+0.0002196	+0.0002196	+0.0002196	+0.0002196	+0.0002196	+0.0002196	+0.0002196	+0.0002196	+0.0002196	+0.0002196	+0.0005525	+0.0005525	+0.0005525	+0.0005525	+0.0005525	+0.0005525	+0.0005525	+0.0005525	+0.0005525	+0.0005525	+0.0005525
2012-09	0.010	-0.0002381	-0.0002381	-0.0002381	-0.0002381	-0.0002381	-0.0002381	-0.0002381	-0.0002381	-0.0000573	-0.0000573	-0.0000573	-0.0000129	-0.0000129	+0.0001809	+0.0001809	+0.0001809	+0.0001809	+0.0001809	+0.0001809	+0.0001809	+0.0001809
2012-10	0.025	-0.0001085	-0.0001085	-0.0001085	-0.0001085	-0.0001085	-0.0001085	-0.0001085	-0.0001085	-0.0001085	-0.0001085	+0.0006471	+0.0006471	+0.0006471	+0.0006471	+0.0006471	+0.0006471	+0.0006471	+0.0006471	+0.0006471	+0.0006471	+0.0006471
2012-11	0.004	+0.0000001	+0.0000001	+0.0000001	+0.0000001	+0.0000001	+0.0000001	+0.0000001	+0.0000001	+0.0000001	+0.0000001	+0.0000001	+0.0000001	+0.0000001	+0.0000001	+0.0000001	+0.0000001	+0.0000001	+0.0000001	+0.0000001	+0.0000001	+0.0000001
2012-12	0.056	-0.0001184	-0.0001184	-0.0001184	-0.0001184	-0.0001184	-0.0001184	-0.0001184	-0.0001184	-0.0001184	+0.0005870	+0.0005870	+0.0005870	+0.0006548	+0.0006548	+0.0006548	+0.0006548	+0.0006548	+0.0006548	+0.0006548	+0.0006548	+0.0006548
2013-01	0.074	-0.0100000	-0.0100000	-0.0100000	-0.0100000	-0.0100000	-0.0100000	-0.0100000	-0.0100000	-0.0100000	-0.0100000	-0.0100000	-0.0100000	-0.0100000	-0.0100000	-0.0100000	-0.0100000	-0.0100000	-0.0100000	-0.0100000	-0.0100000	-0.0100000
2013-02	0.014	-0.0100000	-0.0100000	-0.0100000	-0.0100000	-0.0100000	-0.0100000	-0.0100000	-0.0100000	-0.0100000	-0.0100000	-0.0100000	-0.0100000	-0.0100000	-0.0100000	-0.0100000	-0.0100000	-0.0100000	-0.0100000	-0.0100000	-0.0100000	-0.0100000
2013-03	0.017	-0.0100000	-0.0100000	-0.0100000	-0.0100000	-0.0100000	-0.0100000	-0.0100000	-0.0100000	-0.0100000	-0.0100000	-0.0100000	-0.0100000	-0.0100000	-0.0100000	-0.0100000	-0.0100000	-0.0100000	-0.0100000	-0.0100000	-0.0100000	-0.0100000
2013-04	0.040	-0.0100000	-0.0100000	-0.0100000	-0.0100000	-0.0100000	-0.0100000	-0.0100000	-0.0100000	-0.0100000	-0.0100000	-0.0100000	-0.0100000	-0.0100000	-0.0100000	-0.0100000	-0.0100000	-0.0100000	-0.0100000	-0.0100000	-0.0100000	-0.0100000
2013-05	-0.012	+0.0000001	+0.0000001	+0.0000001	+0.0000001	+0.0000001	+0.0000001	+0.0000001	+0.0000001	+0.0000001	+0.0000001	+0.0000001	+0.0000001	+0.0000001	+0.0000001	+0.0000001	+0.0000001	+0.0000001	+0.0000001	+0.0000001	+0.0000001	+0.0000001
2013-06	-0.054	+0.0001222	+0.0001222	+0.0001222	+0.0001222	+0.0001222	+0.0001222	+0.0001222	+0.0001222	+0.0001222	+0.0001222	+0.0007162	+0.0007162	+0.0007162	+0.0007162	+0.0007162	+0.0007162	+0.0007162	+0.0007162	+0.0007162	+0.0007162	+0.0007162
2013-07	-0.011	+0.0000001	+0.0000001	+0.0000001	+0.0000001	+0.0000001	+0.0000001	+0.0000001	+0.0000001	+0.0000001	+0.0000001	+0.0000001	+0.0000001	+0.0000001	+0.0000001	+0.0000001	+0.0000001	+0.0000001	+0.0000001	+0.0000001	+0.0000001	+0.0000001
2013-08	-0.021	-0.0014420	-0.0014420	-0.0014420	-0.0014420	-0.0014420	-0.0014420	-0.0014420	-0.0014420	-0.0014420	-0.0014420	-0.0014420	+0.0003179	+0.0003179	+0.0003179	+0.0003179	+0.0003179	+0.0003179	+0.0003179	+0.0003179	+0.0003179	+0.0003179
2013-09	0.036	-0.0012336	-0.0012336	-0.0012336	-0.0012336	-0.0012336	-0.0012336	-0.0012336	-0.0012336	-0.0008103	-0.0008103	-0.0007642	-0.0007642	-0.0007642	+0.0002779	+0.0002779	+0.0002779	+0.0002779	+0.0002779	+0.0002779	+0.0002779	+0.0002779
2013-10	0.034	+0.0000001	+0.0000001	+0.0000001	+0.0000001	+0.0000001	+0.0000001	+0.0000001	+0.0000001	+0.0000001	+0.0000001	+0.0000001	+0.0000001	+0.0000001	+0.0000001	+0.0000001	+0.0000001	+0.0000001	+0.0000001	+0.0000001	+0.0000001	+0.0000001
2013-11	-0.005	+0.0000001	+0.0000001	+0.0000001	+0.0000001	+0.0000001	+0.0000001	+0.0000001	+0.0000001	+0.0000001	+0.0000001	+0.0000001	+0.0000001	+0.0000001	+0.0000001	+0.0000001	+0.0000001	+0.0000001	+0.0000001	+0.0000001	+0.0000001	+0.0000001
2013-12	0.014	-0.0001104	-0.0001104	-0.0001104	-0.0001104	-0.0001104	-0.0001104	-0.0001104	-0.0001104	-0.0001104	-0.0001104	+0.0005752	+0.0005752	+0.0005752	+0.0005752	+0.0005752	+0.0005752	+0.0005752	+0.0005752	+0.0005752	+0.0005752	+0.0005752
2014-01	-0.020	-0.0100000	-0.0100000	-0.0100000	-0.0100000	-0.0100000	-0.0100000	-0.0100000	-0.0100000	-0.0100000	-0.0100000	-0.0100000	-0.0100000	-0.0100000	-0.0100000	-0.0100000	-0.0100000	-0.0100000	-0.0100000	-0.0100000	-0.0100000	-0.0100000
2014-02	0.030	-0.0100000	-0.0100000	-0.0100000	-0.0100000	-0.0100000	-0.0100000	-0.0100000	-0.0100000	-0.0100000	-0.0100000	-0.0100000	-0.0100000	-0.0100000	-0.0100000	-0.0100000	-0.0100000	-0.0100000	-0.0100000	-0.0100000	-0.0100000	-0.0100000
2014-03	0.029	-0.0100000	-0.0100000	-0.0100000	-0.0100000	-0.0100000	-0.0100000	-0.0100000	-0.0100000	-0.0100000	-0.0100000	-0.0100000	-0.0100000	-0.0100000	-0.0100000	-0.0100000	-0.0100000	-0.0100000	-0.0100000	-0.0100000	-0.0100000	-0.0100000
2014-04	0.011	-0.0100000	-0.0100000	-0.0100000	-0.0100000	-0.0100000	-0.0100000	-0.0100000	-0.0100000	-0.0100000	-0.0100000	-0.0100000	-0.0100000	-0.0100000	-0.0100000	-0.0100000	-0.0100000	-0.0100000	-0.0100000	-0.0100000	-0.0100000	-0.0100000
2014-05	0.011	+0.0000001	+0.0000001	+0.0000001	+0.0000001	+0.0000001	+0.0000001	+0.0000001	+0.0000001	+0.0000001	+0.0000001	+0.0000001	+0.0000001	+0.0000001	+0.0000001	+0.0000001	+0.0000001	+0.0000001	+0.0000001	+0.0000001	+0.0000001	+0.0000001
2014-06	0.016	+0.0000001	+0.0000001	+0.0000001	+0.0000001	+0.0000001	+0.0000001	+0.0000001	+0.0000001	+0.0000001	+0.0000001	+0.0000001	+0.0000001	+0.0000001	+0.0000001	+0.0000001	+0.0000001	+0.0000001	+0.0000001	+0.0000001	+0.0000001	+0.0000001
2014-07	-0.003	+0.0000001	+0.0000001	+0.0000001	+0.0000001	+0.0000001	+0.0000001	+0.0000001	+0.0000001	+0.0000001	+0.0000001	+0.0000001	+0.0000001	+0.0000001	+0.0000001	+0.0000001	+0.0000001	+0.0000001	+0.0000001	+0.0000001	+0.0000001	+0.0000001
2014-08	0.013	+0.0000278	+0.0000278	+0.0000278	+0.0000278	+0.0000278	+0.0000278	+0.0000278	+0.0000278	+0.0000278	+0.0004680	+0.0004680	+0.0004680	+0.0005045	+0.0005045	+0.0005045	+0.0005045	+0.0005045	+0.0005045	+0.0005045	+0.0005045	+0.0005045
2014-09	-0.024	-0.0000038	-0.0000038	-0.0000038	-0.0000038	-0.0000038	-0.0000038	-0.0000038	-0.0000038	-0.0000038	+0.0002338	+0.0002338	+0.0002338	+0.0002469	+0.0002469	+0.0002469	+0.0002469	+0.0002469	+0.0002469	+0.0002469	+0.0002469	+0.0002469
2014-10	0.018	+0.0000001	+0.0000001	+0.0000001	+0.0000001	+0.0000001	+0.0000001	+0.0000001	+0.0000001	+0.0000001	+0.0000001	+0.0000001	+0.0000001	+0.0000001	+0.0000001	+0.0000001	+0.0000001	+0.0000001	+0.0000001	+0.0000001	+0.0000001	+0.0000001
2014-11	0.022	-0.0002611	-0.0002611	-0.0002611	-0.0002611	-0.0002611	-0.0002611	-0.0002611	-0.0002611	-0.0002611	-0.0002611	-0.0002611	+0.0000020	+0.0000020	+0.0000020	+0.0000020	+0.0000020	+0.0000020	+0.0000020	+0.0000020	+0.0000020	+0.0000020
2014-12	-0.028	-0.0100000	-0.0100000	-0.0100000	-0.0100000	-0.0100000	-0.0100000	-0.0100000	-0.0100000	-0.0100000	-0.0100000	-0.0100000	-0.0100000	-0.0100000	-0.0100000	-0.0100000	-0.0100000	-0.0100000	-0.0100000	-0.0100000	-0.0100000	-0.0100000
2015-01	0.011	-0.0100000	-0.0100000	-0.0100000	-0.0100000	-0.0100000	-0.0100000	-0.0100000	-0.0100000	-0.0100000	-0.0100000	-0.0100000	-0.0100000	-0.0100000	-0.0100000	-0.0100000	-0.0100000	-0.0100000	-0.0100000	-0.0100000	-0.0100000	-0.0100000
2015-02	-0.019	-0.0100000	-0.0100000	-0.0100000	-0.0100000	-0.0100000	-0.0100000	-0.0100000	-0.0100000	-0.0100000	-0.0100000	-0.0100000	-0.0100000	-0.0100000	-0.0100000	-0.0100000	-0.0100000	-0.0100000	-0.0100000	-0.0100000	-0.0100000	-0.0100000
