2013-08	-0.063	-0.0012428	-0.0012428	-0.0012428	-0.0012428	-0.0012428	-0.0012428	-0.0012428	-0.0012428	-0.0012428	-0.0012428	-0.0012428	+0.0001858	+0.0001858	+0.0001858	+0.0001858	+0.0001858	+0.0001858	+0.0001858	+0.0001858	+0.0001858	+0.0001858
2013-09	0.067	-0.0021096	-0.0021096	-0.0021096	-0.0021096	-0.0021096	-0.0021096	-0.0021096	-0.0021096	-0.0018019	-0.0018019	-0.0018019	-0.0017974	-0.0017974	+0.0000604	+0.0000604	+0.0000604	+0.0000604	+0.0000604	+0.0000604	+0.0000604	+0.0000604
2013-10	0.036	+0.0000001	+0.0000001	+0.0000001	+0.0000001	+0.0000001	+0.0000001	+0.0000001	+0.0000001	+0.0000001	+0.0000001	+0.0000001	+0.0000001	+0.0000001	+0.0000001	+0.0000001	+0.0000001	+0.0000001	+0.0000001	+0.0000001	+0.0000001	+0.0000001
2013-11	-0.002	+0.0000001	+0.0000001	+0.0000001	+0.0000001	+0.0000001	+0.0000001	+0.0000001	+0.0000001	+0.0000001	+0.0000001	+0.0000001	+0.0000001	+0.0000001	+0.0000001	+0.0000001	+0.0000001	+0.0000001	+0.0000001	+0.0000001	+0.0000001	+0.0000001
2013-12	0.003	-0.0001020	-0.0001020	-0.0001020	-0.0001020	-0.0001020	-0.0001020	-0.0001020	-0.0001020	-0.0001020	-0.0001020	+0.0008938	+0.0008938	+0.0008938	+0.0008938	+0.0008938	+0.0008938	+0.0008938	+0.0008938	+0.0008938	+0.0008938	+0.0008938
2014-01	-0.042	-0.0100000	-0.0100000	-0.0100000	-0.0100000	-0.0100000	-0.0100000	-0.0100000	-0.0100000	-0.0100000	-0.0100000	-0.0100000	-0.0100000	-0.0100000	-0.0100000	-0.0100000	-0.0100000	-0.0100000	-0.0100000	-0.0100000	-0.0100000	-0.0100000
2014-02	0.017	-0.0100000	-0.0100000	-0.0100000	-0.0100000	-0.0100000	-0.0100000	-0.0100000	-0.0100000	-0.0100000	-0.0100000	-0.0100000	-0.0100000	-0.0100000	-0.0100000	-0.0100000	-0.0100000	-0.0100000	-0.0100000	-0.0100000	-0.0100000	-0.0100000
2014-03	0.037	-0.0100000	-0.0100000	-0.0100000	-0.0100000	-0.0100000	-0.0100000	-0.0100000	-0.0100000	-0.0100000	-0.0100000	-0.0100000	-0.0100000	-0.0100000	-0.0100000	-0.0100000	-0.0100000	-0.0100000	-0.0100000	-0.0100000	-0.0100000	-0.0100000
2014-04	0.030	-0.0100000	-0.0100000	-0.0100000	-0.0100000	-0.0100000	-0.0100000	-0.0100000	-0.0100000	-0.0100000	-0.0100000	-0.0100000	-0.0100000	-0.0100000	-0.0100000	-0.0100000	-0.0100000	-0.0100000	-0.0100000	-0.0100000	-0.0100000	-0.0100000
2014-05	0.044	+0.0000001	+0.0000001	+0.0000001	+0.0000001	+0.0000001	+0.0000001	+0.0000001	+0.0000001	+0.0000001	+0.0000001	+0.0000001	+0.0000001	+0.0000001	+0.0000001	+0.0000001	+0.0000001	+0.0000001	+0.0000001	+0.0000001	+0.0000001	+0.0000001
2014-06	-0.006	+0.0000001	+0.0000001	+0.0000001	+0.0000001	+0.0000001	+0.0000001	+0.0000001	+0.0000001	+0.0000001	+0.0000001	+0.0000001	+0.0000001	+0.0000001	+0.0000001	+0.0000001	+0.0000001	+0.0000001	+0.0000001	+0.0000001	+0.0000001	+0.0000001
2014-07	0.038	+0.0000001	+0.0000001	+0.0000001	+0.0000001	+0.0000001	+0.0000001	+0.0000001	+0.0000001	+0.0000001	+0.0000001	+0.0000001	+0.0000001	+0.0000001	+0.0000001	+0.0000001	+0.0000001	+0.0000001	+0.0000001	+0.0000001	+0.0000001	+0.0000001
2014-08	0.018	-0.0001587	-0.0001587	-0.0001587	-0.0001587	-0.0001587	-0.0001587	-0.0001587	-0.0001587	-0.0001587	+0.0006092	+0.0006092	+0.0006092	+0.0007583	+0.0007583	+0.0007583	+0.0007583	+0.0007583	+0.0007583	+0.0007583	+0.0007583	+0.0007583
2014-09	0.005	+0.0000234	+0.0000234	+0.0000234	+0.0000234	+0.0000234	+0.0000234	+0.0000234	+0.0000234	+0.0000234	+0.0014156	+0.0014156	+0.0014156	+0.0014603	+0.0014603	+0.0014603	+0.0014603	+0.0014603	+0.0014603	+0.0014603	+0.0014603	+0.0014603
2014-10	0.026	+0.0000001	+0.0000001	+0.0000001	+0.0000001	+0.0000001	+0.0000001	+0.0000001	+0.0000001	+0.0000001	+0.0000001	+0.0000001	+0.0000001	+0.0000001	+0.0000001	+0.0000001	+0.0000001	+0.0000001	+0.0000001	+0.0000001	+0.0000001	+0.0000001
2014-11	0.108	-0.0001655	-0.0001655	-0.0001655	-0.0001655	-0.0001655	-0.0001655	-0.0001655	-0.0001655	-0.0001655	-0.0001655	+0.0005770	+0.0005770	+0.0005770	+0.0005770	+0.0005770	+0.0005770	+0.0005770	+0.0005770	+0.0005770	+0.0005770	+0.0005770
2014-12	0.017	-0.0100000	-0.0100000	-0.0100000	-0.0100000	-0.0100000	-0.0100000	-0.0100000	-0.0100000	-0.0100000	-0.0100000	-0.0100000	-0.0100000	-0.0100000	-0.0100000	-0.0100000	-0.0100000	-0.0100000	-0.0100000	-0.0100000	-0.0100000	-0.0100000
2015-01	0.026	-0.0100000	-0.0100000	-0.0100000	-0.0100000	-0.0100000	-0.0100000	-0.0100000	-0.0100000	-0.0100000	-0.0100000	-0.0100000	-0.0100000	-0.0100000	-0.0100000	-0.0100000	-0.0100000	-0.0100000	-0.0100000	-0.0100000	-0.0100000	-0.0100000
2015-02	-0.006	-0.0100000	-0.0100000	-0.0100000	-0.0100000	-0.0100000	-0.0100000	-0.0100000	-0.0100000	-0.0100000	-0.0100000	-0.0100000	-0.0100000	-0.0100000	-0.0100000	-0.0100000	-0.0100000	-0.0100000	-0.0100000	-0.0100000	-0.0100000	-0.0100000
