2011-03	0.026	-0.0100000	-0.0100000	-0.0100000	-0.0100000	-0.0100000	-0.0100000	-0.0100000	-0.0100000	-0.0100000	-0.0100000	-0.0100000	-0.0100000	-0.0100000	-0.0100000	-0.0100000	-0.0100000	-0.0100000	-0.0100000	-0.0100000	-0.0100000	-0.0100000
2011-04	0.029	+0.0000001	+0.0000001	+0.0000001	+0.0000001	+0.0000001	+0.0000001	+0.0000001	+0.0000001	+0.0000001	+0.0000001	+0.0000001	+0.0000001	+0.0000001	+0.0000001	+0.0000001	+0.0000001	+0.0000001	+0.0000001	+0.0000001	+0.0000001	+0.0000001
2011-05	-0.029	-0.0001324	-0.0001324	-0.0001324	-0.0001324	-0.0001324	-0.0001324	-0.0001324	-0.0001324	-0.0001324	-0.0001324	+0.0012632	+0.0012632	+0.0012632	+0.0012632	+0.0012632	+0.0012632	+0.0012632	+0.0012632	+0.0012632	+0.0012632	+0.0012632
2011-06	-0.009	-0.0100000	-0.0100000	-0.0100000	-0.0100000	-0.0100000	-0.0100000	-0.0100000	-0.0100000	-0.0100000	-0.0100000	-0.0100000	-0.0100000	-0.0100000	-0.0100000	-0.0100000	-0.0100000	-0.0100000	-0.0100000	-0.0100000	-0.0100000	-0.0100000
2011-07	-0.011	+0.0000001	+0.0000001	+0.0000001	+0.0000001	+0.0000001	+0.0000001	+0.0000001	+0.0000001	+0.0000001	+0.0000001	+0.0000001	+0.0000001	+0.0000001	+0.0000001	+0.0000001	+0.0000001	+0.0000001	+0.0000001	+0.0000001	+0.0000001	+0.0000001
2011-08	-0.089	-0.0007014	-0.0007014	-0.0007014	-0.0007014	-0.0007014	-0.0007014	-0.0007014	-0.0007014	-0.0007014	-0.0007014	-0.0007014	+0.0000816	+0.0000816	+0.0000816	+0.0000816	+0.0000816	+0.0000816	+0.0000816	+0.0000816	+0.0000816	+0.0000816
2011-09	-0.078	-0.0028240	-0.0028240	-0.0028240	-0.0028240	-0.0028240	-0.0028240	-0.0028240	-0.0028240	-0.0028240	-0.0026773	-0.0026773	-0.0026773	-0.0001592	-0.0001592	-0.0001592	-0.0001592	-0.0001592	-0.0001592	-0.0001592	-0.0001592	-0.0001592
2011-10	0.073	-0.0039443	-0.0039443	-0.0039443	-0.0039443	-0.0039443	-0.0039443	-0.0039443	-0.0039443	-0.0039443	-0.0038156	-0.0038156	-0.0038156	+0.0002093	+0.0002093	+0.0002093	+0.0002093	+0.0002093	+0.0002093	+0.0002093	+0.0002093	+0.0002093
2011-11	-0.046	-0.0100000	-0.0100000	-0.0100000	-0.0100000	-0.0100000	-0.0100000	-0.0100000	-0.0100000	-0.0100000	-0.0100000	-0.0100000	-0.0100000	-0.0100000	-0.0100000	-0.0100000	-0.0100000	-0.0100000	-0.0100000	-0.0100000	-0.0100000	-0.0100000
2011-12	0.013	-0.0100000	-0.0100000	-0.0100000	-0.0100000	-0.0100000	-0.0100000	-0.0100000	-0.0100000	-0.0100000	-0.0100000	-0.0100000	-0.0100000	-0.0100000	-0.0100000	-0.0100000	-0.0100000	-0.0100000	-0.0100000	-0.0100000	-0.0100000	-0.0100000
2012-01	0.055	+0.0000001	+0.0000001	+0.0000001	+0.0000001	+0.0000001	+0.0000001	+0.0000001	+0.0000001	+0.0000001	+0.0000001	+0.0000001	+0.0000001	+0.0000001	+0.0000001	+0.0000001	+0.0000001	+0.0000001	+0.0000001	+0.0000001	+0.0000001	+0.0000001
2012-02	0.086	-0.0100000	-0.0100000	-0.0100000	-0.0100000	-0.0100000	-0.0100000	-0.0100000	-0.0100000	-0.0100000	-0.0100000	-0.0100000	-0.0100000	-0.0100000	-0.0100000	-0.0100000	-0.0100000	-0.0100000	-0.0100000	-0.0100000	-0.0100000	-0.0100000
2012-03	-0.007	-0.0100000	-0.0100000	-0.0100000	-0.0100000	-0.0100000	-0.0100000	-0.0100000	-0.0100000	-0.0100000	-0.0100000	-0.0100000	-0.0100000	-0.0100000	-0.0100000	-0.0100000	-0.0100000	-0.0100000	-0.0100000	-0.0100000	-0.0100000	-0.0100000
2012-04	-0.016	-0.0001340	-0.0001340	-0.0001340	-0.0001340	-0.0001340	-0.0001340	-0.0001340	-0.0001340	-0.0001340	-0.0001340	+0.0019006	+0.0019006	+0.0019006	+0.0019006	+0.0019006	+0.0019006	+0.0019006	+0.0019006	+0.0019006	+0.0019006	+0.0019006
2012-05	-0.078	+0.0000001	+0.0000001	+0.0000001	+0.0000001	+0.0000001	+0.0000001	+0.0000001	+0.0000001	+0.0000001	+0.0000001	+0.0000001	+0.0000001	+0.0000001	+0.0000001	+0.0000001	+0.0000001	+0.0000001	+0.0000001	+0.0000001	+0.0000001	+0.0000001
2012-06	0.007	+0.0000001	+0.0000001	+0.0000001	+0.0000001	+0.0000001	+0.0000001	+0.0000001	+0.0000001	+0.0000001	+0.0000001	+0.0000001	+0.0000001	+0.0000001	+0.0000001	+0.0000001	+0.0000001	+0.0000001	+0.0000001	+0.0000001	+0.0000001	+0.0000001
2012-07	0.023	-0.0015660	-0.0015660	-0.0015660	-0.0015660	-0.0015660	-0.0015660	-0.0015660	-0.0015660	-0.0015660	-0.0015660	-0.0015660	-0.0001037	-0.0001037	-0.0001037	-0.0001037	-0.0001037	-0.0001037	-0.0001037	-0.0001037	-0.0001037	-0.0001037
2012-08	0.015	+0.0002064	+0.0002064	+0.0002064	+0.0002064	+0.0002064	+0.0002064	+0.0002064	+0.0002064	+0.0002064	+0.0002064	+0.0010707	+0.0010707	+0.0010707	+0.0010707	+0.0010707	+0.0010707	+0.0010707	+0.0010707	+0.0010707	+0.0010707	+0.0010707
2012-09	0.024	-0.0003147	-0.0003147	-0.0003147	-0.0003147	-0.0003147	-0.0003147	-0.0003147	-0.0003147	+0.0000098	+0.0000098	+0.0000098	+0.0003731	+0.0003731	+0.0003995	+0.0003995	+0.0003995	+0.0003995	+0.0003995	+0.0003995	+0.0003995	+0.0003995
2012-10	0.029	-0.0000614	-0.0000614	-0.0000614	-0.0000614	-0.0000614	-0.0000614	-0.0000614	-0.0000614	-0.0000614	-0.0000614	+0.0009776	+0.0009776	+0.0009776	+0.0009776	+0.0009776	+0.0009776	+0.0009776	+0.0009776	+0.0009776	+0.0009776	+0.0009776
2012-11	0.024	+0.0000001	+0.0000001	+0.0000001	+0.0000001	+0.0000001	+0.0000001	+0.0000001	+0.0000001	+0.0000001	+0.0000001	+0.0000001	+0.0000001	+0.0000001	+0.0000001	+0.0000001	+0.0000001	+0.0000001	+0.0000001	+0.0000001	+0.0000001	+0.0000001
2012-12	0.058	-0.0001434	-0.0001434	-0.0001434	-0.0001434	-0.0001434	-0.0001434	-0.0001434	-0.0001434	-0.0001434	+0.0010284	+0.0010284	+0.0010284	+0.0010945	+0.0010945	+0.0010945	+0.0010945	+0.0010945	+0.0010945	+0.0010945	+0.0010945	+0.0010945
2013-01	0.069	-0.0100000	-0.0100000	-0.0100000	-0.0100000	-0.0100000	-0.0100000	-0.0100000	-0.0100000	-0.0100000	-0.0100000	-0.0100000	-0.0100000	-0.0100000	-0.0100000	-0.0100000	-0.0100000	-0.0100000	-0.0100000	-0.0100000	-0.0100000	-0.0100000
2013-02	0.001	-0.0100000	-0.0100000	-0.0100000	-0.0100000	-0.0100000	-0.0100000	-0.0100000	-0.0100000	-0.0100000	-0.0100000	-0.0100000	-0.0100000	-0.0100000	-0.0100000	-0.0100000	-0.0100000	-0.0100000	-0.0100000	-0.0100000	-0.0100000	-0.0100000
2013-03	0.021	-0.0100000	-0.0100000	-0.0100000	-0.0100000	-0.0100000	-0.0100000	-0.0100000	-0.0100000	-0.0100000	-0.0100000	-0.0100000	-0.0100000	-0.0100000	-0.0100000	-0.0100000	-0.0100000	-0.0100000	-0.0100000	-0.0100000	-0.0100000	-0.0100000
2013-04	0.050	-0.0100000	-0.0100000	-0.0100000	-0.0100000	-0.0100000	-0.0100000	-0.0100000	-0.0100000	-0.0100000	-0.0100000	-0.0100000	-0.0100000	-0.0100000	-0.0100000	-0.0100000	-0.0100000	-0.0100000	-0.0100000	-0.0100000	-0.0100000	-0.0100000
2013-05	-0.002	+0.0000001	+0.0000001	+0.0000001	+0.0000001	+0.0000001	+0.0000001	+0.0000001	+0.0000001	+0.0000001	+0.0000001	+0.0000001	+0.0000001	+0.0000001	+0.0000001	+0.0000001	+0.0000001	+0.0000001	+0.0000001	+0.0000001	+0.0000001	+0.0000001
2013-06	-0.068	+0.0001281	+0.0001281	+0.0001281	+0.0001281	+0.0001281	+0.0001281	+0.0001281	+0.0001281	+0.0001281	+0.0001281	+0.0012099	+0.0012099	+0.0012099	+0.0012099	+0.0012099	+0.0012099	+0.0012099	+0.0012099	+0.0012099	+0.0012099	+0.0012099
2013-07	0.009	+0.0000001	+0.0000001	+0.0000001	+0.0000001	+0.0000001	+0.0000001	+0.0000001	+0.0000001	+0.0000001	+0.0000001	+0.0000001	+0.0000001	+0.0000001	+0.0000001	+0.0000001	+0.0000001	+0.0000001	+0.0000001	+0.0000001	+0.0000001	+0.0000001
2013-08	-0.020	-0.0013373	-0.0013373	-0.0013373	-0.0013373	-0.0013373	-0.0013373	-0.0013373	-0.0013373	-0.0013373	-0.0013373	-0.0013373	+0.0003903	+0.0003903	+0.0003903	+0.0003903	+0.0003903	+0.0003903	+0.0003903	+0.0003903	+0.0003903	+0.0003903
2013-09	0.035	-0.0007803	-0.0007803	-0.0007803	-0.0007803	-0.0007803	-0.0007803	-0.0007803	-0.0007803	-0.0007726	-0.0007726	-0.0006398	-0.0006398	-0.0006398	+0.0000902	+0.0000902	+0.0000902	+0.0000902	+0.0000902	+0.0000902	+0.0000902	+0.0000902
2013-10	0.029	+0.0000001	+0.0000001	+0.0000001	+0.0000001	+0.0000001	+0.0000001	+0.0000001	+0.0000001	+0.0000001	+0.0000001	+0.0000001	+0.0000001	+0.0000001	+0.0000001	+0.0000001	+0.0000001	+0.0000001	+0.0000001	+0.0000001	+0.0000001	+0.0000001
2013-11	0.014	+0.0000001	+0.0000001	+0.0000001	+0.0000001	+0.0000001	+0.0000001	+0.0000001	+0.0000001	+0.0000001	+0.0000001	+0.0000001	+0.0000001	+0.0000001	+0.0000001	+0.0000001	+0.0000001	+0.0000001	+0.0000001	+0.0000001	+0.0000001	+0.0000001
2013-12	0.030	-0.0000865	-0.0000865	-0.0000865	-0.0000865	-0.0000865	-0.0000865	-0.0000865	-0.0000865	-0.0000865	-0.0000865	+0.0010900	+0.0010900	+0.0010900	+0.0010900	+0.0010900	+0.0010900	+0.0010900	+0.0010900	+0.0010900	+0.0010900	+0.0010900
2014-01	-0.029	-0.0100000	-0.0100000	-0.0100000	-0.0100000	-0.0100000	-0.0100000	-0.0100000	-0.0100000	-0.0100000	-0.0100000	-0.0100000	-0.0100000	-0.0100000	-0.0100000	-0.0100000	-0.0100000	-0.0100000	-0.0100000	-0.0100000	-0.0100000	-0.0100000
2014-02	0.008	-0.0100000	-0.0100000	-0.0100000	-0.0100000	-0.0100000	-0.0100000	-0.0100000	-0.0100000	-0.0100000	-0.0100000	-0.0100000	-0.0100000	-0.0100000	-0.0100000	-0.0100000	-0.0100000	-0.0100000	-0.0100000	-0.0100000	-0.0100000	-0.0100000
2014-03	0.023	-0.0100000	-0.0100000	-0.0100000	-0.0100000	-0.0100000	-0.0100000	-0.0100000	-0.0100000	-0.0100000	-0.0100000	-0.0100000	-0.0100000	-0.0100000	-0.0100000	-0.0100000	-0.0100000	-0.0100000	-0.0100000	-0.0100000	-0.0100000	-0.0100000
2014-04	0.006	-0.0100000	-0.0100000	-0.0100000	-0.0100000	-0.0100000	-0.0100000	-0.0100000	-0.0100000	-0.0100000	-0.0100000	-0.0100000	-0.0100000	-0.0100000	-0.0100000	-0.0100000	-0.0100000	-0.0100000	-0.0100000	-0.0100000	-0.0100000	-0.0100000
2014-05	0.014	+0.0000001	+0.0000001	+0.0000001	+0.0000001	+0.0000001	+0.0000001	+0.0000001	+0.0000001	+0.0000001	+0.0000001	+0.0000001	+0.0000001	+0.0000001	+0.0000001	+0.0000001	+0.0000001	+0.0000001	+0.0000001	+0.0000001	+0.0000001	+0.0000001
2014-06	0.012	+0.0000001	+0.0000001	+0.0000001	+0.0000001	+0.0000001	+0.0000001	+0.0000001	+0.0000001	+0.0000001	+0.0000001	+0.0000001	+0.0000001	+0.0000001	+0.0000001	+0.0000001	+0.0000001	+0.0000001	+0.0000001	+0.0000001	+0.0000001	+0.0000001
2014-07	-0.007	+0.0000001	+0.0000001	+0.0000001	+0.0000001	+0.0000001	+0.0000001	+0.0000001	+0.0000001	+0.0000001	+0.0000001	+0.0000001	+0.0000001	+0.0000001	+0.0000001	+0.0000001	+0.0000001	+0.0000001	+0.0000001	+0.0000001	+0.0000001	+0.0000001
2014-08	0.008	-0.0000244	-0.0000244	-0.0000244	-0.0000244	-0.0000244	-0.0000244	-0.0000244	-0.0000244	-0.0000244	+0.0000894	+0.0000894	+0.0000894	+0.0001259	+0.0001259	+0.0001259	+0.0001259	+0.0001259	+0.0001259	+0.0001259	+0.0001259	+0.0001259
2014-09	-0.010	-0.0000744	-0.0000744	-0.0000744	-0.0000744	-0.0000744	-0.0000744	-0.0000744	-0.0000744	-0.0000744	+0.0000711	+0.0000711	+0.0000711	+0.0001610	+0.0001610	+0.0001610	+0.0001610	+0.0001610	+0.0001610	+0.0001610	+0.0001610	+0.0001610
2014-10	0.003	+0.0000001	+0.0000001	+0.0000001	+0.0000001	+0.0000001	+0.0000001	+0.0000001	+0.0000001	+0.0000001	+0.0000001	+0.0000001	+0.0000001	+0.0000001	+0.0000001	+0.0000001	+0.0000001	+0.0000001	+0.0000001	+0.0000001	+0.0000001	+0.0000001
2014-11	0.024	-0.0002202	-0.0002202	-0.0002202	-0.0002202	-0.0002202	-0.0002202	-0.0002202	-0.0002202	-0.0002202	-0.0002202	-0.0002202	+0.0000018	+0.0000018	+0.0000018	+0.0000018	+0.0000018	+0.0000018	+0.0000018	+0.0000018	+0.0000018	+0.0000018
2014-12	-0.043	-0.0100000	-0.0100000	-0.0100000	-0.0100000	-0.0100000	-0.0100000	-0.0100000	-0.0100000	-0.0100000	-0.0100000	-0.0100000	-0.0100000	-0.0100000	-0.0100000	-0.0100000	-0.0100000	-0.0100000	-0.0100000	-0.0100000	-0.0100000	-0.0100000
2015-01	-0.022	-0.0100000	-0.0100000	-0.0100000	-0.0100000	-0.0100000	-0.0100000	-0.0100000	-0.0100000	-0.0100000	-0.0100000	-0.0100000	-0.0100000	-0.0100000	-0.0100000	-0.0100000	-0.0100000	-0.0100000	-0.0100000	-0.0100000	-0.0100000	-0.0100000
2015-02	-0.000	-0.0100000	-0.0100000	-0.0100000	-0.0100000	-0.0100000	-0.0100000	-0.0100000	-0.0100000	-0.0100000	-0.0100000	-0.0100000	-0.0100000	-0.0100000	-0.0100000	-0.0100000	-0.0100000	-0.0100000	-0.0100000	-0.0100000	-0.0100000	-0.0100000
