2011-03	0.036	-0.0100000	-0.0100000	-0.0100000	-0.0100000	-0.0100000	-0.0100000	-0.0100000	-0.0100000	-0.0100000	-0.0100000	-0.0100000	-0.0100000	-0.0100000	-0.0100000	-0.0100000	-0.0100000	-0.0100000	-0.0100000	-0.0100000	-0.0100000	-0.0100000
2011-04	0.036	+0.0000001	+0.0000001	+0.0000001	+0.0000001	+0.0000001	+0.0000001	+0.0000001	+0.0000001	+0.0000001	+0.0000001	+0.0000001	+0.0000001	+0.0000001	+0.0000001	+0.0000001	+0.0000001	+0.0000001	+0.0000001	+0.0000001	+0.0000001	+0.0000001
2011-05	-0.026	+0.0001052	+0.0001052	+0.0001052	+0.0001052	+0.0001052	+0.0001052	+0.0001052	+0.0001052	+0.0001052	+0.0001052	+0.0015881	+0.0015881	+0.0015881	+0.0015881	+0.0015881	+0.0015881	+0.0015881	+0.0015881	+0.0015881	+0.0015881	+0.0015881
2011-06	-0.000	-0.0100000	-0.0100000	-0.0100000	-0.0100000	-0.0100000	-0.0100000	-0.0100000	-0.0100000	-0.0100000	-0.0100000	-0.0100000	-0.0100000	-0.0100000	-0.0100000	-0.0100000	-0.0100000	-0.0100000	-0.0100000	-0.0100000	-0.0100000	-0.0100000
2011-07	-0.027	+0.0000001	+0.0000001	+0.0000001	+0.0000001	+0.0000001	+0.0000001	+0.0000001	+0.0000001	+0.0000001	+0.0000001	+0.0000001	+0.0000001	+0.0000001	+0.0000001	+0.0000001	+0.0000001	+0.0000001	+0.0000001	+0.0000001	+0.0000001	+0.0000001
2011-08	0.025	-0.0008459	-0.0008459	-0.0008459	-0.0008459	-0.0008459	-0.0008459	-0.0008459	-0.0008459	-0.0008459	-0.0008459	-0.0008459	+0.0001865	+0.0001865	+0.0001865	+0.0001865	+0.0001865	+0.0001865	+0.0001865	+0.0001865	+0.0001865	+0.0001865
2011-09	-0.050	-0.0001679	-0.0001679	-0.0001679	-0.0001679	-0.0001679	-0.0001679	-0.0001679	-0.0001679	-0.0001679	-0.0001230	-0.0001230	-0.0001230	+0.0000449	+0.0000449	+0.0000449	+0.0000449	+0.0000449	+0.0000449	+0.0000449	+0.0000449	+0.0000449
2011-10	0.032	-0.0010594	-0.0010594	-0.0010594	-0.0010594	-0.0010594	-0.0010594	-0.0010594	-0.0010594	-0.0010594	-0.0006916	-0.0006916	-0.0006916	+0.0003560	+0.0003560	+0.0003560	+0.0003560	+0.0003560	+0.0003560	+0.0003560	+0.0003560	+0.0003560
2011-11	-0.066	-0.0100000	-0.0100000	-0.0100000	-0.0100000	-0.0100000	-0.0100000	-0.0100000	-0.0100000	-0.0100000	-0.0100000	-0.0100000	-0.0100000	-0.0100000	-0.0100000	-0.0100000	-0.0100000	-0.0100000	-0.0100000	-0.0100000	-0.0100000	-0.0100000
2011-12	0.002	-0.0100000	-0.0100000	-0.0100000	-0.0100000	-0.0100000	-0.0100000	-0.0100000	-0.0100000	-0.0100000	-0.0100000	-0.0100000	-0.0100000	-0.0100000	-0.0100000	-0.0100000	-0.0100000	-0.0100000	-0.0100000	-0.0100000	-0.0100000	-0.0100000
2012-01	-0.002	+0.0000001	+0.0000001	+0.0000001	+0.0000001	+0.0000001	+0.0000001	+0.0000001	+0.0000001	+0.0000001	+0.0000001	+0.0000001	+0.0000001	+0.0000001	+0.0000001	+0.0000001	+0.0000001	+0.0000001	+0.0000001	+0.0000001	+0.0000001	+0.0000001
2012-02	0.073	-0.0100000	-0.0100000	-0.0100000	-0.0100000	-0.0100000	-0.0100000	-0.0100000	-0.0100000	-0.0100000	-0.0100000	-0.0100000	-0.0100000	-0.0100000	-0.0100000	-0.0100000	-0.0100000	-0.0100000	-0.0100000	-0.0100000	-0.0100000	-0.0100000
2012-03	0.007	-0.0100000	-0.0100000	-0.0100000	-0.0100000	-0.0100000	-0.0100000	-0.0100000	-0.0100000	-0.0100000	-0.0100000	-0.0100000	-0.0100000	-0.0100000	-0.0100000	-0.0100000	-0.0100000	-0.0100000	-0.0100000	-0.0100000	-0.0100000	-0.0100000
2012-04	-0.015	-0.0001558	-0.0001558	-0.0001558	-0.0001558	-0.0001558	-0.0001558	-0.0001558	-0.0001558	-0.0001558	-0.0001558	+0.0022042	+0.0022042	+0.0022042	+0.0022042	+0.0022042	+0.0022042	+0.0022042	+0.0022042	+0.0022042	+0.0022042	+0.0022042
2012-05	-0.054	+0.0000001	+0.0000001	+0.0000001	+0.0000001	+0.0000001	+0.0000001	+0.0000001	+0.0000001	+0.0000001	+0.0000001	+0.0000001	+0.0000001	+0.0000001	+0.0000001	+0.0000001	+0.0000001	+0.0000001	+0.0000001	+0.0000001	+0.0000001	+0.0000001
2012-06	-0.008	+0.0000001	+0.0000001	+0.0000001	+0.0000001	+0.0000001	+0.0000001	+0.0000001	+0.0000001	+0.0000001	+0.0000001	+0.0000001	+0.0000001	+0.0000001	+0.0000001	+0.0000001	+0.0000001	+0.0000001	+0.0000001	+0.0000001	+0.0000001	+0.0000001
2012-07	-0.011	-0.0012731	-0.0012731	-0.0012731	-0.0012731	-0.0012731	-0.0012731	-0.0012731	-0.0012731	-0.0012731	-0.0012731	-0.0012731	-0.0000694	-0.0000694	-0.0000694	-0.0000694	-0.0000694	-0.0000694	-0.0000694	-0.0000694	-0.0000694	-0.0000694
2012-08	0.025	-0.0004726	-0.0004726	-0.0004726	-0.0004726	-0.0004726	-0.0004726	-0.0004726	-0.0004726	-0.0004726	-0.0004726	-0.0004726	-0.0000322	-0.0000322	-0.0000322	-0.0000322	-0.0000322	-0.0000322	-0.0000322	-0.0000322	-0.0000322	-0.0000322
2012-09	0.011	-0.0000280	-0.0000280	-0.0000280	-0.0000280	-0.0000280	-0.0000280	-0.0000280	-0.0000280	-0.0000119	-0.0000119	-0.0000119	+0.0000161	+0.0000161	+0.0000202	+0.0000202	+0.0000202	+0.0000202	+0.0000202	+0.0000202	+0.0000202	+0.0000202
2012-10	0.025	+0.0000738	+0.0000738	+0.0000738	+0.0000738	+0.0000738	+0.0000738	+0.0000738	+0.0000738	+0.0000738	+0.0000738	+0.0007493	+0.0007493	+0.0007493	+0.0007493	+0.0007493	+0.0007493	+0.0007493	+0.0007493	+0.0007493	+0.0007493	+0.0007493
2012-11	0.032	+0.0000001	+0.0000001	+0.0000001	+0.0000001	+0.0000001	+0.0000001	+0.0000001	+0.0000001	+0.0000001	+0.0000001	+0.0000001	+0.0000001	+0.0000001	+0.0000001	+0.0000001	+0.0000001	+0.0000001	+0.0000001	+0.0000001	+0.0000001	+0.0000001
2012-12	0.068	-0.0002018	-0.0002018	-0.0002018	-0.0002018	-0.0002018	-0.0002018	-0.0002018	-0.0002018	-0.0002018	+0.0013362	+0.0013362	+0.0013362	+0.0013957	+0.0013957	+0.0013957	+0.0013957	+0.0013957	+0.0013957	+0.0013957	+0.0013957	+0.0013957
2013-01	0.045	-0.0100000	-0.0100000	-0.0100000	-0.0100000	-0.0100000	-0.0100000	-0.0100000	-0.0100000	-0.0100000	-0.0100000	-0.0100000	-0.0100000	-0.0100000	-0.0100000	-0.0100000	-0.0100000	-0.0100000	-0.0100000	-0.0100000	-0.0100000	-0.0100000
2013-02	-0.003	-0.0100000	-0.0100000	-0.0100000	-0.0100000	-0.0100000	-0.0100000	-0.0100000	-0.0100000	-0.0100000	-0.0100000	-0.0100000	-0.0100000	-0.0100000	-0.0100000	-0.0100000	-0.0100000	-0.0100000	-0.0100000	-0.0100000	-0.0100000	-0.0100000
2013-03	0.000	-0.0100000	-0.0100000	-0.0100000	-0.0100000	-0.0100000	-0.0100000	-0.0100000	-0.0100000	-0.0100000	-0.0100000	-0.0100000	-0.0100000	-0.0100000	-0.0100000	-0.0100000	-0.0100000	-0.0100000	-0.0100000	-0.0100000	-0.0100000	-0.0100000
2013-04	0.058	-0.0100000	-0.0100000	-0.0100000	-0.0100000	-0.0100000	-0.0100000	-0.0100000	-0.0100000	-0.0100000	-0.0100000	-0.0100000	-0.0100000	-0.0100000	-0.0100000	-0.0100000	-0.0100000	-0.0100000	-0.0100000	-0.0100000	-0.0100000	-0.0100000
2013-05	0.011	+0.0000001	+0.0000001	+0.0000001	+0.0000001	+0.0000001	+0.0000001	+0.0000001	+0.0000001	+0.0000001	+0.0000001	+0.0000001	+0.0000001	+0.0000001	+0.0000001	+0.0000001	+0.0000001	+0.0000001	+0.0000001	+0.0000001	+0.0000001	+0.0000001
2013-06	-0.034	+0.0001451	+0.0001451	+0.0001451	+0.0001451	+0.0001451	+0.0001451	+0.0001451	+0.0001451	+0.0001451	+0.0001451	+0.0017155	+0.0017155	+0.0017155	+0.0017155	+0.0017155	+0.0017155	+0.0017155	+0.0017155	+0.0017155	+0.0017155	+0.0017155
2013-07	0.012	+0.0000001	+0.0000001	+0.0000001	+0.0000001	+0.0000001	+0.0000001	+0.0000001	+0.0000001	+0.0000001	+0.0000001	+0.0000001	+0.0000001	+0.0000001	+0.0000001	+0.0000001	+0.0000001	+0.0000001	+0.0000001	+0.0000001	+0.0000001	+0.0000001
2013-08	-0.009	-0.0003250	-0.0003250	-0.0003250	-0.0003250	-0.0003250	-0.0003250	-0.0003250	-0.0003250	-0.0003250	-0.0003250	-0.0003250	+0.0001334	+0.0001334	+0.0001334	+0.0001334	+0.0001334	+0.0001334	+0.0001334	+0.0001334	+0.0001334	+0.0001334
2013-09	0.015	-0.0003024	-0.0003024	-0.0003024	-0.0003024	-0.0003024	-0.0003024	-0.0003024	-0.0003024	-0.0001642	-0.0001642	-0.0001639	-0.0001639	-0.0001639	-0.0001001	-0.0001001	-0.0001001	-0.0001001	-0.0001001	-0.0001001	-0.0001001	-0.0001001
2013-10	0.025	+0.0000001	+0.0000001	+0.0000001	+0.0000001	+0.0000001	+0.0000001	+0.0000001	+0.0000001	+0.0000001	+0.0000001	+0.0000001	+0.0000001	+0.0000001	+0.0000001	+0.0000001	+0.0000001	+0.0000001	+0.0000001	+0.0000001	+0.0000001	+0.0000001
2013-11	0.026	+0.0000001	+0.0000001	+0.0000001	+0.0000001	+0.0000001	+0.0000001	+0.0000001	+0.0000001	+0.0000001	+0.0000001	+0.0000001	+0.0000001	+0.0000001	+0.0000001	+0.0000001	+0.0000001	+0.0000001	+0.0000001	+0.0000001	+0.0000001	+0.0000001
2013-12	0.023	+0.0001047	+0.0001047	+0.0001047	+0.0001047	+0.0001047	+0.0001047	+0.0001047	+0.0001047	+0.0001047	+0.0001047	+0.0010596	+0.0010596	+0.0010596	+0.0010596	+0.0010596	+0.0010596	+0.0010596	+0.0010596	+0.0010596	+0.0010596	+0.0010596
2014-01	-0.018	-0.0100000	-0.0100000	-0.0100000	-0.0100000	-0.0100000	-0.0100000	-0.0100000	-0.0100000	-0.0100000	-0.0100000	-0.0100000	-0.0100000	-0.0100000	-0.0100000	-0.0100000	-0.0100000	-0.0100000	-0.0100000	-0.0100000	-0.0100000	-0.0100000
2014-02	0.008	-0.0100000	-0.0100000	-0.0100000	-0.0100000	-0.0100000	-0.0100000	-0.0100000	-0.0100000	-0.0100000	-0.0100000	-0.0100000	-0.0100000	-0.0100000	-0.0100000	-0.0100000	-0.0100000	-0.0100000	-0.0100000	-0.0100000	-0.0100000	-0.0100000
2014-03	0.012	-0.0100000	-0.0100000	-0.0100000	-0.0100000	-0.0100000	-0.0100000	-0.0100000	-0.0100000	-0.0100000	-0.0100000	-0.0100000	-0.0100000	-0.0100000	-0.0100000	-0.0100000	-0.0100000	-0.0100000	-0.0100000	-0.0100000	-0.0100000	-0.0100000
2014-04	0.002	-0.0100000	-0.0100000	-0.0100000	-0.0100000	-0.0100000	-0.0100000	-0.0100000	-0.0100000	-0.0100000	-0.0100000	-0.0100000	-0.0100000	-0.0100000	-0.0100000	-0.0100000	-0.0100000	-0.0100000	-0.0100000	-0.0100000	-0.0100000	-0.0100000
2014-05	-0.008	+0.0000001	+0.0000001	+0.0000001	+0.0000001	+0.0000001	+0.0000001	+0.0000001	+0.0000001	+0.0000001	+0.0000001	+0.0000001	+0.0000001	+0.0000001	+0.0000001	+0.0000001	+0.0000001	+0.0000001	+0.0000001	+0.0000001	+0.0000001	+0.0000001
2014-06	0.003	+0.0000001	+0.0000001	+0.0000001	+0.0000001	+0.0000001	+0.0000001	+0.0000001	+0.0000001	+0.0000001	+0.0000001	+0.0000001	+0.0000001	+0.0000001	+0.0000001	+0.0000001	+0.0000001	+0.0000001	+0.0000001	+0.0000001	+0.0000001	+0.0000001
2014-07	0.005	+0.0000001	+0.0000001	+0.0000001	+0.0000001	+0.0000001	+0.0000001	+0.0000001	+0.0000001	+0.0000001	+0.0000001	+0.0000001	+0.0000001	+0.0000001	+0.0000001	+0.0000001	+0.0000001	+0.0000001	+0.0000001	+0.0000001	+0.0000001	+0.0000001
2014-08	0.008	-0.0000562	-0.0000562	-0.0000562	-0.0000562	-0.0000562	-0.0000562	-0.0000562	-0.0000562	-0.0000562	+0.0000475	+0.0000475	+0.0000475	+0.0000829	+0.0000829	+0.0000829	+0.0000829	+0.0000829	+0.0000829	+0.0000829	+0.0000829	+0.0000829
2014-09	0.008	-0.0000088	-0.0000088	-0.0000088	-0.0000088	-0.0000088	-0.0000088	-0.0000088	-0.0000088	-0.0000088	+0.0002148	+0.0002148	+0.0002148	+0.0002177	+0.0002177	+0.0002177	+0.0002177	+0.0002177	+0.0002177	+0.0002177	+0.0002177	+0.0002177
2014-10	-0.001	+0.0000001	+0.0000001	+0.0000001	+0.0000001	+0.0000001	+0.0000001	+0.0000001	+0.0000001	+0.0000001	+0.0000001	+0.0000001	+0.0000001	+0.0000001	+0.0000001	+0.0000001	+0.0000001	+0.0000001	+0.0000001	+0.0000001	+0.0000001	+0.0000001
2014-11	0.061	-0.0000614	-0.0000614	-0.0000614	-0.0000614	-0.0000614	-0.0000614	-0.0000614	-0.0000614	-0.0000614	-0.0000614	+0.0002015	+0.0002015	+0.0002015	+0.0002015	+0.0002015	+0.0002015	+0.0002015	+0.0002015	+0.0002015	+0.0002015	+0.0002015
2014-12	0.005	-0.0100000	-0.0100000	-0.0100000	-0.0100000	-0.0100000	-0.0100000	-0.0100000	-0.0100000	-0.0100000	-0.0100000	-0.0100000	-0.0100000	-0.0100000	-0.0100000	-0.0100000	-0.0100000	-0.0100000	-0.0100000	-0.0100000	-0.0100000	-0.0100000
2015-01	-0.057	-0.0100000	-0.0100000	-0.0100000	-0.0100000	-0.0100000	-0.0100000	-0.0100000	-0.0100000	-0.0100000	-0.0100000	-0.0100000	-0.0100000	-0.0100000	-0.0100000	-0.0100000	-0.0100000	-0.0100000	-0.0100000	-0.0100000	-0.0100000	-0.0100000
2015-02	0.009	-0.0100000	-0.0100000	-0.0100000	-0.0100000	-0.0100000	-0.0100000	-0.0100000	-0.0100000	-0.0100000	-0.0100000	-0.0100000	-0.0100000	-0.0100000	-0.0100000	-0.0100000	-0.0100000	-0.0100000	-0.0100000	-0.0100000	-0.0100000	-0.0100000
