2011-03	0.052	-0.0100000	-0.0100000	-0.0100000	-0.0100000	-0.0100000	-0.0100000	-0.0100000	-0.0100000	-0.0100000	-0.0100000	-0.0100000	-0.0100000	-0.0100000	-0.0100000	-0.0100000	-0.0100000	-0.0100000	-0.0100000	-0.0100000	-0.0100000	-0.0100000
2011-04	0.025	+0.0000001	+0.0000001	+0.0000001	+0.0000001	+0.0000001	+0.0000001	+0.0000001	+0.0000001	+0.0000001	+0.0000001	+0.0000001	+0.0000001	+0.0000001	+0.0000001	+0.0000001	+0.0000001	+0.0000001	+0.0000001	+0.0000001	+0.0000001	+0.0000001
2011-05	-0.046	-0.0002717	-0.0002717	-0.0002717	-0.0002717	-0.0002717	-0.0002717	-0.0002717	-0.0002717	-0.0002717	-0.0002717	+0.0015311	+0.0015311	+0.0015311	+0.0015311	+0.0015311	+0.0015311	+0.0015311	+0.0015311	+0.0015311	+0.0015311	+0.0015311
2011-06	-0.003	-0.0100000	-0.0100000	-0.0100000	-0.0100000	-0.0100000	-0.0100000	-0.0100000	-0.0100000	-0.0100000	-0.0100000	-0.0100000	-0.0100000	-0.0100000	-0.0100000	-0.0100000	-0.0100000	-0.0100000	-0.0100000	-0.0100000	-0.0100000	-0.0100000
2011-07	-0.013	+0.0000001	+0.0000001	+0.0000001	+0.0000001	+0.0000001	+0.0000001	+0.0000001	+0.0000001	+0.0000001	+0.0000001	+0.0000001	+0.0000001	+0.0000001	+0.0000001	+0.0000001	+0.0000001	+0.0000001	+0.0000001	+0.0000001	+0.0000001	+0.0000001
2011-08	-0.077	-0.0008639	-0.0008639	-0.0008639	-0.0008639	-0.0008639	-0.0008639	-0.0008639	-0.0008639	-0.0008639	-0.0008639	-0.0008639	-0.0001702	-0.0001702	-0.0001702	-0.0001702	-0.0001702	-0.0001702	-0.0001702	-0.0001702	-0.0001702	-0.0001702
2011-09	-0.140	-0.0027989	-0.0027989	-0.0027989	-0.0027989	-0.0027989	-0.0027989	-0.0027989	-0.0027989	-0.0027989	-0.0026040	-0.0026040	-0.0026040	-0.0007370	-0.0007370	-0.0007370	-0.0007370	-0.0007370	-0.0007370	-0.0007370	-0.0007370	-0.0007370
2011-10	0.080	-0.0051083	-0.0051083	-0.0051083	-0.0051083	-0.0051083	-0.0051083	-0.0051083	-0.0051083	-0.0051083	-0.0050794	-0.0050794	-0.0050794	+0.0005419	+0.0005419	+0.0005419	+0.0005419	+0.0005419	+0.0005419	+0.0005419	+0.0005419	+0.0005419
2011-11	-0.014	-0.0100000	-0.0100000	-0.0100000	-0.0100000	-0.0100000	-0.0100000	-0.0100000	-0.0100000	-0.0100000	-0.0100000	-0.0100000	-0.0100000	-0.0100000	-0.0100000	-0.0100000	-0.0100000	-0.0100000	-0.0100000	-0.0100000	-0.0100000	-0.0100000
2011-12	-0.075	-0.0100000	-0.0100000	-0.0100000	-0.0100000	-0.0100000	-0.0100000	-0.0100000	-0.0100000	-0.0100000	-0.0100000	-0.0100000	-0.0100000	-0.0100000	-0.0100000	-0.0100000	-0.0100000	-0.0100000	-0.0100000	-0.0100000	-0.0100000	-0.0100000
2012-01	0.023	+0.0000001	+0.0000001	+0.0000001	+0.0000001	+0.0000001	+0.0000001	+0.0000001	+0.0000001	+0.0000001	+0.0000001	+0.0000001	+0.0000001	+0.0000001	+0.0000001	+0.0000001	+0.0000001	+0.0000001	+0.0000001	+0.0000001	+0.0000001	+0.0000001
2012-02	0.126	-0.0100000	-0.0100000	-0.0100000	-0.0100000	-0.0100000	-0.0100000	-0.0100000	-0.0100000	-0.0100000	-0.0100000	-0.0100000	-0.0100000	-0.0100000	-0.0100000	-0.0100000	-0.0100000	-0.0100000	-0.0100000	-0.0100000	-0.0100000	-0.0100000
2012-03	-0.035	-0.0100000	-0.0100000	-0.0100000	-0.0100000	-0.0100000	-0.0100000	-0.0100000	-0.0100000	-0.0100000	-0.0100000	-0.0100000	-0.0100000	-0.0100000	-0.0100000	-0.0100000	-0.0100000	-0.0100000	-0.0100000	-0.0100000	-0.0100000	-0.0100000
2012-04	0.029	+0.0000986	+0.0000986	+0.0000986	+0.0000986	+0.0000986	+0.0000986	+0.0000986	+0.0000986	+0.0000986	+0.0000986	+0.0022952	+0.0022952	+0.0022952	+0.0022952	+0.0022952	+0.0022952	+0.0022952	+0.0022952	+0.0022952	+0.0022952	+0.0022952
2012-05	-0.039	+0.0000001	+0.0000001	+0.0000001	+0.0000001	+0.0000001	+0.0000001	+0.0000001	+0.0000001	+0.0000001	+0.0000001	+0.0000001	+0.0000001	+0.0000001	+0.0000001	+0.0000001	+0.0000001	+0.0000001	+0.0000001	+0.0000001	+0.0000001	+0.0000001
2012-06	-0.033	+0.0000001	+0.0000001	+0.0000001	+0.0000001	+0.0000001	+0.0000001	+0.0000001	+0.0000001	+0.0000001	+0.0000001	+0.0000001	+0.0000001	+0.0000001	+0.0000001	+0.0000001	+0.0000001	+0.0000001	+0.0000001	+0.0000001	+0.0000001	+0.0000001
2012-07	-0.029	-0.0016450	-0.0016450	-0.0016450	-0.0016450	-0.0016450	-0.0016450	-0.0016450	-0.0016450	-0.0016450	-0.0016450	-0.0016450	+0.0000001	+0.0000001	+0.0000001	+0.0000001	+0.0000001	+0.0000001	+0.0000001	+0.0000001	+0.0000001	+0.0000001
2012-08	-0.024	-0.0012470	-0.0012470	-0.0012470	-0.0012470	-0.0012470	-0.0012470	-0.0012470	-0.0012470	-0.0012470	-0.0012470	-0.0012470	+0.0002478	+0.0002478	+0.0002478	+0.0002478	+0.0002478	+0.0002478	+0.0002478	+0.0002478	+0.0002478	+0.0002478
2012-09	0.039	-0.0018839	-0.0018839	-0.0018839	-0.0018839	-0.0018839	-0.0018839	-0.0018839	-0.0018839	-0.0014511	-0.0014511	-0.0012381	-0.0012381	-0.0012381	-0.0006046	-0.0006046	-0.0006046	-0.0006046	-0.0006046	-0.0006046	-0.0006046	-0.0006046
2012-10	0.045	-0.0002020	-0.0002020	-0.0002020	-0.0002020	-0.0002020	-0.0002020	-0.0002020	-0.0002020	-0.0002020	-0.0002020	+0.0004092	+0.0004092	+0.0004092	+0.0004092	+0.0004092	+0.0004092	+0.0004092	+0.0004092	+0.0004092	+0.0004092	+0.0004092
2012-11	0.021	+0.0000001	+0.0000001	+0.0000001	+0.0000001	+0.0000001	+0.0000001	+0.0000001	+0.0000001	+0.0000001	+0.0000001	+0.0000001	+0.0000001	+0.0000001	+0.0000001	+0.0000001	+0.0000001	+0.0000001	+0.0000001	+0.0000001	+0.0000001	+0.0000001
2012-12	0.105	+0.0000001	+0.0000001	+0.0000001	+0.0000001	+0.0000001	+0.0000001	+0.0000001	+0.0000001	+0.0000001	+0.0013745	+0.0013745	+0.0013745	+0.0014020	+0.0014020	+0.0014020	+0.0014020	+0.0014020	+0.0014020	+0.0014020	+0.0014020	+0.0014020
2013-01	0.135	-0.0100000	-0.0100000	-0.0100000	-0.0100000	-0.0100000	-0.0100000	-0.0100000	-0.0100000	-0.0100000	-0.0100000	-0.0100000	-0.0100000	-0.0100000	-0.0100000	-0.0100000	-0.0100000	-0.0100000	-0.0100000	-0.0100000	-0.0100000	-0.0100000
2013-02	-0.020	-0.0100000	-0.0100000	-0.0100000	-0.0100000	-0.0100000	-0.0100000	-0.0100000	-0.0100000	-0.0100000	-0.0100000	-0.0100000	-0.0100000	-0.0100000	-0.0100000	-0.0100000	-0.0100000	-0.0100000	-0.0100000	-0.0100000	-0.0100000	-0.0100000
2013-03	0.028	-0.0100000	-0.0100000	-0.0100000	-0.0100000	-0.0100000	-0.0100000	-0.0100000	-0.0100000	-0.0100000	-0.0100000	-0.0100000	-0.0100000	-0.0100000	-0.0100000	-0.0100000	-0.0100000	-0.0100000	-0.0100000	-0.0100000	-0.0100000	-0.0100000
2013-04	0.035	-0.0100000	-0.0100000	-0.0100000	-0.0100000	-0.0100000	-0.0100000	-0.0100000	-0.0100000	-0.0100000	-0.0100000	-0.0100000	-0.0100000	-0.0100000	-0.0100000	-0.0100000	-0.0100000	-0.0100000	-0.0100000	-0.0100000	-0.0100000	-0.0100000
2013-05	0.069	+0.0000001	+0.0000001	+0.0000001	+0.0000001	+0.0000001	+0.0000001	+0.0000001	+0.0000001	+0.0000001	+0.0000001	+0.0000001	+0.0000001	+0.0000001	+0.0000001	+0.0000001	+0.0000001	+0.0000001	+0.0000001	+0.0000001	+0.0000001	+0.0000001
2013-06	-0.164	+0.0000025	+0.0000025	+0.0000025	+0.0000025	+0.0000025	+0.0000025	+0.0000025	+0.0000025	+0.0000025	+0.0000025	+0.0025985	+0.0025985	+0.0025985	+0.0025985	+0.0025985	+0.0025985	+0.0025985	+0.0025985	+0.0025985	+0.0025985	+0.0025985
2013-07	0.014	+0.0000001	+0.0000001	+0.0000001	+0.0000001	+0.0000001	+0.0000001	+0.0000001	+0.0000001	+0.0000001	+0.0000001	+0.0000001	+0.0000001	+0.0000001	+0.0000001	+0.0000001	+0.0000001	+0.0000001	+0.0000001	+0.0000001	+0.0000001	+0.0000001
2013-08	0.052	-0.0036600	-0.0036600	-0.0036600	-0.0036600	-0.0036600	-0.0036600	-0.0036600	-0.0036600	-0.0036600	-0.0036600	-0.0036600	+0.0001453	+0.0001453	+0.0001453	+0.0001453	+0.0001453	+0.0001453	+0.0001453	+0.0001453	+0.0001453	+0.0001453
2013-09	0.036	-0.0001911	-0.0001911	-0.0001911	-0.0001911	-0.0001911	-0.0001911	-0.0001911	-0.0001911	+0.0004360	+0.0004360	+0.0004360	+0.0006246	+0.0006246	+0.0012759	+0.0012759	+0.0012759	+0.0012759	+0.0012759	+0.0012759	+0.0012759	+0.0012759
2013-10	0.026	+0.0000001	+0.0000001	+0.0000001	+0.0000001	+0.0000001	+0.0000001	+0.0000001	+0.0000001	+0.0000001	+0.0000001	+0.0000001	+0.0000001	+0.0000001	+0.0000001	+0.0000001	+0.0000001	+0.0000001	+0.0000001	+0.0000001	+0.0000001	+0.0000001
2013-11	0.042	+0.0000001	+0.0000001	+0.0000001	+0.0000001	+0.0000001	+0.0000001	+0.0000001	+0.0000001	+0.0000001	+0.0000001	+0.0000001	+0.0000001	+0.0000001	+0.0000001	+0.0000001	+0.0000001	+0.0000001	+0.0000001	+0.0000001	+0.0000001	+0.0000001
2013-12	-0.005	+0.0000001	+0.0000001	+0.0000001	+0.0000001	+0.0000001	+0.0000001	+0.0000001	+0.0000001	+0.0000001	+0.0000001	+0.0019641	+0.0019641	+0.0019641	+0.0019641	+0.0019641	+0.0019641	+0.0019641	+0.0019641	+0.0019641	+0.0019641	+0.0019641
2014-01	-0.053	-0.0100000	-0.0100000	-0.0100000	-0.0100000	-0.0100000	-0.0100000	-0.0100000	-0.0100000	-0.0100000	-0.0100000	-0.0100000	-0.0100000	-0.0100000	-0.0100000	-0.0100000	-0.0100000	-0.0100000	-0.0100000	-0.0100000	-0.0100000	-0.0100000
2014-02	-0.012	-0.0100000	-0.0100000	-0.0100000	-0.0100000	-0.0100000	-0.0100000	-0.0100000	-0.0100000	-0.0100000	-0.0100000	-0.0100000	-0.0100000	-0.0100000	-0.0100000	-0.0100000	-0.0100000	-0.0100000	-0.0100000	-0.0100000	-0.0100000	-0.0100000
2014-03	-0.022	-0.0100000	-0.0100000	-0.0100000	-0.0100000	-0.0100000	-0.0100000	-0.0100000	-0.0100000	-0.0100000	-0.0100000	-0.0100000	-0.0100000	-0.0100000	-0.0100000	-0.0100000	-0.0100000	-0.0100000	-0.0100000	-0.0100000	-0.0100000	-0.0100000
2014-04	-0.013	-0.0100000	-0.0100000	-0.0100000	-0.0100000	-0.0100000	-0.0100000	-0.0100000	-0.0100000	-0.0100000	-0.0100000	-0.0100000	-0.0100000	-0.0100000	-0.0100000	-0.0100000	-0.0100000	-0.0100000	-0.0100000	-0.0100000	-0.0100000	-0.0100000
2014-05	0.006	+0.0000001	+0.0000001	+0.0000001	+0.0000001	+0.0000001	+0.0000001	+0.0000001	+0.0000001	+0.0000001	+0.0000001	+0.0000001	+0.0000001	+0.0000001	+0.0000001	+0.0000001	+0.0000001	+0.0000001	+0.0000001	+0.0000001	+0.0000001	+0.0000001
2014-06	-0.008	+0.0000001	+0.0000001	+0.0000001	+0.0000001	+0.0000001	+0.0000001	+0.0000001	+0.0000001	+0.0000001	+0.0000001	+0.0000001	+0.0000001	+0.0000001	+0.0000001	+0.0000001	+0.0000001	+0.0000001	+0.0000001	+0.0000001	+0.0000001	+0.0000001
2014-07	0.078	+0.0000001	+0.0000001	+0.0000001	+0.0000001	+0.0000001	+0.0000001	+0.0000001	+0.0000001	+0.0000001	+0.0000001	+0.0000001	+0.0000001	+0.0000001	+0.0000001	+0.0000001	+0.0000001	+0.0000001	+0.0000001	+0.0000001	+0.0000001	+0.0000001
2014-08	0.036	-0.0000568	-0.0000568	-0.0000568	-0.0000568	-0.0000568	-0.0000568	-0.0000568	-0.0000568	-0.0000568	+0.0018621	+0.0018621	+0.0018621	+0.0019018	+0.0019018	+0.0019018	+0.0019018	+0.0019018	+0.0019018	+0.0019018	+0.0019018	+0.0019018
2014-09	0.047	-0.0002806	-0.0002806	-0.0002806	-0.0002806	-0.0002806	-0.0002806	-0.0002806	-0.0002806	-0.0002806	+0.0027635	+0.0027635	+0.0027635	+0.0029391	+0.0029391	+0.0029391	+0.0029391	+0.0029391	+0.0029391	+0.0029391	+0.0029391	+0.0029391
2014-10	-0.001	+0.0000001	+0.0000001	+0.0000001	+0.0000001	+0.0000001	+0.0000001	+0.0000001	+0.0000001	+0.0000001	+0.0000001	+0.0000001	+0.0000001	+0.0000001	+0.0000001	+0.0000001	+0.0000001	+0.0000001	+0.0000001	+0.0000001	+0.0000001	+0.0000001
2014-11	0.105	-0.0001180	-0.0001180	-0.0001180	-0.0001180	-0.0001180	-0.0001180	-0.0001180	-0.0001180	-0.0001180	-0.0001180	+0.0010290	+0.0010290	+0.0010290	+0.0010290	+0.0010290	+0.0010290	+0.0010290	+0.0010290	+0.0010290	+0.0010290	+0.0010290
2014-12	0.153	-0.0100000	-0.0100000	-0.0100000	-0.0100000	-0.0100000	-0.0100000	-0.0100000	-0.0100000	-0.0100000	-0.0100000	-0.0100000	-0.0100000	-0.0100000	-0.0100000	-0.0100000	-0.0100000	-0.0100000	-0.0100000	-0.0100000	-0.0100000	-0.0100000
2015-01	-0.051	-0.0100000	-0.0100000	-0.0100000	-0.0100000	-0.0100000	-0.0100000	-0.0100000	-0.0100000	-0.0100000	-0.0100000	-0.0100000	-0.0100000	-0.0100000	-0.0100000	-0.0100000	-0.0100000	-0.0100000	-0.0100000	-0.0100000	-0.0100000	-0.0100000
2015-02	-0.003	-0.0100000	-0.0100000	-0.0100000	-0.0100000	-0.0100000	-0.0100000	-0.0100000	-0.0100000	-0.0100000	-0.0100000	-0.0100000	-0.0100000	-0.0100000	-0.0100000	-0.0100000	-0.0100000	-0.0100000	-0.0100000	-0.0100000	-0.0100000	-0.0100000
