2011-03	0.043	-0.0100000	-0.0100000	-0.0100000	-0.0100000	-0.0100000	-0.0100000	-0.0100000	-0.0100000	-0.0100000	-0.0100000	-0.0100000	-0.0100000	-0.0100000	-0.0100000	-0.0100000	-0.0100000	-0.0100000	-0.0100000	-0.0100000	-0.0100000	-0.0100000
2011-04	0.004	+0.0000001	+0.0000001	+0.0000001	+0.0000001	+0.0000001	+0.0000001	+0.0000001	+0.0000001	+0.0000001	+0.0000001	+0.0000001	+0.0000001	+0.0000001	+0.0000001	+0.0000001	+0.0000001	+0.0000001	+0.0000001	+0.0000001	+0.0000001	+0.0000001
2011-05	-0.062	+0.0003421	+0.0003421	+0.0003421	+0.0003421	+0.0003421	+0.0003421	+0.0003421	+0.0003421	+0.0003421	+0.0003421	+0.0009344	+0.0009344	+0.0009344	+0.0009344	+0.0009344	+0.0009344	+0.0009344	+0.0009344	+0.0009344	+0.0009344	+0.0009344
2011-06	-0.004	-0.0100000	-0.0100000	-0.0100000	-0.0100000	-0.0100000	-0.0100000	-0.0100000	-0.0100000	-0.0100000	-0.0100000	-0.0100000	-0.0100000	-0.0100000	-0.0100000	-0.0100000	-0.0100000	-0.0100000	-0.0100000	-0.0100000	-0.0100000	-0.0100000
2011-07	-0.084	+0.0000001	+0.0000001	+0.0000001	+0.0000001	+0.0000001	+0.0000001	+0.0000001	+0.0000001	+0.0000001	+0.0000001	+0.0000001	+0.0000001	+0.0000001	+0.0000001	+0.0000001	+0.0000001	+0.0000001	+0.0000001	+0.0000001	+0.0000001	+0.0000001
2011-08	-0.087	-0.0026932	-0.0026932	-0.0026932	-0.0026932	-0.0026932	-0.0026932	-0.0026932	-0.0026932	-0.0026932	-0.0026932	-0.0026932	+0.0005491	+0.0005491	+0.0005491	+0.0005491	+0.0005491	+0.0005491	+0.0005491	+0.0005491	+0.0005491	+0.0005491
2011-09	-0.150	-0.0048508	-0.0048508	-0.0048508	-0.0048508	-0.0048508	-0.0048508	-0.0048508	-0.0048508	-0.0048508	-0.0047298	-0.0047298	-0.0047298	-0.0005421	-0.0005421	-0.0005421	-0.0005421	-0.0005421	-0.0005421	-0.0005421	-0.0005421	-0.0005421
2011-10	0.158	-0.0062832	-0.0062832	-0.0062832	-0.0062832	-0.0062832	-0.0062832	-0.0062832	-0.0062832	-0.0062832	-0.0058880	-0.0058880	-0.0058880	+0.0008498	+0.0008498	+0.0008498	+0.0008498	+0.0008498	+0.0008498	+0.0008498	+0.0008498	+0.0008498
2011-11	-0.126	-0.0100000	-0.0100000	-0.0100000	-0.0100000	-0.0100000	-0.0100000	-0.0100000	-0.0100000	-0.0100000	-0.0100000	-0.0100000	-0.0100000	-0.0100000	-0.0100000	-0.0100000	-0.0100000	-0.0100000	-0.0100000	-0.0100000	-0.0100000	-0.0100000
2011-12	0.023	-0.0100000	-0.0100000	-0.0100000	-0.0100000	-0.0100000	-0.0100000	-0.0100000	-0.0100000	-0.0100000	-0.0100000	-0.0100000	-0.0100000	-0.0100000	-0.0100000	-0.0100000	-0.0100000	-0.0100000	-0.0100000	-0.0100000	-0.0100000	-0.0100000
2012-01	0.113	+0.0000001	+0.0000001	+0.0000001	+0.0000001	+0.0000001	+0.0000001	+0.0000001	+0.0000001	+0.0000001	+0.0000001	+0.0000001	+0.0000001	+0.0000001	+0.0000001	+0.0000001	+0.0000001	+0.0000001	+0.0000001	+0.0000001	+0.0000001	+0.0000001
2012-02	0.114	-0.0100000	-0.0100000	-0.0100000	-0.0100000	-0.0100000	-0.0100000	-0.0100000	-0.0100000	-0.0100000	-0.0100000	-0.0100000	-0.0100000	-0.0100000	-0.0100000	-0.0100000	-0.0100000	-0.0100000	-0.0100000	-0.0100000	-0.0100000	-0.0100000
2012-03	-0.051	-0.0100000	-0.0100000	-0.0100000	-0.0100000	-0.0100000	-0.0100000	-0.0100000	-0.0100000	-0.0100000	-0.0100000	-0.0100000	-0.0100000	-0.0100000	-0.0100000	-0.0100000	-0.0100000	-0.0100000	-0.0100000	-0.0100000	-0.0100000	-0.0100000
2012-04	-0.070	-0.0005929	-0.0005929	-0.0005929	-0.0005929	-0.0005929	-0.0005929	-0.0005929	-0.0005929	-0.0005929	-0.0005929	+0.0015744	+0.0015744	+0.0015744	+0.0015744	+0.0015744	+0.0015744	+0.0015744	+0.0015744	+0.0015744	+0.0015744	+0.0015744
2012-05	-0.183	+0.0000001	+0.0000001	+0.0000001	+0.0000001	+0.0000001	+0.0000001	+0.0000001	+0.0000001	+0.0000001	+0.0000001	+0.0000001	+0.0000001	+0.0000001	+0.0000001	+0.0000001	+0.0000001	+0.0000001	+0.0000001	+0.0000001	+0.0000001	+0.0000001
2012-06	-0.020	+0.0000001	+0.0000001	+0.0000001	+0.0000001	+0.0000001	+0.0000001	+0.0000001	+0.0000001	+0.0000001	+0.0000001	+0.0000001	+0.0000001	+0.0000001	+0.0000001	+0.0000001	+0.0000001	+0.0000001	+0.0000001	+0.0000001	+0.0000001	+0.0000001
2012-07	0.066	-0.0044047	-0.0044047	-0.0044047	-0.0044047	-0.0044047	-0.0044047	-0.0044047	-0.0044047	-0.0044047	-0.0044047	-0.0044047	-0.0001378	-0.0001378	-0.0001378	-0.0001378	-0.0001378	-0.0001378	-0.0001378	-0.0001378	-0.0001378	-0.0001378
2012-08	-0.009	+0.0007288	+0.0007288	+0.0007288	+0.0007288	+0.0007288	+0.0007288	+0.0007288	+0.0007288	+0.0007288	+0.0007288	+0.0008940	+0.0008940	+0.0008940	+0.0008940	+0.0008940	+0.0008940	+0.0008940	+0.0008940	+0.0008940	+0.0008940	+0.0008940
2012-09	0.026	-0.0005680	-0.0005680	-0.0005680	-0.0005680	-0.0005680	-0.0005680	-0.0005680	-0.0005680	-0.0004790	-0.0004790	-0.0004790	-0.0002474	-0.0002474	+0.0003807	+0.0003807	+0.0003807	+0.0003807	+0.0003807	+0.0003807	+0.0003807	+0.0003807
2012-10	0.019	-0.0003031	-0.0003031	-0.0003031	-0.0003031	-0.0003031	-0.0003031	-0.0003031	-0.0003031	-0.0003031	-0.0003031	+0.0009698	+0.0009698	+0.0009698	+0.0009698	+0.0009698	+0.0009698	+0.0009698	+0.0009698	+0.0009698	+0.0009698	+0.0009698
2012-11	-0.002	+0.0000001	+0.0000001	+0.0000001	+0.0000001	+0.0000001	+0.0000001	+0.0000001	+0.0000001	+0.0000001	+0.0000001	+0.0000001	+0.0000001	+0.0000001	+0.0000001	+0.0000001	+0.0000001	+0.0000001	+0.0000001	+0.0000001	+0.0000001	+0.0000001
2012-12	0.117	-0.0002356	-0.0002356	-0.0002356	-0.0002356	-0.0002356	-0.0002356	-0.0002356	-0.0002356	-0.0002356	+0.0002425	+0.0002425	+0.0002425	+0.0002902	+0.0002902	+0.0002902	+0.0002902	+0.0002902	+0.0002902	+0.0002902	+0.0002902	+0.0002902
2013-01	0.077	-0.0100000	-0.0100000	-0.0100000	-0.0100000	-0.0100000	-0.0100000	-0.0100000	-0.0100000	-0.0100000	-0.0100000	-0.0100000	-0.0100000	-0.0100000	-0.0100000	-0.0100000	-0.0100000	-0.0100000	-0.0100000	-0.0100000	-0.0100000	-0.0100000
2013-02	-0.008	-0.0100000	-0.0100000	-0.0100000	-0.0100000	-0.0100000	-0.0100000	-0.0100000	-0.0100000	-0.0100000	-0.0100000	-0.0100000	-0.0100000	-0.0100000	-0.0100000	-0.0100000	-0.0100000	-0.0100000	-0.0100000	-0.0100000	-0.0100000	-0.0100000
2013-03	-0.003	-0.0100000	-0.0100000	-0.0100000	-0.0100000	-0.0100000	-0.0100000	-0.0100000	-0.0100000	-0.0100000	-0.0100000	-0.0100000	-0.0100000	-0.0100000	-0.0100000	-0.0100000	-0.0100000	-0.0100000	-0.0100000	-0.0100000	-0.0100000	-0.0100000
2013-04	0.028	-0.0100000	-0.0100000	-0.0100000	-0.0100000	-0.0100000	-0.0100000	-0.0100000	-0.0100000	-0.0100000	-0.0100000	-0.0100000	-0.0100000	-0.0100000	-0.0100000	-0.0100000	-0.0100000	-0.0100000	-0.0100000	-0.0100000	-0.0100000	-0.0100000
2013-05	0.006	+0.0000001	+0.0000001	+0.0000001	+0.0000001	+0.0000001	+0.0000001	+0.0000001	+0.0000001	+0.0000001	+0.0000001	+0.0000001	+0.0000001	+0.0000001	+0.0000001	+0.0000001	+0.0000001	+0.0000001	+0.0000001	+0.0000001	+0.0000001	+0.0000001
2013-06	-0.176	+0.0005229	+0.0005229	+0.0005229	+0.0005229	+0.0005229	+0.0005229	+0.0005229	+0.0005229	+0.0005229	+0.0005229	+0.0007804	+0.0007804	+0.0007804	+0.0007804	+0.0007804	+0.0007804	+0.0007804	+0.0007804	+0.0007804	+0.0007804	+0.0007804
2013-07	-0.024	+0.0000001	+0.0000001	+0.0000001	+0.0000001	+0.0000001	+0.0000001	+0.0000001	+0.0000001	+0.0000001	+0.0000001	+0.0000001	+0.0000001	+0.0000001	+0.0000001	+0.0000001	+0.0000001	+0.0000001	+0.0000001	+0.0000001	+0.0000001	+0.0000001
2013-08	-0.032	-0.0042208	-0.0042208	-0.0042208	-0.0042208	-0.0042208	-0.0042208	-0.0042208	-0.0042208	-0.0042208	-0.0042208	-0.0042208	+0.0000249	+0.0000249	+0.0000249	+0.0000249	+0.0000249	+0.0000249	+0.0000249	+0.0000249	+0.0000249	+0.0000249
2013-09	0.103	-0.0017557	-0.0017557	-0.0017557	-0.0017557	-0.0017557	-0.0017557	-0.0017557	-0.0017557	-0.0014935	-0.0014935	-0.0004995	-0.0004995	-0.0004995	+0.0012415	+0.0012415	+0.0012415	+0.0012415	+0.0012415	+0.0012415	+0.0012415	+0.0012415
2013-10	0.057	+0.0000001	+0.0000001	+0.0000001	+0.0000001	+0.0000001	+0.0000001	+0.0000001	+0.0000001	+0.0000001	+0.0000001	+0.0000001	+0.0000001	+0.0000001	+0.0000001	+0.0000001	+0.0000001	+0.0000001	+0.0000001	+0.0000001	+0.0000001	+0.0000001
2013-11	-0.042	+0.0000001	+0.0000001	+0.0000001	+0.0000001	+0.0000001	+0.0000001	+0.0000001	+0.0000001	+0.0000001	+0.0000001	+0.0000001	+0.0000001	+0.0000001	+0.0000001	+0.0000001	+0.0000001	+0.0000001	+0.0000001	+0.0000001	+0.0000001	+0.0000001
2013-12	-0.012	-0.0001803	-0.0001803	-0.0001803	-0.0001803	-0.0001803	-0.0001803	-0.0001803	-0.0001803	-0.0001803	-0.0001803	+0.0002433	+0.0002433	+0.0002433	+0.0002433	+0.0002433	+0.0002433	+0.0002433	+0.0002433	+0.0002433	+0.0002433	+0.0002433
2014-01	-0.136	-0.0100000	-0.0100000	-0.0100000	-0.0100000	-0.0100000	-0.0100000	-0.0100000	-0.0100000	-0.0100000	-0.0100000	-0.0100000	-0.0100000	-0.0100000	-0.0100000	-0.0100000	-0.0100000	-0.0100000	-0.0100000	-0.0100000	-0.0100000	-0.0100000
2014-02	0.045	-0.0100000	-0.0100000	-0.0100000	-0.0100000	-0.0100000	-0.0100000	-0.0100000	-0.0100000	-0.0100000	-0.0100000	-0.0100000	-0.0100000	-0.0100000	-0.0100000	-0.0100000	-0.0100000	-0.0100000	-0.0100000	-0.0100000	-0.0100000	-0.0100000
2014-03	0.072	-0.0100000	-0.0100000	-0.0100000	-0.0100000	-0.0100000	-0.0100000	-0.0100000	-0.0100000	-0.0100000	-0.0100000	-0.0100000	-0.0100000	-0.0100000	-0.0100000	-0.0100000	-0.0100000	-0.0100000	-0.0100000	-0.0100000	-0.0100000	-0.0100000
2014-04	0.045	-0.0100000	-0.0100000	-0.0100000	-0.0100000	-0.0100000	-0.0100000	-0.0100000	-0.0100000	-0.0100000	-0.0100000	-0.0100000	-0.0100000	-0.0100000	-0.0100000	-0.0100000	-0.0100000	-0.0100000	-0.0100000	-0.0100000	-0.0100000	-0.0100000
2014-05	-0.011	+0.0000001	+0.0000001	+0.0000001	+0.0000001	+0.0000001	+0.0000001	+0.0000001	+0.0000001	+0.0000001	+0.0000001	+0.0000001	+0.0000001	+0.0000001	+0.0000001	+0.0000001	+0.0000001	+0.0000001	+0.0000001	+0.0000001	+0.0000001	+0.0000001
2014-06	0.018	+0.0000001	+0.0000001	+0.0000001	+0.0000001	+0.0000001	+0.0000001	+0.0000001	+0.0000001	+0.0000001	+0.0000001	+0.0000001	+0.0000001	+0.0000001	+0.0000001	+0.0000001	+0.0000001	+0.0000001	+0.0000001	+0.0000001	+0.0000001	+0.0000001
2014-07	0.048	+0.0000001	+0.0000001	+0.0000001	+0.0000001	+0.0000001	+0.0000001	+0.0000001	+0.0000001	+0.0000001	+0.0000001	+0.0000001	+0.0000001	+0.0000001	+0.0000001	+0.0000001	+0.0000001	+0.0000001	+0.0000001	+0.0000001	+0.0000001	+0.0000001
2014-08	0.067	-0.0000697	-0.0000697	-0.0000697	-0.0000697	-0.0000697	-0.0000697	-0.0000697	-0.0000697	-0.0000697	+0.0022070	+0.0022070	+0.0022070	+0.0022855	+0.0022855	+0.0022855	+0.0022855	+0.0022855	+0.0022855	+0.0022855	+0.0022855	+0.0022855
2014-09	-0.116	+0.0000443	+0.0000443	+0.0000443	+0.0000443	+0.0000443	+0.0000443	+0.0000443	+0.0000443	+0.0000443	+0.0029391	+0.0029391	+0.0029391	+0.0032129	+0.0032129	+0.0032129	+0.0032129	+0.0032129	+0.0032129	+0.0032129	+0.0032129	+0.0032129
2014-10	-0.021	+0.0000001	+0.0000001	+0.0000001	+0.0000001	+0.0000001	+0.0000001	+0.0000001	+0.0000001	+0.0000001	+0.0000001	+0.0000001	+0.0000001	+0.0000001	+0.0000001	+0.0000001	+0.0000001	+0.0000001	+0.0000001	+0.0000001	+0.0000001	+0.0000001
2014-11	0.064	-0.0039584	-0.0039584	-0.0039584	-0.0039584	-0.0039584	-0.0039584	-0.0039584	-0.0039584	-0.0039584	-0.0039584	-0.0039584	+0.0000333	+0.0000333	+0.0000333	+0.0000333	+0.0000333	+0.0000333	+0.0000333	+0.0000333	+0.0000333	+0.0000333
2014-12	-0.125	-0.0100000	-0.0100000	-0.0100000	-0.0100000	-0.0100000	-0.0100000	-0.0100000	-0.0100000	-0.0100000	-0.0100000	-0.0100000	-0.0100000	-0.0100000	-0.0100000	-0.0100000	-0.0100000	-0.0100000	-0.0100000	-0.0100000	-0.0100000	-0.0100000
2015-01	-0.044	-0.0100000	-0.0100000	-0.0100000	-0.0100000	-0.0100000	-0.0100000	-0.0100000	-0.0100000	-0.0100000	-0.0100000	-0.0100000	-0.0100000	-0.0100000	-0.0100000	-0.0100000	-0.0100000	-0.0100000	-0.0100000	-0.0100000	-0.0100000	-0.0100000
2015-02	-0.013	-0.0100000	-0.0100000	-0.0100000	-0.0100000	-0.0100000	-0.0100000	-0.0100000	-0.0100000	-0.0100000	-0.0100000	-0.0100000	-0.0100000	-0.0100000	-0.0100000	-0.0100000	-0.0100000	-0.0100000	-0.0100000	-0.0100000	-0.0100000	-0.0100000
