2011-03	0.036	-0.0100000	-0.0100000	-0.0100000	-0.0100000	-0.0100000	-0.0100000	-0.0100000	-0.0100000	-0.0100000	-0.0100000	-0.0100000	-0.0100000	-0.0100000	-0.0100000	-0.0100000	-0.0100000	-0.0100000	-0.0100000	-0.0100000	-0.0100000	-0.0100000
2011-04	0.036	+0.0000001	+0.0000001	+0.0000001	+0.0000001	+0.0000001	+0.0000001	+0.0000001	+0.0000001	+0.0000001	+0.0000001	+0.0000001	+0.0000001	+0.0000001	+0.0000001	+0.0000001	+0.0000001	+0.0000001	+0.0000001	+0.0000001	+0.0000001	+0.0000001
2011-05	-0.026	+0.0001317	+0.0001317	+0.0001317	+0.0001317	+0.0001317	+0.0001317	+0.0001317	+0.0001317	+0.0001317	+0.0001317	+0.0015614	+0.0015614	+0.0015614	+0.0015614	+0.0015614	+0.0015614	+0.0015614	+0.0015614	+0.0015614	+0.0015614	+0.0015614
2011-06	0.000	-0.0100000	-0.0100000	-0.0100000	-0.0100000	-0.0100000	-0.0100000	-0.0100000	-0.0100000	-0.0100000	-0.0100000	-0.0100000	-0.0100000	-0.0100000	-0.0100000	-0.0100000	-0.0100000	-0.0100000	-0.0100000	-0.0100000	-0.0100000	-0.0100000
2011-07	-0.026	+0.0000001	+0.0000001	+0.0000001	+0.0000001	+0.0000001	+0.0000001	+0.0000001	+0.0000001	+0.0000001	+0.0000001	+0.0000001	+0.0000001	+0.0000001	+0.0000001	+0.0000001	+0.0000001	+0.0000001	+0.0000001	+0.0000001	+0.0000001	+0.0000001
2011-08	0.023	-0.0008113	-0.0008113	-0.0008113	-0.0008113	-0.0008113	-0.0008113	-0.0008113	-0.0008113	-0.0008113	-0.0008113	-0.0008113	+0.0001945	+0.0001945	+0.0001945	+0.0001945	+0.0001945	+0.0001945	+0.0001945	+0.0001945	+0.0001945	+0.0001945
2011-09	-0.050	-0.0001639	-0.0001639	-0.0001639	-0.0001639	-0.0001639	-0.0001639	-0.0001639	-0.0001639	-0.0001639	-0.0001022	-0.0001022	-0.0001022	+0.0000820	+0.0000820	+0.0000820	+0.0000820	+0.0000820	+0.0000820	+0.0000820	+0.0000820	+0.0000820
2011-10	0.036	-0.0009865	-0.0009865	-0.0009865	-0.0009865	-0.0009865	-0.0009865	-0.0009865	-0.0009865	-0.0009865	-0.0006016	-0.0006016	-0.0006016	+0.0003364	+0.0003364	+0.0003364	+0.0003364	+0.0003364	+0.0003364	+0.0003364	+0.0003364	+0.0003364
2011-11	-0.051	-0.0100000	-0.0100000	-0.0100000	-0.0100000	-0.0100000	-0.0100000	-0.0100000	-0.0100000	-0.0100000	-0.0100000	-0.0100000	-0.0100000	-0.0100000	-0.0100000	-0.0100000	-0.0100000	-0.0100000	-0.0100000	-0.0100000	-0.0100000	-0.0100000
2011-12	-0.005	-0.0100000	-0.0100000	-0.0100000	-0.0100000	-0.0100000	-0.0100000	-0.0100000	-0.0100000	-0.0100000	-0.0100000	-0.0100000	-0.0100000	-0.0100000	-0.0100000	-0.0100000	-0.0100000	-0.0100000	-0.0100000	-0.0100000	-0.0100000	-0.0100000
2012-01	0.002	+0.0000001	+0.0000001	+0.0000001	+0.0000001	+0.0000001	+0.0000001	+0.0000001	+0.0000001	+0.0000001	+0.0000001	+0.0000001	+0.0000001	+0.0000001	+0.0000001	+0.0000001	+0.0000001	+0.0000001	+0.0000001	+0.0000001	+0.0000001	+0.0000001
2012-02	0.077	-0.0100000	-0.0100000	-0.0100000	-0.0100000	-0.0100000	-0.0100000	-0.0100000	-0.0100000	-0.0100000	-0.0100000	-0.0100000	-0.0100000	-0.0100000	-0.0100000	-0.0100000	-0.0100000	-0.0100000	-0.0100000	-0.0100000	-0.0100000	-0.0100000
2012-03	0.010	-0.0100000	-0.0100000	-0.0100000	-0.0100000	-0.0100000	-0.0100000	-0.0100000	-0.0100000	-0.0100000	-0.0100000	-0.0100000	-0.0100000	-0.0100000	-0.0100000	-0.0100000	-0.0100000	-0.0100000	-0.0100000	-0.0100000	-0.0100000	-0.0100000
2012-04	-0.015	-0.0002173	-0.0002173	-0.0002173	-0.0002173	-0.0002173	-0.0002173	-0.0002173	-0.0002173	-0.0002173	-0.0002173	+0.0024182	+0.0024182	+0.0024182	+0.0024182	+0.0024182	+0.0024182	+0.0024182	+0.0024182	+0.0024182	+0.0024182	+0.0024182
2012-05	-0.061	+0.0000001	+0.0000001	+0.0000001	+0.0000001	+0.0000001	+0.0000001	+0.0000001	+0.0000001	+0.0000001	+0.0000001	+0.0000001	+0.0000001	+0.0000001	+0.0000001	+0.0000001	+0.0000001	+0.0000001	+0.0000001	+0.0000001	+0.0000001	+0.0000001
2012-06	-0.001	+0.0000001	+0.0000001	+0.0000001	+0.0000001	+0.0000001	+0.0000001	+0.0000001	+0.0000001	+0.0000001	+0.0000001	+0.0000001	+0.0000001	+0.0000001	+0.0000001	+0.0000001	+0.0000001	+0.0000001	+0.0000001	+0.0000001	+0.0000001	+0.0000001
2012-07	-0.011	-0.0012497	-0.0012497	-0.0012497	-0.0012497	-0.0012497	-0.0012497	-0.0012497	-0.0012497	-0.0012497	-0.0012497	-0.0012497	-0.0000758	-0.0000758	-0.0000758	-0.0000758	-0.0000758	-0.0000758	-0.0000758	-0.0000758	-0.0000758	-0.0000758
2012-08	0.026	-0.0002810	-0.0002810	-0.0002810	-0.0002810	-0.0002810	-0.0002810	-0.0002810	-0.0002810	-0.0002810	-0.0002810	-0.0002810	-0.0000796	-0.0000796	-0.0000796	-0.0000796	-0.0000796	-0.0000796	-0.0000796	-0.0000796	-0.0000796	-0.0000796
2012-09	0.012	+0.0000037	+0.0000037	+0.0000037	+0.0000037	+0.0000037	+0.0000037	+0.0000037	+0.0000037	+0.0000287	+0.0000287	+0.0000287	+0.0001036	+0.0001036	+0.0001611	+0.0001611	+0.0001611	+0.0001611	+0.0001611	+0.0001611	+0.0001611	+0.0001611
2012-10	0.027	+0.0000184	+0.0000184	+0.0000184	+0.0000184	+0.0000184	+0.0000184	+0.0000184	+0.0000184	+0.0000184	+0.0000184	+0.0008664	+0.0008664	+0.0008664	+0.0008664	+0.0008664	+0.0008664	+0.0008664	+0.0008664	+0.0008664	+0.0008664	+0.0008664
2012-11	0.035	+0.0000001	+0.0000001	+0.0000001	+0.0000001	+0.0000001	+0.0000001	+0.0000001	+0.0000001	+0.0000001	+0.0000001	+0.0000001	+0.0000001	+0.0000001	+0.0000001	+0.0000001	+0.0000001	+0.0000001	+0.0000001	+0.0000001	+0.0000001	+0.0000001
2012-12	0.074	-0.0002292	-0.0002292	-0.0002292	-0.0002292	-0.0002292	-0.0002292	-0.0002292	-0.0002292	-0.0002292	+0.0014811	+0.0014811	+0.0014811	+0.0015326	+0.0015326	+0.0015326	+0.0015326	+0.0015326	+0.0015326	+0.0015326	+0.0015326	+0.0015326
2013-01	0.050	-0.0100000	-0.0100000	-0.0100000	-0.0100000	-0.0100000	-0.0100000	-0.0100000	-0.0100000	-0.0100000	-0.0100000	-0.0100000	-0.0100000	-0.0100000	-0.0100000	-0.0100000	-0.0100000	-0.0100000	-0.0100000	-0.0100000	-0.0100000	-0.0100000
2013-02	-0.006	-0.0100000	-0.0100000	-0.0100000	-0.0100000	-0.0100000	-0.0100000	-0.0100000	-0.0100000	-0.0100000	-0.0100000	-0.0100000	-0.0100000	-0.0100000	-0.0100000	-0.0100000	-0.0100000	-0.0100000	-0.0100000	-0.0100000	-0.0100000	-0.0100000
2013-03	0.002	-0.0100000	-0.0100000	-0.0100000	-0.0100000	-0.0100000	-0.0100000	-0.0100000	-0.0100000	-0.0100000	-0.0100000	-0.0100000	-0.0100000	-0.0100000	-0.0100000	-0.0100000	-0.0100000	-0.0100000	-0.0100000	-0.0100000	-0.0100000	-0.0100000
2013-04	0.065	-0.0100000	-0.0100000	-0.0100000	-0.0100000	-0.0100000	-0.0100000	-0.0100000	-0.0100000	-0.0100000	-0.0100000	-0.0100000	-0.0100000	-0.0100000	-0.0100000	-0.0100000	-0.0100000	-0.0100000	-0.0100000	-0.0100000	-0.0100000	-0.0100000
2013-05	0.012	+0.0000001	+0.0000001	+0.0000001	+0.0000001	+0.0000001	+0.0000001	+0.0000001	+0.0000001	+0.0000001	+0.0000001	+0.0000001	+0.0000001	+0.0000001	+0.0000001	+0.0000001	+0.0000001	+0.0000001	+0.0000001	+0.0000001	+0.0000001	+0.0000001
2013-06	-0.038	+0.0001627	+0.0001627	+0.0001627	+0.0001627	+0.0001627	+0.0001627	+0.0001627	+0.0001627	+0.0001627	+0.0001627	+0.0019167	+0.0019167	+0.0019167	+0.0019167	+0.0019167	+0.0019167	+0.0019167	+0.0019167	+0.0019167	+0.0019167	+0.0019167
2013-07	0.013	+0.0000001	+0.0000001	+0.0000001	+0.0000001	+0.0000001	+0.0000001	+0.0000001	+0.0000001	+0.0000001	+0.0000001	+0.0000001	+0.0000001	+0.0000001	+0.0000001	+0.0000001	+0.0000001	+0.0000001	+0.0000001	+0.0000001	+0.0000001	+0.0000001
2013-08	-0.007	-0.0003775	-0.0003775	-0.0003775	-0.0003775	-0.0003775	-0.0003775	-0.0003775	-0.0003775	-0.0003775	-0.0003775	-0.0003775	+0.0001327	+0.0001327	+0.0001327	+0.0001327	+0.0001327	+0.0001327	+0.0001327	+0.0001327	+0.0001327	+0.0001327
2013-09	0.019	-0.0002885	-0.0002885	-0.0002885	-0.0002885	-0.0002885	-0.0002885	-0.0002885	-0.0002885	-0.0001907	-0.0001907	-0.0001907	-0.0001374	-0.0001374	-0.0000337	-0.0000337	-0.0000337	-0.0000337	-0.0000337	-0.0000337	-0.0000337	-0.0000337
2013-10	0.027	+0.0000001	+0.0000001	+0.0000001	+0.0000001	+0.0000001	+0.0000001	+0.0000001	+0.0000001	+0.0000001	+0.0000001	+0.0000001	+0.0000001	+0.0000001	+0.0000001	+0.0000001	+0.0000001	+0.0000001	+0.0000001	+0.0000001	+0.0000001	+0.0000001
2013-11	0.029	+0.0000001	+0.0000001	+0.0000001	+0.0000001	+0.0000001	+0.0000001	+0.0000001	+0.0000001	+0.0000001	+0.0000001	+0.0000001	+0.0000001	+0.0000001	+0.0000001	+0.0000001	+0.0000001	+0.0000001	+0.0000001	+0.0000001	+0.0000001	+0.0000001
2013-12	0.025	+0.0001155	+0.0001155	+0.0001155	+0.0001155	+0.0001155	+0.0001155	+0.0001155	+0.0001155	+0.0001155	+0.0001155	+0.0011860	+0.0011860	+0.0011860	+0.0011860	+0.0011860	+0.0011860	+0.0011860	+0.0011860	+0.0011860	+0.0011860	+0.0011860
2014-01	-0.019	-0.0100000	-0.0100000	-0.0100000	-0.0100000	-0.0100000	-0.0100000	-0.0100000	-0.0100000	-0.0100000	-0.0100000	-0.0100000	-0.0100000	-0.0100000	-0.0100000	-0.0100000	-0.0100000	-0.0100000	-0.0100000	-0.0100000	-0.0100000	-0.0100000
2014-02	0.009	-0.0100000	-0.0100000	-0.0100000	-0.0100000	-0.0100000	-0.0100000	-0.0100000	-0.0100000	-0.0100000	-0.0100000	-0.0100000	-0.0100000	-0.0100000	-0.0100000	-0.0100000	-0.0100000	-0.0100000	-0.0100000	-0.0100000	-0.0100000	-0.0100000
2014-03	0.013	-0.0100000	-0.0100000	-0.0100000	-0.0100000	-0.0100000	-0.0100000	-0.0100000	-0.0100000	-0.0100000	-0.0100000	-0.0100000	-0.0100000	-0.0100000	-0.0100000	-0.0100000	-0.0100000	-0.0100000	-0.0100000	-0.0100000	-0.0100000	-0.0100000
2014-04	0.004	-0.0100000	-0.0100000	-0.0100000	-0.0100000	-0.0100000	-0.0100000	-0.0100000	-0.0100000	-0.0100000	-0.0100000	-0.0100000	-0.0100000	-0.0100000	-0.0100000	-0.0100000	-0.0100000	-0.0100000	-0.0100000	-0.0100000	-0.0100000	-0.0100000
2014-05	-0.009	+0.0000001	+0.0000001	+0.0000001	+0.0000001	+0.0000001	+0.0000001	+0.0000001	+0.0000001	+0.0000001	+0.0000001	+0.0000001	+0.0000001	+0.0000001	+0.0000001	+0.0000001	+0.0000001	+0.0000001	+0.0000001	+0.0000001	+0.0000001	+0.0000001
2014-06	0.004	+0.0000001	+0.0000001	+0.0000001	+0.0000001	+0.0000001	+0.0000001	+0.0000001	+0.0000001	+0.0000001	+0.0000001	+0.0000001	+0.0000001	+0.0000001	+0.0000001	+0.0000001	+0.0000001	+0.0000001	+0.0000001	+0.0000001	+0.0000001	+0.0000001
2014-07	0.007	+0.0000001	+0.0000001	+0.0000001	+0.0000001	+0.0000001	+0.0000001	+0.0000001	+0.0000001	+0.0000001	+0.0000001	+0.0000001	+0.0000001	+0.0000001	+0.0000001	+0.0000001	+0.0000001	+0.0000001	+0.0000001	+0.0000001	+0.0000001	+0.0000001
2014-08	0.013	-0.0000635	-0.0000635	-0.0000635	-0.0000635	-0.0000635	-0.0000635	-0.0000635	-0.0000635	-0.0000635	+0.0001627	+0.0001627	+0.0001627	+0.0001875	+0.0001875	+0.0001875	+0.0001875	+0.0001875	+0.0001875	+0.0001875	+0.0001875	+0.0001875
2014-09	0.010	+0.0000128	+0.0000128	+0.0000128	+0.0000128	+0.0000128	+0.0000128	+0.0000128	+0.0000128	+0.0000128	+0.0003743	+0.0003743	+0.0003743	+0.0003891	+0.0003891	+0.0003891	+0.0003891	+0.0003891	+0.0003891	+0.0003891	+0.0003891	+0.0003891
2014-10	-0.001	+0.0000001	+0.0000001	+0.0000001	+0.0000001	+0.0000001	+0.0000001	+0.0000001	+0.0000001	+0.0000001	+0.0000001	+0.0000001	+0.0000001	+0.0000001	+0.0000001	+0.0000001	+0.0000001	+0.0000001	+0.0000001	+0.0000001	+0.0000001	+0.0000001
2014-11	0.074	-0.0000572	-0.0000572	-0.0000572	-0.0000572	-0.0000572	-0.0000572	-0.0000572	-0.0000572	-0.0000572	-0.0000572	+0.0002531	+0.0002531	+0.0002531	+0.0002531	+0.0002531	+0.0002531	+0.0002531	+0.0002531	+0.0002531	+0.0002531	+0.0002531
2014-12	0.008	-0.0100000	-0.0100000	-0.0100000	-0.0100000	-0.0100000	-0.0100000	-0.0100000	-0.0100000	-0.0100000	-0.0100000	-0.0100000	-0.0100000	-0.0100000	-0.0100000	-0.0100000	-0.0100000	-0.0100000	-0.0100000	-0.0100000	-0.0100000	-0.0100000
2015-01	-0.058	-0.0100000	-0.0100000	-0.0100000	-0.0100000	-0.0100000	-0.0100000	-0.0100000	-0.0100000	-0.0100000	-0.0100000	-0.0100000	-0.0100000	-0.0100000	-0.0100000	-0.0100000	-0.0100000	-0.0100000	-0.0100000	-0.0100000	-0.0100000	-0.0100000
2015-02	0.010	-0.0100000	-0.0100000	-0.0100000	-0.0100000	-0.0100000	-0.0100000	-0.0100000	-0.0100000	-0.0100000	-0.0100000	-0.0100000	-0.0100000	-0.0100000	-0.0100000	-0.0100000	-0.0100000	-0.0100000	-0.0100000	-0.0100000	-0.0100000	-0.0100000
