2011-03	0.024	-0.0100000	-0.0100000	-0.0100000	-0.0100000	-0.0100000	-0.0100000	-0.0100000	-0.0100000	-0.0100000	-0.0100000	-0.0100000	-0.0100000	-0.0100000	-0.0100000	-0.0100000	-0.0100000	-0.0100000	-0.0100000	-0.0100000	-0.0100000	-0.0100000
2011-04	0.021	+0.0000001	+0.0000001	+0.0000001	+0.0000001	+0.0000001	+0.0000001	+0.0000001	+0.0000001	+0.0000001	+0.0000001	+0.0000001	+0.0000001	+0.0000001	+0.0000001	+0.0000001	+0.0000001	+0.0000001	+0.0000001	+0.0000001	+0.0000001	+0.0000001
2011-05	-0.057	-0.0002691	-0.0002691	-0.0002691	-0.0002691	-0.0002691	-0.0002691	-0.0002691	-0.0002691	-0.0002691	-0.0002691	+0.0007991	+0.0007991	+0.0007991	+0.0007991	+0.0007991	+0.0007991	+0.0007991	+0.0007991	+0.0007991	+0.0007991	+0.0007991
2011-06	-0.059	-0.0100000	-0.0100000	-0.0100000	-0.0100000	-0.0100000	-0.0100000	-0.0100000	-0.0100000	-0.0100000	-0.0100000	-0.0100000	-0.0100000	-0.0100000	-0.0100000	-0.0100000	-0.0100000	-0.0100000	-0.0100000	-0.0100000	-0.0100000	-0.0100000
2011-07	0.044	+0.0000001	+0.0000001	+0.0000001	+0.0000001	+0.0000001	+0.0000001	+0.0000001	+0.0000001	+0.0000001	+0.0000001	+0.0000001	+0.0000001	+0.0000001	+0.0000001	+0.0000001	+0.0000001	+0.0000001	+0.0000001	+0.0000001	+0.0000001	+0.0000001
2011-08	0.026	-0.0007079	-0.0007079	-0.0007079	-0.0007079	-0.0007079	-0.0007079	-0.0007079	-0.0007079	-0.0007079	-0.0007079	-0.0007079	+0.0004711	+0.0004711	+0.0004711	+0.0004711	+0.0004711	+0.0004711	+0.0004711	+0.0004711	+0.0004711	+0.0004711
2011-09	-0.160	-0.0000275	-0.0000275	-0.0000275	-0.0000275	-0.0000275	-0.0000275	-0.0000275	-0.0000275	-0.0000275	+0.0012499	+0.0012499	+0.0012499	+0.0015681	+0.0015681	+0.0015681	+0.0015681	+0.0015681	+0.0015681	+0.0015681	+0.0015681	+0.0015681
2011-10	0.104	-0.0030917	-0.0030917	-0.0030917	-0.0030917	-0.0030917	-0.0030917	-0.0030917	-0.0030917	-0.0030917	-0.0028708	-0.0028708	-0.0028708	-0.0000037	-0.0000037	-0.0000037	-0.0000037	-0.0000037	-0.0000037	-0.0000037	-0.0000037	-0.0000037
2011-11	-0.075	-0.0100000	-0.0100000	-0.0100000	-0.0100000	-0.0100000	-0.0100000	-0.0100000	-0.0100000	-0.0100000	-0.0100000	-0.0100000	-0.0100000	-0.0100000	-0.0100000	-0.0100000	-0.0100000	-0.0100000	-0.0100000	-0.0100000	-0.0100000	-0.0100000
2011-12	-0.078	-0.0100000	-0.0100000	-0.0100000	-0.0100000	-0.0100000	-0.0100000	-0.0100000	-0.0100000	-0.0100000	-0.0100000	-0.0100000	-0.0100000	-0.0100000	-0.0100000	-0.0100000	-0.0100000	-0.0100000	-0.0100000	-0.0100000	-0.0100000	-0.0100000
2012-01	0.087	+0.0000001	+0.0000001	+0.0000001	+0.0000001	+0.0000001	+0.0000001	+0.0000001	+0.0000001	+0.0000001	+0.0000001	+0.0000001	+0.0000001	+0.0000001	+0.0000001	+0.0000001	+0.0000001	+0.0000001	+0.0000001	+0.0000001	+0.0000001	+0.0000001
2012-02	0.059	-0.0100000	-0.0100000	-0.0100000	-0.0100000	-0.0100000	-0.0100000	-0.0100000	-0.0100000	-0.0100000	-0.0100000	-0.0100000	-0.0100000	-0.0100000	-0.0100000	-0.0100000	-0.0100000	-0.0100000	-0.0100000	-0.0100000	-0.0100000	-0.0100000
2012-03	-0.121	-0.0100000	-0.0100000	-0.0100000	-0.0100000	-0.0100000	-0.0100000	-0.0100000	-0.0100000	-0.0100000	-0.0100000	-0.0100000	-0.0100000	-0.0100000	-0.0100000	-0.0100000	-0.0100000	-0.0100000	-0.0100000	-0.0100000	-0.0100000	-0.0100000
2012-04	-0.046	-0.0014344	-0.0014344	-0.0014344	-0.0014344	-0.0014344	-0.0014344	-0.0014344	-0.0014344	-0.0014344	-0.0014344	-0.0014344	-0.0001343	-0.0001343	-0.0001343	-0.0001343	-0.0001343	-0.0001343	-0.0001343	-0.0001343	-0.0001343	-0.0001343
2012-05	-0.113	+0.0000001	+0.0000001	+0.0000001	+0.0000001	+0.0000001	+0.0000001	+0.0000001	+0.0000001	+0.0000001	+0.0000001	+0.0000001	+0.0000001	+0.0000001	+0.0000001	+0.0000001	+0.0000001	+0.0000001	+0.0000001	+0.0000001	+0.0000001	+0.0000001
2012-06	-0.019	+0.0000001	+0.0000001	+0.0000001	+0.0000001	+0.0000001	+0.0000001	+0.0000001	+0.0000001	+0.0000001	+0.0000001	+0.0000001	+0.0000001	+0.0000001	+0.0000001	+0.0000001	+0.0000001	+0.0000001	+0.0000001	+0.0000001	+0.0000001	+0.0000001
2012-07	0.017	-0.0030970	-0.0030970	-0.0030970	-0.0030970	-0.0030970	-0.0030970	-0.0030970	-0.0030970	-0.0030970	-0.0030970	-0.0030970	-0.0000985	-0.0000985	-0.0000985	-0.0000985	-0.0000985	-0.0000985	-0.0000985	-0.0000985	-0.0000985	-0.0000985
2012-08	0.042	-0.0005650	-0.0005650	-0.0005650	-0.0005650	-0.0005650	-0.0005650	-0.0005650	-0.0005650	-0.0005650	-0.0005650	+0.0000394	+0.0000394	+0.0000394	+0.0000394	+0.0000394	+0.0000394	+0.0000394	+0.0000394	+0.0000394	+0.0000394	+0.0000394
2012-09	0.119	-0.0010008	-0.0010008	-0.0010008	-0.0010008	-0.0010008	-0.0010008	-0.0010008	-0.0010008	-0.0002224	-0.0002224	-0.0002224	+0.0009646	+0.0009646	+0.0011660	+0.0011660	+0.0011660	+0.0011660	+0.0011660	+0.0011660	+0.0011660	+0.0011660
2012-10	-0.007	+0.0001734	+0.0001734	+0.0001734	+0.0001734	+0.0001734	+0.0001734	+0.0001734	+0.0001734	+0.0001734	+0.0001734	+0.0043844	+0.0043844	+0.0043844	+0.0043844	+0.0043844	+0.0043844	+0.0043844	+0.0043844	+0.0043844	+0.0043844	+0.0043844
2012-11	-0.013	+0.0000001	+0.0000001	+0.0000001	+0.0000001	+0.0000001	+0.0000001	+0.0000001	+0.0000001	+0.0000001	+0.0000001	+0.0000001	+0.0000001	+0.0000001	+0.0000001	+0.0000001	+0.0000001	+0.0000001	+0.0000001	+0.0000001	+0.0000001	+0.0000001
2012-12	-0.014	-0.0009387	-0.0009387	-0.0009387	-0.0009387	-0.0009387	-0.0009387	-0.0009387	-0.0009387	-0.0009387	-0.0007098	-0.0007098	-0.0007098	-0.0001934	-0.0001934	-0.0001934	-0.0001934	-0.0001934	-0.0001934	-0.0001934	-0.0001934	-0.0001934
2013-01	-0.005	-0.0100000	-0.0100000	-0.0100000	-0.0100000	-0.0100000	-0.0100000	-0.0100000	-0.0100000	-0.0100000	-0.0100000	-0.0100000	-0.0100000	-0.0100000	-0.0100000	-0.0100000	-0.0100000	-0.0100000	-0.0100000	-0.0100000	-0.0100000	-0.0100000
2013-02	-0.070	-0.0100000	-0.0100000	-0.0100000	-0.0100000	-0.0100000	-0.0100000	-0.0100000	-0.0100000	-0.0100000	-0.0100000	-0.0100000	-0.0100000	-0.0100000	-0.0100000	-0.0100000	-0.0100000	-0.0100000	-0.0100000	-0.0100000	-0.0100000	-0.0100000
2013-03	-0.005	-0.0100000	-0.0100000	-0.0100000	-0.0100000	-0.0100000	-0.0100000	-0.0100000	-0.0100000	-0.0100000	-0.0100000	-0.0100000	-0.0100000	-0.0100000	-0.0100000	-0.0100000	-0.0100000	-0.0100000	-0.0100000	-0.0100000	-0.0100000	-0.0100000
2013-04	-0.127	-0.0100000	-0.0100000	-0.0100000	-0.0100000	-0.0100000	-0.0100000	-0.0100000	-0.0100000	-0.0100000	-0.0100000	-0.0100000	-0.0100000	-0.0100000	-0.0100000	-0.0100000	-0.0100000	-0.0100000	-0.0100000	-0.0100000	-0.0100000	-0.0100000
2013-05	-0.000	+0.0000001	+0.0000001	+0.0000001	+0.0000001	+0.0000001	+0.0000001	+0.0000001	+0.0000001	+0.0000001	+0.0000001	+0.0000001	+0.0000001	+0.0000001	+0.0000001	+0.0000001	+0.0000001	+0.0000001	+0.0000001	+0.0000001	+0.0000001	+0.0000001
2013-06	-0.215	-0.0032410	-0.0032410	-0.0032410	-0.0032410	-0.0032410	-0.0032410	-0.0032410	-0.0032410	-0.0032410	-0.0032410	-0.0032410	+0.0004114	+0.0004114	+0.0004114	+0.0004114	+0.0004114	+0.0004114	+0.0004114	+0.0004114	+0.0004114	+0.0004114
2013-07	0.126	+0.0000001	+0.0000001	+0.0000001	+0.0000001	+0.0000001	+0.0000001	+0.0000001	+0.0000001	+0.0000001	+0.0000001	+0.0000001	+0.0000001	+0.0000001	+0.0000001	+0.0000001	+0.0000001	+0.0000001	+0.0000001	+0.0000001	+0.0000001	+0.0000001
2013-08	0.058	-0.0019552	-0.0019552	-0.0019552	-0.0019552	-0.0019552	-0.0019552	-0.0019552	-0.0019552	-0.0019552	-0.0019552	-0.0019552	-0.0001711	-0.0001711	-0.0001711	-0.0001711	-0.0001711	-0.0001711	-0.0001711	-0.0001711	-0.0001711	-0.0001711
2013-09	-0.071	-0.0002312	-0.0002312	-0.0002312	-0.0002312	-0.0002312	-0.0002312	-0.0002312	-0.0002312	+0.0032878	+0.0032878	+0.0034128	+0.0034128	+0.0034128	+0.0036990	+0.0036990	+0.0036990	+0.0036990	+0.0036990	+0.0036990	+0.0036990	+0.0036990
2013-10	0.029	+0.0000001	+0.0000001	+0.0000001	+0.0000001	+0.0000001	+0.0000001	+0.0000001	+0.0000001	+0.0000001	+0.0000001	+0.0000001	+0.0000001	+0.0000001	+0.0000001	+0.0000001	+0.0000001	+0.0000001	+0.0000001	+0.0000001	+0.0000001	+0.0000001
2013-11	-0.096	+0.0000001	+0.0000001	+0.0000001	+0.0000001	+0.0000001	+0.0000001	+0.0000001	+0.0000001	+0.0000001	+0.0000001	+0.0000001	+0.0000001	+0.0000001	+0.0000001	+0.0000001	+0.0000001	+0.0000001	+0.0000001	+0.0000001	+0.0000001	+0.0000001
2013-12	0.009	-0.0017768	-0.0017768	-0.0017768	-0.0017768	-0.0017768	-0.0017768	-0.0017768	-0.0017768	-0.0017768	-0.0017768	-0.0017768	+0.0005114	+0.0005114	+0.0005114	+0.0005114	+0.0005114	+0.0005114	+0.0005114	+0.0005114	+0.0005114	+0.0005114
2014-01	0.033	-0.0100000	-0.0100000	-0.0100000	-0.0100000	-0.0100000	-0.0100000	-0.0100000	-0.0100000	-0.0100000	-0.0100000	-0.0100000	-0.0100000	-0.0100000	-0.0100000	-0.0100000	-0.0100000	-0.0100000	-0.0100000	-0.0100000	-0.0100000	-0.0100000
2014-02	0.075	-0.0100000	-0.0100000	-0.0100000	-0.0100000	-0.0100000	-0.0100000	-0.0100000	-0.0100000	-0.0100000	-0.0100000	-0.0100000	-0.0100000	-0.0100000	-0.0100000	-0.0100000	-0.0100000	-0.0100000	-0.0100000	-0.0100000	-0.0100000	-0.0100000
2014-03	-0.053	-0.0100000	-0.0100000	-0.0100000	-0.0100000	-0.0100000	-0.0100000	-0.0100000	-0.0100000	-0.0100000	-0.0100000	-0.0100000	-0.0100000	-0.0100000	-0.0100000	-0.0100000	-0.0100000	-0.0100000	-0.0100000	-0.0100000	-0.0100000	-0.0100000
2014-04	0.011	-0.0100000	-0.0100000	-0.0100000	-0.0100000	-0.0100000	-0.0100000	-0.0100000	-0.0100000	-0.0100000	-0.0100000	-0.0100000	-0.0100000	-0.0100000	-0.0100000	-0.0100000	-0.0100000	-0.0100000	-0.0100000	-0.0100000	-0.0100000	-0.0100000
2014-05	-0.057	+0.0000001	+0.0000001	+0.0000001	+0.0000001	+0.0000001	+0.0000001	+0.0000001	+0.0000001	+0.0000001	+0.0000001	+0.0000001	+0.0000001	+0.0000001	+0.0000001	+0.0000001	+0.0000001	+0.0000001	+0.0000001	+0.0000001	+0.0000001	+0.0000001
2014-06	0.091	+0.0000001	+0.0000001	+0.0000001	+0.0000001	+0.0000001	+0.0000001	+0.0000001	+0.0000001	+0.0000001	+0.0000001	+0.0000001	+0.0000001	+0.0000001	+0.0000001	+0.0000001	+0.0000001	+0.0000001	+0.0000001	+0.0000001	+0.0000001	+0.0000001
2014-07	0.031	+0.0000001	+0.0000001	+0.0000001	+0.0000001	+0.0000001	+0.0000001	+0.0000001	+0.0000001	+0.0000001	+0.0000001	+0.0000001	+0.0000001	+0.0000001	+0.0000001	+0.0000001	+0.0000001	+0.0000001	+0.0000001	+0.0000001	+0.0000001	+0.0000001
2014-08	-0.006	+0.0000493	+0.0000493	+0.0000493	+0.0000493	+0.0000493	+0.0000493	+0.0000493	+0.0000493	+0.0000493	+0.0029301	+0.0029301	+0.0029301	+0.0029650	+0.0029650	+0.0029650	+0.0029650	+0.0029650	+0.0029650	+0.0029650	+0.0029650	+0.0029650
2014-09	-0.093	-0.0002575	-0.0002575	-0.0002575	-0.0002575	-0.0002575	-0.0002575	-0.0002575	-0.0002575	-0.0002575	+0.0002120	+0.0002120	+0.0002120	+0.0003136	+0.0003136	+0.0003136	+0.0003136	+0.0003136	+0.0003136	+0.0003136	+0.0003136	+0.0003136
2014-10	-0.106	+0.0000001	+0.0000001	+0.0000001	+0.0000001	+0.0000001	+0.0000001	+0.0000001	+0.0000001	+0.0000001	+0.0000001	+0.0000001	+0.0000001	+0.0000001	+0.0000001	+0.0000001	+0.0000001	+0.0000001	+0.0000001	+0.0000001	+0.0000001	+0.0000001
2014-11	0.104	-0.0052530	-0.0052530	-0.0052530	-0.0052530	-0.0052530	-0.0052530	-0.0052530	-0.0052530	-0.0052530	-0.0052530	-0.0052530	-0.0000520	-0.0000520	-0.0000520	-0.0000520	-0.0000520	-0.0000520	-0.0000520	-0.0000520	-0.0000520	-0.0000520
2014-12	-0.042	-0.0100000	-0.0100000	-0.0100000	-0.0100000	-0.0100000	-0.0100000	-0.0100000	-0.0100000	-0.0100000	-0.0100000	-0.0100000	-0.0100000	-0.0100000	-0.0100000	-0.0100000	-0.0100000	-0.0100000	-0.0100000	-0.0100000	-0.0100000	-0.0100000
2015-01	0.057	-0.0100000	-0.0100000	-0.0100000	-0.0100000	-0.0100000	-0.0100000	-0.0100000	-0.0100000	-0.0100000	-0.0100000	-0.0100000	-0.0100000	-0.0100000	-0.0100000	-0.0100000	-0.0100000	-0.0100000	-0.0100000	-0.0100000	-0.0100000	-0.0100000
2015-02	0.005	-0.0100000	-0.0100000	-0.0100000	-0.0100000	-0.0100000	-0.0100000	-0.0100000	-0.0100000	-0.0100000	-0.0100000	-0.0100000	-0.0100000	-0.0100000	-0.0100000	-0.0100000	-0.0100000	-0.0100000	-0.0100000	-0.0100000	-0.0100000	-0.0100000
