2011-03	-0.001	-0.0100000	-0.0100000	-0.0100000	-0.0100000	-0.0100000	-0.0100000	-0.0100000	-0.0100000	-0.0100000	-0.0100000	-0.0100000	-0.0100000	-0.0100000	-0.0100000	-0.0100000	-0.0100000	-0.0100000	-0.0100000	-0.0100000	-0.0100000	-0.0100000
2011-04	0.002	+0.0000001	+0.0000001	+0.0000001	+0.0000001	+0.0000001	+0.0000001	+0.0000001	+0.0000001	+0.0000001	+0.0000001	+0.0000001	+0.0000001	+0.0000001	+0.0000001	+0.0000001	+0.0000001	+0.0000001	+0.0000001	+0.0000001	+0.0000001	+0.0000001
2011-05	0.008	-0.0000204	-0.0000204	-0.0000204	-0.0000204	-0.0000204	-0.0000204	-0.0000204	-0.0000204	-0.0000204	-0.0000204	+0.0000333	+0.0000333	+0.0000333	+0.0000333	+0.0000333	+0.0000333	+0.0000333	+0.0000333	+0.0000333	+0.0000333	+0.0000333
2011-06	-0.004	-0.0100000	-0.0100000	-0.0100000	-0.0100000	-0.0100000	-0.0100000	-0.0100000	-0.0100000	-0.0100000	-0.0100000	-0.0100000	-0.0100000	-0.0100000	-0.0100000	-0.0100000	-0.0100000	-0.0100000	-0.0100000	-0.0100000	-0.0100000	-0.0100000
2011-07	0.002	+0.0000001	+0.0000001	+0.0000001	+0.0000001	+0.0000001	+0.0000001	+0.0000001	+0.0000001	+0.0000001	+0.0000001	+0.0000001	+0.0000001	+0.0000001	+0.0000001	+0.0000001	+0.0000001	+0.0000001	+0.0000001	+0.0000001	+0.0000001	+0.0000001
2011-08	0.016	-0.0000583	-0.0000583	-0.0000583	-0.0000583	-0.0000583	-0.0000583	-0.0000583	-0.0000583	-0.0000583	-0.0000583	-0.0000583	-0.0000379	-0.0000379	-0.0000379	-0.0000379	-0.0000379	-0.0000379	-0.0000379	-0.0000379	-0.0000379	-0.0000379
2011-09	0.003	+0.0000103	+0.0000103	+0.0000103	+0.0000103	+0.0000103	+0.0000103	+0.0000103	+0.0000103	+0.0000103	+0.0004264	+0.0004264	+0.0004264	+0.0004415	+0.0004415	+0.0004415	+0.0004415	+0.0004415	+0.0004415	+0.0004415	+0.0004415	+0.0004415
2011-10	-0.008	-0.0000506	-0.0000506	-0.0000506	-0.0000506	-0.0000506	-0.0000506	-0.0000506	-0.0000506	-0.0000506	+0.0004249	+0.0004249	+0.0004249	+0.0004273	+0.0004273	+0.0004273	+0.0004273	+0.0004273	+0.0004273	+0.0004273	+0.0004273	+0.0004273
2011-11	-0.006	-0.0100000	-0.0100000	-0.0100000	-0.0100000	-0.0100000	-0.0100000	-0.0100000	-0.0100000	-0.0100000	-0.0100000	-0.0100000	-0.0100000	-0.0100000	-0.0100000	-0.0100000	-0.0100000	-0.0100000	-0.0100000	-0.0100000	-0.0100000	-0.0100000
2011-12	0.018	-0.0100000	-0.0100000	-0.0100000	-0.0100000	-0.0100000	-0.0100000	-0.0100000	-0.0100000	-0.0100000	-0.0100000	-0.0100000	-0.0100000	-0.0100000	-0.0100000	-0.0100000	-0.0100000	-0.0100000	-0.0100000	-0.0100000	-0.0100000	-0.0100000
2012-01	0.007	+0.0000001	+0.0000001	+0.0000001	+0.0000001	+0.0000001	+0.0000001	+0.0000001	+0.0000001	+0.0000001	+0.0000001	+0.0000001	+0.0000001	+0.0000001	+0.0000001	+0.0000001	+0.0000001	+0.0000001	+0.0000001	+0.0000001	+0.0000001	+0.0000001
2012-02	0.005	-0.0100000	-0.0100000	-0.0100000	-0.0100000	-0.0100000	-0.0100000	-0.0100000	-0.0100000	-0.0100000	-0.0100000	-0.0100000	-0.0100000	-0.0100000	-0.0100000	-0.0100000	-0.0100000	-0.0100000	-0.0100000	-0.0100000	-0.0100000	-0.0100000
2012-03	-0.005	-0.0100000	-0.0100000	-0.0100000	-0.0100000	-0.0100000	-0.0100000	-0.0100000	-0.0100000	-0.0100000	-0.0100000	-0.0100000	-0.0100000	-0.0100000	-0.0100000	-0.0100000	-0.0100000	-0.0100000	-0.0100000	-0.0100000	-0.0100000	-0.0100000
2012-04	0.003	-0.0000344	-0.0000344	-0.0000344	-0.0000344	-0.0000344	-0.0000344	-0.0000344	-0.0000344	-0.0000344	-0.0000344	-0.0000344	-0.0000245	-0.0000245	-0.0000245	-0.0000245	-0.0000245	-0.0000245	-0.0000245	-0.0000245	-0.0000245	-0.0000245
2012-05	0.009	+0.0000001	+0.0000001	+0.0000001	+0.0000001	+0.0000001	+0.0000001	+0.0000001	+0.0000001	+0.0000001	+0.0000001	+0.0000001	+0.0000001	+0.0000001	+0.0000001	+0.0000001	+0.0000001	+0.0000001	+0.0000001	+0.0000001	+0.0000001	+0.0000001
2012-06	-0.002	+0.0000001	+0.0000001	+0.0000001	+0.0000001	+0.0000001	+0.0000001	+0.0000001	+0.0000001	+0.0000001	+0.0000001	+0.0000001	+0.0000001	+0.0000001	+0.0000001	+0.0000001	+0.0000001	+0.0000001	+0.0000001	+0.0000001	+0.0000001	+0.0000001
2012-07	0.007	+0.0000075	+0.0000075	+0.0000075	+0.0000075	+0.0000075	+0.0000075	+0.0000075	+0.0000075	+0.0000075	+0.0000075	+0.0001248	+0.0001248	+0.0001248	+0.0001248	+0.0001248	+0.0001248	+0.0001248	+0.0001248	+0.0001248	+0.0001248	+0.0001248
2012-08	0.002	-0.0000702	-0.0000702	-0.0000702	-0.0000702	-0.0000702	-0.0000702	-0.0000702	-0.0000702	-0.0000702	-0.0000702	+0.0000631	+0.0000631	+0.0000631	+0.0000631	+0.0000631	+0.0000631	+0.0000631	+0.0000631	+0.0000631	+0.0000631	+0.0000631
2012-09	0.003	-0.0000535	-0.0000535	-0.0000535	-0.0000535	-0.0000535	-0.0000535	-0.0000535	-0.0000535	+0.0001456	+0.0001456	+0.0001771	+0.0001771	+0.0001771	+0.0002186	+0.0002186	+0.0002186	+0.0002186	+0.0002186	+0.0002186	+0.0002186	+0.0002186
2012-10	0.001	+0.0000146	+0.0000146	+0.0000146	+0.0000146	+0.0000146	+0.0000146	+0.0000146	+0.0000146	+0.0000146	+0.0000146	+0.0001063	+0.0001063	+0.0001063	+0.0001063	+0.0001063	+0.0001063	+0.0001063	+0.0001063	+0.0001063	+0.0001063	+0.0001063
2012-11	0.007	+0.0000001	+0.0000001	+0.0000001	+0.0000001	+0.0000001	+0.0000001	+0.0000001	+0.0000001	+0.0000001	+0.0000001	+0.0000001	+0.0000001	+0.0000001	+0.0000001	+0.0000001	+0.0000001	+0.0000001	+0.0000001	+0.0000001	+0.0000001	+0.0000001
2012-12	0.001	-0.0000167	-0.0000167	-0.0000167	-0.0000167	-0.0000167	-0.0000167	-0.0000167	-0.0000167	-0.0000167	+0.0001824	+0.0001824	+0.0001824	+0.0001872	+0.0001872	+0.0001872	+0.0001872	+0.0001872	+0.0001872	+0.0001872	+0.0001872	+0.0001872
2013-01	-0.004	-0.0100000	-0.0100000	-0.0100000	-0.0100000	-0.0100000	-0.0100000	-0.0100000	-0.0100000	-0.0100000	-0.0100000	-0.0100000	-0.0100000	-0.0100000	-0.0100000	-0.0100000	-0.0100000	-0.0100000	-0.0100000	-0.0100000	-0.0100000	-0.0100000
2013-02	0.002	-0.0100000	-0.0100000	-0.0100000	-0.0100000	-0.0100000	-0.0100000	-0.0100000	-0.0100000	-0.0100000	-0.0100000	-0.0100000	-0.0100000	-0.0100000	-0.0100000	-0.0100000	-0.0100000	-0.0100000	-0.0100000	-0.0100000	-0.0100000	-0.0100000
2013-03	0.006	-0.0100000	-0.0100000	-0.0100000	-0.0100000	-0.0100000	-0.0100000	-0.0100000	-0.0100000	-0.0100000	-0.0100000	-0.0100000	-0.0100000	-0.0100000	-0.0100000	-0.0100000	-0.0100000	-0.0100000	-0.0100000	-0.0100000	-0.0100000	-0.0100000
2013-04	0.013	-0.0100000	-0.0100000	-0.0100000	-0.0100000	-0.0100000	-0.0100000	-0.0100000	-0.0100000	-0.0100000	-0.0100000	-0.0100000	-0.0100000	-0.0100000	-0.0100000	-0.0100000	-0.0100000	-0.0100000	-0.0100000	-0.0100000	-0.0100000	-0.0100000
2013-05	-0.013	+0.0000001	+0.0000001	+0.0000001	+0.0000001	+0.0000001	+0.0000001	+0.0000001	+0.0000001	+0.0000001	+0.0000001	+0.0000001	+0.0000001	+0.0000001	+0.0000001	+0.0000001	+0.0000001	+0.0000001	+0.0000001	+0.0000001	+0.0000001	+0.0000001
2013-06	-0.012	-0.0000094	-0.0000094	-0.0000094	-0.0000094	-0.0000094	-0.0000094	-0.0000094	-0.0000094	-0.0000094	-0.0000094	+0.0000001	+0.0000001	+0.0000001	+0.0000001	+0.0000001	+0.0000001	+0.0000001	+0.0000001	+0.0000001	+0.0000001	+0.0000001
2013-07	0.003	+0.0000001	+0.0000001	+0.0000001	+0.0000001	+0.0000001	+0.0000001	+0.0000001	+0.0000001	+0.0000001	+0.0000001	+0.0000001	+0.0000001	+0.0000001	+0.0000001	+0.0000001	+0.0000001	+0.0000001	+0.0000001	+0.0000001	+0.0000001	+0.0000001
2013-08	-0.002	-0.0002246	-0.0002246	-0.0002246	-0.0002246	-0.0002246	-0.0002246	-0.0002246	-0.0002246	-0.0002246	-0.0002246	-0.0002246	+0.0000382	+0.0000382	+0.0000382	+0.0000382	+0.0000382	+0.0000382	+0.0000382	+0.0000382	+0.0000382	+0.0000382
2013-09	0.005	-0.0000312	-0.0000312	-0.0000312	-0.0000312	-0.0000312	-0.0000312	-0.0000312	-0.0000312	-0.0000240	-0.0000240	-0.0000240	-0.0000095	-0.0000095	+0.0000121	+0.0000121	+0.0000121	+0.0000121	+0.0000121	+0.0000121	+0.0000121	+0.0000121
2013-10	0.008	+0.0000001	+0.0000001	+0.0000001	+0.0000001	+0.0000001	+0.0000001	+0.0000001	+0.0000001	+0.0000001	+0.0000001	+0.0000001	+0.0000001	+0.0000001	+0.0000001	+0.0000001	+0.0000001	+0.0000001	+0.0000001	+0.0000001	+0.0000001	+0.0000001
2013-11	0.001	+0.0000001	+0.0000001	+0.0000001	+0.0000001	+0.0000001	+0.0000001	+0.0000001	+0.0000001	+0.0000001	+0.0000001	+0.0000001	+0.0000001	+0.0000001	+0.0000001	+0.0000001	+0.0000001	+0.0000001	+0.0000001	+0.0000001	+0.0000001	+0.0000001
2013-12	-0.006	-0.0000238	-0.0000238	-0.0000238	-0.0000238	-0.0000238	-0.0000238	-0.0000238	-0.0000238	-0.0000238	-0.0000238	+0.0002169	+0.0002169	+0.0002169	+0.0002169	+0.0002169	+0.0002169	+0.0002169	+0.0002169	+0.0002169	+0.0002169	+0.0002169
2014-01	0.011	-0.0100000	-0.0100000	-0.0100000	-0.0100000	-0.0100000	-0.0100000	-0.0100000	-0.0100000	-0.0100000	-0.0100000	-0.0100000	-0.0100000	-0.0100000	-0.0100000	-0.0100000	-0.0100000	-0.0100000	-0.0100000	-0.0100000	-0.0100000	-0.0100000
2014-02	0.007	-0.0100000	-0.0100000	-0.0100000	-0.0100000	-0.0100000	-0.0100000	-0.0100000	-0.0100000	-0.0100000	-0.0100000	-0.0100000	-0.0100000	-0.0100000	-0.0100000	-0.0100000	-0.0100000	-0.0100000	-0.0100000	-0.0100000	-0.0100000	-0.0100000
2014-03	0.000	-0.0100000	-0.0100000	-0.0100000	-0.0100000	-0.0100000	-0.0100000	-0.0100000	-0.0100000	-0.0100000	-0.0100000	-0.0100000	-0.0100000	-0.0100000	-0.0100000	-0.0100000	-0.0100000	-0.0100000	-0.0100000	-0.0100000	-0.0100000	-0.0100000
2014-04	0.004	-0.0100000	-0.0100000	-0.0100000	-0.0100000	-0.0100000	-0.0100000	-0.0100000	-0.0100000	-0.0100000	-0.0100000	-0.0100000	-0.0100000	-0.0100000	-0.0100000	-0.0100000	-0.0100000	-0.0100000	-0.0100000	-0.0100000	-0.0100000	-0.0100000
2014-05	0.008	+0.0000001	+0.0000001	+0.0000001	+0.0000001	+0.0000001	+0.0000001	+0.0000001	+0.0000001	+0.0000001	+0.0000001	+0.0000001	+0.0000001	+0.0000001	+0.0000001	+0.0000001	+0.0000001	+0.0000001	+0.0000001	+0.0000001	+0.0000001	+0.0000001
2014-06	0.003	+0.0000001	+0.0000001	+0.0000001	+0.0000001	+0.0000001	+0.0000001	+0.0000001	+0.0000001	+0.0000001	+0.0000001	+0.0000001	+0.0000001	+0.0000001	+0.0000001	+0.0000001	+0.0000001	+0.0000001	+0.0000001	+0.0000001	+0.0000001	+0.0000001
2014-07	0.003	+0.0000001	+0.0000001	+0.0000001	+0.0000001	+0.0000001	+0.0000001	+0.0000001	+0.0000001	+0.0000001	+0.0000001	+0.0000001	+0.0000001	+0.0000001	+0.0000001	+0.0000001	+0.0000001	+0.0000001	+0.0000001	+0.0000001	+0.0000001	+0.0000001
2014-08	0.011	+0.0000511	+0.0000511	+0.0000511	+0.0000511	+0.0000511	+0.0000511	+0.0000511	+0.0000511	+0.0000511	+0.0002056	+0.0002056	+0.0002056	+0.0002399	+0.0002399	+0.0002399	+0.0002399	+0.0002399	+0.0002399	+0.0002399	+0.0002399	+0.0002399
2014-09	-0.004	+0.0000555	+0.0000555	+0.0000555	+0.0000555	+0.0000555	+0.0000555	+0.0000555	+0.0000555	+0.0000555	+0.0003346	+0.0003346	+0.0003346	+0.0003621	+0.0003621	+0.0003621	+0.0003621	+0.0003621	+0.0003621	+0.0003621	+0.0003621	+0.0003621
2014-10	0.005	+0.0000001	+0.0000001	+0.0000001	+0.0000001	+0.0000001	+0.0000001	+0.0000001	+0.0000001	+0.0000001	+0.0000001	+0.0000001	+0.0000001	+0.0000001	+0.0000001	+0.0000001	+0.0000001	+0.0000001	+0.0000001	+0.0000001	+0.0000001	+0.0000001
2014-11	0.010	+0.0000069	+0.0000069	+0.0000069	+0.0000069	+0.0000069	+0.0000069	+0.0000069	+0.0000069	+0.0000069	+0.0000069	+0.0000228	+0.0000228	+0.0000228	+0.0000228	+0.0000228	+0.0000228	+0.0000228	+0.0000228	+0.0000228	+0.0000228	+0.0000228
2014-12	0.007	-0.0100000	-0.0100000	-0.0100000	-0.0100000	-0.0100000	-0.0100000	-0.0100000	-0.0100000	-0.0100000	-0.0100000	-0.0100000	-0.0100000	-0.0100000	-0.0100000	-0.0100000	-0.0100000	-0.0100000	-0.0100000	-0.0100000	-0.0100000	-0.0100000
2015-01	0.016	-0.0100000	-0.0100000	-0.0100000	-0.0100000	-0.0100000	-0.0100000	-0.0100000	-0.0100000	-0.0100000	-0.0100000	-0.0100000	-0.0100000	-0.0100000	-0.0100000	-0.0100000	-0.0100000	-0.0100000	-0.0100000	-0.0100000	-0.0100000	-0.0100000
2015-02	-0.001	-0.0100000	-0.0100000	-0.0100000	-0.0100000	-0.0100000	-0.0100000	-0.0100000	-0.0100000	-0.0100000	-0.0100000	-0.0100000	-0.0100000	-0.0100000	-0.0100000	-0.0100000	-0.0100000	-0.0100000	-0.0100000	-0.0100000	-0.0100000	-0.0100000
