2011-03	0.039	-0.0100000	-0.0100000	-0.0100000	-0.0100000	-0.0100000	-0.0100000	-0.0100000	-0.0100000	-0.0100000	-0.0100000	-0.0100000	-0.0100000	-0.0100000	-0.0100000	-0.0100000	-0.0100000	-0.0100000	-0.0100000	-0.0100000	-0.0100000	-0.0100000
2011-04	0.034	+0.0000001	+0.0000001	+0.0000001	+0.0000001	+0.0000001	+0.0000001	+0.0000001	+0.0000001	+0.0000001	+0.0000001	+0.0000001	+0.0000001	+0.0000001	+0.0000001	+0.0000001	+0.0000001	+0.0000001	+0.0000001	+0.0000001	+0.0000001	+0.0000001
2011-05	-0.018	+0.0000060	+0.0000060	+0.0000060	+0.0000060	+0.0000060	+0.0000060	+0.0000060	+0.0000060	+0.0000060	+0.0000060	+0.0017190	+0.0017190	+0.0017190	+0.0017190	+0.0017190	+0.0017190	+0.0017190	+0.0017190	+0.0017190	+0.0017190	+0.0017190
2011-06	0.018	-0.0100000	-0.0100000	-0.0100000	-0.0100000	-0.0100000	-0.0100000	-0.0100000	-0.0100000	-0.0100000	-0.0100000	-0.0100000	-0.0100000	-0.0100000	-0.0100000	-0.0100000	-0.0100000	-0.0100000	-0.0100000	-0.0100000	-0.0100000	-0.0100000
2011-07	-0.023	+0.0000001	+0.0000001	+0.0000001	+0.0000001	+0.0000001	+0.0000001	+0.0000001	+0.0000001	+0.0000001	+0.0000001	+0.0000001	+0.0000001	+0.0000001	+0.0000001	+0.0000001	+0.0000001	+0.0000001	+0.0000001	+0.0000001	+0.0000001	+0.0000001
2011-08	0.003	-0.0005367	-0.0005367	-0.0005367	-0.0005367	-0.0005367	-0.0005367	-0.0005367	-0.0005367	-0.0005367	-0.0005367	-0.0005367	+0.0001973	+0.0001973	+0.0001973	+0.0001973	+0.0001973	+0.0001973	+0.0001973	+0.0001973	+0.0001973	+0.0001973
2011-09	-0.112	-0.0007168	-0.0007168	-0.0007168	-0.0007168	-0.0007168	-0.0007168	-0.0007168	-0.0007168	-0.0007168	-0.0006467	-0.0006467	-0.0006467	-0.0001502	-0.0001502	-0.0001502	-0.0001502	-0.0001502	-0.0001502	-0.0001502	-0.0001502	-0.0001502
2011-10	0.076	-0.0030759	-0.0030759	-0.0030759	-0.0030759	-0.0030759	-0.0030759	-0.0030759	-0.0030759	-0.0030759	-0.0028092	-0.0028092	-0.0028092	+0.0001041	+0.0001041	+0.0001041	+0.0001041	+0.0001041	+0.0001041	+0.0001041	+0.0001041	+0.0001041
2011-11	-0.045	-0.0100000	-0.0100000	-0.0100000	-0.0100000	-0.0100000	-0.0100000	-0.0100000	-0.0100000	-0.0100000	-0.0100000	-0.0100000	-0.0100000	-0.0100000	-0.0100000	-0.0100000	-0.0100000	-0.0100000	-0.0100000	-0.0100000	-0.0100000	-0.0100000
2011-12	-0.016	-0.0100000	-0.0100000	-0.0100000	-0.0100000	-0.0100000	-0.0100000	-0.0100000	-0.0100000	-0.0100000	-0.0100000	-0.0100000	-0.0100000	-0.0100000	-0.0100000	-0.0100000	-0.0100000	-0.0100000	-0.0100000	-0.0100000	-0.0100000	-0.0100000
2012-01	0.056	+0.0000001	+0.0000001	+0.0000001	+0.0000001	+0.0000001	+0.0000001	+0.0000001	+0.0000001	+0.0000001	+0.0000001	+0.0000001	+0.0000001	+0.0000001	+0.0000001	+0.0000001	+0.0000001	+0.0000001	+0.0000001	+0.0000001	+0.0000001	+0.0000001
2012-02	0.081	-0.0100000	-0.0100000	-0.0100000	-0.0100000	-0.0100000	-0.0100000	-0.0100000	-0.0100000	-0.0100000	-0.0100000	-0.0100000	-0.0100000	-0.0100000	-0.0100000	-0.0100000	-0.0100000	-0.0100000	-0.0100000	-0.0100000	-0.0100000	-0.0100000
2012-03	-0.036	-0.0100000	-0.0100000	-0.0100000	-0.0100000	-0.0100000	-0.0100000	-0.0100000	-0.0100000	-0.0100000	-0.0100000	-0.0100000	-0.0100000	-0.0100000	-0.0100000	-0.0100000	-0.0100000	-0.0100000	-0.0100000	-0.0100000	-0.0100000	-0.0100000
2012-04	-0.022	-0.0001553	-0.0001553	-0.0001553	-0.0001553	-0.0001553	-0.0001553	-0.0001553	-0.0001553	-0.0001553	-0.0001553	+0.0011414	+0.0011414	+0.0011414	+0.0011414	+0.0011414	+0.0011414	+0.0011414	+0.0011414	+0.0011414	+0.0011414	+0.0011414
2012-05	-0.066	+0.0000001	+0.0000001	+0.0000001	+0.0000001	+0.0000001	+0.0000001	+0.0000001	+0.0000001	+0.0000001	+0.0000001	+0.0000001	+0.0000001	+0.0000001	+0.0000001	+0.0000001	+0.0000001	+0.0000001	+0.0000001	+0.0000001	+0.0000001	+0.0000001
2012-06	-0.010	+0.0000001	+0.0000001	+0.0000001	+0.0000001	+0.0000001	+0.0000001	+0.0000001	+0.0000001	+0.0000001	+0.0000001	+0.0000001	+0.0000001	+0.0000001	+0.0000001	+0.0000001	+0.0000001	+0.0000001	+0.0000001	+0.0000001	+0.0000001	+0.0000001
2012-07	0.011	-0.0012568	-0.0012568	-0.0012568	-0.0012568	-0.0012568	-0.0012568	-0.0012568	-0.0012568	-0.0012568	-0.0012568	-0.0012568	-0.0000940	-0.0000940	-0.0000940	-0.0000940	-0.0000940	-0.0000940	-0.0000940	-0.0000940	-0.0000940	-0.0000940
2012-08	0.006	+0.0001938	+0.0001938	+0.0001938	+0.0001938	+0.0001938	+0.0001938	+0.0001938	+0.0001938	+0.0001938	+0.0001938	+0.0001938	+0.0002826	+0.0002826	+0.0002826	+0.0002826	+0.0002826	+0.0002826	+0.0002826	+0.0002826	+0.0002826	+0.0002826
2012-09	0.001	-0.0005627	-0.0005627	-0.0005627	-0.0005627	-0.0005627	-0.0005627	-0.0005627	-0.0005627	-0.0003805	-0.0003805	-0.0003353	-0.0003353	-0.0003353	+0.0001355	+0.0001355	+0.0001355	+0.0001355	+0.0001355	+0.0001355	+0.0001355	+0.0001355
2012-10	0.033	-0.0002389	-0.0002389	-0.0002389	-0.0002389	-0.0002389	-0.0002389	-0.0002389	-0.0002389	-0.0002389	-0.0002389	+0.0003213	+0.0003213	+0.0003213	+0.0003213	+0.0003213	+0.0003213	+0.0003213	+0.0003213	+0.0003213	+0.0003213	+0.0003213
2012-11	-0.001	+0.0000001	+0.0000001	+0.0000001	+0.0000001	+0.0000001	+0.0000001	+0.0000001	+0.0000001	+0.0000001	+0.0000001	+0.0000001	+0.0000001	+0.0000001	+0.0000001	+0.0000001	+0.0000001	+0.0000001	+0.0000001	+0.0000001	+0.0000001	+0.0000001
2012-12	0.067	-0.0001085	-0.0001085	-0.0001085	-0.0001085	-0.0001085	-0.0001085	-0.0001085	-0.0001085	-0.0001085	+0.0006139	+0.0006139	+0.0006139	+0.0007003	+0.0007003	+0.0007003	+0.0007003	+0.0007003	+0.0007003	+0.0007003	+0.0007003	+0.0007003
2013-01	0.059	-0.0100000	-0.0100000	-0.0100000	-0.0100000	-0.0100000	-0.0100000	-0.0100000	-0.0100000	-0.0100000	-0.0100000	-0.0100000	-0.0100000	-0.0100000	-0.0100000	-0.0100000	-0.0100000	-0.0100000	-0.0100000	-0.0100000	-0.0100000	-0.0100000
2013-02	0.014	-0.0100000	-0.0100000	-0.0100000	-0.0100000	-0.0100000	-0.0100000	-0.0100000	-0.0100000	-0.0100000	-0.0100000	-0.0100000	-0.0100000	-0.0100000	-0.0100000	-0.0100000	-0.0100000	-0.0100000	-0.0100000	-0.0100000	-0.0100000	-0.0100000
2013-03	-0.004	-0.0100000	-0.0100000	-0.0100000	-0.0100000	-0.0100000	-0.0100000	-0.0100000	-0.0100000	-0.0100000	-0.0100000	-0.0100000	-0.0100000	-0.0100000	-0.0100000	-0.0100000	-0.0100000	-0.0100000	-0.0100000	-0.0100000	-0.0100000	-0.0100000
2013-04	0.046	-0.0100000	-0.0100000	-0.0100000	-0.0100000	-0.0100000	-0.0100000	-0.0100000	-0.0100000	-0.0100000	-0.0100000	-0.0100000	-0.0100000	-0.0100000	-0.0100000	-0.0100000	-0.0100000	-0.0100000	-0.0100000	-0.0100000	-0.0100000	-0.0100000
2013-05	-0.016	+0.0000001	+0.0000001	+0.0000001	+0.0000001	+0.0000001	+0.0000001	+0.0000001	+0.0000001	+0.0000001	+0.0000001	+0.0000001	+0.0000001	+0.0000001	+0.0000001	+0.0000001	+0.0000001	+0.0000001	+0.0000001	+0.0000001	+0.0000001	+0.0000001
2013-06	-0.067	+0.0002265	+0.0002265	+0.0002265	+0.0002265	+0.0002265	+0.0002265	+0.0002265	+0.0002265	+0.0002265	+0.0002265	+0.0006898	+0.0006898	+0.0006898	+0.0006898	+0.0006898	+0.0006898	+0.0006898	+0.0006898	+0.0006898	+0.0006898	+0.0006898
2013-07	-0.025	+0.0000001	+0.0000001	+0.0000001	+0.0000001	+0.0000001	+0.0000001	+0.0000001	+0.0000001	+0.0000001	+0.0000001	+0.0000001	+0.0000001	+0.0000001	+0.0000001	+0.0000001	+0.0000001	+0.0000001	+0.0000001	+0.0000001	+0.0000001	+0.0000001
2013-08	-0.032	-0.0017347	-0.0017347	-0.0017347	-0.0017347	-0.0017347	-0.0017347	-0.0017347	-0.0017347	-0.0017347	-0.0017347	-0.0017347	+0.0000511	+0.0000511	+0.0000511	+0.0000511	+0.0000511	+0.0000511	+0.0000511	+0.0000511	+0.0000511	+0.0000511
2013-09	0.039	-0.0014424	-0.0014424	-0.0014424	-0.0014424	-0.0014424	-0.0014424	-0.0014424	-0.0014424	-0.0013571	-0.0013571	-0.0013571	-0.0011424	-0.0011424	+0.0001104	+0.0001104	+0.0001104	+0.0001104	+0.0001104	+0.0001104	+0.0001104	+0.0001104
2013-10	0.030	+0.0000001	+0.0000001	+0.0000001	+0.0000001	+0.0000001	+0.0000001	+0.0000001	+0.0000001	+0.0000001	+0.0000001	+0.0000001	+0.0000001	+0.0000001	+0.0000001	+0.0000001	+0.0000001	+0.0000001	+0.0000001	+0.0000001	+0.0000001	+0.0000001
2013-11	-0.017	+0.0000001	+0.0000001	+0.0000001	+0.0000001	+0.0000001	+0.0000001	+0.0000001	+0.0000001	+0.0000001	+0.0000001	+0.0000001	+0.0000001	+0.0000001	+0.0000001	+0.0000001	+0.0000001	+0.0000001	+0.0000001	+0.0000001	+0.0000001	+0.0000001
2013-12	0.017	-0.0000613	-0.0000613	-0.0000613	-0.0000613	-0.0000613	-0.0000613	-0.0000613	-0.0000613	-0.0000613	-0.0000613	-0.0000613	+0.0000669	+0.0000669	+0.0000669	+0.0000669	+0.0000669	+0.0000669	+0.0000669	+0.0000669	+0.0000669	+0.0000669
2014-01	-0.040	-0.0100000	-0.0100000	-0.0100000	-0.0100000	-0.0100000	-0.0100000	-0.0100000	-0.0100000	-0.0100000	-0.0100000	-0.0100000	-0.0100000	-0.0100000	-0.0100000	-0.0100000	-0.0100000	-0.0100000	-0.0100000	-0.0100000	-0.0100000	-0.0100000
2014-02	0.035	-0.0100000	-0.0100000	-0.0100000	-0.0100000	-0.0100000	-0.0100000	-0.0100000	-0.0100000	-0.0100000	-0.0100000	-0.0100000	-0.0100000	-0.0100000	-0.0100000	-0.0100000	-0.0100000	-0.0100000	-0.0100000	-0.0100000	-0.0100000	-0.0100000
2014-03	0.025	-0.0100000	-0.0100000	-0.0100000	-0.0100000	-0.0100000	-0.0100000	-0.0100000	-0.0100000	-0.0100000	-0.0100000	-0.0100000	-0.0100000	-0.0100000	-0.0100000	-0.0100000	-0.0100000	-0.0100000	-0.0100000	-0.0100000	-0.0100000	-0.0100000
2014-04	0.012	-0.0100000	-0.0100000	-0.0100000	-0.0100000	-0.0100000	-0.0100000	-0.0100000	-0.0100000	-0.0100000	-0.0100000	-0.0100000	-0.0100000	-0.0100000	-0.0100000	-0.0100000	-0.0100000	-0.0100000	-0.0100000	-0.0100000	-0.0100000	-0.0100000
2014-05	0.009	+0.0000001	+0.0000001	+0.0000001	+0.0000001	+0.0000001	+0.0000001	+0.0000001	+0.0000001	+0.0000001	+0.0000001	+0.0000001	+0.0000001	+0.0000001	+0.0000001	+0.0000001	+0.0000001	+0.0000001	+0.0000001	+0.0000001	+0.0000001	+0.0000001
2014-06	0.015	+0.0000001	+0.0000001	+0.0000001	+0.0000001	+0.0000001	+0.0000001	+0.0000001	+0.0000001	+0.0000001	+0.0000001	+0.0000001	+0.0000001	+0.0000001	+0.0000001	+0.0000001	+0.0000001	+0.0000001	+0.0000001	+0.0000001	+0.0000001	+0.0000001
2014-07	-0.000	+0.0000001	+0.0000001	+0.0000001	+0.0000001	+0.0000001	+0.0000001	+0.0000001	+0.0000001	+0.0000001	+0.0000001	+0.0000001	+0.0000001	+0.0000001	+0.0000001	+0.0000001	+0.0000001	+0.0000001	+0.0000001	+0.0000001	+0.0000001	+0.0000001
2014-08	0.015	+0.0002233	+0.0002233	+0.0002233	+0.0002233	+0.0002233	+0.0002233	+0.0002233	+0.0002233	+0.0002233	+0.0004357	+0.0004357	+0.0004357	+0.0006213	+0.0006213	+0.0006213	+0.0006213	+0.0006213	+0.0006213	+0.0006213	+0.0006213	+0.0006213
2014-09	-0.031	-0.0000149	-0.0000149	-0.0000149	-0.0000149	-0.0000149	-0.0000149	-0.0000149	-0.0000149	-0.0000149	+0.0003675	+0.0003675	+0.0003675	+0.0004607	+0.0004607	+0.0004607	+0.0004607	+0.0004607	+0.0004607	+0.0004607	+0.0004607	+0.0004607
2014-10	0.016	+0.0000001	+0.0000001	+0.0000001	+0.0000001	+0.0000001	+0.0000001	+0.0000001	+0.0000001	+0.0000001	+0.0000001	+0.0000001	+0.0000001	+0.0000001	+0.0000001	+0.0000001	+0.0000001	+0.0000001	+0.0000001	+0.0000001	+0.0000001	+0.0000001
2014-11	0.025	-0.0004968	-0.0004968	-0.0004968	-0.0004968	-0.0004968	-0.0004968	-0.0004968	-0.0004968	-0.0004968	-0.0004968	-0.0004968	+0.0000269	+0.0000269	+0.0000269	+0.0000269	+0.0000269	+0.0000269	+0.0000269	+0.0000269	+0.0000269	+0.0000269
2014-12	-0.037	-0.0100000	-0.0100000	-0.0100000	-0.0100000	-0.0100000	-0.0100000	-0.0100000	-0.0100000	-0.0100000	-0.0100000	-0.0100000	-0.0100000	-0.0100000	-0.0100000	-0.0100000	-0.0100000	-0.0100000	-0.0100000	-0.0100000	-0.0100000	-0.0100000
2015-01	0.027	-0.0100000	-0.0100000	-0.0100000	-0.0100000	-0.0100000	-0.0100000	-0.0100000	-0.0100000	-0.0100000	-0.0100000	-0.0100000	-0.0100000	-0.0100000	-0.0100000	-0.0100000	-0.0100000	-0.0100000	-0.0100000	-0.0100000	-0.0100000	-0.0100000
2015-02	-0.026	-0.0100000	-0.0100000	-0.0100000	-0.0100000	-0.0100000	-0.0100000	-0.0100000	-0.0100000	-0.0100000	-0.0100000	-0.0100000	-0.0100000	-0.0100000	-0.0100000	-0.0100000	-0.0100000	-0.0100000	-0.0100000	-0.0100000	-0.0100000	-0.0100000
