2012-02	0.036	-0.0100000	-0.0100000	-0.0100000	-0.0100000	-0.0100000	-0.0100000	-0.0100000	-0.0100000	-0.0100000	-0.0100000	-0.0100000	-0.0100000	-0.0100000	-0.0100000	-0.0100000	-0.0100000	-0.0100000	-0.0100000	-0.0100000	-0.0100000	-0.0100000
2012-03	-0.030	-0.0100000	-0.0100000	-0.0100000	-0.0100000	-0.0100000	-0.0100000	-0.0100000	-0.0100000	-0.0100000	-0.0100000	-0.0100000	-0.0100000	-0.0100000	-0.0100000	-0.0100000	-0.0100000	-0.0100000	-0.0100000	-0.0100000	-0.0100000	-0.0100000
2012-04	-0.010	+0.0000654	+0.0000654	+0.0000654	+0.0000654	+0.0000654	+0.0000654	+0.0000654	+0.0000654	+0.0000654	+0.0000654	+0.0004120	+0.0004120	+0.0004120	+0.0004120	+0.0004120	+0.0004120	+0.0004120	+0.0004120	+0.0004120	+0.0004120	+0.0004120
2012-05	-0.057	+0.0000001	+0.0000001	+0.0000001	+0.0000001	+0.0000001	+0.0000001	+0.0000001	+0.0000001	+0.0000001	+0.0000001	+0.0000001	+0.0000001	+0.0000001	+0.0000001	+0.0000001	+0.0000001	+0.0000001	+0.0000001	+0.0000001	+0.0000001	+0.0000001
2012-06	-0.046	+0.0000001	+0.0000001	+0.0000001	+0.0000001	+0.0000001	+0.0000001	+0.0000001	+0.0000001	+0.0000001	+0.0000001	+0.0000001	+0.0000001	+0.0000001	+0.0000001	+0.0000001	+0.0000001	+0.0000001	+0.0000001	+0.0000001	+0.0000001	+0.0000001
2012-07	0.033	-0.0024500	-0.0024500	-0.0024500	-0.0024500	-0.0024500	-0.0024500	-0.0024500	-0.0024500	-0.0024500	-0.0024500	-0.0024500	+0.0000025	+0.0000025	+0.0000025	+0.0000025	+0.0000025	+0.0000025	+0.0000025	+0.0000025	+0.0000025	+0.0000025
2012-08	0.003	+0.0000284	+0.0000284	+0.0000284	+0.0000284	+0.0000284	+0.0000284	+0.0000284	+0.0000284	+0.0000284	+0.0000284	+0.0000284	+0.0004578	+0.0004578	+0.0004578	+0.0004578	+0.0004578	+0.0004578	+0.0004578	+0.0004578	+0.0004578	+0.0004578
2012-09	0.010	-0.0007705	-0.0007705	-0.0007705	-0.0007705	-0.0007705	-0.0007705	-0.0007705	-0.0007705	-0.0004399	-0.0004399	-0.0004399	-0.0001376	-0.0001376	+0.0004280	+0.0004280	+0.0004280	+0.0004280	+0.0004280	+0.0004280	+0.0004280	+0.0004280
2012-10	0.070	-0.0000622	-0.0000622	-0.0000622	-0.0000622	-0.0000622	-0.0000622	-0.0000622	-0.0000622	-0.0000622	-0.0000622	+0.0005755	+0.0005755	+0.0005755	+0.0005755	+0.0005755	+0.0005755	+0.0005755	+0.0005755	+0.0005755	+0.0005755	+0.0005755
2012-11	-0.002	+0.0000001	+0.0000001	+0.0000001	+0.0000001	+0.0000001	+0.0000001	+0.0000001	+0.0000001	+0.0000001	+0.0000001	+0.0000001	+0.0000001	+0.0000001	+0.0000001	+0.0000001	+0.0000001	+0.0000001	+0.0000001	+0.0000001	+0.0000001	+0.0000001
2012-12	0.087	-0.0004296	-0.0004296	-0.0004296	-0.0004296	-0.0004296	-0.0004296	-0.0004296	-0.0004296	-0.0004296	+0.0013204	+0.0013204	+0.0013204	+0.0017070	+0.0017070	+0.0017070	+0.0017070	+0.0017070	+0.0017070	+0.0017070	+0.0017070	+0.0017070
2013-01	0.101	-0.0100000	-0.0100000	-0.0100000	-0.0100000	-0.0100000	-0.0100000	-0.0100000	-0.0100000	-0.0100000	-0.0100000	-0.0100000	-0.0100000	-0.0100000	-0.0100000	-0.0100000	-0.0100000	-0.0100000	-0.0100000	-0.0100000	-0.0100000	-0.0100000
2013-02	-0.011	-0.0100000	-0.0100000	-0.0100000	-0.0100000	-0.0100000	-0.0100000	-0.0100000	-0.0100000	-0.0100000	-0.0100000	-0.0100000	-0.0100000	-0.0100000	-0.0100000	-0.0100000	-0.0100000	-0.0100000	-0.0100000	-0.0100000	-0.0100000	-0.0100000
2013-03	0.008	-0.0100000	-0.0100000	-0.0100000	-0.0100000	-0.0100000	-0.0100000	-0.0100000	-0.0100000	-0.0100000	-0.0100000	-0.0100000	-0.0100000	-0.0100000	-0.0100000	-0.0100000	-0.0100000	-0.0100000	-0.0100000	-0.0100000	-0.0100000	-0.0100000
2013-04	0.044	-0.0100000	-0.0100000	-0.0100000	-0.0100000	-0.0100000	-0.0100000	-0.0100000	-0.0100000	-0.0100000	-0.0100000	-0.0100000	-0.0100000	-0.0100000	-0.0100000	-0.0100000	-0.0100000	-0.0100000	-0.0100000	-0.0100000	-0.0100000	-0.0100000
2013-05	-0.028	+0.0000001	+0.0000001	+0.0000001	+0.0000001	+0.0000001	+0.0000001	+0.0000001	+0.0000001	+0.0000001	+0.0000001	+0.0000001	+0.0000001	+0.0000001	+0.0000001	+0.0000001	+0.0000001	+0.0000001	+0.0000001	+0.0000001	+0.0000001	+0.0000001
2013-06	-0.106	+0.0000001	+0.0000001	+0.0000001	+0.0000001	+0.0000001	+0.0000001	+0.0000001	+0.0000001	+0.0000001	+0.0000001	+0.0004055	+0.0004055	+0.0004055	+0.0004055	+0.0004055	+0.0004055	+0.0004055	+0.0004055	+0.0004055	+0.0004055	+0.0004055
2013-07	-0.044	+0.0000001	+0.0000001	+0.0000001	+0.0000001	+0.0000001	+0.0000001	+0.0000001	+0.0000001	+0.0000001	+0.0000001	+0.0000001	+0.0000001	+0.0000001	+0.0000001	+0.0000001	+0.0000001	+0.0000001	+0.0000001	+0.0000001	+0.0000001	+0.0000001
2013-08	-0.043	-0.0031178	-0.0031178	-0.0031178	-0.0031178	-0.0031178	-0.0031178	-0.0031178	-0.0031178	-0.0031178	-0.0031178	-0.0031178	+0.0004468	+0.0004468	+0.0004468	+0.0004468	+0.0004468	+0.0004468	+0.0004468	+0.0004468	+0.0004468	+0.0004468
2013-09	0.032	-0.0028521	-0.0028521	-0.0028521	-0.0028521	-0.0028521	-0.0028521	-0.0028521	-0.0028521	-0.0023276	-0.0023276	-0.0019039	-0.0019039	-0.0019039	+0.0004203	+0.0004203	+0.0004203	+0.0004203	+0.0004203	+0.0004203	+0.0004203	+0.0004203
2013-10	0.036	+0.0000001	+0.0000001	+0.0000001	+0.0000001	+0.0000001	+0.0000001	+0.0000001	+0.0000001	+0.0000001	+0.0000001	+0.0000001	+0.0000001	+0.0000001	+0.0000001	+0.0000001	+0.0000001	+0.0000001	+0.0000001	+0.0000001	+0.0000001	+0.0000001
2013-11	-0.056	+0.0000001	+0.0000001	+0.0000001	+0.0000001	+0.0000001	+0.0000001	+0.0000001	+0.0000001	+0.0000001	+0.0000001	+0.0000001	+0.0000001	+0.0000001	+0.0000001	+0.0000001	+0.0000001	+0.0000001	+0.0000001	+0.0000001	+0.0000001	+0.0000001
2013-12	0.010	-0.0005143	-0.0005143	-0.0005143	-0.0005143	-0.0005143	-0.0005143	-0.0005143	-0.0005143	-0.0005143	-0.0005143	-0.0004457	-0.0004457	-0.0004457	-0.0004457	-0.0004457	-0.0004457	-0.0004457	-0.0004457	-0.0004457	-0.0004457	-0.0004457
2014-01	-0.074	-0.0100000	-0.0100000	-0.0100000	-0.0100000	-0.0100000	-0.0100000	-0.0100000	-0.0100000	-0.0100000	-0.0100000	-0.0100000	-0.0100000	-0.0100000	-0.0100000	-0.0100000	-0.0100000	-0.0100000	-0.0100000	-0.0100000	-0.0100000	-0.0100000
2014-02	0.068	-0.0100000	-0.0100000	-0.0100000	-0.0100000	-0.0100000	-0.0100000	-0.0100000	-0.0100000	-0.0100000	-0.0100000	-0.0100000	-0.0100000	-0.0100000	-0.0100000	-0.0100000	-0.0100000	-0.0100000	-0.0100000	-0.0100000	-0.0100000	-0.0100000
2014-03	0.050	-0.0100000	-0.0100000	-0.0100000	-0.0100000	-0.0100000	-0.0100000	-0.0100000	-0.0100000	-0.0100000	-0.0100000	-0.0100000	-0.0100000	-0.0100000	-0.0100000	-0.0100000	-0.0100000	-0.0100000	-0.0100000	-0.0100000	-0.0100000	-0.0100000
2014-04	0.028	-0.0100000	-0.0100000	-0.0100000	-0.0100000	-0.0100000	-0.0100000	-0.0100000	-0.0100000	-0.0100000	-0.0100000	-0.0100000	-0.0100000	-0.0100000	-0.0100000	-0.0100000	-0.0100000	-0.0100000	-0.0100000	-0.0100000	-0.0100000	-0.0100000
2014-05	0.007	+0.0000001	+0.0000001	+0.0000001	+0.0000001	+0.0000001	+0.0000001	+0.0000001	+0.0000001	+0.0000001	+0.0000001	+0.0000001	+0.0000001	+0.0000001	+0.0000001	+0.0000001	+0.0000001	+0.0000001	+0.0000001	+0.0000001	+0.0000001	+0.0000001
2014-06	0.036	+0.0000001	+0.0000001	+0.0000001	+0.0000001	+0.0000001	+0.0000001	+0.0000001	+0.0000001	+0.0000001	+0.0000001	+0.0000001	+0.0000001	+0.0000001	+0.0000001	+0.0000001	+0.0000001	+0.0000001	+0.0000001	+0.0000001	+0.0000001	+0.0000001
2014-07	0.001	+0.0000001	+0.0000001	+0.0000001	+0.0000001	+0.0000001	+0.0000001	+0.0000001	+0.0000001	+0.0000001	+0.0000001	+0.0000001	+0.0000001	+0.0000001	+0.0000001	+0.0000001	+0.0000001	+0.0000001	+0.0000001	+0.0000001	+0.0000001	+0.0000001
2014-08	0.040	+0.0002024	+0.0002024	+0.0002024	+0.0002024	+0.0002024	+0.0002024	+0.0002024	+0.0002024	+0.0002024	+0.0006179	+0.0006179	+0.0006179	+0.0006203	+0.0006203	+0.0006203	+0.0006203	+0.0006203	+0.0006203	+0.0006203	+0.0006203	+0.0006203
2014-09	-0.056	-0.0000103	-0.0000103	-0.0000103	-0.0000103	-0.0000103	-0.0000103	-0.0000103	-0.0000103	-0.0000103	+0.0009172	+0.0009172	+0.0009172	+0.0014313	+0.0014313	+0.0014313	+0.0014313	+0.0014313	+0.0014313	+0.0014313	+0.0014313	+0.0014313
2014-10	0.014	+0.0000001	+0.0000001	+0.0000001	+0.0000001	+0.0000001	+0.0000001	+0.0000001	+0.0000001	+0.0000001	+0.0000001	+0.0000001	+0.0000001	+0.0000001	+0.0000001	+0.0000001	+0.0000001	+0.0000001	+0.0000001	+0.0000001	+0.0000001	+0.0000001
2014-11	0.063	-0.0012247	-0.0012247	-0.0012247	-0.0012247	-0.0012247	-0.0012247	-0.0012247	-0.0012247	-0.0012247	-0.0012247	-0.0012247	+0.0000001	+0.0000001	+0.0000001	+0.0000001	+0.0000001	+0.0000001	+0.0000001	+0.0000001	+0.0000001	+0.0000001
2014-12	-0.070	-0.0100000	-0.0100000	-0.0100000	-0.0100000	-0.0100000	-0.0100000	-0.0100000	-0.0100000	-0.0100000	-0.0100000	-0.0100000	-0.0100000	-0.0100000	-0.0100000	-0.0100000	-0.0100000	-0.0100000	-0.0100000	-0.0100000	-0.0100000	-0.0100000
2015-01	0.044	-0.0100000	-0.0100000	-0.0100000	-0.0100000	-0.0100000	-0.0100000	-0.0100000	-0.0100000	-0.0100000	-0.0100000	-0.0100000	-0.0100000	-0.0100000	-0.0100000	-0.0100000	-0.0100000	-0.0100000	-0.0100000	-0.0100000	-0.0100000	-0.0100000
2015-02	-0.043	-0.0100000	-0.0100000	-0.0100000	-0.0100000	-0.0100000	-0.0100000	-0.0100000	-0.0100000	-0.0100000	-0.0100000	-0.0100000	-0.0100000	-0.0100000	-0.0100000	-0.0100000	-0.0100000	-0.0100000	-0.0100000	-0.0100000	-0.0100000	-0.0100000
