2011-11	-0.123	-0.0100000	-0.0100000	-0.0100000	-0.0100000	-0.0100000	-0.0100000	-0.0100000	-0.0100000	-0.0100000	-0.0100000	-0.0100000	-0.0100000	-0.0100000	-0.0100000	-0.0100000	-0.0100000	-0.0100000	-0.0100000	-0.0100000	-0.0100000	-0.0100000
2011-12	0.033	-0.0100000	-0.0100000	-0.0100000	-0.0100000	-0.0100000	-0.0100000	-0.0100000	-0.0100000	-0.0100000	-0.0100000	-0.0100000	-0.0100000	-0.0100000	-0.0100000	-0.0100000	-0.0100000	-0.0100000	-0.0100000	-0.0100000	-0.0100000	-0.0100000
2012-01	0.112	+0.0000001	+0.0000001	+0.0000001	+0.0000001	+0.0000001	+0.0000001	+0.0000001	+0.0000001	+0.0000001	+0.0000001	+0.0000001	+0.0000001	+0.0000001	+0.0000001	+0.0000001	+0.0000001	+0.0000001	+0.0000001	+0.0000001	+0.0000001	+0.0000001
2012-02	0.068	-0.0100000	-0.0100000	-0.0100000	-0.0100000	-0.0100000	-0.0100000	-0.0100000	-0.0100000	-0.0100000	-0.0100000	-0.0100000	-0.0100000	-0.0100000	-0.0100000	-0.0100000	-0.0100000	-0.0100000	-0.0100000	-0.0100000	-0.0100000	-0.0100000
2012-03	-0.014	-0.0100000	-0.0100000	-0.0100000	-0.0100000	-0.0100000	-0.0100000	-0.0100000	-0.0100000	-0.0100000	-0.0100000	-0.0100000	-0.0100000	-0.0100000	-0.0100000	-0.0100000	-0.0100000	-0.0100000	-0.0100000	-0.0100000	-0.0100000	-0.0100000
2012-04	-0.019	-0.0000400	-0.0000400	-0.0000400	-0.0000400	-0.0000400	-0.0000400	-0.0000400	-0.0000400	-0.0000400	-0.0000400	+0.0017413	+0.0017413	+0.0017413	+0.0017413	+0.0017413	+0.0017413	+0.0017413	+0.0017413	+0.0017413	+0.0017413	+0.0017413
2012-05	-0.096	+0.0000001	+0.0000001	+0.0000001	+0.0000001	+0.0000001	+0.0000001	+0.0000001	+0.0000001	+0.0000001	+0.0000001	+0.0000001	+0.0000001	+0.0000001	+0.0000001	+0.0000001	+0.0000001	+0.0000001	+0.0000001	+0.0000001	+0.0000001	+0.0000001
2012-06	-0.021	+0.0000001	+0.0000001	+0.0000001	+0.0000001	+0.0000001	+0.0000001	+0.0000001	+0.0000001	+0.0000001	+0.0000001	+0.0000001	+0.0000001	+0.0000001	+0.0000001	+0.0000001	+0.0000001	+0.0000001	+0.0000001	+0.0000001	+0.0000001	+0.0000001
2012-07	0.068	-0.0027226	-0.0027226	-0.0027226	-0.0027226	-0.0027226	-0.0027226	-0.0027226	-0.0027226	-0.0027226	-0.0027226	-0.0027226	+0.0000001	+0.0000001	+0.0000001	+0.0000001	+0.0000001	+0.0000001	+0.0000001	+0.0000001	+0.0000001	+0.0000001
2012-08	-0.008	+0.0000460	+0.0000460	+0.0000460	+0.0000460	+0.0000460	+0.0000460	+0.0000460	+0.0000460	+0.0000460	+0.0000460	+0.0019313	+0.0019313	+0.0019313	+0.0019313	+0.0019313	+0.0019313	+0.0019313	+0.0019313	+0.0019313	+0.0019313	+0.0019313
2012-09	-0.007	-0.0016550	-0.0016550	-0.0016550	-0.0016550	-0.0016550	-0.0016550	-0.0016550	-0.0016550	-0.0004569	-0.0004569	-0.0004569	+0.0000334	+0.0000334	+0.0013072	+0.0013072	+0.0013072	+0.0013072	+0.0013072	+0.0013072	+0.0013072	+0.0013072
2012-10	0.031	-0.0002572	-0.0002572	-0.0002572	-0.0002572	-0.0002572	-0.0002572	-0.0002572	-0.0002572	-0.0002572	-0.0002572	-0.0002572	+0.0001737	+0.0001737	+0.0001737	+0.0001737	+0.0001737	+0.0001737	+0.0001737	+0.0001737	+0.0001737	+0.0001737
2012-11	-0.008	+0.0000001	+0.0000001	+0.0000001	+0.0000001	+0.0000001	+0.0000001	+0.0000001	+0.0000001	+0.0000001	+0.0000001	+0.0000001	+0.0000001	+0.0000001	+0.0000001	+0.0000001	+0.0000001	+0.0000001	+0.0000001	+0.0000001	+0.0000001	+0.0000001
2012-12	0.077	-0.0000834	-0.0000834	-0.0000834	-0.0000834	-0.0000834	-0.0000834	-0.0000834	-0.0000834	-0.0000834	+0.0004748	+0.0004748	+0.0004748	+0.0005298	+0.0005298	+0.0005298	+0.0005298	+0.0005298	+0.0005298	+0.0005298	+0.0005298	+0.0005298
2013-01	0.119	-0.0100000	-0.0100000	-0.0100000	-0.0100000	-0.0100000	-0.0100000	-0.0100000	-0.0100000	-0.0100000	-0.0100000	-0.0100000	-0.0100000	-0.0100000	-0.0100000	-0.0100000	-0.0100000	-0.0100000	-0.0100000	-0.0100000	-0.0100000	-0.0100000
2013-02	0.012	-0.0100000	-0.0100000	-0.0100000	-0.0100000	-0.0100000	-0.0100000	-0.0100000	-0.0100000	-0.0100000	-0.0100000	-0.0100000	-0.0100000	-0.0100000	-0.0100000	-0.0100000	-0.0100000	-0.0100000	-0.0100000	-0.0100000	-0.0100000	-0.0100000
2013-03	0.033	-0.0100000	-0.0100000	-0.0100000	-0.0100000	-0.0100000	-0.0100000	-0.0100000	-0.0100000	-0.0100000	-0.0100000	-0.0100000	-0.0100000	-0.0100000	-0.0100000	-0.0100000	-0.0100000	-0.0100000	-0.0100000	-0.0100000	-0.0100000	-0.0100000
2013-04	0.096	-0.0100000	-0.0100000	-0.0100000	-0.0100000	-0.0100000	-0.0100000	-0.0100000	-0.0100000	-0.0100000	-0.0100000	-0.0100000	-0.0100000	-0.0100000	-0.0100000	-0.0100000	-0.0100000	-0.0100000	-0.0100000	-0.0100000	-0.0100000	-0.0100000
2013-05	-0.050	+0.0000001	+0.0000001	+0.0000001	+0.0000001	+0.0000001	+0.0000001	+0.0000001	+0.0000001	+0.0000001	+0.0000001	+0.0000001	+0.0000001	+0.0000001	+0.0000001	+0.0000001	+0.0000001	+0.0000001	+0.0000001	+0.0000001	+0.0000001	+0.0000001
2013-06	-0.102	+0.0000001	+0.0000001	+0.0000001	+0.0000001	+0.0000001	+0.0000001	+0.0000001	+0.0000001	+0.0000001	+0.0000001	+0.0011393	+0.0011393	+0.0011393	+0.0011393	+0.0011393	+0.0011393	+0.0011393	+0.0011393	+0.0011393	+0.0011393	+0.0011393
2013-07	0.005	+0.0000001	+0.0000001	+0.0000001	+0.0000001	+0.0000001	+0.0000001	+0.0000001	+0.0000001	+0.0000001	+0.0000001	+0.0000001	+0.0000001	+0.0000001	+0.0000001	+0.0000001	+0.0000001	+0.0000001	+0.0000001	+0.0000001	+0.0000001	+0.0000001
2013-08	-0.071	-0.0022721	-0.0022721	-0.0022721	-0.0022721	-0.0022721	-0.0022721	-0.0022721	-0.0022721	-0.0022721	-0.0022721	-0.0022721	+0.0006881	+0.0006881	+0.0006881	+0.0006881	+0.0006881	+0.0006881	+0.0006881	+0.0006881	+0.0006881	+0.0006881
2013-09	0.071	-0.0021653	-0.0021653	-0.0021653	-0.0021653	-0.0021653	-0.0021653	-0.0021653	-0.0021653	-0.0021061	-0.0021061	-0.0019416	-0.0019416	-0.0019416	+0.0001191	+0.0001191	+0.0001191	+0.0001191	+0.0001191	+0.0001191	+0.0001191	+0.0001191
2013-10	0.042	+0.0000001	+0.0000001	+0.0000001	+0.0000001	+0.0000001	+0.0000001	+0.0000001	+0.0000001	+0.0000001	+0.0000001	+0.0000001	+0.0000001	+0.0000001	+0.0000001	+0.0000001	+0.0000001	+0.0000001	+0.0000001	+0.0000001	+0.0000001	+0.0000001
2013-11	-0.037	+0.0000001	+0.0000001	+0.0000001	+0.0000001	+0.0000001	+0.0000001	+0.0000001	+0.0000001	+0.0000001	+0.0000001	+0.0000001	+0.0000001	+0.0000001	+0.0000001	+0.0000001	+0.0000001	+0.0000001	+0.0000001	+0.0000001	+0.0000001	+0.0000001
2013-12	0.006	-0.0001678	-0.0001678	-0.0001678	-0.0001678	-0.0001678	-0.0001678	-0.0001678	-0.0001678	-0.0001678	-0.0001678	+0.0004235	+0.0004235	+0.0004235	+0.0004235	+0.0004235	+0.0004235	+0.0004235	+0.0004235	+0.0004235	+0.0004235	+0.0004235
2014-01	-0.025	-0.0100000	-0.0100000	-0.0100000	-0.0100000	-0.0100000	-0.0100000	-0.0100000	-0.0100000	-0.0100000	-0.0100000	-0.0100000	-0.0100000	-0.0100000	-0.0100000	-0.0100000	-0.0100000	-0.0100000	-0.0100000	-0.0100000	-0.0100000	-0.0100000
2014-02	0.055	-0.0100000	-0.0100000	-0.0100000	-0.0100000	-0.0100000	-0.0100000	-0.0100000	-0.0100000	-0.0100000	-0.0100000	-0.0100000	-0.0100000	-0.0100000	-0.0100000	-0.0100000	-0.0100000	-0.0100000	-0.0100000	-0.0100000	-0.0100000	-0.0100000
2014-03	0.027	-0.0100000	-0.0100000	-0.0100000	-0.0100000	-0.0100000	-0.0100000	-0.0100000	-0.0100000	-0.0100000	-0.0100000	-0.0100000	-0.0100000	-0.0100000	-0.0100000	-0.0100000	-0.0100000	-0.0100000	-0.0100000	-0.0100000	-0.0100000	-0.0100000
2014-04	0.027	-0.0100000	-0.0100000	-0.0100000	-0.0100000	-0.0100000	-0.0100000	-0.0100000	-0.0100000	-0.0100000	-0.0100000	-0.0100000	-0.0100000	-0.0100000	-0.0100000	-0.0100000	-0.0100000	-0.0100000	-0.0100000	-0.0100000	-0.0100000	-0.0100000
2014-05	0.024	+0.0000001	+0.0000001	+0.0000001	+0.0000001	+0.0000001	+0.0000001	+0.0000001	+0.0000001	+0.0000001	+0.0000001	+0.0000001	+0.0000001	+0.0000001	+0.0000001	+0.0000001	+0.0000001	+0.0000001	+0.0000001	+0.0000001	+0.0000001	+0.0000001
2014-06	0.022	+0.0000001	+0.0000001	+0.0000001	+0.0000001	+0.0000001	+0.0000001	+0.0000001	+0.0000001	+0.0000001	+0.0000001	+0.0000001	+0.0000001	+0.0000001	+0.0000001	+0.0000001	+0.0000001	+0.0000001	+0.0000001	+0.0000001	+0.0000001	+0.0000001
2014-07	0.012	+0.0000001	+0.0000001	+0.0000001	+0.0000001	+0.0000001	+0.0000001	+0.0000001	+0.0000001	+0.0000001	+0.0000001	+0.0000001	+0.0000001	+0.0000001	+0.0000001	+0.0000001	+0.0000001	+0.0000001	+0.0000001	+0.0000001	+0.0000001	+0.0000001
2014-08	0.012	+0.0001083	+0.0001083	+0.0001083	+0.0001083	+0.0001083	+0.0001083	+0.0001083	+0.0001083	+0.0001083	+0.0007591	+0.0007591	+0.0007591	+0.0007610	+0.0007610	+0.0007610	+0.0007610	+0.0007610	+0.0007610	+0.0007610	+0.0007610	+0.0007610
2014-09	-0.040	+0.0000102	+0.0000102	+0.0000102	+0.0000102	+0.0000102	+0.0000102	+0.0000102	+0.0000102	+0.0000102	+0.0004468	+0.0004468	+0.0004468	+0.0007058	+0.0007058	+0.0007058	+0.0007058	+0.0007058	+0.0007058	+0.0007058	+0.0007058	+0.0007058
2014-10	0.026	+0.0000001	+0.0000001	+0.0000001	+0.0000001	+0.0000001	+0.0000001	+0.0000001	+0.0000001	+0.0000001	+0.0000001	+0.0000001	+0.0000001	+0.0000001	+0.0000001	+0.0000001	+0.0000001	+0.0000001	+0.0000001	+0.0000001	+0.0000001	+0.0000001
2014-11	0.052	-0.0004553	-0.0004553	-0.0004553	-0.0004553	-0.0004553	-0.0004553	-0.0004553	-0.0004553	-0.0004553	-0.0004553	-0.0004553	+0.0000001	+0.0000001	+0.0000001	+0.0000001	+0.0000001	+0.0000001	+0.0000001	+0.0000001	+0.0000001	+0.0000001
2014-12	0.006	-0.0100000	-0.0100000	-0.0100000	-0.0100000	-0.0100000	-0.0100000	-0.0100000	-0.0100000	-0.0100000	-0.0100000	-0.0100000	-0.0100000	-0.0100000	-0.0100000	-0.0100000	-0.0100000	-0.0100000	-0.0100000	-0.0100000	-0.0100000	-0.0100000
2015-01	0.053	-0.0100000	-0.0100000	-0.0100000	-0.0100000	-0.0100000	-0.0100000	-0.0100000	-0.0100000	-0.0100000	-0.0100000	-0.0100000	-0.0100000	-0.0100000	-0.0100000	-0.0100000	-0.0100000	-0.0100000	-0.0100000	-0.0100000	-0.0100000	-0.0100000
2015-02	-0.042	-0.0100000	-0.0100000	-0.0100000	-0.0100000	-0.0100000	-0.0100000	-0.0100000	-0.0100000	-0.0100000	-0.0100000	-0.0100000	-0.0100000	-0.0100000	-0.0100000	-0.0100000	-0.0100000	-0.0100000	-0.0100000	-0.0100000	-0.0100000	-0.0100000
