2014-04	-0.002	-0.0001078	-0.0000867	-0.0000631	-0.0000401	-0.0000182	+0.0000036	+0.0000281	+0.0000573	+0.0000837	+0.0001053	+0.0001237	+0.0001402	+0.0001550	+0.0001681	+0.0001801	+0.0001911	+0.0002012	+0.0002107	+0.0002191	+0.0002268	+0.0002338
2014-05	0.005	-0.0000994	-0.0000786	-0.0000602	-0.0000418	-0.0000225	-0.0000029	+0.0000182	+0.0000391	+0.0000596	+0.0000779	+0.0000945	+0.0001098	+0.0001237	+0.0001366	+0.0001481	+0.0001589	+0.0001686	+0.0001778	+0.0001858	+0.0001934	+0.0002008
2014-06	0.004	-0.0001225	-0.0000966	-0.0000645	-0.0000370	-0.0000162	+0.0000050	+0.0000298	+0.0000641	+0.0000939	+0.0001146	+0.0001315	+0.0001466	+0.0001604	+0.0001729	+0.0001841	+0.0001944	+0.0002040	+0.0002126	+0.0002210	+0.0002287	+0.0002365
2014-07	-0.002	-0.0001076	-0.0000880	-0.0000622	-0.0000399	-0.0000195	+0.0000015	+0.0000267	+0.0000568	+0.0000816	+0.0001002	+0.0001161	+0.0001306	+0.0001435	+0.0001554	+0.0001663	+0.0001766	+0.0001864	+0.0001950	+0.0002030	+0.0002098	+0.0002163
2014-08	0.000	-0.0000866	-0.0000693	-0.0000510	-0.0000324	-0.0000152	+0.0000025	+0.0000219	+0.0000434	+0.0000637	+0.0000817	+0.0000980	+0.0001125	+0.0001261	+0.0001387	+0.0001500	+0.0001602	+0.0001700	+0.0001790	+0.0001874	+0.0001950	+0.0002019
2014-09	-0.007	-0.0000917	-0.0000788	-0.0000651	-0.0000517	-0.0000379	-0.0000228	-0.0000068	+0.0000088	+0.0000249	+0.0000415	+0.0000585	+0.0000750	+0.0000905	+0.0001052	+0.0001184	+0.0001304	+0.0001415	+0.0001515	+0.0001607	+0.0001698	+0.0001789
2014-10	0.003	-0.0001215	-0.0001103	-0.0000971	-0.0000836	-0.0000700	-0.0000556	-0.0000403	-0.0000244	-0.0000078	+0.0000099	+0.0000278	+0.0000455	+0.0000622	+0.0000776	+0.0000923	+0.0001057	+0.0001177	+0.0001290	+0.0001387	+0.0001483	+0.0001563
2014-11	0.005	-0.0001776	-0.0001637	-0.0001478	-0.0001319	-0.0001144	-0.0000968	-0.0000779	-0.0000582	-0.0000374	-0.0000155	+0.0000068	+0.0000289	+0.0000500	+0.0000701	+0.0000889	+0.0001069	+0.0001231	+0.0001387	+0.0001536	+0.0001668	+0.0001795
2014-12	-0.009	-0.0001695	-0.0001526	-0.0001361	-0.0001185	-0.0001004	-0.0000806	-0.0000593	-0.0000373	-0.0000138	+0.0000104	+0.0000350	+0.0000593	+0.0000829	+0.0001054	+0.0001263	+0.0001451	+0.0001626	+0.0001786	+0.0001934	+0.0002074	+0.0002204
2015-01	0.002	-0.0003651	-0.0003359	-0.0003044	-0.0002715	-0.0002384	-0.0002047	-0.0001700	-0.0001337	-0.0000956	-0.0000570	-0.0000184	+0.0000208	+0.0000581	+0.0000926	+0.0001244	+0.0001538	+0.0001809	+0.0002065	+0.0002322	+0.0002561	+0.0002786
2015-02	0.000	-0.0003629	-0.0003345	-0.0003071	-0.0002764	-0.0002440	-0.0002110	-0.0001745	-0.0001375	-0.0000991	-0.0000590	-0.0000191	+0.0000201	+0.0000567	+0.0000912	+0.0001230	+0.0001511	+0.0001767	+0.0002010	+0.0002236	+0.0002443	+0.0002649
