2011-09	-0.095	-0.0042957	-0.0040479	-0.0037860	-0.0035296	-0.0032403	-0.0029246	-0.0025819	-0.0022175	-0.0018370	-0.0014319	-0.0010123	-0.0005934	-0.0001794	+0.0002164	+0.0005884	+0.0009450	+0.0012788	+0.0015761	+0.0018620	+0.0021397	+0.0023738
2011-10	0.101	-0.0047960	-0.0045224	-0.0042178	-0.0039104	-0.0035844	-0.0032284	-0.0028586	-0.0024645	-0.0020544	-0.0016345	-0.0011976	-0.0007566	-0.0003237	+0.0000894	+0.0004707	+0.0008235	+0.0011430	+0.0014345	+0.0017072	+0.0019687	+0.0022052
2011-11	-0.081	-0.0044269	-0.0041440	-0.0038526	-0.0035446	-0.0032131	-0.0028612	-0.0024763	-0.0020702	-0.0016410	-0.0011884	-0.0007223	-0.0002522	+0.0002047	+0.0006450	+0.0010550	+0.0014292	+0.0017816	+0.0021049	+0.0024181	+0.0027091	+0.0029839
2011-12	0.019	-0.0054444	-0.0051792	-0.0048983	-0.0046052	-0.0042751	-0.0039056	-0.0035175	-0.0031103	-0.0026935	-0.0022499	-0.0017873	-0.0013247	-0.0008772	-0.0004295	-0.0000043	+0.0003892	+0.0007727	+0.0011557	+0.0015273	+0.0018728	+0.0022178
2012-01	0.045	-0.0048369	-0.0045472	-0.0042259	-0.0039091	-0.0035729	-0.0032145	-0.0028431	-0.0024418	-0.0020110	-0.0015483	-0.0010662	-0.0005871	-0.0001098	+0.0003576	+0.0007990	+0.0012108	+0.0015944	+0.0019752	+0.0023353	+0.0027066	+0.0030086
2012-02	0.074	-0.0044720	-0.0041937	-0.0038960	-0.0035886	-0.0032432	-0.0028647	-0.0024713	-0.0020456	-0.0016009	-0.0011178	-0.0006407	-0.0001799	+0.0002617	+0.0006778	+0.0010655	+0.0014333	+0.0017733	+0.0020813	+0.0023733	+0.0026649	+0.0029261
2012-03	0.032	-0.0042329	-0.0039542	-0.0036373	-0.0033198	-0.0029810	-0.0026054	-0.0022059	-0.0017900	-0.0013539	-0.0009071	-0.0004585	-0.0000086	+0.0004236	+0.0008362	+0.0012270	+0.0015917	+0.0019113	+0.0022124	+0.0024968	+0.0027431	+0.0029945
2012-04	-0.016	-0.0035144	-0.0032347	-0.0029439	-0.0026174	-0.0022699	-0.0019169	-0.0015280	-0.0011171	-0.0006874	-0.0002391	+0.0002114	+0.0006456	+0.0010645	+0.0014670	+0.0018363	+0.0021876	+0.0025157	+0.0028086	+0.0030702	+0.0033055	+0.0035421
2012-05	-0.118	-0.0028238	-0.0025740	-0.0023226	-0.0020564	-0.0017714	-0.0014562	-0.0011279	-0.0007794	-0.0004077	-0.0000110	+0.0003894	+0.0007832	+0.0011620	+0.0015270	+0.0018688	+0.0021823	+0.0024758	+0.0027423	+0.0029861	+0.0032118	+0.0034358
2012-06	0.044	-0.0023861	-0.0021580	-0.0019183	-0.0016698	-0.0014014	-0.0011230	-0.0008143	-0.0004854	-0.0001337	+0.0002367	+0.0006117	+0.0009849	+0.0013446	+0.0016888	+0.0020062	+0.0023044	+0.0025803	+0.0028361	+0.0030767	+0.0033030	+0.0035197
2012-07	0.043	-0.0026110	-0.0024056	-0.0021883	-0.0019527	-0.0016961	-0.0014316	-0.0011436	-0.0008404	-0.0005186	-0.0001844	+0.0001522	+0.0004907	+0.0008157	+0.0011309	+0.0014268	+0.0016992	+0.0019506	+0.0021864	+0.0024082	+0.0026133	+0.0028126
2012-08	-0.021	-0.0020948	-0.0019294	-0.0017346	-0.0015307	-0.0013057	-0.0010705	-0.0008217	-0.0005559	-0.0002720	+0.0000191	+0.0003192	+0.0006150	+0.0009056	+0.0011876	+0.0014487	+0.0016873	+0.0019055	+0.0021124	+0.0023056	+0.0024872	+0.0026650
2012-09	0.035	-0.0019316	-0.0017450	-0.0015495	-0.0013310	-0.0010980	-0.0008468	-0.0005845	-0.0003023	-0.0000172	+0.0002774	+0.0005738	+0.0008667	+0.0011493	+0.0014122	+0.0016628	+0.0019058	+0.0021300	+0.0023382	+0.0025341	+0.0027125	+0.0028787
2012-10	0.042	-0.0020316	-0.0018543	-0.0016798	-0.0014914	-0.0012796	-0.0010498	-0.0008109	-0.0005572	-0.0002880	-0.0000065	+0.0002786	+0.0005582	+0.0008302	+0.0010882	+0.0013337	+0.0015699	+0.0017904	+0.0019919	+0.0021760	+0.0023391	+0.0024925
2012-11	0.025	-0.0019634	-0.0018173	-0.0016555	-0.0014722	-0.0012805	-0.0010676	-0.0008406	-0.0005957	-0.0003396	-0.0000738	+0.0002003	+0.0004714	+0.0007363	+0.0009873	+0.0012183	+0.0014353	+0.0016377	+0.0018211	+0.0019970	+0.0021612	+0.0023170
2012-12	0.090	-0.0019872	-0.0018375	-0.0016783	-0.0014994	-0.0013034	-0.0010914	-0.0008690	-0.0006230	-0.0003689	-0.0001065	+0.0001625	+0.0004349	+0.0006979	+0.0009476	+0.0011814	+0.0013967	+0.0015969	+0.0017829	+0.0019496	+0.0021159	+0.0022764
2013-01	0.064	-0.0015524	-0.0013564	-0.0011342	-0.0009183	-0.0006951	-0.0004543	-0.0002006	+0.0000639	+0.0003372	+0.0006158	+0.0008985	+0.0011783	+0.0014496	+0.0017016	+0.0019335	+0.0021548	+0.0023594	+0.0025436	+0.0027098	+0.0028559	+0.0030025
2013-02	0.017	-0.0019604	-0.0015321	-0.0009884	-0.0005813	-0.0002183	+0.0001512	+0.0006015	+0.0011464	+0.0016269	+0.0019956	+0.0023072	+0.0025808	+0.0028350	+0.0030694	+0.0032867	+0.0034887	+0.0036707	+0.0038365	+0.0039949	+0.0041353	+0.0042697
2013-03	0.041	-0.0019440	-0.0015861	-0.0012018	-0.0008397	-0.0004918	-0.0001221	+0.0002842	+0.0007389	+0.0011423	+0.0014779	+0.0017794	+0.0020561	+0.0023153	+0.0025549	+0.0027783	+0.0029808	+0.0031707	+0.0033493	+0.0035149	+0.0036665	+0.0038092
2013-04	0.034	-0.0018308	-0.0014252	-0.0010075	-0.0006655	-0.0003255	+0.0000142	+0.0004028	+0.0008386	+0.0012509	+0.0016074	+0.0019185	+0.0022011	+0.0024677	+0.0027151	+0.0029356	+0.0031416	+0.0033319	+0.0035163	+0.0036815	+0.0038360	+0.0039778
2013-05	-0.003	-0.0022443	-0.0018248	-0.0012809	-0.0008190	-0.0003980	+0.0000485	+0.0005474	+0.0011599	+0.0016763	+0.0020684	+0.0024043	+0.0027109	+0.0030009	+0.0032671	+0.0035089	+0.0037294	+0.0039290	+0.0041180	+0.0042964	+0.0044539	+0.0046011
2013-06	-0.110	-0.0024037	-0.0019059	-0.0014439	-0.0009825	-0.0005574	-0.0001191	+0.0003675	+0.0008903	+0.0013960	+0.0018314	+0.0022202	+0.0025653	+0.0028833	+0.0031788	+0.0034516	+0.0036933	+0.0039109	+0.0041063	+0.0042940	+0.0044721	+0.0046410
2013-07	0.013	-0.0026331	-0.0023794	-0.0020909	-0.0018045	-0.0015028	-0.0011727	-0.0008203	-0.0004545	-0.0000645	+0.0003314	+0.0007387	+0.0011436	+0.0015227	+0.0018797	+0.0022143	+0.0025254	+0.0028138	+0.0030807	+0.0033160	+0.0035428	+0.0037480
2013-08	-0.092	-0.0028523	-0.0025133	-0.0021909	-0.0018804	-0.0015341	-0.0011546	-0.0007666	-0.0003561	+0.0000766	+0.0005272	+0.0009804	+0.0014231	+0.0018493	+0.0022462	+0.0026178	+0.0029762	+0.0032936	+0.0035854	+0.0038535	+0.0040928	+0.0043241
2013-09	0.054	-0.0038681	-0.0035899	-0.0033181	-0.0030400	-0.0027533	-0.0024293	-0.0020829	-0.0017054	-0.0013008	-0.0008822	-0.0004546	-0.0000242	+0.0003911	+0.0007860	+0.0011572	+0.0015016	+0.0018260	+0.0021194	+0.0024014	+0.0026914	+0.0029279
2013-10	0.058	-0.0039540	-0.0036838	-0.0033861	-0.0030705	-0.0027466	-0.0024024	-0.0020304	-0.0016404	-0.0012259	-0.0007904	-0.0003415	+0.0001099	+0.0005522	+0.0009694	+0.0013672	+0.0017359	+0.0020797	+0.0023932	+0.0026991	+0.0029877	+0.0032789
2013-11	-0.020	-0.0037771	-0.0035127	-0.0032224	-0.0029050	-0.0025854	-0.0022467	-0.0018805	-0.0014897	-0.0010808	-0.0006416	-0.0001955	+0.0002440	+0.0006803	+0.0010964	+0.0014932	+0.0018596	+0.0022113	+0.0025255	+0.0028034	+0.0030566	+0.0032820
2013-12	-0.009	-0.0039993	-0.0037417	-0.0034834	-0.0031927	-0.0028814	-0.0025445	-0.0021823	-0.0017922	-0.0013753	-0.0009342	-0.0004744	-0.0000212	+0.0004180	+0.0008240	+0.0012047	+0.0015730	+0.0019217	+0.0022466	+0.0025345	+0.0028165	+0.0030852
2014-01	-0.062	-0.0043374	-0.0040650	-0.0037673	-0.0034680	-0.0031484	-0.0028157	-0.0024640	-0.0020901	-0.0016892	-0.0012682	-0.0008315	-0.0003986	+0.0000185	+0.0004187	+0.0007907	+0.0011386	+0.0014566	+0.0017656	+0.0020669	+0.0023518	+0.0026439
2014-02	0.028	-0.0039067	-0.0037015	-0.0034639	-0.0031952	-0.0029017	-0.0025889	-0.0022472	-0.0018851	-0.0014953	-0.0010897	-0.0006801	-0.0002706	+0.0001317	+0.0005143	+0.0008798	+0.0012186	+0.0015410	+0.0018382	+0.0021183	+0.0023879	+0.0026428
2014-03	0.070	-0.0030540	-0.0028730	-0.0026603	-0.0024442	-0.0022079	-0.0019466	-0.0016581	-0.0013510	-0.0010260	-0.0006935	-0.0003528	-0.0000042	+0.0003397	+0.0006654	+0.0009703	+0.0012482	+0.0015124	+0.0017478	+0.0019768	+0.0021905	+0.0023997
2014-04	0.014	-0.0027621	-0.0025590	-0.0023416	-0.0021060	-0.0018548	-0.0015983	-0.0013224	-0.0010248	-0.0007105	-0.0003772	-0.0000377	+0.0002992	+0.0006223	+0.0009301	+0.0012146	+0.0014771	+0.0017203	+0.0019551	+0.0021644	+0.0023559	+0.0025440
2014-05	0.039	-0.0020228	-0.0018021	-0.0015887	-0.0013632	-0.0011082	-0.0008341	-0.0005431	-0.0002366	+0.0000829	+0.0004143	+0.0007523	+0.0010880	+0.0014149	+0.0017215	+0.0020070	+0.0022731	+0.0025243	+0.0027537	+0.0029653	+0.0031564	+0.0033455
2014-06	-0.017	-0.0017144	-0.0015066	-0.0013100	-0.0010824	-0.0008455	-0.0006069	-0.0003451	-0.0000730	+0.0002083	+0.0005010	+0.0007946	+0.0010828	+0.0013621	+0.0016257	+0.0018657	+0.0020816	+0.0022788	+0.0024708	+0.0026540	+0.0028135	+0.0029709
2014-07	0.061	-0.0014723	-0.0013305	-0.0011679	-0.0009958	-0.0008114	-0.0006142	-0.0004008	-0.0001711	+0.0000714	+0.0003282	+0.0005908	+0.0008427	+0.0010966	+0.0013367	+0.0015633	+0.0017762	+0.0019782	+0.0021624	+0.0023378	+0.0025054	+0.0026711
2014-08	0.007	-0.0013566	-0.0011818	-0.0009989	-0.0007958	-0.0005924	-0.0003761	-0.0001447	+0.0000995	+0.0003522	+0.0006128	+0.0008720	+0.0011240	+0.0013700	+0.0016015	+0.0018157	+0.0020174	+0.0022110	+0.0023908	+0.0025520	+0.0027027	+0.0028415
2014-09	-0.012	-0.0014362	-0.0012343	-0.0010130	-0.0007874	-0.0005578	-0.0003290	-0.0000837	+0.0001749	+0.0004513	+0.0007319	+0.0010127	+0.0012856	+0.0015449	+0.0017837	+0.0020026	+0.0022111	+0.0023983	+0.0025681	+0.0027321	+0.0028801	+0.0030257
2014-10	0.019	-0.0016905	-0.0013763	-0.0010664	-0.0007651	-0.0004641	-0.0001402	+0.0002003	+0.0005464	+0.0008756	+0.0011693	+0.0014453	+0.0016968	+0.0019270	+0.0021414	+0.0023404	+0.0025209	+0.0026888	+0.0028488	+0.0029874	+0.0031279	+0.0032647
2014-11	0.089	-0.0014521	-0.0012525	-0.0010483	-0.0008342	-0.0006122	-0.0003824	-0.0001396	+0.0001121	+0.0003803	+0.0006497	+0.0009144	+0.0011739	+0.0014207	+0.0016519	+0.0018659	+0.0020655	+0.0022456	+0.0024131	+0.0025745	+0.0027205	+0.0028564
2014-12	-0.035	-0.0016392	-0.0014153	-0.0011698	-0.0009025	-0.0006384	-0.0003640	-0.0000831	+0.0002090	+0.0005062	+0.0008054	+0.0010965	+0.0013805	+0.0016474	+0.0018992	+0.0021245	+0.0023405	+0.0025346	+0.0027193	+0.0028899	+0.0030455	+0.0031928
2015-01	-0.006	-0.0019479	-0.0017244	-0.0014917	-0.0012546	-0.0010020	-0.0007263	-0.0004465	-0.0001421	+0.0001778	+0.0005047	+0.0008354	+0.0011566	+0.0014663	+0.0017566	+0.0020310	+0.0022808	+0.0025156	+0.0027334	+0.0029458	+0.0031286	+0.0032957
2015-02	0.005	-0.0020317	-0.0018018	-0.0015789	-0.0013389	-0.0010744	-0.0007989	-0.0005028	-0.0001892	+0.0001342	+0.0004623	+0.0007937	+0.0011205	+0.0014418	+0.0017485	+0.0020240	+0.0022795	+0.0025131	+0.0027235	+0.0029195	+0.0031053	+0.0032786
