2013-03	0.001	-0.0007366	-0.0005836	-0.0003968	-0.0002398	-0.0001094	+0.0000117	+0.0001637	+0.0003652	+0.0005297	+0.0006456	+0.0007431	+0.0008296	+0.0009098	+0.0009819	+0.0010478	+0.0011084	+0.0011672	+0.0012189	+0.0012665	+0.0013088	+0.0013526
2013-04	-0.001	-0.0006140	-0.0004711	-0.0003209	-0.0001988	-0.0000964	+0.0000138	+0.0001461	+0.0003073	+0.0004553	+0.0005724	+0.0006671	+0.0007511	+0.0008281	+0.0008986	+0.0009618	+0.0010194	+0.0010712	+0.0011211	+0.0011684	+0.0012128	+0.0012565
2013-05	-0.011	-0.0005623	-0.0004704	-0.0003691	-0.0002573	-0.0001505	-0.0000351	+0.0000937	+0.0002175	+0.0003343	+0.0004414	+0.0005372	+0.0006258	+0.0007076	+0.0007829	+0.0008502	+0.0009130	+0.0009718	+0.0010260	+0.0010763	+0.0011240	+0.0011694
2013-06	-0.055	-0.0005567	-0.0004728	-0.0003868	-0.0003039	-0.0002155	-0.0001249	-0.0000319	+0.0000662	+0.0001638	+0.0002595	+0.0003513	+0.0004387	+0.0005200	+0.0005969	+0.0006686	+0.0007331	+0.0007919	+0.0008455	+0.0008948	+0.0009430	+0.0009892
2013-07	0.015	-0.0011428	-0.0010643	-0.0009798	-0.0008940	-0.0007992	-0.0007028	-0.0005994	-0.0004930	-0.0003817	-0.0002691	-0.0001560	-0.0000447	+0.0000601	+0.0001609	+0.0002546	+0.0003400	+0.0004147	+0.0004822	+0.0005490	+0.0006095	+0.0006634
2013-08	-0.012	-0.0010707	-0.0009946	-0.0009181	-0.0008387	-0.0007536	-0.0006596	-0.0005604	-0.0004578	-0.0003479	-0.0002341	-0.0001210	-0.0000066	+0.0001023	+0.0002058	+0.0003026	+0.0003910	+0.0004703	+0.0005417	+0.0006086	+0.0006764	+0.0007354
2013-09	0.020	-0.0013411	-0.0012729	-0.0011958	-0.0011207	-0.0010373	-0.0009469	-0.0008532	-0.0007530	-0.0006455	-0.0005341	-0.0004200	-0.0003050	-0.0001896	-0.0000784	+0.0000265	+0.0001260	+0.0002225	+0.0003134	+0.0004019	+0.0004830	+0.0005595
2013-10	0.015	-0.0012165	-0.0011394	-0.0010535	-0.0009649	-0.0008725	-0.0007764	-0.0006743	-0.0005713	-0.0004613	-0.0003496	-0.0002354	-0.0001227	-0.0000133	+0.0000898	+0.0001891	+0.0002794	+0.0003637	+0.0004462	+0.0005251	+0.0005968	+0.0006606
2013-11	-0.003	-0.0011387	-0.0010635	-0.0009846	-0.0009069	-0.0008209	-0.0007299	-0.0006350	-0.0005341	-0.0004290	-0.0003200	-0.0002067	-0.0000953	+0.0000110	+0.0001133	+0.0002091	+0.0002966	+0.0003764	+0.0004520	+0.0005218	+0.0005877	+0.0006506
2013-12	-0.001	-0.0011416	-0.0010690	-0.0009961	-0.0009162	-0.0008336	-0.0007466	-0.0006516	-0.0005486	-0.0004413	-0.0003312	-0.0002179	-0.0001067	-0.0000031	+0.0000951	+0.0001858	+0.0002679	+0.0003481	+0.0004217	+0.0004936	+0.0005595	+0.0006217
2014-01	-0.009	-0.0011709	-0.0010982	-0.0010190	-0.0009405	-0.0008555	-0.0007616	-0.0006667	-0.0005684	-0.0004636	-0.0003548	-0.0002455	-0.0001394	-0.0000351	+0.0000666	+0.0001602	+0.0002466	+0.0003257	+0.0003987	+0.0004667	+0.0005328	+0.0005970
2014-02	0.007	-0.0010059	-0.0009326	-0.0008549	-0.0007803	-0.0006957	-0.0006058	-0.0005125	-0.0004151	-0.0003139	-0.0002106	-0.0001074	-0.0000058	+0.0000933	+0.0001871	+0.0002714	+0.0003464	+0.0004143	+0.0004782	+0.0005361	+0.0005913	+0.0006495
2014-03	-0.002	-0.0004018	-0.0003597	-0.0003099	-0.0002584	-0.0002033	-0.0001475	-0.0000885	-0.0000244	+0.0000432	+0.0001139	+0.0001865	+0.0002592	+0.0003302	+0.0003990	+0.0004619	+0.0005225	+0.0005781	+0.0006314	+0.0006796	+0.0007255	+0.0007659
2014-04	0.004	-0.0004366	-0.0003973	-0.0003558	-0.0003132	-0.0002682	-0.0002198	-0.0001685	-0.0001119	-0.0000512	+0.0000122	+0.0000772	+0.0001418	+0.0002048	+0.0002660	+0.0003230	+0.0003788	+0.0004296	+0.0004765	+0.0005191	+0.0005611	+0.0006000
2014-05	0.023	-0.0004011	-0.0003513	-0.0002990	-0.0002429	-0.0001857	-0.0001268	-0.0000639	+0.0000042	+0.0000743	+0.0001464	+0.0002210	+0.0002938	+0.0003632	+0.0004287	+0.0004896	+0.0005464	+0.0005994	+0.0006498	+0.0006963	+0.0007412	+0.0007811
2014-06	0.013	-0.0003625	-0.0003179	-0.0002651	-0.0002110	-0.0001563	-0.0001012	-0.0000421	+0.0000198	+0.0000845	+0.0001515	+0.0002170	+0.0002813	+0.0003440	+0.0004021	+0.0004563	+0.0005078	+0.0005540	+0.0005961	+0.0006355	+0.0006713	+0.0007071
2014-07	-0.009	-0.0003357	-0.0002880	-0.0002396	-0.0001900	-0.0001371	-0.0000822	-0.0000239	+0.0000377	+0.0001011	+0.0001653	+0.0002302	+0.0002943	+0.0003559	+0.0004143	+0.0004686	+0.0005195	+0.0005686	+0.0006125	+0.0006542	+0.0006916	+0.0007268
2014-08	0.001	-0.0003701	-0.0003228	-0.0002696	-0.0002162	-0.0001623	-0.0001048	-0.0000453	+0.0000178	+0.0000830	+0.0001489	+0.0002141	+0.0002780	+0.0003392	+0.0003970	+0.0004522	+0.0005035	+0.0005503	+0.0005943	+0.0006360	+0.0006731	+0.0007086
2014-09	-0.006	-0.0004123	-0.0003683	-0.0003196	-0.0002652	-0.0002084	-0.0001467	-0.0000802	-0.0000122	+0.0000574	+0.0001286	+0.0002011	+0.0002735	+0.0003433	+0.0004095	+0.0004710	+0.0005280	+0.0005813	+0.0006297	+0.0006729	+0.0007121	+0.0007500
2014-10	-0.002	-0.0004048	-0.0003481	-0.0002905	-0.0002322	-0.0001713	-0.0001062	-0.0000409	+0.0000274	+0.0000983	+0.0001711	+0.0002446	+0.0003165	+0.0003853	+0.0004500	+0.0005081	+0.0005629	+0.0006140	+0.0006591	+0.0007002	+0.0007379	+0.0007718
2014-11	-0.022	-0.0004211	-0.0003778	-0.0003317	-0.0002832	-0.0002312	-0.0001762	-0.0001177	-0.0000548	+0.0000108	+0.0000818	+0.0001528	+0.0002223	+0.0002898	+0.0003545	+0.0004136	+0.0004686	+0.0005210	+0.0005694	+0.0006154	+0.0006607	+0.0007032
2014-12	-0.052	-0.0005598	-0.0005203	-0.0004759	-0.0004305	-0.0003823	-0.0003310	-0.0002751	-0.0002156	-0.0001523	-0.0000869	-0.0000201	+0.0000454	+0.0001085	+0.0001686	+0.0002263	+0.0002803	+0.0003303	+0.0003768	+0.0004188	+0.0004612	+0.0005001
2015-01	-0.026	-0.0014971	-0.0013966	-0.0012998	-0.0011958	-0.0010917	-0.0009801	-0.0008681	-0.0007500	-0.0006232	-0.0004938	-0.0003605	-0.0002257	-0.0000965	+0.0000296	+0.0001472	+0.0002565	+0.0003606	+0.0004596	+0.0005542	+0.0006418	+0.0007239
2015-02	0.003	-0.0018023	-0.0017114	-0.0016193	-0.0015157	-0.0014110	-0.0013029	-0.0011889	-0.0010641	-0.0009359	-0.0007980	-0.0006588	-0.0005170	-0.0003748	-0.0002276	-0.0000815	+0.0000655	+0.0002100	+0.0003525	+0.0004845	+0.0006175	+0.0007449
