2011-09	-0.004	-0.0017093	-0.0015849	-0.0014656	-0.0013439	-0.0012153	-0.0010826	-0.0009404	-0.0007913	-0.0006388	-0.0004836	-0.0003281	-0.0001763	-0.0000299	+0.0001065	+0.0002330	+0.0003420	+0.0004472	+0.0005456	+0.0006359	+0.0007238	+0.0008057
2011-10	0.014	-0.0017395	-0.0016296	-0.0015087	-0.0013888	-0.0012675	-0.0011387	-0.0010058	-0.0008607	-0.0007089	-0.0005545	-0.0003977	-0.0002462	-0.0000993	+0.0000384	+0.0001646	+0.0002801	+0.0003880	+0.0004887	+0.0005798	+0.0006674	+0.0007527
2011-11	-0.028	-0.0016811	-0.0015718	-0.0014619	-0.0013488	-0.0012321	-0.0010997	-0.0009650	-0.0008235	-0.0006761	-0.0005217	-0.0003650	-0.0002110	-0.0000630	+0.0000813	+0.0002138	+0.0003339	+0.0004465	+0.0005552	+0.0006598	+0.0007588	+0.0008537
2011-12	0.007	-0.0013651	-0.0012882	-0.0012119	-0.0011294	-0.0010408	-0.0009490	-0.0008506	-0.0007463	-0.0006343	-0.0005202	-0.0003985	-0.0002776	-0.0001572	-0.0000412	+0.0000686	+0.0001748	+0.0002776	+0.0003724	+0.0004659	+0.0005581	+0.0006493
2012-01	0.020	-0.0012847	-0.0012154	-0.0011419	-0.0010612	-0.0009748	-0.0008830	-0.0007834	-0.0006760	-0.0005597	-0.0004383	-0.0003133	-0.0001877	-0.0000622	+0.0000589	+0.0001734	+0.0002787	+0.0003769	+0.0004673	+0.0005567	+0.0006425	+0.0007223
2012-02	0.046	-0.0011170	-0.0010414	-0.0009621	-0.0008780	-0.0007851	-0.0006833	-0.0005779	-0.0004641	-0.0003470	-0.0002251	-0.0001003	+0.0000227	+0.0001446	+0.0002582	+0.0003640	+0.0004598	+0.0005500	+0.0006325	+0.0007141	+0.0007859	+0.0008516
2012-03	0.012	-0.0009895	-0.0009119	-0.0008296	-0.0007421	-0.0006476	-0.0005430	-0.0004350	-0.0003214	-0.0002032	-0.0000806	+0.0000466	+0.0001696	+0.0002870	+0.0004009	+0.0005061	+0.0006046	+0.0006923	+0.0007765	+0.0008557	+0.0009293	+0.0009970
2012-04	-0.018	-0.0008368	-0.0007434	-0.0006554	-0.0005612	-0.0004645	-0.0003615	-0.0002544	-0.0001400	-0.0000185	+0.0001079	+0.0002349	+0.0003585	+0.0004765	+0.0005874	+0.0006908	+0.0007867	+0.0008766	+0.0009609	+0.0010385	+0.0011172	+0.0011914
2012-05	-0.046	-0.0006397	-0.0005632	-0.0004883	-0.0004047	-0.0003184	-0.0002263	-0.0001252	-0.0000189	+0.0000933	+0.0002073	+0.0003252	+0.0004422	+0.0005521	+0.0006572	+0.0007547	+0.0008445	+0.0009292	+0.0010050	+0.0010729	+0.0011352	+0.0011976
2012-06	0.015	-0.0008409	-0.0007669	-0.0006908	-0.0006082	-0.0005214	-0.0004289	-0.0003300	-0.0002221	-0.0001060	+0.0000107	+0.0001315	+0.0002509	+0.0003685	+0.0004815	+0.0005850	+0.0006803	+0.0007689	+0.0008545	+0.0009336	+0.0010070	+0.0010702
2012-07	0.000	-0.0008851	-0.0008101	-0.0007375	-0.0006548	-0.0005680	-0.0004758	-0.0003756	-0.0002681	-0.0001540	-0.0000345	+0.0000876	+0.0002077	+0.0003235	+0.0004339	+0.0005390	+0.0006373	+0.0007295	+0.0008139	+0.0008936	+0.0009682	+0.0010429
2012-08	0.006	-0.0008753	-0.0008021	-0.0007233	-0.0006400	-0.0005514	-0.0004589	-0.0003595	-0.0002540	-0.0001412	-0.0000229	+0.0000969	+0.0002163	+0.0003325	+0.0004429	+0.0005457	+0.0006392	+0.0007273	+0.0008068	+0.0008837	+0.0009538	+0.0010163
2012-09	0.010	-0.0007769	-0.0007043	-0.0006252	-0.0005429	-0.0004519	-0.0003528	-0.0002469	-0.0001364	-0.0000206	+0.0000968	+0.0002155	+0.0003324	+0.0004449	+0.0005546	+0.0006570	+0.0007511	+0.0008365	+0.0009156	+0.0009933	+0.0010643	+0.0011306
2012-10	-0.001	-0.0008281	-0.0007561	-0.0006789	-0.0005958	-0.0005100	-0.0004189	-0.0003190	-0.0002129	-0.0000994	+0.0000182	+0.0001369	+0.0002549	+0.0003696	+0.0004803	+0.0005858	+0.0006840	+0.0007742	+0.0008570	+0.0009320	+0.0010030	+0.0010657
2012-11	0.027	-0.0009513	-0.0008889	-0.0008192	-0.0007409	-0.0006623	-0.0005786	-0.0004900	-0.0003958	-0.0002956	-0.0001866	-0.0000766	+0.0000328	+0.0001395	+0.0002407	+0.0003365	+0.0004270	+0.0005096	+0.0005850	+0.0006551	+0.0007219	+0.0007873
2012-12	0.036	-0.0009240	-0.0008629	-0.0007941	-0.0007192	-0.0006357	-0.0005465	-0.0004511	-0.0003491	-0.0002405	-0.0001257	-0.0000047	+0.0001160	+0.0002339	+0.0003452	+0.0004511	+0.0005481	+0.0006354	+0.0007180	+0.0007930	+0.0008669	+0.0009409
2013-01	0.043	-0.0006355	-0.0005578	-0.0004765	-0.0003924	-0.0003019	-0.0002057	-0.0001028	+0.0000063	+0.0001217	+0.0002444	+0.0003672	+0.0004892	+0.0006063	+0.0007194	+0.0008255	+0.0009225	+0.0010138	+0.0010998	+0.0011804	+0.0012559	+0.0013287
2013-02	0.014	-0.0007368	-0.0005550	-0.0003915	-0.0002347	-0.0000774	+0.0000893	+0.0002674	+0.0004530	+0.0006322	+0.0007917	+0.0009346	+0.0010641	+0.0011835	+0.0012931	+0.0013939	+0.0014882	+0.0015745	+0.0016543	+0.0017281	+0.0017951	+0.0018580
2013-03	0.038	-0.0009261	-0.0007230	-0.0005177	-0.0003441	-0.0001873	-0.0000166	+0.0001773	+0.0003839	+0.0005697	+0.0007293	+0.0008727	+0.0010056	+0.0011281	+0.0012422	+0.0013482	+0.0014474	+0.0015373	+0.0016208	+0.0016979	+0.0017679	+0.0018351
2013-04	0.043	-0.0010677	-0.0008472	-0.0004951	-0.0002836	-0.0001148	+0.0000618	+0.0002648	+0.0006012	+0.0009177	+0.0010979	+0.0012422	+0.0013671	+0.0014827	+0.0015888	+0.0016871	+0.0017772	+0.0018594	+0.0019349	+0.0020053	+0.0020682	+0.0021290
2013-05	-0.007	-0.0012032	-0.0009524	-0.0005124	-0.0002442	-0.0000451	+0.0001651	+0.0004386	+0.0008791	+0.0011831	+0.0013774	+0.0015391	+0.0016853	+0.0018213	+0.0019493	+0.0020679	+0.0021792	+0.0022828	+0.0023797	+0.0024718	+0.0025545	+0.0026331
2013-06	-0.024	-0.0013784	-0.0011075	-0.0007657	-0.0004554	-0.0002034	+0.0000382	+0.0003048	+0.0006617	+0.0010144	+0.0012605	+0.0014580	+0.0016320	+0.0017908	+0.0019369	+0.0020651	+0.0021824	+0.0022922	+0.0023923	+0.0024797	+0.0025623	+0.0026409
2013-07	0.020	-0.0012697	-0.0010030	-0.0007594	-0.0005338	-0.0003118	-0.0000764	+0.0001710	+0.0004225	+0.0006649	+0.0008919	+0.0011021	+0.0012991	+0.0014803	+0.0016461	+0.0017985	+0.0019357	+0.0020618	+0.0021758	+0.0022804	+0.0023749	+0.0024679
2013-08	-0.012	-0.0013495	-0.0010964	-0.0008381	-0.0005696	-0.0003319	-0.0000853	+0.0001722	+0.0004493	+0.0007180	+0.0009609	+0.0011833	+0.0013888	+0.0015748	+0.0017470	+0.0018999	+0.0020393	+0.0021674	+0.0022828	+0.0023882	+0.0024866	+0.0025786
2013-09	0.037	-0.0010997	-0.0009389	-0.0007854	-0.0006140	-0.0004422	-0.0002690	-0.0000871	+0.0001057	+0.0003015	+0.0004983	+0.0006954	+0.0008825	+0.0010613	+0.0012278	+0.0013882	+0.0015338	+0.0016737	+0.0018041	+0.0019229	+0.0020351	+0.0021387
2013-10	0.005	-0.0011093	-0.0009608	-0.0008101	-0.0006442	-0.0004773	-0.0003018	-0.0001192	+0.0000700	+0.0002618	+0.0004561	+0.0006491	+0.0008354	+0.0010163	+0.0011867	+0.0013417	+0.0014865	+0.0016236	+0.0017544	+0.0018788	+0.0019897	+0.0020961
2013-11	0.021	-0.0010707	-0.0009404	-0.0007991	-0.0006602	-0.0005158	-0.0003587	-0.0001955	-0.0000227	+0.0001535	+0.0003348	+0.0005223	+0.0007072	+0.0008848	+0.0010503	+0.0012068	+0.0013516	+0.0014897	+0.0016171	+0.0017334	+0.0018391	+0.0019500
2013-12	0.008	-0.0009885	-0.0008692	-0.0007498	-0.0006158	-0.0004778	-0.0003255	-0.0001691	-0.0000034	+0.0001653	+0.0003416	+0.0005199	+0.0006954	+0.0008652	+0.0010267	+0.0011783	+0.0013167	+0.0014459	+0.0015652	+0.0016754	+0.0017798	+0.0018671
2014-01	-0.012	-0.0010918	-0.0009853	-0.0008725	-0.0007534	-0.0006344	-0.0005105	-0.0003768	-0.0002346	-0.0000840	+0.0000715	+0.0002312	+0.0003893	+0.0005422	+0.0006813	+0.0008105	+0.0009315	+0.0010414	+0.0011449	+0.0012419	+0.0013309	+0.0014180
2014-02	0.003	-0.0007703	-0.0006798	-0.0005807	-0.0004710	-0.0003560	-0.0002437	-0.0001249	+0.0000043	+0.0001354	+0.0002734	+0.0004146	+0.0005499	+0.0006815	+0.0008031	+0.0009208	+0.0010295	+0.0011300	+0.0012220	+0.0013056	+0.0013851	+0.0014585
2014-03	-0.005	-0.0007805	-0.0006956	-0.0006117	-0.0005188	-0.0004209	-0.0003141	-0.0002006	-0.0000790	+0.0000477	+0.0001807	+0.0003151	+0.0004477	+0.0005743	+0.0006919	+0.0008017	+0.0009020	+0.0009909	+0.0010696	+0.0011462	+0.0012162	+0.0012849
2014-04	-0.006	-0.0008168	-0.0007488	-0.0006687	-0.0005836	-0.0004925	-0.0003938	-0.0002895	-0.0001797	-0.0000652	+0.0000542	+0.0001767	+0.0002989	+0.0004177	+0.0005310	+0.0006353	+0.0007330	+0.0008224	+0.0009047	+0.0009789	+0.0010473	+0.0011121
2014-05	0.014	-0.0008920	-0.0007916	-0.0006861	-0.0005811	-0.0004711	-0.0003565	-0.0002387	-0.0001146	+0.0000164	+0.0001534	+0.0002913	+0.0004271	+0.0005584	+0.0006839	+0.0007978	+0.0009018	+0.0009972	+0.0010841	+0.0011651	+0.0012411	+0.0013073
2014-06	0.015	-0.0007552	-0.0006839	-0.0006044	-0.0005192	-0.0004267	-0.0003302	-0.0002242	-0.0001158	-0.0000006	+0.0001182	+0.0002379	+0.0003556	+0.0004716	+0.0005817	+0.0006863	+0.0007823	+0.0008704	+0.0009495	+0.0010243	+0.0010912	+0.0011530
2014-07	0.011	-0.0007291	-0.0006477	-0.0005660	-0.0004796	-0.0003828	-0.0002792	-0.0001700	-0.0000537	+0.0000669	+0.0001917	+0.0003146	+0.0004342	+0.0005482	+0.0006560	+0.0007574	+0.0008505	+0.0009352	+0.0010142	+0.0010869	+0.0011541	+0.0012131
2014-08	0.003	-0.0007251	-0.0006512	-0.0005758	-0.0004964	-0.0004116	-0.0003209	-0.0002228	-0.0001214	-0.0000138	+0.0000967	+0.0002087	+0.0003177	+0.0004237	+0.0005245	+0.0006172	+0.0007023	+0.0007807	+0.0008533	+0.0009222	+0.0009862	+0.0010488
2014-09	0.017	-0.0007927	-0.0007220	-0.0006443	-0.0005684	-0.0004863	-0.0003962	-0.0002981	-0.0001939	-0.0000847	+0.0000276	+0.0001426	+0.0002577	+0.0003662	+0.0004691	+0.0005642	+0.0006533	+0.0007360	+0.0008124	+0.0008833	+0.0009498	+0.0010133
2014-10	-0.015	-0.0005313	-0.0004528	-0.0003733	-0.0002908	-0.0002029	-0.0001097	-0.0000100	+0.0000954	+0.0002022	+0.0003114	+0.0004194	+0.0005239	+0.0006246	+0.0007157	+0.0008011	+0.0008790	+0.0009507	+0.0010158	+0.0010769	+0.0011310	+0.0011830
2014-11	0.047	-0.0007737	-0.0006988	-0.0006253	-0.0005508	-0.0004651	-0.0003740	-0.0002755	-0.0001723	-0.0000623	+0.0000505	+0.0001643	+0.0002760	+0.0003837	+0.0004838	+0.0005813	+0.0006696	+0.0007514	+0.0008262	+0.0008959	+0.0009573	+0.0010154
2014-12	0.011	-0.0007280	-0.0006313	-0.0005267	-0.0004173	-0.0003013	-0.0001800	-0.0000533	+0.0000784	+0.0002157	+0.0003561	+0.0004957	+0.0006298	+0.0007613	+0.0008811	+0.0009976	+0.0011080	+0.0012089	+0.0013049	+0.0013989	+0.0014885	+0.0015675
2015-01	-0.002	-0.0007817	-0.0006630	-0.0005299	-0.0003928	-0.0002517	-0.0001056	+0.0000398	+0.0001874	+0.0003420	+0.0004944	+0.0006419	+0.0007814	+0.0009132	+0.0010389	+0.0011540	+0.0012667	+0.0013638	+0.0014552	+0.0015389	+0.0016219	+0.0016984
2015-02	-0.003	-0.0007653	-0.0006574	-0.0005470	-0.0004312	-0.0003101	-0.0001802	-0.0000462	+0.0000925	+0.0002342	+0.0003773	+0.0005210	+0.0006607	+0.0007946	+0.0009207	+0.0010348	+0.0011399	+0.0012384	+0.0013268	+0.0014111	+0.0014932	+0.0015767
