2011-09	-0.066	-0.0040011	-0.0037677	-0.0035111	-0.0032391	-0.0029427	-0.0026325	-0.0023062	-0.0019610	-0.0015973	-0.0012100	-0.0008187	-0.0004279	-0.0000479	+0.0003146	+0.0006553	+0.0009817	+0.0012733	+0.0015418	+0.0017907	+0.0020195	+0.0022295
2011-10	0.111	-0.0047705	-0.0045060	-0.0042251	-0.0039338	-0.0036344	-0.0033307	-0.0029967	-0.0026348	-0.0022533	-0.0018546	-0.0014535	-0.0010353	-0.0006316	-0.0002365	+0.0001329	+0.0004865	+0.0008281	+0.0011501	+0.0014555	+0.0017492	+0.0020292
2011-11	-0.078	-0.0042257	-0.0039785	-0.0037215	-0.0034328	-0.0031319	-0.0028163	-0.0024817	-0.0021145	-0.0017158	-0.0012894	-0.0008562	-0.0004226	+0.0000018	+0.0004063	+0.0007862	+0.0011441	+0.0014746	+0.0017802	+0.0020605	+0.0023473	+0.0026222
2011-12	0.021	-0.0049560	-0.0047194	-0.0044597	-0.0041885	-0.0038970	-0.0035866	-0.0032601	-0.0029036	-0.0025173	-0.0021069	-0.0016863	-0.0012646	-0.0008450	-0.0004325	-0.0000398	+0.0003347	+0.0006939	+0.0010509	+0.0013981	+0.0017266	+0.0020561
2012-01	0.028	-0.0044771	-0.0042161	-0.0039415	-0.0036651	-0.0033677	-0.0030506	-0.0027169	-0.0023503	-0.0019587	-0.0015339	-0.0010950	-0.0006504	-0.0002087	+0.0002313	+0.0006464	+0.0010265	+0.0014044	+0.0017532	+0.0020822	+0.0023891	+0.0026984
2012-02	0.093	-0.0042688	-0.0040022	-0.0037220	-0.0034401	-0.0031269	-0.0027956	-0.0024394	-0.0020590	-0.0016527	-0.0012275	-0.0007816	-0.0003466	+0.0000810	+0.0004787	+0.0008532	+0.0012105	+0.0015435	+0.0018589	+0.0021476	+0.0024200	+0.0026824
2012-03	0.012	-0.0037953	-0.0035361	-0.0032690	-0.0029837	-0.0026662	-0.0023214	-0.0019641	-0.0015913	-0.0011988	-0.0007894	-0.0003683	+0.0000547	+0.0004640	+0.0008488	+0.0012035	+0.0015416	+0.0018485	+0.0021483	+0.0024220	+0.0026657	+0.0029217
2012-04	-0.018	-0.0028331	-0.0025556	-0.0022873	-0.0020138	-0.0017188	-0.0013994	-0.0010650	-0.0007022	-0.0003242	+0.0000606	+0.0004493	+0.0008309	+0.0012024	+0.0015612	+0.0018941	+0.0022187	+0.0025179	+0.0027851	+0.0030355	+0.0032658	+0.0034672
2012-05	-0.101	-0.0020142	-0.0018233	-0.0016205	-0.0013947	-0.0011555	-0.0008976	-0.0006221	-0.0003198	+0.0000080	+0.0003486	+0.0006905	+0.0010405	+0.0013671	+0.0016903	+0.0019884	+0.0022678	+0.0025251	+0.0027738	+0.0030010	+0.0032363	+0.0034484
2012-06	0.023	-0.0021327	-0.0019312	-0.0017080	-0.0014798	-0.0012319	-0.0009746	-0.0006948	-0.0003908	-0.0000656	+0.0002747	+0.0006262	+0.0009711	+0.0013042	+0.0016256	+0.0019289	+0.0022103	+0.0024766	+0.0027274	+0.0029498	+0.0031580	+0.0033553
2012-07	0.032	-0.0023463	-0.0021660	-0.0019681	-0.0017693	-0.0015549	-0.0013279	-0.0010770	-0.0008072	-0.0005238	-0.0002293	+0.0000748	+0.0003768	+0.0006763	+0.0009653	+0.0012401	+0.0014898	+0.0017260	+0.0019493	+0.0021554	+0.0023538	+0.0025377
2012-08	0.019	-0.0019006	-0.0017434	-0.0015791	-0.0014030	-0.0012205	-0.0010248	-0.0008133	-0.0005772	-0.0003283	-0.0000695	+0.0001952	+0.0004612	+0.0007197	+0.0009686	+0.0012012	+0.0014154	+0.0016199	+0.0018117	+0.0019874	+0.0021501	+0.0022969
2012-09	0.024	-0.0016263	-0.0014665	-0.0012897	-0.0010997	-0.0008947	-0.0006754	-0.0004505	-0.0002126	+0.0000387	+0.0002992	+0.0005658	+0.0008276	+0.0010808	+0.0013219	+0.0015502	+0.0017669	+0.0019664	+0.0021543	+0.0023325	+0.0024952	+0.0026363
2012-10	0.016	-0.0017639	-0.0015980	-0.0014293	-0.0012323	-0.0010326	-0.0008195	-0.0005933	-0.0003511	-0.0000955	+0.0001628	+0.0004265	+0.0006915	+0.0009480	+0.0011962	+0.0014287	+0.0016465	+0.0018518	+0.0020379	+0.0022129	+0.0023629	+0.0025048
2012-11	0.041	-0.0017917	-0.0016510	-0.0015074	-0.0013602	-0.0011971	-0.0010170	-0.0008172	-0.0006120	-0.0003930	-0.0001607	+0.0000815	+0.0003245	+0.0005587	+0.0007815	+0.0009881	+0.0011845	+0.0013704	+0.0015366	+0.0016971	+0.0018487	+0.0019871
2012-12	0.063	-0.0016990	-0.0015626	-0.0014220	-0.0012722	-0.0011014	-0.0009140	-0.0007158	-0.0005049	-0.0002825	-0.0000483	+0.0001953	+0.0004348	+0.0006661	+0.0008905	+0.0010978	+0.0012904	+0.0014699	+0.0016379	+0.0017966	+0.0019484	+0.0020839
2013-01	0.081	-0.0012850	-0.0010990	-0.0009113	-0.0007287	-0.0005301	-0.0003219	-0.0001064	+0.0001276	+0.0003657	+0.0006119	+0.0008572	+0.0010996	+0.0013323	+0.0015551	+0.0017650	+0.0019562	+0.0021393	+0.0022957	+0.0024378	+0.0025706	+0.0026927
2013-02	0.007	-0.0015893	-0.0011670	-0.0007729	-0.0004378	-0.0001171	+0.0002239	+0.0006056	+0.0010370	+0.0014518	+0.0017762	+0.0020519	+0.0022952	+0.0025198	+0.0027236	+0.0029107	+0.0030832	+0.0032436	+0.0033900	+0.0035283	+0.0036539	+0.0037688
2013-03	0.027	-0.0018330	-0.0014695	-0.0010454	-0.0006740	-0.0003659	-0.0000456	+0.0003324	+0.0007742	+0.0011672	+0.0014873	+0.0017539	+0.0019945	+0.0022185	+0.0024238	+0.0026138	+0.0027898	+0.0029542	+0.0031053	+0.0032394	+0.0033644	+0.0034802
2013-04	0.060	-0.0018542	-0.0014416	-0.0009929	-0.0006241	-0.0002947	+0.0000163	+0.0003902	+0.0008564	+0.0013122	+0.0016495	+0.0019220	+0.0021690	+0.0023927	+0.0026025	+0.0027931	+0.0029696	+0.0031341	+0.0032850	+0.0034266	+0.0035542	+0.0036793
2013-05	0.031	-0.0019086	-0.0014922	-0.0010338	-0.0006205	-0.0002413	+0.0001354	+0.0005881	+0.0011156	+0.0015581	+0.0019093	+0.0022125	+0.0024897	+0.0027416	+0.0029712	+0.0031883	+0.0033824	+0.0035589	+0.0037214	+0.0038731	+0.0040202	+0.0041565
2013-06	-0.070	-0.0022490	-0.0017963	-0.0012365	-0.0007791	-0.0003985	-0.0000167	+0.0004405	+0.0009993	+0.0015219	+0.0019165	+0.0022378	+0.0025234	+0.0027813	+0.0030275	+0.0032496	+0.0034489	+0.0036287	+0.0037926	+0.0039432	+0.0040852	+0.0042174
2013-07	0.023	-0.0018537	-0.0015440	-0.0012395	-0.0009113	-0.0005733	-0.0002365	+0.0001049	+0.0004468	+0.0007897	+0.0011348	+0.0014738	+0.0017991	+0.0021013	+0.0023819	+0.0026397	+0.0028813	+0.0030961	+0.0032947	+0.0034739	+0.0036427	+0.0037906
2013-08	-0.014	-0.0018424	-0.0015468	-0.0012465	-0.0009085	-0.0005508	-0.0002013	+0.0001513	+0.0005035	+0.0008586	+0.0012111	+0.0015474	+0.0018654	+0.0021621	+0.0024361	+0.0026791	+0.0029066	+0.0031045	+0.0032874	+0.0034554	+0.0036117	+0.0037576
2013-09	0.038	-0.0016739	-0.0014924	-0.0012821	-0.0010586	-0.0008355	-0.0006001	-0.0003558	-0.0000931	+0.0001802	+0.0004605	+0.0007518	+0.0010415	+0.0013176	+0.0015753	+0.0018193	+0.0020418	+0.0022499	+0.0024408	+0.0026167	+0.0027764	+0.0029278
2013-10	0.042	-0.0017794	-0.0015642	-0.0013644	-0.0011469	-0.0009258	-0.0006946	-0.0004521	-0.0001983	+0.0000727	+0.0003518	+0.0006320	+0.0009114	+0.0011782	+0.0014274	+0.0016681	+0.0018907	+0.0020979	+0.0022990	+0.0024793	+0.0026590	+0.0028212
2013-11	0.036	-0.0015903	-0.0013957	-0.0011941	-0.0010064	-0.0007998	-0.0005852	-0.0003450	-0.0000943	+0.0001646	+0.0004271	+0.0006979	+0.0009640	+0.0012192	+0.0014598	+0.0016863	+0.0019001	+0.0021040	+0.0022903	+0.0024732	+0.0026400	+0.0027857
2013-12	0.027	-0.0013979	-0.0012288	-0.0010447	-0.0008553	-0.0006513	-0.0004334	-0.0002072	+0.0000305	+0.0002860	+0.0005476	+0.0008071	+0.0010644	+0.0013097	+0.0015370	+0.0017467	+0.0019468	+0.0021350	+0.0023070	+0.0024673	+0.0026113	+0.0027612
2014-01	-0.044	-0.0014692	-0.0013034	-0.0011407	-0.0009641	-0.0007760	-0.0005735	-0.0003664	-0.0001531	+0.0000726	+0.0003053	+0.0005429	+0.0007793	+0.0009982	+0.0012037	+0.0013950	+0.0015736	+0.0017408	+0.0018921	+0.0020384	+0.0021721	+0.0023049
2014-02	0.024	-0.0013725	-0.0012273	-0.0010754	-0.0009155	-0.0007454	-0.0005635	-0.0003728	-0.0001750	+0.0000357	+0.0002620	+0.0004891	+0.0007030	+0.0009106	+0.0011089	+0.0012890	+0.0014564	+0.0016133	+0.0017568	+0.0018914	+0.0020197	+0.0021363
2014-03	0.015	-0.0012251	-0.0010643	-0.0008951	-0.0007093	-0.0005140	-0.0003077	-0.0000913	+0.0001281	+0.0003539	+0.0005772	+0.0008018	+0.0010172	+0.0012233	+0.0014100	+0.0015827	+0.0017407	+0.0018870	+0.0020226	+0.0021552	+0.0022757	+0.0023874
2014-04	0.013	-0.0012374	-0.0010583	-0.0008918	-0.0007100	-0.0005230	-0.0003310	-0.0001345	+0.0000693	+0.0002851	+0.0005082	+0.0007326	+0.0009511	+0.0011589	+0.0013498	+0.0015278	+0.0016919	+0.0018425	+0.0019805	+0.0021013	+0.0022131	+0.0023208
2014-05	0.009	-0.0013822	-0.0011920	-0.0009868	-0.0007763	-0.0005533	-0.0003273	-0.0000955	+0.0001467	+0.0003886	+0.0006281	+0.0008636	+0.0010905	+0.0013043	+0.0014967	+0.0016771	+0.0018443	+0.0019983	+0.0021358	+0.0022658	+0.0023908	+0.0025121
2014-06	0.004	-0.0011072	-0.0009371	-0.0007660	-0.0005901	-0.0004007	-0.0002078	-0.0000053	+0.0002089	+0.0004286	+0.0006497	+0.0008669	+0.0010759	+0.0012759	+0.0014631	+0.0016349	+0.0017913	+0.0019375	+0.0020707	+0.0021940	+0.0023099	+0.0024186
2014-07	0.017	-0.0011654	-0.0010140	-0.0008576	-0.0006927	-0.0005285	-0.0003522	-0.0001654	+0.0000306	+0.0002356	+0.0004387	+0.0006391	+0.0008346	+0.0010223	+0.0011999	+0.0013609	+0.0015120	+0.0016487	+0.0017756	+0.0018986	+0.0020081	+0.0021037
2014-08	0.011	-0.0010927	-0.0009677	-0.0008343	-0.0007016	-0.0005561	-0.0004066	-0.0002507	-0.0000865	+0.0000842	+0.0002653	+0.0004478	+0.0006299	+0.0008044	+0.0009661	+0.0011161	+0.0012569	+0.0013900	+0.0015150	+0.0016310	+0.0017371	+0.0018339
2014-09	0.010	-0.0010853	-0.0009672	-0.0008487	-0.0007244	-0.0005907	-0.0004405	-0.0002835	-0.0001173	+0.0000631	+0.0002476	+0.0004331	+0.0006178	+0.0007978	+0.0009630	+0.0011190	+0.0012612	+0.0013915	+0.0015157	+0.0016284	+0.0017333	+0.0018303
2014-10	-0.009	-0.0010293	-0.0008493	-0.0006780	-0.0005065	-0.0003211	-0.0001204	+0.0000771	+0.0002798	+0.0004775	+0.0006679	+0.0008511	+0.0010224	+0.0011794	+0.0013281	+0.0014625	+0.0015871	+0.0017046	+0.0018126	+0.0019129	+0.0020051	+0.0020919
2014-11	0.086	-0.0012152	-0.0010993	-0.0009801	-0.0008577	-0.0007222	-0.0005716	-0.0004114	-0.0002399	-0.0000603	+0.0001242	+0.0003137	+0.0005021	+0.0006813	+0.0008486	+0.0010061	+0.0011534	+0.0012876	+0.0014103	+0.0015285	+0.0016362	+0.0017366
2014-12	0.005	-0.0012917	-0.0011178	-0.0009429	-0.0007479	-0.0005448	-0.0003386	-0.0001252	+0.0000991	+0.0003333	+0.0005716	+0.0008103	+0.0010378	+0.0012581	+0.0014646	+0.0016591	+0.0018390	+0.0020147	+0.0021700	+0.0023289	+0.0024751	+0.0026135
2015-01	-0.018	-0.0013442	-0.0011709	-0.0009869	-0.0007865	-0.0005719	-0.0003519	-0.0001290	+0.0001073	+0.0003595	+0.0006126	+0.0008621	+0.0011107	+0.0013491	+0.0015671	+0.0017780	+0.0019754	+0.0021563	+0.0023182	+0.0024680	+0.0026073	+0.0027352
2015-02	0.004	-0.0015339	-0.0013605	-0.0011740	-0.0009937	-0.0007950	-0.0005827	-0.0003591	-0.0001216	+0.0001277	+0.0003884	+0.0006509	+0.0009109	+0.0011609	+0.0013935	+0.0016112	+0.0018126	+0.0019977	+0.0021602	+0.0023147	+0.0024654	+0.0026010
