2011-09	-0.004	-0.0004960	-0.0004089	-0.0003151	-0.0002223	-0.0001298	-0.0000388	+0.0000624	+0.0001633	+0.0002608	+0.0003489	+0.0004295	+0.0005040	+0.0005747	+0.0006401	+0.0006995	+0.0007552	+0.0008066	+0.0008526	+0.0008945	+0.0009347	+0.0009693
2011-10	-0.004	-0.0004534	-0.0003685	-0.0002872	-0.0001985	-0.0001137	-0.0000252	+0.0000694	+0.0001696	+0.0002668	+0.0003561	+0.0004392	+0.0005144	+0.0005854	+0.0006498	+0.0007098	+0.0007650	+0.0008166	+0.0008623	+0.0009043	+0.0009438	+0.0009798
2011-11	0.014	-0.0003904	-0.0003250	-0.0002609	-0.0001907	-0.0001219	-0.0000504	+0.0000217	+0.0000964	+0.0001735	+0.0002491	+0.0003235	+0.0003937	+0.0004595	+0.0005207	+0.0005774	+0.0006289	+0.0006766	+0.0007177	+0.0007561	+0.0007929	+0.0008294
2011-12	0.013	-0.0004217	-0.0003576	-0.0002941	-0.0002263	-0.0001563	-0.0000829	-0.0000049	+0.0000740	+0.0001559	+0.0002386	+0.0003209	+0.0004001	+0.0004757	+0.0005469	+0.0006139	+0.0006746	+0.0007302	+0.0007816	+0.0008290	+0.0008725	+0.0009109
2012-01	0.007	-0.0004876	-0.0004128	-0.0003354	-0.0002586	-0.0001830	-0.0001063	-0.0000220	+0.0000623	+0.0001515	+0.0002393	+0.0003264	+0.0004116	+0.0004932	+0.0005702	+0.0006399	+0.0007028	+0.0007607	+0.0008130	+0.0008628	+0.0009102	+0.0009530
2012-02	-0.000	-0.0004711	-0.0004113	-0.0003448	-0.0002803	-0.0002079	-0.0001316	-0.0000528	+0.0000287	+0.0001115	+0.0001976	+0.0002826	+0.0003655	+0.0004442	+0.0005191	+0.0005893	+0.0006558	+0.0007167	+0.0007742	+0.0008292	+0.0008802	+0.0009240
2012-03	-0.006	-0.0004499	-0.0003870	-0.0003171	-0.0002464	-0.0001751	-0.0001019	-0.0000270	+0.0000512	+0.0001336	+0.0002198	+0.0003076	+0.0003939	+0.0004761	+0.0005532	+0.0006243	+0.0006903	+0.0007519	+0.0008091	+0.0008627	+0.0009106	+0.0009547
2012-04	0.004	-0.0005208	-0.0004715	-0.0004204	-0.0003679	-0.0003103	-0.0002490	-0.0001835	-0.0001111	-0.0000354	+0.0000451	+0.0001273	+0.0002097	+0.0002909	+0.0003690	+0.0004427	+0.0005114	+0.0005734	+0.0006326	+0.0006885	+0.0007411	+0.0007858
2012-05	0.012	-0.0005101	-0.0004638	-0.0004139	-0.0003575	-0.0002961	-0.0002329	-0.0001654	-0.0000922	-0.0000162	+0.0000623	+0.0001436	+0.0002247	+0.0003052	+0.0003815	+0.0004517	+0.0005183	+0.0005794	+0.0006354	+0.0006881	+0.0007380	+0.0007818
2012-06	-0.003	-0.0005116	-0.0004524	-0.0003915	-0.0003265	-0.0002570	-0.0001854	-0.0001080	-0.0000284	+0.0000538	+0.0001378	+0.0002208	+0.0003028	+0.0003842	+0.0004597	+0.0005308	+0.0005959	+0.0006548	+0.0007094	+0.0007597	+0.0008073	+0.0008557
2012-07	0.009	-0.0004761	-0.0004263	-0.0003734	-0.0003161	-0.0002568	-0.0001939	-0.0001265	-0.0000579	+0.0000163	+0.0000933	+0.0001701	+0.0002464	+0.0003199	+0.0003879	+0.0004520	+0.0005117	+0.0005656	+0.0006145	+0.0006597	+0.0006988	+0.0007347
2012-08	0.003	-0.0004299	-0.0003754	-0.0003183	-0.0002570	-0.0001920	-0.0001248	-0.0000565	+0.0000175	+0.0000935	+0.0001683	+0.0002435	+0.0003173	+0.0003880	+0.0004543	+0.0005152	+0.0005723	+0.0006247	+0.0006712	+0.0007171	+0.0007598	+0.0008008
2012-09	-0.006	-0.0004010	-0.0003617	-0.0003173	-0.0002687	-0.0002156	-0.0001607	-0.0001017	-0.0000387	+0.0000269	+0.0000961	+0.0001673	+0.0002370	+0.0003030	+0.0003645	+0.0004237	+0.0004793	+0.0005311	+0.0005803	+0.0006269	+0.0006705	+0.0007118
2012-10	0.002	-0.0004258	-0.0003839	-0.0003422	-0.0002980	-0.0002523	-0.0002037	-0.0001517	-0.0000958	-0.0000364	+0.0000257	+0.0000895	+0.0001539	+0.0002148	+0.0002723	+0.0003263	+0.0003772	+0.0004248	+0.0004695	+0.0005116	+0.0005503	+0.0005885
2012-11	0.011	-0.0004101	-0.0003703	-0.0003295	-0.0002872	-0.0002427	-0.0001931	-0.0001392	-0.0000812	-0.0000187	+0.0000440	+0.0001087	+0.0001727	+0.0002335	+0.0002924	+0.0003471	+0.0003960	+0.0004412	+0.0004830	+0.0005224	+0.0005586	+0.0005930
2012-12	0.006	-0.0003494	-0.0003062	-0.0002642	-0.0002166	-0.0001687	-0.0001183	-0.0000640	-0.0000061	+0.0000571	+0.0001216	+0.0001863	+0.0002492	+0.0003108	+0.0003677	+0.0004201	+0.0004683	+0.0005123	+0.0005535	+0.0005897	+0.0006233	+0.0006556
2013-01	-0.001	-0.0003458	-0.0003074	-0.0002665	-0.0002213	-0.0001729	-0.0001218	-0.0000675	-0.0000092	+0.0000528	+0.0001155	+0.0001785	+0.0002406	+0.0003009	+0.0003564	+0.0004092	+0.0004573	+0.0005026	+0.0005451	+0.0005849	+0.0006214	+0.0006554
2013-02	-0.002	-0.0004626	-0.0004199	-0.0003736	-0.0003240	-0.0002728	-0.0002195	-0.0001632	-0.0001049	-0.0000418	+0.0000256	+0.0000941	+0.0001632	+0.0002297	+0.0002941	+0.0003550	+0.0004120	+0.0004640	+0.0005113	+0.0005548	+0.0005982	+0.0006387
2013-03	0.012	-0.0004113	-0.0003705	-0.0003285	-0.0002833	-0.0002369	-0.0001864	-0.0001318	-0.0000728	-0.0000097	+0.0000559	+0.0001230	+0.0001905	+0.0002573	+0.0003200	+0.0003772	+0.0004299	+0.0004783	+0.0005241	+0.0005688	+0.0006112	+0.0006527
2013-04	0.012	-0.0003953	-0.0003593	-0.0003211	-0.0002815	-0.0002361	-0.0001887	-0.0001371	-0.0000798	-0.0000187	+0.0000446	+0.0001088	+0.0001724	+0.0002352	+0.0002939	+0.0003497	+0.0004037	+0.0004526	+0.0004978	+0.0005388	+0.0005800	+0.0006151
2013-05	-0.032	-0.0003782	-0.0003348	-0.0002866	-0.0002341	-0.0001777	-0.0001209	-0.0000630	+0.0000005	+0.0000680	+0.0001391	+0.0002131	+0.0002872	+0.0003588	+0.0004279	+0.0004917	+0.0005527	+0.0006099	+0.0006632	+0.0007118	+0.0007581	+0.0008012
2013-06	-0.037	-0.0005436	-0.0004987	-0.0004531	-0.0004061	-0.0003539	-0.0002978	-0.0002372	-0.0001711	-0.0001005	-0.0000258	+0.0000512	+0.0001270	+0.0002016	+0.0002743	+0.0003419	+0.0004041	+0.0004612	+0.0005131	+0.0005657	+0.0006109	+0.0006529
2013-07	0.002	-0.0010634	-0.0010013	-0.0009365	-0.0008649	-0.0007908	-0.0007119	-0.0006280	-0.0005372	-0.0004416	-0.0003413	-0.0002390	-0.0001395	-0.0000430	+0.0000506	+0.0001372	+0.0002167	+0.0002895	+0.0003546	+0.0004163	+0.0004744	+0.0005308
2013-08	-0.005	-0.0011053	-0.0010365	-0.0009686	-0.0008975	-0.0008264	-0.0007492	-0.0006699	-0.0005845	-0.0004902	-0.0003906	-0.0002892	-0.0001861	-0.0000838	+0.0000103	+0.0000982	+0.0001789	+0.0002565	+0.0003318	+0.0004036	+0.0004718	+0.0005371
2013-09	0.002	-0.0011204	-0.0010628	-0.0009956	-0.0009244	-0.0008457	-0.0007667	-0.0006798	-0.0005851	-0.0004861	-0.0003824	-0.0002726	-0.0001613	-0.0000543	+0.0000489	+0.0001495	+0.0002409	+0.0003281	+0.0004097	+0.0004855	+0.0005591	+0.0006319
2013-10	0.012	-0.0012484	-0.0011788	-0.0011038	-0.0010270	-0.0009453	-0.0008605	-0.0007686	-0.0006701	-0.0005662	-0.0004573	-0.0003421	-0.0002265	-0.0001093	+0.0000024	+0.0001078	+0.0002073	+0.0003013	+0.0003930	+0.0004837	+0.0005723	+0.0006461
2013-11	-0.010	-0.0010834	-0.0010250	-0.0009579	-0.0008856	-0.0008067	-0.0007240	-0.0006363	-0.0005421	-0.0004418	-0.0003373	-0.0002278	-0.0001198	-0.0000141	+0.0000868	+0.0001824	+0.0002711	+0.0003507	+0.0004266	+0.0004949	+0.0005600	+0.0006219
2013-12	-0.016	-0.0012453	-0.0011862	-0.0011225	-0.0010528	-0.0009779	-0.0008978	-0.0008101	-0.0007138	-0.0006132	-0.0005078	-0.0003965	-0.0002814	-0.0001678	-0.0000584	+0.0000449	+0.0001414	+0.0002344	+0.0003225	+0.0004075	+0.0004863	+0.0005643
2014-01	0.015	-0.0013576	-0.0012924	-0.0012221	-0.0011521	-0.0010754	-0.0009954	-0.0009093	-0.0008161	-0.0007149	-0.0006089	-0.0004979	-0.0003800	-0.0002595	-0.0001374	-0.0000180	+0.0001047	+0.0002225	+0.0003373	+0.0004454	+0.0005495	+0.0006403
2014-02	0.004	-0.0010627	-0.0009926	-0.0009216	-0.0008503	-0.0007718	-0.0006893	-0.0006045	-0.0005114	-0.0004127	-0.0003112	-0.0002081	-0.0001044	-0.0000058	+0.0000892	+0.0001784	+0.0002612	+0.0003379	+0.0004096	+0.0004768	+0.0005382	+0.0005957
2014-03	0.003	-0.0006583	-0.0006084	-0.0005574	-0.0005017	-0.0004418	-0.0003813	-0.0003145	-0.0002429	-0.0001680	-0.0000908	-0.0000114	+0.0000691	+0.0001462	+0.0002189	+0.0002863	+0.0003486	+0.0004046	+0.0004577	+0.0005053	+0.0005499	+0.0005912
2014-04	0.007	-0.0006067	-0.0005605	-0.0005094	-0.0004549	-0.0003980	-0.0003372	-0.0002714	-0.0002022	-0.0001284	-0.0000522	+0.0000255	+0.0001033	+0.0001779	+0.0002482	+0.0003139	+0.0003747	+0.0004291	+0.0004780	+0.0005230	+0.0005687	+0.0006104
2014-05	0.017	-0.0003812	-0.0003374	-0.0002922	-0.0002411	-0.0001879	-0.0001321	-0.0000710	-0.0000080	+0.0000595	+0.0001289	+0.0001998	+0.0002710	+0.0003403	+0.0004048	+0.0004630	+0.0005158	+0.0005651	+0.0006101	+0.0006516	+0.0006916	+0.0007286
2014-06	-0.001	-0.0003664	-0.0003219	-0.0002751	-0.0002269	-0.0001775	-0.0001260	-0.0000704	-0.0000117	+0.0000492	+0.0001114	+0.0001739	+0.0002361	+0.0002962	+0.0003537	+0.0004072	+0.0004553	+0.0004996	+0.0005403	+0.0005792	+0.0006159	+0.0006511
2014-07	0.003	-0.0002756	-0.0002397	-0.0002037	-0.0001644	-0.0001249	-0.0000814	-0.0000345	+0.0000159	+0.0000687	+0.0001253	+0.0001829	+0.0002392	+0.0002926	+0.0003425	+0.0003891	+0.0004331	+0.0004734	+0.0005097	+0.0005440	+0.0005779	+0.0006100
2014-08	0.018	-0.0002720	-0.0002231	-0.0001739	-0.0001239	-0.0000724	-0.0000188	+0.0000388	+0.0000982	+0.0001573	+0.0002165	+0.0002741	+0.0003306	+0.0003841	+0.0004331	+0.0004789	+0.0005212	+0.0005606	+0.0005970	+0.0006318	+0.0006628	+0.0006901
2014-09	-0.013	-0.0003777	-0.0003046	-0.0002190	-0.0001413	-0.0000694	+0.0000056	+0.0000894	+0.0001803	+0.0002632	+0.0003348	+0.0003960	+0.0004507	+0.0005011	+0.0005487	+0.0005929	+0.0006337	+0.0006699	+0.0007039	+0.0007332	+0.0007597	+0.0007859
2014-10	0.008	-0.0003326	-0.0002856	-0.0002386	-0.0001875	-0.0001355	-0.0000796	-0.0000199	+0.0000435	+0.0001091	+0.0001742	+0.0002386	+0.0003021	+0.0003634	+0.0004191	+0.0004713	+0.0005185	+0.0005605	+0.0005994	+0.0006354	+0.0006690	+0.0007015
2014-11	0.017	-0.0004080	-0.0003448	-0.0002795	-0.0002178	-0.0001559	-0.0000900	-0.0000193	+0.0000522	+0.0001245	+0.0001953	+0.0002646	+0.0003311	+0.0003943	+0.0004526	+0.0005066	+0.0005557	+0.0006001	+0.0006408	+0.0006776	+0.0007114	+0.0007444
2014-12	-0.004	-0.0003297	-0.0002747	-0.0002153	-0.0001550	-0.0000919	-0.0000257	+0.0000427	+0.0001130	+0.0001851	+0.0002572	+0.0003278	+0.0003973	+0.0004638	+0.0005246	+0.0005810	+0.0006326	+0.0006797	+0.0007220	+0.0007616	+0.0007965	+0.0008299
2015-01	0.026	-0.0004527	-0.0003954	-0.0003382	-0.0002736	-0.0002075	-0.0001370	-0.0000643	+0.0000109	+0.0000877	+0.0001653	+0.0002419	+0.0003176	+0.0003897	+0.0004573	+0.0005188	+0.0005754	+0.0006285	+0.0006757	+0.0007194	+0.0007598	+0.0007982
2015-02	0.001	-0.0003936	-0.0003165	-0.0002393	-0.0001631	-0.0000884	-0.0000080	+0.0000763	+0.0001636	+0.0002514	+0.0003386	+0.0004235	+0.0005038	+0.0005782	+0.0006463	+0.0007093	+0.0007676	+0.0008213	+0.0008689	+0.0009159	+0.0009598	+0.0010013
