2011-09	-0.082	-0.0045781	-0.0043508	-0.0040600	-0.0037658	-0.0034517	-0.0031104	-0.0027516	-0.0023666	-0.0019615	-0.0015484	-0.0011217	-0.0006863	-0.0002561	+0.0001524	+0.0005365	+0.0008981	+0.0012307	+0.0015630	+0.0018656	+0.0021446	+0.0024164
2011-10	0.101	-0.0053979	-0.0051076	-0.0048242	-0.0045193	-0.0042071	-0.0038711	-0.0035056	-0.0031148	-0.0027056	-0.0022644	-0.0018151	-0.0013532	-0.0008925	-0.0004458	-0.0000121	+0.0004088	+0.0008143	+0.0011946	+0.0015619	+0.0019218	+0.0022677
2011-11	-0.090	-0.0050959	-0.0048171	-0.0045329	-0.0042362	-0.0039198	-0.0035679	-0.0032001	-0.0028081	-0.0023782	-0.0019201	-0.0014338	-0.0009418	-0.0004505	+0.0000252	+0.0004834	+0.0009184	+0.0013192	+0.0017043	+0.0021035	+0.0024699	+0.0028626
2011-12	0.005	-0.0058789	-0.0056151	-0.0053176	-0.0050264	-0.0047213	-0.0043926	-0.0040317	-0.0036453	-0.0032250	-0.0027696	-0.0022962	-0.0018033	-0.0013109	-0.0008068	-0.0003062	+0.0001777	+0.0006525	+0.0011318	+0.0016096	+0.0020482	+0.0024929
2012-01	0.038	-0.0054021	-0.0051264	-0.0048253	-0.0045305	-0.0042042	-0.0038580	-0.0034912	-0.0030926	-0.0026516	-0.0021821	-0.0016859	-0.0011667	-0.0006420	-0.0001183	+0.0003896	+0.0008750	+0.0013483	+0.0018172	+0.0022396	+0.0026250	+0.0030134
2012-02	0.089	-0.0050096	-0.0047286	-0.0044032	-0.0040821	-0.0037317	-0.0033708	-0.0029780	-0.0025591	-0.0021005	-0.0016245	-0.0011325	-0.0006382	-0.0001590	+0.0003072	+0.0007486	+0.0011583	+0.0015605	+0.0019532	+0.0023115	+0.0026502	+0.0029629
2012-03	0.011	-0.0045944	-0.0043130	-0.0040178	-0.0036946	-0.0033499	-0.0029815	-0.0025887	-0.0021783	-0.0017415	-0.0012812	-0.0008057	-0.0003338	+0.0001293	+0.0005683	+0.0009781	+0.0013569	+0.0017132	+0.0020492	+0.0023598	+0.0026459	+0.0029114
2012-04	-0.044	-0.0034847	-0.0031868	-0.0028953	-0.0025899	-0.0022526	-0.0018997	-0.0015331	-0.0011414	-0.0007335	-0.0003036	+0.0001294	+0.0005533	+0.0009679	+0.0013725	+0.0017379	+0.0020932	+0.0024191	+0.0027243	+0.0030171	+0.0032934	+0.0035346
2012-05	-0.120	-0.0026342	-0.0024108	-0.0021833	-0.0019386	-0.0016786	-0.0013979	-0.0010961	-0.0007722	-0.0004192	-0.0000419	+0.0003394	+0.0007263	+0.0011005	+0.0014553	+0.0017796	+0.0020858	+0.0023650	+0.0026351	+0.0028938	+0.0031292	+0.0033590
2012-06	0.025	-0.0028608	-0.0026296	-0.0023992	-0.0021398	-0.0018685	-0.0015819	-0.0012689	-0.0009371	-0.0005774	-0.0001985	+0.0001838	+0.0005706	+0.0009421	+0.0012971	+0.0016344	+0.0019460	+0.0022340	+0.0025062	+0.0027647	+0.0029964	+0.0032203
2012-07	-0.011	-0.0031813	-0.0029718	-0.0027396	-0.0025120	-0.0022582	-0.0019910	-0.0016971	-0.0013869	-0.0010576	-0.0007118	-0.0003505	+0.0000087	+0.0003539	+0.0006851	+0.0009962	+0.0012891	+0.0015741	+0.0018243	+0.0020761	+0.0023041	+0.0025132
2012-08	0.021	-0.0029705	-0.0027796	-0.0025785	-0.0023735	-0.0021467	-0.0019072	-0.0016454	-0.0013604	-0.0010581	-0.0007391	-0.0004151	-0.0000906	+0.0002274	+0.0005327	+0.0008150	+0.0010790	+0.0013251	+0.0015541	+0.0017747	+0.0019791	+0.0021870
2012-09	0.026	-0.0024348	-0.0022495	-0.0020388	-0.0018272	-0.0015950	-0.0013476	-0.0010795	-0.0008024	-0.0005143	-0.0002129	+0.0000937	+0.0004017	+0.0007026	+0.0009926	+0.0012692	+0.0015235	+0.0017506	+0.0019661	+0.0021760	+0.0023666	+0.0025438
2012-10	-0.010	-0.0026924	-0.0024901	-0.0022819	-0.0020645	-0.0018265	-0.0015726	-0.0013078	-0.0010295	-0.0007398	-0.0004398	-0.0001310	+0.0001782	+0.0004818	+0.0007732	+0.0010506	+0.0013106	+0.0015565	+0.0017833	+0.0019890	+0.0021793	+0.0023595
2012-11	0.033	-0.0029495	-0.0027952	-0.0026043	-0.0024017	-0.0021837	-0.0019531	-0.0017036	-0.0014386	-0.0011523	-0.0008518	-0.0005343	-0.0002163	+0.0000970	+0.0003943	+0.0006812	+0.0009537	+0.0012075	+0.0014357	+0.0016404	+0.0018278	+0.0020100
2012-12	0.102	-0.0029588	-0.0027921	-0.0026157	-0.0024210	-0.0022050	-0.0019649	-0.0017099	-0.0014334	-0.0011363	-0.0008206	-0.0004887	-0.0001544	+0.0001752	+0.0004901	+0.0007879	+0.0010650	+0.0013135	+0.0015545	+0.0017778	+0.0019943	+0.0022045
2013-01	0.104	-0.0020154	-0.0018225	-0.0016255	-0.0014142	-0.0011875	-0.0009422	-0.0006720	-0.0003850	-0.0000788	+0.0002387	+0.0005628	+0.0008862	+0.0011968	+0.0014961	+0.0017764	+0.0020452	+0.0022902	+0.0025157	+0.0027204	+0.0029249	+0.0031072
2013-02	0.034	-0.0019069	-0.0015300	-0.0011987	-0.0008364	-0.0004500	-0.0000473	+0.0003644	+0.0007884	+0.0012072	+0.0016168	+0.0020020	+0.0023581	+0.0026892	+0.0029946	+0.0032799	+0.0035454	+0.0037918	+0.0040086	+0.0042098	+0.0043796	+0.0045455
2013-03	0.044	-0.0021500	-0.0018078	-0.0014416	-0.0010424	-0.0006364	-0.0002305	+0.0001736	+0.0005976	+0.0010237	+0.0014318	+0.0018137	+0.0021762	+0.0025123	+0.0028338	+0.0031231	+0.0033938	+0.0036442	+0.0038795	+0.0040844	+0.0042535	+0.0044209
2013-04	0.083	-0.0025277	-0.0019577	-0.0014271	-0.0009655	-0.0005101	-0.0000482	+0.0004562	+0.0010201	+0.0015742	+0.0020447	+0.0024557	+0.0028202	+0.0031517	+0.0034555	+0.0037401	+0.0039975	+0.0042338	+0.0044498	+0.0046471	+0.0048357	+0.0050150
2013-05	0.075	-0.0025528	-0.0020838	-0.0015652	-0.0010143	-0.0004704	+0.0000868	+0.0006810	+0.0012952	+0.0018497	+0.0023362	+0.0027844	+0.0031971	+0.0035695	+0.0039148	+0.0042336	+0.0045217	+0.0047817	+0.0050337	+0.0052526	+0.0054650	+0.0056534
2013-06	-0.053	-0.0031727	-0.0025350	-0.0018043	-0.0011344	-0.0005630	+0.0000092	+0.0006595	+0.0014456	+0.0021874	+0.0027543	+0.0032456	+0.0036735	+0.0040665	+0.0044271	+0.0047529	+0.0050520	+0.0053132	+0.0055531	+0.0057754	+0.0059799	+0.0061739
2013-07	0.058	-0.0028223	-0.0022530	-0.0016744	-0.0011214	-0.0005705	-0.0000115	+0.0005925	+0.0011818	+0.0017478	+0.0022720	+0.0027666	+0.0032126	+0.0036242	+0.0040053	+0.0043633	+0.0046945	+0.0049914	+0.0052578	+0.0055111	+0.0057473	+0.0059660
2013-08	-0.023	-0.0030620	-0.0024127	-0.0017413	-0.0011279	-0.0005454	+0.0000420	+0.0006959	+0.0014131	+0.0020772	+0.0026349	+0.0031276	+0.0035658	+0.0039682	+0.0043361	+0.0046708	+0.0049769	+0.0052567	+0.0055078	+0.0057280	+0.0059424	+0.0061460
2013-09	0.055	-0.0023997	-0.0020035	-0.0015964	-0.0011996	-0.0007802	-0.0003550	+0.0000873	+0.0005441	+0.0010001	+0.0014465	+0.0018623	+0.0022653	+0.0026427	+0.0030000	+0.0033325	+0.0036357	+0.0039212	+0.0041862	+0.0044302	+0.0046571	+0.0048669
2013-10	0.041	-0.0025510	-0.0021427	-0.0017021	-0.0012751	-0.0008680	-0.0004384	+0.0000090	+0.0004533	+0.0008899	+0.0013241	+0.0017487	+0.0021562	+0.0025343	+0.0028843	+0.0032173	+0.0035291	+0.0038255	+0.0040901	+0.0043459	+0.0045917	+0.0048234
2013-11	0.040	-0.0021978	-0.0018447	-0.0014811	-0.0011282	-0.0007443	-0.0003431	+0.0000493	+0.0004494	+0.0008598	+0.0012607	+0.0016507	+0.0020284	+0.0023856	+0.0027299	+0.0030597	+0.0033624	+0.0036361	+0.0039044	+0.0041440	+0.0043747	+0.0045921
2013-12	0.041	-0.0019129	-0.0016059	-0.0012767	-0.0009365	-0.0005775	-0.0002296	+0.0001478	+0.0005326	+0.0009194	+0.0013024	+0.0016836	+0.0020458	+0.0023974	+0.0027190	+0.0030205	+0.0032952	+0.0035483	+0.0037821	+0.0040007	+0.0041991	+0.0043868
2014-01	-0.049	-0.0018157	-0.0015600	-0.0012849	-0.0010029	-0.0007082	-0.0003980	-0.0000765	+0.0002501	+0.0005884	+0.0009291	+0.0012702	+0.0015943	+0.0018971	+0.0021763	+0.0024396	+0.0026903	+0.0029172	+0.0031277	+0.0033301	+0.0035251	+0.0037196
2014-02	0.035	-0.0017525	-0.0015223	-0.0012722	-0.0010265	-0.0007627	-0.0004914	-0.0002162	+0.0000707	+0.0003662	+0.0006698	+0.0009778	+0.0012700	+0.0015479	+0.0018041	+0.0020428	+0.0022594	+0.0024625	+0.0026472	+0.0028180	+0.0029785	+0.0031309
2014-03	0.006	-0.0017079	-0.0014705	-0.0012175	-0.0009536	-0.0006759	-0.0003822	-0.0000851	+0.0002254	+0.0005371	+0.0008482	+0.0011515	+0.0014462	+0.0017295	+0.0019869	+0.0022228	+0.0024393	+0.0026390	+0.0028248	+0.0029951	+0.0031545	+0.0032961
2014-04	-0.002	-0.0016608	-0.0014532	-0.0012500	-0.0010383	-0.0008155	-0.0005736	-0.0003166	-0.0000526	+0.0002262	+0.0005206	+0.0008112	+0.0010940	+0.0013677	+0.0016265	+0.0018665	+0.0020854	+0.0022863	+0.0024641	+0.0026285	+0.0027776	+0.0029253
2014-05	0.020	-0.0018500	-0.0016234	-0.0013798	-0.0011083	-0.0008308	-0.0005524	-0.0002532	+0.0000537	+0.0003687	+0.0006880	+0.0010002	+0.0013078	+0.0015973	+0.0018646	+0.0021152	+0.0023487	+0.0025621	+0.0027584	+0.0029320	+0.0030904	+0.0032418
2014-06	0.027	-0.0015708	-0.0013837	-0.0011816	-0.0009666	-0.0007419	-0.0005026	-0.0002466	+0.0000210	+0.0003026	+0.0005919	+0.0008860	+0.0011743	+0.0014460	+0.0016984	+0.0019366	+0.0021545	+0.0023557	+0.0025378	+0.0027141	+0.0028790	+0.0030203
2014-07	0.002	-0.0017437	-0.0015249	-0.0012980	-0.0010619	-0.0008242	-0.0005688	-0.0003094	-0.0000334	+0.0002587	+0.0005505	+0.0008392	+0.0011232	+0.0013932	+0.0016467	+0.0018738	+0.0020835	+0.0022736	+0.0024528	+0.0026142	+0.0027683	+0.0029149
2014-08	0.004	-0.0016714	-0.0014878	-0.0012844	-0.0010819	-0.0008697	-0.0006547	-0.0004271	-0.0001782	+0.0000764	+0.0003390	+0.0006079	+0.0008759	+0.0011339	+0.0013741	+0.0015963	+0.0017976	+0.0019911	+0.0021662	+0.0023272	+0.0024789	+0.0026251
2014-09	0.015	-0.0018163	-0.0016542	-0.0014826	-0.0013021	-0.0011144	-0.0009048	-0.0006758	-0.0004339	-0.0001731	+0.0000931	+0.0003600	+0.0006259	+0.0008837	+0.0011283	+0.0013481	+0.0015491	+0.0017390	+0.0019193	+0.0020867	+0.0022432	+0.0023909
2014-10	-0.022	-0.0014097	-0.0012120	-0.0010096	-0.0007991	-0.0005780	-0.0003442	-0.0001062	+0.0001447	+0.0003973	+0.0006487	+0.0009036	+0.0011524	+0.0013833	+0.0015948	+0.0017956	+0.0019796	+0.0021529	+0.0023035	+0.0024399	+0.0025696	+0.0026883
2014-11	0.099	-0.0021052	-0.0019436	-0.0017570	-0.0015698	-0.0013736	-0.0011580	-0.0009319	-0.0006900	-0.0004285	-0.0001605	+0.0001127	+0.0003812	+0.0006401	+0.0008842	+0.0011107	+0.0013236	+0.0015223	+0.0017093	+0.0018807	+0.0020353	+0.0021776
2014-12	-0.001	-0.0018445	-0.0016479	-0.0014450	-0.0012215	-0.0009863	-0.0007308	-0.0004630	-0.0001716	+0.0001357	+0.0004533	+0.0007733	+0.0010853	+0.0013889	+0.0016753	+0.0019504	+0.0022027	+0.0024358	+0.0026621	+0.0028682	+0.0030624	+0.0032404
2015-01	-0.028	-0.0019294	-0.0017121	-0.0014716	-0.0012237	-0.0009637	-0.0006857	-0.0003891	-0.0000761	+0.0002523	+0.0005865	+0.0009258	+0.0012621	+0.0015819	+0.0018840	+0.0021728	+0.0024372	+0.0026815	+0.0029112	+0.0031062	+0.0032985	+0.0034778
2015-02	0.018	-0.0023842	-0.0021595	-0.0019294	-0.0016846	-0.0014214	-0.0011513	-0.0008614	-0.0005537	-0.0002181	+0.0001345	+0.0004919	+0.0008434	+0.0011832	+0.0015023	+0.0018002	+0.0020822	+0.0023344	+0.0025691	+0.0027871	+0.0029892	+0.0031733
