2011-09	-0.041	-0.0007377	-0.0006785	-0.0006174	-0.0005517	-0.0004873	-0.0004190	-0.0003483	-0.0002762	-0.0002017	-0.0001254	-0.0000533	+0.0000160	+0.0000811	+0.0001414	+0.0001960	+0.0002461	+0.0002915	+0.0003307	+0.0003662	+0.0003962	+0.0004247
2011-10	0.034	-0.0011797	-0.0011132	-0.0010444	-0.0009728	-0.0008989	-0.0008158	-0.0007307	-0.0006406	-0.0005474	-0.0004498	-0.0003521	-0.0002572	-0.0001667	-0.0000811	-0.0000003	+0.0000744	+0.0001442	+0.0002159	+0.0002805	+0.0003385	+0.0003913
2011-11	-0.040	-0.0011783	-0.0011188	-0.0010509	-0.0009766	-0.0008988	-0.0008148	-0.0007218	-0.0006218	-0.0005133	-0.0003978	-0.0002836	-0.0001682	-0.0000541	+0.0000573	+0.0001606	+0.0002571	+0.0003476	+0.0004300	+0.0005150	+0.0006065	+0.0006983
2011-12	0.018	-0.0014421	-0.0013704	-0.0012940	-0.0012169	-0.0011308	-0.0010377	-0.0009373	-0.0008299	-0.0007151	-0.0005927	-0.0004677	-0.0003432	-0.0002184	-0.0000974	+0.0000194	+0.0001308	+0.0002356	+0.0003332	+0.0004291	+0.0005225	+0.0006073
2012-01	0.037	-0.0014887	-0.0014170	-0.0013412	-0.0012599	-0.0011732	-0.0010781	-0.0009760	-0.0008629	-0.0007420	-0.0006132	-0.0004808	-0.0003435	-0.0002056	-0.0000700	+0.0000573	+0.0001817	+0.0003016	+0.0004187	+0.0005324	+0.0006331	+0.0007354
2012-02	0.015	-0.0013310	-0.0012540	-0.0011716	-0.0010784	-0.0009763	-0.0008724	-0.0007582	-0.0006407	-0.0005154	-0.0003868	-0.0002504	-0.0001125	+0.0000217	+0.0001482	+0.0002666	+0.0003805	+0.0004861	+0.0005824	+0.0006739	+0.0007632	+0.0008555
2012-03	0.012	-0.0011791	-0.0011043	-0.0010232	-0.0009320	-0.0008355	-0.0007282	-0.0006160	-0.0004968	-0.0003714	-0.0002414	-0.0001062	+0.0000291	+0.0001597	+0.0002818	+0.0003946	+0.0005009	+0.0006001	+0.0006916	+0.0007740	+0.0008517	+0.0009251
2012-04	-0.011	-0.0011208	-0.0010396	-0.0009516	-0.0008607	-0.0007634	-0.0006546	-0.0005410	-0.0004202	-0.0002915	-0.0001592	-0.0000248	+0.0001093	+0.0002404	+0.0003641	+0.0004786	+0.0005846	+0.0006815	+0.0007732	+0.0008589	+0.0009365	+0.0010073
2012-05	-0.008	-0.0008305	-0.0007590	-0.0006828	-0.0006016	-0.0005158	-0.0004236	-0.0003217	-0.0002147	-0.0001016	+0.0000176	+0.0001399	+0.0002624	+0.0003820	+0.0004963	+0.0006049	+0.0007073	+0.0008045	+0.0008932	+0.0009756	+0.0010505	+0.0011178
2012-06	0.012	-0.0005494	-0.0004643	-0.0003770	-0.0002902	-0.0001991	-0.0001005	+0.0000030	+0.0001115	+0.0002208	+0.0003316	+0.0004440	+0.0005539	+0.0006587	+0.0007591	+0.0008511	+0.0009332	+0.0010097	+0.0010848	+0.0011545	+0.0012189	+0.0012789
2012-07	0.023	-0.0005244	-0.0004636	-0.0004040	-0.0003387	-0.0002636	-0.0001848	-0.0001007	-0.0000118	+0.0000797	+0.0001735	+0.0002679	+0.0003597	+0.0004488	+0.0005340	+0.0006122	+0.0006848	+0.0007492	+0.0008087	+0.0008664	+0.0009203	+0.0009672
2012-08	0.016	-0.0006675	-0.0005485	-0.0004105	-0.0002840	-0.0001700	-0.0000599	+0.0000714	+0.0002269	+0.0003737	+0.0004900	+0.0005903	+0.0006791	+0.0007575	+0.0008290	+0.0008916	+0.0009492	+0.0010018	+0.0010500	+0.0010946	+0.0011352	+0.0011732
2012-09	0.019	-0.0005641	-0.0004552	-0.0003364	-0.0002237	-0.0001148	-0.0000039	+0.0001245	+0.0002738	+0.0004112	+0.0005242	+0.0006196	+0.0007041	+0.0007785	+0.0008479	+0.0009116	+0.0009698	+0.0010240	+0.0010733	+0.0011191	+0.0011605	+0.0011967
2012-10	0.019	-0.0005130	-0.0004162	-0.0003149	-0.0002124	-0.0001121	-0.0000130	+0.0000959	+0.0002123	+0.0003258	+0.0004271	+0.0005152	+0.0005936	+0.0006638	+0.0007290	+0.0007884	+0.0008428	+0.0008924	+0.0009391	+0.0009814	+0.0010177	+0.0010508
2012-11	0.013	-0.0005387	-0.0004242	-0.0003114	-0.0002075	-0.0001120	-0.0000121	+0.0000996	+0.0002244	+0.0003380	+0.0004350	+0.0005214	+0.0005971	+0.0006661	+0.0007285	+0.0007841	+0.0008327	+0.0008782	+0.0009210	+0.0009587	+0.0009945	+0.0010285
2012-12	0.014	-0.0004515	-0.0003572	-0.0002606	-0.0001566	-0.0000565	+0.0000471	+0.0001588	+0.0002815	+0.0003975	+0.0004945	+0.0005781	+0.0006530	+0.0007209	+0.0007819	+0.0008366	+0.0008853	+0.0009293	+0.0009685	+0.0010035	+0.0010394	+0.0010709
2013-01	-0.002	-0.0006100	-0.0004677	-0.0002831	-0.0001468	-0.0000539	+0.0000433	+0.0001632	+0.0003472	+0.0005248	+0.0006268	+0.0007064	+0.0007744	+0.0008346	+0.0008885	+0.0009374	+0.0009815	+0.0010225	+0.0010593	+0.0010945	+0.0011250	+0.0011528
2013-02	0.007	-0.0007427	-0.0006458	-0.0003191	-0.0000990	-0.0000228	+0.0000540	+0.0001512	+0.0004526	+0.0007152	+0.0007919	+0.0008526	+0.0009064	+0.0009554	+0.0010003	+0.0010411	+0.0010779	+0.0011103	+0.0011407	+0.0011683	+0.0011938	+0.0012172
2013-03	0.004	-0.0006609	-0.0005636	-0.0003009	-0.0001369	-0.0000515	+0.0000314	+0.0001377	+0.0004173	+0.0005908	+0.0006699	+0.0007348	+0.0007911	+0.0008424	+0.0008890	+0.0009313	+0.0009702	+0.0010070	+0.0010403	+0.0010713	+0.0011009	+0.0011280
2013-04	0.013	-0.0005192	-0.0004219	-0.0002374	-0.0001233	-0.0000430	+0.0000305	+0.0001221	+0.0002971	+0.0004635	+0.0005456	+0.0006096	+0.0006662	+0.0007189	+0.0007665	+0.0008088	+0.0008468	+0.0008818	+0.0009141	+0.0009449	+0.0009746	+0.0010017
2013-05	-0.000	-0.0005281	-0.0004220	-0.0002595	-0.0001287	-0.0000477	+0.0000363	+0.0001418	+0.0003225	+0.0004545	+0.0005359	+0.0006000	+0.0006558	+0.0007070	+0.0007544	+0.0007977	+0.0008373	+0.0008730	+0.0009060	+0.0009367	+0.0009657	+0.0009939
2013-06	-0.020	-0.0004547	-0.0003635	-0.0002439	-0.0001476	-0.0000753	-0.0000038	+0.0000773	+0.0001972	+0.0003148	+0.0003905	+0.0004498	+0.0005013	+0.0005484	+0.0005910	+0.0006308	+0.0006667	+0.0006999	+0.0007301	+0.0007577	+0.0007828	+0.0008070
2013-07	0.011	-0.0004309	-0.0003841	-0.0003363	-0.0002849	-0.0002321	-0.0001772	-0.0001206	-0.0000621	-0.0000021	+0.0000607	+0.0001241	+0.0001863	+0.0002444	+0.0002982	+0.0003459	+0.0003910	+0.0004319	+0.0004699	+0.0005041	+0.0005343	+0.0005620
2013-08	-0.001	-0.0003843	-0.0003441	-0.0002983	-0.0002504	-0.0002024	-0.0001523	-0.0000981	-0.0000421	+0.0000174	+0.0000779	+0.0001383	+0.0001998	+0.0002586	+0.0003136	+0.0003638	+0.0004096	+0.0004491	+0.0004851	+0.0005177	+0.0005493	+0.0005773
2013-09	0.008	-0.0004326	-0.0003957	-0.0003599	-0.0003207	-0.0002798	-0.0002364	-0.0001904	-0.0001416	-0.0000898	-0.0000360	+0.0000192	+0.0000739	+0.0001261	+0.0001747	+0.0002206	+0.0002619	+0.0003007	+0.0003352	+0.0003659	+0.0003957	+0.0004229
2013-10	0.012	-0.0003519	-0.0003110	-0.0002700	-0.0002269	-0.0001811	-0.0001322	-0.0000821	-0.0000297	+0.0000237	+0.0000800	+0.0001355	+0.0001898	+0.0002422	+0.0002903	+0.0003358	+0.0003778	+0.0004154	+0.0004484	+0.0004783	+0.0005066	+0.0005343
2013-11	-0.000	-0.0003276	-0.0002905	-0.0002522	-0.0002105	-0.0001662	-0.0001189	-0.0000711	-0.0000198	+0.0000324	+0.0000874	+0.0001427	+0.0001972	+0.0002486	+0.0002964	+0.0003399	+0.0003806	+0.0004160	+0.0004478	+0.0004766	+0.0005051	+0.0005305
2013-12	-0.001	-0.0003287	-0.0002961	-0.0002595	-0.0002189	-0.0001762	-0.0001320	-0.0000856	-0.0000353	+0.0000171	+0.0000714	+0.0001253	+0.0001789	+0.0002283	+0.0002739	+0.0003158	+0.0003545	+0.0003896	+0.0004220	+0.0004540	+0.0004837	+0.0005108
2014-01	0.008	-0.0004014	-0.0003650	-0.0003291	-0.0002930	-0.0002539	-0.0002124	-0.0001680	-0.0001226	-0.0000753	-0.0000280	+0.0000209	+0.0000690	+0.0001156	+0.0001588	+0.0001992	+0.0002362	+0.0002707	+0.0003020	+0.0003306	+0.0003581	+0.0003840
2014-02	0.008	-0.0002883	-0.0002535	-0.0002166	-0.0001785	-0.0001375	-0.0000937	-0.0000487	-0.0000025	+0.0000457	+0.0000951	+0.0001438	+0.0001914	+0.0002359	+0.0002774	+0.0003159	+0.0003518	+0.0003842	+0.0004132	+0.0004399	+0.0004652	+0.0004891
2014-03	-0.001	-0.0002410	-0.0001879	-0.0001253	-0.0000747	-0.0000294	+0.0000194	+0.0000775	+0.0001505	+0.0002098	+0.0002549	+0.0002922	+0.0003264	+0.0003578	+0.0003868	+0.0004140	+0.0004390	+0.0004612	+0.0004811	+0.0004999	+0.0005177	+0.0005347
2014-04	0.005	-0.0002223	-0.0001807	-0.0001332	-0.0000874	-0.0000446	-0.0000006	+0.0000471	+0.0000974	+0.0001440	+0.0001842	+0.0002195	+0.0002522	+0.0002825	+0.0003102	+0.0003359	+0.0003596	+0.0003812	+0.0004015	+0.0004200	+0.0004359	+0.0004519
2014-05	0.007	-0.0002357	-0.0001922	-0.0001103	-0.0000581	-0.0000198	+0.0000212	+0.0000754	+0.0001525	+0.0002079	+0.0002470	+0.0002795	+0.0003087	+0.0003361	+0.0003616	+0.0003849	+0.0004063	+0.0004257	+0.0004434	+0.0004598	+0.0004753	+0.0004904
2014-06	0.002	-0.0002295	-0.0001831	-0.0001180	-0.0000594	-0.0000225	+0.0000141	+0.0000597	+0.0001311	+0.0001892	+0.0002266	+0.0002567	+0.0002838	+0.0003084	+0.0003311	+0.0003522	+0.0003716	+0.0003899	+0.0004067	+0.0004221	+0.0004372	+0.0004508
2014-07	-0.001	-0.0002022	-0.0001618	-0.0001104	-0.0000720	-0.0000402	-0.0000065	+0.0000365	+0.0000921	+0.0001348	+0.0001663	+0.0001932	+0.0002181	+0.0002414	+0.0002629	+0.0002827	+0.0003007	+0.0003176	+0.0003333	+0.0003477	+0.0003620	+0.0003753
2014-08	0.004	-0.0001551	-0.0001180	-0.0000781	-0.0000473	-0.0000176	+0.0000150	+0.0000532	+0.0000981	+0.0001358	+0.0001662	+0.0001931	+0.0002179	+0.0002407	+0.0002616	+0.0002807	+0.0002984	+0.0003145	+0.0003294	+0.0003433	+0.0003566	+0.0003689
2014-09	-0.005	-0.0001879	-0.0001530	-0.0001039	-0.0000665	-0.0000349	-0.0000043	+0.0000342	+0.0000841	+0.0001234	+0.0001527	+0.0001778	+0.0002003	+0.0002214	+0.0002409	+0.0002587	+0.0002755	+0.0002909	+0.0003058	+0.0003201	+0.0003324	+0.0003439
2014-10	0.003	-0.0001709	-0.0001428	-0.0001130	-0.0000850	-0.0000579	-0.0000289	+0.0000049	+0.0000400	+0.0000710	+0.0000981	+0.0001227	+0.0001454	+0.0001666	+0.0001860	+0.0002041	+0.0002203	+0.0002353	+0.0002496	+0.0002631	+0.0002757	+0.0002874
2014-11	0.003	-0.0001142	-0.0000965	-0.0000778	-0.0000596	-0.0000396	-0.0000202	-0.0000005	+0.0000201	+0.0000410	+0.0000619	+0.0000826	+0.0001027	+0.0001222	+0.0001406	+0.0001579	+0.0001737	+0.0001884	+0.0002016	+0.0002140	+0.0002258	+0.0002371
2014-12	-0.001	-0.0001134	-0.0000937	-0.0000744	-0.0000542	-0.0000345	-0.0000138	+0.0000063	+0.0000271	+0.0000482	+0.0000698	+0.0000911	+0.0001120	+0.0001322	+0.0001515	+0.0001691	+0.0001849	+0.0002001	+0.0002146	+0.0002284	+0.0002416	+0.0002531
2015-01	0.010	-0.0000925	-0.0000818	-0.0000702	-0.0000580	-0.0000454	-0.0000315	-0.0000172	-0.0000013	+0.0000154	+0.0000322	+0.0000495	+0.0000669	+0.0000836	+0.0000995	+0.0001145	+0.0001287	+0.0001421	+0.0001541	+0.0001651	+0.0001754	+0.0001846
2015-02	0.000	-0.0000833	-0.0000695	-0.0000551	-0.0000385	-0.0000218	-0.0000038	+0.0000147	+0.0000337	+0.0000532	+0.0000739	+0.0000945	+0.0001153	+0.0001350	+0.0001540	+0.0001716	+0.0001882	+0.0002036	+0.0002183	+0.0002328	+0.0002457	+0.0002583
