2011-09	-0.073	-0.0050167	-0.0047948	-0.0045320	-0.0042672	-0.0039631	-0.0036439	-0.0032885	-0.0028916	-0.0024712	-0.0020227	-0.0015614	-0.0010879	-0.0006117	-0.0001405	+0.0003230	+0.0007702	+0.0011748	+0.0015611	+0.0019527	+0.0023197	+0.0026594
2011-10	0.027	-0.0046079	-0.0043944	-0.0041398	-0.0038640	-0.0035639	-0.0032434	-0.0028969	-0.0025309	-0.0021376	-0.0017153	-0.0012757	-0.0008214	-0.0003728	+0.0000641	+0.0004768	+0.0008686	+0.0012388	+0.0015724	+0.0018829	+0.0021778	+0.0024592
2011-11	-0.087	-0.0044298	-0.0041986	-0.0039608	-0.0036971	-0.0034161	-0.0031088	-0.0027686	-0.0024038	-0.0020078	-0.0015892	-0.0011610	-0.0007270	-0.0002970	+0.0001237	+0.0005183	+0.0008909	+0.0012371	+0.0015649	+0.0018812	+0.0021620	+0.0024151
2011-12	-0.058	-0.0059790	-0.0057330	-0.0054801	-0.0052061	-0.0048881	-0.0045511	-0.0041882	-0.0038049	-0.0033969	-0.0029557	-0.0024913	-0.0020025	-0.0014958	-0.0009995	-0.0005079	-0.0000331	+0.0004319	+0.0008708	+0.0013286	+0.0017830	+0.0022018
2012-01	0.124	-0.0059416	-0.0056688	-0.0053812	-0.0050826	-0.0047620	-0.0044243	-0.0040458	-0.0036255	-0.0031671	-0.0026784	-0.0021691	-0.0016195	-0.0010430	-0.0004347	+0.0001874	+0.0008182	+0.0014314	+0.0019758	+0.0024939	+0.0029968	+0.0035343
2012-02	0.089	-0.0054366	-0.0051571	-0.0048521	-0.0045051	-0.0041462	-0.0037692	-0.0033596	-0.0029195	-0.0024416	-0.0019362	-0.0014120	-0.0008793	-0.0003656	+0.0001395	+0.0006270	+0.0010958	+0.0015336	+0.0019405	+0.0023175	+0.0026792	+0.0030172
2012-03	-0.031	-0.0048032	-0.0045255	-0.0042098	-0.0038825	-0.0035281	-0.0031552	-0.0027516	-0.0023079	-0.0018386	-0.0013354	-0.0008308	-0.0003363	+0.0001453	+0.0005958	+0.0010283	+0.0014311	+0.0018226	+0.0021840	+0.0025321	+0.0028493	+0.0031400
2012-04	-0.054	-0.0048658	-0.0045710	-0.0042363	-0.0038836	-0.0035086	-0.0031175	-0.0026871	-0.0022359	-0.0017560	-0.0012577	-0.0007524	-0.0002543	+0.0002405	+0.0007066	+0.0011355	+0.0015442	+0.0019292	+0.0022786	+0.0026114	+0.0029257	+0.0032154
2012-05	-0.134	-0.0042714	-0.0039816	-0.0036816	-0.0033589	-0.0030151	-0.0026415	-0.0022412	-0.0018113	-0.0013571	-0.0008734	-0.0003870	+0.0000984	+0.0005775	+0.0010296	+0.0014469	+0.0018204	+0.0021663	+0.0025040	+0.0028242	+0.0031315	+0.0034186
2012-06	0.019	-0.0046748	-0.0043536	-0.0040491	-0.0037171	-0.0033608	-0.0029710	-0.0025612	-0.0021319	-0.0016737	-0.0011865	-0.0006806	-0.0001725	+0.0003315	+0.0008047	+0.0012481	+0.0016584	+0.0020441	+0.0024020	+0.0027232	+0.0030333	+0.0033353
2012-07	0.003	-0.0048873	-0.0046147	-0.0043267	-0.0040110	-0.0036657	-0.0032913	-0.0028910	-0.0024621	-0.0019934	-0.0015052	-0.0009989	-0.0004980	-0.0000132	+0.0004487	+0.0008876	+0.0013016	+0.0016959	+0.0020480	+0.0023876	+0.0026919	+0.0029739
2012-08	0.034	-0.0037426	-0.0035185	-0.0032635	-0.0029944	-0.0026836	-0.0023553	-0.0020013	-0.0016292	-0.0012311	-0.0008119	-0.0003807	+0.0000515	+0.0004745	+0.0008847	+0.0012725	+0.0016295	+0.0019623	+0.0022661	+0.0025522	+0.0028223	+0.0030668
2012-09	0.076	-0.0029099	-0.0026496	-0.0023899	-0.0021218	-0.0018452	-0.0015376	-0.0012044	-0.0008487	-0.0004710	-0.0000770	+0.0003185	+0.0007211	+0.0011190	+0.0015024	+0.0018612	+0.0021967	+0.0025059	+0.0027986	+0.0030780	+0.0033399	+0.0035901
2012-10	0.025	-0.0030835	-0.0028632	-0.0026217	-0.0023706	-0.0021001	-0.0018123	-0.0014975	-0.0011621	-0.0008076	-0.0004347	-0.0000514	+0.0003379	+0.0007208	+0.0010909	+0.0014419	+0.0017678	+0.0020637	+0.0023453	+0.0026011	+0.0028339	+0.0030620
2012-11	0.033	-0.0032884	-0.0030852	-0.0028618	-0.0026222	-0.0023605	-0.0020811	-0.0017818	-0.0014712	-0.0011355	-0.0007799	-0.0004142	-0.0000417	+0.0003230	+0.0006734	+0.0009958	+0.0012944	+0.0015744	+0.0018362	+0.0020714	+0.0023013	+0.0025174
2012-12	0.083	-0.0029143	-0.0027334	-0.0025309	-0.0023173	-0.0020699	-0.0018084	-0.0015273	-0.0012249	-0.0009067	-0.0005717	-0.0002305	+0.0001169	+0.0004601	+0.0007852	+0.0010935	+0.0013873	+0.0016483	+0.0018996	+0.0021323	+0.0023574	+0.0025996
2013-01	0.095	-0.0017114	-0.0014950	-0.0012668	-0.0010322	-0.0007852	-0.0005114	-0.0002221	+0.0000841	+0.0003991	+0.0007243	+0.0010614	+0.0013989	+0.0017348	+0.0020501	+0.0023466	+0.0026203	+0.0028785	+0.0031122	+0.0033188	+0.0035053	+0.0036818
2013-02	-0.047	-0.0021863	-0.0017274	-0.0011932	-0.0007302	-0.0002809	+0.0001587	+0.0006784	+0.0012501	+0.0017747	+0.0022163	+0.0026026	+0.0029529	+0.0032730	+0.0035736	+0.0038443	+0.0040880	+0.0043132	+0.0045229	+0.0047235	+0.0049152	+0.0050775
2013-03	-0.016	-0.0026644	-0.0021947	-0.0017277	-0.0013077	-0.0008812	-0.0004266	+0.0000782	+0.0005699	+0.0010230	+0.0014266	+0.0017862	+0.0021243	+0.0024461	+0.0027491	+0.0030249	+0.0032740	+0.0035069	+0.0037124	+0.0039061	+0.0040883	+0.0042566
2013-04	0.072	-0.0021453	-0.0017639	-0.0014239	-0.0010450	-0.0006454	-0.0002423	+0.0001757	+0.0006104	+0.0010387	+0.0014442	+0.0018271	+0.0021853	+0.0025223	+0.0028365	+0.0031175	+0.0033749	+0.0036116	+0.0038273	+0.0040322	+0.0042279	+0.0044141
2013-05	0.032	-0.0023224	-0.0018571	-0.0014265	-0.0009728	-0.0004996	-0.0000418	+0.0004458	+0.0009498	+0.0014351	+0.0018711	+0.0022717	+0.0026574	+0.0030242	+0.0033581	+0.0036633	+0.0039428	+0.0042034	+0.0044369	+0.0046555	+0.0048775	+0.0050873
2013-06	-0.162	-0.0024855	-0.0021150	-0.0017493	-0.0013610	-0.0009519	-0.0005510	-0.0001397	+0.0002841	+0.0007167	+0.0011458	+0.0015629	+0.0019643	+0.0023338	+0.0026791	+0.0030042	+0.0032977	+0.0035575	+0.0037969	+0.0040145	+0.0042216	+0.0044258
2013-07	0.039	-0.0030592	-0.0027889	-0.0024991	-0.0021781	-0.0018372	-0.0014731	-0.0010900	-0.0006919	-0.0002744	+0.0001706	+0.0006257	+0.0010719	+0.0014947	+0.0018920	+0.0022639	+0.0025987	+0.0029013	+0.0031908	+0.0034636	+0.0037246	+0.0039625
2013-08	-0.209	-0.0030722	-0.0027981	-0.0025198	-0.0022124	-0.0018941	-0.0015586	-0.0011984	-0.0008103	-0.0003933	+0.0000421	+0.0004817	+0.0009167	+0.0013274	+0.0017153	+0.0020713	+0.0024081	+0.0027126	+0.0029889	+0.0032510	+0.0035003	+0.0037385
2013-09	0.178	-0.0049633	-0.0046769	-0.0043754	-0.0040572	-0.0037038	-0.0033321	-0.0029449	-0.0025330	-0.0020837	-0.0016070	-0.0011259	-0.0006448	-0.0001850	+0.0002559	+0.0006608	+0.0010383	+0.0013917	+0.0017295	+0.0020363	+0.0023391	+0.0026260
2013-10	0.072	-0.0049540	-0.0046605	-0.0043395	-0.0039906	-0.0036205	-0.0032314	-0.0027998	-0.0023456	-0.0018520	-0.0013361	-0.0008013	-0.0002758	+0.0002362	+0.0007280	+0.0011873	+0.0016172	+0.0020296	+0.0024038	+0.0027527	+0.0030619	+0.0033727
2013-11	0.003	-0.0040931	-0.0037887	-0.0034585	-0.0031095	-0.0027515	-0.0023749	-0.0019698	-0.0015356	-0.0010718	-0.0005724	-0.0000665	+0.0004344	+0.0009240	+0.0013904	+0.0018286	+0.0022439	+0.0026256	+0.0029804	+0.0033168	+0.0036334	+0.0039234
2013-12	0.073	-0.0039834	-0.0037009	-0.0033969	-0.0030610	-0.0027058	-0.0023296	-0.0019209	-0.0014771	-0.0010090	-0.0005253	-0.0000400	+0.0004492	+0.0009272	+0.0013880	+0.0018214	+0.0022308	+0.0026139	+0.0029621	+0.0032784	+0.0035889	+0.0038647
2014-01	-0.049	-0.0040692	-0.0037507	-0.0034353	-0.0031049	-0.0027622	-0.0023988	-0.0019991	-0.0015639	-0.0010968	-0.0006097	-0.0000992	+0.0004079	+0.0008829	+0.0013289	+0.0017520	+0.0021543	+0.0025343	+0.0028901	+0.0032068	+0.0035025	+0.0037684
2014-02	0.014	-0.0041107	-0.0037890	-0.0034559	-0.0031200	-0.0027535	-0.0023611	-0.0019338	-0.0014815	-0.0010166	-0.0005332	-0.0000393	+0.0004690	+0.0009478	+0.0013927	+0.0018152	+0.0022040	+0.0025677	+0.0029091	+0.0032207	+0.0034999	+0.0037897
2014-03	0.089	-0.0032720	-0.0029985	-0.0027213	-0.0024237	-0.0020944	-0.0017445	-0.0013671	-0.0009561	-0.0005316	-0.0000921	+0.0003675	+0.0008183	+0.0012557	+0.0016760	+0.0020650	+0.0024210	+0.0027498	+0.0030605	+0.0033515	+0.0036297	+0.0039018
2014-04	0.009	-0.0025020	-0.0022161	-0.0019262	-0.0016141	-0.0012723	-0.0008960	-0.0005195	-0.0001166	+0.0003078	+0.0007518	+0.0012036	+0.0016501	+0.0020807	+0.0024966	+0.0028766	+0.0032361	+0.0035820	+0.0038913	+0.0041828	+0.0044636	+0.0047076
2014-05	0.089	-0.0028025	-0.0023792	-0.0019163	-0.0014142	-0.0008928	-0.0003634	+0.0001832	+0.0007185	+0.0012459	+0.0017391	+0.0021991	+0.0026342	+0.0030413	+0.0034154	+0.0037537	+0.0040610	+0.0043416	+0.0045983	+0.0048343	+0.0050657	+0.0052832
2014-06	0.007	-0.0020125	-0.0016325	-0.0012568	-0.0008364	-0.0004264	-0.0000084	+0.0004002	+0.0008307	+0.0012583	+0.0016815	+0.0020874	+0.0024684	+0.0028230	+0.0031520	+0.0034503	+0.0037173	+0.0039623	+0.0041833	+0.0043881	+0.0045773	+0.0047469
2014-07	0.050	-0.0020601	-0.0017442	-0.0013939	-0.0010311	-0.0006916	-0.0003252	+0.0000601	+0.0004546	+0.0008552	+0.0012426	+0.0016257	+0.0019994	+0.0023570	+0.0026917	+0.0029942	+0.0032676	+0.0035219	+0.0037492	+0.0039663	+0.0041589	+0.0043404
2014-08	0.037	-0.0021809	-0.0018357	-0.0014744	-0.0010916	-0.0006911	-0.0002887	+0.0001245	+0.0005380	+0.0009528	+0.0013505	+0.0017410	+0.0021038	+0.0024384	+0.0027484	+0.0030337	+0.0033049	+0.0035542	+0.0037815	+0.0039808	+0.0041734	+0.0043514
2014-09	0.043	-0.0018429	-0.0015125	-0.0011979	-0.0008686	-0.0005239	-0.0001607	+0.0002208	+0.0006075	+0.0009996	+0.0013878	+0.0017738	+0.0021488	+0.0025023	+0.0028279	+0.0031249	+0.0033997	+0.0036499	+0.0038820	+0.0041046	+0.0043023	+0.0044689
2014-10	0.012	-0.0022337	-0.0017248	-0.0011924	-0.0007471	-0.0003108	+0.0001222	+0.0006365	+0.0012221	+0.0017453	+0.0021602	+0.0025281	+0.0028662	+0.0031774	+0.0034616	+0.0037293	+0.0039760	+0.0041983	+0.0043971	+0.0045745	+0.0047362	+0.0049012
2014-11	0.102	-0.0020229	-0.0016362	-0.0012851	-0.0009026	-0.0005097	-0.0001019	+0.0003267	+0.0007727	+0.0012005	+0.0016011	+0.0019716	+0.0023185	+0.0026346	+0.0029277	+0.0032008	+0.0034533	+0.0036920	+0.0039134	+0.0041208	+0.0043095	+0.0044714
2014-12	-0.012	-0.0024157	-0.0019526	-0.0014899	-0.0010752	-0.0006417	-0.0001752	+0.0003732	+0.0009160	+0.0013879	+0.0018106	+0.0021999	+0.0025666	+0.0029190	+0.0032468	+0.0035387	+0.0038021	+0.0040403	+0.0042738	+0.0045077	+0.0047150	+0.0049287
2015-01	0.085	-0.0022374	-0.0017774	-0.0013457	-0.0008986	-0.0004528	-0.0000101	+0.0004617	+0.0009342	+0.0014052	+0.0018646	+0.0022900	+0.0026868	+0.0030557	+0.0033913	+0.0036951	+0.0039699	+0.0042267	+0.0044629	+0.0046806	+0.0048880	+0.0050763
2015-02	-0.016	-0.0022642	-0.0018584	-0.0014255	-0.0010216	-0.0006166	-0.0001917	+0.0002509	+0.0007026	+0.0011616	+0.0015908	+0.0019977	+0.0023907	+0.0027432	+0.0030703	+0.0033786	+0.0036730	+0.0039459	+0.0041893	+0.0044200	+0.0046369	+0.0048361
