2011-09	-0.111	-0.0022766	-0.0020881	-0.0018963	-0.0016915	-0.0014787	-0.0012633	-0.0010277	-0.0007840	-0.0005263	-0.0002559	+0.0000185	+0.0002896	+0.0005517	+0.0008042	+0.0010400	+0.0012623	+0.0014686	+0.0016521	+0.0018268	+0.0019906	+0.0021464
2011-10	0.102	-0.0032911	-0.0030939	-0.0028789	-0.0026597	-0.0024264	-0.0021734	-0.0019071	-0.0016299	-0.0013366	-0.0010236	-0.0007093	-0.0003964	-0.0000933	+0.0001986	+0.0004689	+0.0007228	+0.0009466	+0.0011545	+0.0013533	+0.0015388	+0.0017141
2011-11	-0.072	-0.0030981	-0.0029126	-0.0027151	-0.0024910	-0.0022510	-0.0019834	-0.0016928	-0.0013828	-0.0010480	-0.0006972	-0.0003404	+0.0000206	+0.0003739	+0.0007105	+0.0010241	+0.0013160	+0.0015874	+0.0018290	+0.0020704	+0.0023005	+0.0025032
2011-12	0.031	-0.0038392	-0.0036474	-0.0034372	-0.0032097	-0.0029637	-0.0027044	-0.0024256	-0.0021217	-0.0017974	-0.0014523	-0.0010927	-0.0007285	-0.0003764	-0.0000436	+0.0002762	+0.0005748	+0.0008625	+0.0011389	+0.0014048	+0.0016477	+0.0019026
2012-01	0.062	-0.0036955	-0.0034937	-0.0032804	-0.0030497	-0.0027985	-0.0025289	-0.0022483	-0.0019291	-0.0015909	-0.0012385	-0.0008681	-0.0004906	-0.0001187	+0.0002430	+0.0005874	+0.0009137	+0.0012235	+0.0015148	+0.0017947	+0.0020447	+0.0022741
2012-02	0.079	-0.0033326	-0.0030875	-0.0028606	-0.0026242	-0.0023641	-0.0020999	-0.0018018	-0.0014700	-0.0011233	-0.0007637	-0.0004005	-0.0000302	+0.0003259	+0.0006571	+0.0009691	+0.0012621	+0.0015354	+0.0017893	+0.0020235	+0.0022375	+0.0024570
2012-03	-0.002	-0.0029342	-0.0027271	-0.0025012	-0.0022592	-0.0019938	-0.0017035	-0.0014020	-0.0010762	-0.0007340	-0.0003742	-0.0000059	+0.0003579	+0.0007052	+0.0010372	+0.0013463	+0.0016377	+0.0019065	+0.0021625	+0.0023953	+0.0026128	+0.0028197
2012-04	-0.019	-0.0026065	-0.0023825	-0.0021481	-0.0019051	-0.0016421	-0.0013636	-0.0010649	-0.0007440	-0.0004042	-0.0000435	+0.0003198	+0.0006769	+0.0010203	+0.0013497	+0.0016656	+0.0019563	+0.0022247	+0.0024662	+0.0026926	+0.0028908	+0.0030797
2012-05	-0.078	-0.0022944	-0.0020890	-0.0018686	-0.0016404	-0.0014088	-0.0011514	-0.0008675	-0.0005678	-0.0002519	+0.0000789	+0.0004130	+0.0007534	+0.0010824	+0.0013983	+0.0016938	+0.0019699	+0.0022239	+0.0024644	+0.0026837	+0.0028955	+0.0030956
2012-06	0.043	-0.0016566	-0.0014563	-0.0012451	-0.0010266	-0.0007988	-0.0005536	-0.0002995	-0.0000161	+0.0002805	+0.0005860	+0.0008987	+0.0012049	+0.0015026	+0.0017882	+0.0020460	+0.0022850	+0.0025093	+0.0027224	+0.0029185	+0.0030955	+0.0032609
2012-07	0.050	-0.0016919	-0.0015385	-0.0013763	-0.0012031	-0.0010234	-0.0008327	-0.0006196	-0.0003916	-0.0001451	+0.0001104	+0.0003748	+0.0006402	+0.0008975	+0.0011313	+0.0013508	+0.0015593	+0.0017560	+0.0019449	+0.0021171	+0.0022809	+0.0024412
2012-08	0.008	-0.0013972	-0.0012227	-0.0010207	-0.0008284	-0.0006290	-0.0004149	-0.0001842	+0.0000494	+0.0002920	+0.0005358	+0.0007801	+0.0010192	+0.0012479	+0.0014664	+0.0016670	+0.0018464	+0.0020104	+0.0021597	+0.0022984	+0.0024281	+0.0025572
2012-09	0.020	-0.0014513	-0.0012484	-0.0010317	-0.0008093	-0.0005892	-0.0003536	-0.0001140	+0.0001334	+0.0003879	+0.0006416	+0.0008884	+0.0011254	+0.0013478	+0.0015557	+0.0017534	+0.0019374	+0.0021081	+0.0022690	+0.0024104	+0.0025402	+0.0026674
2012-10	0.035	-0.0014035	-0.0012384	-0.0010568	-0.0008905	-0.0007166	-0.0005356	-0.0003375	-0.0001281	+0.0000891	+0.0003122	+0.0005381	+0.0007628	+0.0009793	+0.0011826	+0.0013723	+0.0015501	+0.0017139	+0.0018654	+0.0020031	+0.0021319	+0.0022531
2012-11	0.048	-0.0012970	-0.0011707	-0.0010365	-0.0008922	-0.0007505	-0.0006002	-0.0004308	-0.0002518	-0.0000649	+0.0001320	+0.0003361	+0.0005390	+0.0007383	+0.0009267	+0.0010996	+0.0012585	+0.0014151	+0.0015537	+0.0016748	+0.0017949	+0.0019021
2012-12	0.046	-0.0011380	-0.0009979	-0.0008481	-0.0006969	-0.0005277	-0.0003519	-0.0001688	+0.0000245	+0.0002349	+0.0004508	+0.0006656	+0.0008725	+0.0010765	+0.0012682	+0.0014454	+0.0016035	+0.0017519	+0.0018926	+0.0020273	+0.0021537	+0.0022745
2013-01	0.054	-0.0011288	-0.0009177	-0.0007139	-0.0004895	-0.0002552	-0.0000217	+0.0002186	+0.0004578	+0.0006923	+0.0009236	+0.0011505	+0.0013681	+0.0015742	+0.0017632	+0.0019358	+0.0020961	+0.0022434	+0.0023811	+0.0025044	+0.0026164	+0.0027181
2013-02	-0.005	-0.0018638	-0.0015315	-0.0008366	-0.0004122	-0.0001388	+0.0001301	+0.0004866	+0.0011313	+0.0016629	+0.0019404	+0.0021623	+0.0023605	+0.0025415	+0.0027081	+0.0028579	+0.0029970	+0.0031278	+0.0032491	+0.0033560	+0.0034585	+0.0035548
2013-03	0.046	-0.0016416	-0.0013071	-0.0008452	-0.0004994	-0.0002622	-0.0000093	+0.0003217	+0.0008551	+0.0012417	+0.0014876	+0.0016911	+0.0018753	+0.0020445	+0.0022019	+0.0023453	+0.0024817	+0.0026091	+0.0027253	+0.0028291	+0.0029271	+0.0030248
2013-04	0.035	-0.0016387	-0.0012853	-0.0007944	-0.0004771	-0.0002406	+0.0000209	+0.0003320	+0.0008219	+0.0012489	+0.0015201	+0.0017418	+0.0019391	+0.0021194	+0.0022875	+0.0024443	+0.0025907	+0.0027286	+0.0028523	+0.0029640	+0.0030682	+0.0031696
2013-05	-0.021	-0.0018020	-0.0014247	-0.0009046	-0.0005172	-0.0002080	+0.0001141	+0.0005280	+0.0011103	+0.0015242	+0.0018212	+0.0020737	+0.0023055	+0.0025225	+0.0027219	+0.0029034	+0.0030712	+0.0032293	+0.0033731	+0.0035133	+0.0036291	+0.0037436
2013-06	-0.074	-0.0015957	-0.0012698	-0.0009417	-0.0006043	-0.0003044	+0.0000043	+0.0003633	+0.0007380	+0.0010888	+0.0013962	+0.0016620	+0.0018992	+0.0021233	+0.0023319	+0.0025259	+0.0027069	+0.0028799	+0.0030319	+0.0031761	+0.0033222	+0.0034670
2013-07	-0.011	-0.0015917	-0.0013989	-0.0012003	-0.0010003	-0.0007881	-0.0005747	-0.0003547	-0.0001062	+0.0001537	+0.0004151	+0.0006806	+0.0009456	+0.0012009	+0.0014461	+0.0016715	+0.0018799	+0.0020782	+0.0022587	+0.0024322	+0.0025837	+0.0027400
2013-08	-0.008	-0.0016009	-0.0014331	-0.0012575	-0.0010777	-0.0008839	-0.0006762	-0.0004650	-0.0002343	+0.0000055	+0.0002584	+0.0005145	+0.0007708	+0.0010212	+0.0012610	+0.0014865	+0.0016882	+0.0018812	+0.0020580	+0.0022185	+0.0023743	+0.0025093
2013-09	0.042	-0.0019458	-0.0018069	-0.0016633	-0.0015173	-0.0013532	-0.0011758	-0.0009950	-0.0007979	-0.0005873	-0.0003648	-0.0001338	+0.0001026	+0.0003397	+0.0005617	+0.0007720	+0.0009697	+0.0011543	+0.0013350	+0.0015038	+0.0016578	+0.0017986
2013-10	0.027	-0.0018934	-0.0017469	-0.0016053	-0.0014524	-0.0012862	-0.0011049	-0.0009130	-0.0007038	-0.0004820	-0.0002465	-0.0000009	+0.0002436	+0.0004813	+0.0007085	+0.0009213	+0.0011249	+0.0013203	+0.0015016	+0.0016727	+0.0018421	+0.0019934
2013-11	-0.002	-0.0017823	-0.0016461	-0.0015028	-0.0013428	-0.0011764	-0.0009951	-0.0008039	-0.0005995	-0.0003851	-0.0001503	+0.0000919	+0.0003287	+0.0005581	+0.0007791	+0.0009894	+0.0011861	+0.0013761	+0.0015502	+0.0017165	+0.0018610	+0.0020083
2013-12	0.006	-0.0019176	-0.0017881	-0.0016448	-0.0014989	-0.0013411	-0.0011707	-0.0009915	-0.0007967	-0.0005856	-0.0003666	-0.0001363	+0.0000909	+0.0003140	+0.0005206	+0.0007190	+0.0009090	+0.0010885	+0.0012633	+0.0014203	+0.0015608	+0.0016938
2014-01	-0.019	-0.0019386	-0.0018139	-0.0016742	-0.0015295	-0.0013802	-0.0012258	-0.0010621	-0.0008851	-0.0007000	-0.0005025	-0.0003008	-0.0000975	+0.0000973	+0.0002807	+0.0004540	+0.0006140	+0.0007681	+0.0009083	+0.0010407	+0.0011689	+0.0012954
2014-02	0.022	-0.0015889	-0.0014727	-0.0013391	-0.0011966	-0.0010558	-0.0009137	-0.0007559	-0.0005896	-0.0004116	-0.0002291	-0.0000475	+0.0001329	+0.0003081	+0.0004749	+0.0006336	+0.0007824	+0.0009224	+0.0010595	+0.0011783	+0.0012913	+0.0013960
2014-03	0.032	-0.0010016	-0.0009021	-0.0007899	-0.0006758	-0.0005462	-0.0004048	-0.0002611	-0.0001086	+0.0000531	+0.0002216	+0.0003907	+0.0005583	+0.0007234	+0.0008801	+0.0010261	+0.0011603	+0.0012825	+0.0013991	+0.0015042	+0.0016004	+0.0017013
2014-04	0.006	-0.0007949	-0.0006622	-0.0005406	-0.0004107	-0.0002808	-0.0001440	+0.0000003	+0.0001515	+0.0003111	+0.0004804	+0.0006477	+0.0008122	+0.0009687	+0.0011167	+0.0012539	+0.0013840	+0.0015030	+0.0016183	+0.0017283	+0.0018238	+0.0019179
2014-05	0.002	-0.0010694	-0.0009202	-0.0007673	-0.0006013	-0.0004233	-0.0002472	-0.0000693	+0.0001102	+0.0002915	+0.0004686	+0.0006370	+0.0007968	+0.0009496	+0.0010960	+0.0012352	+0.0013677	+0.0014881	+0.0016038	+0.0017131	+0.0018116	+0.0019028
2014-06	0.012	-0.0007285	-0.0006291	-0.0005230	-0.0004213	-0.0003126	-0.0001978	-0.0000730	+0.0000580	+0.0001919	+0.0003303	+0.0004693	+0.0006046	+0.0007362	+0.0008629	+0.0009805	+0.0010876	+0.0011879	+0.0012834	+0.0013743	+0.0014608	+0.0015359
2014-07	0.004	-0.0007500	-0.0006488	-0.0005444	-0.0004398	-0.0003319	-0.0002185	-0.0000999	+0.0000231	+0.0001477	+0.0002739	+0.0003986	+0.0005204	+0.0006388	+0.0007487	+0.0008511	+0.0009491	+0.0010380	+0.0011205	+0.0011998	+0.0012677	+0.0013328
2014-08	0.015	-0.0006234	-0.0005300	-0.0004419	-0.0003499	-0.0002565	-0.0001609	-0.0000560	+0.0000586	+0.0001750	+0.0002915	+0.0004080	+0.0005242	+0.0006347	+0.0007367	+0.0008331	+0.0009228	+0.0010067	+0.0010850	+0.0011585	+0.0012290	+0.0012998
2014-09	-0.016	-0.0006240	-0.0005254	-0.0004399	-0.0003507	-0.0002515	-0.0001411	-0.0000281	+0.0000868	+0.0002035	+0.0003207	+0.0004390	+0.0005555	+0.0006732	+0.0007807	+0.0008807	+0.0009723	+0.0010567	+0.0011341	+0.0012055	+0.0012715	+0.0013291
2014-10	0.011	-0.0008648	-0.0007312	-0.0006057	-0.0004634	-0.0003286	-0.0001878	-0.0000334	+0.0001251	+0.0002708	+0.0004065	+0.0005304	+0.0006457	+0.0007517	+0.0008500	+0.0009407	+0.0010235	+0.0010993	+0.0011704	+0.0012370	+0.0012959	+0.0013552
2014-11	0.036	-0.0005699	-0.0004955	-0.0004231	-0.0003443	-0.0002587	-0.0001667	-0.0000731	+0.0000247	+0.0001281	+0.0002334	+0.0003390	+0.0004423	+0.0005411	+0.0006318	+0.0007181	+0.0007975	+0.0008715	+0.0009397	+0.0010033	+0.0010601	+0.0011177
2014-12	-0.015	-0.0006716	-0.0005783	-0.0004835	-0.0003779	-0.0002710	-0.0001602	-0.0000451	+0.0000710	+0.0001879	+0.0003079	+0.0004269	+0.0005449	+0.0006566	+0.0007648	+0.0008656	+0.0009581	+0.0010440	+0.0011229	+0.0011952	+0.0012667	+0.0013340
2015-01	-0.036	-0.0007499	-0.0006735	-0.0005922	-0.0005071	-0.0004141	-0.0003188	-0.0002122	-0.0000978	+0.0000225	+0.0001444	+0.0002676	+0.0003918	+0.0005113	+0.0006246	+0.0007303	+0.0008286	+0.0009191	+0.0010032	+0.0010772	+0.0011493	+0.0012204
2015-02	-0.012	-0.0009026	-0.0008268	-0.0007491	-0.0006635	-0.0005767	-0.0004827	-0.0003825	-0.0002733	-0.0001543	-0.0000300	+0.0000983	+0.0002238	+0.0003469	+0.0004648	+0.0005745	+0.0006762	+0.0007705	+0.0008630	+0.0009465	+0.0010215	+0.0010966
