2011-09	-0.020	-0.0049030	-0.0045551	-0.0042198	-0.0038675	-0.0035010	-0.0031128	-0.0026987	-0.0022736	-0.0018308	-0.0013748	-0.0009273	-0.0004923	-0.0000796	+0.0003149	+0.0006883	+0.0010364	+0.0013511	+0.0016452	+0.0019253	+0.0021810	+0.0024273
2011-10	-0.007	-0.0049958	-0.0047136	-0.0044010	-0.0040769	-0.0037432	-0.0033733	-0.0029818	-0.0025712	-0.0021353	-0.0016896	-0.0012370	-0.0007865	-0.0003564	+0.0000497	+0.0004274	+0.0007821	+0.0011211	+0.0014343	+0.0017447	+0.0020434	+0.0023394
2011-11	-0.048	-0.0051751	-0.0048860	-0.0045499	-0.0041921	-0.0038261	-0.0034397	-0.0030416	-0.0026317	-0.0022008	-0.0017677	-0.0013303	-0.0008966	-0.0004764	-0.0000699	+0.0003256	+0.0007014	+0.0010585	+0.0013880	+0.0016903	+0.0020053	+0.0023361
2011-12	-0.006	-0.0036563	-0.0034705	-0.0032738	-0.0030542	-0.0028349	-0.0025906	-0.0023276	-0.0020538	-0.0017547	-0.0014429	-0.0011187	-0.0007872	-0.0004565	-0.0001290	+0.0001846	+0.0004795	+0.0007660	+0.0010548	+0.0013392	+0.0016040	+0.0018467
2012-01	0.021	-0.0037516	-0.0035584	-0.0033566	-0.0031305	-0.0029005	-0.0026571	-0.0024040	-0.0021314	-0.0018380	-0.0015285	-0.0012016	-0.0008577	-0.0005067	-0.0001660	+0.0001654	+0.0004879	+0.0008030	+0.0010986	+0.0013854	+0.0016592	+0.0019309
2012-02	0.081	-0.0033817	-0.0031992	-0.0029971	-0.0027763	-0.0025430	-0.0022866	-0.0020188	-0.0017374	-0.0014417	-0.0011312	-0.0008083	-0.0004814	-0.0001645	+0.0001349	+0.0004268	+0.0007130	+0.0009747	+0.0012185	+0.0014546	+0.0016646	+0.0018811
2012-03	0.034	-0.0031872	-0.0029870	-0.0027838	-0.0025625	-0.0023374	-0.0021005	-0.0018407	-0.0015559	-0.0012554	-0.0009491	-0.0006326	-0.0003186	-0.0000195	+0.0002599	+0.0005217	+0.0007713	+0.0009916	+0.0011962	+0.0013915	+0.0015726	+0.0017460
2012-04	-0.041	-0.0025755	-0.0023844	-0.0021710	-0.0019393	-0.0017035	-0.0014632	-0.0012112	-0.0009457	-0.0006586	-0.0003668	-0.0000723	+0.0002229	+0.0005106	+0.0007794	+0.0010359	+0.0012701	+0.0014904	+0.0016889	+0.0018727	+0.0020488	+0.0022084
2012-05	-0.089	-0.0016472	-0.0015077	-0.0013585	-0.0011966	-0.0010177	-0.0008350	-0.0006433	-0.0004311	-0.0002059	+0.0000297	+0.0002714	+0.0005148	+0.0007489	+0.0009729	+0.0011770	+0.0013615	+0.0015322	+0.0016885	+0.0018320	+0.0019628	+0.0020838
2012-06	0.048	-0.0022748	-0.0021214	-0.0019656	-0.0018016	-0.0016225	-0.0014321	-0.0012219	-0.0009941	-0.0007525	-0.0004953	-0.0002323	+0.0000298	+0.0002850	+0.0005249	+0.0007480	+0.0009511	+0.0011417	+0.0013217	+0.0014847	+0.0016425	+0.0017900
2012-07	-0.024	-0.0021628	-0.0020050	-0.0018368	-0.0016565	-0.0014643	-0.0012562	-0.0010448	-0.0008132	-0.0005692	-0.0003103	-0.0000435	+0.0002171	+0.0004689	+0.0007082	+0.0009383	+0.0011515	+0.0013506	+0.0015401	+0.0017193	+0.0018852	+0.0020362
2012-08	-0.002	-0.0021230	-0.0019780	-0.0018248	-0.0016554	-0.0014669	-0.0012698	-0.0010589	-0.0008360	-0.0005961	-0.0003444	-0.0000898	+0.0001672	+0.0004190	+0.0006522	+0.0008679	+0.0010734	+0.0012625	+0.0014357	+0.0016004	+0.0017552	+0.0018999
2012-09	0.010	-0.0017506	-0.0016156	-0.0014660	-0.0013017	-0.0011184	-0.0009210	-0.0007116	-0.0004858	-0.0002439	+0.0000062	+0.0002557	+0.0005035	+0.0007417	+0.0009678	+0.0011783	+0.0013788	+0.0015575	+0.0017287	+0.0018887	+0.0020449	+0.0021917
2012-10	0.001	-0.0020107	-0.0018504	-0.0016784	-0.0015003	-0.0013098	-0.0011066	-0.0008932	-0.0006674	-0.0004279	-0.0001832	+0.0000649	+0.0003102	+0.0005494	+0.0007784	+0.0009933	+0.0011948	+0.0013825	+0.0015520	+0.0017187	+0.0018692	+0.0020174
2012-11	0.032	-0.0023060	-0.0021553	-0.0019957	-0.0018255	-0.0016435	-0.0014538	-0.0012512	-0.0010329	-0.0008009	-0.0005546	-0.0003038	-0.0000539	+0.0001879	+0.0004210	+0.0006388	+0.0008393	+0.0010204	+0.0011950	+0.0013534	+0.0014959	+0.0016393
2012-12	0.098	-0.0022778	-0.0021450	-0.0019972	-0.0018326	-0.0016645	-0.0014777	-0.0012744	-0.0010545	-0.0008172	-0.0005683	-0.0003104	-0.0000481	+0.0002059	+0.0004528	+0.0006843	+0.0009003	+0.0011013	+0.0012821	+0.0014449	+0.0016066	+0.0017553
2013-01	0.085	-0.0015308	-0.0013777	-0.0012202	-0.0010463	-0.0008690	-0.0006630	-0.0004474	-0.0002147	+0.0000290	+0.0002866	+0.0005517	+0.0008171	+0.0010761	+0.0013186	+0.0015491	+0.0017602	+0.0019603	+0.0021443	+0.0023221	+0.0024953	+0.0026528
2013-02	0.022	-0.0016154	-0.0013062	-0.0009829	-0.0006863	-0.0003807	-0.0000594	+0.0002808	+0.0006337	+0.0009784	+0.0013139	+0.0016343	+0.0019318	+0.0022154	+0.0024764	+0.0027185	+0.0029441	+0.0031471	+0.0033378	+0.0035141	+0.0036762	+0.0038303
2013-03	0.061	-0.0016362	-0.0013562	-0.0010582	-0.0007866	-0.0004867	-0.0001789	+0.0001260	+0.0004417	+0.0007664	+0.0010834	+0.0013892	+0.0016883	+0.0019732	+0.0022424	+0.0024932	+0.0027230	+0.0029304	+0.0031283	+0.0033147	+0.0035019	+0.0036751
2013-04	0.121	-0.0020494	-0.0016227	-0.0011948	-0.0007907	-0.0004093	-0.0000049	+0.0004399	+0.0009420	+0.0014066	+0.0018035	+0.0021510	+0.0024709	+0.0027591	+0.0030243	+0.0032704	+0.0034927	+0.0036986	+0.0038864	+0.0040653	+0.0042369	+0.0044070
2013-05	-0.032	-0.0025472	-0.0019904	-0.0014280	-0.0008706	-0.0003698	+0.0001624	+0.0008437	+0.0015946	+0.0021726	+0.0026395	+0.0030576	+0.0034417	+0.0037963	+0.0041307	+0.0044488	+0.0047449	+0.0050234	+0.0052818	+0.0055318	+0.0057598	+0.0059756
2013-06	0.009	-0.0030397	-0.0024592	-0.0018805	-0.0012929	-0.0007141	-0.0001684	+0.0004440	+0.0011265	+0.0017741	+0.0023527	+0.0028483	+0.0032955	+0.0037075	+0.0040854	+0.0044286	+0.0047570	+0.0050686	+0.0053404	+0.0055949	+0.0058200	+0.0060431
2013-07	-0.000	-0.0028303	-0.0023305	-0.0018276	-0.0013288	-0.0008084	-0.0002595	+0.0002967	+0.0008413	+0.0013916	+0.0019175	+0.0024289	+0.0029175	+0.0033739	+0.0037930	+0.0041734	+0.0045235	+0.0048535	+0.0051586	+0.0054352	+0.0056873	+0.0059139
2013-08	-0.020	-0.0033564	-0.0027627	-0.0022039	-0.0016464	-0.0010475	-0.0004260	+0.0002010	+0.0008467	+0.0014841	+0.0020858	+0.0026427	+0.0031585	+0.0036409	+0.0040921	+0.0044974	+0.0048752	+0.0052230	+0.0055491	+0.0058466	+0.0061330	+0.0063908
2013-09	0.095	-0.0027698	-0.0024076	-0.0020254	-0.0016322	-0.0012294	-0.0008193	-0.0003981	+0.0000527	+0.0005185	+0.0010077	+0.0014892	+0.0019653	+0.0024218	+0.0028567	+0.0032540	+0.0036207	+0.0039687	+0.0042921	+0.0045834	+0.0048638	+0.0051248
2013-10	0.000	-0.0027578	-0.0024176	-0.0020579	-0.0016616	-0.0012298	-0.0007848	-0.0003231	+0.0001641	+0.0006571	+0.0011565	+0.0016600	+0.0021507	+0.0026219	+0.0030547	+0.0034678	+0.0038611	+0.0042180	+0.0045392	+0.0048728	+0.0051731	+0.0054804
2013-11	0.067	-0.0027701	-0.0024461	-0.0020946	-0.0017172	-0.0013372	-0.0009383	-0.0005077	-0.0000630	+0.0004005	+0.0008698	+0.0013430	+0.0018135	+0.0022687	+0.0027041	+0.0031147	+0.0035018	+0.0038632	+0.0042001	+0.0045101	+0.0048051	+0.0050819
2013-12	0.027	-0.0028640	-0.0025211	-0.0021624	-0.0017739	-0.0013669	-0.0009472	-0.0005128	-0.0000572	+0.0004149	+0.0008968	+0.0013808	+0.0018549	+0.0023075	+0.0027437	+0.0031536	+0.0035194	+0.0038427	+0.0041507	+0.0044354	+0.0046921	+0.0049380
2014-01	-0.057	-0.0026446	-0.0023843	-0.0020928	-0.0017989	-0.0015022	-0.0011641	-0.0008044	-0.0004272	-0.0000297	+0.0003844	+0.0007952	+0.0012011	+0.0015919	+0.0019581	+0.0022973	+0.0026148	+0.0029106	+0.0031949	+0.0034548	+0.0036922	+0.0039182
2014-02	-0.031	-0.0022229	-0.0019578	-0.0016601	-0.0013500	-0.0010437	-0.0007332	-0.0003911	-0.0000388	+0.0003257	+0.0007036	+0.0010839	+0.0014566	+0.0018056	+0.0021362	+0.0024368	+0.0027186	+0.0029916	+0.0032424	+0.0034800	+0.0037114	+0.0039216
2014-03	-0.011	-0.0023389	-0.0021367	-0.0019275	-0.0017015	-0.0014590	-0.0011988	-0.0009219	-0.0006266	-0.0003111	+0.0000296	+0.0003711	+0.0007042	+0.0010198	+0.0013162	+0.0015957	+0.0018535	+0.0020921	+0.0023147	+0.0025233	+0.0027192	+0.0029171
2014-04	-0.037	-0.0026625	-0.0024428	-0.0022245	-0.0019865	-0.0017329	-0.0014708	-0.0011855	-0.0008825	-0.0005685	-0.0002441	+0.0000873	+0.0004205	+0.0007426	+0.0010484	+0.0013374	+0.0016033	+0.0018490	+0.0020785	+0.0022848	+0.0024859	+0.0026832
2014-05	0.025	-0.0027845	-0.0025603	-0.0023296	-0.0020846	-0.0018209	-0.0015454	-0.0012558	-0.0009384	-0.0006050	-0.0002545	+0.0000997	+0.0004534	+0.0007925	+0.0011126	+0.0014133	+0.0016909	+0.0019480	+0.0021836	+0.0024012	+0.0026136	+0.0028096
2014-06	0.040	-0.0027957	-0.0025854	-0.0023658	-0.0021107	-0.0018520	-0.0015750	-0.0012884	-0.0009729	-0.0006388	-0.0002941	+0.0000515	+0.0003974	+0.0007260	+0.0010417	+0.0013301	+0.0015964	+0.0018338	+0.0020501	+0.0022539	+0.0024446	+0.0026275
2014-07	0.015	-0.0027336	-0.0024962	-0.0022397	-0.0019760	-0.0017011	-0.0014150	-0.0011095	-0.0007928	-0.0004554	-0.0001081	+0.0002397	+0.0005813	+0.0009098	+0.0012203	+0.0015138	+0.0017819	+0.0020277	+0.0022542	+0.0024573	+0.0026466	+0.0028206
2014-08	-0.025	-0.0028732	-0.0026408	-0.0024025	-0.0021466	-0.0018981	-0.0016423	-0.0013608	-0.0010614	-0.0007526	-0.0004309	-0.0001026	+0.0002144	+0.0005225	+0.0008104	+0.0010792	+0.0013365	+0.0015745	+0.0017860	+0.0019892	+0.0021704	+0.0023283
2014-09	0.051	-0.0031296	-0.0029351	-0.0027169	-0.0024847	-0.0022303	-0.0019656	-0.0016904	-0.0013977	-0.0010889	-0.0007607	-0.0004261	-0.0000921	+0.0002262	+0.0005257	+0.0008057	+0.0010728	+0.0013203	+0.0015468	+0.0017616	+0.0019583	+0.0021336
2014-10	-0.001	-0.0019359	-0.0017647	-0.0015604	-0.0013452	-0.0011187	-0.0008832	-0.0006326	-0.0003664	-0.0000884	+0.0001951	+0.0004806	+0.0007612	+0.0010362	+0.0012914	+0.0015360	+0.0017550	+0.0019599	+0.0021477	+0.0023223	+0.0024848	+0.0026277
2014-11	0.055	-0.0025510	-0.0023388	-0.0021307	-0.0019126	-0.0016843	-0.0014424	-0.0011772	-0.0008904	-0.0005870	-0.0002723	+0.0000486	+0.0003620	+0.0006656	+0.0009607	+0.0012315	+0.0014813	+0.0017183	+0.0019323	+0.0021305	+0.0023048	+0.0024855
2014-12	-0.004	-0.0020653	-0.0018563	-0.0016441	-0.0014107	-0.0011644	-0.0008983	-0.0006123	-0.0003087	+0.0000165	+0.0003529	+0.0006908	+0.0010284	+0.0013556	+0.0016655	+0.0019581	+0.0022262	+0.0024797	+0.0027094	+0.0029273	+0.0031326	+0.0033091
2015-01	-0.012	-0.0017175	-0.0015064	-0.0012770	-0.0010312	-0.0007679	-0.0004939	-0.0002027	+0.0000993	+0.0004199	+0.0007551	+0.0010893	+0.0014164	+0.0017320	+0.0020293	+0.0023040	+0.0025641	+0.0028138	+0.0030475	+0.0032568	+0.0034529	+0.0036393
2015-02	-0.019	-0.0019674	-0.0017724	-0.0015601	-0.0013400	-0.0011114	-0.0008691	-0.0006058	-0.0003223	-0.0000182	+0.0002989	+0.0006177	+0.0009333	+0.0012420	+0.0015364	+0.0018128	+0.0020722	+0.0023099	+0.0025258	+0.0027274	+0.0029140	+0.0030872
