2011-09	-0.149	-0.0047429	-0.0044331	-0.0040919	-0.0037521	-0.0034014	-0.0030284	-0.0026445	-0.0022240	-0.0017847	-0.0013404	-0.0008956	-0.0004539	-0.0000178	+0.0003895	+0.0007831	+0.0011363	+0.0014615	+0.0017724	+0.0020680	+0.0023433	+0.0026094
2011-10	0.097	-0.0064302	-0.0060493	-0.0056758	-0.0053032	-0.0049295	-0.0045302	-0.0041016	-0.0036354	-0.0031543	-0.0026434	-0.0021096	-0.0015808	-0.0010635	-0.0005579	-0.0000740	+0.0004060	+0.0008543	+0.0012946	+0.0016926	+0.0020491	+0.0024454
2011-11	-0.158	-0.0061429	-0.0058271	-0.0054785	-0.0051266	-0.0047570	-0.0043586	-0.0039265	-0.0034581	-0.0029573	-0.0024292	-0.0018874	-0.0013292	-0.0007744	-0.0002388	+0.0002827	+0.0007686	+0.0012218	+0.0016608	+0.0020879	+0.0025372	+0.0029972
2011-12	-0.024	-0.0075106	-0.0072067	-0.0068821	-0.0065378	-0.0061526	-0.0057447	-0.0052923	-0.0048107	-0.0042791	-0.0037171	-0.0031287	-0.0025157	-0.0018734	-0.0012020	-0.0005219	+0.0001323	+0.0007822	+0.0013959	+0.0020299	+0.0026291	+0.0032005
2012-01	0.055	-0.0073142	-0.0069908	-0.0066415	-0.0062579	-0.0058504	-0.0054131	-0.0049468	-0.0044383	-0.0038821	-0.0032694	-0.0026275	-0.0019644	-0.0012811	-0.0005775	+0.0001123	+0.0007909	+0.0014467	+0.0021082	+0.0027738	+0.0033670	+0.0039469
2012-02	0.055	-0.0073250	-0.0069543	-0.0065455	-0.0061198	-0.0056923	-0.0052176	-0.0047193	-0.0041775	-0.0035948	-0.0029710	-0.0023301	-0.0016712	-0.0010070	-0.0003570	+0.0002598	+0.0008665	+0.0014556	+0.0020325	+0.0025678	+0.0030810	+0.0035763
2012-03	0.021	-0.0069623	-0.0066068	-0.0062074	-0.0057986	-0.0053597	-0.0048860	-0.0043875	-0.0038535	-0.0032899	-0.0026759	-0.0020373	-0.0014006	-0.0007668	-0.0001606	+0.0004306	+0.0010011	+0.0015570	+0.0020670	+0.0025765	+0.0030928	+0.0035808
2012-04	-0.064	-0.0056454	-0.0052194	-0.0047920	-0.0043818	-0.0039574	-0.0035197	-0.0030464	-0.0025325	-0.0019781	-0.0013965	-0.0007998	-0.0002133	+0.0003635	+0.0009188	+0.0014484	+0.0019317	+0.0023799	+0.0027907	+0.0031626	+0.0035100	+0.0038440
2012-05	-0.147	-0.0051338	-0.0048220	-0.0045055	-0.0041564	-0.0037917	-0.0033867	-0.0029641	-0.0025030	-0.0020103	-0.0014878	-0.0009476	-0.0004104	+0.0001127	+0.0006118	+0.0010912	+0.0015346	+0.0019612	+0.0023536	+0.0027164	+0.0030946	+0.0034774
2012-06	-0.021	-0.0049124	-0.0046002	-0.0042827	-0.0039302	-0.0035622	-0.0031810	-0.0027748	-0.0023339	-0.0018565	-0.0013553	-0.0008524	-0.0003537	+0.0001402	+0.0006266	+0.0010828	+0.0014935	+0.0018814	+0.0022474	+0.0025779	+0.0028868	+0.0031805
2012-07	0.033	-0.0050635	-0.0048165	-0.0045241	-0.0042130	-0.0038777	-0.0035321	-0.0031563	-0.0027477	-0.0023070	-0.0018399	-0.0013602	-0.0008660	-0.0003789	+0.0000899	+0.0005536	+0.0010045	+0.0014346	+0.0018308	+0.0022168	+0.0025791	+0.0029188
2012-08	0.003	-0.0038308	-0.0036423	-0.0034268	-0.0031917	-0.0029380	-0.0026587	-0.0023403	-0.0020078	-0.0016505	-0.0012777	-0.0008900	-0.0004933	-0.0000949	+0.0002856	+0.0006507	+0.0009962	+0.0013131	+0.0016147	+0.0019049	+0.0021828	+0.0024560
2012-09	0.013	-0.0028658	-0.0026542	-0.0024554	-0.0022478	-0.0020164	-0.0017656	-0.0014984	-0.0012093	-0.0008984	-0.0005737	-0.0002412	+0.0000948	+0.0004250	+0.0007403	+0.0010425	+0.0013236	+0.0015837	+0.0018196	+0.0020435	+0.0022531	+0.0024541
2012-10	0.059	-0.0031116	-0.0029387	-0.0027518	-0.0025465	-0.0023285	-0.0020970	-0.0018465	-0.0015843	-0.0013096	-0.0010180	-0.0007206	-0.0004211	-0.0001254	+0.0001657	+0.0004451	+0.0007081	+0.0009548	+0.0011756	+0.0013698	+0.0015602	+0.0017374
2012-11	0.035	-0.0030837	-0.0029102	-0.0027279	-0.0025323	-0.0023204	-0.0020897	-0.0018435	-0.0015771	-0.0012927	-0.0009937	-0.0006778	-0.0003635	-0.0000488	+0.0002573	+0.0005469	+0.0008208	+0.0010787	+0.0013144	+0.0015356	+0.0017346	+0.0019203
2012-12	0.076	-0.0029744	-0.0028048	-0.0026172	-0.0024243	-0.0022255	-0.0020050	-0.0017608	-0.0015004	-0.0012237	-0.0009280	-0.0006205	-0.0003106	-0.0000035	+0.0003004	+0.0005866	+0.0008588	+0.0011157	+0.0013550	+0.0015834	+0.0017888	+0.0019783
2013-01	0.028	-0.0018536	-0.0016741	-0.0014879	-0.0012828	-0.0010783	-0.0008602	-0.0006176	-0.0003620	-0.0000925	+0.0001860	+0.0004675	+0.0007398	+0.0010042	+0.0012548	+0.0014902	+0.0017141	+0.0019246	+0.0021272	+0.0023181	+0.0024910	+0.0026353
2013-02	-0.013	-0.0014684	-0.0011797	-0.0008959	-0.0006065	-0.0003163	-0.0000164	+0.0002811	+0.0005907	+0.0008984	+0.0011962	+0.0014718	+0.0017363	+0.0019819	+0.0022052	+0.0024117	+0.0025988	+0.0027695	+0.0029264	+0.0030781	+0.0032198	+0.0033466
2013-03	0.010	-0.0017977	-0.0014862	-0.0011771	-0.0008651	-0.0005601	-0.0002515	+0.0000744	+0.0004138	+0.0007498	+0.0010619	+0.0013472	+0.0016082	+0.0018534	+0.0020782	+0.0022876	+0.0024807	+0.0026560	+0.0028153	+0.0029653	+0.0031029	+0.0032365
2013-04	0.070	-0.0016831	-0.0013859	-0.0010881	-0.0007794	-0.0004699	-0.0001623	+0.0001570	+0.0005031	+0.0008325	+0.0011492	+0.0014409	+0.0017019	+0.0019464	+0.0021733	+0.0023846	+0.0025748	+0.0027475	+0.0029093	+0.0030636	+0.0032019	+0.0033344
2013-05	0.039	-0.0019301	-0.0015762	-0.0012250	-0.0008412	-0.0004445	-0.0000343	+0.0003796	+0.0008060	+0.0012059	+0.0015622	+0.0018870	+0.0021950	+0.0024732	+0.0027267	+0.0029653	+0.0031862	+0.0033867	+0.0035727	+0.0037515	+0.0039113	+0.0040535
2013-06	-0.087	-0.0023405	-0.0018991	-0.0014443	-0.0009933	-0.0005543	-0.0001302	+0.0003358	+0.0008466	+0.0013252	+0.0017365	+0.0020999	+0.0024280	+0.0027234	+0.0029963	+0.0032447	+0.0034704	+0.0036807	+0.0038707	+0.0040491	+0.0042104	+0.0043701
2013-07	0.046	-0.0019739	-0.0017145	-0.0014605	-0.0011931	-0.0009040	-0.0006112	-0.0003082	+0.0000031	+0.0003279	+0.0006686	+0.0010100	+0.0013449	+0.0016684	+0.0019753	+0.0022586	+0.0025213	+0.0027571	+0.0029821	+0.0031852	+0.0033688	+0.0035564
2013-08	-0.038	-0.0019052	-0.0016512	-0.0013737	-0.0010916	-0.0008052	-0.0005053	-0.0001842	+0.0001473	+0.0004823	+0.0008240	+0.0011712	+0.0015038	+0.0018200	+0.0021179	+0.0023852	+0.0026308	+0.0028508	+0.0030610	+0.0032560	+0.0034342	+0.0035940
2013-09	0.053	-0.0020223	-0.0018407	-0.0016528	-0.0014505	-0.0012355	-0.0010061	-0.0007591	-0.0004874	-0.0002021	+0.0000931	+0.0003999	+0.0007059	+0.0010088	+0.0012949	+0.0015652	+0.0018175	+0.0020457	+0.0022648	+0.0024629	+0.0026532	+0.0028185
2013-10	0.049	-0.0021313	-0.0019111	-0.0016893	-0.0014641	-0.0012318	-0.0009810	-0.0007151	-0.0004317	-0.0001324	+0.0001888	+0.0005100	+0.0008287	+0.0011415	+0.0014380	+0.0017196	+0.0019834	+0.0022229	+0.0024596	+0.0026744	+0.0028740	+0.0030583
2013-11	0.023	-0.0018398	-0.0016281	-0.0014090	-0.0011860	-0.0009486	-0.0006954	-0.0004299	-0.0001464	+0.0001512	+0.0004602	+0.0007699	+0.0010769	+0.0013785	+0.0016675	+0.0019395	+0.0021957	+0.0024280	+0.0026415	+0.0028341	+0.0030171	+0.0031849
2013-12	0.013	-0.0017247	-0.0015275	-0.0013165	-0.0011055	-0.0008721	-0.0006221	-0.0003592	-0.0000814	+0.0002151	+0.0005177	+0.0008239	+0.0011272	+0.0014207	+0.0017018	+0.0019623	+0.0021995	+0.0024204	+0.0026296	+0.0028264	+0.0030238	+0.0031891
2014-01	-0.020	-0.0018959	-0.0017156	-0.0015310	-0.0013437	-0.0011430	-0.0009272	-0.0007004	-0.0004505	-0.0001928	+0.0000764	+0.0003515	+0.0006246	+0.0008879	+0.0011383	+0.0013659	+0.0015740	+0.0017656	+0.0019466	+0.0021157	+0.0022929	+0.0024590
2014-02	0.048	-0.0015472	-0.0013875	-0.0012221	-0.0010526	-0.0008630	-0.0006669	-0.0004590	-0.0002328	+0.0000011	+0.0002436	+0.0004869	+0.0007333	+0.0009721	+0.0011942	+0.0014051	+0.0016019	+0.0017810	+0.0019413	+0.0020908	+0.0022230	+0.0023436
2014-03	-0.005	-0.0014606	-0.0012329	-0.0010036	-0.0007690	-0.0005440	-0.0002990	-0.0000453	+0.0002189	+0.0004801	+0.0007412	+0.0009999	+0.0012466	+0.0014837	+0.0017067	+0.0019145	+0.0021073	+0.0022935	+0.0024538	+0.0026084	+0.0027508	+0.0028831
2014-04	0.029	-0.0013716	-0.0012066	-0.0010368	-0.0008535	-0.0006671	-0.0004665	-0.0002498	-0.0000244	+0.0002084	+0.0004483	+0.0006898	+0.0009256	+0.0011543	+0.0013691	+0.0015695	+0.0017541	+0.0019267	+0.0020866	+0.0022370	+0.0023751	+0.0025076
2014-05	0.010	-0.0014065	-0.0011553	-0.0009037	-0.0006368	-0.0003762	-0.0001235	+0.0001520	+0.0004374	+0.0007174	+0.0009839	+0.0012377	+0.0014778	+0.0017010	+0.0019096	+0.0021061	+0.0022856	+0.0024569	+0.0026092	+0.0027511	+0.0028803	+0.0030006
2014-06	0.021	-0.0011546	-0.0009690	-0.0007629	-0.0005529	-0.0003438	-0.0001321	+0.0000883	+0.0003092	+0.0005382	+0.0007713	+0.0010024	+0.0012265	+0.0014369	+0.0016363	+0.0018183	+0.0019890	+0.0021409	+0.0022835	+0.0024141	+0.0025420	+0.0026707
2014-07	-0.012	-0.0011246	-0.0009619	-0.0007717	-0.0005883	-0.0003988	-0.0001935	+0.0000185	+0.0002333	+0.0004559	+0.0006762	+0.0008945	+0.0011076	+0.0013079	+0.0014964	+0.0016705	+0.0018289	+0.0019784	+0.0021186	+0.0022355	+0.0023483	+0.0024478
2014-08	-0.000	-0.0011481	-0.0010136	-0.0008622	-0.0007045	-0.0005399	-0.0003657	-0.0001808	+0.0000124	+0.0002124	+0.0004161	+0.0006225	+0.0008253	+0.0010189	+0.0012035	+0.0013778	+0.0015406	+0.0016899	+0.0018275	+0.0019547	+0.0020663	+0.0021794
2014-09	-0.007	-0.0011770	-0.0010479	-0.0009124	-0.0007686	-0.0006181	-0.0004548	-0.0002783	-0.0000898	+0.0001094	+0.0003122	+0.0005199	+0.0007231	+0.0009221	+0.0011103	+0.0012851	+0.0014444	+0.0015917	+0.0017290	+0.0018593	+0.0019835	+0.0021021
2014-10	-0.009	-0.0012173	-0.0010441	-0.0008769	-0.0007076	-0.0005294	-0.0003452	-0.0001569	+0.0000388	+0.0002422	+0.0004487	+0.0006535	+0.0008539	+0.0010425	+0.0012190	+0.0013876	+0.0015404	+0.0016849	+0.0018156	+0.0019421	+0.0020558	+0.0021582
2014-11	0.077	-0.0014456	-0.0013351	-0.0012184	-0.0010945	-0.0009602	-0.0008124	-0.0006520	-0.0004870	-0.0003122	-0.0001303	+0.0000577	+0.0002428	+0.0004219	+0.0005969	+0.0007583	+0.0009108	+0.0010488	+0.0011717	+0.0012874	+0.0014023	+0.0015039
2014-12	0.006	-0.0012753	-0.0011383	-0.0009816	-0.0008224	-0.0006568	-0.0004769	-0.0002846	-0.0000818	+0.0001252	+0.0003443	+0.0005608	+0.0007744	+0.0009818	+0.0011782	+0.0013572	+0.0015224	+0.0016778	+0.0018279	+0.0019705	+0.0021046	+0.0022324
2015-01	0.035	-0.0013810	-0.0012334	-0.0010731	-0.0009027	-0.0007259	-0.0005415	-0.0003462	-0.0001346	+0.0000890	+0.0003175	+0.0005500	+0.0007784	+0.0010004	+0.0012135	+0.0014108	+0.0015962	+0.0017717	+0.0019325	+0.0020772	+0.0022173	+0.0023586
2015-02	0.019	-0.0014323	-0.0012877	-0.0011336	-0.0009732	-0.0007972	-0.0006151	-0.0004159	-0.0001966	+0.0000303	+0.0002683	+0.0005115	+0.0007536	+0.0009850	+0.0012049	+0.0014076	+0.0015998	+0.0017802	+0.0019384	+0.0020821	+0.0022176	+0.0023429
