2011-09	-0.049	-0.0025940	-0.0023403	-0.0021094	-0.0018627	-0.0015990	-0.0013163	-0.0010276	-0.0007313	-0.0004274	-0.0001227	+0.0001837	+0.0004789	+0.0007574	+0.0010211	+0.0012663	+0.0014976	+0.0017107	+0.0019012	+0.0020807	+0.0022467	+0.0024125
2011-10	0.086	-0.0031000	-0.0028499	-0.0026036	-0.0023350	-0.0020796	-0.0018075	-0.0015083	-0.0011973	-0.0008760	-0.0005492	-0.0002207	+0.0000970	+0.0003971	+0.0006829	+0.0009500	+0.0011829	+0.0013962	+0.0016024	+0.0017954	+0.0019702	+0.0021324
2011-11	-0.071	-0.0028743	-0.0026438	-0.0023956	-0.0021265	-0.0018434	-0.0015517	-0.0012424	-0.0009272	-0.0005909	-0.0002443	+0.0001055	+0.0004487	+0.0007772	+0.0010891	+0.0013757	+0.0016421	+0.0018836	+0.0021088	+0.0023231	+0.0025124	+0.0027026
2011-12	0.071	-0.0035524	-0.0033096	-0.0030416	-0.0027733	-0.0024863	-0.0021727	-0.0018406	-0.0014982	-0.0011416	-0.0007719	-0.0004069	-0.0000479	+0.0003041	+0.0006419	+0.0009600	+0.0012586	+0.0015310	+0.0017752	+0.0020005	+0.0022167	+0.0024149
2012-01	0.038	-0.0031669	-0.0028972	-0.0026424	-0.0023679	-0.0020785	-0.0017784	-0.0014519	-0.0011112	-0.0007542	-0.0003826	+0.0000019	+0.0003779	+0.0007483	+0.0011049	+0.0014294	+0.0017225	+0.0019974	+0.0022581	+0.0025026	+0.0027186	+0.0029189
2012-02	0.004	-0.0030821	-0.0028372	-0.0025593	-0.0022746	-0.0019651	-0.0016471	-0.0013019	-0.0009275	-0.0005501	-0.0001646	+0.0002221	+0.0006017	+0.0009647	+0.0013043	+0.0016205	+0.0019121	+0.0021858	+0.0024356	+0.0026631	+0.0028794	+0.0030863
2012-03	0.028	-0.0030570	-0.0028354	-0.0025873	-0.0023287	-0.0020349	-0.0017253	-0.0013810	-0.0010173	-0.0006446	-0.0002679	+0.0001097	+0.0004868	+0.0008487	+0.0011961	+0.0015122	+0.0018073	+0.0020724	+0.0023197	+0.0025734	+0.0028136	+0.0030335
2012-04	0.023	-0.0023796	-0.0021421	-0.0018990	-0.0016335	-0.0013610	-0.0010521	-0.0007281	-0.0004039	-0.0000697	+0.0002741	+0.0006293	+0.0009772	+0.0013120	+0.0016268	+0.0019160	+0.0021835	+0.0024350	+0.0026687	+0.0028899	+0.0030857	+0.0032698
2012-05	-0.033	-0.0015157	-0.0013344	-0.0011433	-0.0009411	-0.0007251	-0.0004999	-0.0002576	-0.0000048	+0.0002656	+0.0005520	+0.0008365	+0.0011181	+0.0013866	+0.0016411	+0.0018798	+0.0021033	+0.0023146	+0.0025079	+0.0026901	+0.0028553	+0.0030119
2012-06	0.024	-0.0015591	-0.0013277	-0.0010762	-0.0008137	-0.0005425	-0.0002732	+0.0000152	+0.0003167	+0.0006159	+0.0009108	+0.0012002	+0.0014718	+0.0017363	+0.0019837	+0.0022121	+0.0024305	+0.0026289	+0.0028071	+0.0029715	+0.0031271	+0.0032759
2012-07	0.033	-0.0013351	-0.0011764	-0.0010215	-0.0008624	-0.0006864	-0.0004918	-0.0002888	-0.0000787	+0.0001394	+0.0003703	+0.0006026	+0.0008321	+0.0010485	+0.0012550	+0.0014474	+0.0016234	+0.0017861	+0.0019368	+0.0020733	+0.0021880	+0.0023029
2012-08	-0.003	-0.0011572	-0.0009643	-0.0007705	-0.0005689	-0.0003608	-0.0001450	+0.0000792	+0.0003146	+0.0005478	+0.0007720	+0.0009883	+0.0011943	+0.0013874	+0.0015642	+0.0017273	+0.0018752	+0.0020150	+0.0021429	+0.0022589	+0.0023687	+0.0024676
2012-09	-0.009	-0.0009419	-0.0008038	-0.0006535	-0.0004970	-0.0003410	-0.0001757	-0.0000019	+0.0001737	+0.0003538	+0.0005391	+0.0007229	+0.0008994	+0.0010645	+0.0012195	+0.0013626	+0.0014941	+0.0016185	+0.0017324	+0.0018417	+0.0019534	+0.0020593
2012-10	-0.003	-0.0010744	-0.0009655	-0.0008492	-0.0007262	-0.0005908	-0.0004536	-0.0003073	-0.0001558	+0.0000016	+0.0001601	+0.0003211	+0.0004804	+0.0006334	+0.0007803	+0.0009195	+0.0010495	+0.0011674	+0.0012772	+0.0013744	+0.0014630	+0.0015504
2012-11	0.004	-0.0009953	-0.0008924	-0.0007812	-0.0006586	-0.0005339	-0.0003954	-0.0002526	-0.0001059	+0.0000512	+0.0002130	+0.0003742	+0.0005349	+0.0006897	+0.0008346	+0.0009677	+0.0010946	+0.0012146	+0.0013283	+0.0014289	+0.0015180	+0.0016018
2012-12	0.022	-0.0010296	-0.0009399	-0.0008485	-0.0007436	-0.0006335	-0.0005164	-0.0003899	-0.0002547	-0.0001112	+0.0000411	+0.0001983	+0.0003547	+0.0005032	+0.0006468	+0.0007825	+0.0009069	+0.0010231	+0.0011345	+0.0012381	+0.0013336	+0.0014226
2013-01	0.033	-0.0010332	-0.0009384	-0.0008341	-0.0007270	-0.0006155	-0.0004981	-0.0003724	-0.0002405	-0.0000998	+0.0000429	+0.0001875	+0.0003325	+0.0004694	+0.0006004	+0.0007234	+0.0008414	+0.0009493	+0.0010520	+0.0011447	+0.0012372	+0.0013213
2013-02	0.010	-0.0008007	-0.0006666	-0.0005315	-0.0003920	-0.0002448	-0.0001015	+0.0000455	+0.0001976	+0.0003541	+0.0005070	+0.0006610	+0.0008093	+0.0009482	+0.0010786	+0.0011975	+0.0013111	+0.0014201	+0.0015150	+0.0016009	+0.0016848	+0.0017635
2013-03	0.017	-0.0007781	-0.0006888	-0.0005905	-0.0004853	-0.0003728	-0.0002587	-0.0001418	-0.0000169	+0.0001116	+0.0002407	+0.0003669	+0.0004893	+0.0006048	+0.0007105	+0.0008074	+0.0008966	+0.0009809	+0.0010594	+0.0011320	+0.0011949	+0.0012521
2013-04	0.033	-0.0005900	-0.0005129	-0.0004226	-0.0003260	-0.0002269	-0.0001230	-0.0000156	+0.0000983	+0.0002155	+0.0003347	+0.0004541	+0.0005711	+0.0006795	+0.0007805	+0.0008742	+0.0009604	+0.0010396	+0.0011129	+0.0011803	+0.0012396	+0.0012977
2013-05	-0.021	-0.0008070	-0.0006681	-0.0005283	-0.0003753	-0.0002303	-0.0000779	+0.0000838	+0.0002395	+0.0003945	+0.0005439	+0.0006863	+0.0008175	+0.0009383	+0.0010534	+0.0011586	+0.0012550	+0.0013426	+0.0014251	+0.0014986	+0.0015679	+0.0016281
2013-06	-0.020	-0.0010134	-0.0008569	-0.0007073	-0.0005417	-0.0003600	-0.0001818	+0.0000019	+0.0001849	+0.0003705	+0.0005552	+0.0007292	+0.0008895	+0.0010368	+0.0011703	+0.0012890	+0.0013954	+0.0014897	+0.0015740	+0.0016499	+0.0017191	+0.0017901
2013-07	0.012	-0.0011676	-0.0010526	-0.0009277	-0.0007975	-0.0006630	-0.0005261	-0.0003758	-0.0002173	-0.0000516	+0.0001168	+0.0002893	+0.0004591	+0.0006227	+0.0007755	+0.0009135	+0.0010439	+0.0011608	+0.0012701	+0.0013665	+0.0014529	+0.0015351
2013-08	-0.058	-0.0011875	-0.0010454	-0.0008895	-0.0007304	-0.0005618	-0.0003850	-0.0001998	-0.0000106	+0.0001854	+0.0003859	+0.0005814	+0.0007734	+0.0009526	+0.0011142	+0.0012627	+0.0013978	+0.0015211	+0.0016319	+0.0017368	+0.0018348	+0.0019225
2013-09	0.023	-0.0016443	-0.0015223	-0.0013932	-0.0012542	-0.0011122	-0.0009542	-0.0007887	-0.0006113	-0.0004209	-0.0002242	-0.0000239	+0.0001726	+0.0003616	+0.0005333	+0.0006889	+0.0008291	+0.0009677	+0.0010912	+0.0012079	+0.0013230	+0.0014173
2013-10	0.023	-0.0017722	-0.0016290	-0.0014802	-0.0013260	-0.0011713	-0.0010037	-0.0008285	-0.0006379	-0.0004301	-0.0002176	-0.0000036	+0.0002054	+0.0004051	+0.0005965	+0.0007731	+0.0009304	+0.0010796	+0.0012210	+0.0013507	+0.0014762	+0.0015764
2013-11	-0.033	-0.0016720	-0.0015328	-0.0013854	-0.0012312	-0.0010728	-0.0009091	-0.0007321	-0.0005433	-0.0003391	-0.0001242	+0.0000917	+0.0003033	+0.0005107	+0.0007093	+0.0008928	+0.0010618	+0.0012160	+0.0013542	+0.0014899	+0.0016150	+0.0017302
2013-12	-0.004	-0.0020604	-0.0019320	-0.0017966	-0.0016541	-0.0014986	-0.0013307	-0.0011476	-0.0009562	-0.0007531	-0.0005392	-0.0003198	-0.0001015	+0.0001090	+0.0003106	+0.0005018	+0.0006795	+0.0008418	+0.0009899	+0.0011306	+0.0012665	+0.0013866
2014-01	0.015	-0.0023386	-0.0022082	-0.0020666	-0.0019174	-0.0017650	-0.0016010	-0.0014246	-0.0012341	-0.0010307	-0.0008160	-0.0005895	-0.0003551	-0.0001287	+0.0000846	+0.0002850	+0.0004733	+0.0006569	+0.0008279	+0.0009855	+0.0011360	+0.0012854
2014-02	0.032	-0.0018011	-0.0016802	-0.0015578	-0.0014272	-0.0012912	-0.0011411	-0.0009785	-0.0008038	-0.0006181	-0.0004267	-0.0002329	-0.0000366	+0.0001568	+0.0003394	+0.0005100	+0.0006659	+0.0008166	+0.0009559	+0.0010897	+0.0012153	+0.0013298
2014-03	0.006	-0.0014449	-0.0013281	-0.0012007	-0.0010646	-0.0009305	-0.0007876	-0.0006351	-0.0004719	-0.0003037	-0.0001248	+0.0000590	+0.0002413	+0.0004183	+0.0005919	+0.0007505	+0.0008959	+0.0010316	+0.0011548	+0.0012710	+0.0013817	+0.0014914
2014-04	0.020	-0.0012361	-0.0011253	-0.0010094	-0.0008917	-0.0007677	-0.0006355	-0.0004949	-0.0003465	-0.0001905	-0.0000259	+0.0001391	+0.0003050	+0.0004647	+0.0006193	+0.0007638	+0.0009001	+0.0010257	+0.0011425	+0.0012562	+0.0013642	+0.0014743
2014-05	0.016	-0.0008981	-0.0007650	-0.0006357	-0.0005068	-0.0003647	-0.0002154	-0.0000603	+0.0000998	+0.0002661	+0.0004296	+0.0005942	+0.0007553	+0.0009103	+0.0010552	+0.0011928	+0.0013214	+0.0014412	+0.0015532	+0.0016548	+0.0017475	+0.0018327
2014-06	0.012	-0.0008057	-0.0006945	-0.0005728	-0.0004411	-0.0003107	-0.0001783	-0.0000429	+0.0000976	+0.0002408	+0.0003872	+0.0005321	+0.0006735	+0.0008084	+0.0009363	+0.0010558	+0.0011650	+0.0012709	+0.0013682	+0.0014622	+0.0015496	+0.0016334
2014-07	0.009	-0.0005854	-0.0004905	-0.0003990	-0.0002961	-0.0001874	-0.0000753	+0.0000436	+0.0001688	+0.0002900	+0.0004129	+0.0005340	+0.0006505	+0.0007610	+0.0008666	+0.0009636	+0.0010509	+0.0011314	+0.0012054	+0.0012743	+0.0013366	+0.0013960
2014-08	0.005	-0.0007034	-0.0005563	-0.0004029	-0.0002667	-0.0001331	+0.0000086	+0.0001738	+0.0003596	+0.0005380	+0.0006819	+0.0008006	+0.0009087	+0.0010061	+0.0010953	+0.0011750	+0.0012464	+0.0013117	+0.0013732	+0.0014291	+0.0014812	+0.0015308
2014-09	-0.030	-0.0007614	-0.0006185	-0.0004613	-0.0003111	-0.0001601	-0.0000068	+0.0001656	+0.0003492	+0.0005142	+0.0006534	+0.0007777	+0.0008908	+0.0009941	+0.0010900	+0.0011770	+0.0012577	+0.0013339	+0.0014064	+0.0014696	+0.0015298	+0.0015865
2014-10	0.049	-0.0007897	-0.0006817	-0.0005712	-0.0004572	-0.0003432	-0.0002234	-0.0000970	+0.0000303	+0.0001617	+0.0002957	+0.0004277	+0.0005568	+0.0006785	+0.0007896	+0.0008907	+0.0009832	+0.0010650	+0.0011429	+0.0012157	+0.0012855	+0.0013524
2014-11	0.020	-0.0007484	-0.0006458	-0.0005377	-0.0004216	-0.0003027	-0.0001808	-0.0000556	+0.0000689	+0.0001997	+0.0003306	+0.0004634	+0.0005900	+0.0007091	+0.0008214	+0.0009265	+0.0010256	+0.0011154	+0.0011975	+0.0012702	+0.0013385	+0.0013976
2014-12	0.024	-0.0007526	-0.0006492	-0.0005320	-0.0004087	-0.0002820	-0.0001470	-0.0000102	+0.0001294	+0.0002740	+0.0004183	+0.0005610	+0.0006965	+0.0008248	+0.0009441	+0.0010525	+0.0011512	+0.0012411	+0.0013227	+0.0013974	+0.0014679	+0.0015302
2015-01	0.038	-0.0008367	-0.0007122	-0.0005842	-0.0004337	-0.0002869	-0.0001386	+0.0000129	+0.0001670	+0.0003215	+0.0004710	+0.0006168	+0.0007591	+0.0008926	+0.0010137	+0.0011259	+0.0012276	+0.0013204	+0.0014056	+0.0014828	+0.0015529	+0.0016182
2015-02	-0.010	-0.0009532	-0.0007844	-0.0006312	-0.0004696	-0.0002969	-0.0001202	+0.0000625	+0.0002537	+0.0004438	+0.0006250	+0.0007914	+0.0009445	+0.0010859	+0.0012189	+0.0013395	+0.0014500	+0.0015535	+0.0016474	+0.0017360	+0.0018155	+0.0018890
