2014-04	0.007	-0.0009048	-0.0007762	-0.0006504	-0.0005112	-0.0003546	-0.0001889	-0.0000226	+0.0001473	+0.0003225	+0.0005008	+0.0006764	+0.0008421	+0.0009999	+0.0011459	+0.0012814	+0.0013997	+0.0015066	+0.0016058	+0.0016918	+0.0017677	+0.0018409
2014-05	0.006	-0.0010494	-0.0008891	-0.0007212	-0.0005490	-0.0003821	-0.0002070	-0.0000318	+0.0001493	+0.0003311	+0.0005114	+0.0006882	+0.0008580	+0.0010176	+0.0011616	+0.0012930	+0.0014121	+0.0015218	+0.0016239	+0.0017190	+0.0018056	+0.0018935
2014-06	0.005	-0.0008111	-0.0006776	-0.0005330	-0.0003847	-0.0002320	-0.0000666	+0.0000982	+0.0002699	+0.0004456	+0.0006203	+0.0007885	+0.0009498	+0.0011024	+0.0012417	+0.0013671	+0.0014798	+0.0015857	+0.0016791	+0.0017641	+0.0018455	+0.0019288
2014-07	0.016	-0.0008991	-0.0007695	-0.0006326	-0.0004905	-0.0003457	-0.0001969	-0.0000415	+0.0001196	+0.0002849	+0.0004471	+0.0006066	+0.0007580	+0.0008977	+0.0010272	+0.0011472	+0.0012603	+0.0013626	+0.0014551	+0.0015416	+0.0016190	+0.0016938
2014-08	0.013	-0.0007974	-0.0007000	-0.0006026	-0.0004997	-0.0003927	-0.0002834	-0.0001645	-0.0000377	+0.0000908	+0.0002243	+0.0003603	+0.0004965	+0.0006252	+0.0007449	+0.0008549	+0.0009578	+0.0010542	+0.0011429	+0.0012268	+0.0013049	+0.0013764
2014-09	0.034	-0.0008294	-0.0007460	-0.0006563	-0.0005611	-0.0004574	-0.0003496	-0.0002344	-0.0001115	+0.0000233	+0.0001614	+0.0003024	+0.0004363	+0.0005679	+0.0006914	+0.0008067	+0.0009155	+0.0010135	+0.0011027	+0.0011835	+0.0012592	+0.0013369
2014-10	0.004	-0.0008062	-0.0006517	-0.0004931	-0.0003502	-0.0001931	-0.0000321	+0.0001357	+0.0003062	+0.0004731	+0.0006259	+0.0007686	+0.0009009	+0.0010212	+0.0011300	+0.0012293	+0.0013229	+0.0014072	+0.0014844	+0.0015543	+0.0016212	+0.0016852
2014-11	0.089	-0.0007697	-0.0006603	-0.0005514	-0.0004396	-0.0003212	-0.0001951	-0.0000601	+0.0000820	+0.0002322	+0.0003810	+0.0005278	+0.0006709	+0.0008074	+0.0009348	+0.0010514	+0.0011600	+0.0012619	+0.0013537	+0.0014409	+0.0015216	+0.0015963
2014-12	-0.003	-0.0011688	-0.0009754	-0.0007569	-0.0005458	-0.0003205	-0.0000914	+0.0001448	+0.0003864	+0.0006162	+0.0008349	+0.0010398	+0.0012402	+0.0014310	+0.0016113	+0.0017825	+0.0019499	+0.0021067	+0.0022524	+0.0023857	+0.0025155	+0.0026542
2015-01	-0.011	-0.0011774	-0.0009826	-0.0007771	-0.0005630	-0.0003441	-0.0001112	+0.0001177	+0.0003578	+0.0006047	+0.0008464	+0.0010751	+0.0012991	+0.0015084	+0.0017064	+0.0018950	+0.0020697	+0.0022315	+0.0023747	+0.0025135	+0.0026436	+0.0027688
2015-02	-0.000	-0.0012816	-0.0010993	-0.0009067	-0.0007017	-0.0004878	-0.0002646	-0.0000360	+0.0001981	+0.0004316	+0.0006724	+0.0009124	+0.0011444	+0.0013642	+0.0015727	+0.0017695	+0.0019500	+0.0021149	+0.0022723	+0.0024186	+0.0025611	+0.0026977
