2012-12	0.011	-0.0004998	-0.0004042	-0.0003106	-0.0002137	-0.0001170	-0.0000110	+0.0000977	+0.0002100	+0.0003217	+0.0004307	+0.0005329	+0.0006303	+0.0007202	+0.0008014	+0.0008768	+0.0009452	+0.0010039	+0.0010594	+0.0011098	+0.0011598	+0.0012076
2013-01	0.004	-0.0005534	-0.0004377	-0.0003245	-0.0002108	-0.0001040	+0.0000075	+0.0001296	+0.0002539	+0.0003729	+0.0004812	+0.0005796	+0.0006712	+0.0007549	+0.0008295	+0.0008953	+0.0009530	+0.0010080	+0.0010567	+0.0011016	+0.0011445	+0.0011840
2013-02	0.005	-0.0006724	-0.0005515	-0.0002945	-0.0001106	-0.0000085	+0.0000905	+0.0002121	+0.0004498	+0.0006555	+0.0007560	+0.0008356	+0.0009064	+0.0009714	+0.0010316	+0.0010857	+0.0011348	+0.0011792	+0.0012203	+0.0012597	+0.0012962	+0.0013306
2013-03	0.002	-0.0006102	-0.0004991	-0.0003486	-0.0002039	-0.0001039	-0.0000042	+0.0001223	+0.0003120	+0.0004507	+0.0005464	+0.0006263	+0.0006975	+0.0007617	+0.0008213	+0.0008745	+0.0009217	+0.0009638	+0.0010037	+0.0010408	+0.0010753	+0.0011103
2013-04	0.014	-0.0004998	-0.0003916	-0.0002597	-0.0001675	-0.0000892	-0.0000023	+0.0001054	+0.0002331	+0.0003503	+0.0004413	+0.0005189	+0.0005885	+0.0006520	+0.0007099	+0.0007624	+0.0008095	+0.0008530	+0.0008944	+0.0009323	+0.0009693	+0.0010025
2013-05	-0.005	-0.0004791	-0.0003711	-0.0002506	-0.0001471	-0.0000596	+0.0000371	+0.0001506	+0.0002831	+0.0003916	+0.0004786	+0.0005542	+0.0006211	+0.0006820	+0.0007376	+0.0007893	+0.0008357	+0.0008781	+0.0009182	+0.0009556	+0.0009897	+0.0010232
2013-06	-0.045	-0.0004959	-0.0003935	-0.0002986	-0.0002093	-0.0001224	-0.0000357	+0.0000585	+0.0001641	+0.0002650	+0.0003507	+0.0004263	+0.0004932	+0.0005558	+0.0006126	+0.0006639	+0.0007108	+0.0007550	+0.0007943	+0.0008293	+0.0008622	+0.0008949
2013-07	0.013	-0.0009866	-0.0009031	-0.0008142	-0.0007260	-0.0006343	-0.0005351	-0.0004348	-0.0003326	-0.0002316	-0.0001291	-0.0000285	+0.0000703	+0.0001630	+0.0002485	+0.0003259	+0.0003951	+0.0004584	+0.0005154	+0.0005687	+0.0006183	+0.0006633
2013-08	-0.020	-0.0009332	-0.0008531	-0.0007773	-0.0006973	-0.0006109	-0.0005187	-0.0004180	-0.0003143	-0.0002094	-0.0001042	+0.0000026	+0.0001053	+0.0002062	+0.0003011	+0.0003882	+0.0004676	+0.0005424	+0.0006097	+0.0006726	+0.0007307	+0.0007872
2013-09	0.027	-0.0012456	-0.0011665	-0.0010846	-0.0010020	-0.0009155	-0.0008216	-0.0007205	-0.0006164	-0.0005082	-0.0003932	-0.0002755	-0.0001587	-0.0000458	+0.0000603	+0.0001622	+0.0002567	+0.0003417	+0.0004214	+0.0004933	+0.0005654	+0.0006335
2013-10	0.018	-0.0010525	-0.0009642	-0.0008723	-0.0007763	-0.0006766	-0.0005711	-0.0004625	-0.0003480	-0.0002340	-0.0001149	+0.0000051	+0.0001256	+0.0002406	+0.0003490	+0.0004510	+0.0005451	+0.0006323	+0.0007113	+0.0007827	+0.0008520	+0.0009174
2013-11	0.000	-0.0009929	-0.0009100	-0.0008282	-0.0007442	-0.0006508	-0.0005496	-0.0004442	-0.0003354	-0.0002203	-0.0001015	+0.0000179	+0.0001359	+0.0002493	+0.0003559	+0.0004540	+0.0005430	+0.0006258	+0.0007038	+0.0007794	+0.0008464	+0.0009105
2013-12	0.013	-0.0009953	-0.0009121	-0.0008322	-0.0007488	-0.0006616	-0.0005662	-0.0004620	-0.0003514	-0.0002351	-0.0001181	+0.0000014	+0.0001188	+0.0002300	+0.0003348	+0.0004317	+0.0005224	+0.0006060	+0.0006826	+0.0007542	+0.0008235	+0.0008900
2014-01	-0.006	-0.0010700	-0.0009823	-0.0008949	-0.0008054	-0.0007046	-0.0005988	-0.0004924	-0.0003820	-0.0002671	-0.0001479	-0.0000258	+0.0000928	+0.0002051	+0.0003125	+0.0004136	+0.0005054	+0.0005880	+0.0006683	+0.0007438	+0.0008080	+0.0008736
2014-02	0.009	-0.0009390	-0.0008575	-0.0007794	-0.0006941	-0.0005987	-0.0005008	-0.0003938	-0.0002804	-0.0001620	-0.0000428	+0.0000756	+0.0001927	+0.0003067	+0.0004136	+0.0005108	+0.0006006	+0.0006836	+0.0007605	+0.0008323	+0.0008962	+0.0009575
2014-03	0.002	-0.0005437	-0.0004801	-0.0004008	-0.0003193	-0.0002412	-0.0001568	-0.0000677	+0.0000256	+0.0001212	+0.0002182	+0.0003121	+0.0004025	+0.0004899	+0.0005748	+0.0006535	+0.0007238	+0.0007874	+0.0008446	+0.0008960	+0.0009464	+0.0009956
2014-04	0.007	-0.0004148	-0.0003575	-0.0002953	-0.0002278	-0.0001617	-0.0000925	-0.0000180	+0.0000590	+0.0001398	+0.0002229	+0.0003074	+0.0003900	+0.0004695	+0.0005454	+0.0006161	+0.0006810	+0.0007417	+0.0007971	+0.0008489	+0.0008979	+0.0009462
2014-05	0.012	-0.0005049	-0.0004065	-0.0003047	-0.0001985	-0.0001073	-0.0000075	+0.0001029	+0.0002196	+0.0003205	+0.0004107	+0.0004924	+0.0005687	+0.0006396	+0.0007066	+0.0007688	+0.0008269	+0.0008794	+0.0009282	+0.0009723	+0.0010135	+0.0010583
2014-06	0.013	-0.0003533	-0.0002851	-0.0002132	-0.0001406	-0.0000676	+0.0000078	+0.0000850	+0.0001642	+0.0002403	+0.0003122	+0.0003778	+0.0004376	+0.0004916	+0.0005412	+0.0005862	+0.0006266	+0.0006637	+0.0006971	+0.0007282	+0.0007583	+0.0007849
2014-07	0.011	-0.0003006	-0.0002366	-0.0001709	-0.0001076	-0.0000431	+0.0000266	+0.0000991	+0.0001707	+0.0002418	+0.0003073	+0.0003682	+0.0004233	+0.0004735	+0.0005185	+0.0005596	+0.0005957	+0.0006285	+0.0006610	+0.0006910	+0.0007184	+0.0007425
2014-08	0.005	-0.0003665	-0.0002841	-0.0002078	-0.0001340	-0.0000633	+0.0000042	+0.0000819	+0.0001706	+0.0002575	+0.0003319	+0.0003941	+0.0004484	+0.0004967	+0.0005410	+0.0005805	+0.0006150	+0.0006462	+0.0006755	+0.0007040	+0.0007312	+0.0007568
2014-09	-0.013	-0.0003315	-0.0002695	-0.0002075	-0.0001411	-0.0000734	+0.0000016	+0.0000837	+0.0001630	+0.0002355	+0.0003021	+0.0003653	+0.0004240	+0.0004777	+0.0005260	+0.0005693	+0.0006082	+0.0006428	+0.0006735	+0.0007024	+0.0007286	+0.0007522
2014-10	0.008	-0.0003897	-0.0003174	-0.0002351	-0.0001677	-0.0001025	-0.0000310	+0.0000466	+0.0001240	+0.0002012	+0.0002738	+0.0003375	+0.0003954	+0.0004472	+0.0004943	+0.0005382	+0.0005780	+0.0006138	+0.0006468	+0.0006766	+0.0007071	+0.0007351
2014-11	0.001	-0.0003361	-0.0002830	-0.0002309	-0.0001767	-0.0001205	-0.0000622	-0.0000012	+0.0000634	+0.0001282	+0.0001941	+0.0002594	+0.0003208	+0.0003796	+0.0004355	+0.0004871	+0.0005341	+0.0005766	+0.0006153	+0.0006498	+0.0006807	+0.0007113
2014-12	-0.018	-0.0003461	-0.0002965	-0.0002421	-0.0001844	-0.0001290	-0.0000699	-0.0000084	+0.0000559	+0.0001198	+0.0001830	+0.0002429	+0.0002995	+0.0003535	+0.0004054	+0.0004536	+0.0004984	+0.0005381	+0.0005755	+0.0006107	+0.0006425	+0.0006735
2015-01	-0.003	-0.0004024	-0.0003669	-0.0003275	-0.0002846	-0.0002358	-0.0001841	-0.0001298	-0.0000732	-0.0000127	+0.0000506	+0.0001142	+0.0001761	+0.0002357	+0.0002930	+0.0003456	+0.0003953	+0.0004411	+0.0004831	+0.0005209	+0.0005589	+0.0005946
2015-02	0.003	-0.0006231	-0.0005775	-0.0005298	-0.0004813	-0.0004259	-0.0003661	-0.0003029	-0.0002363	-0.0001663	-0.0000949	-0.0000205	+0.0000524	+0.0001239	+0.0001927	+0.0002584	+0.0003185	+0.0003755	+0.0004266	+0.0004733	+0.0005178	+0.0005626
