2011-09	-0.144	-0.0055330	-0.0052314	-0.0049104	-0.0045605	-0.0041904	-0.0037944	-0.0033738	-0.0029236	-0.0024415	-0.0019379	-0.0014153	-0.0008907	-0.0003676	+0.0001400	+0.0006132	+0.0010547	+0.0014801	+0.0018768	+0.0022688	+0.0026409	+0.0029630
2011-10	0.126	-0.0068288	-0.0064774	-0.0060950	-0.0057155	-0.0053199	-0.0049058	-0.0044624	-0.0039744	-0.0034561	-0.0029200	-0.0023630	-0.0018031	-0.0012400	-0.0006852	-0.0001547	+0.0003598	+0.0008496	+0.0013146	+0.0017647	+0.0022111	+0.0026396
2011-11	-0.094	-0.0063109	-0.0059820	-0.0056324	-0.0052694	-0.0048727	-0.0044409	-0.0039853	-0.0034966	-0.0029664	-0.0023960	-0.0018021	-0.0012045	-0.0005993	-0.0000166	+0.0005502	+0.0010736	+0.0015650	+0.0020445	+0.0025074	+0.0029614	+0.0033847
2011-12	0.010	-0.0072223	-0.0069310	-0.0066253	-0.0062886	-0.0059101	-0.0054982	-0.0050523	-0.0045798	-0.0040585	-0.0034906	-0.0028916	-0.0022749	-0.0016434	-0.0010201	-0.0003930	+0.0002243	+0.0008402	+0.0014454	+0.0020449	+0.0026129	+0.0031074
2012-01	0.051	-0.0063127	-0.0059865	-0.0056529	-0.0052898	-0.0048958	-0.0044708	-0.0040219	-0.0035329	-0.0030127	-0.0024541	-0.0018573	-0.0012387	-0.0006119	+0.0000087	+0.0006239	+0.0012030	+0.0017672	+0.0022924	+0.0027810	+0.0032623	+0.0037183
2012-02	0.101	-0.0057748	-0.0054275	-0.0050886	-0.0047187	-0.0043236	-0.0038874	-0.0034079	-0.0029041	-0.0023626	-0.0017969	-0.0012170	-0.0006381	-0.0000694	+0.0004625	+0.0009715	+0.0014562	+0.0019205	+0.0023644	+0.0027815	+0.0031615	+0.0035086
2012-03	-0.004	-0.0052183	-0.0048746	-0.0045027	-0.0041338	-0.0037090	-0.0032640	-0.0028063	-0.0023131	-0.0017900	-0.0012439	-0.0006905	-0.0001374	+0.0003956	+0.0009043	+0.0013759	+0.0018140	+0.0022298	+0.0026133	+0.0029816	+0.0033239	+0.0036393
2012-04	-0.035	-0.0040748	-0.0037393	-0.0034054	-0.0030590	-0.0026688	-0.0022582	-0.0018210	-0.0013524	-0.0008572	-0.0003530	+0.0001534	+0.0006550	+0.0011394	+0.0016029	+0.0020394	+0.0024442	+0.0028185	+0.0031643	+0.0034941	+0.0038167	+0.0041149
2012-05	-0.113	-0.0033574	-0.0030855	-0.0027834	-0.0025045	-0.0021898	-0.0018586	-0.0014978	-0.0011141	-0.0006999	-0.0002631	+0.0001823	+0.0006245	+0.0010574	+0.0014702	+0.0018518	+0.0022058	+0.0025275	+0.0028298	+0.0031199	+0.0033920	+0.0036424
2012-06	0.000	-0.0027743	-0.0025304	-0.0022755	-0.0019816	-0.0016746	-0.0013569	-0.0010210	-0.0006554	-0.0002691	+0.0001404	+0.0005567	+0.0009752	+0.0013813	+0.0017640	+0.0021247	+0.0024578	+0.0027818	+0.0030811	+0.0033645	+0.0036212	+0.0038592
2012-07	0.020	-0.0033182	-0.0031084	-0.0028708	-0.0026178	-0.0023593	-0.0020715	-0.0017620	-0.0014428	-0.0010962	-0.0007319	-0.0003499	+0.0000273	+0.0003874	+0.0007316	+0.0010530	+0.0013646	+0.0016576	+0.0019187	+0.0021678	+0.0024047	+0.0026220
2012-08	0.009	-0.0028277	-0.0026439	-0.0024425	-0.0022249	-0.0019980	-0.0017462	-0.0014738	-0.0011836	-0.0008718	-0.0005441	-0.0002121	+0.0001179	+0.0004442	+0.0007552	+0.0010485	+0.0013245	+0.0015718	+0.0018066	+0.0020319	+0.0022363	+0.0024171
2012-09	0.028	-0.0024586	-0.0022783	-0.0020715	-0.0018499	-0.0016176	-0.0013686	-0.0011013	-0.0008258	-0.0005302	-0.0002278	+0.0000821	+0.0003909	+0.0006921	+0.0009791	+0.0012511	+0.0015009	+0.0017368	+0.0019609	+0.0021746	+0.0023682	+0.0025574
2012-10	0.016	-0.0026546	-0.0024504	-0.0022441	-0.0020285	-0.0017940	-0.0015415	-0.0012712	-0.0009898	-0.0006969	-0.0003865	-0.0000758	+0.0002364	+0.0005478	+0.0008421	+0.0011207	+0.0013843	+0.0016259	+0.0018565	+0.0020643	+0.0022527	+0.0024193
2012-11	0.044	-0.0027646	-0.0026108	-0.0024348	-0.0022372	-0.0020237	-0.0017946	-0.0015444	-0.0012747	-0.0009927	-0.0006880	-0.0003752	-0.0000655	+0.0002404	+0.0005325	+0.0008043	+0.0010594	+0.0012946	+0.0015150	+0.0017243	+0.0019192	+0.0021076
2012-12	0.080	-0.0026780	-0.0024874	-0.0023010	-0.0020947	-0.0018818	-0.0016517	-0.0013991	-0.0011248	-0.0008363	-0.0005282	-0.0002098	+0.0001015	+0.0004096	+0.0007027	+0.0009691	+0.0012156	+0.0014519	+0.0016701	+0.0018757	+0.0020651	+0.0022500
2013-01	0.104	-0.0018053	-0.0016079	-0.0014187	-0.0012160	-0.0010047	-0.0007696	-0.0005133	-0.0002416	+0.0000464	+0.0003430	+0.0006469	+0.0009513	+0.0012436	+0.0015218	+0.0017827	+0.0020303	+0.0022575	+0.0024683	+0.0026536	+0.0028306	+0.0029941
2013-02	-0.001	-0.0017579	-0.0013668	-0.0010198	-0.0006524	-0.0002760	+0.0001253	+0.0005379	+0.0009718	+0.0013852	+0.0017724	+0.0021332	+0.0024557	+0.0027570	+0.0030303	+0.0032885	+0.0035310	+0.0037534	+0.0039558	+0.0041497	+0.0043168	+0.0044708
2013-03	0.036	-0.0020884	-0.0017311	-0.0013563	-0.0009769	-0.0005916	-0.0001904	+0.0002143	+0.0006389	+0.0010549	+0.0014403	+0.0017900	+0.0021162	+0.0024178	+0.0026999	+0.0029576	+0.0031922	+0.0034086	+0.0036159	+0.0037976	+0.0039584	+0.0041163
2013-04	0.053	-0.0022199	-0.0017361	-0.0012876	-0.0008574	-0.0004483	-0.0000497	+0.0004003	+0.0009005	+0.0013963	+0.0018194	+0.0021791	+0.0025039	+0.0028034	+0.0030768	+0.0033312	+0.0035650	+0.0037741	+0.0039762	+0.0041582	+0.0043278	+0.0044876
2013-05	0.038	-0.0023447	-0.0018924	-0.0014169	-0.0009331	-0.0004589	+0.0000273	+0.0005665	+0.0011369	+0.0016474	+0.0020839	+0.0024848	+0.0028477	+0.0031743	+0.0034774	+0.0037610	+0.0040205	+0.0042608	+0.0044780	+0.0046831	+0.0048629	+0.0050360
2013-06	-0.069	-0.0026965	-0.0022150	-0.0016513	-0.0011357	-0.0006399	-0.0001308	+0.0003997	+0.0009910	+0.0015598	+0.0020540	+0.0024811	+0.0028638	+0.0032180	+0.0035419	+0.0038362	+0.0041005	+0.0043447	+0.0045624	+0.0047607	+0.0049560	+0.0051265
2013-07	0.025	-0.0023035	-0.0019403	-0.0015765	-0.0011874	-0.0007931	-0.0003894	+0.0000135	+0.0004148	+0.0008328	+0.0012527	+0.0016747	+0.0020781	+0.0024550	+0.0028123	+0.0031443	+0.0034503	+0.0037298	+0.0039874	+0.0042340	+0.0044597	+0.0046652
2013-08	-0.019	-0.0023882	-0.0020030	-0.0016020	-0.0012062	-0.0007721	-0.0003292	+0.0001169	+0.0005566	+0.0009955	+0.0014366	+0.0018639	+0.0022692	+0.0026511	+0.0029993	+0.0033202	+0.0036194	+0.0038849	+0.0041320	+0.0043452	+0.0045489	+0.0047406
2013-09	0.045	-0.0021412	-0.0018864	-0.0016402	-0.0013882	-0.0011203	-0.0008340	-0.0005308	-0.0002115	+0.0001252	+0.0004798	+0.0008398	+0.0011956	+0.0015424	+0.0018689	+0.0021792	+0.0024568	+0.0027240	+0.0029708	+0.0032032	+0.0034125	+0.0036000
2013-10	0.043	-0.0022341	-0.0019852	-0.0017458	-0.0014937	-0.0012324	-0.0009557	-0.0006652	-0.0003473	-0.0000124	+0.0003337	+0.0006848	+0.0010325	+0.0013661	+0.0016880	+0.0019913	+0.0022793	+0.0025485	+0.0028038	+0.0030284	+0.0032566	+0.0034803
2013-11	0.064	-0.0020305	-0.0017910	-0.0015598	-0.0013223	-0.0010735	-0.0008059	-0.0005141	-0.0002063	+0.0001182	+0.0004464	+0.0007815	+0.0011183	+0.0014421	+0.0017546	+0.0020556	+0.0023355	+0.0025965	+0.0028384	+0.0030681	+0.0032814	+0.0034853
2013-12	0.052	-0.0018199	-0.0015883	-0.0013551	-0.0011053	-0.0008454	-0.0005721	-0.0002749	+0.0000406	+0.0003696	+0.0007057	+0.0010428	+0.0013791	+0.0017018	+0.0020030	+0.0022889	+0.0025531	+0.0027886	+0.0030120	+0.0032123	+0.0034046	+0.0035850
2014-01	-0.055	-0.0018229	-0.0016109	-0.0013701	-0.0011245	-0.0008563	-0.0005805	-0.0002990	-0.0000041	+0.0002978	+0.0006208	+0.0009442	+0.0012574	+0.0015478	+0.0018175	+0.0020729	+0.0023048	+0.0025234	+0.0027256	+0.0029058	+0.0030811	+0.0032493
2014-02	0.046	-0.0019151	-0.0016985	-0.0014662	-0.0012136	-0.0009541	-0.0006883	-0.0004135	-0.0001218	+0.0001836	+0.0004973	+0.0008147	+0.0011242	+0.0014103	+0.0016765	+0.0019221	+0.0021491	+0.0023553	+0.0025438	+0.0027146	+0.0028678	+0.0030084
2014-03	-0.012	-0.0017636	-0.0015262	-0.0012754	-0.0009975	-0.0007136	-0.0004126	-0.0001074	+0.0002120	+0.0005418	+0.0008706	+0.0011899	+0.0015047	+0.0017986	+0.0020632	+0.0023081	+0.0025285	+0.0027264	+0.0029128	+0.0030879	+0.0032540	+0.0033991
2014-04	-0.032	-0.0019603	-0.0017179	-0.0014705	-0.0012177	-0.0009418	-0.0006652	-0.0003716	-0.0000629	+0.0002529	+0.0005836	+0.0009105	+0.0012264	+0.0015191	+0.0017996	+0.0020585	+0.0022932	+0.0025013	+0.0026940	+0.0028700	+0.0030297	+0.0031811
2014-05	-0.000	-0.0021369	-0.0018693	-0.0015985	-0.0013215	-0.0010282	-0.0007164	-0.0003955	-0.0000673	+0.0002714	+0.0006183	+0.0009664	+0.0012969	+0.0016180	+0.0019136	+0.0021801	+0.0024337	+0.0026653	+0.0028795	+0.0030709	+0.0032463	+0.0034065
2014-06	0.012	-0.0019580	-0.0017483	-0.0015235	-0.0012761	-0.0010343	-0.0007741	-0.0004937	-0.0001927	+0.0001177	+0.0004398	+0.0007678	+0.0010873	+0.0013991	+0.0016938	+0.0019610	+0.0022027	+0.0024219	+0.0026225	+0.0028082	+0.0029832	+0.0031518
2014-07	-0.013	-0.0021285	-0.0019164	-0.0016894	-0.0014540	-0.0012066	-0.0009570	-0.0006856	-0.0004007	-0.0000943	+0.0002221	+0.0005335	+0.0008392	+0.0011375	+0.0014209	+0.0016791	+0.0019149	+0.0021280	+0.0023267	+0.0025064	+0.0026756	+0.0028221
2014-08	0.018	-0.0023081	-0.0021126	-0.0019175	-0.0017127	-0.0014983	-0.0012686	-0.0010229	-0.0007612	-0.0004868	-0.0002015	+0.0000901	+0.0003829	+0.0006596	+0.0009201	+0.0011635	+0.0013886	+0.0015992	+0.0017918	+0.0019745	+0.0021366	+0.0022827
2014-09	0.004	-0.0025305	-0.0023545	-0.0021749	-0.0019769	-0.0017654	-0.0015332	-0.0012797	-0.0010156	-0.0007334	-0.0004435	-0.0001490	+0.0001463	+0.0004321	+0.0006922	+0.0009329	+0.0011617	+0.0013678	+0.0015631	+0.0017421	+0.0019125	+0.0020625
2014-10	-0.024	-0.0016857	-0.0015402	-0.0013834	-0.0012093	-0.0010248	-0.0008231	-0.0006091	-0.0003805	-0.0001404	+0.0001124	+0.0003650	+0.0006143	+0.0008507	+0.0010815	+0.0012989	+0.0014954	+0.0016855	+0.0018588	+0.0020135	+0.0021573	+0.0022951
2014-11	0.095	-0.0027783	-0.0026052	-0.0024277	-0.0022440	-0.0020504	-0.0018390	-0.0016015	-0.0013519	-0.0010886	-0.0008090	-0.0005252	-0.0002511	+0.0000212	+0.0002796	+0.0005147	+0.0007361	+0.0009417	+0.0011221	+0.0012937	+0.0014493	+0.0016009
2014-12	-0.012	-0.0021648	-0.0019732	-0.0017822	-0.0015864	-0.0013739	-0.0011512	-0.0009055	-0.0006366	-0.0003583	-0.0000614	+0.0002473	+0.0005535	+0.0008494	+0.0011371	+0.0014068	+0.0016646	+0.0019070	+0.0021379	+0.0023625	+0.0025644	+0.0027561
2015-01	-0.034	-0.0021049	-0.0019143	-0.0017000	-0.0014739	-0.0012371	-0.0009829	-0.0007048	-0.0004095	-0.0001012	+0.0002165	+0.0005375	+0.0008611	+0.0011786	+0.0014800	+0.0017722	+0.0020390	+0.0022867	+0.0025083	+0.0027141	+0.0029050	+0.0030948
2015-02	0.022	-0.0024515	-0.0022630	-0.0020581	-0.0018347	-0.0015941	-0.0013380	-0.0010678	-0.0007709	-0.0004546	-0.0001234	+0.0002181	+0.0005587	+0.0008904	+0.0012070	+0.0014999	+0.0017711	+0.0020193	+0.0022586	+0.0024763	+0.0026716	+0.0028490
