2011-09	-0.030	-0.0063732	-0.0059611	-0.0055343	-0.0050835	-0.0046083	-0.0041288	-0.0036271	-0.0030984	-0.0025538	-0.0020032	-0.0014466	-0.0008947	-0.0003588	+0.0001704	+0.0006610	+0.0011137	+0.0015280	+0.0019132	+0.0022507	+0.0025960	+0.0029025
2011-10	0.090	-0.0061109	-0.0056898	-0.0052438	-0.0047986	-0.0043591	-0.0038842	-0.0033933	-0.0028699	-0.0023260	-0.0017592	-0.0011937	-0.0006371	-0.0001002	+0.0003967	+0.0008669	+0.0012855	+0.0016728	+0.0020194	+0.0023605	+0.0026735	+0.0030033
2011-11	-0.006	-0.0060373	-0.0056305	-0.0051539	-0.0046892	-0.0042203	-0.0037271	-0.0032249	-0.0026943	-0.0021410	-0.0015798	-0.0010126	-0.0004543	+0.0000765	+0.0005751	+0.0010380	+0.0014736	+0.0018592	+0.0022335	+0.0025598	+0.0028820	+0.0031704
2011-12	0.028	-0.0063556	-0.0059702	-0.0055655	-0.0051078	-0.0046580	-0.0041725	-0.0036562	-0.0031394	-0.0026106	-0.0020620	-0.0015060	-0.0009530	-0.0004370	+0.0000522	+0.0005098	+0.0009328	+0.0013474	+0.0017269	+0.0021047	+0.0024619	+0.0028171
2012-01	0.039	-0.0056866	-0.0052896	-0.0048705	-0.0044410	-0.0039907	-0.0035255	-0.0030219	-0.0025011	-0.0019603	-0.0014083	-0.0008562	-0.0003109	+0.0002199	+0.0007237	+0.0011843	+0.0016073	+0.0020068	+0.0023669	+0.0026978	+0.0030080	+0.0033258
2012-02	0.084	-0.0055473	-0.0051333	-0.0047092	-0.0042714	-0.0037976	-0.0032937	-0.0027644	-0.0022059	-0.0016322	-0.0010597	-0.0004939	+0.0000582	+0.0005806	+0.0010677	+0.0015195	+0.0019311	+0.0023139	+0.0026660	+0.0029859	+0.0032774	+0.0035815
2012-03	0.018	-0.0051423	-0.0047239	-0.0043075	-0.0038660	-0.0033852	-0.0028949	-0.0023783	-0.0018324	-0.0012749	-0.0007107	-0.0001470	+0.0004013	+0.0009161	+0.0013916	+0.0018191	+0.0022099	+0.0025738	+0.0029123	+0.0032174	+0.0034921	+0.0037611
2012-04	-0.012	-0.0034460	-0.0030654	-0.0026582	-0.0022171	-0.0017695	-0.0013166	-0.0008480	-0.0003617	+0.0001502	+0.0006647	+0.0011462	+0.0016049	+0.0020429	+0.0024423	+0.0028020	+0.0031271	+0.0034250	+0.0037095	+0.0039748	+0.0042234	+0.0044576
2012-05	-0.038	-0.0018164	-0.0015500	-0.0012698	-0.0009758	-0.0006722	-0.0003487	-0.0000152	+0.0003306	+0.0006806	+0.0010390	+0.0014001	+0.0017498	+0.0020863	+0.0024064	+0.0026999	+0.0029647	+0.0032167	+0.0034470	+0.0036576	+0.0038468	+0.0040216
2012-06	0.019	-0.0018525	-0.0015629	-0.0012569	-0.0009559	-0.0006173	-0.0002698	+0.0000871	+0.0004441	+0.0008081	+0.0011752	+0.0015312	+0.0018746	+0.0022004	+0.0025006	+0.0027764	+0.0030345	+0.0032712	+0.0034978	+0.0037164	+0.0039133	+0.0040972
2012-07	0.019	-0.0017406	-0.0015132	-0.0012586	-0.0010074	-0.0007558	-0.0004884	-0.0001987	+0.0000921	+0.0003952	+0.0007199	+0.0010426	+0.0013610	+0.0016646	+0.0019587	+0.0022388	+0.0025034	+0.0027491	+0.0029810	+0.0031786	+0.0033689	+0.0035445
2012-08	0.010	-0.0016567	-0.0014746	-0.0012730	-0.0010597	-0.0008373	-0.0006040	-0.0003572	-0.0000955	+0.0001765	+0.0004624	+0.0007476	+0.0010264	+0.0012931	+0.0015397	+0.0017754	+0.0019920	+0.0021881	+0.0023683	+0.0025365	+0.0026920	+0.0028334
2012-09	0.026	-0.0015264	-0.0013264	-0.0011162	-0.0009052	-0.0006792	-0.0004402	-0.0001973	+0.0000493	+0.0003099	+0.0005711	+0.0008322	+0.0010882	+0.0013280	+0.0015514	+0.0017601	+0.0019574	+0.0021352	+0.0023020	+0.0024544	+0.0025959	+0.0027356
2012-10	-0.024	-0.0016047	-0.0014187	-0.0012172	-0.0010154	-0.0008093	-0.0005861	-0.0003442	-0.0000956	+0.0001591	+0.0004290	+0.0006892	+0.0009435	+0.0011894	+0.0014183	+0.0016337	+0.0018311	+0.0020131	+0.0021787	+0.0023278	+0.0024565	+0.0025781
2012-11	0.039	-0.0017250	-0.0015851	-0.0014336	-0.0012709	-0.0011016	-0.0009187	-0.0007176	-0.0005044	-0.0002755	-0.0000355	+0.0002088	+0.0004541	+0.0006873	+0.0009125	+0.0011233	+0.0013187	+0.0014937	+0.0016578	+0.0018046	+0.0019434	+0.0020790
2012-12	0.039	-0.0017227	-0.0015840	-0.0014344	-0.0012818	-0.0011155	-0.0009291	-0.0007292	-0.0005112	-0.0002793	-0.0000312	+0.0002248	+0.0004768	+0.0007173	+0.0009469	+0.0011551	+0.0013530	+0.0015372	+0.0017091	+0.0018701	+0.0020202	+0.0021616
2013-01	0.101	-0.0012350	-0.0010952	-0.0009509	-0.0007936	-0.0006209	-0.0004420	-0.0002501	-0.0000469	+0.0001720	+0.0003999	+0.0006354	+0.0008656	+0.0010885	+0.0012990	+0.0014979	+0.0016799	+0.0018446	+0.0019980	+0.0021435	+0.0022739	+0.0024026
2013-02	0.029	-0.0014213	-0.0011236	-0.0008518	-0.0005717	-0.0002826	+0.0000336	+0.0003634	+0.0006963	+0.0010149	+0.0013245	+0.0016226	+0.0018982	+0.0021559	+0.0023973	+0.0026236	+0.0028349	+0.0030296	+0.0032070	+0.0033769	+0.0035354	+0.0036908
2013-03	0.073	-0.0016996	-0.0014195	-0.0011398	-0.0008483	-0.0005490	-0.0002293	+0.0000946	+0.0004180	+0.0007352	+0.0010445	+0.0013409	+0.0016213	+0.0018841	+0.0021303	+0.0023615	+0.0025746	+0.0027693	+0.0029553	+0.0031357	+0.0033069	+0.0034622
2013-04	0.079	-0.0018812	-0.0014576	-0.0010258	-0.0006492	-0.0002863	+0.0000818	+0.0004923	+0.0009320	+0.0013521	+0.0017223	+0.0020570	+0.0023679	+0.0026532	+0.0029156	+0.0031603	+0.0033848	+0.0035979	+0.0038018	+0.0039923	+0.0041732	+0.0043312
2013-05	0.080	-0.0025643	-0.0020410	-0.0014763	-0.0009446	-0.0004823	-0.0000093	+0.0005503	+0.0011805	+0.0017028	+0.0021365	+0.0025084	+0.0028441	+0.0031619	+0.0034462	+0.0037051	+0.0039465	+0.0041659	+0.0043730	+0.0045638	+0.0047347	+0.0048933
2013-06	-0.054	-0.0027251	-0.0021201	-0.0014735	-0.0009317	-0.0004782	-0.0000225	+0.0005046	+0.0012044	+0.0018313	+0.0022942	+0.0026946	+0.0030562	+0.0033813	+0.0036830	+0.0039631	+0.0042225	+0.0044570	+0.0046745	+0.0048695	+0.0050576	+0.0052289
2013-07	0.075	-0.0024506	-0.0018684	-0.0012914	-0.0007972	-0.0003327	+0.0001290	+0.0006545	+0.0012287	+0.0017523	+0.0021935	+0.0025878	+0.0029549	+0.0032917	+0.0036101	+0.0039030	+0.0041706	+0.0044254	+0.0046549	+0.0048778	+0.0050820	+0.0052762
2013-08	0.005	-0.0025366	-0.0019701	-0.0013032	-0.0007803	-0.0002771	+0.0002328	+0.0008382	+0.0015526	+0.0021613	+0.0026510	+0.0030638	+0.0034329	+0.0037709	+0.0040839	+0.0043712	+0.0046267	+0.0048655	+0.0050849	+0.0052835	+0.0054778	+0.0056520
2013-09	0.026	-0.0024207	-0.0019335	-0.0014905	-0.0010556	-0.0006169	-0.0001720	+0.0003357	+0.0008937	+0.0014118	+0.0018401	+0.0022243	+0.0025832	+0.0029187	+0.0032220	+0.0035039	+0.0037590	+0.0039953	+0.0042083	+0.0044056	+0.0045916	+0.0047487
2013-10	0.016	-0.0024226	-0.0019351	-0.0014654	-0.0010740	-0.0006718	-0.0002394	+0.0002299	+0.0007049	+0.0011524	+0.0015693	+0.0019585	+0.0023181	+0.0026600	+0.0029764	+0.0032717	+0.0035488	+0.0038008	+0.0040365	+0.0042569	+0.0044755	+0.0046669
2013-11	0.117	-0.0020725	-0.0017026	-0.0013531	-0.0009743	-0.0005891	-0.0001995	+0.0001966	+0.0006050	+0.0010197	+0.0014102	+0.0017803	+0.0021323	+0.0024609	+0.0027694	+0.0030568	+0.0033180	+0.0035518	+0.0037795	+0.0039958	+0.0042026	+0.0043838
2013-12	0.032	-0.0019260	-0.0015159	-0.0011301	-0.0007410	-0.0003426	+0.0000778	+0.0005094	+0.0009588	+0.0013927	+0.0018043	+0.0021937	+0.0025511	+0.0028867	+0.0031977	+0.0034914	+0.0037585	+0.0040049	+0.0042411	+0.0044458	+0.0046484	+0.0048093
2014-01	0.049	-0.0018607	-0.0015364	-0.0011998	-0.0008330	-0.0004573	-0.0000721	+0.0003279	+0.0007556	+0.0011626	+0.0015540	+0.0019277	+0.0022766	+0.0026058	+0.0029141	+0.0031997	+0.0034666	+0.0037118	+0.0039381	+0.0041406	+0.0043236	+0.0045130
2014-02	0.062	-0.0022134	-0.0018360	-0.0014303	-0.0010026	-0.0005673	-0.0001379	+0.0002996	+0.0007519	+0.0011933	+0.0016001	+0.0019749	+0.0023251	+0.0026552	+0.0029623	+0.0032387	+0.0034874	+0.0037129	+0.0039263	+0.0041264	+0.0043014	+0.0044815
2014-03	-0.110	-0.0024883	-0.0020183	-0.0015276	-0.0010339	-0.0005621	-0.0000751	+0.0004733	+0.0010608	+0.0015824	+0.0020327	+0.0024346	+0.0027980	+0.0031287	+0.0034360	+0.0037176	+0.0039754	+0.0042137	+0.0044358	+0.0046392	+0.0048146	+0.0049752
2014-04	0.032	-0.0023453	-0.0020365	-0.0017098	-0.0013719	-0.0010284	-0.0006571	-0.0002615	+0.0001487	+0.0005528	+0.0009600	+0.0013615	+0.0017494	+0.0021151	+0.0024576	+0.0027735	+0.0030656	+0.0033316	+0.0035869	+0.0038215	+0.0040338	+0.0042284
2014-05	0.016	-0.0022685	-0.0019464	-0.0016351	-0.0013103	-0.0009665	-0.0006107	-0.0002303	+0.0001568	+0.0005526	+0.0009605	+0.0013773	+0.0017893	+0.0021772	+0.0025336	+0.0028684	+0.0031851	+0.0034707	+0.0037362	+0.0039919	+0.0042274	+0.0044422
2014-06	0.047	-0.0020209	-0.0017198	-0.0014161	-0.0011264	-0.0008244	-0.0005007	-0.0001589	+0.0002045	+0.0005871	+0.0009900	+0.0013903	+0.0017808	+0.0021549	+0.0025070	+0.0028299	+0.0031335	+0.0034113	+0.0036673	+0.0038995	+0.0041256	+0.0043435
2014-07	-0.010	-0.0023344	-0.0019754	-0.0016082	-0.0012251	-0.0008330	-0.0004272	-0.0000170	+0.0004011	+0.0008274	+0.0012473	+0.0016535	+0.0020453	+0.0024211	+0.0027621	+0.0030793	+0.0033710	+0.0036405	+0.0039019	+0.0041370	+0.0043614	+0.0045575
2014-08	0.025	-0.0019395	-0.0017468	-0.0015480	-0.0013353	-0.0010932	-0.0008310	-0.0005502	-0.0002496	+0.0000747	+0.0004158	+0.0007608	+0.0010984	+0.0014295	+0.0017467	+0.0020481	+0.0023100	+0.0025558	+0.0027849	+0.0029948	+0.0032012	+0.0034019
2014-09	0.053	-0.0020564	-0.0018465	-0.0016198	-0.0013702	-0.0011240	-0.0008455	-0.0005601	-0.0002559	+0.0000670	+0.0003978	+0.0007358	+0.0010764	+0.0014179	+0.0017385	+0.0020304	+0.0023013	+0.0025589	+0.0027950	+0.0030145	+0.0032354	+0.0034277
2014-10	0.043	-0.0017920	-0.0015703	-0.0013350	-0.0011024	-0.0008457	-0.0005741	-0.0002959	-0.0000036	+0.0002990	+0.0006224	+0.0009509	+0.0012680	+0.0015720	+0.0018660	+0.0021366	+0.0023855	+0.0026183	+0.0028311	+0.0030313	+0.0032083	+0.0033710
2014-11	0.065	-0.0019749	-0.0017881	-0.0015916	-0.0013823	-0.0011520	-0.0008972	-0.0006330	-0.0003505	-0.0000504	+0.0002693	+0.0005937	+0.0009142	+0.0012249	+0.0015261	+0.0018172	+0.0020823	+0.0023325	+0.0025637	+0.0027854	+0.0029910	+0.0031784
2014-12	0.030	-0.0019402	-0.0016689	-0.0013528	-0.0010216	-0.0006697	-0.0003011	+0.0000645	+0.0004315	+0.0007950	+0.0011678	+0.0015368	+0.0018796	+0.0021992	+0.0025071	+0.0027939	+0.0030565	+0.0032980	+0.0035287	+0.0037428	+0.0039416	+0.0041519
2015-01	0.021	-0.0021440	-0.0017841	-0.0013818	-0.0009830	-0.0006017	-0.0002234	+0.0001851	+0.0006072	+0.0010269	+0.0014199	+0.0017870	+0.0021362	+0.0024578	+0.0027548	+0.0030302	+0.0032852	+0.0035198	+0.0037288	+0.0039326	+0.0041194	+0.0042902
2015-02	-0.020	-0.0020556	-0.0017216	-0.0013839	-0.0010026	-0.0006283	-0.0002423	+0.0001582	+0.0005898	+0.0010068	+0.0013947	+0.0017683	+0.0021240	+0.0024515	+0.0027582	+0.0030410	+0.0032941	+0.0035307	+0.0037484	+0.0039434	+0.0041280	+0.0042963
