2011-09	-0.049	-0.0010064	-0.0008990	-0.0007839	-0.0006590	-0.0005238	-0.0003824	-0.0002361	-0.0000842	+0.0000826	+0.0002550	+0.0004294	+0.0006006	+0.0007656	+0.0009216	+0.0010650	+0.0011954	+0.0013196	+0.0014371	+0.0015460	+0.0016539	+0.0017453
2011-10	0.030	-0.0013407	-0.0012419	-0.0011367	-0.0010236	-0.0009034	-0.0007748	-0.0006399	-0.0004964	-0.0003390	-0.0001716	-0.0000040	+0.0001674	+0.0003329	+0.0004920	+0.0006347	+0.0007679	+0.0008889	+0.0010095	+0.0011197	+0.0012260	+0.0013207
2011-11	-0.063	-0.0013920	-0.0012896	-0.0011832	-0.0010731	-0.0009542	-0.0008233	-0.0006860	-0.0005367	-0.0003769	-0.0002114	-0.0000392	+0.0001316	+0.0002983	+0.0004554	+0.0006032	+0.0007384	+0.0008670	+0.0009904	+0.0011004	+0.0012010	+0.0012958
2011-12	0.002	-0.0021742	-0.0020557	-0.0019328	-0.0018014	-0.0016683	-0.0015229	-0.0013649	-0.0012012	-0.0010266	-0.0008472	-0.0006619	-0.0004776	-0.0002954	-0.0001231	+0.0000412	+0.0001996	+0.0003408	+0.0004753	+0.0006077	+0.0007389	+0.0008630
2012-01	-0.002	-0.0018800	-0.0017689	-0.0016474	-0.0015219	-0.0013868	-0.0012528	-0.0011050	-0.0009485	-0.0007799	-0.0005985	-0.0004151	-0.0002289	-0.0000432	+0.0001376	+0.0003085	+0.0004697	+0.0006271	+0.0007802	+0.0009176	+0.0010544	+0.0011976
2012-02	0.068	-0.0020419	-0.0019360	-0.0018233	-0.0017038	-0.0015796	-0.0014404	-0.0012882	-0.0011214	-0.0009467	-0.0007617	-0.0005679	-0.0003771	-0.0001855	+0.0000045	+0.0001880	+0.0003602	+0.0005306	+0.0006859	+0.0008252	+0.0009644	+0.0011032
2012-03	0.006	-0.0017341	-0.0016165	-0.0014951	-0.0013670	-0.0012291	-0.0010808	-0.0009170	-0.0007432	-0.0005568	-0.0003609	-0.0001643	+0.0000337	+0.0002257	+0.0004093	+0.0005825	+0.0007458	+0.0008966	+0.0010354	+0.0011689	+0.0012984	+0.0014128
2012-04	-0.014	-0.0014494	-0.0013385	-0.0012295	-0.0011089	-0.0009787	-0.0008411	-0.0006878	-0.0005230	-0.0003495	-0.0001681	+0.0000190	+0.0002085	+0.0003938	+0.0005711	+0.0007320	+0.0008828	+0.0010277	+0.0011603	+0.0012911	+0.0014092	+0.0015216
2012-05	-0.051	-0.0016273	-0.0015178	-0.0014044	-0.0012746	-0.0011319	-0.0009793	-0.0008168	-0.0006463	-0.0004636	-0.0002708	-0.0000775	+0.0001119	+0.0002951	+0.0004705	+0.0006367	+0.0007891	+0.0009264	+0.0010561	+0.0011822	+0.0013081	+0.0014254
2012-06	-0.008	-0.0015446	-0.0014240	-0.0012997	-0.0011731	-0.0010411	-0.0009005	-0.0007495	-0.0005829	-0.0004065	-0.0002218	-0.0000314	+0.0001583	+0.0003411	+0.0005131	+0.0006749	+0.0008305	+0.0009722	+0.0011011	+0.0012239	+0.0013327	+0.0014382
2012-07	-0.010	-0.0017435	-0.0016290	-0.0015053	-0.0013834	-0.0012521	-0.0011115	-0.0009634	-0.0008025	-0.0006372	-0.0004643	-0.0002857	-0.0001058	+0.0000734	+0.0002448	+0.0004049	+0.0005545	+0.0006950	+0.0008297	+0.0009548	+0.0010749	+0.0011893
2012-08	0.023	-0.0013918	-0.0013021	-0.0012075	-0.0011056	-0.0009974	-0.0008820	-0.0007621	-0.0006304	-0.0004901	-0.0003413	-0.0001873	-0.0000337	+0.0001180	+0.0002648	+0.0004057	+0.0005364	+0.0006612	+0.0007765	+0.0008897	+0.0009936	+0.0010904
2012-09	0.011	-0.0008903	-0.0008081	-0.0007238	-0.0006332	-0.0005350	-0.0004245	-0.0003080	-0.0001868	-0.0000549	+0.0000835	+0.0002268	+0.0003722	+0.0005138	+0.0006545	+0.0007853	+0.0009080	+0.0010191	+0.0011241	+0.0012196	+0.0013139	+0.0014073
2012-10	0.023	-0.0009798	-0.0008964	-0.0008102	-0.0007169	-0.0006168	-0.0005120	-0.0003934	-0.0002642	-0.0001311	+0.0000078	+0.0001497	+0.0002963	+0.0004428	+0.0005822	+0.0007120	+0.0008345	+0.0009493	+0.0010578	+0.0011591	+0.0012542	+0.0013394
2012-11	0.029	-0.0009965	-0.0009274	-0.0008539	-0.0007764	-0.0006915	-0.0006002	-0.0005042	-0.0003972	-0.0002841	-0.0001678	-0.0000511	+0.0000647	+0.0001764	+0.0002832	+0.0003828	+0.0004769	+0.0005629	+0.0006426	+0.0007209	+0.0007899	+0.0008538
2012-12	0.063	-0.0009265	-0.0008506	-0.0007643	-0.0006809	-0.0005957	-0.0005035	-0.0003997	-0.0002894	-0.0001720	-0.0000490	+0.0000759	+0.0002007	+0.0003265	+0.0004459	+0.0005576	+0.0006641	+0.0007630	+0.0008541	+0.0009378	+0.0010149	+0.0010874
2013-01	0.041	-0.0006079	-0.0005155	-0.0004242	-0.0003256	-0.0002188	-0.0001099	+0.0000055	+0.0001244	+0.0002539	+0.0003878	+0.0005242	+0.0006610	+0.0007903	+0.0009137	+0.0010295	+0.0011409	+0.0012424	+0.0013369	+0.0014290	+0.0015150	+0.0015886
2013-02	-0.003	-0.0008751	-0.0006857	-0.0004983	-0.0003181	-0.0001355	+0.0000610	+0.0002665	+0.0004826	+0.0006886	+0.0008751	+0.0010487	+0.0012087	+0.0013536	+0.0014881	+0.0016117	+0.0017262	+0.0018286	+0.0019218	+0.0020086	+0.0021002	+0.0021898
2013-03	0.000	-0.0011612	-0.0009356	-0.0006695	-0.0004355	-0.0002211	-0.0000020	+0.0002376	+0.0004961	+0.0007409	+0.0009526	+0.0011414	+0.0013164	+0.0014802	+0.0016309	+0.0017716	+0.0019012	+0.0020137	+0.0021278	+0.0022306	+0.0023274	+0.0024171
2013-04	0.053	-0.0012560	-0.0009933	-0.0007097	-0.0004538	-0.0002429	-0.0000166	+0.0002499	+0.0005803	+0.0008690	+0.0010980	+0.0012912	+0.0014689	+0.0016311	+0.0017784	+0.0019111	+0.0020370	+0.0021520	+0.0022578	+0.0023576	+0.0024553	+0.0025477
2013-05	0.010	-0.0014907	-0.0011838	-0.0008690	-0.0005838	-0.0003040	-0.0000035	+0.0003413	+0.0007271	+0.0010537	+0.0013189	+0.0015637	+0.0017918	+0.0020081	+0.0022112	+0.0024012	+0.0025796	+0.0027471	+0.0029033	+0.0030474	+0.0031853	+0.0033003
2013-06	-0.031	-0.0015277	-0.0012551	-0.0009638	-0.0006681	-0.0003806	-0.0000900	+0.0002287	+0.0005739	+0.0008863	+0.0011664	+0.0014137	+0.0016432	+0.0018566	+0.0020546	+0.0022424	+0.0024240	+0.0025968	+0.0027538	+0.0029007	+0.0030278	+0.0031440
2013-07	0.011	-0.0013075	-0.0010677	-0.0008422	-0.0006341	-0.0004061	-0.0001610	+0.0000929	+0.0003401	+0.0005894	+0.0008331	+0.0010749	+0.0013101	+0.0015345	+0.0017493	+0.0019488	+0.0021322	+0.0023067	+0.0024679	+0.0026176	+0.0027562	+0.0028898
2013-08	-0.008	-0.0012891	-0.0010664	-0.0008580	-0.0006412	-0.0004169	-0.0001953	+0.0000358	+0.0002692	+0.0005028	+0.0007346	+0.0009639	+0.0011880	+0.0014035	+0.0016078	+0.0017986	+0.0019768	+0.0021413	+0.0023029	+0.0024500	+0.0025798	+0.0027087
2013-09	0.014	-0.0011669	-0.0010402	-0.0009032	-0.0007558	-0.0006040	-0.0004437	-0.0002756	-0.0000996	+0.0000924	+0.0002954	+0.0005049	+0.0007126	+0.0009192	+0.0011201	+0.0013078	+0.0014852	+0.0016516	+0.0018114	+0.0019558	+0.0020964	+0.0022402
2013-10	0.022	-0.0011304	-0.0010386	-0.0009420	-0.0008402	-0.0007283	-0.0006054	-0.0004709	-0.0003275	-0.0001697	-0.0000029	+0.0001723	+0.0003497	+0.0005271	+0.0007046	+0.0008808	+0.0010490	+0.0012075	+0.0013591	+0.0014964	+0.0016282	+0.0017637
2013-11	0.023	-0.0009213	-0.0008217	-0.0007207	-0.0006175	-0.0005030	-0.0003817	-0.0002513	-0.0001120	+0.0000368	+0.0001957	+0.0003641	+0.0005377	+0.0007105	+0.0008819	+0.0010461	+0.0012022	+0.0013484	+0.0014864	+0.0016191	+0.0017407	+0.0018563
2013-12	0.020	-0.0008260	-0.0007287	-0.0006294	-0.0005205	-0.0004059	-0.0002865	-0.0001580	-0.0000228	+0.0001184	+0.0002699	+0.0004309	+0.0005951	+0.0007569	+0.0009120	+0.0010652	+0.0012075	+0.0013402	+0.0014659	+0.0015901	+0.0017059	+0.0018182
2014-01	-0.016	-0.0006753	-0.0005980	-0.0005176	-0.0004341	-0.0003459	-0.0002506	-0.0001505	-0.0000425	+0.0000686	+0.0001840	+0.0003006	+0.0004175	+0.0005278	+0.0006320	+0.0007266	+0.0008118	+0.0008910	+0.0009629	+0.0010283	+0.0010871	+0.0011411
2014-02	0.007	-0.0006411	-0.0005697	-0.0004884	-0.0004031	-0.0003099	-0.0002163	-0.0001194	-0.0000140	+0.0000982	+0.0002119	+0.0003277	+0.0004394	+0.0005462	+0.0006463	+0.0007384	+0.0008244	+0.0009050	+0.0009802	+0.0010469	+0.0011091	+0.0011686
2014-03	0.011	-0.0005938	-0.0005047	-0.0004205	-0.0003276	-0.0002299	-0.0001285	-0.0000235	+0.0000842	+0.0001937	+0.0003032	+0.0004100	+0.0005134	+0.0006112	+0.0007031	+0.0007882	+0.0008656	+0.0009358	+0.0010001	+0.0010588	+0.0011135	+0.0011649
2014-04	0.002	-0.0005884	-0.0004904	-0.0003876	-0.0002849	-0.0001847	-0.0000823	+0.0000235	+0.0001309	+0.0002384	+0.0003467	+0.0004527	+0.0005543	+0.0006506	+0.0007390	+0.0008212	+0.0008974	+0.0009677	+0.0010305	+0.0010884	+0.0011415	+0.0011896
2014-05	-0.007	-0.0006311	-0.0005161	-0.0004007	-0.0002775	-0.0001630	-0.0000436	+0.0000807	+0.0002072	+0.0003330	+0.0004478	+0.0005570	+0.0006577	+0.0007528	+0.0008400	+0.0009217	+0.0009944	+0.0010634	+0.0011270	+0.0011854	+0.0012395	+0.0012926
2014-06	0.003	-0.0004712	-0.0003914	-0.0003131	-0.0002304	-0.0001409	-0.0000514	+0.0000393	+0.0001327	+0.0002285	+0.0003265	+0.0004235	+0.0005181	+0.0006098	+0.0006957	+0.0007755	+0.0008489	+0.0009163	+0.0009799	+0.0010373	+0.0010909	+0.0011407
2014-07	0.004	-0.0004583	-0.0003880	-0.0003057	-0.0002273	-0.0001469	-0.0000621	+0.0000254	+0.0001143	+0.0002055	+0.0002952	+0.0003881	+0.0004808	+0.0005681	+0.0006503	+0.0007286	+0.0008013	+0.0008695	+0.0009298	+0.0009858	+0.0010385	+0.0010872
2014-08	0.007	-0.0004024	-0.0003650	-0.0003244	-0.0002809	-0.0002344	-0.0001838	-0.0001273	-0.0000664	-0.0000035	+0.0000635	+0.0001328	+0.0001997	+0.0002664	+0.0003298	+0.0003891	+0.0004439	+0.0004945	+0.0005433	+0.0005859	+0.0006244	+0.0006598
2014-09	0.007	-0.0003950	-0.0003529	-0.0003089	-0.0002630	-0.0002128	-0.0001591	-0.0001024	-0.0000444	+0.0000173	+0.0000827	+0.0001478	+0.0002119	+0.0002745	+0.0003346	+0.0003898	+0.0004410	+0.0004893	+0.0005339	+0.0005760	+0.0006165	+0.0006531
2014-10	-0.001	-0.0003821	-0.0003308	-0.0002765	-0.0002173	-0.0001559	-0.0000900	-0.0000252	+0.0000411	+0.0001103	+0.0001800	+0.0002485	+0.0003145	+0.0003775	+0.0004363	+0.0004923	+0.0005458	+0.0005958	+0.0006423	+0.0006854	+0.0007247	+0.0007646
2014-11	0.052	-0.0003865	-0.0003501	-0.0003104	-0.0002689	-0.0002254	-0.0001782	-0.0001296	-0.0000779	-0.0000231	+0.0000346	+0.0000934	+0.0001533	+0.0002114	+0.0002658	+0.0003183	+0.0003658	+0.0004120	+0.0004531	+0.0004906	+0.0005269	+0.0005617
2014-12	0.004	-0.0005105	-0.0004251	-0.0003448	-0.0002624	-0.0001789	-0.0000850	+0.0000105	+0.0001056	+0.0002034	+0.0003008	+0.0003979	+0.0004940	+0.0005876	+0.0006770	+0.0007636	+0.0008445	+0.0009207	+0.0009912	+0.0010631	+0.0011316	+0.0011944
2015-01	-0.048	-0.0004651	-0.0003908	-0.0003121	-0.0002326	-0.0001470	-0.0000489	+0.0000503	+0.0001453	+0.0002374	+0.0003321	+0.0004263	+0.0005182	+0.0006085	+0.0006951	+0.0007787	+0.0008550	+0.0009287	+0.0009967	+0.0010615	+0.0011213	+0.0011775
2015-02	0.008	-0.0007658	-0.0006967	-0.0006269	-0.0005549	-0.0004735	-0.0003872	-0.0002948	-0.0001994	-0.0000987	+0.0000099	+0.0001205	+0.0002307	+0.0003380	+0.0004384	+0.0005362	+0.0006261	+0.0007097	+0.0007935	+0.0008708	+0.0009436	+0.0010119
