2011-09	-0.150	-0.0060957	-0.0057654	-0.0054036	-0.0050201	-0.0046272	-0.0042107	-0.0037688	-0.0032952	-0.0027763	-0.0022367	-0.0016853	-0.0011275	-0.0005873	-0.0000658	+0.0004484	+0.0009452	+0.0013995	+0.0018187	+0.0022501	+0.0026442	+0.0030187
2011-10	0.158	-0.0069079	-0.0065334	-0.0061429	-0.0057290	-0.0052886	-0.0048312	-0.0043356	-0.0038244	-0.0032819	-0.0027157	-0.0021237	-0.0015070	-0.0009002	-0.0003025	+0.0002506	+0.0007669	+0.0012579	+0.0017347	+0.0021803	+0.0026028	+0.0030289
2011-11	-0.126	-0.0065720	-0.0062088	-0.0058215	-0.0054158	-0.0049659	-0.0044888	-0.0039811	-0.0034393	-0.0028642	-0.0022536	-0.0016153	-0.0009719	-0.0003316	+0.0002856	+0.0008665	+0.0014150	+0.0019338	+0.0024443	+0.0029229	+0.0033627	+0.0037553
2011-12	0.023	-0.0076694	-0.0073301	-0.0069599	-0.0065666	-0.0061190	-0.0056431	-0.0051431	-0.0046032	-0.0040193	-0.0033948	-0.0027466	-0.0020874	-0.0014315	-0.0007850	-0.0001623	+0.0004228	+0.0009859	+0.0015393	+0.0020977	+0.0026683	+0.0032001
2012-01	0.113	-0.0066338	-0.0062686	-0.0058745	-0.0054586	-0.0050142	-0.0045277	-0.0040170	-0.0034595	-0.0028614	-0.0022301	-0.0015644	-0.0008919	-0.0002135	+0.0004437	+0.0010612	+0.0016385	+0.0021973	+0.0027224	+0.0032317	+0.0037112	+0.0041638
2012-02	0.114	-0.0060884	-0.0057185	-0.0053123	-0.0048811	-0.0044114	-0.0039155	-0.0033631	-0.0027824	-0.0021753	-0.0015293	-0.0008720	-0.0002247	+0.0003989	+0.0009944	+0.0015617	+0.0020964	+0.0025874	+0.0030607	+0.0034842	+0.0038709	+0.0042239
2012-03	-0.051	-0.0056561	-0.0052745	-0.0048505	-0.0044058	-0.0039424	-0.0034430	-0.0028916	-0.0023041	-0.0017008	-0.0010693	-0.0004269	+0.0002119	+0.0008282	+0.0014237	+0.0019769	+0.0024933	+0.0029637	+0.0034060	+0.0038083	+0.0042087	+0.0045581
2012-04	-0.070	-0.0045555	-0.0041641	-0.0037547	-0.0033318	-0.0028922	-0.0024229	-0.0019151	-0.0013589	-0.0007860	-0.0001943	+0.0003986	+0.0009933	+0.0015732	+0.0021255	+0.0026448	+0.0031226	+0.0035758	+0.0039908	+0.0043757	+0.0047278	+0.0050658
2012-05	-0.183	-0.0041025	-0.0037817	-0.0034835	-0.0031545	-0.0027793	-0.0023712	-0.0019370	-0.0014712	-0.0009836	-0.0004674	+0.0000600	+0.0005903	+0.0011058	+0.0016121	+0.0020831	+0.0025244	+0.0029237	+0.0033001	+0.0036633	+0.0040027	+0.0043184
2012-06	-0.020	-0.0041676	-0.0038436	-0.0035040	-0.0031360	-0.0027595	-0.0023483	-0.0019101	-0.0014456	-0.0009439	-0.0004200	+0.0001109	+0.0006343	+0.0011511	+0.0016434	+0.0020990	+0.0025259	+0.0029236	+0.0033041	+0.0036413	+0.0039621	+0.0042536
2012-07	0.066	-0.0049875	-0.0047248	-0.0044195	-0.0040911	-0.0037341	-0.0033407	-0.0029319	-0.0024884	-0.0020222	-0.0015349	-0.0010343	-0.0005358	-0.0000438	+0.0004411	+0.0008885	+0.0013078	+0.0017009	+0.0020704	+0.0024131	+0.0027444	+0.0030540
2012-08	-0.009	-0.0042173	-0.0039761	-0.0037242	-0.0034258	-0.0031160	-0.0027805	-0.0024200	-0.0020395	-0.0016332	-0.0012048	-0.0007634	-0.0003261	+0.0001000	+0.0005092	+0.0008918	+0.0012555	+0.0015882	+0.0019005	+0.0021942	+0.0024950	+0.0027565
2012-09	0.026	-0.0037915	-0.0035729	-0.0033064	-0.0030128	-0.0027064	-0.0023763	-0.0020265	-0.0016457	-0.0012452	-0.0008311	-0.0004170	-0.0000048	+0.0004021	+0.0007903	+0.0011512	+0.0014891	+0.0018135	+0.0021069	+0.0023929	+0.0026357	+0.0028711
2012-10	0.019	-0.0043239	-0.0040818	-0.0038142	-0.0035310	-0.0032206	-0.0028945	-0.0025486	-0.0021841	-0.0017935	-0.0013899	-0.0009732	-0.0005509	-0.0001356	+0.0002528	+0.0006202	+0.0009643	+0.0012805	+0.0015637	+0.0018217	+0.0020824	+0.0023246
2012-11	-0.002	-0.0045887	-0.0043522	-0.0040954	-0.0038336	-0.0035430	-0.0032404	-0.0029090	-0.0025481	-0.0021670	-0.0017626	-0.0013372	-0.0009086	-0.0004864	-0.0000610	+0.0003511	+0.0007479	+0.0011230	+0.0014863	+0.0018255	+0.0021501	+0.0024534
2012-12	0.117	-0.0042355	-0.0040220	-0.0037822	-0.0035226	-0.0032369	-0.0029281	-0.0025954	-0.0022382	-0.0018544	-0.0014561	-0.0010370	-0.0006081	-0.0001907	+0.0002046	+0.0005833	+0.0009479	+0.0012906	+0.0016094	+0.0019167	+0.0021979	+0.0024369
2013-01	0.077	-0.0028394	-0.0025863	-0.0023232	-0.0020564	-0.0017844	-0.0014817	-0.0011571	-0.0008061	-0.0004272	-0.0000388	+0.0003549	+0.0007479	+0.0011328	+0.0014911	+0.0018281	+0.0021435	+0.0024288	+0.0026912	+0.0029373	+0.0031708	+0.0033880
2013-02	-0.008	-0.0019727	-0.0016378	-0.0012858	-0.0009305	-0.0005603	-0.0001733	+0.0002213	+0.0006220	+0.0010288	+0.0014393	+0.0018426	+0.0022286	+0.0025883	+0.0029223	+0.0032360	+0.0035259	+0.0037827	+0.0040270	+0.0042507	+0.0044587	+0.0046492
2013-03	-0.003	-0.0020987	-0.0017983	-0.0015069	-0.0011956	-0.0008462	-0.0004884	-0.0001161	+0.0002647	+0.0006514	+0.0010377	+0.0014131	+0.0017683	+0.0021062	+0.0024259	+0.0027264	+0.0029986	+0.0032444	+0.0034806	+0.0037036	+0.0039150	+0.0041035
2013-04	0.028	-0.0023669	-0.0020461	-0.0017034	-0.0013379	-0.0009619	-0.0005861	-0.0001945	+0.0002087	+0.0006118	+0.0010231	+0.0014279	+0.0018211	+0.0021976	+0.0025529	+0.0028785	+0.0031761	+0.0034480	+0.0036995	+0.0039390	+0.0041510	+0.0043420
2013-05	0.006	-0.0023454	-0.0019903	-0.0016285	-0.0012747	-0.0008961	-0.0004769	-0.0000404	+0.0004106	+0.0008515	+0.0012848	+0.0017157	+0.0021462	+0.0025547	+0.0029336	+0.0032803	+0.0036023	+0.0038968	+0.0041590	+0.0044103	+0.0046522	+0.0048725
2013-06	-0.176	-0.0026569	-0.0022848	-0.0018980	-0.0014985	-0.0010779	-0.0006423	-0.0001913	+0.0002800	+0.0007529	+0.0012238	+0.0016834	+0.0021195	+0.0025386	+0.0029282	+0.0032819	+0.0035982	+0.0038759	+0.0041414	+0.0043960	+0.0046396	+0.0048575
2013-07	-0.024	-0.0041321	-0.0038036	-0.0034688	-0.0031058	-0.0027247	-0.0023331	-0.0019160	-0.0014794	-0.0010135	-0.0005256	-0.0000262	+0.0004717	+0.0009537	+0.0014016	+0.0018258	+0.0022175	+0.0025780	+0.0029263	+0.0032477	+0.0035524	+0.0038523
2013-08	-0.032	-0.0038867	-0.0035702	-0.0032376	-0.0028800	-0.0024933	-0.0020970	-0.0016798	-0.0012372	-0.0007654	-0.0002769	+0.0002288	+0.0007335	+0.0012168	+0.0016701	+0.0020890	+0.0024835	+0.0028529	+0.0031893	+0.0034926	+0.0037809	+0.0040457
2013-09	0.103	-0.0050199	-0.0047325	-0.0044218	-0.0041040	-0.0037544	-0.0033742	-0.0029706	-0.0025340	-0.0020736	-0.0015898	-0.0010838	-0.0005835	-0.0000935	+0.0003787	+0.0008253	+0.0012425	+0.0016337	+0.0019878	+0.0023231	+0.0026577	+0.0029812
2013-10	0.057	-0.0048921	-0.0046002	-0.0042559	-0.0038984	-0.0035254	-0.0031043	-0.0026715	-0.0022156	-0.0017324	-0.0012320	-0.0007134	-0.0002026	+0.0002951	+0.0007751	+0.0012272	+0.0016516	+0.0020385	+0.0023903	+0.0027270	+0.0030442	+0.0033518
2013-11	-0.042	-0.0044757	-0.0041669	-0.0038545	-0.0035316	-0.0031828	-0.0027956	-0.0023853	-0.0019473	-0.0014657	-0.0009684	-0.0004647	+0.0000368	+0.0005247	+0.0009924	+0.0014232	+0.0018174	+0.0021865	+0.0025319	+0.0028285	+0.0031194	+0.0033954
2013-12	-0.012	-0.0043738	-0.0040909	-0.0037902	-0.0034664	-0.0031179	-0.0027470	-0.0023328	-0.0018900	-0.0014187	-0.0009377	-0.0004402	+0.0000467	+0.0005166	+0.0009595	+0.0013808	+0.0017660	+0.0021290	+0.0024704	+0.0027979	+0.0030952	+0.0033857
2014-01	-0.136	-0.0048645	-0.0045602	-0.0042581	-0.0039390	-0.0036084	-0.0032507	-0.0028635	-0.0024358	-0.0019852	-0.0015185	-0.0010486	-0.0005802	-0.0001234	+0.0003107	+0.0007201	+0.0011090	+0.0014757	+0.0018221	+0.0021534	+0.0024551	+0.0027387
2014-02	0.045	-0.0050606	-0.0047873	-0.0044987	-0.0041828	-0.0038529	-0.0034995	-0.0031150	-0.0026916	-0.0022515	-0.0017812	-0.0013020	-0.0008278	-0.0003491	+0.0001156	+0.0005480	+0.0009545	+0.0013315	+0.0016942	+0.0020393	+0.0023628	+0.0026717
2014-03	0.072	-0.0032899	-0.0030687	-0.0028363	-0.0025878	-0.0023057	-0.0020037	-0.0016740	-0.0013230	-0.0009455	-0.0005538	-0.0001426	+0.0002673	+0.0006618	+0.0010383	+0.0013910	+0.0017281	+0.0020402	+0.0023399	+0.0026127	+0.0028708	+0.0031093
2014-04	0.045	-0.0032210	-0.0029905	-0.0027349	-0.0024552	-0.0021463	-0.0018253	-0.0014675	-0.0010915	-0.0007004	-0.0002896	+0.0001335	+0.0005642	+0.0009813	+0.0013727	+0.0017435	+0.0020937	+0.0024224	+0.0027290	+0.0030218	+0.0033024	+0.0035451
2014-05	-0.011	-0.0030478	-0.0027780	-0.0025074	-0.0022100	-0.0018988	-0.0015572	-0.0011806	-0.0007748	-0.0003500	+0.0001038	+0.0005794	+0.0010443	+0.0014899	+0.0019269	+0.0023409	+0.0027302	+0.0030953	+0.0034291	+0.0037326	+0.0040294	+0.0043233
2014-06	0.018	-0.0030796	-0.0028483	-0.0026106	-0.0023560	-0.0020688	-0.0017728	-0.0014370	-0.0010834	-0.0007102	-0.0003097	+0.0001059	+0.0005315	+0.0009412	+0.0013342	+0.0017026	+0.0020488	+0.0023817	+0.0026746	+0.0029510	+0.0032197	+0.0034858
2014-07	0.048	-0.0030256	-0.0027978	-0.0025690	-0.0023016	-0.0019987	-0.0016779	-0.0013407	-0.0009788	-0.0005888	-0.0001781	+0.0002388	+0.0006580	+0.0010685	+0.0014655	+0.0018413	+0.0021963	+0.0025264	+0.0028388	+0.0031509	+0.0034322	+0.0036719
2014-08	0.067	-0.0024784	-0.0022324	-0.0019937	-0.0017436	-0.0014614	-0.0011550	-0.0008381	-0.0004870	-0.0001179	+0.0002804	+0.0006842	+0.0010951	+0.0014938	+0.0018781	+0.0022246	+0.0025477	+0.0028544	+0.0031369	+0.0034008	+0.0036709	+0.0039192
2014-09	-0.116	-0.0022207	-0.0019817	-0.0017110	-0.0014157	-0.0011067	-0.0007647	-0.0004172	-0.0000465	+0.0003602	+0.0007832	+0.0012086	+0.0016302	+0.0020467	+0.0024417	+0.0028137	+0.0031578	+0.0034700	+0.0037691	+0.0040388	+0.0043102	+0.0045824
2014-10	-0.021	-0.0027435	-0.0024314	-0.0020749	-0.0016867	-0.0012978	-0.0008999	-0.0004787	-0.0000394	+0.0004194	+0.0008889	+0.0013635	+0.0018252	+0.0022649	+0.0026790	+0.0030713	+0.0034305	+0.0037619	+0.0040708	+0.0043467	+0.0046032	+0.0048555
2014-11	0.064	-0.0038285	-0.0035047	-0.0031716	-0.0028116	-0.0024284	-0.0020147	-0.0015643	-0.0010991	-0.0006066	-0.0000988	+0.0004260	+0.0009398	+0.0014415	+0.0019194	+0.0023680	+0.0027844	+0.0031649	+0.0035070	+0.0038546	+0.0041688	+0.0044766
2014-12	-0.125	-0.0037821	-0.0034819	-0.0031515	-0.0028194	-0.0024561	-0.0020630	-0.0016320	-0.0011782	-0.0006924	-0.0001763	+0.0003527	+0.0008760	+0.0013746	+0.0018564	+0.0023076	+0.0027297	+0.0031278	+0.0035076	+0.0038560	+0.0041756	+0.0044760
2015-01	-0.044	-0.0053296	-0.0049602	-0.0045902	-0.0041889	-0.0037819	-0.0033361	-0.0028530	-0.0023263	-0.0017626	-0.0011712	-0.0005627	+0.0000520	+0.0006567	+0.0012342	+0.0017670	+0.0022560	+0.0027150	+0.0031418	+0.0035388	+0.0039215	+0.0042551
2015-02	-0.013	-0.0054591	-0.0050549	-0.0046560	-0.0042335	-0.0037921	-0.0033154	-0.0028085	-0.0022777	-0.0017057	-0.0011002	-0.0004730	+0.0001490	+0.0007505	+0.0013361	+0.0018810	+0.0023765	+0.0028280	+0.0032451	+0.0036471	+0.0040135	+0.0043366
