2011-09	-0.050	-0.0009907	-0.0008907	-0.0007789	-0.0006552	-0.0005235	-0.0003818	-0.0002385	-0.0000845	+0.0000789	+0.0002518	+0.0004233	+0.0005969	+0.0007615	+0.0009176	+0.0010626	+0.0011976	+0.0013196	+0.0014396	+0.0015527	+0.0016619	+0.0017592
2011-10	0.036	-0.0013541	-0.0012502	-0.0011423	-0.0010314	-0.0009073	-0.0007786	-0.0006437	-0.0005008	-0.0003435	-0.0001778	-0.0000094	+0.0001631	+0.0003313	+0.0004904	+0.0006369	+0.0007682	+0.0008926	+0.0010154	+0.0011325	+0.0012349	+0.0013385
2011-11	-0.051	-0.0013743	-0.0012727	-0.0011635	-0.0010491	-0.0009308	-0.0007987	-0.0006587	-0.0005105	-0.0003494	-0.0001814	-0.0000075	+0.0001659	+0.0003347	+0.0004949	+0.0006437	+0.0007830	+0.0009139	+0.0010413	+0.0011580	+0.0012640	+0.0013626
2011-12	-0.005	-0.0019879	-0.0018742	-0.0017557	-0.0016403	-0.0015158	-0.0013801	-0.0012345	-0.0010759	-0.0009129	-0.0007420	-0.0005643	-0.0003889	-0.0002141	-0.0000500	+0.0001046	+0.0002526	+0.0003861	+0.0005132	+0.0006388	+0.0007562	+0.0008618
2012-01	0.002	-0.0016919	-0.0015874	-0.0014743	-0.0013589	-0.0012389	-0.0011139	-0.0009780	-0.0008318	-0.0006733	-0.0005057	-0.0003329	-0.0001569	+0.0000163	+0.0001851	+0.0003445	+0.0004952	+0.0006355	+0.0007723	+0.0009012	+0.0010233	+0.0011488
2012-02	0.077	-0.0018863	-0.0017856	-0.0016818	-0.0015685	-0.0014473	-0.0013138	-0.0011685	-0.0010085	-0.0008396	-0.0006612	-0.0004763	-0.0002903	-0.0001058	+0.0000752	+0.0002492	+0.0004164	+0.0005707	+0.0007166	+0.0008478	+0.0009808	+0.0011082
2012-03	0.010	-0.0015557	-0.0014430	-0.0013238	-0.0012017	-0.0010677	-0.0009219	-0.0007653	-0.0005957	-0.0004151	-0.0002234	-0.0000258	+0.0001715	+0.0003633	+0.0005450	+0.0007118	+0.0008710	+0.0010219	+0.0011668	+0.0012972	+0.0014270	+0.0015481
2012-04	-0.015	-0.0012606	-0.0011586	-0.0010489	-0.0009340	-0.0008083	-0.0006676	-0.0005147	-0.0003498	-0.0001745	+0.0000122	+0.0002028	+0.0003944	+0.0005839	+0.0007678	+0.0009370	+0.0010926	+0.0012412	+0.0013768	+0.0015071	+0.0016332	+0.0017527
2012-05	-0.061	-0.0014932	-0.0013769	-0.0012599	-0.0011273	-0.0009849	-0.0008314	-0.0006679	-0.0004936	-0.0003085	-0.0001139	+0.0000878	+0.0002847	+0.0004735	+0.0006564	+0.0008292	+0.0009887	+0.0011315	+0.0012648	+0.0013948	+0.0015206	+0.0016474
2012-06	-0.001	-0.0014640	-0.0013517	-0.0012371	-0.0011088	-0.0009724	-0.0008223	-0.0006669	-0.0004945	-0.0003133	-0.0001213	+0.0000753	+0.0002726	+0.0004631	+0.0006424	+0.0008154	+0.0009797	+0.0011334	+0.0012736	+0.0013981	+0.0015128	+0.0016221
2012-07	-0.011	-0.0016907	-0.0015724	-0.0014531	-0.0013274	-0.0011950	-0.0010547	-0.0009014	-0.0007387	-0.0005693	-0.0003874	-0.0001987	-0.0000068	+0.0001806	+0.0003606	+0.0005309	+0.0006890	+0.0008351	+0.0009762	+0.0011078	+0.0012430	+0.0013625
2012-08	0.026	-0.0015043	-0.0014024	-0.0012978	-0.0011832	-0.0010597	-0.0009276	-0.0007881	-0.0006380	-0.0004765	-0.0003088	-0.0001337	+0.0000443	+0.0002162	+0.0003803	+0.0005404	+0.0006897	+0.0008315	+0.0009614	+0.0010863	+0.0012093	+0.0013217
2012-09	0.012	-0.0009925	-0.0009017	-0.0008001	-0.0006937	-0.0005716	-0.0004431	-0.0003078	-0.0001620	-0.0000066	+0.0001539	+0.0003228	+0.0004909	+0.0006557	+0.0008156	+0.0009670	+0.0011080	+0.0012367	+0.0013534	+0.0014649	+0.0015716	+0.0016793
2012-10	0.027	-0.0011167	-0.0010230	-0.0009210	-0.0008106	-0.0006905	-0.0005629	-0.0004260	-0.0002782	-0.0001219	+0.0000399	+0.0002055	+0.0003742	+0.0005418	+0.0007000	+0.0008465	+0.0009851	+0.0011126	+0.0012360	+0.0013525	+0.0014525	+0.0015525
2012-11	0.035	-0.0011150	-0.0010396	-0.0009572	-0.0008637	-0.0007657	-0.0006605	-0.0005464	-0.0004259	-0.0002929	-0.0001554	-0.0000182	+0.0001182	+0.0002509	+0.0003743	+0.0004904	+0.0006016	+0.0007017	+0.0007971	+0.0008864	+0.0009709	+0.0010472
2012-12	0.074	-0.0010576	-0.0009626	-0.0008557	-0.0007616	-0.0006585	-0.0005489	-0.0004285	-0.0002982	-0.0001588	-0.0000153	+0.0001316	+0.0002788	+0.0004254	+0.0005662	+0.0007019	+0.0008280	+0.0009472	+0.0010559	+0.0011573	+0.0012481	+0.0013320
2013-01	0.050	-0.0007424	-0.0006247	-0.0005153	-0.0003855	-0.0002546	-0.0001205	+0.0000207	+0.0001695	+0.0003255	+0.0004877	+0.0006520	+0.0008158	+0.0009709	+0.0011189	+0.0012596	+0.0013935	+0.0015178	+0.0016310	+0.0017400	+0.0018379	+0.0019270
2013-02	-0.006	-0.0010927	-0.0008582	-0.0006172	-0.0003941	-0.0001713	+0.0000665	+0.0003239	+0.0005944	+0.0008498	+0.0010754	+0.0012821	+0.0014716	+0.0016430	+0.0018020	+0.0019501	+0.0020863	+0.0022069	+0.0023210	+0.0024303	+0.0025385	+0.0026445
2013-03	0.002	-0.0013842	-0.0011182	-0.0008051	-0.0005195	-0.0002638	-0.0000026	+0.0002832	+0.0005937	+0.0008844	+0.0011391	+0.0013657	+0.0015721	+0.0017682	+0.0019475	+0.0021162	+0.0022712	+0.0024093	+0.0025428	+0.0026684	+0.0027808	+0.0028872
2013-04	0.065	-0.0015196	-0.0012018	-0.0008666	-0.0005637	-0.0003108	-0.0000401	+0.0002786	+0.0006675	+0.0010103	+0.0012859	+0.0015182	+0.0017310	+0.0019294	+0.0021070	+0.0022679	+0.0024188	+0.0025588	+0.0026866	+0.0028117	+0.0029260	+0.0030377
2013-05	0.012	-0.0017974	-0.0014365	-0.0010737	-0.0007297	-0.0003955	-0.0000292	+0.0003850	+0.0008368	+0.0012238	+0.0015442	+0.0018432	+0.0021210	+0.0023862	+0.0026338	+0.0028656	+0.0030880	+0.0032919	+0.0034796	+0.0036597	+0.0038283	+0.0039706
2013-06	-0.038	-0.0018345	-0.0015187	-0.0011703	-0.0008167	-0.0004723	-0.0001200	+0.0002630	+0.0006728	+0.0010474	+0.0013838	+0.0016837	+0.0019630	+0.0022237	+0.0024666	+0.0026969	+0.0029187	+0.0031291	+0.0033227	+0.0035032	+0.0036593	+0.0038084
2013-07	0.013	-0.0015886	-0.0012959	-0.0010263	-0.0007758	-0.0005029	-0.0002092	+0.0000971	+0.0003931	+0.0006944	+0.0009882	+0.0012828	+0.0015684	+0.0018410	+0.0021040	+0.0023487	+0.0025717	+0.0027843	+0.0029821	+0.0031654	+0.0033404	+0.0035016
2013-08	-0.007	-0.0015515	-0.0012848	-0.0010395	-0.0007766	-0.0005093	-0.0002466	+0.0000307	+0.0003085	+0.0005892	+0.0008682	+0.0011441	+0.0014165	+0.0016776	+0.0019267	+0.0021605	+0.0023781	+0.0025785	+0.0027759	+0.0029552	+0.0031139	+0.0032742
2013-09	0.019	-0.0014297	-0.0012689	-0.0011020	-0.0009216	-0.0007341	-0.0005389	-0.0003350	-0.0001204	+0.0001134	+0.0003604	+0.0006153	+0.0008680	+0.0011199	+0.0013658	+0.0015935	+0.0018114	+0.0020140	+0.0022045	+0.0023843	+0.0025522	+0.0027354
2013-10	0.027	-0.0013599	-0.0012463	-0.0011272	-0.0010012	-0.0008643	-0.0007121	-0.0005486	-0.0003724	-0.0001785	+0.0000272	+0.0002420	+0.0004587	+0.0006761	+0.0008936	+0.0011089	+0.0013166	+0.0015095	+0.0016977	+0.0018647	+0.0020280	+0.0021931
2013-11	0.029	-0.0011192	-0.0009897	-0.0008657	-0.0007355	-0.0005912	-0.0004391	-0.0002777	-0.0001056	+0.0000802	+0.0002762	+0.0004830	+0.0006953	+0.0009073	+0.0011186	+0.0013209	+0.0015138	+0.0016944	+0.0018614	+0.0020234	+0.0021742	+0.0023157
2013-12	0.025	-0.0010176	-0.0008929	-0.0007653	-0.0006267	-0.0004828	-0.0003326	-0.0001721	-0.0000040	+0.0001726	+0.0003600	+0.0005586	+0.0007620	+0.0009604	+0.0011521	+0.0013403	+0.0015146	+0.0016756	+0.0018311	+0.0019845	+0.0021274	+0.0022634
2014-01	-0.019	-0.0008296	-0.0007280	-0.0006248	-0.0005188	-0.0004051	-0.0002844	-0.0001566	-0.0000219	+0.0001183	+0.0002617	+0.0004065	+0.0005517	+0.0006883	+0.0008153	+0.0009333	+0.0010385	+0.0011344	+0.0012217	+0.0013022	+0.0013734	+0.0014387
2014-02	0.009	-0.0007910	-0.0007018	-0.0005981	-0.0004856	-0.0003644	-0.0002458	-0.0001224	+0.0000127	+0.0001540	+0.0002970	+0.0004422	+0.0005813	+0.0007148	+0.0008397	+0.0009532	+0.0010599	+0.0011575	+0.0012505	+0.0013317	+0.0014070	+0.0014813
2014-03	0.013	-0.0007455	-0.0006272	-0.0005154	-0.0003954	-0.0002686	-0.0001375	-0.0000004	+0.0001382	+0.0002780	+0.0004167	+0.0005513	+0.0006809	+0.0008033	+0.0009167	+0.0010216	+0.0011180	+0.0012044	+0.0012841	+0.0013578	+0.0014234	+0.0014895
2014-04	0.004	-0.0007467	-0.0006163	-0.0004845	-0.0003497	-0.0002186	-0.0000848	+0.0000537	+0.0001932	+0.0003314	+0.0004712	+0.0006060	+0.0007343	+0.0008548	+0.0009655	+0.0010681	+0.0011635	+0.0012515	+0.0013296	+0.0014016	+0.0014680	+0.0015275
2014-05	-0.009	-0.0008077	-0.0006571	-0.0005077	-0.0003511	-0.0002032	-0.0000510	+0.0001091	+0.0002720	+0.0004355	+0.0005814	+0.0007188	+0.0008450	+0.0009644	+0.0010735	+0.0011743	+0.0012649	+0.0013493	+0.0014282	+0.0015013	+0.0015684	+0.0016327
2014-06	0.004	-0.0005915	-0.0004909	-0.0003927	-0.0002886	-0.0001734	-0.0000579	+0.0000574	+0.0001761	+0.0002974	+0.0004211	+0.0005426	+0.0006623	+0.0007763	+0.0008830	+0.0009827	+0.0010743	+0.0011580	+0.0012366	+0.0013080	+0.0013746	+0.0014361
2014-07	0.007	-0.0005758	-0.0004837	-0.0003808	-0.0002790	-0.0001736	-0.0000649	+0.0000477	+0.0001617	+0.0002789	+0.0003930	+0.0005101	+0.0006265	+0.0007368	+0.0008404	+0.0009380	+0.0010273	+0.0011119	+0.0011882	+0.0012578	+0.0013220	+0.0013849
2014-08	0.013	-0.0004935	-0.0004428	-0.0003903	-0.0003325	-0.0002721	-0.0002053	-0.0001320	-0.0000529	+0.0000283	+0.0001153	+0.0002032	+0.0002890	+0.0003733	+0.0004544	+0.0005295	+0.0005991	+0.0006625	+0.0007237	+0.0007779	+0.0008275	+0.0008725
2014-09	0.010	-0.0004953	-0.0004315	-0.0003727	-0.0003074	-0.0002393	-0.0001662	-0.0000900	-0.0000111	+0.0000709	+0.0001564	+0.0002427	+0.0003244	+0.0004046	+0.0004812	+0.0005518	+0.0006167	+0.0006756	+0.0007316	+0.0007851	+0.0008349	+0.0008830
2014-10	-0.001	-0.0005114	-0.0004323	-0.0003515	-0.0002665	-0.0001765	-0.0000831	+0.0000093	+0.0001047	+0.0002002	+0.0002945	+0.0003860	+0.0004722	+0.0005529	+0.0006291	+0.0007015	+0.0007675	+0.0008322	+0.0008893	+0.0009421	+0.0009915	+0.0010366
2014-11	0.074	-0.0004916	-0.0004393	-0.0003820	-0.0003172	-0.0002532	-0.0001887	-0.0001205	-0.0000496	+0.0000250	+0.0001029	+0.0001821	+0.0002617	+0.0003385	+0.0004113	+0.0004796	+0.0005432	+0.0006015	+0.0006538	+0.0007030	+0.0007500	+0.0007945
2014-12	0.008	-0.0007068	-0.0005820	-0.0004604	-0.0003396	-0.0002147	-0.0000757	+0.0000643	+0.0002059	+0.0003450	+0.0004830	+0.0006180	+0.0007512	+0.0008791	+0.0010006	+0.0011193	+0.0012302	+0.0013342	+0.0014324	+0.0015293	+0.0016200	+0.0017075
2015-01	-0.058	-0.0006709	-0.0005525	-0.0004293	-0.0003099	-0.0001782	-0.0000286	+0.0001287	+0.0002734	+0.0004122	+0.0005465	+0.0006792	+0.0008059	+0.0009315	+0.0010524	+0.0011672	+0.0012717	+0.0013732	+0.0014646	+0.0015514	+0.0016334	+0.0017100
2015-02	0.010	-0.0009298	-0.0008348	-0.0007368	-0.0006347	-0.0005206	-0.0003971	-0.0002673	-0.0001322	+0.0000077	+0.0001570	+0.0003076	+0.0004587	+0.0006040	+0.0007427	+0.0008738	+0.0009947	+0.0011068	+0.0012162	+0.0013220	+0.0014221	+0.0015152
