2011-09	-0.031	-0.0009857	-0.0008962	-0.0008021	-0.0007038	-0.0006055	-0.0004991	-0.0003826	-0.0002560	-0.0001189	+0.0000223	+0.0001672	+0.0003119	+0.0004518	+0.0005887	+0.0007191	+0.0008405	+0.0009571	+0.0010636	+0.0011603	+0.0012582	+0.0013441
2011-10	0.024	-0.0012264	-0.0011428	-0.0010585	-0.0009673	-0.0008667	-0.0007580	-0.0006429	-0.0005180	-0.0003861	-0.0002432	-0.0000950	+0.0000547	+0.0002007	+0.0003407	+0.0004718	+0.0005953	+0.0007125	+0.0008230	+0.0009241	+0.0010210	+0.0011136
2011-11	-0.028	-0.0012230	-0.0011392	-0.0010591	-0.0009737	-0.0008782	-0.0007707	-0.0006541	-0.0005316	-0.0003984	-0.0002581	-0.0001127	+0.0000357	+0.0001800	+0.0003157	+0.0004432	+0.0005644	+0.0006794	+0.0007882	+0.0008910	+0.0009899	+0.0010784
2011-12	0.005	-0.0016337	-0.0015489	-0.0014596	-0.0013657	-0.0012647	-0.0011577	-0.0010428	-0.0009189	-0.0007862	-0.0006474	-0.0005042	-0.0003599	-0.0002162	-0.0000793	+0.0000509	+0.0001685	+0.0002791	+0.0003857	+0.0004863	+0.0005906	+0.0006885
2012-01	0.001	-0.0013054	-0.0012242	-0.0011333	-0.0010384	-0.0009391	-0.0008343	-0.0007213	-0.0005999	-0.0004719	-0.0003389	-0.0002014	-0.0000649	+0.0000701	+0.0001974	+0.0003173	+0.0004278	+0.0005370	+0.0006386	+0.0007381	+0.0008336	+0.0009190
2012-02	0.072	-0.0014394	-0.0013565	-0.0012693	-0.0011728	-0.0010716	-0.0009640	-0.0008480	-0.0007192	-0.0005805	-0.0004337	-0.0002843	-0.0001323	+0.0000144	+0.0001589	+0.0002949	+0.0004240	+0.0005469	+0.0006622	+0.0007766	+0.0008727	+0.0009666
2012-03	0.008	-0.0011673	-0.0010731	-0.0009781	-0.0008677	-0.0007520	-0.0006265	-0.0004907	-0.0003459	-0.0001904	-0.0000300	+0.0001336	+0.0002963	+0.0004561	+0.0006082	+0.0007493	+0.0008812	+0.0010033	+0.0011205	+0.0012276	+0.0013274	+0.0014243
2012-04	-0.012	-0.0009028	-0.0008076	-0.0007052	-0.0005948	-0.0004766	-0.0003514	-0.0002198	-0.0000746	+0.0000818	+0.0002425	+0.0004077	+0.0005720	+0.0007304	+0.0008855	+0.0010281	+0.0011585	+0.0012827	+0.0013969	+0.0015092	+0.0016092	+0.0017015
2012-05	-0.049	-0.0010597	-0.0009612	-0.0008579	-0.0007499	-0.0006336	-0.0005041	-0.0003657	-0.0002173	-0.0000584	+0.0001066	+0.0002751	+0.0004427	+0.0006052	+0.0007584	+0.0009037	+0.0010417	+0.0011712	+0.0012883	+0.0014041	+0.0015075	+0.0016110
2012-06	0.006	-0.0010886	-0.0009970	-0.0008968	-0.0007869	-0.0006696	-0.0005456	-0.0004115	-0.0002641	-0.0001102	+0.0000537	+0.0002203	+0.0003874	+0.0005513	+0.0007059	+0.0008532	+0.0009923	+0.0011184	+0.0012370	+0.0013464	+0.0014474	+0.0015361
2012-07	-0.005	-0.0011747	-0.0010768	-0.0009817	-0.0008764	-0.0007660	-0.0006481	-0.0005205	-0.0003861	-0.0002439	-0.0000931	+0.0000645	+0.0002233	+0.0003793	+0.0005284	+0.0006686	+0.0008031	+0.0009268	+0.0010460	+0.0011534	+0.0012669	+0.0013782
2012-08	0.017	-0.0011186	-0.0010325	-0.0009336	-0.0008347	-0.0007292	-0.0006201	-0.0005028	-0.0003740	-0.0002351	-0.0000887	+0.0000633	+0.0002149	+0.0003629	+0.0005038	+0.0006352	+0.0007616	+0.0008816	+0.0009937	+0.0010992	+0.0011942	+0.0012862
2012-09	0.007	-0.0008188	-0.0007252	-0.0006349	-0.0005333	-0.0004240	-0.0003074	-0.0001857	-0.0000567	+0.0000792	+0.0002196	+0.0003644	+0.0005094	+0.0006536	+0.0007929	+0.0009217	+0.0010392	+0.0011490	+0.0012526	+0.0013481	+0.0014360	+0.0015211
2012-10	0.027	-0.0008944	-0.0008124	-0.0007192	-0.0006217	-0.0005170	-0.0004062	-0.0002887	-0.0001585	-0.0000245	+0.0001134	+0.0002549	+0.0004004	+0.0005426	+0.0006769	+0.0008054	+0.0009270	+0.0010384	+0.0011402	+0.0012343	+0.0013191	+0.0013987
2012-11	0.040	-0.0008832	-0.0008181	-0.0007516	-0.0006777	-0.0006018	-0.0005166	-0.0004229	-0.0003205	-0.0002121	-0.0001016	+0.0000117	+0.0001238	+0.0002341	+0.0003364	+0.0004337	+0.0005240	+0.0006111	+0.0006923	+0.0007663	+0.0008344	+0.0008970
2012-12	0.064	-0.0007703	-0.0006947	-0.0006130	-0.0005298	-0.0004396	-0.0003482	-0.0002488	-0.0001411	-0.0000248	+0.0000958	+0.0002208	+0.0003476	+0.0004713	+0.0005917	+0.0007089	+0.0008143	+0.0009145	+0.0010107	+0.0010996	+0.0011782	+0.0012574
2013-01	0.049	-0.0006613	-0.0005349	-0.0004048	-0.0002817	-0.0001529	-0.0000183	+0.0001152	+0.0002549	+0.0003965	+0.0005384	+0.0006825	+0.0008231	+0.0009563	+0.0010808	+0.0011992	+0.0013106	+0.0014150	+0.0015140	+0.0016058	+0.0016935	+0.0017706
2013-02	0.002	-0.0010448	-0.0007891	-0.0005322	-0.0002949	-0.0000932	+0.0001153	+0.0003650	+0.0006608	+0.0009197	+0.0011285	+0.0013085	+0.0014671	+0.0016145	+0.0017498	+0.0018774	+0.0019942	+0.0021002	+0.0022009	+0.0022908	+0.0023778	+0.0024618
2013-03	0.012	-0.0013323	-0.0010367	-0.0007232	-0.0004474	-0.0002247	+0.0000174	+0.0002984	+0.0006342	+0.0009168	+0.0011443	+0.0013420	+0.0015220	+0.0016878	+0.0018408	+0.0019836	+0.0021116	+0.0022324	+0.0023460	+0.0024516	+0.0025522	+0.0026443
2013-04	0.067	-0.0014702	-0.0011602	-0.0007579	-0.0004568	-0.0002283	+0.0000115	+0.0003025	+0.0007285	+0.0010960	+0.0013470	+0.0015528	+0.0017366	+0.0019060	+0.0020602	+0.0022017	+0.0023347	+0.0024603	+0.0025797	+0.0026815	+0.0027838	+0.0028724
2013-05	0.011	-0.0018187	-0.0014181	-0.0010010	-0.0006528	-0.0003398	+0.0000061	+0.0004362	+0.0009462	+0.0013434	+0.0016471	+0.0019226	+0.0021802	+0.0024240	+0.0026494	+0.0028647	+0.0030677	+0.0032580	+0.0034348	+0.0036017	+0.0037617	+0.0038949
2013-06	-0.045	-0.0019087	-0.0015392	-0.0011119	-0.0007531	-0.0004117	-0.0000664	+0.0003236	+0.0007933	+0.0012013	+0.0015344	+0.0018265	+0.0020919	+0.0023360	+0.0025650	+0.0027820	+0.0029956	+0.0031881	+0.0033656	+0.0035341	+0.0036831	+0.0038247
2013-07	0.006	-0.0015937	-0.0013090	-0.0010436	-0.0007852	-0.0005059	-0.0002123	+0.0000910	+0.0003845	+0.0006867	+0.0009863	+0.0012807	+0.0015678	+0.0018402	+0.0020969	+0.0023391	+0.0025633	+0.0027730	+0.0029702	+0.0031553	+0.0033217	+0.0034871
2013-08	-0.004	-0.0015648	-0.0013320	-0.0010791	-0.0008131	-0.0005361	-0.0002700	+0.0000032	+0.0002784	+0.0005651	+0.0008524	+0.0011331	+0.0014085	+0.0016752	+0.0019282	+0.0021648	+0.0023795	+0.0025843	+0.0027797	+0.0029573	+0.0031179	+0.0032657
2013-09	0.014	-0.0014768	-0.0013234	-0.0011460	-0.0009753	-0.0007910	-0.0005957	-0.0003910	-0.0001791	+0.0000558	+0.0003079	+0.0005668	+0.0008242	+0.0010751	+0.0013226	+0.0015539	+0.0017717	+0.0019677	+0.0021584	+0.0023369	+0.0025095	+0.0026826
2013-10	0.024	-0.0014906	-0.0013567	-0.0012172	-0.0010664	-0.0009051	-0.0007405	-0.0005644	-0.0003716	-0.0001589	+0.0000583	+0.0002854	+0.0005164	+0.0007459	+0.0009729	+0.0011886	+0.0013993	+0.0015934	+0.0017916	+0.0019737	+0.0021430	+0.0023057
2013-11	0.034	-0.0012929	-0.0011564	-0.0010138	-0.0008814	-0.0007394	-0.0005802	-0.0004032	-0.0002161	-0.0000190	+0.0001916	+0.0004120	+0.0006328	+0.0008518	+0.0010685	+0.0012743	+0.0014767	+0.0016633	+0.0018483	+0.0020190	+0.0021655	+0.0023140
2013-12	0.024	-0.0011258	-0.0010195	-0.0008975	-0.0007599	-0.0006139	-0.0004561	-0.0002887	-0.0001111	+0.0000770	+0.0002779	+0.0004859	+0.0006985	+0.0009078	+0.0011107	+0.0013035	+0.0014794	+0.0016484	+0.0018087	+0.0019571	+0.0021054	+0.0022317
2014-01	-0.017	-0.0010397	-0.0009363	-0.0008243	-0.0007038	-0.0005788	-0.0004499	-0.0003132	-0.0001645	-0.0000110	+0.0001479	+0.0003059	+0.0004629	+0.0006141	+0.0007552	+0.0008846	+0.0010039	+0.0011117	+0.0012102	+0.0012980	+0.0013823	+0.0014559
2014-02	0.006	-0.0008702	-0.0007757	-0.0006702	-0.0005566	-0.0004419	-0.0003244	-0.0001957	-0.0000604	+0.0000810	+0.0002284	+0.0003747	+0.0005180	+0.0006542	+0.0007817	+0.0008993	+0.0010059	+0.0011065	+0.0011993	+0.0012857	+0.0013632	+0.0014337
2014-03	0.013	-0.0007019	-0.0006079	-0.0005110	-0.0003960	-0.0002809	-0.0001627	-0.0000380	+0.0000901	+0.0002208	+0.0003517	+0.0004764	+0.0005970	+0.0007105	+0.0008156	+0.0009111	+0.0010005	+0.0010829	+0.0011553	+0.0012236	+0.0012862	+0.0013503
2014-04	0.004	-0.0007008	-0.0005733	-0.0004426	-0.0003172	-0.0001955	-0.0000707	+0.0000583	+0.0001910	+0.0003237	+0.0004542	+0.0005816	+0.0007014	+0.0008103	+0.0009124	+0.0010076	+0.0010940	+0.0011738	+0.0012473	+0.0013164	+0.0013801	+0.0014424
2014-05	-0.003	-0.0007719	-0.0006316	-0.0004939	-0.0003481	-0.0002051	-0.0000597	+0.0000920	+0.0002455	+0.0003939	+0.0005298	+0.0006556	+0.0007750	+0.0008861	+0.0009878	+0.0010812	+0.0011692	+0.0012489	+0.0013205	+0.0013905	+0.0014568	+0.0015198
2014-06	0.003	-0.0005555	-0.0004529	-0.0003459	-0.0002366	-0.0001282	-0.0000170	+0.0001009	+0.0002206	+0.0003407	+0.0004606	+0.0005778	+0.0006906	+0.0007964	+0.0008965	+0.0009884	+0.0010756	+0.0011551	+0.0012266	+0.0012921	+0.0013539	+0.0014147
2014-07	0.009	-0.0005902	-0.0004860	-0.0003840	-0.0002795	-0.0001692	-0.0000564	+0.0000586	+0.0001765	+0.0002916	+0.0004065	+0.0005188	+0.0006279	+0.0007302	+0.0008289	+0.0009222	+0.0010072	+0.0010842	+0.0011590	+0.0012252	+0.0012885	+0.0013444
2014-08	0.015	-0.0004642	-0.0004101	-0.0003551	-0.0002965	-0.0002324	-0.0001656	-0.0000934	-0.0000159	+0.0000647	+0.0001469	+0.0002294	+0.0003124	+0.0003926	+0.0004689	+0.0005412	+0.0006079	+0.0006713	+0.0007300	+0.0007819	+0.0008318	+0.0008764
2014-09	0.027	-0.0004723	-0.0004144	-0.0003573	-0.0002926	-0.0002234	-0.0001520	-0.0000756	+0.0000038	+0.0000863	+0.0001716	+0.0002575	+0.0003420	+0.0004225	+0.0004983	+0.0005706	+0.0006383	+0.0007010	+0.0007577	+0.0008093	+0.0008560	+0.0009025
2014-10	0.002	-0.0005637	-0.0004501	-0.0003321	-0.0002272	-0.0001249	-0.0000136	+0.0001031	+0.0002283	+0.0003446	+0.0004505	+0.0005447	+0.0006326	+0.0007132	+0.0007871	+0.0008574	+0.0009225	+0.0009809	+0.0010374	+0.0010908	+0.0011395	+0.0011873
2014-11	0.081	-0.0005175	-0.0004367	-0.0003557	-0.0002745	-0.0001887	-0.0000953	+0.0000025	+0.0000957	+0.0001895	+0.0002830	+0.0003753	+0.0004615	+0.0005430	+0.0006191	+0.0006901	+0.0007547	+0.0008149	+0.0008689	+0.0009206	+0.0009685	+0.0010149
2014-12	0.010	-0.0008492	-0.0006756	-0.0005060	-0.0003433	-0.0001922	-0.0000239	+0.0001761	+0.0003719	+0.0005484	+0.0007071	+0.0008542	+0.0009948	+0.0011348	+0.0012680	+0.0013965	+0.0015236	+0.0016371	+0.0017461	+0.0018521	+0.0019508	+0.0020379
2015-01	-0.030	-0.0008907	-0.0007080	-0.0005161	-0.0003298	-0.0001638	+0.0000137	+0.0002261	+0.0004418	+0.0006296	+0.0007911	+0.0009431	+0.0010867	+0.0012253	+0.0013596	+0.0014856	+0.0016025	+0.0017115	+0.0018127	+0.0019132	+0.0020009	+0.0020897
2015-02	0.003	-0.0009100	-0.0007620	-0.0006042	-0.0004553	-0.0003016	-0.0001260	+0.0000517	+0.0002284	+0.0003965	+0.0005579	+0.0007208	+0.0008778	+0.0010285	+0.0011701	+0.0013028	+0.0014284	+0.0015464	+0.0016604	+0.0017676	+0.0018705	+0.0019676
