2011-09	0.003	-0.0001838	-0.0001637	-0.0001418	-0.0001190	-0.0000950	-0.0000708	-0.0000445	-0.0000159	+0.0000141	+0.0000452	+0.0000771	+0.0001090	+0.0001398	+0.0001699	+0.0001979	+0.0002246	+0.0002484	+0.0002693	+0.0002893	+0.0003065	+0.0003236
2011-10	-0.002	-0.0001750	-0.0001502	-0.0001232	-0.0000943	-0.0000647	-0.0000337	-0.0000016	+0.0000323	+0.0000673	+0.0001020	+0.0001361	+0.0001687	+0.0001992	+0.0002276	+0.0002539	+0.0002779	+0.0002999	+0.0003202	+0.0003388	+0.0003560	+0.0003717
2011-11	-0.001	-0.0001635	-0.0001387	-0.0001133	-0.0000871	-0.0000590	-0.0000300	+0.0000006	+0.0000319	+0.0000635	+0.0000945	+0.0001248	+0.0001547	+0.0001833	+0.0002100	+0.0002354	+0.0002589	+0.0002805	+0.0003006	+0.0003188	+0.0003353	+0.0003510
2011-12	0.006	-0.0001903	-0.0001609	-0.0001308	-0.0000991	-0.0000682	-0.0000346	+0.0000002	+0.0000344	+0.0000681	+0.0001018	+0.0001353	+0.0001667	+0.0001961	+0.0002237	+0.0002494	+0.0002722	+0.0002938	+0.0003144	+0.0003330	+0.0003497	+0.0003659
2012-01	0.001	-0.0001878	-0.0001630	-0.0001383	-0.0001129	-0.0000864	-0.0000582	-0.0000285	+0.0000001	+0.0000295	+0.0000593	+0.0000890	+0.0001179	+0.0001452	+0.0001712	+0.0001952	+0.0002165	+0.0002361	+0.0002548	+0.0002729	+0.0002887	+0.0003049
2012-02	0.001	-0.0001576	-0.0001378	-0.0001168	-0.0000939	-0.0000695	-0.0000443	-0.0000175	+0.0000099	+0.0000377	+0.0000662	+0.0000941	+0.0001214	+0.0001474	+0.0001717	+0.0001941	+0.0002147	+0.0002337	+0.0002515	+0.0002672	+0.0002824	+0.0002984
2012-03	0.000	-0.0001347	-0.0001148	-0.0000939	-0.0000718	-0.0000490	-0.0000252	-0.0000001	+0.0000257	+0.0000518	+0.0000780	+0.0001044	+0.0001300	+0.0001547	+0.0001777	+0.0001991	+0.0002188	+0.0002372	+0.0002539	+0.0002696	+0.0002841	+0.0002985
2012-04	0.005	-0.0001605	-0.0001442	-0.0001279	-0.0001109	-0.0000921	-0.0000721	-0.0000509	-0.0000285	-0.0000055	+0.0000185	+0.0000427	+0.0000665	+0.0000894	+0.0001110	+0.0001310	+0.0001492	+0.0001659	+0.0001814	+0.0001959	+0.0002099	+0.0002222
2012-05	0.005	-0.0001479	-0.0001303	-0.0001116	-0.0000938	-0.0000739	-0.0000521	-0.0000298	-0.0000067	+0.0000175	+0.0000425	+0.0000674	+0.0000914	+0.0001140	+0.0001351	+0.0001543	+0.0001723	+0.0001889	+0.0002039	+0.0002184	+0.0002313	+0.0002433
2012-06	-0.000	-0.0001461	-0.0001296	-0.0001113	-0.0000919	-0.0000709	-0.0000491	-0.0000260	-0.0000013	+0.0000238	+0.0000495	+0.0000753	+0.0001002	+0.0001238	+0.0001459	+0.0001662	+0.0001847	+0.0002022	+0.0002184	+0.0002340	+0.0002485	+0.0002621
2012-07	0.003	-0.0001577	-0.0001380	-0.0001148	-0.0000908	-0.0000667	-0.0000408	-0.0000146	+0.0000123	+0.0000391	+0.0000658	+0.0000919	+0.0001170	+0.0001404	+0.0001619	+0.0001813	+0.0001994	+0.0002158	+0.0002311	+0.0002450	+0.0002577	+0.0002694
2012-08	-0.002	-0.0001760	-0.0001486	-0.0001151	-0.0000794	-0.0000506	-0.0000217	+0.0000110	+0.0000462	+0.0000798	+0.0001093	+0.0001355	+0.0001587	+0.0001805	+0.0002006	+0.0002193	+0.0002362	+0.0002518	+0.0002660	+0.0002797	+0.0002926	+0.0003041
2012-09	0.002	-0.0001265	-0.0001085	-0.0000919	-0.0000739	-0.0000549	-0.0000356	-0.0000148	+0.0000073	+0.0000303	+0.0000536	+0.0000774	+0.0001004	+0.0001225	+0.0001431	+0.0001618	+0.0001790	+0.0001951	+0.0002094	+0.0002229	+0.0002352	+0.0002468
2012-10	-0.000	-0.0001201	-0.0001022	-0.0000834	-0.0000630	-0.0000430	-0.0000229	-0.0000015	+0.0000204	+0.0000427	+0.0000652	+0.0000879	+0.0001100	+0.0001307	+0.0001505	+0.0001685	+0.0001849	+0.0002002	+0.0002144	+0.0002269	+0.0002384	+0.0002488
2012-11	0.002	-0.0001199	-0.0001034	-0.0000868	-0.0000693	-0.0000497	-0.0000296	-0.0000090	+0.0000128	+0.0000357	+0.0000586	+0.0000817	+0.0001044	+0.0001258	+0.0001460	+0.0001649	+0.0001823	+0.0001984	+0.0002129	+0.0002269	+0.0002396	+0.0002517
2012-12	-0.003	-0.0001155	-0.0000955	-0.0000747	-0.0000540	-0.0000329	-0.0000105	+0.0000114	+0.0000344	+0.0000572	+0.0000796	+0.0001018	+0.0001232	+0.0001434	+0.0001627	+0.0001800	+0.0001957	+0.0002100	+0.0002241	+0.0002375	+0.0002498	+0.0002606
2013-01	0.003	-0.0001236	-0.0001123	-0.0001004	-0.0000871	-0.0000723	-0.0000565	-0.0000397	-0.0000219	-0.0000033	+0.0000162	+0.0000361	+0.0000558	+0.0000746	+0.0000920	+0.0001085	+0.0001242	+0.0001388	+0.0001517	+0.0001638	+0.0001749	+0.0001856
2013-02	0.008	-0.0001370	-0.0001238	-0.0001100	-0.0000946	-0.0000792	-0.0000630	-0.0000456	-0.0000273	-0.0000080	+0.0000126	+0.0000336	+0.0000548	+0.0000749	+0.0000942	+0.0001121	+0.0001290	+0.0001450	+0.0001593	+0.0001736	+0.0001861	+0.0001986
2013-03	0.010	-0.0001326	-0.0001177	-0.0001032	-0.0000881	-0.0000714	-0.0000537	-0.0000345	-0.0000142	+0.0000072	+0.0000293	+0.0000523	+0.0000751	+0.0000978	+0.0001194	+0.0001390	+0.0001574	+0.0001749	+0.0001917	+0.0002075	+0.0002228	+0.0002372
2013-04	-0.005	-0.0001443	-0.0001233	-0.0000995	-0.0000766	-0.0000528	-0.0000277	-0.0000016	+0.0000273	+0.0000568	+0.0000873	+0.0001178	+0.0001473	+0.0001760	+0.0002030	+0.0002282	+0.0002518	+0.0002741	+0.0002942	+0.0003131	+0.0003302	+0.0003473
2013-05	-0.012	-0.0002756	-0.0002454	-0.0002127	-0.0001799	-0.0001443	-0.0001063	-0.0000659	-0.0000243	+0.0000194	+0.0000640	+0.0001060	+0.0001474	+0.0001873	+0.0002234	+0.0002567	+0.0002874	+0.0003167	+0.0003432	+0.0003689	+0.0003933	+0.0004162
2013-06	0.000	-0.0004332	-0.0003979	-0.0003609	-0.0003216	-0.0002801	-0.0002365	-0.0001933	-0.0001480	-0.0000992	-0.0000494	+0.0000000	+0.0000487	+0.0000958	+0.0001378	+0.0001762	+0.0002115	+0.0002442	+0.0002749	+0.0003036	+0.0003277	+0.0003511
2013-07	0.002	-0.0004321	-0.0003955	-0.0003588	-0.0003184	-0.0002777	-0.0002334	-0.0001868	-0.0001387	-0.0000877	-0.0000361	+0.0000143	+0.0000631	+0.0001097	+0.0001536	+0.0001940	+0.0002306	+0.0002647	+0.0002951	+0.0003229	+0.0003480	+0.0003720
2013-08	0.004	-0.0004376	-0.0004013	-0.0003606	-0.0003197	-0.0002777	-0.0002329	-0.0001881	-0.0001411	-0.0000924	-0.0000427	+0.0000079	+0.0000576	+0.0001055	+0.0001496	+0.0001889	+0.0002252	+0.0002575	+0.0002866	+0.0003143	+0.0003415	+0.0003666
2013-09	0.005	-0.0003779	-0.0003439	-0.0003067	-0.0002659	-0.0002219	-0.0001765	-0.0001303	-0.0000824	-0.0000322	+0.0000180	+0.0000687	+0.0001171	+0.0001622	+0.0002041	+0.0002426	+0.0002776	+0.0003095	+0.0003403	+0.0003686	+0.0003956	+0.0004216
2013-10	0.005	-0.0003633	-0.0003253	-0.0002869	-0.0002477	-0.0002052	-0.0001609	-0.0001134	-0.0000636	-0.0000120	+0.0000393	+0.0000907	+0.0001408	+0.0001889	+0.0002325	+0.0002718	+0.0003069	+0.0003380	+0.0003667	+0.0003927	+0.0004162	+0.0004375
2013-11	0.001	-0.0003702	-0.0003331	-0.0002965	-0.0002587	-0.0002190	-0.0001780	-0.0001351	-0.0000891	-0.0000410	+0.0000077	+0.0000562	+0.0001029	+0.0001462	+0.0001868	+0.0002237	+0.0002569	+0.0002873	+0.0003149	+0.0003409	+0.0003627	+0.0003840
2013-12	-0.006	-0.0004223	-0.0003909	-0.0003582	-0.0003222	-0.0002831	-0.0002425	-0.0002007	-0.0001566	-0.0001127	-0.0000672	-0.0000227	+0.0000201	+0.0000600	+0.0000964	+0.0001290	+0.0001572	+0.0001826	+0.0002050	+0.0002259	+0.0002459	+0.0002628
2014-01	0.007	-0.0003090	-0.0002807	-0.0002535	-0.0002226	-0.0001923	-0.0001600	-0.0001264	-0.0000904	-0.0000545	-0.0000171	+0.0000194	+0.0000547	+0.0000880	+0.0001186	+0.0001455	+0.0001693	+0.0001913	+0.0002108	+0.0002287	+0.0002460	+0.0002623
2014-02	0.002	-0.0001205	-0.0000991	-0.0000779	-0.0000554	-0.0000328	-0.0000089	+0.0000160	+0.0000415	+0.0000675	+0.0000932	+0.0001183	+0.0001424	+0.0001655	+0.0001875	+0.0002081	+0.0002271	+0.0002449	+0.0002607	+0.0002757	+0.0002891	+0.0003014
2014-03	-0.003	-0.0001423	-0.0001108	-0.0000792	-0.0000503	-0.0000220	+0.0000087	+0.0000416	+0.0000751	+0.0001057	+0.0001335	+0.0001590	+0.0001825	+0.0002040	+0.0002240	+0.0002427	+0.0002600	+0.0002757	+0.0002906	+0.0003045	+0.0003173	+0.0003286
2014-04	0.001	-0.0001352	-0.0001134	-0.0000894	-0.0000665	-0.0000425	-0.0000173	+0.0000089	+0.0000355	+0.0000617	+0.0000878	+0.0001128	+0.0001367	+0.0001593	+0.0001801	+0.0001999	+0.0002178	+0.0002344	+0.0002495	+0.0002634	+0.0002765	+0.0002881
2014-05	0.003	-0.0001234	-0.0001016	-0.0000811	-0.0000594	-0.0000358	-0.0000122	+0.0000120	+0.0000360	+0.0000604	+0.0000844	+0.0001082	+0.0001309	+0.0001522	+0.0001720	+0.0001905	+0.0002074	+0.0002226	+0.0002373	+0.0002513	+0.0002641	+0.0002763
2014-06	0.003	-0.0001094	-0.0000957	-0.0000810	-0.0000656	-0.0000502	-0.0000351	-0.0000193	-0.0000028	+0.0000148	+0.0000330	+0.0000513	+0.0000689	+0.0000854	+0.0001018	+0.0001170	+0.0001316	+0.0001450	+0.0001574	+0.0001690	+0.0001798	+0.0001896
2014-07	0.001	-0.0000909	-0.0000801	-0.0000683	-0.0000557	-0.0000424	-0.0000282	-0.0000134	+0.0000017	+0.0000176	+0.0000342	+0.0000506	+0.0000673	+0.0000831	+0.0000982	+0.0001127	+0.0001262	+0.0001393	+0.0001513	+0.0001624	+0.0001730	+0.0001826
2014-08	0.003	-0.0000794	-0.0000671	-0.0000539	-0.0000405	-0.0000267	-0.0000113	+0.0000053	+0.0000221	+0.0000391	+0.0000565	+0.0000736	+0.0000903	+0.0001065	+0.0001212	+0.0001348	+0.0001475	+0.0001594	+0.0001705	+0.0001817	+0.0001919	+0.0002019
2014-09	0.000	-0.0001050	-0.0000862	-0.0000634	-0.0000429	-0.0000245	-0.0000056	+0.0000161	+0.0000396	+0.0000607	+0.0000791	+0.0000954	+0.0001107	+0.0001248	+0.0001380	+0.0001499	+0.0001608	+0.0001708	+0.0001800	+0.0001889	+0.0001977	+0.0002055
2014-10	0.004	-0.0000782	-0.0000666	-0.0000546	-0.0000416	-0.0000283	-0.0000155	-0.0000021	+0.0000123	+0.0000271	+0.0000422	+0.0000572	+0.0000716	+0.0000855	+0.0000987	+0.0001109	+0.0001220	+0.0001324	+0.0001418	+0.0001504	+0.0001584	+0.0001652
2014-11	0.006	-0.0000750	-0.0000595	-0.0000446	-0.0000296	-0.0000146	+0.0000001	+0.0000155	+0.0000317	+0.0000480	+0.0000640	+0.0000794	+0.0000940	+0.0001081	+0.0001214	+0.0001333	+0.0001445	+0.0001551	+0.0001647	+0.0001734	+0.0001817	+0.0001900
2014-12	0.010	-0.0001076	-0.0000892	-0.0000661	-0.0000428	-0.0000202	+0.0000030	+0.0000273	+0.0000531	+0.0000781	+0.0001009	+0.0001221	+0.0001421	+0.0001606	+0.0001776	+0.0001935	+0.0002084	+0.0002220	+0.0002341	+0.0002459	+0.0002565	+0.0002661
2015-01	0.000	-0.0001723	-0.0001386	-0.0000962	-0.0000569	-0.0000243	+0.0000068	+0.0000429	+0.0000910	+0.0001354	+0.0001669	+0.0001930	+0.0002161	+0.0002377	+0.0002579	+0.0002765	+0.0002938	+0.0003096	+0.0003243	+0.0003381	+0.0003512	+0.0003634
2015-02	-0.008	-0.0002139	-0.0001790	-0.0001387	-0.0001003	-0.0000596	-0.0000181	+0.0000241	+0.0000670	+0.0001088	+0.0001490	+0.0001870	+0.0002222	+0.0002540	+0.0002823	+0.0003082	+0.0003321	+0.0003523	+0.0003720	+0.0003902	+0.0004059	+0.0004201
