2011-09	-0.110	-0.0055050	-0.0052106	-0.0048924	-0.0045433	-0.0041723	-0.0037947	-0.0033997	-0.0029744	-0.0025331	-0.0020712	-0.0015916	-0.0011090	-0.0006352	-0.0001845	+0.0002435	+0.0006543	+0.0010466	+0.0014206	+0.0017539	+0.0020799	+0.0024313
2011-10	0.123	-0.0061890	-0.0058848	-0.0055612	-0.0052095	-0.0048348	-0.0044507	-0.0040393	-0.0036050	-0.0031520	-0.0026664	-0.0021626	-0.0016500	-0.0011413	-0.0006470	-0.0001704	+0.0002908	+0.0007349	+0.0011668	+0.0015457	+0.0019159	+0.0022917
2011-11	-0.090	-0.0059456	-0.0056092	-0.0052703	-0.0049134	-0.0045207	-0.0041045	-0.0036611	-0.0031818	-0.0026604	-0.0021095	-0.0015343	-0.0009454	-0.0003548	+0.0002165	+0.0007764	+0.0013094	+0.0018179	+0.0023066	+0.0027637	+0.0031989	+0.0035994
2011-12	0.004	-0.0067133	-0.0064173	-0.0061028	-0.0057544	-0.0053855	-0.0049714	-0.0045174	-0.0040457	-0.0035428	-0.0030027	-0.0024250	-0.0018420	-0.0012532	-0.0006794	-0.0001338	+0.0004005	+0.0009164	+0.0014251	+0.0019158	+0.0023706	+0.0028233
2012-01	0.077	-0.0060748	-0.0057413	-0.0053714	-0.0050056	-0.0045982	-0.0041723	-0.0037217	-0.0032370	-0.0027083	-0.0021478	-0.0015647	-0.0009722	-0.0003822	+0.0001913	+0.0007375	+0.0012520	+0.0017545	+0.0022304	+0.0026902	+0.0031492	+0.0035420
2012-02	0.118	-0.0056805	-0.0053417	-0.0049765	-0.0045972	-0.0041982	-0.0037437	-0.0032610	-0.0027578	-0.0022063	-0.0016295	-0.0010456	-0.0004631	+0.0001062	+0.0006532	+0.0011763	+0.0016497	+0.0020968	+0.0025221	+0.0029420	+0.0033302	+0.0037001
2012-03	-0.025	-0.0048826	-0.0045405	-0.0041839	-0.0037963	-0.0034046	-0.0029573	-0.0024811	-0.0019805	-0.0014477	-0.0009004	-0.0003338	+0.0002291	+0.0007746	+0.0012873	+0.0017775	+0.0022286	+0.0026490	+0.0030502	+0.0034093	+0.0037657	+0.0040861
2012-04	-0.001	-0.0044774	-0.0041216	-0.0037627	-0.0033809	-0.0029757	-0.0025463	-0.0020912	-0.0015895	-0.0010514	-0.0005092	+0.0000447	+0.0005810	+0.0011089	+0.0016130	+0.0020811	+0.0025208	+0.0029478	+0.0033331	+0.0036774	+0.0040174	+0.0043296
2012-05	-0.127	-0.0032735	-0.0030019	-0.0027118	-0.0023851	-0.0020451	-0.0016811	-0.0012843	-0.0008622	-0.0003972	+0.0000823	+0.0005747	+0.0010723	+0.0015511	+0.0020161	+0.0024636	+0.0028760	+0.0032600	+0.0036319	+0.0039785	+0.0043253	+0.0046621
2012-06	0.034	-0.0027288	-0.0024561	-0.0021684	-0.0018678	-0.0015327	-0.0011726	-0.0007832	-0.0003756	+0.0000603	+0.0005134	+0.0009840	+0.0014587	+0.0019254	+0.0023661	+0.0027840	+0.0031798	+0.0035392	+0.0038777	+0.0041847	+0.0044941	+0.0047650
2012-07	0.014	-0.0030047	-0.0027820	-0.0025360	-0.0022798	-0.0020092	-0.0017103	-0.0013948	-0.0010487	-0.0006835	-0.0003004	+0.0000935	+0.0004928	+0.0008808	+0.0012470	+0.0015864	+0.0019090	+0.0022026	+0.0024763	+0.0027308	+0.0029738	+0.0032170
2012-08	0.006	-0.0027120	-0.0024987	-0.0022742	-0.0020428	-0.0017881	-0.0015062	-0.0012153	-0.0008991	-0.0005645	-0.0002075	+0.0001548	+0.0005136	+0.0008624	+0.0012037	+0.0015237	+0.0018153	+0.0020889	+0.0023446	+0.0025720	+0.0027766	+0.0029825
2012-09	0.050	-0.0023230	-0.0021019	-0.0018732	-0.0016323	-0.0013727	-0.0010878	-0.0007898	-0.0004717	-0.0001385	+0.0002054	+0.0005530	+0.0008982	+0.0012364	+0.0015573	+0.0018608	+0.0021416	+0.0024150	+0.0026686	+0.0029033	+0.0031101	+0.0032898
2012-10	0.056	-0.0024712	-0.0022599	-0.0020441	-0.0018089	-0.0015677	-0.0013032	-0.0010223	-0.0007207	-0.0004033	-0.0000654	+0.0002831	+0.0006316	+0.0009685	+0.0012859	+0.0015887	+0.0018745	+0.0021337	+0.0023777	+0.0026189	+0.0028435	+0.0030697
2012-11	0.051	-0.0023455	-0.0021615	-0.0019690	-0.0017607	-0.0015332	-0.0012845	-0.0010210	-0.0007343	-0.0004284	-0.0001161	+0.0002006	+0.0005171	+0.0008278	+0.0011281	+0.0014002	+0.0016636	+0.0019135	+0.0021436	+0.0023662	+0.0025701	+0.0027608
2012-12	0.080	-0.0021821	-0.0019916	-0.0017786	-0.0015663	-0.0013240	-0.0010624	-0.0007809	-0.0004863	-0.0001772	+0.0001472	+0.0004793	+0.0008133	+0.0011400	+0.0014442	+0.0017275	+0.0019962	+0.0022441	+0.0024744	+0.0026879	+0.0028860	+0.0030646
2013-01	0.098	-0.0018503	-0.0016176	-0.0013648	-0.0010977	-0.0008304	-0.0005536	-0.0002501	+0.0000722	+0.0004091	+0.0007482	+0.0010878	+0.0014274	+0.0017552	+0.0020661	+0.0023591	+0.0026190	+0.0028557	+0.0030751	+0.0032682	+0.0034441	+0.0036057
2013-02	-0.038	-0.0022058	-0.0016882	-0.0011297	-0.0006564	-0.0002156	+0.0002368	+0.0007437	+0.0013064	+0.0018390	+0.0022912	+0.0026688	+0.0030059	+0.0033132	+0.0035960	+0.0038562	+0.0040944	+0.0043113	+0.0045039	+0.0046857	+0.0048572	+0.0050122
2013-03	0.006	-0.0024717	-0.0020217	-0.0015379	-0.0010889	-0.0006690	-0.0002396	+0.0002346	+0.0007517	+0.0012308	+0.0016482	+0.0020187	+0.0023600	+0.0026828	+0.0029787	+0.0032457	+0.0034925	+0.0037139	+0.0039178	+0.0041065	+0.0042775	+0.0044423
2013-04	0.051	-0.0021052	-0.0017174	-0.0013185	-0.0009105	-0.0005079	-0.0000966	+0.0003400	+0.0008096	+0.0012794	+0.0016957	+0.0020652	+0.0024005	+0.0027124	+0.0030065	+0.0032755	+0.0035160	+0.0037389	+0.0039445	+0.0041344	+0.0043097	+0.0044678
2013-05	0.031	-0.0022668	-0.0017878	-0.0013253	-0.0008327	-0.0003659	+0.0000829	+0.0005992	+0.0011917	+0.0017181	+0.0021637	+0.0025427	+0.0028868	+0.0032011	+0.0034890	+0.0037553	+0.0040038	+0.0042386	+0.0044477	+0.0046369	+0.0048115	+0.0049805
2013-06	-0.106	-0.0023667	-0.0019487	-0.0014583	-0.0009785	-0.0005348	-0.0000697	+0.0004078	+0.0009197	+0.0014178	+0.0018748	+0.0022791	+0.0026424	+0.0029825	+0.0032948	+0.0035836	+0.0038442	+0.0040862	+0.0043036	+0.0044943	+0.0046695	+0.0048373
2013-07	0.064	-0.0024757	-0.0021824	-0.0018985	-0.0016236	-0.0013402	-0.0010325	-0.0006965	-0.0003401	+0.0000334	+0.0004213	+0.0008166	+0.0012072	+0.0015783	+0.0019308	+0.0022664	+0.0025713	+0.0028453	+0.0030966	+0.0033310	+0.0035441	+0.0037341
2013-08	-0.007	-0.0023206	-0.0020345	-0.0017191	-0.0013904	-0.0010531	-0.0006943	-0.0003247	+0.0000575	+0.0004483	+0.0008470	+0.0012466	+0.0016416	+0.0020229	+0.0023743	+0.0026918	+0.0029847	+0.0032608	+0.0034979	+0.0037202	+0.0039398	+0.0041406
2013-09	0.062	-0.0025453	-0.0023271	-0.0020913	-0.0018572	-0.0015912	-0.0013088	-0.0010055	-0.0006836	-0.0003519	-0.0000017	+0.0003569	+0.0007156	+0.0010613	+0.0013860	+0.0016889	+0.0019666	+0.0022230	+0.0024589	+0.0026835	+0.0028850	+0.0030746
2013-10	0.012	-0.0026080	-0.0023751	-0.0021330	-0.0018623	-0.0015804	-0.0012863	-0.0009700	-0.0006413	-0.0002965	+0.0000615	+0.0004291	+0.0007962	+0.0011604	+0.0015042	+0.0018207	+0.0021119	+0.0023773	+0.0026275	+0.0028612	+0.0030759	+0.0032947
2013-11	0.056	-0.0024039	-0.0021911	-0.0019514	-0.0017118	-0.0014586	-0.0011884	-0.0008888	-0.0005737	-0.0002411	+0.0001067	+0.0004622	+0.0008153	+0.0011527	+0.0014740	+0.0017746	+0.0020610	+0.0023191	+0.0025626	+0.0027911	+0.0030026	+0.0032054
2013-12	0.004	-0.0020941	-0.0018586	-0.0016288	-0.0013759	-0.0011031	-0.0008027	-0.0004816	-0.0001402	+0.0002130	+0.0005775	+0.0009460	+0.0013072	+0.0016543	+0.0019860	+0.0022916	+0.0025762	+0.0028440	+0.0030995	+0.0033304	+0.0035549	+0.0037548
2014-01	-0.077	-0.0023709	-0.0021384	-0.0018990	-0.0016550	-0.0013968	-0.0011246	-0.0008356	-0.0005234	-0.0001973	+0.0001403	+0.0004858	+0.0008375	+0.0011728	+0.0014876	+0.0017779	+0.0020507	+0.0023055	+0.0025384	+0.0027666	+0.0029834	+0.0031856
2014-02	0.026	-0.0024019	-0.0021829	-0.0019604	-0.0017160	-0.0014662	-0.0012000	-0.0009218	-0.0006226	-0.0003135	+0.0000128	+0.0003454	+0.0006815	+0.0010032	+0.0013052	+0.0015841	+0.0018435	+0.0020785	+0.0023039	+0.0025117	+0.0027057	+0.0028905
2014-03	-0.020	-0.0018782	-0.0016716	-0.0014607	-0.0012344	-0.0009898	-0.0007367	-0.0004686	-0.0001931	+0.0000926	+0.0003866	+0.0006847	+0.0009838	+0.0012794	+0.0015528	+0.0018078	+0.0020465	+0.0022651	+0.0024757	+0.0026657	+0.0028481	+0.0030098
2014-04	0.015	-0.0021679	-0.0019942	-0.0018005	-0.0015996	-0.0013958	-0.0011682	-0.0009186	-0.0006515	-0.0003672	-0.0000697	+0.0002368	+0.0005346	+0.0008271	+0.0011125	+0.0013823	+0.0016329	+0.0018676	+0.0020740	+0.0022716	+0.0024504	+0.0026348
2014-05	0.024	-0.0022589	-0.0020538	-0.0018510	-0.0016277	-0.0014023	-0.0011655	-0.0009211	-0.0006587	-0.0003794	-0.0000927	+0.0002045	+0.0005052	+0.0007932	+0.0010674	+0.0013222	+0.0015539	+0.0017700	+0.0019731	+0.0021534	+0.0023262	+0.0024918
2014-06	0.013	-0.0019932	-0.0018311	-0.0016541	-0.0014637	-0.0012511	-0.0010238	-0.0007823	-0.0005171	-0.0002367	+0.0000548	+0.0003486	+0.0006383	+0.0009168	+0.0011802	+0.0014257	+0.0016486	+0.0018540	+0.0020428	+0.0022170	+0.0023921	+0.0025579
2014-07	0.080	-0.0019875	-0.0018125	-0.0016339	-0.0014477	-0.0012453	-0.0010227	-0.0007809	-0.0005237	-0.0002499	+0.0000340	+0.0003240	+0.0006163	+0.0008913	+0.0011536	+0.0013998	+0.0016230	+0.0018243	+0.0020075	+0.0021794	+0.0023452	+0.0025009
2014-08	0.009	-0.0020136	-0.0018383	-0.0016628	-0.0014633	-0.0012545	-0.0010257	-0.0007816	-0.0005287	-0.0002634	+0.0000124	+0.0002891	+0.0005607	+0.0008258	+0.0010788	+0.0013067	+0.0015184	+0.0017130	+0.0019014	+0.0020743	+0.0022437	+0.0023936
2014-09	-0.009	-0.0016982	-0.0015018	-0.0013160	-0.0011060	-0.0008930	-0.0006592	-0.0004090	-0.0001405	+0.0001431	+0.0004380	+0.0007382	+0.0010304	+0.0013071	+0.0015623	+0.0018022	+0.0020231	+0.0022191	+0.0024005	+0.0025734	+0.0027317	+0.0029012
2014-10	0.020	-0.0015331	-0.0012776	-0.0010226	-0.0007783	-0.0005160	-0.0002389	+0.0000453	+0.0003329	+0.0006241	+0.0009206	+0.0012082	+0.0014862	+0.0017413	+0.0019765	+0.0021926	+0.0023901	+0.0025752	+0.0027476	+0.0029083	+0.0030659	+0.0032054
2014-11	0.085	-0.0015455	-0.0013500	-0.0011602	-0.0009638	-0.0007587	-0.0005382	-0.0003025	-0.0000527	+0.0002133	+0.0004875	+0.0007628	+0.0010278	+0.0012775	+0.0015194	+0.0017425	+0.0019491	+0.0021525	+0.0023358	+0.0025021	+0.0026530	+0.0027901
2014-12	0.008	-0.0015692	-0.0013136	-0.0010459	-0.0007828	-0.0004997	-0.0001921	+0.0001130	+0.0004176	+0.0007296	+0.0010344	+0.0013360	+0.0016346	+0.0019186	+0.0021758	+0.0024176	+0.0026385	+0.0028455	+0.0030487	+0.0032335	+0.0034032	+0.0035622
2015-01	0.013	-0.0015977	-0.0012967	-0.0010192	-0.0007260	-0.0004207	-0.0001086	+0.0002210	+0.0005581	+0.0009063	+0.0012526	+0.0015838	+0.0018982	+0.0021926	+0.0024750	+0.0027346	+0.0029690	+0.0031821	+0.0033813	+0.0035624	+0.0037250	+0.0038823
2015-02	-0.005	-0.0017997	-0.0015460	-0.0012542	-0.0009371	-0.0006132	-0.0002874	+0.0000414	+0.0003859	+0.0007209	+0.0010666	+0.0014022	+0.0017255	+0.0020284	+0.0023120	+0.0025714	+0.0028113	+0.0030295	+0.0032304	+0.0034171	+0.0035917	+0.0037700
