2011-09	-0.004	-0.0047679	-0.0044411	-0.0040968	-0.0037648	-0.0034181	-0.0030511	-0.0026545	-0.0022474	-0.0018254	-0.0014005	-0.0009724	-0.0005684	-0.0001879	+0.0001790	+0.0005164	+0.0008270	+0.0011225	+0.0013998	+0.0016546	+0.0018849	+0.0021061
2011-10	0.009	-0.0047478	-0.0044560	-0.0041680	-0.0038477	-0.0035219	-0.0031720	-0.0028091	-0.0024140	-0.0019961	-0.0015783	-0.0011555	-0.0007441	-0.0003481	+0.0000260	+0.0003743	+0.0006963	+0.0009883	+0.0012813	+0.0015498	+0.0018376	+0.0021200
2011-11	-0.036	-0.0048024	-0.0045116	-0.0041875	-0.0038540	-0.0034900	-0.0031149	-0.0027278	-0.0023323	-0.0019200	-0.0015060	-0.0010999	-0.0007083	-0.0003185	+0.0000564	+0.0004172	+0.0007424	+0.0010542	+0.0013544	+0.0016179	+0.0018801	+0.0021786
2011-12	-0.003	-0.0028951	-0.0027385	-0.0025739	-0.0023931	-0.0022022	-0.0019960	-0.0017766	-0.0015384	-0.0012849	-0.0010215	-0.0007487	-0.0004719	-0.0001956	+0.0000638	+0.0003090	+0.0005409	+0.0007601	+0.0009758	+0.0011948	+0.0013950	+0.0015732
2012-01	0.040	-0.0030067	-0.0028405	-0.0026664	-0.0024833	-0.0022881	-0.0020807	-0.0018551	-0.0016124	-0.0013563	-0.0010871	-0.0008024	-0.0005107	-0.0002196	+0.0000637	+0.0003337	+0.0005816	+0.0008143	+0.0010404	+0.0012614	+0.0014800	+0.0016980
2012-02	0.088	-0.0025317	-0.0023664	-0.0021834	-0.0019857	-0.0017734	-0.0015505	-0.0013122	-0.0010640	-0.0008017	-0.0005314	-0.0002501	+0.0000315	+0.0003018	+0.0005570	+0.0007979	+0.0010174	+0.0012235	+0.0014170	+0.0015929	+0.0017553	+0.0019050
2012-03	0.028	-0.0023813	-0.0022041	-0.0020168	-0.0018280	-0.0016253	-0.0014139	-0.0011818	-0.0009349	-0.0006726	-0.0003981	-0.0001218	+0.0001519	+0.0004239	+0.0006822	+0.0009212	+0.0011401	+0.0013414	+0.0015163	+0.0016784	+0.0018236	+0.0019672
2012-04	-0.046	-0.0017520	-0.0015768	-0.0013958	-0.0011949	-0.0009825	-0.0007655	-0.0005472	-0.0003148	-0.0000679	+0.0001827	+0.0004436	+0.0007043	+0.0009615	+0.0012050	+0.0014317	+0.0016418	+0.0018379	+0.0020229	+0.0021962	+0.0023549	+0.0025008
2012-05	-0.108	-0.0013174	-0.0011733	-0.0010177	-0.0008545	-0.0006791	-0.0004868	-0.0002831	-0.0000627	+0.0001659	+0.0004041	+0.0006521	+0.0009018	+0.0011378	+0.0013594	+0.0015674	+0.0017557	+0.0019249	+0.0020857	+0.0022320	+0.0023768	+0.0025108
2012-06	0.070	-0.0021242	-0.0019689	-0.0017949	-0.0016246	-0.0014403	-0.0012429	-0.0010243	-0.0007923	-0.0005455	-0.0002807	-0.0000060	+0.0002591	+0.0005182	+0.0007665	+0.0009960	+0.0012058	+0.0014104	+0.0015916	+0.0017580	+0.0019092	+0.0020538
2012-07	-0.027	-0.0020229	-0.0018555	-0.0016842	-0.0015006	-0.0013020	-0.0010942	-0.0008702	-0.0006298	-0.0003692	-0.0001016	+0.0001754	+0.0004485	+0.0007092	+0.0009591	+0.0011958	+0.0014166	+0.0016173	+0.0018080	+0.0019856	+0.0021573	+0.0023210
2012-08	-0.008	-0.0021534	-0.0019960	-0.0018240	-0.0016454	-0.0014559	-0.0012472	-0.0010297	-0.0007924	-0.0005378	-0.0002728	+0.0000013	+0.0002778	+0.0005438	+0.0007935	+0.0010257	+0.0012429	+0.0014455	+0.0016394	+0.0018153	+0.0019842	+0.0021455
2012-09	0.022	-0.0018509	-0.0017015	-0.0015363	-0.0013627	-0.0011710	-0.0009539	-0.0007245	-0.0004755	-0.0002150	+0.0000545	+0.0003254	+0.0005897	+0.0008486	+0.0010934	+0.0013232	+0.0015366	+0.0017350	+0.0019156	+0.0020909	+0.0022569	+0.0024069
2012-10	0.007	-0.0021441	-0.0019713	-0.0017886	-0.0015958	-0.0013950	-0.0011793	-0.0009498	-0.0007101	-0.0004540	-0.0001861	+0.0000829	+0.0003500	+0.0006149	+0.0008661	+0.0010993	+0.0013178	+0.0015196	+0.0017041	+0.0018836	+0.0020494	+0.0021990
2012-11	0.043	-0.0025037	-0.0023492	-0.0021829	-0.0019960	-0.0017989	-0.0015892	-0.0013685	-0.0011360	-0.0008798	-0.0006124	-0.0003449	-0.0000757	+0.0001889	+0.0004466	+0.0006827	+0.0009036	+0.0011044	+0.0012910	+0.0014598	+0.0016238	+0.0017927
2012-12	0.088	-0.0024048	-0.0022485	-0.0020786	-0.0019003	-0.0017066	-0.0014914	-0.0012636	-0.0010156	-0.0007552	-0.0004754	-0.0001817	+0.0001057	+0.0003869	+0.0006634	+0.0009246	+0.0011618	+0.0013742	+0.0015660	+0.0017450	+0.0019132	+0.0020894
2013-01	0.090	-0.0016579	-0.0014769	-0.0012887	-0.0011033	-0.0008979	-0.0006760	-0.0004299	-0.0001689	+0.0001060	+0.0003908	+0.0006829	+0.0009722	+0.0012569	+0.0015247	+0.0017734	+0.0019970	+0.0022085	+0.0024112	+0.0026011	+0.0027947	+0.0029673
2013-02	0.034	-0.0018449	-0.0014740	-0.0011011	-0.0007606	-0.0004105	-0.0000617	+0.0003184	+0.0007189	+0.0011146	+0.0014882	+0.0018331	+0.0021512	+0.0024492	+0.0027209	+0.0029766	+0.0032032	+0.0034219	+0.0036195	+0.0038049	+0.0039647	+0.0041193
2013-03	0.067	-0.0017990	-0.0014810	-0.0011471	-0.0008132	-0.0004844	-0.0001380	+0.0002102	+0.0005638	+0.0009201	+0.0012617	+0.0015838	+0.0018950	+0.0021969	+0.0024769	+0.0027360	+0.0029717	+0.0031881	+0.0033817	+0.0035687	+0.0037555	+0.0039248
2013-04	0.120	-0.0022491	-0.0017591	-0.0012391	-0.0007903	-0.0003893	+0.0000358	+0.0005228	+0.0011009	+0.0016439	+0.0020721	+0.0024408	+0.0027657	+0.0030606	+0.0033336	+0.0035805	+0.0038076	+0.0040170	+0.0042040	+0.0043738	+0.0045429	+0.0046972
2013-05	-0.039	-0.0028100	-0.0021981	-0.0014773	-0.0008471	-0.0003422	+0.0002076	+0.0009169	+0.0018157	+0.0024747	+0.0029613	+0.0033839	+0.0037689	+0.0041251	+0.0044560	+0.0047730	+0.0050689	+0.0053420	+0.0055960	+0.0058358	+0.0060582	+0.0062742
2013-06	0.015	-0.0031366	-0.0025522	-0.0019352	-0.0013134	-0.0007054	-0.0001409	+0.0004928	+0.0012025	+0.0018984	+0.0024954	+0.0030093	+0.0034693	+0.0038866	+0.0042732	+0.0046262	+0.0049512	+0.0052537	+0.0055264	+0.0057816	+0.0060026	+0.0062190
2013-07	-0.009	-0.0029491	-0.0024250	-0.0018919	-0.0013479	-0.0007877	-0.0002202	+0.0003679	+0.0009454	+0.0015268	+0.0020718	+0.0025856	+0.0030842	+0.0035402	+0.0039606	+0.0043433	+0.0046894	+0.0050179	+0.0053230	+0.0055903	+0.0058403	+0.0060769
2013-08	-0.022	-0.0033795	-0.0027950	-0.0022149	-0.0016549	-0.0010516	-0.0004254	+0.0001999	+0.0008385	+0.0014740	+0.0020795	+0.0026403	+0.0031547	+0.0036355	+0.0040778	+0.0044829	+0.0048512	+0.0051909	+0.0055099	+0.0058026	+0.0060795	+0.0063486
2013-09	0.085	-0.0027985	-0.0024164	-0.0020200	-0.0016066	-0.0011956	-0.0007741	-0.0003279	+0.0001365	+0.0006156	+0.0011035	+0.0015947	+0.0020765	+0.0025403	+0.0029742	+0.0033657	+0.0037364	+0.0040856	+0.0044050	+0.0046950	+0.0049723	+0.0052389
2013-10	-0.001	-0.0027877	-0.0024429	-0.0020595	-0.0016626	-0.0012396	-0.0007824	-0.0003211	+0.0001642	+0.0006549	+0.0011532	+0.0016583	+0.0021561	+0.0026218	+0.0030576	+0.0034697	+0.0038551	+0.0042088	+0.0045430	+0.0048602	+0.0051785	+0.0054697
2013-11	0.052	-0.0028087	-0.0024866	-0.0021434	-0.0018006	-0.0014431	-0.0010596	-0.0006305	-0.0001938	+0.0002574	+0.0007240	+0.0011953	+0.0016634	+0.0021176	+0.0025537	+0.0029635	+0.0033519	+0.0037088	+0.0040406	+0.0043599	+0.0046533	+0.0049086
2013-12	0.046	-0.0028346	-0.0025298	-0.0022130	-0.0018551	-0.0014823	-0.0010834	-0.0006807	-0.0002458	+0.0002065	+0.0006716	+0.0011492	+0.0016108	+0.0020657	+0.0025026	+0.0029093	+0.0032716	+0.0035963	+0.0038995	+0.0041857	+0.0044538	+0.0046889
2014-01	-0.072	-0.0027111	-0.0024562	-0.0021882	-0.0019094	-0.0016113	-0.0012909	-0.0009372	-0.0005677	-0.0001854	+0.0002151	+0.0006198	+0.0010225	+0.0014077	+0.0017648	+0.0020954	+0.0024080	+0.0026950	+0.0029654	+0.0032281	+0.0034687	+0.0036850
2014-02	-0.008	-0.0022624	-0.0020065	-0.0017374	-0.0014644	-0.0011899	-0.0008861	-0.0005749	-0.0002357	+0.0001164	+0.0004850	+0.0008600	+0.0012264	+0.0015742	+0.0018993	+0.0022000	+0.0024782	+0.0027460	+0.0029956	+0.0032186	+0.0034432	+0.0036561
2014-03	-0.009	-0.0024516	-0.0022438	-0.0020177	-0.0017884	-0.0015445	-0.0012890	-0.0010122	-0.0007139	-0.0003940	-0.0000493	+0.0002979	+0.0006345	+0.0009517	+0.0012530	+0.0015380	+0.0018021	+0.0020544	+0.0022766	+0.0024785	+0.0026648	+0.0028478
2014-04	-0.032	-0.0027627	-0.0025297	-0.0023026	-0.0020671	-0.0018093	-0.0015318	-0.0012386	-0.0009286	-0.0006046	-0.0002733	+0.0000688	+0.0004082	+0.0007356	+0.0010481	+0.0013421	+0.0016143	+0.0018571	+0.0020823	+0.0022936	+0.0024930	+0.0026913
2014-05	0.040	-0.0028301	-0.0025954	-0.0023611	-0.0021051	-0.0018336	-0.0015514	-0.0012515	-0.0009298	-0.0005878	-0.0002286	+0.0001318	+0.0004910	+0.0008342	+0.0011541	+0.0014599	+0.0017463	+0.0020125	+0.0022581	+0.0024826	+0.0026965	+0.0028864
2014-06	0.046	-0.0025867	-0.0023742	-0.0021418	-0.0018979	-0.0016359	-0.0013530	-0.0010609	-0.0007407	-0.0004087	-0.0000592	+0.0002922	+0.0006422	+0.0009724	+0.0012835	+0.0015709	+0.0018298	+0.0020677	+0.0022861	+0.0024877	+0.0026785	+0.0028621
2014-07	0.031	-0.0025423	-0.0023168	-0.0020595	-0.0017795	-0.0014878	-0.0011812	-0.0008761	-0.0005461	-0.0001986	+0.0001659	+0.0005263	+0.0008759	+0.0012110	+0.0015205	+0.0018086	+0.0020731	+0.0023141	+0.0025394	+0.0027517	+0.0029364	+0.0031042
2014-08	-0.013	-0.0025243	-0.0023031	-0.0020489	-0.0017828	-0.0015187	-0.0012426	-0.0009564	-0.0006550	-0.0003321	-0.0000031	+0.0003340	+0.0006550	+0.0009656	+0.0012551	+0.0015300	+0.0017834	+0.0020180	+0.0022334	+0.0024281	+0.0026121	+0.0027843
2014-09	0.050	-0.0027122	-0.0025045	-0.0022926	-0.0020477	-0.0017949	-0.0015324	-0.0012523	-0.0009602	-0.0006479	-0.0003260	+0.0000069	+0.0003353	+0.0006419	+0.0009311	+0.0012050	+0.0014590	+0.0017013	+0.0019170	+0.0021149	+0.0022893	+0.0024492
2014-10	-0.002	-0.0016192	-0.0014257	-0.0012074	-0.0009746	-0.0007284	-0.0004725	-0.0002093	+0.0000773	+0.0003672	+0.0006669	+0.0009601	+0.0012493	+0.0015186	+0.0017757	+0.0020114	+0.0022247	+0.0024192	+0.0026004	+0.0027647	+0.0029188	+0.0030578
2014-11	0.057	-0.0022255	-0.0020284	-0.0018152	-0.0015955	-0.0013529	-0.0011015	-0.0008249	-0.0005282	-0.0002168	+0.0001042	+0.0004273	+0.0007488	+0.0010579	+0.0013511	+0.0016222	+0.0018706	+0.0021027	+0.0023171	+0.0025167	+0.0026963	+0.0028663
2014-12	-0.006	-0.0018725	-0.0016405	-0.0014027	-0.0011484	-0.0008696	-0.0005743	-0.0002607	+0.0000673	+0.0004079	+0.0007563	+0.0011074	+0.0014434	+0.0017706	+0.0020768	+0.0023692	+0.0026344	+0.0028830	+0.0031140	+0.0033192	+0.0035114	+0.0036959
2015-01	0.010	-0.0017688	-0.0015135	-0.0012496	-0.0009621	-0.0006589	-0.0003408	-0.0000163	+0.0003198	+0.0006673	+0.0010280	+0.0013771	+0.0017161	+0.0020421	+0.0023395	+0.0026234	+0.0028823	+0.0031318	+0.0033669	+0.0035832	+0.0037786	+0.0039615
2015-02	-0.001	-0.0019182	-0.0016937	-0.0014575	-0.0012091	-0.0009572	-0.0006856	-0.0003895	-0.0000726	+0.0002598	+0.0006026	+0.0009408	+0.0012734	+0.0015938	+0.0019029	+0.0021942	+0.0024575	+0.0027028	+0.0029193	+0.0031187	+0.0033138	+0.0034997
