2011-09	-0.097	-0.0016213	-0.0015191	-0.0014039	-0.0012813	-0.0011423	-0.0009992	-0.0008418	-0.0006737	-0.0004929	-0.0003027	-0.0001039	+0.0000913	+0.0002822	+0.0004696	+0.0006444	+0.0008086	+0.0009597	+0.0010983	+0.0012280	+0.0013520	+0.0014743
2011-10	0.054	-0.0026830	-0.0025157	-0.0023468	-0.0021721	-0.0019842	-0.0017922	-0.0015858	-0.0013651	-0.0011301	-0.0008877	-0.0006398	-0.0003950	-0.0001557	+0.0000756	+0.0002957	+0.0004993	+0.0006863	+0.0008647	+0.0010318	+0.0012011	+0.0013478
2011-11	-0.037	-0.0025169	-0.0023578	-0.0021961	-0.0020279	-0.0018463	-0.0016568	-0.0014460	-0.0012239	-0.0009809	-0.0007279	-0.0004632	-0.0002017	+0.0000527	+0.0003059	+0.0005432	+0.0007614	+0.0009619	+0.0011485	+0.0013177	+0.0014883	+0.0016478
2011-12	-0.008	-0.0030867	-0.0029318	-0.0027815	-0.0026210	-0.0024388	-0.0022463	-0.0020362	-0.0018117	-0.0015732	-0.0013189	-0.0010621	-0.0008035	-0.0005442	-0.0002957	-0.0000559	+0.0001778	+0.0004056	+0.0006240	+0.0008273	+0.0010284	+0.0012278
2012-01	0.046	-0.0028288	-0.0026645	-0.0025034	-0.0023332	-0.0021506	-0.0019559	-0.0017450	-0.0015202	-0.0012772	-0.0010203	-0.0007542	-0.0004819	-0.0002155	+0.0000474	+0.0003041	+0.0005351	+0.0007681	+0.0009903	+0.0011955	+0.0013933	+0.0015909
2012-02	0.081	-0.0026678	-0.0025132	-0.0023539	-0.0021839	-0.0019885	-0.0017798	-0.0015554	-0.0013152	-0.0010578	-0.0007840	-0.0005083	-0.0002282	+0.0000436	+0.0003016	+0.0005454	+0.0007796	+0.0010010	+0.0012118	+0.0014030	+0.0015860	+0.0017579
2012-03	-0.003	-0.0023814	-0.0022055	-0.0020157	-0.0018252	-0.0016275	-0.0014175	-0.0011936	-0.0009512	-0.0006892	-0.0004153	-0.0001339	+0.0001433	+0.0004063	+0.0006609	+0.0009029	+0.0011230	+0.0013299	+0.0015231	+0.0016978	+0.0018663	+0.0020217
2012-04	-0.005	-0.0020018	-0.0018369	-0.0016581	-0.0014722	-0.0012787	-0.0010719	-0.0008490	-0.0006086	-0.0003545	-0.0000889	+0.0001860	+0.0004551	+0.0007110	+0.0009635	+0.0011985	+0.0014225	+0.0016279	+0.0018123	+0.0019821	+0.0021440	+0.0022946
2012-05	-0.090	-0.0020346	-0.0018775	-0.0017066	-0.0015135	-0.0013147	-0.0011025	-0.0008743	-0.0006296	-0.0003708	-0.0001037	+0.0001650	+0.0004349	+0.0006967	+0.0009433	+0.0011753	+0.0013893	+0.0015879	+0.0017757	+0.0019519	+0.0021289	+0.0023061
2012-06	0.032	-0.0016288	-0.0014827	-0.0013221	-0.0011594	-0.0009899	-0.0008008	-0.0005967	-0.0003754	-0.0001424	+0.0001022	+0.0003546	+0.0006081	+0.0008484	+0.0010736	+0.0012847	+0.0014846	+0.0016636	+0.0018284	+0.0019834	+0.0021247	+0.0022516
2012-07	0.028	-0.0016841	-0.0015549	-0.0014144	-0.0012643	-0.0010975	-0.0009197	-0.0007359	-0.0005343	-0.0003231	-0.0001013	+0.0001259	+0.0003564	+0.0005808	+0.0007933	+0.0009932	+0.0011762	+0.0013453	+0.0015065	+0.0016586	+0.0018013	+0.0019448
2012-08	0.000	-0.0014290	-0.0012970	-0.0011587	-0.0010110	-0.0008573	-0.0006932	-0.0005143	-0.0003197	-0.0001184	+0.0000927	+0.0003090	+0.0005273	+0.0007409	+0.0009413	+0.0011284	+0.0013026	+0.0014656	+0.0016156	+0.0017540	+0.0018882	+0.0020089
2012-09	0.023	-0.0012727	-0.0011244	-0.0009696	-0.0007999	-0.0006208	-0.0004307	-0.0002322	-0.0000277	+0.0001852	+0.0004053	+0.0006243	+0.0008366	+0.0010416	+0.0012371	+0.0014206	+0.0015887	+0.0017401	+0.0018845	+0.0020195	+0.0021515	+0.0022775
2012-10	0.024	-0.0013203	-0.0011904	-0.0010574	-0.0009186	-0.0007772	-0.0006228	-0.0004561	-0.0002768	-0.0000905	+0.0001028	+0.0002987	+0.0004958	+0.0006886	+0.0008746	+0.0010450	+0.0012006	+0.0013422	+0.0014779	+0.0016001	+0.0017155	+0.0018119
2012-11	0.035	-0.0012881	-0.0011876	-0.0010827	-0.0009735	-0.0008535	-0.0007205	-0.0005759	-0.0004180	-0.0002534	-0.0000813	+0.0000947	+0.0002719	+0.0004429	+0.0006053	+0.0007597	+0.0008994	+0.0010294	+0.0011523	+0.0012638	+0.0013714	+0.0014673
2012-12	0.067	-0.0011830	-0.0010830	-0.0009664	-0.0008462	-0.0007131	-0.0005710	-0.0004159	-0.0002523	-0.0000818	+0.0000971	+0.0002786	+0.0004609	+0.0006398	+0.0008093	+0.0009688	+0.0011192	+0.0012569	+0.0013873	+0.0015108	+0.0016233	+0.0017245
2013-01	0.050	-0.0010024	-0.0008413	-0.0006815	-0.0005231	-0.0003585	-0.0001780	+0.0000075	+0.0001942	+0.0003843	+0.0005790	+0.0007759	+0.0009713	+0.0011547	+0.0013266	+0.0014859	+0.0016346	+0.0017713	+0.0018969	+0.0020190	+0.0021285	+0.0022254
2013-02	0.014	-0.0014456	-0.0011321	-0.0006889	-0.0003472	-0.0000941	+0.0001479	+0.0004565	+0.0009227	+0.0013144	+0.0015630	+0.0017657	+0.0019483	+0.0021125	+0.0022662	+0.0024064	+0.0025364	+0.0026549	+0.0027613	+0.0028620	+0.0029566	+0.0030453
2013-03	0.005	-0.0015168	-0.0012319	-0.0008314	-0.0005204	-0.0002630	-0.0000054	+0.0003132	+0.0007312	+0.0010693	+0.0013112	+0.0015208	+0.0017138	+0.0018894	+0.0020482	+0.0021975	+0.0023376	+0.0024640	+0.0025810	+0.0026950	+0.0027974	+0.0028892
2013-04	0.059	-0.0014860	-0.0011672	-0.0008136	-0.0005125	-0.0002650	-0.0000238	+0.0002758	+0.0006601	+0.0010063	+0.0012646	+0.0014849	+0.0016801	+0.0018640	+0.0020353	+0.0021890	+0.0023305	+0.0024589	+0.0025833	+0.0026967	+0.0028092	+0.0029091
2013-05	-0.020	-0.0018570	-0.0014706	-0.0010637	-0.0006828	-0.0003485	+0.0000007	+0.0004268	+0.0009319	+0.0013405	+0.0016600	+0.0019356	+0.0021914	+0.0024340	+0.0026600	+0.0028688	+0.0030699	+0.0032544	+0.0034251	+0.0035905	+0.0037392	+0.0038728
2013-06	-0.073	-0.0018968	-0.0015529	-0.0011902	-0.0008373	-0.0004958	-0.0001403	+0.0002428	+0.0006497	+0.0010356	+0.0013783	+0.0016880	+0.0019728	+0.0022380	+0.0024822	+0.0027143	+0.0029274	+0.0031214	+0.0033023	+0.0034683	+0.0036240	+0.0037721
2013-07	0.004	-0.0017884	-0.0015943	-0.0013904	-0.0011630	-0.0009286	-0.0006780	-0.0004148	-0.0001361	+0.0001535	+0.0004591	+0.0007684	+0.0010726	+0.0013685	+0.0016531	+0.0019224	+0.0021659	+0.0023947	+0.0026066	+0.0028087	+0.0030050	+0.0031867
2013-08	-0.030	-0.0019391	-0.0017253	-0.0015060	-0.0012683	-0.0010109	-0.0007573	-0.0004917	-0.0002028	+0.0001038	+0.0004183	+0.0007351	+0.0010427	+0.0013512	+0.0016415	+0.0019060	+0.0021513	+0.0023771	+0.0025909	+0.0027893	+0.0029576	+0.0031201
2013-09	0.032	-0.0022551	-0.0020864	-0.0019193	-0.0017472	-0.0015497	-0.0013408	-0.0011168	-0.0008759	-0.0006125	-0.0003358	-0.0000535	+0.0002344	+0.0005221	+0.0007964	+0.0010521	+0.0013001	+0.0015281	+0.0017438	+0.0019454	+0.0021460	+0.0023291
2013-10	0.034	-0.0023877	-0.0022164	-0.0020162	-0.0018275	-0.0016354	-0.0014223	-0.0011905	-0.0009422	-0.0006778	-0.0004054	-0.0001223	+0.0001644	+0.0004446	+0.0007167	+0.0009741	+0.0012150	+0.0014505	+0.0016746	+0.0018865	+0.0020762	+0.0022588
2013-11	0.000	-0.0021607	-0.0020062	-0.0018357	-0.0016540	-0.0014612	-0.0012582	-0.0010375	-0.0007948	-0.0005343	-0.0002662	+0.0000054	+0.0002770	+0.0005517	+0.0008149	+0.0010655	+0.0013051	+0.0015253	+0.0017307	+0.0019232	+0.0021040	+0.0022750
2013-12	0.020	-0.0021716	-0.0020220	-0.0018674	-0.0016972	-0.0015099	-0.0013083	-0.0010943	-0.0008594	-0.0006090	-0.0003471	-0.0000778	+0.0001910	+0.0004568	+0.0007106	+0.0009417	+0.0011624	+0.0013716	+0.0015688	+0.0017478	+0.0019181	+0.0020840
2014-01	-0.065	-0.0022441	-0.0020886	-0.0019364	-0.0017706	-0.0015961	-0.0014113	-0.0012169	-0.0010067	-0.0007832	-0.0005490	-0.0003134	-0.0000812	+0.0001374	+0.0003456	+0.0005399	+0.0007217	+0.0008899	+0.0010519	+0.0011981	+0.0013362	+0.0014655
2014-02	0.012	-0.0019486	-0.0018223	-0.0016901	-0.0015493	-0.0013965	-0.0012272	-0.0010502	-0.0008595	-0.0006591	-0.0004516	-0.0002395	-0.0000307	+0.0001719	+0.0003606	+0.0005389	+0.0007096	+0.0008646	+0.0010088	+0.0011430	+0.0012626	+0.0013798
2014-03	0.025	-0.0014831	-0.0013726	-0.0012630	-0.0011467	-0.0010219	-0.0008837	-0.0007333	-0.0005723	-0.0004036	-0.0002264	-0.0000453	+0.0001337	+0.0003064	+0.0004720	+0.0006278	+0.0007703	+0.0008999	+0.0010240	+0.0011442	+0.0012543	+0.0013544
2014-04	0.007	-0.0013221	-0.0012133	-0.0011010	-0.0009824	-0.0008558	-0.0007193	-0.0005761	-0.0004210	-0.0002571	-0.0000877	+0.0000854	+0.0002553	+0.0004209	+0.0005806	+0.0007300	+0.0008689	+0.0009988	+0.0011180	+0.0012320	+0.0013411	+0.0014348
2014-05	0.020	-0.0012028	-0.0010797	-0.0009483	-0.0008127	-0.0006695	-0.0005174	-0.0003566	-0.0001838	-0.0000020	+0.0001813	+0.0003677	+0.0005499	+0.0007252	+0.0008914	+0.0010488	+0.0011968	+0.0013305	+0.0014538	+0.0015672	+0.0016687	+0.0017662
2014-06	0.006	-0.0010229	-0.0009203	-0.0008068	-0.0006851	-0.0005620	-0.0004295	-0.0002877	-0.0001401	+0.0000185	+0.0001824	+0.0003516	+0.0005172	+0.0006729	+0.0008199	+0.0009537	+0.0010765	+0.0011909	+0.0012958	+0.0013928	+0.0014828	+0.0015610
2014-07	0.001	-0.0009629	-0.0008669	-0.0007537	-0.0006373	-0.0005188	-0.0003917	-0.0002575	-0.0001139	+0.0000358	+0.0001925	+0.0003503	+0.0005023	+0.0006485	+0.0007867	+0.0009116	+0.0010322	+0.0011449	+0.0012468	+0.0013442	+0.0014331	+0.0015165
2014-08	0.004	-0.0010292	-0.0009286	-0.0008225	-0.0007111	-0.0005947	-0.0004733	-0.0003449	-0.0002092	-0.0000713	+0.0000708	+0.0002166	+0.0003594	+0.0004954	+0.0006245	+0.0007456	+0.0008546	+0.0009537	+0.0010459	+0.0011308	+0.0012151	+0.0012976
2014-09	-0.000	-0.0010244	-0.0009280	-0.0008263	-0.0007210	-0.0006137	-0.0004995	-0.0003751	-0.0002449	-0.0001073	+0.0000363	+0.0001802	+0.0003249	+0.0004650	+0.0005975	+0.0007220	+0.0008348	+0.0009386	+0.0010347	+0.0011190	+0.0011978	+0.0012751
2014-10	0.008	-0.0007879	-0.0006726	-0.0005486	-0.0004258	-0.0002900	-0.0001512	-0.0000034	+0.0001483	+0.0002939	+0.0004325	+0.0005661	+0.0006921	+0.0008113	+0.0009188	+0.0010171	+0.0011082	+0.0011963	+0.0012779	+0.0013528	+0.0014286	+0.0014977
2014-11	0.043	-0.0006887	-0.0006078	-0.0005254	-0.0004359	-0.0003412	-0.0002405	-0.0001330	-0.0000191	+0.0000998	+0.0002245	+0.0003519	+0.0004741	+0.0005910	+0.0007018	+0.0008032	+0.0008998	+0.0009883	+0.0010732	+0.0011466	+0.0012186	+0.0012836
2014-12	-0.046	-0.0006750	-0.0005815	-0.0004797	-0.0003688	-0.0002505	-0.0001288	-0.0000045	+0.0001237	+0.0002553	+0.0003892	+0.0005244	+0.0006541	+0.0007769	+0.0008923	+0.0010005	+0.0011015	+0.0011926	+0.0012828	+0.0013676	+0.0014406	+0.0015131
2015-01	-0.014	-0.0012322	-0.0011065	-0.0009872	-0.0008608	-0.0007250	-0.0005844	-0.0004346	-0.0002773	-0.0001174	+0.0000480	+0.0002109	+0.0003687	+0.0005195	+0.0006643	+0.0007980	+0.0009176	+0.0010321	+0.0011358	+0.0012299	+0.0013121	+0.0013965
2015-02	0.004	-0.0014140	-0.0012954	-0.0011770	-0.0010505	-0.0009222	-0.0007861	-0.0006369	-0.0004838	-0.0003185	-0.0001522	+0.0000102	+0.0001737	+0.0003329	+0.0004814	+0.0006221	+0.0007517	+0.0008657	+0.0009696	+0.0010718	+0.0011562	+0.0012434
