2013-01	-0.002	-0.0008615	-0.0007656	-0.0006345	-0.0005079	-0.0003909	-0.0002535	-0.0001279	-0.0000075	+0.0001186	+0.0002436	+0.0003579	+0.0004686	+0.0005697	+0.0006532	+0.0007236	+0.0007841	+0.0008348	+0.0008787	+0.0009189	+0.0009561	+0.0009884
2013-02	-0.008	-0.0009246	-0.0008241	-0.0007014	-0.0005655	-0.0004227	-0.0002866	-0.0001541	-0.0000157	+0.0001310	+0.0002688	+0.0003886	+0.0005032	+0.0006036	+0.0006921	+0.0007600	+0.0008164	+0.0008661	+0.0009126	+0.0009528	+0.0009835	+0.0010109
2013-03	-0.003	-0.0008447	-0.0007409	-0.0006344	-0.0005092	-0.0003887	-0.0002601	-0.0001345	-0.0000099	+0.0001111	+0.0002351	+0.0003555	+0.0004614	+0.0005587	+0.0006401	+0.0007106	+0.0007667	+0.0008137	+0.0008560	+0.0008956	+0.0009327	+0.0009632
2013-04	0.017	-0.0006994	-0.0005976	-0.0005005	-0.0004173	-0.0003289	-0.0002212	-0.0001137	-0.0000025	+0.0001086	+0.0002183	+0.0003256	+0.0004200	+0.0005062	+0.0005848	+0.0006563	+0.0007155	+0.0007676	+0.0008116	+0.0008495	+0.0008860	+0.0009185
2013-05	-0.025	-0.0007270	-0.0006463	-0.0005696	-0.0004660	-0.0003525	-0.0002459	-0.0001312	-0.0000131	+0.0001008	+0.0002149	+0.0003270	+0.0004282	+0.0005212	+0.0006020	+0.0006674	+0.0007244	+0.0007724	+0.0008149	+0.0008537	+0.0008905	+0.0009246
2013-06	-0.047	-0.0006099	-0.0005291	-0.0004528	-0.0003806	-0.0003022	-0.0002145	-0.0001280	-0.0000404	+0.0000500	+0.0001420	+0.0002348	+0.0003225	+0.0004036	+0.0004756	+0.0005393	+0.0005948	+0.0006445	+0.0006883	+0.0007274	+0.0007668	+0.0008038
2013-07	0.011	-0.0005260	-0.0004717	-0.0004126	-0.0003545	-0.0002922	-0.0002281	-0.0001632	-0.0000954	-0.0000220	+0.0000519	+0.0001265	+0.0001971	+0.0002650	+0.0003284	+0.0003861	+0.0004415	+0.0004899	+0.0005349	+0.0005760	+0.0006110	+0.0006452
2013-08	-0.024	-0.0005267	-0.0004747	-0.0004226	-0.0003665	-0.0003080	-0.0002460	-0.0001794	-0.0001108	-0.0000393	+0.0000349	+0.0001107	+0.0001850	+0.0002554	+0.0003241	+0.0003872	+0.0004462	+0.0004999	+0.0005467	+0.0005935	+0.0006386	+0.0006817
2013-09	0.024	-0.0004983	-0.0004548	-0.0004063	-0.0003589	-0.0003070	-0.0002529	-0.0001922	-0.0001286	-0.0000649	+0.0000016	+0.0000703	+0.0001389	+0.0002041	+0.0002633	+0.0003182	+0.0003697	+0.0004165	+0.0004592	+0.0005001	+0.0005375	+0.0005730
2013-10	0.017	-0.0006128	-0.0005533	-0.0004829	-0.0004074	-0.0003278	-0.0002405	-0.0001466	-0.0000514	+0.0000399	+0.0001345	+0.0002254	+0.0003156	+0.0004002	+0.0004767	+0.0005448	+0.0006055	+0.0006601	+0.0007136	+0.0007586	+0.0007978	+0.0008329
2013-11	-0.020	-0.0004727	-0.0004185	-0.0003591	-0.0003020	-0.0002411	-0.0001747	-0.0001065	-0.0000388	+0.0000312	+0.0001044	+0.0001763	+0.0002486	+0.0003172	+0.0003797	+0.0004352	+0.0004856	+0.0005328	+0.0005758	+0.0006175	+0.0006593	+0.0006988
2013-12	0.005	-0.0004509	-0.0003994	-0.0003553	-0.0003040	-0.0002488	-0.0001875	-0.0001270	-0.0000644	-0.0000002	+0.0000691	+0.0001384	+0.0002072	+0.0002740	+0.0003365	+0.0003927	+0.0004449	+0.0004924	+0.0005340	+0.0005721	+0.0006084	+0.0006433
2014-01	-0.006	-0.0004891	-0.0004355	-0.0003794	-0.0003246	-0.0002673	-0.0002060	-0.0001420	-0.0000747	-0.0000035	+0.0000679	+0.0001383	+0.0002060	+0.0002703	+0.0003318	+0.0003866	+0.0004371	+0.0004841	+0.0005291	+0.0005722	+0.0006121	+0.0006495
2014-02	0.018	-0.0004638	-0.0004240	-0.0003787	-0.0003312	-0.0002786	-0.0002259	-0.0001682	-0.0001076	-0.0000428	+0.0000225	+0.0000867	+0.0001504	+0.0002127	+0.0002703	+0.0003237	+0.0003749	+0.0004221	+0.0004659	+0.0005081	+0.0005470	+0.0005834
2014-03	0.009	-0.0004250	-0.0003861	-0.0003445	-0.0003021	-0.0002564	-0.0002077	-0.0001526	-0.0000923	-0.0000317	+0.0000303	+0.0000915	+0.0001517	+0.0002112	+0.0002685	+0.0003216	+0.0003696	+0.0004138	+0.0004557	+0.0004958	+0.0005315	+0.0005662
2014-04	0.005	-0.0004156	-0.0003710	-0.0003265	-0.0002844	-0.0002400	-0.0001911	-0.0001359	-0.0000765	-0.0000157	+0.0000462	+0.0001106	+0.0001760	+0.0002384	+0.0002970	+0.0003520	+0.0004027	+0.0004489	+0.0004910	+0.0005304	+0.0005680	+0.0006029
2014-05	0.028	-0.0004326	-0.0003903	-0.0003462	-0.0002979	-0.0002482	-0.0001984	-0.0001440	-0.0000857	-0.0000238	+0.0000379	+0.0001023	+0.0001658	+0.0002275	+0.0002876	+0.0003432	+0.0003954	+0.0004450	+0.0004913	+0.0005321	+0.0005711	+0.0006071
2014-06	0.006	-0.0004924	-0.0004454	-0.0003882	-0.0003248	-0.0002572	-0.0001889	-0.0001163	-0.0000373	+0.0000438	+0.0001242	+0.0002061	+0.0002835	+0.0003548	+0.0004224	+0.0004801	+0.0005312	+0.0005784	+0.0006213	+0.0006571	+0.0006903	+0.0007224
2014-07	-0.005	-0.0004876	-0.0004351	-0.0003794	-0.0003220	-0.0002654	-0.0002033	-0.0001391	-0.0000718	-0.0000003	+0.0000761	+0.0001501	+0.0002215	+0.0002900	+0.0003531	+0.0004106	+0.0004654	+0.0005172	+0.0005641	+0.0006068	+0.0006506	+0.0006924
2014-08	0.008	-0.0004310	-0.0003906	-0.0003508	-0.0003072	-0.0002603	-0.0002088	-0.0001557	-0.0000979	-0.0000368	+0.0000238	+0.0000862	+0.0001476	+0.0002061	+0.0002613	+0.0003141	+0.0003635	+0.0004090	+0.0004504	+0.0004899	+0.0005271	+0.0005674
2014-09	-0.020	-0.0004458	-0.0004040	-0.0003608	-0.0003098	-0.0002583	-0.0002076	-0.0001554	-0.0000997	-0.0000391	+0.0000262	+0.0000897	+0.0001507	+0.0002096	+0.0002624	+0.0003123	+0.0003593	+0.0004037	+0.0004460	+0.0004852	+0.0005191	+0.0005500
2014-10	0.011	-0.0004412	-0.0004063	-0.0003727	-0.0003348	-0.0002908	-0.0002449	-0.0001990	-0.0001475	-0.0000923	-0.0000354	+0.0000221	+0.0000799	+0.0001360	+0.0001891	+0.0002393	+0.0002865	+0.0003281	+0.0003680	+0.0004040	+0.0004373	+0.0004704
2014-11	-0.004	-0.0004261	-0.0003924	-0.0003553	-0.0003132	-0.0002724	-0.0002298	-0.0001841	-0.0001352	-0.0000831	-0.0000266	+0.0000318	+0.0000880	+0.0001430	+0.0001954	+0.0002443	+0.0002905	+0.0003325	+0.0003720	+0.0004085	+0.0004437	+0.0004776
2014-12	-0.033	-0.0004614	-0.0004274	-0.0003916	-0.0003524	-0.0003118	-0.0002671	-0.0002189	-0.0001663	-0.0001105	-0.0000528	+0.0000058	+0.0000646	+0.0001212	+0.0001768	+0.0002289	+0.0002761	+0.0003187	+0.0003580	+0.0003925	+0.0004277	+0.0004613
2015-01	-0.002	-0.0006550	-0.0006118	-0.0005649	-0.0005136	-0.0004618	-0.0004081	-0.0003506	-0.0002893	-0.0002242	-0.0001567	-0.0000877	-0.0000168	+0.0000540	+0.0001221	+0.0001862	+0.0002424	+0.0002958	+0.0003461	+0.0003936	+0.0004434	+0.0004867
2015-02	0.003	-0.0006145	-0.0005743	-0.0005338	-0.0004891	-0.0004404	-0.0003851	-0.0003265	-0.0002654	-0.0002017	-0.0001353	-0.0000659	+0.0000036	+0.0000695	+0.0001334	+0.0001971	+0.0002580	+0.0003137	+0.0003671	+0.0004137	+0.0004607	+0.0005025
