2013-01	0.040	-0.0006654	-0.0005863	-0.0005079	-0.0004277	-0.0003439	-0.0002586	-0.0001701	-0.0000796	+0.0000155	+0.0001154	+0.0002141	+0.0003076	+0.0003999	+0.0004848	+0.0005643	+0.0006357	+0.0007033	+0.0007656	+0.0008250	+0.0008775	+0.0009288
2013-02	0.012	-0.0007905	-0.0007116	-0.0006228	-0.0005215	-0.0004072	-0.0002975	-0.0001835	-0.0000695	+0.0000514	+0.0001735	+0.0002914	+0.0004043	+0.0005101	+0.0006078	+0.0006983	+0.0007773	+0.0008460	+0.0009094	+0.0009675	+0.0010234	+0.0010717
2013-03	0.031	-0.0007772	-0.0006754	-0.0005778	-0.0004836	-0.0003875	-0.0002802	-0.0001700	-0.0000573	+0.0000596	+0.0001776	+0.0002955	+0.0004091	+0.0005169	+0.0006170	+0.0007078	+0.0007892	+0.0008634	+0.0009319	+0.0009962	+0.0010587	+0.0011233
2013-04	0.040	-0.0009116	-0.0007937	-0.0006771	-0.0005565	-0.0004431	-0.0003201	-0.0001836	-0.0000443	+0.0000973	+0.0002344	+0.0003652	+0.0004879	+0.0005982	+0.0006984	+0.0007876	+0.0008653	+0.0009354	+0.0009951	+0.0010498	+0.0010964	+0.0011422
2013-05	-0.012	-0.0010057	-0.0008953	-0.0007712	-0.0006373	-0.0004856	-0.0003253	-0.0001657	-0.0000089	+0.0001540	+0.0003174	+0.0004759	+0.0006215	+0.0007514	+0.0008643	+0.0009595	+0.0010437	+0.0011172	+0.0011821	+0.0012398	+0.0012966	+0.0013536
2013-06	-0.030	-0.0009048	-0.0008134	-0.0007051	-0.0005799	-0.0004454	-0.0003131	-0.0001743	-0.0000253	+0.0001217	+0.0002663	+0.0004081	+0.0005471	+0.0006706	+0.0007836	+0.0008834	+0.0009736	+0.0010485	+0.0011169	+0.0011807	+0.0012407	+0.0012959
2013-07	0.005	-0.0008211	-0.0007297	-0.0006408	-0.0005430	-0.0004211	-0.0002992	-0.0001785	-0.0000458	+0.0000858	+0.0002208	+0.0003535	+0.0004792	+0.0005980	+0.0007030	+0.0008000	+0.0008875	+0.0009663	+0.0010360	+0.0011009	+0.0011632	+0.0012206
2013-08	-0.010	-0.0009814	-0.0008528	-0.0007314	-0.0005985	-0.0004626	-0.0003311	-0.0001922	-0.0000476	+0.0000938	+0.0002463	+0.0003935	+0.0005316	+0.0006555	+0.0007719	+0.0008742	+0.0009646	+0.0010460	+0.0011217	+0.0011932	+0.0012572	+0.0013193
2013-09	0.029	-0.0010366	-0.0008902	-0.0007533	-0.0006203	-0.0004835	-0.0003343	-0.0001932	-0.0000459	+0.0001096	+0.0002686	+0.0004195	+0.0005562	+0.0006792	+0.0007897	+0.0008915	+0.0009805	+0.0010588	+0.0011307	+0.0011960	+0.0012555	+0.0013166
2013-10	0.015	-0.0012696	-0.0011219	-0.0009635	-0.0007958	-0.0006113	-0.0004209	-0.0002348	-0.0000280	+0.0001676	+0.0003626	+0.0005673	+0.0007397	+0.0008975	+0.0010255	+0.0011306	+0.0012268	+0.0013091	+0.0013884	+0.0014637	+0.0015400	+0.0016125
2013-11	0.015	-0.0011376	-0.0009782	-0.0008247	-0.0006848	-0.0005261	-0.0003392	-0.0001748	-0.0000026	+0.0001776	+0.0003527	+0.0005145	+0.0006819	+0.0008342	+0.0009686	+0.0010770	+0.0011705	+0.0012500	+0.0013215	+0.0013871	+0.0014478	+0.0015013
2013-12	0.013	-0.0012862	-0.0011118	-0.0009323	-0.0007738	-0.0005856	-0.0003820	-0.0001941	-0.0000155	+0.0001894	+0.0003939	+0.0005803	+0.0007571	+0.0009320	+0.0010766	+0.0011890	+0.0012817	+0.0013616	+0.0014323	+0.0014963	+0.0015562	+0.0016137
2014-01	-0.012	-0.0014674	-0.0012748	-0.0010517	-0.0008376	-0.0006336	-0.0004369	-0.0002218	-0.0000003	+0.0002280	+0.0004394	+0.0006374	+0.0008301	+0.0009994	+0.0011395	+0.0012539	+0.0013536	+0.0014384	+0.0015103	+0.0015773	+0.0016403	+0.0016958
2014-02	0.004	-0.0013307	-0.0011713	-0.0009910	-0.0008215	-0.0006366	-0.0004425	-0.0002383	-0.0000349	+0.0001802	+0.0003843	+0.0005811	+0.0007649	+0.0009227	+0.0010579	+0.0011682	+0.0012606	+0.0013393	+0.0014098	+0.0014731	+0.0015316	+0.0015845
2014-03	0.005	-0.0011205	-0.0009708	-0.0008147	-0.0006660	-0.0005077	-0.0003503	-0.0001822	-0.0000092	+0.0001591	+0.0003188	+0.0004772	+0.0006299	+0.0007671	+0.0008854	+0.0009884	+0.0010788	+0.0011598	+0.0012322	+0.0012980	+0.0013577	+0.0014174
2014-04	0.004	-0.0009404	-0.0008220	-0.0006779	-0.0005517	-0.0004176	-0.0002838	-0.0001457	+0.0000093	+0.0001611	+0.0003160	+0.0004673	+0.0006026	+0.0007287	+0.0008435	+0.0009470	+0.0010393	+0.0011217	+0.0011945	+0.0012603	+0.0013230	+0.0013804
2014-05	0.007	-0.0011162	-0.0009636	-0.0008142	-0.0006482	-0.0004860	-0.0003233	-0.0001561	+0.0000096	+0.0001755	+0.0003422	+0.0005069	+0.0006566	+0.0007929	+0.0009188	+0.0010232	+0.0011147	+0.0011921	+0.0012622	+0.0013245	+0.0013822	+0.0014328
2014-06	0.009	-0.0011654	-0.0010103	-0.0008716	-0.0007225	-0.0005611	-0.0003763	-0.0001742	+0.0000209	+0.0002336	+0.0004393	+0.0006283	+0.0008100	+0.0009714	+0.0011027	+0.0012113	+0.0013027	+0.0013834	+0.0014539	+0.0015144	+0.0015667	+0.0016179
2014-07	0.010	-0.0011859	-0.0010286	-0.0008507	-0.0006986	-0.0005240	-0.0003517	-0.0001850	-0.0000037	+0.0001861	+0.0003813	+0.0005692	+0.0007404	+0.0008906	+0.0010199	+0.0011218	+0.0012121	+0.0012900	+0.0013559	+0.0014212	+0.0014871	+0.0015437
2014-08	0.013	-0.0012542	-0.0011018	-0.0009325	-0.0007503	-0.0005644	-0.0003648	-0.0001736	+0.0000172	+0.0002179	+0.0004153	+0.0006005	+0.0007787	+0.0009385	+0.0010696	+0.0011802	+0.0012669	+0.0013464	+0.0014162	+0.0014735	+0.0015265	+0.0015737
2014-09	0.009	-0.0013075	-0.0010979	-0.0009300	-0.0007793	-0.0005784	-0.0003666	-0.0001715	+0.0000372	+0.0002472	+0.0004534	+0.0006398	+0.0008191	+0.0009799	+0.0011109	+0.0012143	+0.0013024	+0.0013795	+0.0014481	+0.0015064	+0.0015608	+0.0016115
2014-10	0.002	-0.0012732	-0.0010996	-0.0009163	-0.0007579	-0.0005777	-0.0003760	-0.0001976	-0.0000146	+0.0002138	+0.0004315	+0.0006203	+0.0008149	+0.0009880	+0.0011263	+0.0012334	+0.0013192	+0.0013924	+0.0014555	+0.0015123	+0.0015635	+0.0016103
2014-11	0.045	-0.0011780	-0.0010210	-0.0008428	-0.0006948	-0.0005296	-0.0003505	-0.0001593	+0.0000185	+0.0002107	+0.0004032	+0.0005895	+0.0007656	+0.0009253	+0.0010480	+0.0011510	+0.0012382	+0.0013147	+0.0013812	+0.0014413	+0.0014998	+0.0015498
2014-12	0.009	-0.0013832	-0.0011498	-0.0009798	-0.0008043	-0.0006355	-0.0004366	-0.0002130	+0.0000190	+0.0002478	+0.0004534	+0.0006479	+0.0008367	+0.0010051	+0.0011431	+0.0012558	+0.0013517	+0.0014370	+0.0015124	+0.0015809	+0.0016491	+0.0017099
2015-01	-0.009	-0.0011588	-0.0010049	-0.0008769	-0.0007101	-0.0005451	-0.0003701	-0.0001884	-0.0000001	+0.0002064	+0.0004004	+0.0005852	+0.0007671	+0.0009203	+0.0010419	+0.0011461	+0.0012333	+0.0013127	+0.0013883	+0.0014577	+0.0015222	+0.0015820
2015-02	-0.002	-0.0009674	-0.0008642	-0.0007403	-0.0006167	-0.0004793	-0.0003352	-0.0001729	-0.0000126	+0.0001487	+0.0003074	+0.0004541	+0.0005975	+0.0007283	+0.0008424	+0.0009375	+0.0010225	+0.0010984	+0.0011697	+0.0012328	+0.0013004	+0.0013619
