2013-05	0.089	-0.0024665	-0.0022316	-0.0019692	-0.0016945	-0.0014112	-0.0011238	-0.0008017	-0.0004581	-0.0000949	+0.0002682	+0.0006462	+0.0010140	+0.0013738	+0.0017085	+0.0020220	+0.0022994	+0.0025574	+0.0027838	+0.0029964	+0.0031969	+0.0033834
2013-06	-0.040	-0.0026365	-0.0023593	-0.0020537	-0.0017459	-0.0014160	-0.0010842	-0.0007397	-0.0003815	+0.0000036	+0.0004019	+0.0007923	+0.0011802	+0.0015544	+0.0018980	+0.0022172	+0.0025092	+0.0027677	+0.0030081	+0.0032325	+0.0034387	+0.0036419
2013-07	0.057	-0.0024470	-0.0022275	-0.0019812	-0.0017105	-0.0014208	-0.0011067	-0.0007863	-0.0004425	-0.0000825	+0.0003011	+0.0006841	+0.0010547	+0.0014093	+0.0017471	+0.0020582	+0.0023422	+0.0026014	+0.0028374	+0.0030441	+0.0032427	+0.0034388
2013-08	-0.011	-0.0028877	-0.0026164	-0.0022827	-0.0019438	-0.0015515	-0.0011457	-0.0007208	-0.0002962	+0.0001339	+0.0005735	+0.0009992	+0.0014107	+0.0018012	+0.0021736	+0.0025153	+0.0028308	+0.0031138	+0.0033704	+0.0035880	+0.0038012	+0.0040211
2013-09	0.029	-0.0030959	-0.0027234	-0.0023309	-0.0019275	-0.0014979	-0.0010542	-0.0005681	-0.0000960	+0.0003795	+0.0008450	+0.0013119	+0.0017444	+0.0021320	+0.0024899	+0.0028104	+0.0030882	+0.0033458	+0.0035851	+0.0037953	+0.0039721	+0.0041454
2013-10	0.045	-0.0035894	-0.0032244	-0.0027757	-0.0022626	-0.0017451	-0.0011948	-0.0006128	-0.0000333	+0.0005426	+0.0011510	+0.0017141	+0.0022321	+0.0026742	+0.0030629	+0.0033924	+0.0036807	+0.0039388	+0.0041739	+0.0043834	+0.0045757	+0.0047779
2013-11	0.057	-0.0030717	-0.0026831	-0.0023379	-0.0018958	-0.0014437	-0.0009706	-0.0004906	-0.0000150	+0.0004537	+0.0009242	+0.0013837	+0.0018347	+0.0022612	+0.0026371	+0.0029558	+0.0032278	+0.0034762	+0.0037133	+0.0039209	+0.0041057	+0.0042797
2013-12	0.037	-0.0032446	-0.0028410	-0.0023865	-0.0019401	-0.0015076	-0.0010313	-0.0005524	-0.0000595	+0.0004357	+0.0009427	+0.0014273	+0.0018808	+0.0022905	+0.0026641	+0.0029813	+0.0032528	+0.0034908	+0.0036939	+0.0038711	+0.0040260	+0.0041778
2014-01	-0.045	-0.0038231	-0.0032988	-0.0027294	-0.0021512	-0.0016388	-0.0011422	-0.0005877	-0.0000394	+0.0005306	+0.0010721	+0.0015885	+0.0020547	+0.0024807	+0.0028700	+0.0031856	+0.0034475	+0.0036827	+0.0038990	+0.0040945	+0.0042643	+0.0044285
2014-02	0.030	-0.0032525	-0.0028645	-0.0024515	-0.0019949	-0.0015499	-0.0011001	-0.0006284	-0.0001348	+0.0003590	+0.0008713	+0.0013679	+0.0018031	+0.0021937	+0.0025355	+0.0028232	+0.0030784	+0.0033065	+0.0035006	+0.0036752	+0.0038416	+0.0039810
2014-03	-0.017	-0.0029588	-0.0025838	-0.0022325	-0.0018274	-0.0013810	-0.0009583	-0.0005318	-0.0000839	+0.0003640	+0.0008029	+0.0012338	+0.0016413	+0.0020194	+0.0023414	+0.0026233	+0.0028851	+0.0031129	+0.0033305	+0.0035308	+0.0037168	+0.0038728
2014-04	-0.025	-0.0024757	-0.0021864	-0.0018530	-0.0015335	-0.0012150	-0.0008686	-0.0004971	-0.0000973	+0.0003087	+0.0007080	+0.0010907	+0.0014549	+0.0017896	+0.0021034	+0.0023831	+0.0026283	+0.0028673	+0.0030797	+0.0032631	+0.0034308	+0.0035887
2014-05	0.010	-0.0027461	-0.0024552	-0.0020844	-0.0016751	-0.0012765	-0.0008732	-0.0004661	-0.0000663	+0.0003484	+0.0007824	+0.0011908	+0.0015665	+0.0019139	+0.0022277	+0.0024975	+0.0027427	+0.0029648	+0.0031789	+0.0033805	+0.0035687	+0.0037402
2014-06	0.032	-0.0028073	-0.0024837	-0.0021672	-0.0018130	-0.0013729	-0.0009118	-0.0004299	+0.0000661	+0.0005487	+0.0010435	+0.0015095	+0.0019560	+0.0023502	+0.0026763	+0.0029649	+0.0032259	+0.0034716	+0.0036835	+0.0038819	+0.0040608	+0.0042282
2014-07	-0.013	-0.0029318	-0.0025979	-0.0022267	-0.0018389	-0.0014220	-0.0009904	-0.0005493	-0.0000918	+0.0003977	+0.0008918	+0.0013700	+0.0018173	+0.0022001	+0.0025291	+0.0028325	+0.0031098	+0.0033570	+0.0035692	+0.0037523	+0.0039467	+0.0041295
2014-08	0.022	-0.0029775	-0.0026409	-0.0022801	-0.0018497	-0.0013967	-0.0009235	-0.0004687	-0.0000066	+0.0004897	+0.0009742	+0.0014159	+0.0018398	+0.0022409	+0.0025883	+0.0028836	+0.0031329	+0.0033503	+0.0035546	+0.0037616	+0.0039496	+0.0041116
2014-09	0.006	-0.0029748	-0.0026723	-0.0023308	-0.0019038	-0.0014419	-0.0009672	-0.0005180	-0.0000376	+0.0004617	+0.0009407	+0.0013900	+0.0018176	+0.0022007	+0.0025395	+0.0028434	+0.0031117	+0.0033646	+0.0035958	+0.0037735	+0.0039368	+0.0040990
2014-10	0.028	-0.0029707	-0.0026183	-0.0022740	-0.0018609	-0.0014109	-0.0009850	-0.0005706	-0.0001223	+0.0003530	+0.0008439	+0.0013190	+0.0017490	+0.0021409	+0.0024719	+0.0027744	+0.0030230	+0.0032391	+0.0034382	+0.0036083	+0.0037680	+0.0039190
2014-11	0.097	-0.0028946	-0.0025376	-0.0021861	-0.0018009	-0.0014007	-0.0009559	-0.0005132	-0.0000562	+0.0004096	+0.0008753	+0.0013399	+0.0017847	+0.0021858	+0.0025242	+0.0028116	+0.0030622	+0.0032774	+0.0034758	+0.0036575	+0.0038159	+0.0039495
2014-12	0.044	-0.0033577	-0.0029341	-0.0024860	-0.0020561	-0.0016155	-0.0011245	-0.0005712	+0.0000094	+0.0005474	+0.0010484	+0.0015357	+0.0019960	+0.0024223	+0.0027911	+0.0031129	+0.0033904	+0.0036324	+0.0038397	+0.0040304	+0.0042216	+0.0043931
2015-01	-0.038	-0.0030215	-0.0026739	-0.0022878	-0.0018855	-0.0014607	-0.0010258	-0.0005468	-0.0000748	+0.0004295	+0.0009186	+0.0014007	+0.0018511	+0.0022517	+0.0025937	+0.0028784	+0.0031329	+0.0033614	+0.0035582	+0.0037240	+0.0038803	+0.0040349
2015-02	0.004	-0.0024282	-0.0021964	-0.0019384	-0.0016127	-0.0012805	-0.0009092	-0.0005206	-0.0001304	+0.0002799	+0.0006855	+0.0010712	+0.0014376	+0.0017774	+0.0020970	+0.0023784	+0.0026435	+0.0028775	+0.0030911	+0.0032883	+0.0034613	+0.0036350
