2013-01	-0.002	-0.0008910	-0.0007770	-0.0006669	-0.0005274	-0.0004092	-0.0002745	-0.0001438	-0.0000208	+0.0001044	+0.0002316	+0.0003469	+0.0004601	+0.0005624	+0.0006471	+0.0007187	+0.0007775	+0.0008268	+0.0008709	+0.0009131	+0.0009503	+0.0009844
2013-02	-0.003	-0.0008912	-0.0007807	-0.0006721	-0.0005484	-0.0004034	-0.0002736	-0.0001420	-0.0000097	+0.0001281	+0.0002638	+0.0003764	+0.0004816	+0.0005788	+0.0006644	+0.0007325	+0.0007892	+0.0008365	+0.0008795	+0.0009175	+0.0009542	+0.0009818
2013-03	-0.003	-0.0008281	-0.0007274	-0.0006234	-0.0005099	-0.0003820	-0.0002584	-0.0001330	-0.0000039	+0.0001186	+0.0002410	+0.0003593	+0.0004698	+0.0005651	+0.0006466	+0.0007140	+0.0007692	+0.0008190	+0.0008618	+0.0008993	+0.0009310	+0.0009588
2013-04	0.014	-0.0007117	-0.0006086	-0.0005173	-0.0004307	-0.0003333	-0.0002299	-0.0001178	-0.0000030	+0.0001099	+0.0002210	+0.0003322	+0.0004273	+0.0005172	+0.0005970	+0.0006650	+0.0007217	+0.0007714	+0.0008153	+0.0008543	+0.0008864	+0.0009166
2013-05	-0.021	-0.0007486	-0.0006717	-0.0005850	-0.0004752	-0.0003593	-0.0002443	-0.0001254	-0.0000065	+0.0001091	+0.0002261	+0.0003397	+0.0004461	+0.0005425	+0.0006228	+0.0006894	+0.0007413	+0.0007889	+0.0008322	+0.0008715	+0.0009058	+0.0009350
2013-06	-0.046	-0.0006171	-0.0005442	-0.0004682	-0.0003870	-0.0003041	-0.0002175	-0.0001275	-0.0000339	+0.0000620	+0.0001535	+0.0002464	+0.0003376	+0.0004219	+0.0004936	+0.0005554	+0.0006132	+0.0006664	+0.0007117	+0.0007525	+0.0007877	+0.0008232
2013-07	0.014	-0.0005029	-0.0004520	-0.0003998	-0.0003436	-0.0002835	-0.0002182	-0.0001503	-0.0000782	-0.0000062	+0.0000681	+0.0001435	+0.0002150	+0.0002808	+0.0003430	+0.0004003	+0.0004545	+0.0005026	+0.0005474	+0.0005889	+0.0006260	+0.0006597
2013-08	-0.025	-0.0005270	-0.0004757	-0.0004241	-0.0003652	-0.0002996	-0.0002358	-0.0001655	-0.0000922	-0.0000185	+0.0000561	+0.0001329	+0.0002106	+0.0002849	+0.0003532	+0.0004161	+0.0004741	+0.0005279	+0.0005753	+0.0006188	+0.0006597	+0.0006954
2013-09	0.018	-0.0004973	-0.0004518	-0.0004053	-0.0003554	-0.0003012	-0.0002419	-0.0001803	-0.0001154	-0.0000477	+0.0000208	+0.0000911	+0.0001608	+0.0002284	+0.0002900	+0.0003491	+0.0004041	+0.0004521	+0.0004958	+0.0005392	+0.0005811	+0.0006169
2013-10	0.016	-0.0006585	-0.0005929	-0.0005163	-0.0004331	-0.0003446	-0.0002526	-0.0001527	-0.0000512	+0.0000499	+0.0001523	+0.0002517	+0.0003433	+0.0004302	+0.0005072	+0.0005768	+0.0006388	+0.0006959	+0.0007465	+0.0007890	+0.0008282	+0.0008670
2013-11	-0.015	-0.0004995	-0.0004375	-0.0003704	-0.0003102	-0.0002409	-0.0001696	-0.0000969	-0.0000263	+0.0000468	+0.0001224	+0.0001967	+0.0002689	+0.0003388	+0.0004042	+0.0004629	+0.0005143	+0.0005626	+0.0006094	+0.0006534	+0.0006942	+0.0007300
2013-12	0.003	-0.0004985	-0.0004388	-0.0003839	-0.0003231	-0.0002583	-0.0001905	-0.0001192	-0.0000502	+0.0000233	+0.0001011	+0.0001778	+0.0002498	+0.0003189	+0.0003837	+0.0004414	+0.0004928	+0.0005403	+0.0005851	+0.0006251	+0.0006610	+0.0006969
2014-01	-0.004	-0.0005391	-0.0004766	-0.0004194	-0.0003546	-0.0002876	-0.0002192	-0.0001440	-0.0000665	+0.0000112	+0.0000915	+0.0001693	+0.0002411	+0.0003084	+0.0003711	+0.0004303	+0.0004857	+0.0005352	+0.0005792	+0.0006205	+0.0006578	+0.0006934
2014-02	0.016	-0.0004895	-0.0004419	-0.0003892	-0.0003353	-0.0002774	-0.0002183	-0.0001569	-0.0000887	-0.0000190	+0.0000500	+0.0001169	+0.0001834	+0.0002471	+0.0003047	+0.0003584	+0.0004095	+0.0004569	+0.0005008	+0.0005387	+0.0005745	+0.0006095
2014-03	0.009	-0.0004271	-0.0003874	-0.0003415	-0.0002957	-0.0002476	-0.0001978	-0.0001401	-0.0000811	-0.0000211	+0.0000401	+0.0001020	+0.0001633	+0.0002222	+0.0002788	+0.0003306	+0.0003772	+0.0004211	+0.0004615	+0.0004980	+0.0005316	+0.0005626
2014-04	0.007	-0.0004113	-0.0003712	-0.0003268	-0.0002793	-0.0002303	-0.0001806	-0.0001249	-0.0000654	-0.0000042	+0.0000591	+0.0001220	+0.0001858	+0.0002472	+0.0003042	+0.0003563	+0.0004051	+0.0004476	+0.0004887	+0.0005272	+0.0005603	+0.0005924
2014-05	0.022	-0.0004445	-0.0004001	-0.0003515	-0.0003005	-0.0002478	-0.0001947	-0.0001351	-0.0000743	-0.0000119	+0.0000516	+0.0001163	+0.0001810	+0.0002445	+0.0003052	+0.0003599	+0.0004100	+0.0004574	+0.0005017	+0.0005431	+0.0005804	+0.0006133
2014-06	0.001	-0.0005129	-0.0004563	-0.0003983	-0.0003293	-0.0002582	-0.0001846	-0.0001079	-0.0000274	+0.0000581	+0.0001412	+0.0002268	+0.0003072	+0.0003805	+0.0004454	+0.0005048	+0.0005563	+0.0006012	+0.0006407	+0.0006763	+0.0007095	+0.0007420
2014-07	0.003	-0.0004727	-0.0004189	-0.0003636	-0.0003057	-0.0002493	-0.0001867	-0.0001223	-0.0000563	+0.0000159	+0.0000878	+0.0001620	+0.0002329	+0.0002980	+0.0003584	+0.0004147	+0.0004670	+0.0005164	+0.0005613	+0.0006009	+0.0006385	+0.0006733
2014-08	0.004	-0.0004108	-0.0003711	-0.0003298	-0.0002859	-0.0002366	-0.0001823	-0.0001272	-0.0000701	-0.0000094	+0.0000520	+0.0001144	+0.0001735	+0.0002301	+0.0002820	+0.0003317	+0.0003785	+0.0004194	+0.0004584	+0.0004964	+0.0005326	+0.0005655
2014-09	-0.014	-0.0004196	-0.0003770	-0.0003335	-0.0002850	-0.0002358	-0.0001862	-0.0001360	-0.0000825	-0.0000245	+0.0000346	+0.0000925	+0.0001495	+0.0002044	+0.0002549	+0.0003006	+0.0003432	+0.0003837	+0.0004225	+0.0004597	+0.0004916	+0.0005210
2014-10	0.007	-0.0003953	-0.0003643	-0.0003312	-0.0002931	-0.0002543	-0.0002124	-0.0001681	-0.0001186	-0.0000690	-0.0000172	+0.0000359	+0.0000899	+0.0001409	+0.0001898	+0.0002346	+0.0002758	+0.0003158	+0.0003533	+0.0003871	+0.0004173	+0.0004445
2014-11	-0.001	-0.0003786	-0.0003486	-0.0003157	-0.0002794	-0.0002428	-0.0002029	-0.0001615	-0.0001169	-0.0000678	-0.0000155	+0.0000371	+0.0000893	+0.0001386	+0.0001858	+0.0002306	+0.0002729	+0.0003121	+0.0003487	+0.0003815	+0.0004129	+0.0004423
2014-12	-0.010	-0.0004136	-0.0003793	-0.0003456	-0.0003094	-0.0002711	-0.0002299	-0.0001854	-0.0001396	-0.0000901	-0.0000387	+0.0000142	+0.0000674	+0.0001194	+0.0001695	+0.0002145	+0.0002561	+0.0002948	+0.0003309	+0.0003637	+0.0003952	+0.0004257
2015-01	0.006	-0.0004644	-0.0004297	-0.0003939	-0.0003578	-0.0003192	-0.0002768	-0.0002311	-0.0001829	-0.0001314	-0.0000778	-0.0000229	+0.0000312	+0.0000837	+0.0001325	+0.0001780	+0.0002211	+0.0002624	+0.0003001	+0.0003367	+0.0003710	+0.0004039
2015-02	0.003	-0.0004278	-0.0003985	-0.0003653	-0.0003283	-0.0002885	-0.0002461	-0.0002003	-0.0001521	-0.0000989	-0.0000441	+0.0000122	+0.0000663	+0.0001174	+0.0001669	+0.0002123	+0.0002565	+0.0002972	+0.0003338	+0.0003677	+0.0004004	+0.0004309
