2013-01	0.049	-0.0007606	-0.0006959	-0.0006226	-0.0005443	-0.0004617	-0.0003730	-0.0002803	-0.0001815	-0.0000745	+0.0000335	+0.0001424	+0.0002501	+0.0003568	+0.0004580	+0.0005518	+0.0006400	+0.0007210	+0.0007986	+0.0008713	+0.0009385	+0.0010009
2013-02	0.003	-0.0008770	-0.0007888	-0.0007003	-0.0006036	-0.0004964	-0.0003859	-0.0002675	-0.0001440	-0.0000227	+0.0001033	+0.0002316	+0.0003588	+0.0004816	+0.0006007	+0.0007089	+0.0008070	+0.0008999	+0.0009815	+0.0010550	+0.0011231	+0.0011966
2013-03	0.011	-0.0008605	-0.0007750	-0.0006833	-0.0005892	-0.0004876	-0.0003821	-0.0002749	-0.0001644	-0.0000436	+0.0000846	+0.0002168	+0.0003475	+0.0004732	+0.0005928	+0.0007053	+0.0008068	+0.0009014	+0.0009947	+0.0010818	+0.0011549	+0.0012213
2013-04	0.045	-0.0008645	-0.0007836	-0.0007007	-0.0006162	-0.0005218	-0.0004230	-0.0003169	-0.0002063	-0.0000832	+0.0000432	+0.0001659	+0.0002873	+0.0004040	+0.0005102	+0.0006077	+0.0006985	+0.0007850	+0.0008699	+0.0009486	+0.0010275	+0.0010979
2013-05	0.016	-0.0009315	-0.0008308	-0.0007275	-0.0006142	-0.0004924	-0.0003727	-0.0002426	-0.0001105	+0.0000341	+0.0001824	+0.0003309	+0.0004784	+0.0006162	+0.0007443	+0.0008627	+0.0009713	+0.0010744	+0.0011664	+0.0012500	+0.0013239	+0.0013932
2013-06	-0.030	-0.0009504	-0.0008512	-0.0007543	-0.0006428	-0.0005229	-0.0003960	-0.0002546	-0.0001119	+0.0000364	+0.0001901	+0.0003410	+0.0004860	+0.0006219	+0.0007510	+0.0008679	+0.0009823	+0.0010841	+0.0011738	+0.0012558	+0.0013362	+0.0014085
2013-07	0.006	-0.0008915	-0.0008037	-0.0007093	-0.0006176	-0.0005101	-0.0003954	-0.0002728	-0.0001442	-0.0000136	+0.0001227	+0.0002597	+0.0003998	+0.0005344	+0.0006636	+0.0007839	+0.0008957	+0.0010022	+0.0011004	+0.0011864	+0.0012628	+0.0013325
2013-08	-0.004	-0.0010586	-0.0009391	-0.0008140	-0.0006866	-0.0005464	-0.0004078	-0.0002619	-0.0001124	+0.0000413	+0.0001985	+0.0003584	+0.0005082	+0.0006519	+0.0007872	+0.0009104	+0.0010230	+0.0011300	+0.0012275	+0.0013230	+0.0014110	+0.0014956
2013-09	0.004	-0.0011080	-0.0009704	-0.0008304	-0.0006899	-0.0005535	-0.0004159	-0.0002630	-0.0001004	+0.0000662	+0.0002312	+0.0003964	+0.0005536	+0.0007033	+0.0008401	+0.0009655	+0.0010771	+0.0011739	+0.0012694	+0.0013659	+0.0014594	+0.0015462
2013-10	0.014	-0.0013070	-0.0011680	-0.0009917	-0.0008322	-0.0006567	-0.0004761	-0.0002939	-0.0001007	+0.0000994	+0.0002966	+0.0004932	+0.0006742	+0.0008393	+0.0009845	+0.0011153	+0.0012402	+0.0013541	+0.0014616	+0.0015590	+0.0016538	+0.0017466
2013-11	0.031	-0.0010704	-0.0009531	-0.0008208	-0.0006885	-0.0005578	-0.0004068	-0.0002460	-0.0000756	+0.0000956	+0.0002670	+0.0004380	+0.0006024	+0.0007562	+0.0008971	+0.0010241	+0.0011366	+0.0012427	+0.0013442	+0.0014311	+0.0015098	+0.0015810
2013-12	0.027	-0.0012685	-0.0011007	-0.0009606	-0.0008070	-0.0006212	-0.0004396	-0.0002580	-0.0000717	+0.0001206	+0.0003170	+0.0005153	+0.0007028	+0.0008836	+0.0010399	+0.0011760	+0.0012976	+0.0014071	+0.0015082	+0.0016055	+0.0016943	+0.0017771
2014-01	-0.026	-0.0016387	-0.0013848	-0.0011439	-0.0009293	-0.0007215	-0.0005030	-0.0002694	-0.0000326	+0.0002130	+0.0004480	+0.0006747	+0.0008791	+0.0010711	+0.0012412	+0.0013857	+0.0015122	+0.0016317	+0.0017393	+0.0018352	+0.0019160	+0.0019851
2014-02	-0.001	-0.0014432	-0.0012937	-0.0011144	-0.0009205	-0.0007234	-0.0005055	-0.0002885	-0.0000693	+0.0001579	+0.0003918	+0.0006099	+0.0008113	+0.0009953	+0.0011595	+0.0013007	+0.0014176	+0.0015249	+0.0016314	+0.0017261	+0.0018044	+0.0018852
2014-03	0.009	-0.0012541	-0.0010768	-0.0009210	-0.0007658	-0.0006139	-0.0004368	-0.0002472	-0.0000693	+0.0001016	+0.0002775	+0.0004479	+0.0006150	+0.0007661	+0.0009047	+0.0010354	+0.0011597	+0.0012683	+0.0013635	+0.0014502	+0.0015312	+0.0016048
2014-04	-0.001	-0.0010073	-0.0008803	-0.0007619	-0.0006268	-0.0004921	-0.0003510	-0.0002014	-0.0000482	+0.0001205	+0.0002867	+0.0004448	+0.0005975	+0.0007437	+0.0008840	+0.0010098	+0.0011273	+0.0012355	+0.0013277	+0.0014091	+0.0014872	+0.0015553
2014-05	-0.008	-0.0012597	-0.0010844	-0.0009165	-0.0007412	-0.0005643	-0.0003928	-0.0002172	-0.0000410	+0.0001356	+0.0003178	+0.0005015	+0.0006759	+0.0008401	+0.0009842	+0.0011149	+0.0012273	+0.0013288	+0.0014229	+0.0015084	+0.0015851	+0.0016627
2014-06	-0.000	-0.0012940	-0.0011218	-0.0009626	-0.0008001	-0.0006368	-0.0004498	-0.0002368	-0.0000177	+0.0001965	+0.0004158	+0.0006234	+0.0008120	+0.0009831	+0.0011391	+0.0012754	+0.0013987	+0.0015070	+0.0016050	+0.0016935	+0.0017719	+0.0018414
2014-07	0.005	-0.0012556	-0.0011038	-0.0009454	-0.0007619	-0.0005882	-0.0004177	-0.0002333	-0.0000444	+0.0001573	+0.0003562	+0.0005468	+0.0007282	+0.0008851	+0.0010275	+0.0011593	+0.0012748	+0.0013803	+0.0014798	+0.0015655	+0.0016501	+0.0017235
2014-08	0.003	-0.0013432	-0.0011977	-0.0010368	-0.0008385	-0.0006326	-0.0004307	-0.0002299	-0.0000262	+0.0001753	+0.0003808	+0.0005819	+0.0007674	+0.0009407	+0.0010924	+0.0012309	+0.0013464	+0.0014524	+0.0015496	+0.0016392	+0.0017264	+0.0017978
2014-09	0.032	-0.0013085	-0.0011667	-0.0010152	-0.0008178	-0.0006188	-0.0004198	-0.0002157	-0.0000075	+0.0001999	+0.0004020	+0.0005954	+0.0007762	+0.0009429	+0.0010910	+0.0012252	+0.0013414	+0.0014407	+0.0015331	+0.0016179	+0.0016947	+0.0017600
2014-10	-0.002	-0.0014081	-0.0012427	-0.0010590	-0.0008790	-0.0006639	-0.0004641	-0.0002521	-0.0000381	+0.0001967	+0.0004246	+0.0006494	+0.0008573	+0.0010466	+0.0012083	+0.0013446	+0.0014624	+0.0015639	+0.0016516	+0.0017319	+0.0018067	+0.0018781
2014-11	0.060	-0.0013006	-0.0011379	-0.0009685	-0.0007970	-0.0006053	-0.0004149	-0.0002133	-0.0000196	+0.0001772	+0.0003798	+0.0005874	+0.0007830	+0.0009522	+0.0011006	+0.0012315	+0.0013485	+0.0014497	+0.0015450	+0.0016259	+0.0017004	+0.0017698
2014-12	0.005	-0.0014902	-0.0012632	-0.0010831	-0.0009125	-0.0007274	-0.0005126	-0.0002665	-0.0000042	+0.0002317	+0.0004585	+0.0006737	+0.0008758	+0.0010649	+0.0012243	+0.0013623	+0.0014935	+0.0016076	+0.0017045	+0.0017999	+0.0018932	+0.0019793
2015-01	-0.026	-0.0012489	-0.0011028	-0.0009487	-0.0007821	-0.0006127	-0.0004302	-0.0002511	-0.0000591	+0.0001432	+0.0003556	+0.0005534	+0.0007429	+0.0009122	+0.0010591	+0.0011891	+0.0013043	+0.0014128	+0.0015169	+0.0016240	+0.0017168	+0.0017982
2015-02	-0.001	-0.0009603	-0.0008603	-0.0007606	-0.0006486	-0.0005238	-0.0003885	-0.0002540	-0.0001109	+0.0000394	+0.0001922	+0.0003400	+0.0004841	+0.0006190	+0.0007447	+0.0008609	+0.0009665	+0.0010674	+0.0011630	+0.0012559	+0.0013332	+0.0014069
