2014-02	0.013	-0.0007070	-0.0006228	-0.0005288	-0.0004346	-0.0003382	-0.0002361	-0.0001307	-0.0000209	+0.0000813	+0.0001933	+0.0003050	+0.0004088	+0.0005023	+0.0005858	+0.0006627	+0.0007305	+0.0007901	+0.0008463	+0.0008976	+0.0009426	+0.0009906
2014-03	0.003	-0.0006832	-0.0005974	-0.0005202	-0.0004280	-0.0003356	-0.0002343	-0.0001308	-0.0000246	+0.0000821	+0.0001880	+0.0002897	+0.0003899	+0.0004826	+0.0005603	+0.0006303	+0.0006907	+0.0007454	+0.0007998	+0.0008504	+0.0008973	+0.0009390
2014-04	0.009	-0.0006525	-0.0005709	-0.0004906	-0.0004134	-0.0003194	-0.0002203	-0.0001144	-0.0000101	+0.0000970	+0.0002008	+0.0003047	+0.0004038	+0.0004948	+0.0005781	+0.0006534	+0.0007163	+0.0007684	+0.0008165	+0.0008607	+0.0009052	+0.0009476
2014-05	0.015	-0.0007238	-0.0006330	-0.0005416	-0.0004445	-0.0003361	-0.0002319	-0.0001259	-0.0000196	+0.0000922	+0.0002073	+0.0003150	+0.0004136	+0.0005032	+0.0005870	+0.0006614	+0.0007282	+0.0007839	+0.0008334	+0.0008758	+0.0009154	+0.0009538
2014-06	0.012	-0.0007777	-0.0006914	-0.0005877	-0.0004873	-0.0003775	-0.0002548	-0.0001298	-0.0000003	+0.0001355	+0.0002658	+0.0003940	+0.0005146	+0.0006209	+0.0007107	+0.0007888	+0.0008534	+0.0009064	+0.0009563	+0.0010018	+0.0010448	+0.0010814
2014-07	0.008	-0.0007190	-0.0006240	-0.0005333	-0.0004384	-0.0003424	-0.0002386	-0.0001259	-0.0000104	+0.0001098	+0.0002271	+0.0003380	+0.0004428	+0.0005407	+0.0006246	+0.0006969	+0.0007613	+0.0008183	+0.0008652	+0.0009086	+0.0009484	+0.0009856
2014-08	0.005	-0.0006441	-0.0005685	-0.0004818	-0.0003893	-0.0003027	-0.0002066	-0.0001057	-0.0000023	+0.0001016	+0.0002053	+0.0003052	+0.0004032	+0.0004883	+0.0005629	+0.0006308	+0.0006914	+0.0007456	+0.0007949	+0.0008402	+0.0008846	+0.0009238
2014-09	-0.013	-0.0006792	-0.0005961	-0.0005073	-0.0004225	-0.0003320	-0.0002312	-0.0001288	-0.0000235	+0.0000910	+0.0002049	+0.0003062	+0.0004017	+0.0004874	+0.0005626	+0.0006283	+0.0006864	+0.0007354	+0.0007787	+0.0008170	+0.0008498	+0.0008834
2014-10	0.001	-0.0005853	-0.0005060	-0.0004325	-0.0003551	-0.0002827	-0.0002057	-0.0001224	-0.0000347	+0.0000596	+0.0001541	+0.0002415	+0.0003271	+0.0004037	+0.0004716	+0.0005315	+0.0005840	+0.0006307	+0.0006746	+0.0007166	+0.0007568	+0.0007886
2014-11	-0.003	-0.0004719	-0.0004203	-0.0003731	-0.0003145	-0.0002577	-0.0001919	-0.0001198	-0.0000450	+0.0000342	+0.0001137	+0.0001927	+0.0002692	+0.0003369	+0.0003978	+0.0004539	+0.0005028	+0.0005476	+0.0005898	+0.0006294	+0.0006682	+0.0007054
2014-12	-0.024	-0.0004625	-0.0004195	-0.0003739	-0.0003212	-0.0002650	-0.0002034	-0.0001389	-0.0000724	-0.0000016	+0.0000705	+0.0001425	+0.0002102	+0.0002748	+0.0003354	+0.0003903	+0.0004391	+0.0004838	+0.0005251	+0.0005645	+0.0006013	+0.0006313
2015-01	0.001	-0.0004141	-0.0003793	-0.0003434	-0.0003056	-0.0002635	-0.0002188	-0.0001722	-0.0001224	-0.0000679	-0.0000122	+0.0000455	+0.0001030	+0.0001570	+0.0002068	+0.0002522	+0.0002957	+0.0003385	+0.0003772	+0.0004134	+0.0004464	+0.0004782
2015-02	0.003	-0.0004311	-0.0003862	-0.0003439	-0.0003034	-0.0002577	-0.0002112	-0.0001617	-0.0001089	-0.0000527	+0.0000075	+0.0000694	+0.0001324	+0.0001925	+0.0002496	+0.0003024	+0.0003500	+0.0003936	+0.0004329	+0.0004699	+0.0005017	+0.0005317
