2013-01	0.042	-0.0011815	-0.0010402	-0.0008918	-0.0007496	-0.0005945	-0.0004339	-0.0002752	-0.0000994	+0.0000785	+0.0002629	+0.0004414	+0.0006076	+0.0007692	+0.0009149	+0.0010484	+0.0011693	+0.0012837	+0.0013885	+0.0014806	+0.0015668	+0.0016475
2013-02	-0.007	-0.0014094	-0.0012452	-0.0010785	-0.0009049	-0.0007127	-0.0005208	-0.0003192	-0.0001110	+0.0001054	+0.0003287	+0.0005364	+0.0007305	+0.0009187	+0.0010909	+0.0012449	+0.0013799	+0.0015005	+0.0016110	+0.0017138	+0.0018127	+0.0019143
2013-03	0.021	-0.0012621	-0.0011284	-0.0009783	-0.0008144	-0.0006591	-0.0004894	-0.0003126	-0.0001282	+0.0000624	+0.0002607	+0.0004545	+0.0006401	+0.0008158	+0.0009787	+0.0011294	+0.0012675	+0.0013902	+0.0014983	+0.0016023	+0.0016934	+0.0017841
2013-04	0.052	-0.0012600	-0.0011373	-0.0009956	-0.0008384	-0.0006750	-0.0005066	-0.0003305	-0.0001463	+0.0000445	+0.0002324	+0.0004222	+0.0005960	+0.0007595	+0.0009107	+0.0010418	+0.0011592	+0.0012782	+0.0013910	+0.0014924	+0.0015922	+0.0016931
2013-05	-0.007	-0.0013088	-0.0011697	-0.0010118	-0.0008525	-0.0006615	-0.0004558	-0.0002581	-0.0000543	+0.0001574	+0.0003726	+0.0005910	+0.0007925	+0.0009832	+0.0011481	+0.0012955	+0.0014365	+0.0015598	+0.0016702	+0.0017730	+0.0018747	+0.0019650
2013-06	-0.067	-0.0012172	-0.0010910	-0.0009568	-0.0008030	-0.0006339	-0.0004677	-0.0002801	-0.0000808	+0.0001206	+0.0003198	+0.0005124	+0.0006991	+0.0008712	+0.0010309	+0.0011777	+0.0013141	+0.0014421	+0.0015654	+0.0016793	+0.0017805	+0.0018689
2013-07	-0.004	-0.0011030	-0.0009994	-0.0008885	-0.0007691	-0.0006355	-0.0004911	-0.0003352	-0.0001687	-0.0000020	+0.0001643	+0.0003351	+0.0005082	+0.0006701	+0.0008264	+0.0009681	+0.0010973	+0.0012166	+0.0013331	+0.0014395	+0.0015374	+0.0016168
2013-08	-0.013	-0.0012198	-0.0010850	-0.0009405	-0.0008019	-0.0006611	-0.0005075	-0.0003513	-0.0001836	-0.0000015	+0.0001801	+0.0003535	+0.0005252	+0.0006937	+0.0008499	+0.0009888	+0.0011159	+0.0012314	+0.0013431	+0.0014523	+0.0015582	+0.0016549
2013-09	0.030	-0.0011873	-0.0010340	-0.0008993	-0.0007659	-0.0006343	-0.0004871	-0.0003294	-0.0001597	+0.0000144	+0.0001888	+0.0003641	+0.0005336	+0.0006969	+0.0008494	+0.0009856	+0.0011085	+0.0012212	+0.0013325	+0.0014445	+0.0015504	+0.0016479
2013-10	0.025	-0.0015615	-0.0013666	-0.0011818	-0.0009876	-0.0007837	-0.0005747	-0.0003487	-0.0001111	+0.0001299	+0.0003659	+0.0005938	+0.0008119	+0.0010051	+0.0011828	+0.0013438	+0.0014907	+0.0016332	+0.0017570	+0.0018734	+0.0019810	+0.0020855
2013-11	0.013	-0.0011568	-0.0010371	-0.0009122	-0.0007706	-0.0006143	-0.0004481	-0.0002702	-0.0000873	+0.0001027	+0.0002944	+0.0004845	+0.0006620	+0.0008345	+0.0009936	+0.0011397	+0.0012686	+0.0013905	+0.0014966	+0.0015950	+0.0016899	+0.0017836
2013-12	0.014	-0.0013072	-0.0011555	-0.0010009	-0.0008420	-0.0006590	-0.0004670	-0.0002936	-0.0001082	+0.0000917	+0.0002975	+0.0005006	+0.0007002	+0.0008897	+0.0010601	+0.0012068	+0.0013433	+0.0014708	+0.0015854	+0.0016881	+0.0017843	+0.0018715
2014-01	-0.017	-0.0016142	-0.0013722	-0.0011534	-0.0009402	-0.0007476	-0.0005377	-0.0003151	-0.0000838	+0.0001537	+0.0003841	+0.0006157	+0.0008283	+0.0010301	+0.0012172	+0.0013792	+0.0015184	+0.0016459	+0.0017571	+0.0018640	+0.0019629	+0.0020509
2014-02	0.013	-0.0014285	-0.0012710	-0.0011087	-0.0009296	-0.0007432	-0.0005415	-0.0003359	-0.0001177	+0.0001000	+0.0003223	+0.0005362	+0.0007412	+0.0009310	+0.0011039	+0.0012586	+0.0013905	+0.0015103	+0.0016234	+0.0017218	+0.0018231	+0.0019255
2014-03	0.023	-0.0012772	-0.0011142	-0.0009647	-0.0008112	-0.0006600	-0.0004880	-0.0003133	-0.0001368	+0.0000378	+0.0002140	+0.0003834	+0.0005498	+0.0007111	+0.0008639	+0.0010106	+0.0011439	+0.0012600	+0.0013709	+0.0014814	+0.0015807	+0.0016705
2014-04	0.007	-0.0010680	-0.0009606	-0.0008423	-0.0007017	-0.0005506	-0.0003971	-0.0002296	-0.0000663	+0.0001022	+0.0002738	+0.0004483	+0.0006207	+0.0007843	+0.0009391	+0.0010792	+0.0012065	+0.0013227	+0.0014290	+0.0015321	+0.0016290	+0.0017213
2014-05	0.002	-0.0013054	-0.0011200	-0.0009461	-0.0007882	-0.0006173	-0.0004367	-0.0002512	-0.0000677	+0.0001153	+0.0003074	+0.0005057	+0.0006933	+0.0008678	+0.0010286	+0.0011749	+0.0013065	+0.0014268	+0.0015361	+0.0016385	+0.0017294	+0.0018172
2014-06	0.002	-0.0013927	-0.0012372	-0.0010552	-0.0008821	-0.0006928	-0.0004897	-0.0002657	-0.0000273	+0.0002176	+0.0004545	+0.0006865	+0.0009016	+0.0010876	+0.0012579	+0.0014152	+0.0015548	+0.0016767	+0.0017905	+0.0018884	+0.0019725	+0.0020491
2014-07	0.007	-0.0013620	-0.0011815	-0.0010284	-0.0008417	-0.0006663	-0.0004737	-0.0002725	-0.0000730	+0.0001351	+0.0003529	+0.0005608	+0.0007603	+0.0009357	+0.0010894	+0.0012292	+0.0013651	+0.0014889	+0.0015979	+0.0016948	+0.0017830	+0.0018792
2014-08	0.020	-0.0013660	-0.0012244	-0.0010618	-0.0008705	-0.0006638	-0.0004624	-0.0002554	-0.0000412	+0.0001723	+0.0003953	+0.0006001	+0.0007937	+0.0009738	+0.0011397	+0.0012844	+0.0014109	+0.0015272	+0.0016334	+0.0017312	+0.0018194	+0.0019026
2014-09	0.001	-0.0014491	-0.0012996	-0.0010863	-0.0008892	-0.0006765	-0.0004559	-0.0002448	-0.0000213	+0.0002031	+0.0004239	+0.0006351	+0.0008325	+0.0010100	+0.0011718	+0.0013111	+0.0014373	+0.0015529	+0.0016561	+0.0017526	+0.0018413	+0.0019214
2014-10	-0.000	-0.0013774	-0.0012217	-0.0010597	-0.0008659	-0.0006738	-0.0004783	-0.0002793	-0.0000726	+0.0001484	+0.0003786	+0.0005981	+0.0008062	+0.0010022	+0.0011723	+0.0013126	+0.0014432	+0.0015607	+0.0016694	+0.0017625	+0.0018413	+0.0019165
2014-11	0.061	-0.0012583	-0.0011117	-0.0009475	-0.0007896	-0.0006190	-0.0004444	-0.0002610	-0.0000692	+0.0001275	+0.0003293	+0.0005301	+0.0007109	+0.0008798	+0.0010396	+0.0011919	+0.0013184	+0.0014311	+0.0015334	+0.0016265	+0.0017126	+0.0017894
2014-12	-0.010	-0.0014936	-0.0013102	-0.0011178	-0.0009361	-0.0007483	-0.0005374	-0.0003047	-0.0000596	+0.0001863	+0.0004124	+0.0006213	+0.0008264	+0.0010067	+0.0011752	+0.0013273	+0.0014656	+0.0015913	+0.0017056	+0.0018181	+0.0019295	+0.0020311
2015-01	-0.036	-0.0011589	-0.0010198	-0.0008864	-0.0007356	-0.0005921	-0.0004311	-0.0002673	-0.0000953	+0.0000803	+0.0002655	+0.0004503	+0.0006232	+0.0007904	+0.0009440	+0.0010799	+0.0012021	+0.0013232	+0.0014318	+0.0015298	+0.0016124	+0.0016937
2015-02	0.001	-0.0009365	-0.0008503	-0.0007573	-0.0006633	-0.0005518	-0.0004317	-0.0003071	-0.0001769	-0.0000395	+0.0000974	+0.0002371	+0.0003739	+0.0005108	+0.0006393	+0.0007637	+0.0008776	+0.0009840	+0.0010859	+0.0011876	+0.0012834	+0.0013734
