2013-01	0.079	-0.0015991	-0.0014831	-0.0013583	-0.0012165	-0.0010634	-0.0008982	-0.0007259	-0.0005495	-0.0003684	-0.0001768	+0.0000195	+0.0002258	+0.0004306	+0.0006274	+0.0008159	+0.0009906	+0.0011594	+0.0013128	+0.0014560	+0.0015833	+0.0016981
2013-02	0.016	-0.0016128	-0.0014647	-0.0013071	-0.0011477	-0.0009789	-0.0007969	-0.0005997	-0.0003924	-0.0001818	+0.0000407	+0.0002675	+0.0004942	+0.0007132	+0.0009155	+0.0011039	+0.0012746	+0.0014259	+0.0015592	+0.0016903	+0.0018131	+0.0019233
2013-03	0.000	-0.0015367	-0.0014076	-0.0012657	-0.0011150	-0.0009596	-0.0007919	-0.0006117	-0.0004163	-0.0002086	+0.0000021	+0.0002249	+0.0004516	+0.0006777	+0.0008884	+0.0010878	+0.0012765	+0.0014453	+0.0016061	+0.0017495	+0.0018907	+0.0020280
2013-04	0.054	-0.0015931	-0.0014633	-0.0013229	-0.0011788	-0.0010224	-0.0008550	-0.0006735	-0.0004767	-0.0002742	-0.0000649	+0.0001483	+0.0003651	+0.0005740	+0.0007746	+0.0009594	+0.0011286	+0.0012822	+0.0014198	+0.0015498	+0.0016731	+0.0017756
2013-05	-0.012	-0.0016412	-0.0014979	-0.0013372	-0.0011646	-0.0009751	-0.0007866	-0.0005787	-0.0003675	-0.0001478	+0.0000818	+0.0003162	+0.0005490	+0.0007756	+0.0009905	+0.0011839	+0.0013656	+0.0015338	+0.0016894	+0.0018358	+0.0019608	+0.0020692
2013-06	-0.094	-0.0015816	-0.0014491	-0.0013113	-0.0011576	-0.0009992	-0.0008318	-0.0006478	-0.0004561	-0.0002551	-0.0000396	+0.0001785	+0.0004035	+0.0006277	+0.0008334	+0.0010295	+0.0012117	+0.0013889	+0.0015556	+0.0017070	+0.0018462	+0.0019759
2013-07	-0.037	-0.0018105	-0.0016881	-0.0015475	-0.0013870	-0.0012168	-0.0010417	-0.0008583	-0.0006680	-0.0004600	-0.0002380	-0.0000045	+0.0002238	+0.0004455	+0.0006551	+0.0008510	+0.0010350	+0.0012057	+0.0013589	+0.0015185	+0.0016696	+0.0017875
2013-08	-0.038	-0.0018379	-0.0017216	-0.0015922	-0.0014482	-0.0012885	-0.0011152	-0.0009306	-0.0007211	-0.0005036	-0.0002767	-0.0000485	+0.0001800	+0.0004020	+0.0006190	+0.0008272	+0.0010179	+0.0011862	+0.0013438	+0.0015009	+0.0016422	+0.0017792
2013-09	0.046	-0.0020180	-0.0018686	-0.0017272	-0.0015701	-0.0013943	-0.0012125	-0.0010229	-0.0008210	-0.0006046	-0.0003740	-0.0001377	+0.0000982	+0.0003341	+0.0005582	+0.0007700	+0.0009611	+0.0011420	+0.0013216	+0.0014902	+0.0016582	+0.0018208
2013-10	0.042	-0.0017459	-0.0016072	-0.0014471	-0.0012696	-0.0010826	-0.0008844	-0.0006866	-0.0004685	-0.0002275	+0.0000249	+0.0002825	+0.0005386	+0.0007882	+0.0010284	+0.0012436	+0.0014472	+0.0016330	+0.0018074	+0.0019598	+0.0021029	+0.0022345
2013-11	-0.038	-0.0015133	-0.0013982	-0.0012791	-0.0011525	-0.0010126	-0.0008529	-0.0006755	-0.0004892	-0.0002920	-0.0000867	+0.0001255	+0.0003426	+0.0005521	+0.0007510	+0.0009351	+0.0011058	+0.0012672	+0.0014238	+0.0015755	+0.0017147	+0.0018526
2013-12	0.020	-0.0017076	-0.0015453	-0.0013799	-0.0012139	-0.0010472	-0.0008752	-0.0006870	-0.0004910	-0.0002816	-0.0000588	+0.0001647	+0.0003902	+0.0006036	+0.0008061	+0.0009997	+0.0011819	+0.0013510	+0.0015053	+0.0016560	+0.0017982	+0.0019182
2014-01	-0.059	-0.0015730	-0.0014319	-0.0012876	-0.0011211	-0.0009524	-0.0007799	-0.0005967	-0.0003978	-0.0001808	+0.0000425	+0.0002697	+0.0005003	+0.0007249	+0.0009359	+0.0011407	+0.0013330	+0.0015115	+0.0016833	+0.0018508	+0.0020097	+0.0021661
2014-02	0.050	-0.0015833	-0.0014472	-0.0013183	-0.0011897	-0.0010492	-0.0008980	-0.0007290	-0.0005520	-0.0003598	-0.0001513	+0.0000614	+0.0002779	+0.0004833	+0.0006796	+0.0008642	+0.0010413	+0.0012133	+0.0013757	+0.0015302	+0.0016783	+0.0018167
2014-03	0.052	-0.0017836	-0.0016561	-0.0015198	-0.0013662	-0.0012070	-0.0010357	-0.0008592	-0.0006666	-0.0004616	-0.0002516	-0.0000362	+0.0001789	+0.0003903	+0.0005908	+0.0007780	+0.0009536	+0.0011257	+0.0012828	+0.0014171	+0.0015380	+0.0016627
2014-04	0.025	-0.0015273	-0.0013951	-0.0012588	-0.0011209	-0.0009646	-0.0007984	-0.0006200	-0.0004339	-0.0002359	-0.0000247	+0.0001889	+0.0004070	+0.0006205	+0.0008228	+0.0010131	+0.0011981	+0.0013791	+0.0015465	+0.0017025	+0.0018673	+0.0020082
2014-05	0.000	-0.0016048	-0.0014606	-0.0013082	-0.0011490	-0.0009763	-0.0007880	-0.0005878	-0.0003806	-0.0001551	+0.0000863	+0.0003300	+0.0005760	+0.0008132	+0.0010297	+0.0012305	+0.0014324	+0.0016270	+0.0017997	+0.0019513	+0.0020865	+0.0022153
2014-06	0.031	-0.0015822	-0.0014303	-0.0012648	-0.0010860	-0.0008905	-0.0006871	-0.0004690	-0.0002325	+0.0000118	+0.0002699	+0.0005271	+0.0007811	+0.0010195	+0.0012435	+0.0014464	+0.0016346	+0.0018242	+0.0019958	+0.0021516	+0.0022929	+0.0024068
2014-07	0.009	-0.0017320	-0.0015599	-0.0013973	-0.0012164	-0.0009993	-0.0007755	-0.0005384	-0.0002891	-0.0000326	+0.0002295	+0.0004865	+0.0007358	+0.0009897	+0.0012256	+0.0014368	+0.0016267	+0.0018049	+0.0019752	+0.0021352	+0.0022757	+0.0024122
2014-08	0.016	-0.0017656	-0.0015917	-0.0014023	-0.0011931	-0.0009699	-0.0007253	-0.0004746	-0.0002169	+0.0000374	+0.0002950	+0.0005559	+0.0008172	+0.0010738	+0.0013023	+0.0015181	+0.0017141	+0.0018974	+0.0020634	+0.0022165	+0.0023661	+0.0024970
2014-09	-0.033	-0.0018354	-0.0016353	-0.0014090	-0.0011646	-0.0009290	-0.0006973	-0.0004569	-0.0002077	+0.0000489	+0.0003165	+0.0005842	+0.0008355	+0.0010771	+0.0013008	+0.0015095	+0.0017024	+0.0018727	+0.0020279	+0.0021732	+0.0023108	+0.0024361
2014-10	-0.009	-0.0016747	-0.0015276	-0.0013673	-0.0011908	-0.0009769	-0.0007420	-0.0005084	-0.0002678	-0.0000123	+0.0002471	+0.0005096	+0.0007633	+0.0010016	+0.0012254	+0.0014268	+0.0016171	+0.0017954	+0.0019596	+0.0021106	+0.0022692	+0.0024217
2014-11	0.075	-0.0015939	-0.0014420	-0.0012877	-0.0011249	-0.0009507	-0.0007633	-0.0005525	-0.0003310	-0.0000973	+0.0001389	+0.0003810	+0.0006272	+0.0008699	+0.0011035	+0.0013128	+0.0015001	+0.0016734	+0.0018284	+0.0019697	+0.0020981	+0.0022201
2014-12	-0.055	-0.0018001	-0.0016244	-0.0014177	-0.0011997	-0.0009805	-0.0007474	-0.0005015	-0.0002369	+0.0000377	+0.0003216	+0.0006107	+0.0008884	+0.0011520	+0.0014025	+0.0016370	+0.0018513	+0.0020440	+0.0022325	+0.0024028	+0.0025575	+0.0027061
2015-01	0.037	-0.0017244	-0.0015699	-0.0013952	-0.0012228	-0.0010475	-0.0008621	-0.0006650	-0.0004602	-0.0002308	+0.0000122	+0.0002608	+0.0005070	+0.0007428	+0.0009679	+0.0011714	+0.0013539	+0.0015137	+0.0016727	+0.0018317	+0.0019853	+0.0021306
2015-02	-0.064	-0.0016823	-0.0015403	-0.0013847	-0.0012235	-0.0010601	-0.0008739	-0.0006789	-0.0004768	-0.0002635	-0.0000472	+0.0001771	+0.0004028	+0.0006186	+0.0008349	+0.0010413	+0.0012332	+0.0014110	+0.0015693	+0.0017231	+0.0018679	+0.0020051
