2013-01	0.086	-0.0022448	-0.0020910	-0.0019146	-0.0017268	-0.0015221	-0.0013042	-0.0010793	-0.0008496	-0.0005971	-0.0003356	-0.0000615	+0.0002069	+0.0004655	+0.0007110	+0.0009355	+0.0011458	+0.0013365	+0.0015235	+0.0016996	+0.0018643	+0.0019970
2013-02	0.030	-0.0021775	-0.0020153	-0.0018263	-0.0016261	-0.0014139	-0.0011949	-0.0009632	-0.0007255	-0.0004710	-0.0002079	+0.0000609	+0.0003278	+0.0005814	+0.0008253	+0.0010566	+0.0012754	+0.0014731	+0.0016497	+0.0018095	+0.0019500	+0.0020962
2013-03	0.064	-0.0021683	-0.0019670	-0.0017820	-0.0016066	-0.0014180	-0.0012033	-0.0009745	-0.0007293	-0.0004645	-0.0001957	+0.0000830	+0.0003577	+0.0006207	+0.0008737	+0.0011069	+0.0013188	+0.0015206	+0.0017183	+0.0019056	+0.0020570	+0.0021946
2013-04	0.138	-0.0017865	-0.0015941	-0.0014151	-0.0012392	-0.0010485	-0.0008337	-0.0006108	-0.0003666	-0.0001088	+0.0001605	+0.0004239	+0.0006779	+0.0009201	+0.0011456	+0.0013567	+0.0015605	+0.0017520	+0.0019192	+0.0020677	+0.0022122	+0.0023429
2013-05	-0.031	-0.0020588	-0.0018351	-0.0016052	-0.0013596	-0.0010924	-0.0008032	-0.0004987	-0.0001719	+0.0001532	+0.0004676	+0.0007745	+0.0010798	+0.0013659	+0.0016423	+0.0018944	+0.0021123	+0.0023227	+0.0025201	+0.0026918	+0.0028318	+0.0029630
2013-06	0.003	-0.0020261	-0.0018190	-0.0016105	-0.0013693	-0.0011084	-0.0008335	-0.0005517	-0.0002511	+0.0000666	+0.0003929	+0.0007176	+0.0010310	+0.0013297	+0.0016137	+0.0018772	+0.0021235	+0.0023381	+0.0025331	+0.0027222	+0.0029005	+0.0030627
2013-07	0.003	-0.0020433	-0.0018421	-0.0016360	-0.0014134	-0.0011638	-0.0008979	-0.0006246	-0.0003188	-0.0000031	+0.0003135	+0.0006435	+0.0009676	+0.0012791	+0.0015665	+0.0018377	+0.0020821	+0.0022968	+0.0024941	+0.0026862	+0.0028920	+0.0030684
2013-08	-0.023	-0.0022613	-0.0020305	-0.0017804	-0.0015392	-0.0012721	-0.0009781	-0.0006541	-0.0003252	+0.0000046	+0.0003451	+0.0006823	+0.0010103	+0.0013315	+0.0016389	+0.0019223	+0.0021745	+0.0023982	+0.0026188	+0.0028300	+0.0030167	+0.0031874
2013-09	0.078	-0.0026291	-0.0022753	-0.0019529	-0.0016325	-0.0013154	-0.0009810	-0.0006266	-0.0002584	+0.0001345	+0.0005365	+0.0009283	+0.0013040	+0.0016583	+0.0019785	+0.0022680	+0.0025179	+0.0027454	+0.0029514	+0.0031449	+0.0033254	+0.0034806
2013-10	0.003	-0.0029764	-0.0026694	-0.0023339	-0.0019459	-0.0015517	-0.0011255	-0.0006531	-0.0001973	+0.0002676	+0.0007517	+0.0012007	+0.0016158	+0.0019939	+0.0023320	+0.0026314	+0.0029100	+0.0031664	+0.0034222	+0.0036636	+0.0038727	+0.0041019
2013-11	0.050	-0.0027143	-0.0024070	-0.0020651	-0.0017022	-0.0013220	-0.0009175	-0.0005191	-0.0001101	+0.0003175	+0.0007605	+0.0011982	+0.0016148	+0.0019909	+0.0023433	+0.0026607	+0.0029428	+0.0031979	+0.0034289	+0.0036291	+0.0038149	+0.0039858
2013-12	0.037	-0.0031040	-0.0027099	-0.0023049	-0.0019233	-0.0015167	-0.0010917	-0.0006465	-0.0001814	+0.0002961	+0.0007881	+0.0012656	+0.0016965	+0.0020992	+0.0024583	+0.0027625	+0.0030347	+0.0032873	+0.0035059	+0.0037053	+0.0038963	+0.0040825
2014-01	-0.046	-0.0035017	-0.0030115	-0.0025153	-0.0020436	-0.0015833	-0.0010975	-0.0005928	-0.0000861	+0.0004665	+0.0009748	+0.0014672	+0.0019238	+0.0023291	+0.0026942	+0.0030273	+0.0033176	+0.0035727	+0.0037789	+0.0039753	+0.0041744	+0.0043618
2014-02	-0.012	-0.0033616	-0.0029182	-0.0024844	-0.0020532	-0.0016080	-0.0011504	-0.0006788	-0.0001803	+0.0003251	+0.0008009	+0.0012735	+0.0017278	+0.0021317	+0.0024903	+0.0028085	+0.0030744	+0.0033071	+0.0035184	+0.0037366	+0.0039536	+0.0041422
2014-03	-0.004	-0.0027650	-0.0024240	-0.0020852	-0.0017435	-0.0013810	-0.0009943	-0.0005853	-0.0001845	+0.0002223	+0.0006270	+0.0010236	+0.0014083	+0.0017747	+0.0021090	+0.0024128	+0.0026779	+0.0029106	+0.0031401	+0.0033763	+0.0035864	+0.0037620
2014-04	-0.039	-0.0024731	-0.0021756	-0.0018667	-0.0015331	-0.0012067	-0.0008848	-0.0005514	-0.0001904	+0.0001854	+0.0005543	+0.0009208	+0.0012772	+0.0016148	+0.0019162	+0.0021964	+0.0024596	+0.0026962	+0.0029097	+0.0031124	+0.0033138	+0.0034775
2014-05	0.034	-0.0026501	-0.0022915	-0.0019483	-0.0016091	-0.0012731	-0.0009182	-0.0005490	-0.0001522	+0.0002380	+0.0006446	+0.0010344	+0.0014062	+0.0017584	+0.0020889	+0.0023782	+0.0026171	+0.0028365	+0.0030414	+0.0032404	+0.0034346	+0.0036208
2014-06	0.046	-0.0028896	-0.0025717	-0.0022081	-0.0018362	-0.0014348	-0.0010037	-0.0005380	-0.0000690	+0.0004155	+0.0009052	+0.0013779	+0.0018249	+0.0022333	+0.0025952	+0.0029187	+0.0031983	+0.0034376	+0.0036546	+0.0038623	+0.0040552	+0.0042399
2014-07	0.012	-0.0029454	-0.0025838	-0.0021883	-0.0018093	-0.0014111	-0.0010115	-0.0005963	-0.0001587	+0.0002889	+0.0007523	+0.0012097	+0.0016255	+0.0020313	+0.0023961	+0.0027132	+0.0029853	+0.0032302	+0.0034653	+0.0036647	+0.0038439	+0.0040163
2014-08	-0.015	-0.0032119	-0.0027994	-0.0023529	-0.0019525	-0.0015329	-0.0010775	-0.0006120	-0.0001179	+0.0003747	+0.0008791	+0.0013697	+0.0018084	+0.0022265	+0.0026128	+0.0029375	+0.0032237	+0.0034708	+0.0036922	+0.0039026	+0.0041040	+0.0042718
2014-09	0.049	-0.0030701	-0.0026551	-0.0022503	-0.0018777	-0.0014270	-0.0009942	-0.0005324	-0.0000382	+0.0004388	+0.0009272	+0.0013953	+0.0018332	+0.0022394	+0.0025953	+0.0029182	+0.0031971	+0.0034383	+0.0036443	+0.0038363	+0.0040116	+0.0041900
2014-10	0.004	-0.0031520	-0.0027916	-0.0023955	-0.0019656	-0.0015092	-0.0010511	-0.0006003	-0.0001226	+0.0003997	+0.0009251	+0.0014280	+0.0019063	+0.0023386	+0.0027315	+0.0030677	+0.0033408	+0.0035917	+0.0038222	+0.0040357	+0.0042157	+0.0043942
2014-11	0.056	-0.0028770	-0.0025389	-0.0021837	-0.0017923	-0.0013786	-0.0009657	-0.0005254	-0.0000548	+0.0004356	+0.0009109	+0.0013710	+0.0018176	+0.0022350	+0.0025922	+0.0029017	+0.0031751	+0.0034413	+0.0036786	+0.0039032	+0.0041065	+0.0042720
2014-12	-0.004	-0.0032544	-0.0028106	-0.0023784	-0.0019635	-0.0015485	-0.0011064	-0.0005931	-0.0000615	+0.0004480	+0.0009442	+0.0014339	+0.0019025	+0.0023193	+0.0026970	+0.0030464	+0.0033428	+0.0036099	+0.0038474	+0.0040575	+0.0042497	+0.0044314
2015-01	0.001	-0.0026667	-0.0023733	-0.0020305	-0.0016923	-0.0013627	-0.0009801	-0.0005907	-0.0001716	+0.0002825	+0.0007210	+0.0011657	+0.0015796	+0.0019526	+0.0022881	+0.0025824	+0.0028464	+0.0030805	+0.0032985	+0.0035052	+0.0037085	+0.0039207
2015-02	-0.001	-0.0025335	-0.0022479	-0.0019340	-0.0016184	-0.0012977	-0.0009729	-0.0005968	-0.0002105	+0.0001795	+0.0005727	+0.0009476	+0.0013266	+0.0016742	+0.0019912	+0.0022893	+0.0025639	+0.0028098	+0.0030391	+0.0032521	+0.0034352	+0.0036238
