2013-01	0.085	-0.0016597	-0.0015340	-0.0013966	-0.0012540	-0.0011020	-0.0009364	-0.0007606	-0.0005761	-0.0003792	-0.0001662	+0.0000536	+0.0002741	+0.0004929	+0.0006973	+0.0008863	+0.0010568	+0.0012194	+0.0013737	+0.0015203	+0.0016625	+0.0017998
2013-02	-0.008	-0.0016986	-0.0015519	-0.0014102	-0.0012574	-0.0010899	-0.0008998	-0.0006898	-0.0004799	-0.0002685	-0.0000473	+0.0001840	+0.0004154	+0.0006342	+0.0008406	+0.0010410	+0.0012233	+0.0013958	+0.0015547	+0.0016939	+0.0018217	+0.0019392
2013-03	0.063	-0.0017283	-0.0015974	-0.0014579	-0.0013056	-0.0011352	-0.0009521	-0.0007557	-0.0005464	-0.0003343	-0.0001143	+0.0001169	+0.0003538	+0.0005873	+0.0008164	+0.0010227	+0.0012143	+0.0013899	+0.0015512	+0.0017047	+0.0018553	+0.0019904
2013-04	0.092	-0.0016725	-0.0015355	-0.0013950	-0.0012417	-0.0010759	-0.0008923	-0.0006958	-0.0004863	-0.0002711	-0.0000461	+0.0001882	+0.0004178	+0.0006504	+0.0008702	+0.0010784	+0.0012766	+0.0014538	+0.0016051	+0.0017437	+0.0018844	+0.0020182
2013-05	-0.006	-0.0017063	-0.0015539	-0.0013885	-0.0012005	-0.0010072	-0.0008049	-0.0005861	-0.0003591	-0.0001217	+0.0001266	+0.0003818	+0.0006369	+0.0008825	+0.0011128	+0.0013259	+0.0015241	+0.0017087	+0.0018820	+0.0020318	+0.0021619	+0.0022810
2013-06	-0.058	-0.0017968	-0.0016290	-0.0014529	-0.0012592	-0.0010481	-0.0008439	-0.0006295	-0.0003962	-0.0001461	+0.0001056	+0.0003588	+0.0006080	+0.0008574	+0.0010889	+0.0013013	+0.0015000	+0.0016885	+0.0018577	+0.0020140	+0.0021746	+0.0023137
2013-07	0.040	-0.0016621	-0.0015420	-0.0013862	-0.0012163	-0.0010355	-0.0008373	-0.0006295	-0.0004145	-0.0001837	+0.0000638	+0.0003043	+0.0005370	+0.0007636	+0.0009920	+0.0012081	+0.0014147	+0.0016115	+0.0017854	+0.0019470	+0.0020956	+0.0022462
2013-08	-0.039	-0.0017989	-0.0016242	-0.0014219	-0.0012032	-0.0009889	-0.0007698	-0.0005280	-0.0002735	-0.0000140	+0.0002499	+0.0005230	+0.0008028	+0.0010619	+0.0013000	+0.0015178	+0.0017249	+0.0019196	+0.0020903	+0.0022558	+0.0024078	+0.0025485
2013-09	0.048	-0.0017790	-0.0015781	-0.0013707	-0.0011579	-0.0009569	-0.0007395	-0.0005052	-0.0002545	+0.0000102	+0.0002777	+0.0005486	+0.0008109	+0.0010637	+0.0012885	+0.0014919	+0.0016745	+0.0018426	+0.0020037	+0.0021588	+0.0022924	+0.0024153
2013-10	0.034	-0.0020379	-0.0018464	-0.0016078	-0.0013512	-0.0010561	-0.0007681	-0.0004683	-0.0001695	+0.0001488	+0.0004745	+0.0007907	+0.0010910	+0.0013745	+0.0016278	+0.0018570	+0.0020667	+0.0022526	+0.0024215	+0.0025638	+0.0026905	+0.0028027
2013-11	0.016	-0.0017518	-0.0015560	-0.0013683	-0.0011563	-0.0009362	-0.0006989	-0.0004411	-0.0001613	+0.0001145	+0.0003931	+0.0006566	+0.0009132	+0.0011551	+0.0013883	+0.0015950	+0.0017826	+0.0019606	+0.0021228	+0.0022724	+0.0024070	+0.0025305
2013-12	0.028	-0.0020223	-0.0017963	-0.0015489	-0.0012857	-0.0010229	-0.0007401	-0.0004619	-0.0001808	+0.0001256	+0.0004339	+0.0007333	+0.0010165	+0.0012823	+0.0015234	+0.0017263	+0.0019054	+0.0020708	+0.0022197	+0.0023534	+0.0024844	+0.0026196
2014-01	-0.031	-0.0023535	-0.0020339	-0.0017230	-0.0013724	-0.0010436	-0.0007582	-0.0004313	-0.0000906	+0.0002586	+0.0005951	+0.0009178	+0.0012191	+0.0014810	+0.0017175	+0.0019441	+0.0021461	+0.0023289	+0.0024978	+0.0026400	+0.0027733	+0.0028928
2014-02	0.042	-0.0023125	-0.0019914	-0.0017189	-0.0014771	-0.0011432	-0.0008108	-0.0004864	-0.0001296	+0.0002192	+0.0005585	+0.0008901	+0.0011984	+0.0014788	+0.0017190	+0.0019367	+0.0021263	+0.0022961	+0.0024480	+0.0025888	+0.0027164	+0.0028194
2014-03	0.029	-0.0020917	-0.0018065	-0.0015254	-0.0012647	-0.0009860	-0.0006926	-0.0004033	-0.0001133	+0.0001785	+0.0004783	+0.0007701	+0.0010459	+0.0013012	+0.0015402	+0.0017565	+0.0019468	+0.0021199	+0.0022740	+0.0024203	+0.0025552	+0.0026633
2014-04	0.016	-0.0018444	-0.0016052	-0.0013834	-0.0011582	-0.0009128	-0.0006518	-0.0003655	-0.0000800	+0.0001982	+0.0004910	+0.0007753	+0.0010460	+0.0012974	+0.0015308	+0.0017344	+0.0019163	+0.0020833	+0.0022371	+0.0023793	+0.0025056	+0.0026207
2014-05	0.008	-0.0020273	-0.0018042	-0.0015667	-0.0012979	-0.0009892	-0.0006669	-0.0003654	-0.0000497	+0.0002774	+0.0005978	+0.0009126	+0.0012096	+0.0014868	+0.0017367	+0.0019567	+0.0021426	+0.0023064	+0.0024624	+0.0025970	+0.0027277	+0.0028651
2014-06	0.022	-0.0022971	-0.0020204	-0.0017337	-0.0014320	-0.0011028	-0.0007502	-0.0003698	+0.0000114	+0.0004044	+0.0007883	+0.0011772	+0.0015331	+0.0018529	+0.0021243	+0.0023470	+0.0025344	+0.0026962	+0.0028483	+0.0029895	+0.0031141	+0.0032255
2014-07	0.004	-0.0022489	-0.0019733	-0.0016513	-0.0013558	-0.0010369	-0.0007328	-0.0003995	-0.0000461	+0.0002999	+0.0006534	+0.0010010	+0.0013254	+0.0016241	+0.0018866	+0.0021093	+0.0023072	+0.0024946	+0.0026573	+0.0028020	+0.0029408	+0.0030676
2014-08	0.006	-0.0022336	-0.0019716	-0.0016406	-0.0013390	-0.0010509	-0.0007136	-0.0003770	-0.0000253	+0.0003365	+0.0006914	+0.0010326	+0.0013628	+0.0016588	+0.0019003	+0.0021231	+0.0023202	+0.0025036	+0.0026635	+0.0028054	+0.0029242	+0.0030322
2014-09	0.020	-0.0023627	-0.0020584	-0.0017348	-0.0013856	-0.0010311	-0.0006990	-0.0003596	-0.0000083	+0.0003634	+0.0007276	+0.0010792	+0.0014103	+0.0017004	+0.0019476	+0.0021708	+0.0023698	+0.0025416	+0.0027010	+0.0028419	+0.0029613	+0.0030650
2014-10	-0.006	-0.0023569	-0.0020506	-0.0017836	-0.0014810	-0.0011482	-0.0007791	-0.0004361	-0.0000717	+0.0003286	+0.0007343	+0.0011109	+0.0014657	+0.0017622	+0.0020277	+0.0022492	+0.0024514	+0.0026253	+0.0027780	+0.0029186	+0.0030387	+0.0031502
2014-11	0.091	-0.0021826	-0.0019516	-0.0016473	-0.0013312	-0.0010229	-0.0007155	-0.0003802	-0.0000324	+0.0003288	+0.0006987	+0.0010541	+0.0013918	+0.0016946	+0.0019521	+0.0021774	+0.0023652	+0.0025240	+0.0026703	+0.0028054	+0.0029342	+0.0030599
2014-12	0.007	-0.0027945	-0.0023767	-0.0020211	-0.0016779	-0.0013297	-0.0009038	-0.0004578	-0.0000039	+0.0004381	+0.0008547	+0.0012555	+0.0016418	+0.0019856	+0.0022706	+0.0025090	+0.0027174	+0.0028982	+0.0030683	+0.0032156	+0.0033556	+0.0034821
2015-01	-0.031	-0.0024387	-0.0021318	-0.0018489	-0.0015217	-0.0011699	-0.0008426	-0.0004891	-0.0000841	+0.0003170	+0.0007216	+0.0011117	+0.0014787	+0.0017964	+0.0020740	+0.0023075	+0.0025038	+0.0026777	+0.0028463	+0.0029946	+0.0031207	+0.0032392
2015-02	0.002	-0.0021014	-0.0019113	-0.0016660	-0.0013898	-0.0011137	-0.0007950	-0.0004567	-0.0001208	+0.0002130	+0.0005385	+0.0008509	+0.0011541	+0.0014401	+0.0016889	+0.0019139	+0.0021180	+0.0023047	+0.0024786	+0.0026390	+0.0027927	+0.0029387
