2013-01	0.084	-0.0026726	-0.0024954	-0.0023065	-0.0020983	-0.0018810	-0.0016469	-0.0013928	-0.0011193	-0.0008300	-0.0005180	-0.0002047	+0.0001069	+0.0004106	+0.0007025	+0.0009785	+0.0012354	+0.0014702	+0.0016861	+0.0018925	+0.0020968	+0.0022935
2013-02	-0.014	-0.0025497	-0.0023690	-0.0021802	-0.0019683	-0.0017389	-0.0014989	-0.0012428	-0.0009746	-0.0006905	-0.0003886	-0.0000759	+0.0002342	+0.0005373	+0.0008264	+0.0011002	+0.0013586	+0.0015980	+0.0018195	+0.0020261	+0.0022169	+0.0023902
2013-03	0.009	-0.0026994	-0.0025161	-0.0023222	-0.0021139	-0.0018974	-0.0016596	-0.0014012	-0.0011189	-0.0007993	-0.0004705	-0.0001382	+0.0001898	+0.0005063	+0.0008077	+0.0010881	+0.0013421	+0.0015822	+0.0018170	+0.0020495	+0.0022663	+0.0024546
2013-04	0.042	-0.0028558	-0.0026344	-0.0024059	-0.0021923	-0.0019542	-0.0017031	-0.0014423	-0.0011761	-0.0008884	-0.0005802	-0.0002671	+0.0000463	+0.0003473	+0.0006303	+0.0008982	+0.0011487	+0.0013902	+0.0016132	+0.0018268	+0.0020305	+0.0022181
2013-05	0.037	-0.0023453	-0.0021848	-0.0020070	-0.0018164	-0.0016064	-0.0013834	-0.0011240	-0.0008448	-0.0005429	-0.0002321	+0.0000808	+0.0003851	+0.0006843	+0.0009680	+0.0012386	+0.0014929	+0.0017271	+0.0019470	+0.0021511	+0.0023440	+0.0025422
2013-06	-0.095	-0.0023752	-0.0021691	-0.0019720	-0.0017644	-0.0015517	-0.0013230	-0.0010743	-0.0008074	-0.0005284	-0.0002297	+0.0000833	+0.0003934	+0.0006961	+0.0009838	+0.0012471	+0.0014920	+0.0017186	+0.0019275	+0.0021125	+0.0022759	+0.0024344
2013-07	0.048	-0.0026720	-0.0024787	-0.0022619	-0.0020378	-0.0018112	-0.0015761	-0.0013165	-0.0010365	-0.0007380	-0.0004217	-0.0000956	+0.0002283	+0.0005409	+0.0008384	+0.0011191	+0.0013807	+0.0016219	+0.0018485	+0.0020590	+0.0022537	+0.0024358
2013-08	-0.004	-0.0024881	-0.0022958	-0.0020886	-0.0018682	-0.0016173	-0.0013398	-0.0010732	-0.0007970	-0.0004996	-0.0001886	+0.0001298	+0.0004420	+0.0007534	+0.0010461	+0.0013211	+0.0015758	+0.0018076	+0.0020308	+0.0022459	+0.0024357	+0.0026166
2013-09	0.036	-0.0021787	-0.0019780	-0.0017904	-0.0015754	-0.0013573	-0.0011205	-0.0008597	-0.0005844	-0.0002936	+0.0000098	+0.0003224	+0.0006265	+0.0009186	+0.0011970	+0.0014517	+0.0016902	+0.0019079	+0.0021128	+0.0023007	+0.0024897	+0.0026721
2013-10	0.053	-0.0023297	-0.0020967	-0.0018601	-0.0016002	-0.0013127	-0.0010008	-0.0006642	-0.0003189	+0.0000491	+0.0004162	+0.0007776	+0.0011294	+0.0014468	+0.0017449	+0.0020303	+0.0022883	+0.0025316	+0.0027680	+0.0029909	+0.0031888	+0.0033785
2013-11	0.038	-0.0019239	-0.0017247	-0.0015245	-0.0013017	-0.0010759	-0.0008265	-0.0005648	-0.0002791	+0.0000114	+0.0003080	+0.0006111	+0.0009085	+0.0011921	+0.0014622	+0.0017173	+0.0019529	+0.0021753	+0.0023756	+0.0025438	+0.0027013	+0.0028584
2013-12	0.032	-0.0021092	-0.0018999	-0.0016446	-0.0013973	-0.0011323	-0.0008563	-0.0005759	-0.0002815	+0.0000093	+0.0003124	+0.0006310	+0.0009474	+0.0012321	+0.0014970	+0.0017419	+0.0019654	+0.0021768	+0.0023704	+0.0025495	+0.0027157	+0.0028687
2014-01	-0.057	-0.0022729	-0.0019784	-0.0016907	-0.0014139	-0.0011199	-0.0008257	-0.0005170	-0.0002097	+0.0001154	+0.0004558	+0.0007980	+0.0011146	+0.0014086	+0.0016756	+0.0019269	+0.0021564	+0.0023740	+0.0025703	+0.0027585	+0.0029355	+0.0030989
2014-02	0.037	-0.0019910	-0.0017993	-0.0016000	-0.0013795	-0.0011473	-0.0009045	-0.0006438	-0.0003555	-0.0000557	+0.0002595	+0.0005730	+0.0008766	+0.0011679	+0.0014452	+0.0016943	+0.0019151	+0.0021185	+0.0023077	+0.0024839	+0.0026432	+0.0027900
2014-03	0.030	-0.0021317	-0.0019095	-0.0016812	-0.0014279	-0.0011856	-0.0009327	-0.0006605	-0.0003831	-0.0001089	+0.0001809	+0.0004734	+0.0007510	+0.0010197	+0.0012678	+0.0015082	+0.0017359	+0.0019563	+0.0021564	+0.0023297	+0.0024918	+0.0026490
2014-04	0.033	-0.0018197	-0.0016231	-0.0014379	-0.0012412	-0.0010178	-0.0007669	-0.0005060	-0.0002416	+0.0000296	+0.0003108	+0.0005920	+0.0008670	+0.0011420	+0.0014020	+0.0016493	+0.0018716	+0.0020827	+0.0022723	+0.0024432	+0.0026093	+0.0027779
2014-05	0.005	-0.0022427	-0.0019943	-0.0017188	-0.0014198	-0.0011086	-0.0008128	-0.0005095	-0.0001963	+0.0001370	+0.0004779	+0.0008084	+0.0011208	+0.0014216	+0.0016990	+0.0019469	+0.0021808	+0.0023983	+0.0025913	+0.0027721	+0.0029450	+0.0030941
2014-06	0.023	-0.0025316	-0.0022277	-0.0019506	-0.0016360	-0.0012569	-0.0008798	-0.0004641	-0.0000117	+0.0004302	+0.0008689	+0.0013044	+0.0016991	+0.0020422	+0.0023548	+0.0026232	+0.0028624	+0.0030947	+0.0032987	+0.0034697	+0.0036211	+0.0037719
2014-07	0.005	-0.0025527	-0.0022716	-0.0019321	-0.0015823	-0.0012189	-0.0008619	-0.0004849	-0.0000932	+0.0003047	+0.0007143	+0.0011245	+0.0014926	+0.0018242	+0.0021282	+0.0024005	+0.0026355	+0.0028347	+0.0030231	+0.0031906	+0.0033513	+0.0035040
2014-08	0.001	-0.0026940	-0.0023989	-0.0020540	-0.0016907	-0.0012955	-0.0008888	-0.0004742	-0.0000671	+0.0003488	+0.0007810	+0.0011925	+0.0015620	+0.0019005	+0.0022137	+0.0024784	+0.0027038	+0.0029062	+0.0030970	+0.0032575	+0.0034110	+0.0035583
2014-09	-0.005	-0.0026124	-0.0023157	-0.0019784	-0.0016100	-0.0012196	-0.0008544	-0.0004678	-0.0000631	+0.0003571	+0.0007666	+0.0011587	+0.0015063	+0.0018289	+0.0021194	+0.0023847	+0.0026264	+0.0028426	+0.0030393	+0.0031971	+0.0033319	+0.0034580
2014-10	-0.041	-0.0024647	-0.0021774	-0.0018615	-0.0015504	-0.0012154	-0.0008746	-0.0005209	-0.0001539	+0.0002347	+0.0006359	+0.0010322	+0.0014005	+0.0017250	+0.0020086	+0.0022645	+0.0024878	+0.0026867	+0.0028681	+0.0030282	+0.0031872	+0.0033242
2014-11	0.079	-0.0021646	-0.0018968	-0.0016220	-0.0013649	-0.0010827	-0.0007888	-0.0004732	-0.0001457	+0.0001876	+0.0005336	+0.0008840	+0.0012154	+0.0015108	+0.0017860	+0.0020299	+0.0022440	+0.0024416	+0.0026134	+0.0027546	+0.0028829	+0.0030105
2014-12	-0.033	-0.0025620	-0.0022625	-0.0019326	-0.0016042	-0.0012652	-0.0008921	-0.0005119	-0.0000941	+0.0002960	+0.0006764	+0.0010486	+0.0013956	+0.0017128	+0.0019998	+0.0022677	+0.0025195	+0.0027385	+0.0029430	+0.0031167	+0.0032695	+0.0034169
2015-01	-0.073	-0.0019524	-0.0017494	-0.0015316	-0.0012940	-0.0010499	-0.0008054	-0.0005337	-0.0002363	+0.0000852	+0.0004034	+0.0007146	+0.0010170	+0.0012995	+0.0015644	+0.0018090	+0.0020177	+0.0022031	+0.0023728	+0.0025370	+0.0026822	+0.0028099
2015-02	0.042	-0.0017591	-0.0016095	-0.0014528	-0.0012806	-0.0010878	-0.0008864	-0.0006661	-0.0004307	-0.0001851	+0.0000716	+0.0003320	+0.0005917	+0.0008534	+0.0011028	+0.0013345	+0.0015503	+0.0017565	+0.0019608	+0.0021527	+0.0023262	+0.0024986
