2013-06	-0.091	-0.0022793	-0.0020571	-0.0018133	-0.0015587	-0.0012886	-0.0010132	-0.0007161	-0.0004105	-0.0000932	+0.0002359	+0.0005675	+0.0008936	+0.0012124	+0.0015100	+0.0017916	+0.0020473	+0.0022845	+0.0025048	+0.0027116	+0.0028855	+0.0030536
2013-07	0.018	-0.0020723	-0.0019030	-0.0017161	-0.0015051	-0.0012906	-0.0010580	-0.0007983	-0.0005281	-0.0002469	+0.0000436	+0.0003364	+0.0006264	+0.0009193	+0.0011902	+0.0014409	+0.0016778	+0.0018950	+0.0020981	+0.0022826	+0.0024714	+0.0026613
2013-08	-0.021	-0.0023020	-0.0020907	-0.0018555	-0.0016061	-0.0013406	-0.0010612	-0.0007779	-0.0004887	-0.0001815	+0.0001324	+0.0004492	+0.0007667	+0.0010835	+0.0013803	+0.0016468	+0.0018897	+0.0021151	+0.0023236	+0.0025055	+0.0026740	+0.0028708
2013-09	0.084	-0.0021209	-0.0019037	-0.0016659	-0.0014253	-0.0011848	-0.0009254	-0.0006365	-0.0003377	-0.0000296	+0.0002886	+0.0006043	+0.0009124	+0.0012045	+0.0014803	+0.0017202	+0.0019423	+0.0021438	+0.0023276	+0.0025097	+0.0026787	+0.0028497
2013-10	0.056	-0.0027002	-0.0024384	-0.0021098	-0.0017827	-0.0013872	-0.0009666	-0.0005646	-0.0001455	+0.0003012	+0.0007219	+0.0011479	+0.0015425	+0.0018993	+0.0022226	+0.0025019	+0.0027545	+0.0029765	+0.0031675	+0.0033359	+0.0035019	+0.0036337
2013-11	-0.017	-0.0021563	-0.0019100	-0.0016590	-0.0013833	-0.0010840	-0.0007622	-0.0004568	-0.0001320	+0.0002166	+0.0005540	+0.0008810	+0.0011936	+0.0014849	+0.0017532	+0.0020013	+0.0022224	+0.0024268	+0.0026031	+0.0027697	+0.0029335	+0.0030761
2013-12	0.007	-0.0025681	-0.0022525	-0.0019642	-0.0016183	-0.0012628	-0.0009018	-0.0005345	-0.0001684	+0.0002014	+0.0005870	+0.0009717	+0.0013425	+0.0016716	+0.0019612	+0.0022011	+0.0024049	+0.0025918	+0.0027646	+0.0029261	+0.0030687	+0.0032161
2014-01	-0.031	-0.0026956	-0.0023088	-0.0019118	-0.0015421	-0.0011906	-0.0008476	-0.0004853	-0.0001002	+0.0002793	+0.0006375	+0.0009926	+0.0013178	+0.0016062	+0.0018678	+0.0021088	+0.0023286	+0.0025269	+0.0027073	+0.0028779	+0.0030271	+0.0031578
2014-02	0.054	-0.0023152	-0.0020289	-0.0017650	-0.0015095	-0.0011969	-0.0008616	-0.0005295	-0.0001805	+0.0001657	+0.0005250	+0.0008679	+0.0011836	+0.0014630	+0.0017143	+0.0019432	+0.0021435	+0.0023249	+0.0025001	+0.0026618	+0.0028072	+0.0029484
2014-03	0.064	-0.0020824	-0.0018407	-0.0015703	-0.0013041	-0.0010407	-0.0007451	-0.0004447	-0.0001421	+0.0001556	+0.0004634	+0.0007739	+0.0010652	+0.0013258	+0.0015618	+0.0017859	+0.0019923	+0.0021750	+0.0023410	+0.0025035	+0.0026518	+0.0027880
2014-04	0.004	-0.0021418	-0.0018910	-0.0016009	-0.0012907	-0.0010024	-0.0007087	-0.0004076	-0.0001056	+0.0002198	+0.0005668	+0.0008871	+0.0011999	+0.0014932	+0.0017508	+0.0019710	+0.0021789	+0.0023653	+0.0025393	+0.0027051	+0.0028611	+0.0029882
2014-05	0.033	-0.0023049	-0.0020790	-0.0018039	-0.0014589	-0.0010944	-0.0007414	-0.0004036	-0.0000448	+0.0003148	+0.0006760	+0.0010304	+0.0013627	+0.0016590	+0.0019334	+0.0021692	+0.0023685	+0.0025473	+0.0027105	+0.0028636	+0.0030142	+0.0031648
2014-06	0.025	-0.0026723	-0.0023348	-0.0020069	-0.0016484	-0.0012651	-0.0008452	-0.0004221	+0.0000185	+0.0004767	+0.0009215	+0.0013605	+0.0017711	+0.0021332	+0.0024304	+0.0026700	+0.0028640	+0.0030363	+0.0031906	+0.0033331	+0.0034677	+0.0035795
2014-07	0.020	-0.0025737	-0.0022350	-0.0019077	-0.0015735	-0.0012073	-0.0008352	-0.0004522	-0.0000359	+0.0003658	+0.0007730	+0.0011671	+0.0015420	+0.0018734	+0.0021553	+0.0023980	+0.0026077	+0.0027915	+0.0029727	+0.0031385	+0.0032763	+0.0034024
2014-08	0.013	-0.0024630	-0.0021018	-0.0017670	-0.0014454	-0.0011044	-0.0007549	-0.0004063	-0.0000160	+0.0003777	+0.0007682	+0.0011274	+0.0014639	+0.0017811	+0.0020493	+0.0022776	+0.0024704	+0.0026463	+0.0028065	+0.0029541	+0.0030924	+0.0032351
2014-09	-0.028	-0.0026478	-0.0023306	-0.0019421	-0.0015552	-0.0011651	-0.0007916	-0.0004032	+0.0000001	+0.0004168	+0.0008361	+0.0012410	+0.0016028	+0.0019236	+0.0022044	+0.0024391	+0.0026375	+0.0028218	+0.0029852	+0.0031251	+0.0032540	+0.0033771
2014-10	0.009	-0.0022577	-0.0019881	-0.0016969	-0.0013801	-0.0010865	-0.0007659	-0.0004154	-0.0000490	+0.0003299	+0.0007320	+0.0010944	+0.0014335	+0.0017377	+0.0020066	+0.0022393	+0.0024519	+0.0026266	+0.0027827	+0.0029198	+0.0030493	+0.0031680
2014-11	0.061	-0.0021619	-0.0019047	-0.0015979	-0.0012981	-0.0010043	-0.0006930	-0.0003798	-0.0000330	+0.0003300	+0.0006851	+0.0010200	+0.0013452	+0.0016450	+0.0019003	+0.0021170	+0.0023023	+0.0024661	+0.0026069	+0.0027450	+0.0028747	+0.0029945
2014-12	-0.029	-0.0025149	-0.0022007	-0.0018436	-0.0015080	-0.0011926	-0.0008121	-0.0004289	-0.0000588	+0.0003454	+0.0007346	+0.0010824	+0.0014265	+0.0017384	+0.0019920	+0.0022172	+0.0024134	+0.0025863	+0.0027400	+0.0028737	+0.0029992	+0.0031183
2015-01	-0.041	-0.0019684	-0.0017411	-0.0014961	-0.0012525	-0.0010031	-0.0007466	-0.0004544	-0.0001477	+0.0001678	+0.0004875	+0.0008027	+0.0010951	+0.0013543	+0.0015903	+0.0018007	+0.0019789	+0.0021402	+0.0022937	+0.0024212	+0.0025498	+0.0026859
2015-02	-0.013	-0.0017226	-0.0015559	-0.0013832	-0.0011724	-0.0009406	-0.0006941	-0.0004526	-0.0002025	+0.0000576	+0.0003169	+0.0005767	+0.0008297	+0.0010588	+0.0012730	+0.0014692	+0.0016427	+0.0018013	+0.0019462	+0.0020787	+0.0021915	+0.0022816
