2013-01	0.030	-0.0003807	-0.0003459	-0.0003107	-0.0002737	-0.0002354	-0.0001974	-0.0001569	-0.0001111	-0.0000628	-0.0000136	+0.0000368	+0.0000886	+0.0001396	+0.0001901	+0.0002370	+0.0002802	+0.0003182	+0.0003545	+0.0003889	+0.0004196	+0.0004478
2013-02	-0.003	-0.0003972	-0.0003564	-0.0003150	-0.0002744	-0.0002340	-0.0001891	-0.0001406	-0.0000899	-0.0000370	+0.0000177	+0.0000729	+0.0001270	+0.0001804	+0.0002301	+0.0002758	+0.0003188	+0.0003563	+0.0003921	+0.0004236	+0.0004521	+0.0004765
2013-03	0.003	-0.0003758	-0.0003470	-0.0003161	-0.0002833	-0.0002468	-0.0002067	-0.0001634	-0.0001176	-0.0000688	-0.0000174	+0.0000366	+0.0000872	+0.0001361	+0.0001828	+0.0002263	+0.0002680	+0.0003058	+0.0003407	+0.0003725	+0.0004024	+0.0004308
2013-04	0.049	-0.0003473	-0.0003214	-0.0002911	-0.0002565	-0.0002211	-0.0001827	-0.0001410	-0.0000959	-0.0000487	+0.0000009	+0.0000504	+0.0001005	+0.0001498	+0.0001975	+0.0002417	+0.0002828	+0.0003206	+0.0003537	+0.0003846	+0.0004130	+0.0004400
2013-05	0.036	-0.0005066	-0.0004582	-0.0003974	-0.0003338	-0.0002702	-0.0002005	-0.0001295	-0.0000611	+0.0000107	+0.0000842	+0.0001568	+0.0002249	+0.0002904	+0.0003528	+0.0004084	+0.0004564	+0.0005020	+0.0005442	+0.0005795	+0.0006127	+0.0006476
2013-06	-0.017	-0.0005205	-0.0004755	-0.0004177	-0.0003491	-0.0002734	-0.0001984	-0.0001251	-0.0000480	+0.0000338	+0.0001150	+0.0001938	+0.0002709	+0.0003452	+0.0004158	+0.0004790	+0.0005358	+0.0005897	+0.0006392	+0.0006855	+0.0007273	+0.0007636
2013-07	0.004	-0.0005232	-0.0004693	-0.0004121	-0.0003492	-0.0002777	-0.0002075	-0.0001327	-0.0000552	+0.0000229	+0.0000979	+0.0001724	+0.0002481	+0.0003181	+0.0003850	+0.0004468	+0.0005025	+0.0005532	+0.0006020	+0.0006492	+0.0006925	+0.0007283
2013-08	-0.018	-0.0004614	-0.0004186	-0.0003697	-0.0003191	-0.0002662	-0.0002095	-0.0001470	-0.0000843	-0.0000191	+0.0000518	+0.0001239	+0.0001945	+0.0002629	+0.0003264	+0.0003833	+0.0004370	+0.0004854	+0.0005302	+0.0005736	+0.0006154	+0.0006559
2013-09	0.018	-0.0004819	-0.0004324	-0.0003742	-0.0003188	-0.0002611	-0.0002000	-0.0001349	-0.0000682	+0.0000010	+0.0000766	+0.0001500	+0.0002219	+0.0002914	+0.0003565	+0.0004161	+0.0004712	+0.0005211	+0.0005681	+0.0006124	+0.0006516	+0.0006867
2013-10	0.005	-0.0006289	-0.0005672	-0.0004910	-0.0004141	-0.0003360	-0.0002471	-0.0001564	-0.0000627	+0.0000378	+0.0001397	+0.0002355	+0.0003285	+0.0004130	+0.0004860	+0.0005543	+0.0006148	+0.0006676	+0.0007181	+0.0007638	+0.0008067	+0.0008497
2013-11	0.036	-0.0006411	-0.0005706	-0.0004872	-0.0004082	-0.0003160	-0.0002242	-0.0001332	-0.0000348	+0.0000668	+0.0001622	+0.0002579	+0.0003509	+0.0004395	+0.0005195	+0.0005908	+0.0006554	+0.0007119	+0.0007648	+0.0008106	+0.0008499	+0.0008863
2013-12	0.011	-0.0007919	-0.0006883	-0.0005798	-0.0004669	-0.0003585	-0.0002449	-0.0001364	-0.0000184	+0.0001057	+0.0002334	+0.0003511	+0.0004651	+0.0005686	+0.0006566	+0.0007319	+0.0007985	+0.0008576	+0.0009140	+0.0009666	+0.0010149	+0.0010607
2014-01	-0.001	-0.0008985	-0.0007820	-0.0006678	-0.0005442	-0.0004056	-0.0002711	-0.0001425	-0.0000129	+0.0001205	+0.0002557	+0.0003785	+0.0004895	+0.0005886	+0.0006772	+0.0007501	+0.0008129	+0.0008694	+0.0009175	+0.0009619	+0.0010067	+0.0010446
2014-02	-0.001	-0.0008945	-0.0007855	-0.0006553	-0.0005488	-0.0004390	-0.0003088	-0.0001733	-0.0000294	+0.0001182	+0.0002561	+0.0003894	+0.0005150	+0.0006200	+0.0007095	+0.0007858	+0.0008494	+0.0009051	+0.0009582	+0.0010084	+0.0010548	+0.0011013
2014-03	-0.012	-0.0008703	-0.0007501	-0.0006121	-0.0004889	-0.0003677	-0.0002479	-0.0001166	+0.0000205	+0.0001531	+0.0002862	+0.0004191	+0.0005423	+0.0006541	+0.0007469	+0.0008298	+0.0009023	+0.0009642	+0.0010170	+0.0010643	+0.0011058	+0.0011462
2014-04	0.001	-0.0007579	-0.0006618	-0.0005648	-0.0004601	-0.0003587	-0.0002442	-0.0001199	+0.0000003	+0.0001277	+0.0002514	+0.0003721	+0.0004811	+0.0005809	+0.0006689	+0.0007506	+0.0008231	+0.0008882	+0.0009454	+0.0009959	+0.0010388	+0.0010802
2014-05	0.009	-0.0008520	-0.0007219	-0.0005963	-0.0004897	-0.0003681	-0.0002471	-0.0001309	-0.0000067	+0.0001270	+0.0002543	+0.0003774	+0.0004948	+0.0005995	+0.0006902	+0.0007669	+0.0008353	+0.0008989	+0.0009565	+0.0010055	+0.0010482	+0.0010856
2014-06	0.011	-0.0007896	-0.0006964	-0.0005975	-0.0004827	-0.0003582	-0.0002395	-0.0001160	+0.0000183	+0.0001516	+0.0002810	+0.0004134	+0.0005360	+0.0006415	+0.0007337	+0.0008119	+0.0008792	+0.0009422	+0.0009951	+0.0010414	+0.0010811	+0.0011166
2014-07	0.002	-0.0008805	-0.0007758	-0.0006489	-0.0005093	-0.0003875	-0.0002590	-0.0001282	+0.0000027	+0.0001443	+0.0002922	+0.0004316	+0.0005636	+0.0006829	+0.0007828	+0.0008681	+0.0009421	+0.0010072	+0.0010683	+0.0011176	+0.0011602	+0.0011976
2014-08	-0.009	-0.0009472	-0.0008115	-0.0006812	-0.0005445	-0.0004246	-0.0002784	-0.0001330	+0.0000202	+0.0001746	+0.0003174	+0.0004612	+0.0005948	+0.0007177	+0.0008227	+0.0009098	+0.0009827	+0.0010486	+0.0011026	+0.0011513	+0.0011937	+0.0012314
2014-09	-0.001	-0.0009300	-0.0007989	-0.0006691	-0.0005443	-0.0004248	-0.0002827	-0.0001318	+0.0000221	+0.0001719	+0.0003168	+0.0004568	+0.0005899	+0.0007075	+0.0008063	+0.0008863	+0.0009562	+0.0010202	+0.0010783	+0.0011294	+0.0011754	+0.0012172
2014-10	-0.011	-0.0008297	-0.0007400	-0.0006466	-0.0005391	-0.0004150	-0.0002827	-0.0001536	-0.0000144	+0.0001303	+0.0002684	+0.0004097	+0.0005384	+0.0006522	+0.0007454	+0.0008278	+0.0009006	+0.0009627	+0.0010198	+0.0010748	+0.0011198	+0.0011624
2014-11	0.013	-0.0009125	-0.0007738	-0.0006393	-0.0005298	-0.0004136	-0.0002740	-0.0001438	-0.0000101	+0.0001404	+0.0002796	+0.0004136	+0.0005405	+0.0006547	+0.0007510	+0.0008281	+0.0008966	+0.0009590	+0.0010160	+0.0010662	+0.0011183	+0.0011683
2014-12	0.002	-0.0009174	-0.0008068	-0.0006637	-0.0005439	-0.0004288	-0.0002911	-0.0001469	-0.0000108	+0.0001329	+0.0002757	+0.0004068	+0.0005294	+0.0006418	+0.0007401	+0.0008214	+0.0008915	+0.0009547	+0.0010146	+0.0010702	+0.0011171	+0.0011577
2015-01	-0.017	-0.0007826	-0.0006802	-0.0005883	-0.0004857	-0.0003790	-0.0002667	-0.0001532	-0.0000327	+0.0000925	+0.0002203	+0.0003385	+0.0004477	+0.0005504	+0.0006412	+0.0007225	+0.0007932	+0.0008569	+0.0009090	+0.0009578	+0.0010028	+0.0010466
2015-02	0.005	-0.0006282	-0.0005602	-0.0004897	-0.0004186	-0.0003403	-0.0002540	-0.0001604	-0.0000633	+0.0000348	+0.0001319	+0.0002289	+0.0003200	+0.0004049	+0.0004798	+0.0005489	+0.0006139	+0.0006708	+0.0007257	+0.0007742	+0.0008184	+0.0008613
