2013-07	0.009	-0.0021464	-0.0019720	-0.0017912	-0.0016060	-0.0014158	-0.0012091	-0.0009752	-0.0007349	-0.0004788	-0.0002027	+0.0000874	+0.0003750	+0.0006541	+0.0009146	+0.0011594	+0.0013868	+0.0015964	+0.0017872	+0.0019685	+0.0021516	+0.0023145
2013-08	-0.201	-0.0022498	-0.0020582	-0.0018488	-0.0016456	-0.0014346	-0.0012182	-0.0009800	-0.0007265	-0.0004541	-0.0001741	+0.0001171	+0.0004093	+0.0006974	+0.0009715	+0.0012228	+0.0014571	+0.0016810	+0.0018831	+0.0020684	+0.0022340	+0.0023795
2013-09	0.168	-0.0024788	-0.0023177	-0.0021450	-0.0019573	-0.0017568	-0.0015334	-0.0012729	-0.0009953	-0.0006893	-0.0003750	-0.0000573	+0.0002522	+0.0005493	+0.0008357	+0.0011053	+0.0013450	+0.0015719	+0.0017822	+0.0019834	+0.0021744	+0.0023545
2013-10	0.074	-0.0022930	-0.0020913	-0.0018591	-0.0016191	-0.0013714	-0.0010980	-0.0008092	-0.0004938	-0.0001665	+0.0001670	+0.0005076	+0.0008510	+0.0011777	+0.0014922	+0.0017745	+0.0020303	+0.0022695	+0.0024941	+0.0027050	+0.0028952	+0.0030837
2013-11	-0.005	-0.0021707	-0.0019903	-0.0017717	-0.0015462	-0.0013122	-0.0010545	-0.0007785	-0.0004897	-0.0001803	+0.0001371	+0.0004650	+0.0007974	+0.0011290	+0.0014350	+0.0017105	+0.0019580	+0.0021889	+0.0024101	+0.0026159	+0.0028282	+0.0030194
2013-12	0.055	-0.0026710	-0.0023989	-0.0021358	-0.0018434	-0.0015129	-0.0011770	-0.0008355	-0.0004627	-0.0000587	+0.0003344	+0.0007258	+0.0010954	+0.0014513	+0.0017781	+0.0020857	+0.0023620	+0.0026118	+0.0028373	+0.0030393	+0.0032246	+0.0034117
2014-01	-0.084	-0.0031457	-0.0028191	-0.0024026	-0.0019665	-0.0015592	-0.0011497	-0.0007033	-0.0002539	+0.0001973	+0.0006498	+0.0010817	+0.0015017	+0.0018836	+0.0022411	+0.0025765	+0.0028750	+0.0031431	+0.0033694	+0.0035881	+0.0037973	+0.0039823
2014-02	0.041	-0.0025296	-0.0023009	-0.0020580	-0.0017706	-0.0014631	-0.0011380	-0.0008043	-0.0004552	-0.0001020	+0.0002505	+0.0006023	+0.0009440	+0.0012766	+0.0015930	+0.0018862	+0.0021655	+0.0024202	+0.0026444	+0.0028453	+0.0030383	+0.0032270
2014-03	0.099	-0.0022166	-0.0019874	-0.0017730	-0.0015415	-0.0012957	-0.0010270	-0.0007479	-0.0004503	-0.0001337	+0.0001896	+0.0005038	+0.0008170	+0.0011223	+0.0014229	+0.0017000	+0.0019574	+0.0021905	+0.0024109	+0.0026201	+0.0028259	+0.0030329
2014-04	0.003	-0.0023107	-0.0020867	-0.0018448	-0.0015762	-0.0012953	-0.0009940	-0.0006938	-0.0003669	-0.0000316	+0.0003146	+0.0006676	+0.0010239	+0.0013593	+0.0016763	+0.0019592	+0.0022284	+0.0024911	+0.0027432	+0.0029810	+0.0032021	+0.0034073
2014-05	0.088	-0.0025338	-0.0022494	-0.0019394	-0.0016305	-0.0013290	-0.0010061	-0.0006853	-0.0003485	+0.0000164	+0.0004020	+0.0007830	+0.0011479	+0.0014875	+0.0018171	+0.0021165	+0.0023925	+0.0026403	+0.0028709	+0.0030802	+0.0033048	+0.0035220
2014-06	0.007	-0.0032396	-0.0028526	-0.0024704	-0.0020413	-0.0015906	-0.0011243	-0.0006552	-0.0001710	+0.0003575	+0.0008651	+0.0013563	+0.0018345	+0.0022863	+0.0026702	+0.0030013	+0.0032887	+0.0035458	+0.0037754	+0.0039835	+0.0041670	+0.0043485
2014-07	0.048	-0.0029370	-0.0025921	-0.0022239	-0.0018629	-0.0014946	-0.0010956	-0.0006397	-0.0001831	+0.0002651	+0.0007217	+0.0011738	+0.0016090	+0.0020007	+0.0023520	+0.0026716	+0.0029615	+0.0032374	+0.0034871	+0.0037065	+0.0039124	+0.0040966
2014-08	0.049	-0.0031132	-0.0027252	-0.0023129	-0.0018579	-0.0014213	-0.0010265	-0.0006056	-0.0001462	+0.0003415	+0.0008256	+0.0012746	+0.0017200	+0.0021246	+0.0025086	+0.0028503	+0.0031561	+0.0034340	+0.0036698	+0.0038951	+0.0040853	+0.0042580
2014-09	0.048	-0.0032437	-0.0028526	-0.0024469	-0.0020044	-0.0015711	-0.0011159	-0.0006292	-0.0001276	+0.0003792	+0.0008988	+0.0013914	+0.0018659	+0.0022965	+0.0026852	+0.0030255	+0.0033271	+0.0035968	+0.0038362	+0.0040543	+0.0042592	+0.0044621
2014-10	0.034	-0.0028465	-0.0025405	-0.0021957	-0.0018440	-0.0014437	-0.0010411	-0.0006166	-0.0001517	+0.0003286	+0.0008022	+0.0012776	+0.0017072	+0.0020932	+0.0024565	+0.0027867	+0.0030715	+0.0033230	+0.0035635	+0.0038029	+0.0040331	+0.0042498
2014-11	0.100	-0.0029265	-0.0025897	-0.0022355	-0.0018571	-0.0014461	-0.0010117	-0.0005821	-0.0001317	+0.0003442	+0.0008160	+0.0012776	+0.0017285	+0.0021520	+0.0025135	+0.0028606	+0.0031622	+0.0034199	+0.0036482	+0.0038475	+0.0040397	+0.0042138
2014-12	-0.005	-0.0033794	-0.0029776	-0.0025477	-0.0021020	-0.0016222	-0.0011660	-0.0006813	-0.0001429	+0.0003855	+0.0008883	+0.0013671	+0.0018433	+0.0022541	+0.0026370	+0.0029817	+0.0032982	+0.0035756	+0.0038282	+0.0040597	+0.0042654	+0.0044545
2015-01	0.096	-0.0027857	-0.0024607	-0.0021335	-0.0018036	-0.0014398	-0.0010396	-0.0006261	-0.0001897	+0.0002593	+0.0007179	+0.0011559	+0.0015744	+0.0019676	+0.0023273	+0.0026638	+0.0029638	+0.0032289	+0.0034725	+0.0036973	+0.0038851	+0.0040494
2015-02	-0.022	-0.0028509	-0.0025805	-0.0022705	-0.0019433	-0.0015536	-0.0011072	-0.0006640	-0.0001918	+0.0002904	+0.0007468	+0.0012048	+0.0016449	+0.0020628	+0.0024238	+0.0027531	+0.0030582	+0.0033399	+0.0036072	+0.0038329	+0.0040498	+0.0042679
