2013-01	0.053	-0.0010963	-0.0009546	-0.0008233	-0.0006924	-0.0005579	-0.0004201	-0.0002768	-0.0001276	+0.0000255	+0.0001766	+0.0003307	+0.0004791	+0.0006204	+0.0007528	+0.0008692	+0.0009757	+0.0010750	+0.0011634	+0.0012409	+0.0013098	+0.0013767
2013-02	0.005	-0.0011639	-0.0010383	-0.0008938	-0.0007388	-0.0005732	-0.0004115	-0.0002432	-0.0000700	+0.0001037	+0.0002813	+0.0004569	+0.0006173	+0.0007701	+0.0009120	+0.0010325	+0.0011462	+0.0012498	+0.0013373	+0.0014195	+0.0015028	+0.0015755
2013-03	0.027	-0.0011858	-0.0010384	-0.0008880	-0.0007541	-0.0006111	-0.0004454	-0.0002732	-0.0001011	+0.0000719	+0.0002452	+0.0004172	+0.0005827	+0.0007368	+0.0008781	+0.0010069	+0.0011286	+0.0012385	+0.0013345	+0.0014214	+0.0015043	+0.0015795
2013-04	0.045	-0.0011924	-0.0010543	-0.0009312	-0.0007945	-0.0006353	-0.0004753	-0.0002986	-0.0001127	+0.0000731	+0.0002544	+0.0004272	+0.0005910	+0.0007467	+0.0008939	+0.0010272	+0.0011448	+0.0012483	+0.0013407	+0.0014265	+0.0015021	+0.0015701
2013-05	0.017	-0.0014229	-0.0012677	-0.0010757	-0.0008812	-0.0006878	-0.0004662	-0.0002492	-0.0000368	+0.0001829	+0.0004077	+0.0006282	+0.0008353	+0.0010251	+0.0011845	+0.0013203	+0.0014376	+0.0015334	+0.0016222	+0.0017095	+0.0017954	+0.0018735
2013-06	-0.040	-0.0014570	-0.0012689	-0.0010723	-0.0008786	-0.0006887	-0.0004813	-0.0002567	-0.0000426	+0.0001687	+0.0003887	+0.0006037	+0.0007970	+0.0009808	+0.0011479	+0.0013034	+0.0014276	+0.0015307	+0.0016210	+0.0017045	+0.0017871	+0.0018780
2013-07	0.012	-0.0012530	-0.0011110	-0.0009760	-0.0008218	-0.0006517	-0.0004640	-0.0002680	-0.0000676	+0.0001400	+0.0003449	+0.0005472	+0.0007339	+0.0009068	+0.0010642	+0.0012012	+0.0013294	+0.0014471	+0.0015510	+0.0016419	+0.0017276	+0.0018158
2013-08	-0.005	-0.0014928	-0.0013008	-0.0011170	-0.0008933	-0.0006682	-0.0004476	-0.0002429	-0.0000289	+0.0001992	+0.0004235	+0.0006392	+0.0008520	+0.0010511	+0.0012242	+0.0013784	+0.0015134	+0.0016312	+0.0017332	+0.0018215	+0.0019048	+0.0019848
2013-09	0.007	-0.0017863	-0.0015390	-0.0013154	-0.0010667	-0.0008106	-0.0005271	-0.0002712	-0.0000263	+0.0002273	+0.0004814	+0.0007200	+0.0009568	+0.0011577	+0.0013345	+0.0014821	+0.0016032	+0.0017127	+0.0018186	+0.0019185	+0.0020122	+0.0020887
2013-10	0.012	-0.0018242	-0.0016275	-0.0013953	-0.0011298	-0.0008287	-0.0005460	-0.0002829	-0.0000180	+0.0002712	+0.0005646	+0.0008518	+0.0011055	+0.0013228	+0.0015096	+0.0016691	+0.0018115	+0.0019289	+0.0020289	+0.0021087	+0.0021826	+0.0022530
2013-11	0.030	-0.0014816	-0.0013151	-0.0011348	-0.0009168	-0.0006859	-0.0004670	-0.0002398	-0.0000148	+0.0002273	+0.0004620	+0.0006761	+0.0008889	+0.0010946	+0.0012630	+0.0014091	+0.0015307	+0.0016477	+0.0017519	+0.0018481	+0.0019348	+0.0020131
2013-12	0.021	-0.0017329	-0.0014990	-0.0012740	-0.0010519	-0.0007969	-0.0005326	-0.0002880	-0.0000396	+0.0002410	+0.0005172	+0.0007876	+0.0010185	+0.0012489	+0.0014436	+0.0015962	+0.0017161	+0.0018230	+0.0019178	+0.0020003	+0.0020743	+0.0021461
2014-01	-0.011	-0.0019777	-0.0017279	-0.0014284	-0.0011268	-0.0008568	-0.0005845	-0.0002831	-0.0000006	+0.0002995	+0.0005784	+0.0008379	+0.0010839	+0.0012985	+0.0014800	+0.0016266	+0.0017512	+0.0018594	+0.0019539	+0.0020307	+0.0021008	+0.0021632
2014-02	0.007	-0.0017570	-0.0015239	-0.0013117	-0.0010640	-0.0008363	-0.0005737	-0.0002948	-0.0000267	+0.0002563	+0.0005380	+0.0007853	+0.0010231	+0.0012459	+0.0014217	+0.0015603	+0.0016782	+0.0017806	+0.0018678	+0.0019465	+0.0020242	+0.0020996
2014-03	0.006	-0.0014867	-0.0012882	-0.0010632	-0.0008661	-0.0006701	-0.0004516	-0.0002240	+0.0000017	+0.0002253	+0.0004361	+0.0006460	+0.0008456	+0.0010269	+0.0011881	+0.0013212	+0.0014438	+0.0015527	+0.0016522	+0.0017395	+0.0018162	+0.0018824
2014-04	0.000	-0.0013155	-0.0011283	-0.0009569	-0.0007755	-0.0005958	-0.0004115	-0.0002013	+0.0000076	+0.0002170	+0.0004316	+0.0006430	+0.0008374	+0.0010045	+0.0011517	+0.0012849	+0.0013972	+0.0014983	+0.0015910	+0.0016734	+0.0017513	+0.0018212
2014-05	-0.002	-0.0014934	-0.0012930	-0.0010973	-0.0008736	-0.0006514	-0.0004278	-0.0002064	+0.0000144	+0.0002301	+0.0004573	+0.0006807	+0.0008858	+0.0010680	+0.0012235	+0.0013609	+0.0014760	+0.0015774	+0.0016642	+0.0017454	+0.0018220	+0.0018910
2014-06	0.003	-0.0014758	-0.0013118	-0.0010991	-0.0009097	-0.0007190	-0.0004809	-0.0002330	+0.0000106	+0.0002763	+0.0005318	+0.0007637	+0.0009957	+0.0011979	+0.0013644	+0.0014951	+0.0016089	+0.0017141	+0.0018025	+0.0018788	+0.0019476	+0.0020090
2014-07	0.004	-0.0014078	-0.0012379	-0.0010448	-0.0008604	-0.0006538	-0.0004411	-0.0002319	+0.0000013	+0.0002345	+0.0004595	+0.0006898	+0.0009010	+0.0010845	+0.0012401	+0.0013732	+0.0014877	+0.0015937	+0.0016810	+0.0017581	+0.0018307	+0.0018934
2014-08	0.013	-0.0014739	-0.0012864	-0.0011023	-0.0008900	-0.0006769	-0.0004541	-0.0002148	+0.0000053	+0.0002329	+0.0004660	+0.0006880	+0.0008976	+0.0010836	+0.0012411	+0.0013751	+0.0014929	+0.0015922	+0.0016822	+0.0017593	+0.0018299	+0.0019014
2014-09	0.017	-0.0014864	-0.0012879	-0.0010810	-0.0008944	-0.0006796	-0.0004457	-0.0002097	+0.0000309	+0.0002690	+0.0005077	+0.0007214	+0.0009307	+0.0011148	+0.0012726	+0.0014030	+0.0015224	+0.0016235	+0.0017093	+0.0017822	+0.0018517	+0.0019130
2014-10	0.011	-0.0015080	-0.0013333	-0.0011320	-0.0009395	-0.0007220	-0.0004864	-0.0002581	-0.0000216	+0.0002364	+0.0004955	+0.0007338	+0.0009621	+0.0011616	+0.0013272	+0.0014596	+0.0015681	+0.0016623	+0.0017454	+0.0018242	+0.0019051	+0.0019767
2014-11	0.047	-0.0014145	-0.0012504	-0.0010413	-0.0008362	-0.0006401	-0.0004204	-0.0002070	+0.0000098	+0.0002465	+0.0004752	+0.0007004	+0.0009204	+0.0011084	+0.0012687	+0.0013931	+0.0014975	+0.0015888	+0.0016717	+0.0017539	+0.0018323	+0.0019020
2014-12	0.009	-0.0016303	-0.0013850	-0.0011850	-0.0010007	-0.0007869	-0.0005290	-0.0002767	+0.0000059	+0.0002658	+0.0005112	+0.0007445	+0.0009677	+0.0011735	+0.0013473	+0.0014892	+0.0016067	+0.0017076	+0.0017989	+0.0018822	+0.0019591	+0.0020364
2015-01	-0.008	-0.0013738	-0.0012207	-0.0010522	-0.0008651	-0.0006569	-0.0004536	-0.0002514	-0.0000353	+0.0001893	+0.0004113	+0.0006296	+0.0008442	+0.0010275	+0.0011756	+0.0013014	+0.0014162	+0.0015213	+0.0016191	+0.0017123	+0.0017952	+0.0018679
2015-02	-0.001	-0.0011415	-0.0010320	-0.0009176	-0.0007729	-0.0006127	-0.0004310	-0.0002528	-0.0000646	+0.0001236	+0.0003097	+0.0004897	+0.0006636	+0.0008143	+0.0009495	+0.0010705	+0.0011773	+0.0012772	+0.0013713	+0.0014625	+0.0015501	+0.0016264
