2013-06	-0.051	-0.0024585	-0.0022087	-0.0019472	-0.0016788	-0.0013817	-0.0010610	-0.0007214	-0.0003597	+0.0000061	+0.0003816	+0.0007697	+0.0011445	+0.0014871	+0.0018232	+0.0021381	+0.0024220	+0.0026833	+0.0029144	+0.0031238	+0.0033348	+0.0035379
2013-07	0.041	-0.0022554	-0.0020517	-0.0018223	-0.0015721	-0.0013178	-0.0010473	-0.0007646	-0.0004478	-0.0001063	+0.0002416	+0.0005991	+0.0009518	+0.0012827	+0.0015914	+0.0018712	+0.0021406	+0.0023776	+0.0025868	+0.0027781	+0.0029648	+0.0031521
2013-08	-0.009	-0.0025991	-0.0023360	-0.0020507	-0.0017362	-0.0014256	-0.0010837	-0.0007070	-0.0003341	+0.0000384	+0.0004334	+0.0008155	+0.0012043	+0.0015563	+0.0019034	+0.0022312	+0.0025147	+0.0027652	+0.0029994	+0.0032228	+0.0034487	+0.0036449
2013-09	0.036	-0.0027876	-0.0024122	-0.0020950	-0.0017422	-0.0013723	-0.0009900	-0.0005758	-0.0001594	+0.0002459	+0.0006509	+0.0010512	+0.0014436	+0.0018037	+0.0021329	+0.0024397	+0.0027043	+0.0029416	+0.0031540	+0.0033400	+0.0035264	+0.0037124
2013-10	0.054	-0.0031979	-0.0028173	-0.0024415	-0.0020600	-0.0015773	-0.0010827	-0.0005972	-0.0000768	+0.0004460	+0.0009600	+0.0014537	+0.0019087	+0.0023097	+0.0026634	+0.0029807	+0.0032604	+0.0035103	+0.0037278	+0.0039328	+0.0041220	+0.0042977
2013-11	0.041	-0.0027621	-0.0024381	-0.0021171	-0.0017560	-0.0013528	-0.0009631	-0.0005344	-0.0000979	+0.0003245	+0.0007544	+0.0011719	+0.0015796	+0.0019701	+0.0023330	+0.0026332	+0.0029129	+0.0031600	+0.0033760	+0.0035664	+0.0037366	+0.0038824
2013-12	0.047	-0.0029999	-0.0026429	-0.0022658	-0.0018518	-0.0014402	-0.0009857	-0.0005598	-0.0001219	+0.0003253	+0.0007830	+0.0012257	+0.0016515	+0.0020390	+0.0023773	+0.0026781	+0.0029413	+0.0031831	+0.0033898	+0.0035666	+0.0037228	+0.0038567
2014-01	-0.044	-0.0034967	-0.0030448	-0.0025067	-0.0020030	-0.0015372	-0.0010695	-0.0005599	-0.0000600	+0.0004706	+0.0009843	+0.0014692	+0.0019117	+0.0023114	+0.0026606	+0.0029673	+0.0032409	+0.0034818	+0.0036992	+0.0038938	+0.0040762	+0.0042334
2014-02	0.035	-0.0029747	-0.0026388	-0.0022486	-0.0018392	-0.0014516	-0.0010367	-0.0005932	-0.0001537	+0.0003070	+0.0007731	+0.0012288	+0.0016445	+0.0020150	+0.0023378	+0.0026231	+0.0028753	+0.0030879	+0.0032872	+0.0034556	+0.0036158	+0.0037578
2014-03	-0.007	-0.0028743	-0.0025032	-0.0021349	-0.0017501	-0.0013546	-0.0009422	-0.0005431	-0.0001413	+0.0002839	+0.0006984	+0.0011059	+0.0014878	+0.0018424	+0.0021602	+0.0024399	+0.0026933	+0.0029149	+0.0031201	+0.0033295	+0.0035316	+0.0037073
2014-04	-0.005	-0.0024100	-0.0021347	-0.0018388	-0.0015394	-0.0012024	-0.0008625	-0.0005164	-0.0001336	+0.0002621	+0.0006389	+0.0010063	+0.0013509	+0.0016749	+0.0019761	+0.0022559	+0.0025276	+0.0027527	+0.0029452	+0.0031224	+0.0032955	+0.0034624
2014-05	0.013	-0.0026861	-0.0023787	-0.0020353	-0.0016277	-0.0012468	-0.0008664	-0.0004895	-0.0001077	+0.0002901	+0.0006954	+0.0010935	+0.0014622	+0.0018084	+0.0021189	+0.0023892	+0.0026329	+0.0028676	+0.0030744	+0.0032671	+0.0034391	+0.0036065
2014-06	0.037	-0.0027382	-0.0024482	-0.0021375	-0.0017557	-0.0013296	-0.0009007	-0.0004491	+0.0000414	+0.0005132	+0.0009959	+0.0014623	+0.0018896	+0.0022790	+0.0026070	+0.0028899	+0.0031523	+0.0033784	+0.0035908	+0.0037717	+0.0039467	+0.0040879
2014-07	-0.008	-0.0028500	-0.0025101	-0.0021714	-0.0017614	-0.0013731	-0.0009551	-0.0005245	-0.0000592	+0.0004051	+0.0008828	+0.0013514	+0.0017676	+0.0021384	+0.0024627	+0.0027485	+0.0030038	+0.0032411	+0.0034574	+0.0036437	+0.0038099	+0.0039900
2014-08	0.033	-0.0028813	-0.0025550	-0.0021938	-0.0017881	-0.0013649	-0.0009142	-0.0004649	-0.0000243	+0.0004461	+0.0009096	+0.0013388	+0.0017560	+0.0021393	+0.0024732	+0.0027484	+0.0029879	+0.0031954	+0.0033857	+0.0035639	+0.0037327	+0.0039060
2014-09	0.009	-0.0028816	-0.0025509	-0.0022277	-0.0018546	-0.0014159	-0.0009260	-0.0004841	-0.0000061	+0.0004733	+0.0009385	+0.0013883	+0.0018119	+0.0021834	+0.0025069	+0.0027922	+0.0030581	+0.0032977	+0.0035134	+0.0036881	+0.0038387	+0.0039792
2014-10	0.020	-0.0029601	-0.0026301	-0.0022719	-0.0018791	-0.0014438	-0.0009865	-0.0005470	-0.0000750	+0.0004151	+0.0009211	+0.0014036	+0.0018427	+0.0022408	+0.0025798	+0.0028620	+0.0031071	+0.0033208	+0.0035186	+0.0036972	+0.0038457	+0.0039845
2014-11	0.107	-0.0030238	-0.0025948	-0.0022146	-0.0018470	-0.0014133	-0.0009514	-0.0004913	-0.0000347	+0.0004338	+0.0009354	+0.0014212	+0.0018687	+0.0022695	+0.0026079	+0.0028932	+0.0031275	+0.0033371	+0.0035281	+0.0036916	+0.0038465	+0.0039803
2014-12	0.054	-0.0035083	-0.0030220	-0.0025978	-0.0020977	-0.0016392	-0.0011197	-0.0005454	+0.0000291	+0.0005982	+0.0011079	+0.0015845	+0.0020770	+0.0025311	+0.0028911	+0.0032064	+0.0034825	+0.0037205	+0.0039230	+0.0041110	+0.0042801	+0.0044453
2015-01	-0.052	-0.0031858	-0.0027541	-0.0023673	-0.0019735	-0.0015159	-0.0010144	-0.0005263	-0.0000218	+0.0005102	+0.0010471	+0.0015455	+0.0020236	+0.0024561	+0.0027980	+0.0030763	+0.0033210	+0.0035389	+0.0037320	+0.0039088	+0.0040796	+0.0042394
2015-02	0.020	-0.0025540	-0.0022886	-0.0020121	-0.0016894	-0.0013440	-0.0009354	-0.0005230	-0.0001038	+0.0003301	+0.0007590	+0.0011693	+0.0015516	+0.0019108	+0.0022304	+0.0025105	+0.0027593	+0.0029783	+0.0031983	+0.0033999	+0.0035769	+0.0037441
