2013-01	0.079	-0.0013676	-0.0012820	-0.0011806	-0.0010610	-0.0009297	-0.0007848	-0.0006331	-0.0004788	-0.0003217	-0.0001484	+0.0000273	+0.0002001	+0.0003541	+0.0004990	+0.0006310	+0.0007551	+0.0008756	+0.0009853	+0.0010849	+0.0011705	+0.0012560
2013-02	0.029	-0.0013638	-0.0012491	-0.0011233	-0.0009913	-0.0008523	-0.0007045	-0.0005504	-0.0003854	-0.0002093	-0.0000248	+0.0001564	+0.0003336	+0.0005004	+0.0006598	+0.0008074	+0.0009457	+0.0010718	+0.0011909	+0.0012973	+0.0013934	+0.0014816
2013-03	0.039	-0.0013288	-0.0012128	-0.0010712	-0.0009304	-0.0007843	-0.0006354	-0.0004836	-0.0003217	-0.0001504	+0.0000273	+0.0002075	+0.0003901	+0.0005687	+0.0007376	+0.0008893	+0.0010249	+0.0011516	+0.0012696	+0.0013785	+0.0014800	+0.0015846
2013-04	0.100	-0.0013975	-0.0012410	-0.0010490	-0.0008709	-0.0006909	-0.0005017	-0.0003029	-0.0000899	+0.0001276	+0.0003422	+0.0005449	+0.0007365	+0.0009133	+0.0010776	+0.0012299	+0.0013651	+0.0014891	+0.0015979	+0.0016942	+0.0017816	+0.0018643
2013-05	-0.025	-0.0017825	-0.0015807	-0.0013933	-0.0011456	-0.0008940	-0.0006149	-0.0003409	-0.0000603	+0.0002353	+0.0005132	+0.0007896	+0.0010497	+0.0012787	+0.0014777	+0.0016609	+0.0018223	+0.0019580	+0.0020801	+0.0021943	+0.0022958	+0.0023816
2013-06	0.018	-0.0015993	-0.0014203	-0.0012248	-0.0010144	-0.0008100	-0.0005843	-0.0003368	-0.0000728	+0.0001883	+0.0004467	+0.0007086	+0.0009557	+0.0011868	+0.0013916	+0.0015758	+0.0017355	+0.0018864	+0.0020273	+0.0021587	+0.0022900	+0.0024146
2013-07	0.009	-0.0016804	-0.0014800	-0.0012975	-0.0010887	-0.0008631	-0.0006273	-0.0003742	-0.0001073	+0.0001620	+0.0004380	+0.0007150	+0.0009774	+0.0012311	+0.0014561	+0.0016621	+0.0018429	+0.0020037	+0.0021432	+0.0022673	+0.0023910	+0.0025031
2013-08	-0.019	-0.0019325	-0.0017098	-0.0014084	-0.0011491	-0.0009178	-0.0006785	-0.0004135	-0.0001430	+0.0001443	+0.0004324	+0.0007159	+0.0009847	+0.0012367	+0.0014669	+0.0016810	+0.0018651	+0.0020336	+0.0021917	+0.0023308	+0.0024696	+0.0025935
2013-09	0.041	-0.0022448	-0.0019671	-0.0016488	-0.0013446	-0.0010677	-0.0007687	-0.0004616	-0.0001267	+0.0001874	+0.0005047	+0.0008257	+0.0011269	+0.0014049	+0.0016565	+0.0018764	+0.0020852	+0.0022680	+0.0024212	+0.0025494	+0.0026657	+0.0027747
2013-10	0.003	-0.0023858	-0.0021145	-0.0018713	-0.0015470	-0.0012062	-0.0008631	-0.0004841	-0.0001177	+0.0002697	+0.0006391	+0.0010041	+0.0013512	+0.0016525	+0.0019167	+0.0021550	+0.0023568	+0.0025402	+0.0027072	+0.0028693	+0.0030314	+0.0031823
2013-11	0.036	-0.0023086	-0.0020291	-0.0017529	-0.0014268	-0.0010821	-0.0007309	-0.0003813	-0.0000207	+0.0003546	+0.0007174	+0.0010801	+0.0014177	+0.0017350	+0.0020181	+0.0022764	+0.0024960	+0.0026983	+0.0028623	+0.0030083	+0.0031386	+0.0032527
2013-12	0.033	-0.0024939	-0.0021844	-0.0018527	-0.0015242	-0.0011832	-0.0008237	-0.0004515	-0.0000539	+0.0003580	+0.0007479	+0.0011298	+0.0014860	+0.0018146	+0.0021120	+0.0023726	+0.0025834	+0.0027629	+0.0029277	+0.0030683	+0.0031934	+0.0033159
2014-01	-0.009	-0.0029950	-0.0026472	-0.0021901	-0.0017658	-0.0013511	-0.0009034	-0.0004907	-0.0000415	+0.0004232	+0.0008689	+0.0012840	+0.0016700	+0.0020138	+0.0023178	+0.0025737	+0.0027913	+0.0029810	+0.0031431	+0.0032872	+0.0034226	+0.0035394
2014-02	-0.008	-0.0029928	-0.0025934	-0.0021811	-0.0017738	-0.0013989	-0.0009549	-0.0005129	-0.0000680	+0.0003878	+0.0008244	+0.0012402	+0.0016434	+0.0020053	+0.0022950	+0.0025383	+0.0027524	+0.0029403	+0.0031102	+0.0032740	+0.0034330	+0.0035777
2014-03	-0.003	-0.0023946	-0.0020673	-0.0017632	-0.0014509	-0.0011126	-0.0007591	-0.0003875	-0.0000271	+0.0003346	+0.0006832	+0.0010468	+0.0013819	+0.0016711	+0.0019421	+0.0021758	+0.0023857	+0.0025827	+0.0027462	+0.0028967	+0.0030371	+0.0031587
2014-04	-0.005	-0.0021159	-0.0018653	-0.0015688	-0.0012576	-0.0009644	-0.0006649	-0.0003708	-0.0000563	+0.0002684	+0.0006024	+0.0009216	+0.0012146	+0.0014827	+0.0017318	+0.0019524	+0.0021553	+0.0023409	+0.0025095	+0.0026578	+0.0027996	+0.0029217
2014-05	-0.002	-0.0022316	-0.0019227	-0.0016085	-0.0013226	-0.0010199	-0.0006944	-0.0003695	-0.0000340	+0.0003127	+0.0006497	+0.0009664	+0.0012777	+0.0015698	+0.0018298	+0.0020509	+0.0022463	+0.0024261	+0.0025849	+0.0027234	+0.0028513	+0.0029735
2014-06	0.035	-0.0021477	-0.0019028	-0.0016192	-0.0013489	-0.0010563	-0.0007274	-0.0004054	-0.0000594	+0.0003114	+0.0006833	+0.0010335	+0.0013612	+0.0016536	+0.0019034	+0.0021242	+0.0023194	+0.0024944	+0.0026513	+0.0027878	+0.0029084	+0.0030138
2014-07	0.028	-0.0023532	-0.0020606	-0.0017320	-0.0014052	-0.0010953	-0.0007697	-0.0004213	-0.0000643	+0.0003200	+0.0006970	+0.0010633	+0.0014099	+0.0017365	+0.0020171	+0.0022583	+0.0024592	+0.0026282	+0.0027891	+0.0029344	+0.0030712	+0.0031869
2014-08	-0.003	-0.0026015	-0.0022872	-0.0019744	-0.0015711	-0.0012221	-0.0008278	-0.0003922	+0.0000187	+0.0004423	+0.0008706	+0.0012705	+0.0016459	+0.0019806	+0.0022873	+0.0025385	+0.0027504	+0.0029257	+0.0030861	+0.0032443	+0.0033913	+0.0035300
2014-09	0.022	-0.0027349	-0.0023443	-0.0020122	-0.0016535	-0.0012694	-0.0008401	-0.0004166	+0.0000239	+0.0004604	+0.0009093	+0.0013146	+0.0016919	+0.0020461	+0.0023549	+0.0026035	+0.0028061	+0.0029749	+0.0031358	+0.0032859	+0.0034221	+0.0035485
2014-10	0.010	-0.0027237	-0.0024091	-0.0020621	-0.0016675	-0.0012593	-0.0008585	-0.0004698	-0.0000502	+0.0004136	+0.0008787	+0.0013150	+0.0017205	+0.0020977	+0.0024041	+0.0026693	+0.0028926	+0.0030788	+0.0032386	+0.0033885	+0.0035312	+0.0036822
2014-11	0.032	-0.0024256	-0.0021600	-0.0018452	-0.0014927	-0.0011455	-0.0007783	-0.0003719	+0.0000274	+0.0004550	+0.0008692	+0.0012808	+0.0016600	+0.0019872	+0.0022824	+0.0025380	+0.0027573	+0.0029567	+0.0031270	+0.0032774	+0.0034122	+0.0035332
2014-12	-0.003	-0.0026738	-0.0023048	-0.0019268	-0.0016161	-0.0012680	-0.0008908	-0.0004695	-0.0000168	+0.0004176	+0.0008545	+0.0012648	+0.0016414	+0.0019868	+0.0022848	+0.0025516	+0.0027701	+0.0029720	+0.0031461	+0.0033080	+0.0034630	+0.0035929
2015-01	-0.012	-0.0020625	-0.0018321	-0.0016024	-0.0013338	-0.0010484	-0.0007358	-0.0004152	-0.0000711	+0.0002887	+0.0006374	+0.0009821	+0.0013121	+0.0015993	+0.0018693	+0.0021067	+0.0023089	+0.0024877	+0.0026523	+0.0028033	+0.0029371	+0.0030769
2015-02	0.004	-0.0019105	-0.0017165	-0.0014961	-0.0012525	-0.0010009	-0.0007337	-0.0004420	-0.0001399	+0.0001624	+0.0004553	+0.0007535	+0.0010402	+0.0013113	+0.0015500	+0.0017680	+0.0019715	+0.0021678	+0.0023344	+0.0024852	+0.0026229	+0.0027400
