2013-01	-0.018	-0.0019589	-0.0017963	-0.0016318	-0.0014617	-0.0012914	-0.0011061	-0.0009110	-0.0007071	-0.0004910	-0.0002642	-0.0000217	+0.0002208	+0.0004557	+0.0006795	+0.0008886	+0.0010726	+0.0012393	+0.0013943	+0.0015498	+0.0017103	+0.0018729
2013-02	0.044	-0.0018291	-0.0016834	-0.0015297	-0.0013737	-0.0012028	-0.0010099	-0.0008031	-0.0005809	-0.0003548	-0.0001151	+0.0001342	+0.0003812	+0.0006194	+0.0008465	+0.0010601	+0.0012658	+0.0014582	+0.0016389	+0.0017902	+0.0019290	+0.0020568
2013-03	-0.026	-0.0017816	-0.0016466	-0.0014987	-0.0013363	-0.0011522	-0.0009663	-0.0007668	-0.0005476	-0.0003141	-0.0000710	+0.0001795	+0.0004270	+0.0006686	+0.0008959	+0.0011072	+0.0012999	+0.0014874	+0.0016705	+0.0018431	+0.0020113	+0.0021636
2013-04	0.091	-0.0018903	-0.0017549	-0.0016086	-0.0014592	-0.0012917	-0.0011169	-0.0009201	-0.0007082	-0.0004867	-0.0002591	-0.0000328	+0.0001945	+0.0004171	+0.0006359	+0.0008459	+0.0010433	+0.0012230	+0.0013916	+0.0015479	+0.0016912	+0.0018165
2013-05	-0.091	-0.0017233	-0.0015853	-0.0014381	-0.0012676	-0.0010855	-0.0008990	-0.0006995	-0.0004810	-0.0002499	-0.0000029	+0.0002427	+0.0004878	+0.0007335	+0.0009737	+0.0012011	+0.0014079	+0.0015966	+0.0017655	+0.0019381	+0.0021015	+0.0022438
2013-06	-0.041	-0.0019313	-0.0017845	-0.0016280	-0.0014648	-0.0012882	-0.0011017	-0.0008976	-0.0006822	-0.0004465	-0.0001975	+0.0000470	+0.0002946	+0.0005270	+0.0007440	+0.0009480	+0.0011428	+0.0013260	+0.0014982	+0.0016660	+0.0018208	+0.0019548
2013-07	-0.001	-0.0020651	-0.0019272	-0.0017754	-0.0016052	-0.0014341	-0.0012464	-0.0010365	-0.0008126	-0.0005677	-0.0003150	-0.0000565	+0.0002045	+0.0004556	+0.0006968	+0.0009161	+0.0011190	+0.0013042	+0.0014736	+0.0016372	+0.0017937	+0.0019671
2013-08	-0.055	-0.0020852	-0.0019393	-0.0017815	-0.0016105	-0.0014193	-0.0012117	-0.0009917	-0.0007646	-0.0005241	-0.0002797	-0.0000353	+0.0002110	+0.0004556	+0.0006932	+0.0009132	+0.0011112	+0.0012954	+0.0014759	+0.0016350	+0.0017805	+0.0019058
2013-09	0.042	-0.0020968	-0.0019502	-0.0017955	-0.0016298	-0.0014532	-0.0012525	-0.0010465	-0.0008269	-0.0005934	-0.0003462	-0.0000953	+0.0001501	+0.0003932	+0.0006271	+0.0008429	+0.0010440	+0.0012302	+0.0013995	+0.0015685	+0.0017229	+0.0018725
2013-10	0.034	-0.0017907	-0.0016263	-0.0014624	-0.0012906	-0.0011103	-0.0009085	-0.0006914	-0.0004584	-0.0002106	+0.0000528	+0.0003211	+0.0005751	+0.0008143	+0.0010445	+0.0012638	+0.0014725	+0.0016632	+0.0018463	+0.0020171	+0.0021945	+0.0023592
2013-11	-0.009	-0.0015639	-0.0014129	-0.0012614	-0.0011165	-0.0009550	-0.0007801	-0.0005922	-0.0003856	-0.0001603	+0.0000726	+0.0003079	+0.0005424	+0.0007727	+0.0009886	+0.0011952	+0.0013974	+0.0015803	+0.0017616	+0.0019271	+0.0020673	+0.0021954
2013-12	0.009	-0.0016903	-0.0015360	-0.0013833	-0.0012130	-0.0010356	-0.0008472	-0.0006568	-0.0004482	-0.0002297	+0.0000047	+0.0002392	+0.0004777	+0.0007046	+0.0009274	+0.0011375	+0.0013307	+0.0015118	+0.0016777	+0.0018281	+0.0019633	+0.0020783
2014-01	-0.097	-0.0016498	-0.0015094	-0.0013548	-0.0011824	-0.0009979	-0.0008017	-0.0005997	-0.0003814	-0.0001459	+0.0000973	+0.0003360	+0.0005745	+0.0008116	+0.0010298	+0.0012327	+0.0014146	+0.0015784	+0.0017421	+0.0019051	+0.0020434	+0.0021794
2014-02	0.043	-0.0017124	-0.0015806	-0.0014460	-0.0013142	-0.0011727	-0.0010195	-0.0008508	-0.0006625	-0.0004590	-0.0002448	-0.0000260	+0.0001974	+0.0004157	+0.0006263	+0.0008263	+0.0010105	+0.0011781	+0.0013351	+0.0014852	+0.0016224	+0.0017474
2014-03	0.032	-0.0018894	-0.0017295	-0.0015756	-0.0014208	-0.0012648	-0.0011025	-0.0009291	-0.0007370	-0.0005340	-0.0003199	-0.0000972	+0.0001209	+0.0003353	+0.0005288	+0.0007158	+0.0009006	+0.0010805	+0.0012513	+0.0013975	+0.0015406	+0.0016887
2014-04	-0.002	-0.0016649	-0.0015482	-0.0014284	-0.0012946	-0.0011405	-0.0009720	-0.0007922	-0.0005992	-0.0004001	-0.0001912	+0.0000274	+0.0002484	+0.0004596	+0.0006632	+0.0008493	+0.0010208	+0.0011846	+0.0013329	+0.0014698	+0.0016069	+0.0017302
2014-05	0.019	-0.0016454	-0.0015307	-0.0014013	-0.0012719	-0.0011247	-0.0009569	-0.0007814	-0.0005915	-0.0003784	-0.0001619	+0.0000599	+0.0002797	+0.0004957	+0.0006948	+0.0008829	+0.0010568	+0.0012213	+0.0013727	+0.0015148	+0.0016448	+0.0017638
2014-06	-0.016	-0.0015373	-0.0013896	-0.0012395	-0.0010796	-0.0009081	-0.0007252	-0.0005283	-0.0003207	-0.0001084	+0.0001115	+0.0003395	+0.0005667	+0.0007888	+0.0010012	+0.0011999	+0.0013715	+0.0015328	+0.0016797	+0.0018214	+0.0019575	+0.0020837
2014-07	0.012	-0.0015815	-0.0014617	-0.0013341	-0.0011915	-0.0010449	-0.0008818	-0.0007085	-0.0005195	-0.0003157	-0.0000989	+0.0001203	+0.0003328	+0.0005387	+0.0007362	+0.0009231	+0.0010942	+0.0012476	+0.0014006	+0.0015384	+0.0016690	+0.0017931
2014-08	0.028	-0.0015537	-0.0014298	-0.0012975	-0.0011541	-0.0009986	-0.0008317	-0.0006536	-0.0004700	-0.0002737	-0.0000696	+0.0001446	+0.0003567	+0.0005610	+0.0007484	+0.0009275	+0.0010900	+0.0012404	+0.0013753	+0.0014982	+0.0016161	+0.0017226
2014-09	-0.015	-0.0014492	-0.0013354	-0.0012151	-0.0010673	-0.0009153	-0.0007516	-0.0005746	-0.0003935	-0.0002029	-0.0000014	+0.0002075	+0.0004152	+0.0006145	+0.0008032	+0.0009862	+0.0011629	+0.0013301	+0.0014799	+0.0016155	+0.0017436	+0.0018567
2014-10	0.050	-0.0014764	-0.0013591	-0.0012399	-0.0011035	-0.0009505	-0.0007901	-0.0006216	-0.0004385	-0.0002426	-0.0000381	+0.0001704	+0.0003778	+0.0005778	+0.0007649	+0.0009351	+0.0010938	+0.0012410	+0.0013719	+0.0014965	+0.0016282	+0.0017601
2014-11	0.065	-0.0014286	-0.0013005	-0.0011714	-0.0010313	-0.0008753	-0.0007080	-0.0005370	-0.0003504	-0.0001539	+0.0000577	+0.0002695	+0.0004758	+0.0006817	+0.0008837	+0.0010762	+0.0012489	+0.0014082	+0.0015537	+0.0016845	+0.0018118	+0.0019250
2014-12	-0.040	-0.0015200	-0.0013628	-0.0012042	-0.0010371	-0.0008686	-0.0006780	-0.0004658	-0.0002491	-0.0000263	+0.0001966	+0.0004295	+0.0006637	+0.0008879	+0.0010961	+0.0012921	+0.0014778	+0.0016412	+0.0017928	+0.0019481	+0.0020978	+0.0022196
2015-01	0.043	-0.0014439	-0.0013255	-0.0012090	-0.0010786	-0.0009359	-0.0007871	-0.0006282	-0.0004548	-0.0002686	-0.0000760	+0.0001256	+0.0003243	+0.0005186	+0.0007074	+0.0008853	+0.0010491	+0.0011977	+0.0013305	+0.0014545	+0.0015721	+0.0016874
2015-02	0.002	-0.0013844	-0.0012692	-0.0011386	-0.0010055	-0.0008755	-0.0007326	-0.0005767	-0.0004078	-0.0002237	-0.0000270	+0.0001747	+0.0003736	+0.0005696	+0.0007568	+0.0009281	+0.0010870	+0.0012307	+0.0013610	+0.0014854	+0.0016035	+0.0017212
