2013-01	0.062	-0.0011763	-0.0010634	-0.0009427	-0.0008080	-0.0006657	-0.0005169	-0.0003622	-0.0002047	-0.0000365	+0.0001444	+0.0003198	+0.0004935	+0.0006618	+0.0008226	+0.0009717	+0.0011131	+0.0012370	+0.0013513	+0.0014593	+0.0015567	+0.0016450
2013-02	0.009	-0.0015176	-0.0013533	-0.0011854	-0.0009943	-0.0007882	-0.0005844	-0.0003791	-0.0001667	+0.0000495	+0.0002744	+0.0004966	+0.0007080	+0.0009048	+0.0010913	+0.0012623	+0.0014217	+0.0015744	+0.0017081	+0.0018289	+0.0019313	+0.0020292
2013-03	0.009	-0.0014211	-0.0012874	-0.0011360	-0.0009702	-0.0007956	-0.0006029	-0.0004027	-0.0001990	+0.0000163	+0.0002398	+0.0004609	+0.0006745	+0.0008717	+0.0010636	+0.0012393	+0.0013966	+0.0015454	+0.0016888	+0.0018328	+0.0019717	+0.0020958
2013-04	0.072	-0.0013697	-0.0012431	-0.0011080	-0.0009560	-0.0007941	-0.0006216	-0.0004345	-0.0002360	-0.0000289	+0.0001722	+0.0003691	+0.0005627	+0.0007479	+0.0009209	+0.0010805	+0.0012269	+0.0013616	+0.0014897	+0.0016199	+0.0017358	+0.0018444
2013-05	-0.030	-0.0015805	-0.0014189	-0.0012287	-0.0010280	-0.0008240	-0.0006138	-0.0003921	-0.0001546	+0.0000936	+0.0003376	+0.0005878	+0.0008284	+0.0010493	+0.0012529	+0.0014358	+0.0015987	+0.0017488	+0.0018821	+0.0020148	+0.0021365	+0.0022497
2013-06	-0.084	-0.0015617	-0.0013915	-0.0012287	-0.0010505	-0.0008670	-0.0006644	-0.0004646	-0.0002482	-0.0000080	+0.0002298	+0.0004601	+0.0006797	+0.0008901	+0.0010878	+0.0012744	+0.0014418	+0.0016024	+0.0017363	+0.0018574	+0.0019717	+0.0020814
2013-07	-0.009	-0.0013094	-0.0011876	-0.0010671	-0.0009372	-0.0007946	-0.0006479	-0.0004941	-0.0003204	-0.0001311	+0.0000653	+0.0002648	+0.0004643	+0.0006593	+0.0008417	+0.0010136	+0.0011748	+0.0013251	+0.0014585	+0.0015925	+0.0017219	+0.0018416
2013-08	-0.057	-0.0014486	-0.0013137	-0.0011712	-0.0010220	-0.0008628	-0.0006949	-0.0005119	-0.0003223	-0.0001224	+0.0000874	+0.0003008	+0.0005134	+0.0007144	+0.0009042	+0.0010748	+0.0012415	+0.0013942	+0.0015327	+0.0016659	+0.0017775	+0.0018864
2013-09	0.037	-0.0013351	-0.0012272	-0.0011090	-0.0009877	-0.0008523	-0.0007024	-0.0005378	-0.0003604	-0.0001677	+0.0000328	+0.0002331	+0.0004275	+0.0006198	+0.0007962	+0.0009630	+0.0011200	+0.0012626	+0.0013902	+0.0015119	+0.0016284	+0.0017482
2013-10	0.044	-0.0016526	-0.0014927	-0.0013212	-0.0011431	-0.0009405	-0.0007125	-0.0004852	-0.0002364	+0.0000222	+0.0002889	+0.0005462	+0.0007911	+0.0010149	+0.0012266	+0.0014259	+0.0016079	+0.0017797	+0.0019404	+0.0020842	+0.0022270	+0.0023364
2013-11	-0.008	-0.0014145	-0.0012729	-0.0011075	-0.0009512	-0.0007891	-0.0006063	-0.0004030	-0.0001863	+0.0000375	+0.0002653	+0.0004964	+0.0007175	+0.0009296	+0.0011318	+0.0013195	+0.0014871	+0.0016436	+0.0017880	+0.0019184	+0.0020378	+0.0021657
2013-12	0.026	-0.0016472	-0.0014554	-0.0012490	-0.0010489	-0.0008369	-0.0006295	-0.0004109	-0.0001869	+0.0000421	+0.0002828	+0.0005294	+0.0007696	+0.0009963	+0.0012049	+0.0013890	+0.0015663	+0.0017273	+0.0018728	+0.0020038	+0.0021321	+0.0022523
2014-01	-0.062	-0.0019362	-0.0016596	-0.0014006	-0.0011534	-0.0009119	-0.0006668	-0.0004008	-0.0001383	+0.0001377	+0.0004116	+0.0006818	+0.0009385	+0.0011797	+0.0014029	+0.0016072	+0.0017965	+0.0019606	+0.0021117	+0.0022423	+0.0023739	+0.0024880
2014-02	0.010	-0.0015038	-0.0013731	-0.0012115	-0.0010326	-0.0008583	-0.0006717	-0.0004722	-0.0002664	-0.0000465	+0.0001851	+0.0004151	+0.0006407	+0.0008515	+0.0010508	+0.0012361	+0.0014097	+0.0015707	+0.0017121	+0.0018416	+0.0019665	+0.0020827
2014-03	0.033	-0.0014541	-0.0013223	-0.0011767	-0.0010231	-0.0008687	-0.0007006	-0.0005211	-0.0003328	-0.0001356	+0.0000615	+0.0002531	+0.0004461	+0.0006385	+0.0008192	+0.0009863	+0.0011467	+0.0012997	+0.0014384	+0.0015616	+0.0016889	+0.0018036
2014-04	0.005	-0.0012449	-0.0011241	-0.0009959	-0.0008563	-0.0007063	-0.0005485	-0.0003893	-0.0002184	-0.0000380	+0.0001582	+0.0003577	+0.0005519	+0.0007412	+0.0009260	+0.0011016	+0.0012652	+0.0014204	+0.0015763	+0.0017109	+0.0018260	+0.0019275
2014-05	0.012	-0.0014501	-0.0013066	-0.0011475	-0.0009826	-0.0008006	-0.0006124	-0.0004217	-0.0002174	-0.0000117	+0.0002056	+0.0004302	+0.0006502	+0.0008650	+0.0010662	+0.0012536	+0.0014168	+0.0015615	+0.0016976	+0.0018207	+0.0019367	+0.0020461
2014-06	0.003	-0.0016343	-0.0014206	-0.0012346	-0.0010448	-0.0008439	-0.0006221	-0.0003699	-0.0001079	+0.0001645	+0.0004349	+0.0006984	+0.0009428	+0.0011697	+0.0013715	+0.0015616	+0.0017343	+0.0018862	+0.0020195	+0.0021400	+0.0022539	+0.0023519
2014-07	0.007	-0.0014374	-0.0012893	-0.0011294	-0.0009619	-0.0007812	-0.0005869	-0.0003766	-0.0001596	+0.0000559	+0.0002779	+0.0004977	+0.0007213	+0.0009307	+0.0011206	+0.0012924	+0.0014480	+0.0015896	+0.0017239	+0.0018482	+0.0019649	+0.0020820
2014-08	0.003	-0.0015189	-0.0013665	-0.0011946	-0.0010059	-0.0008011	-0.0005915	-0.0003815	-0.0001693	+0.0000551	+0.0002782	+0.0005046	+0.0007192	+0.0009278	+0.0011205	+0.0012946	+0.0014597	+0.0016025	+0.0017311	+0.0018520	+0.0019627	+0.0020642
2014-09	0.018	-0.0015115	-0.0013401	-0.0011651	-0.0009628	-0.0007690	-0.0005584	-0.0003366	-0.0001258	+0.0000939	+0.0003159	+0.0005344	+0.0007478	+0.0009446	+0.0011302	+0.0013047	+0.0014649	+0.0016075	+0.0017387	+0.0018585	+0.0019639	+0.0020540
2014-10	0.019	-0.0014932	-0.0013261	-0.0011570	-0.0009809	-0.0007944	-0.0005907	-0.0003783	-0.0001657	+0.0000564	+0.0002844	+0.0005187	+0.0007461	+0.0009572	+0.0011455	+0.0013109	+0.0014621	+0.0016060	+0.0017453	+0.0018739	+0.0019932	+0.0020925
2014-11	0.067	-0.0013594	-0.0012160	-0.0010743	-0.0009067	-0.0007291	-0.0005394	-0.0003511	-0.0001554	+0.0000558	+0.0002768	+0.0004946	+0.0007054	+0.0009071	+0.0010885	+0.0012629	+0.0014216	+0.0015692	+0.0017058	+0.0018254	+0.0019288	+0.0020288
2014-12	-0.033	-0.0015481	-0.0013809	-0.0012018	-0.0010142	-0.0008184	-0.0006110	-0.0003843	-0.0001455	+0.0001037	+0.0003460	+0.0005798	+0.0008062	+0.0010189	+0.0012141	+0.0013885	+0.0015543	+0.0017062	+0.0018602	+0.0019994	+0.0021200	+0.0022274
2015-01	-0.009	-0.0012848	-0.0011698	-0.0010491	-0.0009159	-0.0007699	-0.0006188	-0.0004597	-0.0002786	-0.0000849	+0.0001157	+0.0003240	+0.0005210	+0.0007053	+0.0008768	+0.0010413	+0.0011934	+0.0013309	+0.0014674	+0.0016005	+0.0017343	+0.0018597
2015-02	-0.003	-0.0012847	-0.0011745	-0.0010624	-0.0009407	-0.0008150	-0.0006829	-0.0005360	-0.0003823	-0.0002210	-0.0000556	+0.0001137	+0.0002901	+0.0004676	+0.0006336	+0.0007870	+0.0009274	+0.0010604	+0.0011854	+0.0013071	+0.0014275	+0.0015343
