2011-05	-0.016	-0.0049416	-0.0049416	-0.0049416	-0.0039878	-0.0039878	-0.0034164	-0.0032474	-0.0027805	-0.0024012	-0.0023242	-0.0021746	-0.0020021	-0.0016196	-0.0009958	-0.0001881	-0.0000133	+0.0002898	+0.0002898	+0.0006875	+0.0006875	+0.0006875
2011-06	0.013	-0.0032474	-0.0032474	-0.0032474	-0.0029331	-0.0029331	-0.0027805	-0.0024699	-0.0022732	-0.0021746	-0.0019999	-0.0017604	-0.0015046	+0.0000439	+0.0002734	+0.0008713	+0.0012072	+0.0015884	+0.0019105	+0.0030560	+0.0030560	+0.0030560
2011-07	0.001	-0.0018580	-0.0017822	-0.0017200	-0.0015345	-0.0013298	-0.0012122	-0.0010697	-0.0009200	-0.0007286	-0.0004846	-0.0002736	-0.0000875	+0.0000775	+0.0003051	+0.0006478	+0.0008855	+0.0010919	+0.0013974	+0.0015500	+0.0016607	+0.0017938
2011-08	-0.093	-0.0007369	-0.0006903	-0.0006515	-0.0006080	-0.0005238	-0.0004557	-0.0003426	-0.0002042	-0.0000566	+0.0001085	+0.0002756	+0.0004397	+0.0005947	+0.0007559	+0.0009118	+0.0010350	+0.0011688	+0.0012511	+0.0013669	+0.0014159	+0.0015136
2011-09	-0.021	-0.0026180	-0.0025971	-0.0025569	-0.0025027	-0.0021039	-0.0019490	-0.0016107	-0.0011490	-0.0009302	-0.0006631	-0.0002914	+0.0000872	+0.0004986	+0.0007785	+0.0009465	+0.0010511	+0.0011750	+0.0012429	+0.0013488	+0.0014015	+0.0014287
2011-10	0.032	-0.0041053	-0.0039895	-0.0039073	-0.0037862	-0.0036722	-0.0035500	-0.0033725	-0.0031866	-0.0029938	-0.0026722	-0.0022886	-0.0019185	-0.0015264	-0.0011825	-0.0009154	-0.0006150	-0.0002283	+0.0000100	+0.0002477	+0.0005560	+0.0006621
2011-11	-0.063	-0.0041117	-0.0039936	-0.0039198	-0.0038071	-0.0037013	-0.0035818	-0.0034211	-0.0032455	-0.0029471	-0.0022344	-0.0018599	-0.0015749	-0.0012829	-0.0006798	-0.0002374	-0.0000019	+0.0002085	+0.0004247	+0.0006216	+0.0009593	+0.0012623
2011-12	0.003	-0.0028044	-0.0023857	-0.0021248	-0.0019871	-0.0019018	-0.0017744	-0.0015497	-0.0012563	-0.0008491	-0.0006124	-0.0004286	-0.0002432	-0.0000959	+0.0000402	+0.0001889	+0.0003354	+0.0005185	+0.0012038	+0.0014416	+0.0016503	+0.0017683
2012-01	0.039	-0.0015780	-0.0014666	-0.0014307	-0.0013705	-0.0012688	-0.0011956	-0.0011034	-0.0009735	-0.0008516	-0.0007082	-0.0005541	-0.0003923	-0.0002602	-0.0001285	+0.0000037	+0.0001379	+0.0002543	+0.0003450	+0.0004432	+0.0004913	+0.0005392
2012-02	0.098	-0.0018361	-0.0018361	-0.0018361	-0.0015025	-0.0015025	-0.0014307	-0.0014140	-0.0010598	-0.0009921	-0.0007048	-0.0003939	+0.0000325	+0.0005314	+0.0008285	+0.0012629	+0.0016375	+0.0019914	+0.0019914	+0.0019979	+0.0019979	+0.0019979
2012-03	0.044	-0.0009244	-0.0008298	-0.0007484	-0.0005894	-0.0003783	-0.0001328	+0.0000452	+0.0002717	+0.0005624	+0.0009383	+0.0011811	+0.0015189	+0.0019230	+0.0021489	+0.0023636	+0.0026568	+0.0030164	+0.0032315	+0.0033192	+0.0034187	+0.0034517
2012-04	-0.057	+0.0000784	+0.0003088	+0.0007238	+0.0008216	+0.0009804	+0.0013050	+0.0017415	+0.0020287	+0.0021895	+0.0024446	+0.0030709	+0.0033192	+0.0034599	+0.0035864	+0.0036906	+0.0037767	+0.0038653	+0.0039081	+0.0039714	+0.0040396	+0.0041433
2012-05	-0.107	-0.0014394	-0.0012157	-0.0005605	-0.0001219	+0.0000861	+0.0002559	+0.0006363	+0.0012293	+0.0016427	+0.0019393	+0.0023002	+0.0027056	+0.0032412	+0.0034908	+0.0036340	+0.0037695	+0.0038549	+0.0039081	+0.0039788	+0.0040454	+0.0041433
2012-06	0.053	-0.0040059	-0.0039592	-0.0039003	-0.0038393	-0.0036934	-0.0034237	-0.0029732	-0.0023999	-0.0019139	-0.0014059	-0.0008832	-0.0002810	+0.0002317	+0.0008066	+0.0012654	+0.0016431	+0.0019793	+0.0023703	+0.0025610	+0.0027014	+0.0029781
2012-07	-0.035	-0.0043089	-0.0042513	-0.0041573	-0.0040193	-0.0039078	-0.0037638	-0.0035531	-0.0033416	-0.0031403	-0.0029230	-0.0026498	-0.0024036	-0.0021750	-0.0018938	-0.0016567	-0.0014924	-0.0012538	-0.0009493	-0.0008162	-0.0006802	-0.0005382
2012-08	0.016	-0.0038078	-0.0037051	-0.0035916	-0.0034264	-0.0031755	-0.0028032	-0.0025361	-0.0023269	-0.0019875	-0.0015148	-0.0012668	-0.0010124	-0.0004383	-0.0001650	+0.0000306	+0.0002070	+0.0004145	+0.0012213	+0.0021252	+0.0023575	+0.0024800
2012-09	0.011	-0.0007589	-0.0006643	-0.0006030	-0.0005390	-0.0004424	-0.0003668	-0.0002312	-0.0001364	+0.0000018	+0.0001474	+0.0002973	+0.0004329	+0.0005643	+0.0007047	+0.0008484	+0.0009485	+0.0010208	+0.0010791	+0.0011198	+0.0011696	+0.0012091
2012-10	0.006	-0.0006691	-0.0006416	-0.0005524	-0.0003651	-0.0002486	-0.0000844	+0.0000561	+0.0001653	+0.0003261	+0.0005304	+0.0007227	+0.0008733	+0.0009881	+0.0011080	+0.0012373	+0.0013545	+0.0014711	+0.0015301	+0.0016041	+0.0017028	+0.0017641
2012-11	0.055	-0.0008320	-0.0008070	-0.0007765	-0.0007413	-0.0006589	-0.0005559	-0.0004706	-0.0003308	-0.0001913	-0.0000181	+0.0001555	+0.0003560	+0.0005509	+0.0007343	+0.0009170	+0.0010805	+0.0012409	+0.0013656	+0.0014912	+0.0016232	+0.0017444
2012-12	0.095	-0.0009688	-0.0008979	-0.0008304	-0.0007655	-0.0006945	-0.0005767	-0.0004879	-0.0003556	-0.0002042	-0.0000358	+0.0001199	+0.0002983	+0.0004636	+0.0006262	+0.0007653	+0.0009291	+0.0010438	+0.0011598	+0.0012625	+0.0013423	+0.0014248
2013-01	0.067	-0.0007529	-0.0006627	-0.0005497	-0.0003013	-0.0001439	+0.0000583	+0.0002848	+0.0005813	+0.0008517	+0.0011039	+0.0014446	+0.0017606	+0.0020394	+0.0023122	+0.0025697	+0.0026889	+0.0029247	+0.0030881	+0.0032472	+0.0033272	+0.0034578
2013-02	0.036	+0.0003473	+0.0005733	+0.0006534	+0.0012884	+0.0016808	+0.0019873	+0.0021810	+0.0025233	+0.0027757	+0.0030877	+0.0033220	+0.0036155	+0.0038919	+0.0041355	+0.0043443	+0.0045521	+0.0046994	+0.0048503	+0.0049524	+0.0051221	+0.0052052
2013-03	0.075	-0.0033057	-0.0033057	-0.0033057	+0.0030691	+0.0030691	+0.0031312	+0.0033746	+0.0034496	+0.0037030	+0.0039353	+0.0040846	+0.0042133	+0.0044403	+0.0045666	+0.0047482	+0.0051185	+0.0052918	+0.0052918	+0.0056856	+0.0056856	+0.0056856
2013-04	0.109	-0.0039701	-0.0039701	-0.0039701	+0.0026834	+0.0026834	+0.0028472	+0.0029576	+0.0030691	+0.0031495	+0.0033746	+0.0034496	+0.0037986	+0.0040170	+0.0041411	+0.0042877	+0.0043746	+0.0045666	+0.0045666	+0.0047299	+0.0047299	+0.0047299
2013-05	-0.006	-0.0020064	-0.0020064	-0.0020064	+0.0019931	+0.0019931	+0.0025936	+0.0026834	+0.0030473	+0.0033661	+0.0034541	+0.0038255	+0.0039493	+0.0042938	+0.0043888	+0.0046038	+0.0046238	+0.0050557	+0.0050557	+0.0052956	+0.0052956	+0.0052956
2013-06	-0.006	+0.0007256	+0.0009756	+0.0011113	+0.0012921	+0.0022428	+0.0031520	+0.0034221	+0.0036492	+0.0038487	+0.0040850	+0.0042365	+0.0044157	+0.0045638	+0.0047005	+0.0048434	+0.0049516	+0.0050729	+0.0051725	+0.0052988	+0.0053420	+0.0054152
2013-07	-0.001	-0.0027570	-0.0025051	-0.0021807	-0.0016081	-0.0012751	-0.0009655	-0.0005945	-0.0001504	+0.0007569	+0.0014654	+0.0019284	+0.0023448	+0.0032093	+0.0039959	+0.0044226	+0.0046768	+0.0048899	+0.0050251	+0.0051402	+0.0053021	+0.0053489
2013-08	-0.020	-0.0019672	-0.0018317	-0.0017733	-0.0015925	-0.0014367	-0.0012751	-0.0011127	-0.0009080	-0.0007313	-0.0005318	-0.0003163	-0.0001192	+0.0001124	+0.0003755	+0.0006746	+0.0010075	+0.0012625	+0.0014664	+0.0016093	+0.0017208	+0.0019076
2013-09	0.080	-0.0013029	-0.0012165	-0.0011180	-0.0010466	-0.0009337	-0.0007720	-0.0006062	-0.0003902	-0.0002066	-0.0000089	+0.0002539	+0.0005141	+0.0007670	+0.0010468	+0.0012860	+0.0015003	+0.0016630	+0.0018021	+0.0020492	+0.0022894	+0.0023808
2013-10	-0.009	-0.0011407	-0.0010466	-0.0009635	-0.0008734	-0.0007643	-0.0006425	-0.0004828	-0.0002923	-0.0000792	+0.0001633	+0.0004311	+0.0006930	+0.0009679	+0.0011879	+0.0014264	+0.0016636	+0.0018303	+0.0020480	+0.0021655	+0.0023030	+0.0023808
2013-11	0.088	-0.0010078	-0.0009506	-0.0008738	-0.0008066	-0.0007069	-0.0005953	-0.0004427	-0.0002549	+0.0000057	+0.0002769	+0.0005163	+0.0007343	+0.0009548	+0.0012442	+0.0014682	+0.0016607	+0.0018004	+0.0019302	+0.0020052	+0.0020781	+0.0021609
2013-12	0.039	-0.0002197	-0.0001118	-0.0000266	+0.0000531	+0.0001920	+0.0003038	+0.0004269	+0.0005893	+0.0007569	+0.0009230	+0.0010810	+0.0012452	+0.0013963	+0.0015347	+0.0016540	+0.0017692	+0.0018701	+0.0019634	+0.0020576	+0.0021193	+0.0021609
2014-01	-0.087	-0.0004510	-0.0002525	-0.0001269	+0.0001964	+0.0004269	+0.0005742	+0.0007699	+0.0009224	+0.0011555	+0.0013482	+0.0015513	+0.0017536	+0.0019379	+0.0021267	+0.0023033	+0.0024572	+0.0025968	+0.0026798	+0.0027616	+0.0028693	+0.0029350
2014-02	-0.005	-0.0008410	-0.0007330	-0.0006159	-0.0003881	+0.0000321	+0.0001944	+0.0004746	+0.0007933	+0.0010722	+0.0015064	+0.0018263	+0.0020644	+0.0022789	+0.0024447	+0.0025633	+0.0026674	+0.0027522	+0.0028259	+0.0028772	+0.0029408	+0.0029989
2014-03	0.006	-0.0032130	-0.0032130	-0.0032130	-0.0027393	-0.0027393	-0.0024263	-0.0021227	-0.0018103	-0.0015255	-0.0011623	-0.0008145	-0.0005844	+0.0009972	+0.0018983	+0.0025187	+0.0025215	+0.0027522	+0.0027522	+0.0030817	+0.0030817	+0.0030817
2014-04	-0.036	-0.0026132	-0.0026132	-0.0026132	-0.0025715	-0.0025715	-0.0024423	-0.0024164	-0.0023257	-0.0021227	-0.0018360	-0.0015540	-0.0012366	-0.0010412	-0.0008119	-0.0007387	-0.0004636	-0.0003070	-0.0003070	+0.0010379	+0.0010379	+0.0010379
2014-05	0.022	-0.0025715	-0.0025715	-0.0025715	-0.0024164	-0.0024164	-0.0024022	-0.0021570	-0.0019236	-0.0012575	-0.0009079	-0.0007448	-0.0004636	-0.0002508	+0.0002078	+0.0009028	+0.0009267	+0.0019375	+0.0019375	+0.0020252	+0.0020252	+0.0020252
2014-06	0.035	-0.0016208	-0.0016208	-0.0016208	-0.0014597	-0.0014597	-0.0014583	-0.0012575	-0.0009009	-0.0007448	-0.0005490	-0.0003743	-0.0002508	+0.0000603	+0.0002725	+0.0004594	+0.0009267	+0.0012199	+0.0012199	+0.0019375	+0.0019375	+0.0019375
2014-07	0.029	-0.0013888	-0.0013082	-0.0010826	-0.0009641	-0.0008470	-0.0007118	-0.0005393	-0.0002857	-0.0000930	+0.0000760	+0.0003682	+0.0006056	+0.0007721	+0.0009261	+0.0011994	+0.0013566	+0.0014414	+0.0015084	+0.0015624	+0.0016561	+0.0016844
2014-08	-0.012	-0.0000069	+0.0001006	+0.0002472	+0.0004222	+0.0005015	+0.0006275	+0.0007255	+0.0008720	+0.0011153	+0.0012482	+0.0013613	+0.0014553	+0.0015958	+0.0017040	+0.0017734	+0.0018282	+0.0019175	+0.0020387	+0.0020851	+0.0021379	+0.0021744
2014-09	0.051	-0.0006366	-0.0005764	-0.0004742	-0.0001893	-0.0000112	+0.0001245	+0.0002545	+0.0003628	+0.0005227	+0.0007504	+0.0009046	+0.0010968	+0.0012735	+0.0014061	+0.0016369	+0.0017550	+0.0018179	+0.0019396	+0.0020688	+0.0021379	+0.0021744
2014-10	0.014	-0.0004019	-0.0003666	-0.0002406	-0.0001725	-0.0000299	+0.0000881	+0.0001925	+0.0002890	+0.0003853	+0.0004904	+0.0005916	+0.0006846	+0.0007837	+0.0008681	+0.0009530	+0.0010347	+0.0011032	+0.0011719	+0.0012303	+0.0012792	+0.0013168
2014-11	0.060	-0.0008250	-0.0007401	-0.0006595	-0.0005326	-0.0004268	-0.0003000	-0.0001339	+0.0000140	+0.0001709	+0.0003246	+0.0005085	+0.0006724	+0.0008248	+0.0009480	+0.0010524	+0.0011385	+0.0012143	+0.0012748	+0.0013315	+0.0013980	+0.0014263
2014-12	0.000	-0.0009179	-0.0008165	-0.0007511	-0.0006629	-0.0004505	-0.0003156	-0.0000646	+0.0002133	+0.0004518	+0.0006718	+0.0008985	+0.0011935	+0.0014947	+0.0017260	+0.0018663	+0.0019557	+0.0020508	+0.0020988	+0.0021520	+0.0022370	+0.0022851
2015-01	0.012	+0.0006545	+0.0007534	+0.0008842	+0.0012603	+0.0015719	+0.0016794	+0.0017944	+0.0019209	+0.0021117	+0.0023623	+0.0025485	+0.0027160	+0.0029298	+0.0030843	+0.0032939	+0.0034044	+0.0035785	+0.0036452	+0.0037343	+0.0038387	+0.0039153
2015-02	0.000	-0.0019922	-0.0019922	-0.0019922	-0.0005396	-0.0004813	-0.0001711	-0.0000237	+0.0000443	+0.0003079	+0.0005677	+0.0022782	+0.0029210	+0.0031537	+0.0035442	+0.0036209	+0.0036691	+0.0040083	+0.0040083	+0.0042360	+0.0042360	+0.0042360
