2011-05	0.000	-0.0011395	-0.0011395	-0.0011395	-0.0006877	-0.0006877	-0.0004815	-0.0004804	-0.0003813	-0.0002232	-0.0000492	+0.0002732	+0.0004453	+0.0005420	+0.0007240	+0.0010430	+0.0011784	+0.0012329	+0.0012329	+0.0012996	+0.0012996	+0.0012996
2011-06	0.007	-0.0004133	-0.0004133	-0.0004133	+0.0000033	+0.0000033	+0.0000230	+0.0000780	+0.0002058	+0.0002934	+0.0003709	+0.0005020	+0.0007111	+0.0008894	+0.0009866	+0.0011279	+0.0011784	+0.0012996	+0.0012996	+0.0014198	+0.0014198	+0.0014198
2011-07	-0.016	-0.0007627	-0.0007183	-0.0006520	-0.0006025	-0.0005044	-0.0004173	-0.0003295	-0.0002461	-0.0001422	-0.0000235	+0.0000939	+0.0001907	+0.0003019	+0.0004358	+0.0005370	+0.0006108	+0.0007181	+0.0008128	+0.0008803	+0.0009146	+0.0009571
2011-08	-0.009	-0.0007822	-0.0007457	-0.0007250	-0.0006805	-0.0006370	-0.0005753	-0.0005198	-0.0004543	-0.0003807	-0.0002860	-0.0001807	-0.0000804	+0.0000050	+0.0000888	+0.0001745	+0.0002803	+0.0003470	+0.0003880	+0.0004212	+0.0004675	+0.0004811
2011-09	-0.031	-0.0007825	-0.0007352	-0.0007244	-0.0006862	-0.0006603	-0.0006311	-0.0005874	-0.0005447	-0.0004904	-0.0004302	-0.0003353	-0.0001634	-0.0000547	+0.0000134	+0.0000652	+0.0001514	+0.0003028	+0.0004099	+0.0004575	+0.0004811	+0.0005134
2011-10	0.048	-0.0011166	-0.0010135	-0.0009802	-0.0009488	-0.0008941	-0.0008356	-0.0007810	-0.0007015	-0.0006193	-0.0005517	-0.0004803	-0.0004042	-0.0003141	-0.0002094	-0.0001203	-0.0000393	+0.0000308	+0.0000852	+0.0001469	+0.0002421	+0.0002978
2011-11	-0.008	-0.0014907	-0.0014463	-0.0012996	-0.0012294	-0.0011449	-0.0010713	-0.0009311	-0.0008165	-0.0007014	-0.0005713	-0.0004623	-0.0003700	-0.0002837	-0.0002013	-0.0001261	-0.0000404	+0.0000642	+0.0001501	+0.0002117	+0.0002634	+0.0003103
2011-12	0.011	-0.0014463	-0.0013520	-0.0011623	-0.0010724	-0.0009409	-0.0008173	-0.0006983	-0.0005187	-0.0003467	-0.0001592	-0.0000236	+0.0001091	+0.0002357	+0.0003444	+0.0004595	+0.0005844	+0.0006726	+0.0007339	+0.0007903	+0.0008746	+0.0010280
2012-01	-0.003	-0.0000954	-0.0000395	+0.0000113	+0.0000715	+0.0001235	+0.0001762	+0.0002454	+0.0003253	+0.0004183	+0.0005026	+0.0005936	+0.0006804	+0.0007766	+0.0008602	+0.0009398	+0.0010079	+0.0010672	+0.0011137	+0.0011555	+0.0011968	+0.0012348
2012-02	0.069	-0.0008571	-0.0008571	-0.0008571	-0.0004481	-0.0004481	-0.0004007	-0.0003964	-0.0002499	-0.0001669	+0.0002193	+0.0005900	+0.0006726	+0.0007709	+0.0009098	+0.0010300	+0.0012220	+0.0012758	+0.0012758	+0.0013635	+0.0013635	+0.0013635
2012-03	0.017	-0.0004049	-0.0003655	-0.0003403	-0.0003139	-0.0002499	-0.0001517	-0.0000661	+0.0000121	+0.0001478	+0.0002615	+0.0004251	+0.0005591	+0.0007029	+0.0008513	+0.0009686	+0.0010889	+0.0011843	+0.0013175	+0.0014003	+0.0014805	+0.0015267
2012-04	0.000	+0.0000389	+0.0001474	+0.0002580	+0.0003441	+0.0004335	+0.0005856	+0.0007876	+0.0009772	+0.0012088	+0.0013770	+0.0015931	+0.0018129	+0.0020533	+0.0022125	+0.0023657	+0.0024720	+0.0025620	+0.0026239	+0.0027145	+0.0027695	+0.0028159
2012-05	-0.042	-0.0006219	-0.0005907	-0.0001312	+0.0000506	+0.0004154	+0.0006900	+0.0009082	+0.0012134	+0.0013896	+0.0015493	+0.0017373	+0.0019730	+0.0021586	+0.0023057	+0.0024085	+0.0024898	+0.0025836	+0.0026351	+0.0027145	+0.0027729	+0.0028237
2012-06	0.025	-0.0017353	-0.0016904	-0.0013278	-0.0012195	-0.0011449	-0.0010446	-0.0008432	-0.0005751	-0.0003195	-0.0000830	+0.0002075	+0.0004612	+0.0007208	+0.0010022	+0.0012218	+0.0014090	+0.0015780	+0.0017244	+0.0018686	+0.0020150	+0.0020687
2012-07	0.023	-0.0013484	-0.0013175	-0.0012708	-0.0012341	-0.0011936	-0.0011211	-0.0010288	-0.0008784	-0.0007695	-0.0006920	-0.0006032	-0.0004624	-0.0003145	-0.0002389	-0.0001748	-0.0001347	-0.0000903	-0.0000637	-0.0000281	+0.0000002	+0.0000405
2012-08	0.016	-0.0011062	-0.0009450	-0.0009011	-0.0008405	-0.0007803	-0.0006825	-0.0004932	-0.0003373	-0.0002342	-0.0000949	+0.0001023	+0.0002942	+0.0004151	+0.0005578	+0.0007104	+0.0008716	+0.0009805	+0.0010565	+0.0011394	+0.0012135	+0.0012415
2012-09	0.000	-0.0000961	-0.0000465	+0.0000254	+0.0001038	+0.0002289	+0.0003077	+0.0003829	+0.0004617	+0.0005652	+0.0006971	+0.0008117	+0.0008917	+0.0009593	+0.0010270	+0.0010897	+0.0011450	+0.0011993	+0.0012393	+0.0012890	+0.0013394	+0.0013759
2012-10	0.028	-0.0005049	-0.0004517	-0.0004069	-0.0003031	+0.0003544	+0.0004536	+0.0005162	+0.0005747	+0.0006356	+0.0006956	+0.0007623	+0.0008308	+0.0009037	+0.0009762	+0.0010465	+0.0011114	+0.0011714	+0.0012202	+0.0012656	+0.0013394	+0.0013577
2012-11	0.036	-0.0001458	-0.0001264	-0.0000594	+0.0000269	+0.0003433	+0.0003809	+0.0004185	+0.0004619	+0.0005070	+0.0005530	+0.0005940	+0.0006401	+0.0006852	+0.0007278	+0.0007651	+0.0007961	+0.0008300	+0.0008537	+0.0008827	+0.0009038	+0.0009250
2012-12	0.047	-0.0001218	-0.0000170	+0.0000115	+0.0000915	+0.0003632	+0.0004287	+0.0005175	+0.0005646	+0.0006208	+0.0006931	+0.0007633	+0.0008395	+0.0009148	+0.0010218	+0.0010893	+0.0011361	+0.0011817	+0.0012336	+0.0013845	+0.0014134	+0.0014510
2013-01	0.036	-0.0000155	+0.0000427	+0.0002002	+0.0003140	+0.0006388	+0.0007343	+0.0008132	+0.0009658	+0.0010467	+0.0011050	+0.0011775	+0.0013114	+0.0014002	+0.0014333	+0.0014713	+0.0015119	+0.0016311	+0.0016804	+0.0017127	+0.0017263	+0.0017505
2013-02	0.005	-0.0000008	+0.0000139	+0.0000415	+0.0004159	+0.0011790	+0.0013168	+0.0013794	+0.0014290	+0.0016186	+0.0017969	+0.0018910	+0.0019821	+0.0020939	+0.0022771	+0.0023817	+0.0024762	+0.0025221	+0.0025724	+0.0026181	+0.0026524	+0.0026684
2013-03	0.007	-0.0017599	-0.0017599	-0.0017599	+0.0014257	+0.0014257	+0.0014261	+0.0018096	+0.0019246	+0.0021084	+0.0022033	+0.0022562	+0.0023566	+0.0024662	+0.0025027	+0.0025599	+0.0025850	+0.0027518	+0.0027518	+0.0027712	+0.0027712	+0.0027712
2013-04	0.050	-0.0020413	-0.0020413	-0.0020413	+0.0001848	+0.0001848	+0.0003112	+0.0006735	+0.0007836	+0.0009621	+0.0011110	+0.0014029	+0.0015160	+0.0019724	+0.0022196	+0.0022641	+0.0024038	+0.0025027	+0.0025027	+0.0025267	+0.0025267	+0.0025267
2013-05	-0.001	-0.0006928	-0.0006928	-0.0006928	-0.0000625	-0.0000625	+0.0001848	+0.0002183	+0.0003697	+0.0007836	+0.0009621	+0.0010906	+0.0012066	+0.0013703	+0.0014129	+0.0014741	+0.0015160	+0.0017062	+0.0017062	+0.0017306	+0.0017306	+0.0017306
2013-06	-0.073	+0.0004430	+0.0005001	+0.0005204	+0.0005924	+0.0006612	+0.0007270	+0.0008682	+0.0011512	+0.0012491	+0.0013256	+0.0013950	+0.0014606	+0.0015093	+0.0015591	+0.0016024	+0.0016469	+0.0016865	+0.0017201	+0.0017529	+0.0017838	+0.0018083
2013-07	0.009	-0.0025044	-0.0024478	-0.0023688	-0.0022330	-0.0020847	-0.0019239	-0.0016948	-0.0009843	-0.0005088	-0.0002937	-0.0000511	+0.0001917	+0.0012550	+0.0014211	+0.0015243	+0.0015818	+0.0016313	+0.0016839	+0.0017316	+0.0017665	+0.0017986
2013-08	-0.022	-0.0025424	-0.0025044	-0.0024665	-0.0023955	-0.0023341	-0.0022499	-0.0021611	-0.0020806	-0.0019605	-0.0018532	-0.0017124	-0.0015608	-0.0013949	-0.0008603	-0.0004949	-0.0003013	-0.0002027	-0.0001203	-0.0000056	+0.0004214	+0.0008936
2013-09	0.015	-0.0023341	-0.0022888	-0.0022306	-0.0021153	-0.0020255	-0.0019420	-0.0018312	-0.0016715	-0.0015161	-0.0012849	-0.0010964	-0.0008877	-0.0006949	-0.0005014	-0.0002800	-0.0001071	-0.0000079	+0.0001066	+0.0002236	+0.0004824	+0.0005846
2013-10	0.020	-0.0011480	-0.0011106	-0.0010678	-0.0010154	-0.0009357	-0.0008748	-0.0007885	-0.0007219	-0.0006231	-0.0005229	-0.0004314	-0.0003308	-0.0002430	-0.0001460	-0.0000470	+0.0000337	+0.0001776	+0.0004133	+0.0006260	+0.0006955	+0.0007891
2013-11	0.007	-0.0008920	-0.0008133	-0.0007876	-0.0007634	-0.0007309	-0.0006493	-0.0005806	-0.0004770	-0.0003592	-0.0002325	-0.0000838	+0.0000430	+0.0001674	+0.0002899	+0.0003967	+0.0005210	+0.0006483	+0.0007202	+0.0007715	+0.0008001	+0.0008318
2013-12	0.026	-0.0002627	-0.0002001	-0.0001726	-0.0001329	-0.0000786	-0.0000158	+0.0000466	+0.0001114	+0.0001737	+0.0002457	+0.0003261	+0.0004073	+0.0004741	+0.0005421	+0.0006010	+0.0006600	+0.0007079	+0.0007522	+0.0007823	+0.0008256	+0.0008498
2014-01	-0.023	-0.0003064	-0.0002877	-0.0001813	-0.0000932	+0.0000212	+0.0001632	+0.0002448	+0.0003192	+0.0003906	+0.0004587	+0.0005247	+0.0005910	+0.0006532	+0.0007092	+0.0007519	+0.0007852	+0.0008199	+0.0008419	+0.0008696	+0.0008910	+0.0009075
2014-02	0.005	-0.0000280	+0.0000305	+0.0000575	+0.0001153	+0.0002379	+0.0003963	+0.0004696	+0.0005398	+0.0006268	+0.0006907	+0.0007560	+0.0008123	+0.0008689	+0.0009276	+0.0009764	+0.0010138	+0.0010611	+0.0011004	+0.0011301	+0.0011522	+0.0011832
2014-03	0.016	-0.0008379	-0.0008379	-0.0008379	-0.0003131	-0.0003131	-0.0002816	-0.0002299	-0.0001810	-0.0001380	-0.0000370	+0.0001338	+0.0003495	+0.0009166	+0.0009994	+0.0010473	+0.0012128	+0.0012330	+0.0012330	+0.0012748	+0.0012748	+0.0012748
2014-04	0.008	-0.0006063	-0.0006063	-0.0006063	-0.0005183	-0.0005183	-0.0004567	-0.0004154	-0.0003671	-0.0003045	-0.0001862	-0.0001627	-0.0001190	-0.0000269	+0.0000573	+0.0002289	+0.0003517	+0.0003708	+0.0003708	+0.0004303	+0.0004303	+0.0004303
2014-05	0.017	-0.0006063	-0.0006063	-0.0006063	-0.0004567	-0.0004567	-0.0004332	-0.0003671	-0.0003045	-0.0001190	+0.0002541	+0.0004722	+0.0005900	+0.0006566	+0.0007225	+0.0007748	+0.0009183	+0.0009280	+0.0009280	+0.0010963	+0.0010963	+0.0010963
2014-06	0.003	-0.0007783	-0.0007783	-0.0007783	+0.0004193	+0.0004722	+0.0004872	+0.0004984	+0.0005775	+0.0005832	+0.0006152	+0.0006606	+0.0007362	+0.0007919	+0.0008088	+0.0008630	+0.0009139	+0.0009280	+0.0009280	+0.0010963	+0.0010963	+0.0010963
2014-07	0.011	-0.0000481	-0.0000362	-0.0000116	+0.0000230	+0.0001158	+0.0004695	+0.0004987	+0.0005292	+0.0005577	+0.0005885	+0.0006234	+0.0006612	+0.0006932	+0.0007208	+0.0007533	+0.0007818	+0.0008043	+0.0008275	+0.0008494	+0.0008568	+0.0008765
2014-08	0.008	-0.0001936	-0.0001847	-0.0001314	-0.0000746	+0.0001625	+0.0002487	+0.0002952	+0.0003302	+0.0003662	+0.0004087	+0.0004376	+0.0004811	+0.0005213	+0.0005510	+0.0005886	+0.0006218	+0.0006599	+0.0006916	+0.0007225	+0.0007389	+0.0007681
2014-09	0.022	-0.0003392	-0.0002723	-0.0002127	-0.0001748	-0.0001167	-0.0000643	-0.0000017	+0.0000628	+0.0001392	+0.0002115	+0.0002640	+0.0003104	+0.0003522	+0.0003804	+0.0004101	+0.0004292	+0.0004553	+0.0004653	+0.0004835	+0.0004905	+0.0005098
2014-10	0.006	-0.0002600	-0.0001966	-0.0001577	-0.0001050	-0.0000527	+0.0000195	+0.0000977	+0.0001674	+0.0002535	+0.0003406	+0.0004332	+0.0005125	+0.0005897	+0.0006749	+0.0007238	+0.0007769	+0.0008213	+0.0008549	+0.0008832	+0.0009144	+0.0009266
2014-11	0.054	-0.0000992	-0.0000368	+0.0000242	+0.0001188	+0.0002810	+0.0003699	+0.0004271	+0.0004894	+0.0005444	+0.0005985	+0.0006565	+0.0007115	+0.0007665	+0.0008151	+0.0008578	+0.0008957	+0.0009212	+0.0009465	+0.0009685	+0.0009857	+0.0009982
2014-12	-0.009	-0.0002243	-0.0001603	-0.0000068	+0.0001950	+0.0002878	+0.0003494	+0.0004831	+0.0006122	+0.0007385	+0.0008282	+0.0009042	+0.0010204	+0.0011310	+0.0012365	+0.0013090	+0.0013483	+0.0013789	+0.0013996	+0.0014148	+0.0014250	+0.0014357
2015-01	-0.011	+0.0002561	+0.0003150	+0.0003828	+0.0004159	+0.0006246	+0.0009428	+0.0010290	+0.0011412	+0.0012249	+0.0012877	+0.0013442	+0.0013891	+0.0014280	+0.0014860	+0.0015299	+0.0015867	+0.0016145	+0.0016526	+0.0016816	+0.0017114	+0.0017660
2015-02	0.001	-0.0014778	-0.0014778	-0.0014778	-0.0005769	-0.0005371	-0.0005056	-0.0004891	-0.0003676	-0.0003239	-0.0001313	+0.0008129	+0.0011558	+0.0013862	+0.0014562	+0.0016131	+0.0016133	+0.0018097	+0.0018097	+0.0019188	+0.0019188	+0.0019188
