2011-05	-0.027	-0.0013505	-0.0013505	-0.0013505	-0.0005289	-0.0005289	-0.0004942	-0.0002979	-0.0001147	+0.0000173	+0.0002660	+0.0006454	+0.0010510	+0.0013312	+0.0013897	+0.0015786	+0.0017465	+0.0017999	+0.0017999	+0.0019220	+0.0019220	+0.0019220
2011-06	0.007	-0.0003979	-0.0003979	-0.0003979	+0.0002363	+0.0002363	+0.0003502	+0.0005490	+0.0005957	+0.0006845	+0.0009811	+0.0010761	+0.0013117	+0.0013897	+0.0015555	+0.0016448	+0.0017999	+0.0019220	+0.0019220	+0.0022140	+0.0022140	+0.0022140
2011-07	-0.011	-0.0012122	-0.0011682	-0.0010722	-0.0010194	-0.0009199	-0.0008446	-0.0007263	-0.0005347	-0.0002779	-0.0000967	+0.0000681	+0.0002811	+0.0005315	+0.0007422	+0.0008926	+0.0010228	+0.0011707	+0.0012793	+0.0014135	+0.0014761	+0.0015993
2011-08	-0.045	-0.0010651	-0.0010475	-0.0010014	-0.0009290	-0.0008898	-0.0008304	-0.0007402	-0.0006732	-0.0005788	-0.0004824	-0.0003687	-0.0002567	-0.0001191	-0.0000238	+0.0000753	+0.0001809	+0.0002469	+0.0003730	+0.0004464	+0.0005080	+0.0005325
2011-09	-0.095	-0.0017575	-0.0017236	-0.0016583	-0.0016266	-0.0015357	-0.0014480	-0.0012985	-0.0011410	-0.0009903	-0.0008273	-0.0006476	-0.0004718	-0.0003021	-0.0001284	-0.0000125	+0.0001368	+0.0002180	+0.0003222	+0.0004218	+0.0004858	+0.0005321
2011-10	0.040	-0.0035009	-0.0034512	-0.0031770	-0.0030004	-0.0028423	-0.0027322	-0.0025536	-0.0023148	-0.0020360	-0.0018059	-0.0016218	-0.0014384	-0.0012619	-0.0011094	-0.0009501	-0.0007851	-0.0005870	-0.0003863	-0.0002710	-0.0000784	-0.0000027
2011-11	-0.045	-0.0039721	-0.0037511	-0.0036807	-0.0034734	-0.0033932	-0.0031538	-0.0028862	-0.0027217	-0.0025398	-0.0022910	-0.0019796	-0.0017711	-0.0016297	-0.0014911	-0.0013744	-0.0012587	-0.0010636	-0.0004370	-0.0001607	-0.0000389	-0.0000182
2011-12	0.005	-0.0036885	-0.0034455	-0.0032214	-0.0030568	-0.0027735	-0.0025918	-0.0024108	-0.0021985	-0.0018282	-0.0015074	-0.0013083	-0.0011544	-0.0010100	-0.0008607	-0.0007025	-0.0005152	-0.0002674	+0.0007295	+0.0010306	+0.0011539	+0.0012657
2012-01	0.046	-0.0014334	-0.0013826	-0.0013278	-0.0012561	-0.0011918	-0.0011115	-0.0010222	-0.0009065	-0.0007882	-0.0006443	-0.0004928	-0.0003255	-0.0001336	+0.0000439	+0.0002213	+0.0003715	+0.0005173	+0.0006595	+0.0007717	+0.0009706	+0.0010521
2012-02	0.078	-0.0016872	-0.0016872	-0.0016872	-0.0016452	-0.0016452	-0.0011738	-0.0011553	-0.0009143	-0.0007402	-0.0003591	-0.0002105	+0.0000001	+0.0006185	+0.0010154	+0.0013969	+0.0014943	+0.0015881	+0.0015881	+0.0020058	+0.0020058	+0.0020058
2012-03	0.003	-0.0014095	-0.0013007	-0.0010795	-0.0009853	-0.0007381	-0.0003965	-0.0001282	+0.0001440	+0.0003934	+0.0007196	+0.0010918	+0.0013861	+0.0016715	+0.0018929	+0.0020639	+0.0022184	+0.0023874	+0.0025097	+0.0026120	+0.0026736	+0.0027354
2012-04	-0.022	+0.0000202	+0.0002960	+0.0004881	+0.0007769	+0.0009567	+0.0012203	+0.0014877	+0.0017189	+0.0019275	+0.0021057	+0.0023048	+0.0024977	+0.0026554	+0.0028153	+0.0029360	+0.0030198	+0.0030924	+0.0031494	+0.0031789	+0.0032118	+0.0032231
2012-05	-0.080	-0.0016568	-0.0014900	-0.0009563	-0.0005252	-0.0002739	-0.0000984	+0.0001022	+0.0005878	+0.0009347	+0.0012609	+0.0015422	+0.0018423	+0.0022477	+0.0025265	+0.0026984	+0.0029704	+0.0030760	+0.0031296	+0.0031694	+0.0032136	+0.0032357
2012-06	0.008	-0.0027771	-0.0027100	-0.0026670	-0.0026080	-0.0025508	-0.0023402	-0.0020851	-0.0017177	-0.0014358	-0.0011471	-0.0007419	-0.0003732	-0.0000890	+0.0002884	+0.0006115	+0.0008460	+0.0011022	+0.0012755	+0.0015156	+0.0016359	+0.0017963
2012-07	0.011	-0.0030715	-0.0030367	-0.0029609	-0.0029102	-0.0028098	-0.0026979	-0.0025828	-0.0024614	-0.0022427	-0.0021065	-0.0019751	-0.0017448	-0.0016090	-0.0014168	-0.0012564	-0.0011394	-0.0009339	-0.0008230	-0.0004690	-0.0003506	-0.0002548
2012-08	0.001	-0.0029320	-0.0028098	-0.0026206	-0.0024846	-0.0023845	-0.0022314	-0.0019733	-0.0016971	-0.0015217	-0.0012697	-0.0009392	-0.0007317	-0.0004705	-0.0001701	+0.0000589	+0.0002619	+0.0004794	+0.0007829	+0.0013343	+0.0014897	+0.0016520
2012-09	0.011	-0.0010203	-0.0009496	-0.0008771	-0.0007466	-0.0006029	-0.0004705	-0.0003152	-0.0001886	+0.0000107	+0.0001519	+0.0002734	+0.0004163	+0.0005542	+0.0006578	+0.0007408	+0.0008175	+0.0008811	+0.0009265	+0.0009653	+0.0010176	+0.0010490
2012-10	0.015	-0.0005109	-0.0004295	-0.0003233	-0.0002622	-0.0001650	-0.0000522	+0.0000430	+0.0001470	+0.0002683	+0.0003924	+0.0005009	+0.0005973	+0.0006905	+0.0007692	+0.0008382	+0.0009079	+0.0009653	+0.0010142	+0.0010629	+0.0011250	+0.0011540
2012-11	0.037	-0.0003394	-0.0003038	-0.0002567	-0.0001998	-0.0001479	-0.0000896	-0.0000343	+0.0000368	+0.0001145	+0.0001858	+0.0002566	+0.0003410	+0.0004284	+0.0005094	+0.0005795	+0.0006628	+0.0007401	+0.0008048	+0.0008588	+0.0009420	+0.0009783
2012-12	0.053	-0.0001528	-0.0001024	-0.0000696	-0.0000167	+0.0000392	+0.0000926	+0.0001421	+0.0001982	+0.0002717	+0.0003683	+0.0004682	+0.0005756	+0.0006535	+0.0007452	+0.0008281	+0.0009169	+0.0009888	+0.0010566	+0.0011119	+0.0011459	+0.0011540
2013-01	0.064	-0.0002522	-0.0000289	+0.0000976	+0.0001845	+0.0002583	+0.0004390	+0.0005837	+0.0007003	+0.0008456	+0.0009610	+0.0011099	+0.0012564	+0.0013445	+0.0014523	+0.0015561	+0.0016275	+0.0016686	+0.0017004	+0.0018126	+0.0018987	+0.0019262
2013-02	-0.001	+0.0000623	+0.0001304	+0.0002022	+0.0007127	+0.0010600	+0.0012730	+0.0013790	+0.0015194	+0.0016722	+0.0020324	+0.0021927	+0.0023242	+0.0025548	+0.0027876	+0.0029538	+0.0030653	+0.0032042	+0.0033110	+0.0033760	+0.0034546	+0.0035258
2013-03	0.023	-0.0015919	-0.0015919	-0.0015919	+0.0020505	+0.0020505	+0.0021041	+0.0026051	+0.0026732	+0.0027498	+0.0029266	+0.0029986	+0.0031617	+0.0033815	+0.0034865	+0.0035553	+0.0036298	+0.0037817	+0.0037817	+0.0038843	+0.0038843	+0.0038843
2013-04	0.058	-0.0025264	-0.0025264	-0.0025264	+0.0007766	+0.0007766	+0.0008890	+0.0012045	+0.0012309	+0.0015463	+0.0017959	+0.0020505	+0.0023356	+0.0029708	+0.0032105	+0.0034865	+0.0035553	+0.0037403	+0.0037403	+0.0037817	+0.0037817	+0.0037817
2013-05	-0.017	-0.0017014	-0.0017014	-0.0017014	+0.0001857	+0.0001857	+0.0004447	+0.0005719	+0.0008405	+0.0012045	+0.0012894	+0.0014278	+0.0015963	+0.0017428	+0.0018503	+0.0020141	+0.0020237	+0.0020407	+0.0020808	+0.0021282	+0.0021282	+0.0021282
2013-06	-0.057	+0.0002767	+0.0003058	+0.0003476	+0.0004171	+0.0005487	+0.0008067	+0.0009398	+0.0011115	+0.0013168	+0.0014203	+0.0014959	+0.0015609	+0.0016266	+0.0016851	+0.0017382	+0.0017934	+0.0018306	+0.0018778	+0.0019052	+0.0019391	+0.0019730
2013-07	0.002	-0.0025796	-0.0024656	-0.0023177	-0.0022790	-0.0022171	-0.0020773	-0.0019381	-0.0009969	-0.0004968	-0.0003412	-0.0002045	+0.0000425	+0.0012196	+0.0014641	+0.0015567	+0.0016155	+0.0016577	+0.0016947	+0.0017219	+0.0017448	+0.0017597
2013-08	-0.032	-0.0025910	-0.0025463	-0.0024000	-0.0023168	-0.0022819	-0.0022269	-0.0021288	-0.0020670	-0.0019496	-0.0018182	-0.0016777	-0.0014991	-0.0012184	-0.0007717	-0.0005521	-0.0004094	-0.0002178	-0.0001095	+0.0001521	+0.0005247	+0.0007755
2013-09	0.035	-0.0021371	-0.0021143	-0.0020800	-0.0019525	-0.0019000	-0.0017941	-0.0016812	-0.0015527	-0.0014103	-0.0012322	-0.0010571	-0.0008608	-0.0006819	-0.0005011	-0.0003212	-0.0001223	+0.0000693	+0.0001916	+0.0003435	+0.0005800	+0.0007087
2013-10	0.017	-0.0012041	-0.0011745	-0.0011216	-0.0010747	-0.0009986	-0.0009295	-0.0008332	-0.0007313	-0.0006227	-0.0005170	-0.0003983	-0.0002729	-0.0001561	-0.0000480	+0.0000418	+0.0001302	+0.0002190	+0.0003435	+0.0004594	+0.0005761	+0.0006736
2013-11	0.011	-0.0011525	-0.0010777	-0.0009872	-0.0009016	-0.0007729	-0.0006408	-0.0005232	-0.0003856	-0.0002167	-0.0000423	+0.0001306	+0.0003091	+0.0004923	+0.0006422	+0.0007754	+0.0009043	+0.0010293	+0.0011602	+0.0012297	+0.0013328	+0.0013726
2013-12	0.011	-0.0002448	-0.0002240	-0.0001740	-0.0001118	-0.0000641	+0.0000129	+0.0000819	+0.0001710	+0.0002653	+0.0003811	+0.0005095	+0.0006187	+0.0007477	+0.0008521	+0.0009626	+0.0010356	+0.0011531	+0.0012511	+0.0013261	+0.0013571	+0.0013691
2014-01	-0.057	-0.0006456	-0.0005338	-0.0004426	-0.0003450	-0.0001578	+0.0000166	+0.0001365	+0.0002201	+0.0003229	+0.0004315	+0.0005156	+0.0005950	+0.0006803	+0.0007652	+0.0008475	+0.0009140	+0.0009611	+0.0010219	+0.0010653	+0.0011476	+0.0011985
2014-02	0.026	-0.0009610	-0.0008854	-0.0007090	-0.0004864	-0.0003599	-0.0002893	-0.0001979	-0.0000839	+0.0000980	+0.0003898	+0.0005084	+0.0005959	+0.0006672	+0.0007299	+0.0007954	+0.0008536	+0.0009031	+0.0009337	+0.0009689	+0.0009953	+0.0010653
2014-03	0.025	-0.0013009	-0.0013009	-0.0013009	-0.0012534	-0.0012534	-0.0012130	-0.0010635	-0.0010190	-0.0008305	-0.0007386	-0.0006188	-0.0005217	+0.0001826	+0.0005505	+0.0006216	+0.0006939	+0.0007786	+0.0007786	+0.0008524	+0.0008524	+0.0008524
2014-04	0.006	-0.0013009	-0.0013009	-0.0013009	-0.0012534	-0.0012534	-0.0011530	-0.0010190	-0.0008706	-0.0007394	-0.0006804	-0.0005217	-0.0003065	-0.0001703	-0.0000199	+0.0000805	+0.0007565	+0.0008771	+0.0008771	+0.0010771	+0.0010771	+0.0010771
2014-05	0.007	-0.0006647	-0.0006647	-0.0006647	-0.0005187	-0.0005187	-0.0003065	-0.0002938	-0.0002477	-0.0001298	+0.0006682	+0.0007934	+0.0009553	+0.0010073	+0.0012881	+0.0015757	+0.0016247	+0.0016255	+0.0016430	+0.0017428	+0.0017428	+0.0017428
2014-06	0.004	-0.0012724	-0.0012724	-0.0012724	+0.0003044	+0.0004754	+0.0005323	+0.0005841	+0.0006682	+0.0007495	+0.0008009	+0.0008716	+0.0009656	+0.0010073	+0.0011419	+0.0014749	+0.0015757	+0.0016255	+0.0016255	+0.0017428	+0.0017428	+0.0017428
2014-07	0.005	-0.0004345	-0.0004029	-0.0003600	-0.0001980	-0.0000693	-0.0000059	+0.0000415	+0.0000952	+0.0001805	+0.0003126	+0.0004076	+0.0004861	+0.0005649	+0.0006665	+0.0007709	+0.0008414	+0.0009036	+0.0009371	+0.0009737	+0.0009959	+0.0010327
2014-08	0.011	-0.0001357	-0.0001233	-0.0001064	-0.0000930	-0.0000717	-0.0000474	-0.0000237	+0.0000016	+0.0000270	+0.0000571	+0.0000879	+0.0001170	+0.0001460	+0.0001712	+0.0001956	+0.0002129	+0.0002259	+0.0002442	+0.0002647	+0.0002734	+0.0002827
2014-09	0.001	-0.0002689	-0.0002299	-0.0001935	-0.0001669	-0.0001292	-0.0000898	-0.0000439	-0.0000085	+0.0000304	+0.0000705	+0.0001095	+0.0001448	+0.0001746	+0.0002037	+0.0002306	+0.0002508	+0.0002728	+0.0002913	+0.0003105	+0.0003266	+0.0003311
2014-10	0.005	-0.0002016	-0.0001765	-0.0001460	-0.0001042	-0.0000416	+0.0000096	+0.0000687	+0.0001375	+0.0001926	+0.0002592	+0.0003282	+0.0003939	+0.0004492	+0.0005001	+0.0005522	+0.0005985	+0.0006404	+0.0006624	+0.0006926	+0.0007069	+0.0007399
2014-11	0.065	-0.0003052	-0.0002460	-0.0002321	-0.0001819	-0.0001139	-0.0000444	+0.0000317	+0.0000927	+0.0001709	+0.0002471	+0.0003299	+0.0004130	+0.0004847	+0.0005420	+0.0005803	+0.0006210	+0.0006471	+0.0006717	+0.0006926	+0.0007074	+0.0007399
2014-12	-0.022	-0.0002539	-0.0002432	-0.0002243	-0.0001650	-0.0001218	-0.0000537	+0.0000274	+0.0001403	+0.0002526	+0.0003721	+0.0005226	+0.0006488	+0.0007727	+0.0009153	+0.0010482	+0.0011537	+0.0012723	+0.0013444	+0.0014226	+0.0014935	+0.0015295
2015-01	-0.037	+0.0003455	+0.0003925	+0.0004522	+0.0005367	+0.0006367	+0.0007181	+0.0008267	+0.0009375	+0.0010512	+0.0011499	+0.0012606	+0.0013402	+0.0014229	+0.0015111	+0.0015673	+0.0016218	+0.0016749	+0.0017322	+0.0017672	+0.0017846	+0.0018058
2015-02	-0.016	-0.0017717	-0.0017717	-0.0017717	-0.0014723	-0.0012520	-0.0012211	-0.0009363	-0.0007475	-0.0003790	-0.0000205	+0.0009309	+0.0012596	+0.0013808	+0.0014990	+0.0017425	+0.0017737	+0.0018047	+0.0018047	+0.0018970	+0.0018970	+0.0018970
