2014-01	0.022	-0.0018314	-0.0018314	-0.0018314	-0.0018314	-0.0017899	-0.0017004	-0.0016806	-0.0014922	-0.0013663	-0.0011901	-0.0004283	-0.0003054	-0.0001308	+0.0000522	+0.0004577	+0.0004657	+0.0005497	+0.0007923	+0.0007923	+0.0007923	+0.0007923
2014-02	0.044	-0.0017352	-0.0016885	-0.0016410	-0.0015864	-0.0015177	-0.0014207	-0.0012622	-0.0010401	-0.0008829	-0.0007623	-0.0006327	-0.0004341	-0.0002091	-0.0000787	+0.0000255	+0.0000775	+0.0001223	+0.0001583	+0.0001881	+0.0002445	+0.0002820
2014-03	0.000	-0.0010515	-0.0010515	-0.0010515	-0.0010413	-0.0010413	-0.0007922	-0.0003996	-0.0000631	+0.0000540	+0.0001570	+0.0004350	+0.0009454	+0.0012586	+0.0017393	+0.0019758	+0.0020380	+0.0020662	+0.0020662	+0.0021135	+0.0021135	+0.0021135
2014-04	0.037	-0.0002360	-0.0002360	-0.0002360	+0.0004358	+0.0004358	+0.0005797	+0.0008238	+0.0008762	+0.0010390	+0.0011957	+0.0012586	+0.0014972	+0.0017799	+0.0018431	+0.0020232	+0.0020380	+0.0021135	+0.0021135	+0.0021359	+0.0021359	+0.0021359
2014-05	0.023	-0.0017572	-0.0017572	-0.0017572	+0.0006513	+0.0006513	+0.0006673	+0.0006970	+0.0008035	+0.0008295	+0.0008862	+0.0010390	+0.0012545	+0.0013379	+0.0014849	+0.0015004	+0.0015546	+0.0018037	+0.0018037	+0.0020006	+0.0020006	+0.0020006
2014-06	0.015	-0.0011782	-0.0011782	-0.0011782	+0.0005619	+0.0005619	+0.0006836	+0.0006970	+0.0008035	+0.0008131	+0.0009020	+0.0013039	+0.0013425	+0.0014773	+0.0015096	+0.0015546	+0.0015956	+0.0016152	+0.0016152	+0.0018350	+0.0018350	+0.0018350
2014-07	0.013	+0.0000223	+0.0000539	+0.0001289	+0.0002648	+0.0003992	+0.0008453	+0.0009259	+0.0010060	+0.0011012	+0.0011660	+0.0012343	+0.0013146	+0.0013862	+0.0014477	+0.0014954	+0.0015360	+0.0015781	+0.0016133	+0.0016446	+0.0016724	+0.0016981
2014-08	0.010	-0.0004992	-0.0004534	-0.0003527	-0.0002984	+0.0003716	+0.0005184	+0.0006098	+0.0006763	+0.0007431	+0.0008253	+0.0009024	+0.0009857	+0.0010772	+0.0011605	+0.0012216	+0.0012936	+0.0013527	+0.0014338	+0.0014856	+0.0015405	+0.0015787
2014-09	-0.050	-0.0003976	-0.0002609	-0.0001814	-0.0001356	-0.0000571	+0.0000844	+0.0001991	+0.0003034	+0.0004047	+0.0005096	+0.0006068	+0.0006757	+0.0007349	+0.0007803	+0.0008157	+0.0008416	+0.0008692	+0.0008837	+0.0009008	+0.0009146	+0.0009206
2014-10	0.060	-0.0010756	-0.0010095	-0.0009349	-0.0008394	-0.0007132	-0.0005696	-0.0003966	-0.0002405	-0.0001124	+0.0000383	+0.0002321	+0.0004349	+0.0005796	+0.0007062	+0.0007556	+0.0007954	+0.0008233	+0.0008427	+0.0008613	+0.0008748	+0.0008961
2014-11	0.035	-0.0010761	-0.0010273	-0.0010009	-0.0009441	-0.0008952	-0.0008163	-0.0007610	-0.0006710	-0.0005763	-0.0004236	-0.0002366	-0.0000648	+0.0000746	+0.0001699	+0.0003550	+0.0004706	+0.0006263	+0.0007502	+0.0007991	+0.0008310	+0.0008596
2014-12	0.032	-0.0007770	-0.0007309	-0.0007074	-0.0006739	-0.0006327	-0.0005751	-0.0004866	-0.0003146	-0.0001282	+0.0000452	+0.0003226	+0.0005141	+0.0007744	+0.0010121	+0.0011595	+0.0014290	+0.0015419	+0.0018101	+0.0019354	+0.0020305	+0.0022101
2015-01	0.068	+0.0002609	+0.0003214	+0.0003874	+0.0004740	+0.0006073	+0.0007643	+0.0010121	+0.0011466	+0.0012851	+0.0014940	+0.0016701	+0.0019092	+0.0020637	+0.0021842	+0.0022743	+0.0023847	+0.0024669	+0.0025232	+0.0025691	+0.0025970	+0.0026464
2015-02	-0.006	-0.0024690	-0.0024690	-0.0024690	+0.0012792	+0.0012792	+0.0016542	+0.0016783	+0.0017363	+0.0017856	+0.0020295	+0.0021697	+0.0024408	+0.0025338	+0.0026321	+0.0027045	+0.0028272	+0.0029438	+0.0029438	+0.0031013	+0.0031013	+0.0031013
