2014-05	0.004	-0.0003302	-0.0003302	-0.0003302	-0.0003302	-0.0003302	+0.0003050	+0.0003851	+0.0003985	+0.0004099	+0.0004434	+0.0004812	+0.0004947	+0.0006365	+0.0009108	+0.0009181	+0.0009213	+0.0010885	+0.0010885	+0.0010885	+0.0010885	+0.0010885
2014-06	0.001	-0.0007971	-0.0007971	-0.0007971	+0.0001842	+0.0001842	+0.0002417	+0.0002639	+0.0003094	+0.0003670	+0.0004099	+0.0004248	+0.0004685	+0.0004947	+0.0005314	+0.0006365	+0.0008817	+0.0009213	+0.0009213	+0.0010885	+0.0010885	+0.0010885
2014-07	0.010	-0.0001647	-0.0001554	-0.0001344	-0.0000855	+0.0000001	+0.0001753	+0.0001997	+0.0002194	+0.0002484	+0.0002786	+0.0003080	+0.0003390	+0.0003666	+0.0003937	+0.0004225	+0.0004459	+0.0004685	+0.0004854	+0.0005020	+0.0005158	+0.0005235
2014-08	0.015	-0.0000987	-0.0000904	-0.0000698	-0.0000467	+0.0000626	+0.0000928	+0.0001108	+0.0001264	+0.0001446	+0.0001616	+0.0001817	+0.0002035	+0.0002267	+0.0002483	+0.0002778	+0.0003039	+0.0003243	+0.0003593	+0.0003745	+0.0003847	+0.0003933
2014-09	0.024	-0.0001113	-0.0000878	-0.0000674	-0.0000506	-0.0000225	+0.0000062	+0.0000345	+0.0000732	+0.0000997	+0.0001250	+0.0001600	+0.0001980	+0.0002793	+0.0003444	+0.0003705	+0.0004033	+0.0004276	+0.0004659	+0.0005648	+0.0005928	+0.0005988
2014-10	0.007	-0.0000763	-0.0000550	-0.0000298	-0.0000105	+0.0000406	+0.0000898	+0.0001864	+0.0002817	+0.0003645	+0.0004595	+0.0005649	+0.0006525	+0.0007541	+0.0008565	+0.0009278	+0.0009902	+0.0010634	+0.0011099	+0.0011581	+0.0011872	+0.0012046
2014-11	0.069	-0.0000836	-0.0000525	+0.0000079	+0.0001477	+0.0004576	+0.0005281	+0.0005806	+0.0006307	+0.0007044	+0.0007784	+0.0008421	+0.0008944	+0.0009540	+0.0010181	+0.0010758	+0.0011327	+0.0011744	+0.0011886	+0.0012037	+0.0012307	+0.0012383
2014-12	0.005	-0.0002670	-0.0001951	-0.0000394	+0.0002246	+0.0004190	+0.0005234	+0.0006257	+0.0007933	+0.0009286	+0.0010758	+0.0011571	+0.0012731	+0.0014220	+0.0015556	+0.0016555	+0.0017090	+0.0017449	+0.0017720	+0.0017955	+0.0018148	+0.0018313
2015-01	-0.013	+0.0004747	+0.0004957	+0.0005456	+0.0006500	+0.0008320	+0.0013360	+0.0015627	+0.0016484	+0.0017116	+0.0017761	+0.0018327	+0.0018850	+0.0019380	+0.0019873	+0.0020294	+0.0020634	+0.0021199	+0.0021575	+0.0021717	+0.0021879	+0.0022012
2015-02	0.000	-0.0018497	-0.0018497	-0.0018497	-0.0002504	-0.0001964	-0.0001643	-0.0000468	+0.0000687	+0.0001860	+0.0006993	+0.0016663	+0.0018984	+0.0019873	+0.0020611	+0.0020747	+0.0021236	+0.0022788	+0.0022788	+0.0023117	+0.0023117	+0.0023117
