2011-05	-0.066	-0.0021171	-0.0021171	-0.0021171	-0.0008123	-0.0003447	+0.0005740	+0.0008310	+0.0008643	+0.0010574	+0.0011437	+0.0013193	+0.0015664	+0.0020189	+0.0022821	+0.0025096	+0.0025852	+0.0027078	+0.0027078	+0.0028704	+0.0028704	+0.0028704
2011-06	-0.039	-0.0021788	-0.0021788	-0.0021788	-0.0018746	-0.0018746	-0.0018520	-0.0017766	-0.0011612	-0.0008173	-0.0003137	+0.0009360	+0.0011051	+0.0013351	+0.0016656	+0.0020978	+0.0025852	+0.0026074	+0.0026074	+0.0027078	+0.0027078	+0.0027078
2011-07	-0.009	-0.0032847	-0.0032402	-0.0031603	-0.0030925	-0.0030165	-0.0028979	-0.0027637	-0.0026114	-0.0023161	-0.0020292	-0.0017766	-0.0014863	-0.0011585	-0.0008764	-0.0006374	-0.0003426	-0.0000484	+0.0001154	+0.0002693	+0.0003877	+0.0007044
2011-08	-0.018	-0.0033080	-0.0032402	-0.0031646	-0.0031191	-0.0030318	-0.0029279	-0.0028228	-0.0026708	-0.0022154	-0.0019183	-0.0017497	-0.0015049	-0.0011273	-0.0008125	-0.0005830	-0.0004557	-0.0002913	-0.0000547	+0.0003153	+0.0004683	+0.0006026
2011-09	-0.120	-0.0029584	-0.0026723	-0.0025877	-0.0023625	-0.0021943	-0.0020677	-0.0018906	-0.0016727	-0.0014339	-0.0012218	-0.0010395	-0.0008748	-0.0007367	-0.0006032	-0.0004560	-0.0002999	-0.0000086	+0.0007966	+0.0009612	+0.0011046	+0.0011656
2011-10	0.066	-0.0035618	-0.0034897	-0.0032663	-0.0030854	-0.0028738	-0.0026604	-0.0024726	-0.0022749	-0.0020473	-0.0017478	-0.0014700	-0.0012858	-0.0010997	-0.0009549	-0.0008104	-0.0006644	-0.0004817	-0.0000268	+0.0002500	+0.0004165	+0.0005324
2011-11	-0.030	-0.0038712	-0.0038160	-0.0036675	-0.0034653	-0.0030466	-0.0028775	-0.0026645	-0.0025147	-0.0022619	-0.0018583	-0.0015785	-0.0014050	-0.0012461	-0.0011050	-0.0009421	-0.0008216	-0.0006847	-0.0005091	-0.0004161	-0.0003008	-0.0002358
2011-12	-0.010	-0.0036138	-0.0033929	-0.0030181	-0.0028517	-0.0027419	-0.0026195	-0.0024611	-0.0022053	-0.0016878	-0.0015065	-0.0013737	-0.0012532	-0.0011216	-0.0006869	-0.0003937	-0.0002112	+0.0001618	+0.0008666	+0.0009947	+0.0011098	+0.0011379
2012-01	0.017	-0.0016000	-0.0015639	-0.0015015	-0.0014292	-0.0013494	-0.0012682	-0.0011584	-0.0010216	-0.0007577	-0.0005421	-0.0003291	+0.0000075	+0.0002406	+0.0004491	+0.0007065	+0.0009547	+0.0011148	+0.0013327	+0.0015676	+0.0016834	+0.0018452
2012-02	0.092	-0.0014138	-0.0014138	-0.0014138	-0.0011652	-0.0010182	-0.0009952	-0.0009310	-0.0006548	-0.0006316	-0.0004972	-0.0001847	+0.0001948	+0.0005132	+0.0010830	+0.0013363	+0.0016834	+0.0019101	+0.0019101	+0.0021487	+0.0021487	+0.0021487
2012-03	-0.025	-0.0006548	-0.0006512	-0.0006396	-0.0006020	-0.0005430	-0.0003937	-0.0002333	-0.0000481	+0.0002347	+0.0004460	+0.0008530	+0.0010757	+0.0013150	+0.0016259	+0.0018727	+0.0019924	+0.0024697	+0.0025465	+0.0026064	+0.0026601	+0.0027288
2012-04	-0.016	+0.0000701	+0.0001648	+0.0003846	+0.0005656	+0.0007675	+0.0010364	+0.0011917	+0.0013588	+0.0015722	+0.0018714	+0.0021564	+0.0023632	+0.0025368	+0.0026395	+0.0027612	+0.0028447	+0.0029137	+0.0029697	+0.0030292	+0.0030771	+0.0031181
2012-05	-0.116	-0.0014791	-0.0013375	-0.0010227	-0.0009046	-0.0006618	-0.0003378	+0.0000135	+0.0003875	+0.0006801	+0.0009796	+0.0013534	+0.0017912	+0.0021134	+0.0023922	+0.0025577	+0.0026728	+0.0027989	+0.0029137	+0.0030116	+0.0030729	+0.0031163
2012-06	-0.003	-0.0036260	-0.0035971	-0.0035655	-0.0035209	-0.0034505	-0.0033509	-0.0030077	-0.0027247	-0.0022677	-0.0018364	-0.0013642	-0.0009168	-0.0005271	-0.0000488	+0.0004069	+0.0007220	+0.0010335	+0.0013397	+0.0015549	+0.0017321	+0.0018180
2012-07	0.098	-0.0042560	-0.0041866	-0.0041550	-0.0040423	-0.0039561	-0.0038146	-0.0036665	-0.0035242	-0.0034011	-0.0032604	-0.0031233	-0.0029956	-0.0028236	-0.0026288	-0.0024089	-0.0021759	-0.0018053	-0.0011029	-0.0009130	-0.0008077	-0.0006127
2012-08	0.020	-0.0042150	-0.0040641	-0.0039561	-0.0038487	-0.0037004	-0.0034808	-0.0031948	-0.0029503	-0.0022031	-0.0014761	-0.0011405	-0.0007631	-0.0001648	+0.0007345	+0.0010418	+0.0013240	+0.0016702	+0.0019460	+0.0025080	+0.0029313	+0.0030278
2012-09	-0.025	-0.0011536	-0.0009310	-0.0007469	-0.0004463	-0.0001413	+0.0001605	+0.0004904	+0.0008274	+0.0011993	+0.0014956	+0.0017628	+0.0020442	+0.0023408	+0.0026027	+0.0027797	+0.0028886	+0.0029728	+0.0030749	+0.0031790	+0.0032160	+0.0032493
2012-10	-0.001	-0.0009269	-0.0007580	-0.0006058	+0.0000464	+0.0002754	+0.0005124	+0.0007420	+0.0009857	+0.0013100	+0.0016108	+0.0018303	+0.0020284	+0.0023116	+0.0026347	+0.0027967	+0.0028988	+0.0029818	+0.0031004	+0.0031791	+0.0032290	+0.0032529
2012-11	0.045	-0.0010803	-0.0010758	-0.0008414	-0.0006337	-0.0004886	-0.0003842	-0.0002666	-0.0000896	+0.0000761	+0.0002404	+0.0003984	+0.0005902	+0.0007559	+0.0009145	+0.0010641	+0.0012187	+0.0013243	+0.0014209	+0.0015487	+0.0016539	+0.0017392
2012-12	0.028	-0.0009455	-0.0009187	-0.0008866	-0.0008208	-0.0007698	-0.0007086	-0.0006150	-0.0005236	-0.0004073	-0.0002776	-0.0001352	+0.0000113	+0.0001558	+0.0002756	+0.0004086	+0.0005238	+0.0006320	+0.0007312	+0.0008116	+0.0008630	+0.0009592
2013-01	0.081	-0.0009586	-0.0009316	-0.0009002	-0.0008067	-0.0007129	-0.0005551	-0.0003343	-0.0001883	-0.0000603	+0.0000759	+0.0002796	+0.0005263	+0.0006535	+0.0007598	+0.0008506	+0.0009566	+0.0010664	+0.0011764	+0.0012408	+0.0013121	+0.0013989
2013-02	-0.032	-0.0000619	+0.0000085	+0.0001165	+0.0002882	+0.0004276	+0.0005117	+0.0006136	+0.0007371	+0.0010329	+0.0013479	+0.0015416	+0.0017250	+0.0019463	+0.0022653	+0.0024941	+0.0026225	+0.0027742	+0.0028448	+0.0029452	+0.0029732	+0.0030698
2013-03	0.009	-0.0012127	-0.0012127	-0.0012127	+0.0016671	+0.0016671	+0.0018255	+0.0018997	+0.0019396	+0.0022545	+0.0026024	+0.0026418	+0.0029685	+0.0031438	+0.0032343	+0.0033046	+0.0033798	+0.0033859	+0.0033859	+0.0034120	+0.0034120	+0.0034120
2013-04	0.009	-0.0023802	-0.0023802	-0.0023802	-0.0000418	-0.0000418	+0.0002995	+0.0005691	+0.0007393	+0.0010247	+0.0011972	+0.0016565	+0.0019396	+0.0030293	+0.0031722	+0.0032360	+0.0033253	+0.0033859	+0.0033859	+0.0034120	+0.0034120	+0.0034120
2013-05	0.024	-0.0018656	-0.0018656	-0.0018656	-0.0014145	-0.0014145	-0.0013946	-0.0010981	-0.0008647	-0.0006244	-0.0002427	-0.0000243	+0.0005691	+0.0007447	+0.0010247	+0.0013608	+0.0015214	+0.0018006	+0.0018006	+0.0019460	+0.0019460	+0.0019460
2013-06	-0.048	-0.0014764	-0.0013514	-0.0012450	-0.0011067	-0.0009449	-0.0007949	-0.0006344	-0.0004719	-0.0003212	-0.0001291	+0.0000633	+0.0002430	+0.0004212	+0.0005423	+0.0006293	+0.0006978	+0.0007523	+0.0008000	+0.0008370	+0.0009074	+0.0009535
2013-07	-0.003	-0.0010544	-0.0009508	-0.0008894	-0.0008221	-0.0007422	-0.0005328	-0.0004369	-0.0003082	-0.0001420	+0.0000043	+0.0001606	+0.0003225	+0.0004843	+0.0005804	+0.0006736	+0.0007491	+0.0008330	+0.0009068	+0.0009943	+0.0011126	+0.0011639
2013-08	0.044	-0.0012042	-0.0011577	-0.0010857	-0.0010544	-0.0009506	-0.0008833	-0.0008236	-0.0007421	-0.0006414	-0.0005276	-0.0004313	-0.0003303	-0.0001521	+0.0000121	+0.0001924	+0.0003112	+0.0004742	+0.0005945	+0.0006689	+0.0008325	+0.0009468
2013-09	-0.027	-0.0010857	-0.0010072	-0.0009759	-0.0009385	-0.0008682	-0.0007777	-0.0007226	-0.0006225	-0.0005104	-0.0003644	-0.0001751	-0.0000003	+0.0001245	+0.0002409	+0.0003762	+0.0005707	+0.0006950	+0.0007742	+0.0008215	+0.0008981	+0.0009286
2013-10	0.006	-0.0008707	-0.0007978	-0.0007157	-0.0006452	-0.0005170	-0.0004073	-0.0003013	-0.0001605	-0.0000313	+0.0000864	+0.0002395	+0.0003880	+0.0005039	+0.0005901	+0.0006630	+0.0007243	+0.0007781	+0.0008215	+0.0008782	+0.0009057	+0.0009365
2013-11	0.020	-0.0006814	-0.0006617	-0.0005983	-0.0005347	-0.0004835	-0.0003753	-0.0002552	-0.0001656	-0.0000700	+0.0000274	+0.0001506	+0.0002691	+0.0003758	+0.0004542	+0.0005257	+0.0005817	+0.0006338	+0.0006760	+0.0007307	+0.0007456	+0.0007996
2013-12	0.038	-0.0012324	-0.0011634	-0.0010959	-0.0010043	-0.0009281	-0.0008548	-0.0007194	-0.0005973	-0.0004685	-0.0003364	-0.0001911	-0.0000560	+0.0000745	+0.0002179	+0.0003387	+0.0004197	+0.0004801	+0.0005406	+0.0005817	+0.0006313	+0.0006680
2014-01	-0.051	-0.0012437	-0.0012122	-0.0011191	-0.0010084	-0.0008793	-0.0007315	-0.0004668	-0.0002885	-0.0001242	+0.0000576	+0.0002793	+0.0005318	+0.0006927	+0.0008538	+0.0009672	+0.0010959	+0.0011651	+0.0012160	+0.0012758	+0.0014011	+0.0014604
2014-02	0.033	-0.0001842	-0.0000867	+0.0000157	+0.0001117	+0.0001870	+0.0002640	+0.0003506	+0.0004656	+0.0006220	+0.0007358	+0.0008313	+0.0009082	+0.0009798	+0.0010618	+0.0011405	+0.0012088	+0.0012352	+0.0012773	+0.0013355	+0.0014011	+0.0014604
2014-03	0.029	-0.0014714	-0.0014714	-0.0014714	-0.0007845	-0.0007845	-0.0005943	-0.0004264	-0.0002067	-0.0001455	-0.0000241	+0.0002118	+0.0005222	+0.0007436	+0.0009745	+0.0010075	+0.0010985	+0.0011906	+0.0011906	+0.0012178	+0.0012178	+0.0012178
2014-04	0.019	-0.0005943	-0.0005943	-0.0005943	-0.0005879	-0.0005879	-0.0004132	-0.0002067	-0.0001501	+0.0000318	+0.0002118	+0.0004516	+0.0005404	+0.0006729	+0.0009847	+0.0010213	+0.0011747	+0.0013601	+0.0013601	+0.0014014	+0.0014014	+0.0014014
2014-05	-0.022	-0.0001852	-0.0001852	-0.0001852	+0.0004493	+0.0004493	+0.0004516	+0.0005404	+0.0006704	+0.0007254	+0.0008641	+0.0009847	+0.0011109	+0.0012011	+0.0014014	+0.0016619	+0.0017694	+0.0018125	+0.0018125	+0.0021796	+0.0021796	+0.0021796
2014-06	0.010	-0.0018353	-0.0018353	-0.0018353	-0.0000662	+0.0000428	+0.0001244	+0.0003122	+0.0003837	+0.0004681	+0.0005680	+0.0006663	+0.0008532	+0.0009927	+0.0011581	+0.0014352	+0.0016619	+0.0018125	+0.0018125	+0.0021796	+0.0021796	+0.0021796
2014-07	-0.027	-0.0005826	-0.0005590	-0.0005190	-0.0004215	-0.0002617	-0.0002039	-0.0001436	-0.0000890	-0.0000311	+0.0000642	+0.0001605	+0.0002256	+0.0002889	+0.0003762	+0.0004674	+0.0005181	+0.0005609	+0.0005997	+0.0006524	+0.0007374	+0.0007633
2014-08	-0.011	-0.0008150	-0.0007926	-0.0007738	-0.0007236	-0.0006934	-0.0006266	-0.0005642	-0.0004840	-0.0004172	-0.0003581	-0.0002805	-0.0001931	-0.0001208	-0.0000636	-0.0000269	+0.0000098	+0.0000368	+0.0000683	+0.0000942	+0.0001051	+0.0001270
2014-09	0.013	-0.0014437	-0.0013986	-0.0013453	-0.0012705	-0.0012136	-0.0011596	-0.0010730	-0.0009975	-0.0009070	-0.0008083	-0.0007222	-0.0006416	-0.0005668	-0.0004686	-0.0003744	-0.0003182	-0.0002564	-0.0001931	-0.0001317	-0.0000485	+0.0000018
2014-10	-0.028	-0.0014437	-0.0014205	-0.0013542	-0.0012705	-0.0011914	-0.0011062	-0.0010091	-0.0009157	-0.0007840	-0.0006723	-0.0005475	-0.0004015	-0.0003106	-0.0001839	-0.0000888	+0.0000166	+0.0000680	+0.0001253	+0.0001956	+0.0002647	+0.0002774
2014-11	0.051	-0.0009574	-0.0009430	-0.0009060	-0.0008694	-0.0008295	-0.0007735	-0.0006938	-0.0005910	-0.0005012	-0.0004208	-0.0003420	-0.0002270	-0.0001344	-0.0000478	+0.0000118	+0.0000540	+0.0000998	+0.0001635	+0.0002276	+0.0002479	+0.0002818
2014-12	-0.074	-0.0009675	-0.0009512	-0.0009060	-0.0008488	-0.0007778	-0.0006676	-0.0005624	-0.0004606	-0.0003404	-0.0001950	-0.0000669	+0.0000702	+0.0002095	+0.0003344	+0.0004355	+0.0005457	+0.0006409	+0.0007101	+0.0007656	+0.0008581	+0.0009057
2015-01	-0.115	-0.0003238	-0.0002519	-0.0002169	-0.0001762	-0.0001118	-0.0000493	+0.0000025	+0.0000777	+0.0001500	+0.0002222	+0.0003054	+0.0003796	+0.0004528	+0.0005211	+0.0005872	+0.0006452	+0.0007018	+0.0007595	+0.0008341	+0.0008934	+0.0009242
2015-02	0.042	-0.0046832	-0.0046832	-0.0046832	-0.0045790	-0.0045409	-0.0044928	-0.0044169	-0.0039111	-0.0036273	-0.0023248	-0.0008540	+0.0000292	+0.0002062	+0.0003208	+0.0004701	+0.0004714	+0.0006105	+0.0006105	+0.0006145	+0.0006145	+0.0006145
