2012-01	0.069	-0.0016188	-0.0016188	-0.0016188	-0.0016188	-0.0015603	-0.0015603	-0.0012262	-0.0010463	-0.0009030	-0.0006703	-0.0005074	-0.0002142	-0.0001396	+0.0002966	+0.0006279	+0.0011919	+0.0011919	+0.0015276	+0.0015276	+0.0015276	+0.0015276
2012-02	0.083	-0.0015603	-0.0015603	-0.0015603	-0.0015595	-0.0015595	-0.0015429	-0.0013752	-0.0012106	-0.0009661	-0.0007367	-0.0005074	-0.0001396	+0.0006279	+0.0009081	+0.0015793	+0.0016894	+0.0023279	+0.0023279	+0.0024044	+0.0024044	+0.0024044
2012-03	0.002	-0.0014473	-0.0013768	-0.0012223	-0.0010931	-0.0008157	-0.0003588	-0.0000138	+0.0002429	+0.0005346	+0.0009539	+0.0013624	+0.0017921	+0.0021033	+0.0023458	+0.0025598	+0.0027853	+0.0029790	+0.0031003	+0.0032097	+0.0033359	+0.0033947
2012-04	-0.003	+0.0000431	+0.0003048	+0.0004202	+0.0008027	+0.0011799	+0.0015000	+0.0017869	+0.0020862	+0.0022688	+0.0024958	+0.0026701	+0.0028984	+0.0030970	+0.0032789	+0.0034074	+0.0035148	+0.0036095	+0.0036833	+0.0037340	+0.0037779	+0.0038067
2012-05	-0.090	-0.0017835	-0.0017261	-0.0013088	-0.0007728	-0.0000119	+0.0001928	+0.0003458	+0.0006702	+0.0011263	+0.0014507	+0.0018071	+0.0020335	+0.0023991	+0.0027777	+0.0029997	+0.0033076	+0.0034852	+0.0036075	+0.0036572	+0.0037336	+0.0037594
2012-06	0.051	-0.0022932	-0.0022458	-0.0021889	-0.0021256	-0.0020322	-0.0018900	-0.0016434	-0.0012183	-0.0010004	-0.0007817	-0.0004633	-0.0000757	+0.0001937	+0.0004523	+0.0007244	+0.0009769	+0.0011488	+0.0012703	+0.0014563	+0.0016280	+0.0017196
2012-07	0.033	-0.0026193	-0.0025317	-0.0024571	-0.0023761	-0.0022372	-0.0020949	-0.0019627	-0.0017893	-0.0015891	-0.0014309	-0.0012662	-0.0010674	-0.0008662	-0.0007224	-0.0006123	-0.0005194	-0.0004167	-0.0003662	-0.0002735	-0.0002094	-0.0001078
2012-08	-0.014	-0.0022372	-0.0020094	-0.0018833	-0.0018323	-0.0017035	-0.0013989	-0.0010386	-0.0008474	-0.0006549	-0.0002733	+0.0000786	+0.0003382	+0.0006366	+0.0009635	+0.0012278	+0.0014270	+0.0016396	+0.0018277	+0.0020024	+0.0021165	+0.0023341
2012-09	0.023	-0.0003433	-0.0002279	-0.0001431	-0.0000121	+0.0000869	+0.0002359	+0.0003696	+0.0005228	+0.0007029	+0.0008637	+0.0010335	+0.0011965	+0.0013487	+0.0014934	+0.0016195	+0.0017171	+0.0018060	+0.0019100	+0.0019935	+0.0020721	+0.0021096
2012-10	0.007	-0.0011148	-0.0010640	-0.0009775	-0.0007395	-0.0003187	-0.0001249	+0.0000069	+0.0001546	+0.0002971	+0.0004658	+0.0006535	+0.0008344	+0.0009937	+0.0012038	+0.0013496	+0.0015047	+0.0016464	+0.0017816	+0.0019266	+0.0020099	+0.0020791
2012-11	0.051	-0.0005802	-0.0005242	-0.0004964	-0.0004130	-0.0003474	-0.0002818	-0.0002032	-0.0001223	-0.0000371	+0.0000483	+0.0001465	+0.0002258	+0.0003043	+0.0003886	+0.0004573	+0.0005141	+0.0005769	+0.0006220	+0.0006681	+0.0007141	+0.0007736
2012-12	0.075	-0.0005242	-0.0004638	-0.0004199	-0.0002888	-0.0002145	-0.0001376	-0.0000196	+0.0000840	+0.0002134	+0.0003405	+0.0004716	+0.0005828	+0.0006996	+0.0008144	+0.0008959	+0.0009947	+0.0010587	+0.0011508	+0.0012244	+0.0012806	+0.0013132
2013-01	0.032	-0.0000874	+0.0000549	+0.0002288	+0.0003822	+0.0004875	+0.0006287	+0.0007719	+0.0008891	+0.0010512	+0.0013871	+0.0015826	+0.0017491	+0.0019142	+0.0020766	+0.0024513	+0.0025295	+0.0026258	+0.0026910	+0.0027881	+0.0028492	+0.0028617
2013-02	0.030	+0.0004727	+0.0005762	+0.0006328	+0.0008945	+0.0013248	+0.0018961	+0.0020059	+0.0022282	+0.0024475	+0.0025915	+0.0027784	+0.0029246	+0.0030578	+0.0031966	+0.0032932	+0.0034127	+0.0035124	+0.0035931	+0.0036488	+0.0036860	+0.0037833
2013-03	-0.001	-0.0025024	-0.0025024	-0.0025024	+0.0019236	+0.0019236	+0.0021760	+0.0023171	+0.0026158	+0.0027153	+0.0030578	+0.0032251	+0.0033102	+0.0034537	+0.0035134	+0.0037601	+0.0038165	+0.0038956	+0.0038956	+0.0039184	+0.0039184	+0.0039184
2013-04	0.093	-0.0025931	-0.0025931	-0.0025931	+0.0005522	+0.0005522	+0.0007058	+0.0009641	+0.0010360	+0.0011594	+0.0013296	+0.0018021	+0.0021760	+0.0028636	+0.0032251	+0.0032419	+0.0035134	+0.0036336	+0.0036336	+0.0038165	+0.0038165	+0.0038165
2013-05	-0.057	-0.0011088	-0.0011088	-0.0011088	-0.0005001	-0.0005001	+0.0002284	+0.0005522	+0.0008721	+0.0010360	+0.0010480	+0.0013070	+0.0015554	+0.0019174	+0.0019729	+0.0021355	+0.0023012	+0.0024032	+0.0024032	+0.0025443	+0.0025443	+0.0025443
2013-06	-0.092	+0.0002284	+0.0003545	+0.0004919	+0.0006761	+0.0008222	+0.0010119	+0.0011766	+0.0014363	+0.0016440	+0.0018305	+0.0020106	+0.0021600	+0.0022756	+0.0023719	+0.0024515	+0.0025295	+0.0025934	+0.0026562	+0.0027044	+0.0027435	+0.0028311
2013-07	-0.009	-0.0044221	-0.0042928	-0.0041392	-0.0039341	-0.0037022	-0.0034606	-0.0030388	-0.0021068	-0.0011666	-0.0008023	-0.0003526	+0.0000687	+0.0015223	+0.0020620	+0.0023242	+0.0024538	+0.0025414	+0.0026421	+0.0026945	+0.0027435	+0.0028311
2013-08	-0.061	-0.0045438	-0.0045093	-0.0044400	-0.0043633	-0.0042097	-0.0041232	-0.0039503	-0.0037497	-0.0035924	-0.0033582	-0.0031390	-0.0028286	-0.0024445	-0.0018136	-0.0014339	-0.0011334	-0.0009408	-0.0007708	-0.0005152	+0.0002477	+0.0005503
2013-09	0.030	-0.0043223	-0.0042259	-0.0041479	-0.0039896	-0.0038004	-0.0036046	-0.0033699	-0.0031170	-0.0027593	-0.0024297	-0.0020757	-0.0017059	-0.0014296	-0.0010987	-0.0006281	-0.0004097	-0.0002681	+0.0002422	+0.0007095	+0.0013483	+0.0015017
2013-10	0.039	-0.0022308	-0.0021981	-0.0021363	-0.0020404	-0.0019456	-0.0018132	-0.0016589	-0.0014909	-0.0013377	-0.0011846	-0.0010162	-0.0008371	-0.0006532	-0.0004921	-0.0003941	-0.0002991	-0.0001923	+0.0003447	+0.0007414	+0.0008270	+0.0009317
2013-11	0.012	-0.0021828	-0.0021285	-0.0020370	-0.0019059	-0.0017605	-0.0015644	-0.0014251	-0.0012417	-0.0009996	-0.0007021	-0.0004507	-0.0001300	+0.0002006	+0.0004586	+0.0006881	+0.0008960	+0.0012801	+0.0014307	+0.0015918	+0.0017553	+0.0018423
2013-12	-0.021	-0.0007866	-0.0007331	-0.0006729	-0.0005883	-0.0004690	-0.0003374	-0.0001972	-0.0000484	+0.0001050	+0.0002751	+0.0004636	+0.0006375	+0.0008238	+0.0009868	+0.0011186	+0.0012801	+0.0013975	+0.0015177	+0.0015913	+0.0017189	+0.0018035
2014-01	-0.054	-0.0008680	-0.0007964	-0.0007439	-0.0005414	-0.0003748	-0.0001473	-0.0000084	+0.0000906	+0.0002027	+0.0003101	+0.0004204	+0.0005282	+0.0006294	+0.0007309	+0.0008167	+0.0008946	+0.0009647	+0.0010310	+0.0010942	+0.0011628	+0.0012329
2014-02	0.017	-0.0018020	-0.0016570	-0.0015121	-0.0012917	-0.0011328	-0.0009666	-0.0008116	-0.0006572	-0.0004405	-0.0002197	+0.0000202	+0.0001783	+0.0003099	+0.0004326	+0.0005287	+0.0006029	+0.0006876	+0.0007751	+0.0008282	+0.0008827	+0.0009399
2014-03	0.037	-0.0024008	-0.0024008	-0.0024008	-0.0020978	-0.0020978	-0.0018358	-0.0016946	-0.0015989	-0.0015764	-0.0014215	-0.0012832	-0.0009871	-0.0006682	+0.0000756	+0.0002169	+0.0002864	+0.0003437	+0.0003437	+0.0003791	+0.0003791	+0.0003791
2014-04	0.022	-0.0018358	-0.0018358	-0.0018358	-0.0016714	-0.0016714	-0.0015989	-0.0015764	-0.0014691	-0.0013779	-0.0012035	-0.0009161	-0.0006248	-0.0004027	-0.0002444	+0.0005721	+0.0010717	+0.0013717	+0.0013717	+0.0018579	+0.0018579	+0.0018579
2014-05	0.033	-0.0010383	-0.0010383	-0.0010383	-0.0009161	-0.0009161	-0.0006248	-0.0006010	-0.0004027	-0.0002776	+0.0006373	+0.0009855	+0.0010717	+0.0012885	+0.0014444	+0.0017296	+0.0017951	+0.0018327	+0.0018327	+0.0021966	+0.0021966	+0.0021966
2014-06	-0.001	-0.0017394	-0.0017394	-0.0017394	+0.0008735	+0.0009618	+0.0009641	+0.0009681	+0.0009982	+0.0012357	+0.0014444	+0.0017051	+0.0017951	+0.0018528	+0.0020709	+0.0021411	+0.0022108	+0.0023437	+0.0023437	+0.0023732	+0.0023732	+0.0023732
2014-07	0.011	-0.0005034	-0.0004431	-0.0003805	-0.0001755	+0.0001316	+0.0008862	+0.0009504	+0.0010418	+0.0011618	+0.0013061	+0.0014283	+0.0015502	+0.0016512	+0.0017739	+0.0018972	+0.0019742	+0.0020543	+0.0021077	+0.0021759	+0.0022220	+0.0022445
2014-08	-0.001	-0.0003398	-0.0003262	-0.0002042	-0.0000456	+0.0001413	+0.0002250	+0.0002956	+0.0003894	+0.0004940	+0.0005870	+0.0006745	+0.0007685	+0.0008623	+0.0009524	+0.0010290	+0.0010932	+0.0011530	+0.0012112	+0.0012517	+0.0012788	+0.0013204
2014-09	-0.008	-0.0008043	-0.0006184	-0.0005733	-0.0004409	-0.0003884	-0.0003450	-0.0002780	-0.0001304	-0.0000170	+0.0000949	+0.0001618	+0.0002250	+0.0002945	+0.0003561	+0.0004099	+0.0004513	+0.0004899	+0.0005297	+0.0005717	+0.0006149	+0.0006473
2014-10	0.045	-0.0006184	-0.0005790	-0.0005410	-0.0004409	-0.0003930	-0.0003281	-0.0002069	-0.0001075	-0.0000102	+0.0000800	+0.0001509	+0.0002235	+0.0002947	+0.0003525	+0.0004011	+0.0004521	+0.0005014	+0.0005440	+0.0005756	+0.0005968	+0.0006199
2014-11	0.073	-0.0001473	-0.0001200	-0.0000726	-0.0000358	+0.0000221	+0.0000858	+0.0001434	+0.0002054	+0.0002669	+0.0003261	+0.0003826	+0.0004371	+0.0004909	+0.0005344	+0.0005776	+0.0006162	+0.0006432	+0.0006843	+0.0007085	+0.0007244	+0.0007443
2014-12	-0.030	+0.0000864	+0.0001123	+0.0001462	+0.0001838	+0.0002458	+0.0002955	+0.0003608	+0.0004527	+0.0005895	+0.0007785	+0.0009642	+0.0011647	+0.0013273	+0.0015232	+0.0016775	+0.0018844	+0.0020288	+0.0021135	+0.0022964	+0.0023677	+0.0024456
2015-01	-0.002	+0.0002830	+0.0003333	+0.0004594	+0.0006340	+0.0009854	+0.0011309	+0.0012419	+0.0013725	+0.0014919	+0.0016176	+0.0017614	+0.0019013	+0.0020336	+0.0021642	+0.0022700	+0.0023677	+0.0024780	+0.0026002	+0.0026623	+0.0027258	+0.0027696
2015-02	-0.004	-0.0027790	-0.0027790	-0.0027790	-0.0007445	-0.0004202	-0.0003004	-0.0001481	+0.0000732	+0.0002856	+0.0007070	+0.0009223	+0.0013525	+0.0016792	+0.0018978	+0.0024308	+0.0025252	+0.0026827	+0.0026827	+0.0027696	+0.0027696	+0.0027696
