2012-02	0.085	-0.0011669	-0.0011669	-0.0011669	-0.0011669	-0.0010512	-0.0010512	-0.0009937	-0.0009476	-0.0007909	-0.0005341	-0.0002418	+0.0006701	+0.0010230	+0.0014124	+0.0017958	+0.0018271	+0.0018271	+0.0018690	+0.0018690	+0.0018690	+0.0018690
2012-03	0.013	-0.0009276	-0.0008961	-0.0008262	-0.0006818	-0.0005311	-0.0001956	-0.0000355	+0.0001715	+0.0004333	+0.0007345	+0.0009612	+0.0012525	+0.0015319	+0.0017289	+0.0019221	+0.0021195	+0.0022977	+0.0023977	+0.0024820	+0.0025645	+0.0025982
2012-04	-0.014	+0.0000538	+0.0003157	+0.0006527	+0.0007590	+0.0008756	+0.0010584	+0.0014151	+0.0015940	+0.0017812	+0.0020130	+0.0023192	+0.0025091	+0.0026398	+0.0027459	+0.0028481	+0.0029289	+0.0029864	+0.0030908	+0.0031336	+0.0031710	+0.0032098
2012-05	-0.058	-0.0012200	-0.0011566	-0.0006128	-0.0001473	+0.0000668	+0.0002690	+0.0005251	+0.0009485	+0.0012831	+0.0015048	+0.0017180	+0.0020443	+0.0024240	+0.0026451	+0.0027847	+0.0029090	+0.0029759	+0.0030598	+0.0031435	+0.0031899	+0.0032098
2012-06	0.020	-0.0022952	-0.0022141	-0.0020516	-0.0019445	-0.0018589	-0.0017640	-0.0014322	-0.0011638	-0.0008955	-0.0006240	-0.0002777	+0.0000750	+0.0003615	+0.0006916	+0.0009823	+0.0012300	+0.0014499	+0.0016578	+0.0018308	+0.0020125	+0.0021434
2012-07	0.005	-0.0022261	-0.0021578	-0.0020839	-0.0020281	-0.0019948	-0.0018762	-0.0017627	-0.0016002	-0.0014623	-0.0013579	-0.0012219	-0.0010242	-0.0008843	-0.0007801	-0.0006819	-0.0005816	-0.0004747	-0.0004128	-0.0003208	-0.0002552	-0.0001910
2012-08	0.011	-0.0018583	-0.0017045	-0.0016753	-0.0016047	-0.0015260	-0.0013147	-0.0011177	-0.0009710	-0.0008181	-0.0005686	-0.0004082	-0.0002482	-0.0000540	+0.0000975	+0.0002729	+0.0003818	+0.0005841	+0.0008325	+0.0011984	+0.0012985	+0.0014055
2012-09	0.022	-0.0003837	-0.0003201	-0.0002669	-0.0001683	-0.0000852	-0.0000264	+0.0000311	+0.0001094	+0.0002484	+0.0003202	+0.0003879	+0.0004606	+0.0005935	+0.0006677	+0.0006994	+0.0007312	+0.0007800	+0.0008047	+0.0008272	+0.0008399	+0.0008606
2012-10	0.021	-0.0002552	-0.0000781	-0.0000397	-0.0000140	+0.0000635	+0.0002580	+0.0003269	+0.0004186	+0.0005086	+0.0006602	+0.0007013	+0.0007469	+0.0008208	+0.0009292	+0.0010857	+0.0011516	+0.0011974	+0.0012348	+0.0012943	+0.0014055	+0.0015298
2012-11	0.032	+0.0000072	+0.0000475	+0.0000912	+0.0002348	+0.0002978	+0.0003479	+0.0003947	+0.0004704	+0.0005857	+0.0007037	+0.0007730	+0.0008396	+0.0009102	+0.0009998	+0.0011240	+0.0011910	+0.0012512	+0.0013021	+0.0013456	+0.0013951	+0.0015298
2012-12	0.075	-0.0002131	-0.0002008	-0.0001037	-0.0000086	+0.0001898	+0.0004082	+0.0005179	+0.0006181	+0.0006925	+0.0007657	+0.0008372	+0.0009080	+0.0009777	+0.0010412	+0.0010923	+0.0011356	+0.0011892	+0.0012404	+0.0012607	+0.0012943	+0.0013184
2013-01	0.069	-0.0002859	-0.0001507	+0.0000466	+0.0001294	+0.0002756	+0.0004994	+0.0006786	+0.0008020	+0.0009204	+0.0010863	+0.0012449	+0.0013602	+0.0014795	+0.0016247	+0.0017536	+0.0018800	+0.0019985	+0.0020697	+0.0021434	+0.0022676	+0.0023304
2013-02	0.018	+0.0001044	+0.0001488	+0.0003080	+0.0010277	+0.0012158	+0.0013237	+0.0014414	+0.0016162	+0.0019767	+0.0023214	+0.0025048	+0.0026828	+0.0029250	+0.0032647	+0.0034996	+0.0036230	+0.0037098	+0.0038012	+0.0038564	+0.0039132	+0.0039279
2013-03	0.057	-0.0022234	-0.0022234	-0.0022234	+0.0024550	+0.0024550	+0.0026827	+0.0027206	+0.0030645	+0.0033694	+0.0035065	+0.0036585	+0.0037360	+0.0038486	+0.0039189	+0.0040878	+0.0040904	+0.0041179	+0.0041179	+0.0041674	+0.0041674	+0.0041674
2013-04	0.070	-0.0034267	-0.0034267	-0.0034267	+0.0021085	+0.0021085	+0.0021648	+0.0022277	+0.0023768	+0.0024550	+0.0026055	+0.0027206	+0.0029971	+0.0036585	+0.0038189	+0.0038557	+0.0040484	+0.0040878	+0.0040878	+0.0041179	+0.0041179	+0.0041179
2013-05	-0.025	-0.0017709	-0.0017709	-0.0017709	+0.0012032	+0.0012032	+0.0012599	+0.0015087	+0.0021954	+0.0023768	+0.0024308	+0.0025226	+0.0026635	+0.0028961	+0.0029971	+0.0031243	+0.0031797	+0.0035212	+0.0035212	+0.0035248	+0.0035248	+0.0035248
2013-06	-0.044	+0.0002430	+0.0006739	+0.0007373	+0.0009180	+0.0012121	+0.0015721	+0.0018973	+0.0020478	+0.0021910	+0.0024096	+0.0026030	+0.0027476	+0.0028557	+0.0029416	+0.0030293	+0.0030861	+0.0031780	+0.0032268	+0.0032845	+0.0033504	+0.0033583
2013-07	-0.006	-0.0026940	-0.0026139	-0.0025349	-0.0024096	-0.0022377	-0.0020686	-0.0017954	-0.0012212	-0.0003572	+0.0000294	+0.0003704	+0.0007352	+0.0017170	+0.0021819	+0.0025166	+0.0027418	+0.0028682	+0.0029383	+0.0030278	+0.0030734	+0.0031027
2013-08	-0.021	-0.0025495	-0.0024901	-0.0024438	-0.0023810	-0.0023105	-0.0022148	-0.0021192	-0.0020222	-0.0018974	-0.0017456	-0.0016091	-0.0014479	-0.0012524	-0.0009217	-0.0003889	-0.0001841	-0.0000053	+0.0000931	+0.0002414	+0.0004154	+0.0009646
2013-09	0.048	-0.0021835	-0.0021583	-0.0020778	-0.0020229	-0.0019367	-0.0017958	-0.0016374	-0.0014802	-0.0012464	-0.0009944	-0.0007884	-0.0005636	-0.0003337	-0.0001148	+0.0001405	+0.0002911	+0.0003978	+0.0004855	+0.0006189	+0.0008017	+0.0008292
2013-10	0.029	-0.0009243	-0.0008914	-0.0008644	-0.0007965	-0.0007322	-0.0006475	-0.0005538	-0.0004382	-0.0003312	-0.0002132	-0.0000873	+0.0000282	+0.0001637	+0.0002599	+0.0003699	+0.0004352	+0.0005109	+0.0005832	+0.0006450	+0.0006664	+0.0006800
2013-11	0.014	-0.0009375	-0.0008739	-0.0008291	-0.0007287	-0.0006469	-0.0005162	-0.0003695	-0.0002132	-0.0000431	+0.0001685	+0.0003864	+0.0005986	+0.0007868	+0.0010052	+0.0011762	+0.0013431	+0.0014840	+0.0016684	+0.0017549	+0.0018214	+0.0019130
2013-12	0.029	+0.0000149	+0.0000666	+0.0000935	+0.0001933	+0.0002611	+0.0003454	+0.0004384	+0.0005248	+0.0006303	+0.0007349	+0.0008870	+0.0010286	+0.0011662	+0.0012656	+0.0013787	+0.0015209	+0.0016287	+0.0016876	+0.0018021	+0.0018270	+0.0019164
2014-01	-0.037	-0.0007666	-0.0006957	-0.0006132	-0.0004697	+0.0001704	+0.0003414	+0.0004321	+0.0005159	+0.0006047	+0.0006929	+0.0007766	+0.0008633	+0.0009467	+0.0010244	+0.0010953	+0.0011571	+0.0012083	+0.0012607	+0.0013176	+0.0013797	+0.0014253
2014-02	0.016	-0.0003512	-0.0002299	-0.0000558	+0.0000343	+0.0001214	+0.0002102	+0.0003648	+0.0005112	+0.0006187	+0.0007177	+0.0008395	+0.0009717	+0.0010625	+0.0011271	+0.0011817	+0.0012319	+0.0012669	+0.0013136	+0.0013388	+0.0013719	+0.0013959
2014-03	0.008	-0.0009886	-0.0009886	-0.0009886	-0.0009487	-0.0009487	-0.0007544	-0.0002961	-0.0001111	-0.0000131	+0.0000892	+0.0002332	+0.0003532	+0.0009649	+0.0011814	+0.0012482	+0.0013959	+0.0014458	+0.0014458	+0.0014957	+0.0014957	+0.0014957
2014-04	0.008	-0.0007544	-0.0007544	-0.0007544	-0.0007239	-0.0007239	-0.0007206	-0.0005483	-0.0005274	-0.0004327	-0.0001845	-0.0001203	+0.0000182	+0.0001751	+0.0003492	+0.0003838	+0.0004195	+0.0004242	+0.0004242	+0.0004801	+0.0004801	+0.0004801
2014-05	0.023	-0.0007206	-0.0007206	-0.0007206	-0.0005777	-0.0005777	-0.0005483	-0.0005274	-0.0004327	-0.0001223	+0.0001611	+0.0003453	+0.0003987	+0.0004752	+0.0007409	+0.0009494	+0.0012305	+0.0013932	+0.0013932	+0.0016522	+0.0016522	+0.0016522
2014-06	0.016	-0.0010134	-0.0010134	-0.0010134	+0.0001611	+0.0002309	+0.0002742	+0.0002832	+0.0003247	+0.0003453	+0.0004511	+0.0005266	+0.0007587	+0.0008901	+0.0009817	+0.0010505	+0.0012443	+0.0013932	+0.0013932	+0.0016522	+0.0016522	+0.0016522
2014-07	0.018	-0.0000631	+0.0000344	+0.0001378	+0.0002442	+0.0002832	+0.0004063	+0.0005203	+0.0006101	+0.0006697	+0.0007384	+0.0008103	+0.0008901	+0.0009484	+0.0009769	+0.0010051	+0.0010272	+0.0010510	+0.0010783	+0.0010875	+0.0011021	+0.0011281
2014-08	0.011	-0.0000235	+0.0000023	+0.0000342	+0.0001168	+0.0005078	+0.0006184	+0.0006647	+0.0007257	+0.0007667	+0.0008219	+0.0008644	+0.0009129	+0.0009564	+0.0010033	+0.0010312	+0.0010640	+0.0010853	+0.0011056	+0.0011286	+0.0011448	+0.0011564
2014-09	0.003	-0.0004330	-0.0003400	-0.0003003	-0.0002091	-0.0000294	+0.0002186	+0.0003120	+0.0004128	+0.0005003	+0.0005792	+0.0006421	+0.0007164	+0.0007610	+0.0008183	+0.0008795	+0.0009239	+0.0009566	+0.0009842	+0.0010250	+0.0010735	+0.0011072
2014-10	0.007	-0.0001768	-0.0001619	-0.0000939	+0.0000027	+0.0000864	+0.0002046	+0.0002923	+0.0003841	+0.0004468	+0.0005207	+0.0005926	+0.0006478	+0.0007081	+0.0007596	+0.0008052	+0.0008412	+0.0008712	+0.0008972	+0.0009207	+0.0009356	+0.0009630
2014-11	0.062	-0.0006362	-0.0006151	-0.0005571	-0.0005123	-0.0004318	-0.0003013	-0.0001534	-0.0000415	+0.0000650	+0.0001689	+0.0003114	+0.0004789	+0.0005956	+0.0006862	+0.0007429	+0.0007910	+0.0008447	+0.0008814	+0.0009071	+0.0009344	+0.0009487
2014-12	0.007	-0.0006140	-0.0005852	-0.0005283	-0.0004961	-0.0004265	-0.0003479	-0.0001841	-0.0000421	+0.0000720	+0.0002041	+0.0003874	+0.0005505	+0.0006770	+0.0008393	+0.0009847	+0.0011010	+0.0011732	+0.0013170	+0.0013707	+0.0014116	+0.0015145
2015-01	-0.014	+0.0003530	+0.0003681	+0.0004646	+0.0005505	+0.0006284	+0.0007497	+0.0008735	+0.0010806	+0.0012288	+0.0013897	+0.0015184	+0.0017018	+0.0019223	+0.0020487	+0.0021407	+0.0022187	+0.0022664	+0.0022905	+0.0023217	+0.0023436	+0.0023748
2015-02	-0.003	-0.0017670	-0.0017670	-0.0017670	-0.0000455	-0.0000255	+0.0000654	+0.0002941	+0.0004073	+0.0005083	+0.0007399	+0.0017714	+0.0019427	+0.0021834	+0.0022321	+0.0022992	+0.0023074	+0.0023771	+0.0023771	+0.0024832	+0.0024832	+0.0024832
