2014-04	0.013	-0.0008915	-0.0008915	-0.0008915	-0.0008915	-0.0005659	-0.0005190	-0.0004328	-0.0002921	-0.0001842	+0.0001141	+0.0003164	+0.0004421	+0.0006797	+0.0009204	+0.0009630	+0.0009671	+0.0009696	+0.0011138	+0.0011138	+0.0011138	+0.0011138
2014-05	0.011	-0.0008915	-0.0008915	-0.0008915	-0.0005190	-0.0005190	-0.0004328	-0.0002921	-0.0002033	+0.0001141	+0.0002475	+0.0003299	+0.0005199	+0.0007525	+0.0011378	+0.0016072	+0.0019994	+0.0021458	+0.0021458	+0.0026740	+0.0026740	+0.0026740
2014-06	0.012	-0.0016096	-0.0016096	-0.0016096	-0.0001449	-0.0001449	-0.0000369	+0.0000553	+0.0001956	+0.0003095	+0.0003862	+0.0004955	+0.0005991	+0.0008538	+0.0009286	+0.0012379	+0.0018421	+0.0021458	+0.0021458	+0.0026740	+0.0026740	+0.0026740
2014-07	0.014	-0.0002416	-0.0001626	-0.0000668	+0.0000027	+0.0001123	+0.0001976	+0.0002988	+0.0003998	+0.0004977	+0.0005981	+0.0006872	+0.0007908	+0.0008765	+0.0009569	+0.0010213	+0.0011001	+0.0011548	+0.0011820	+0.0012514	+0.0012823	+0.0013276
2014-08	0.014	-0.0000826	-0.0000376	-0.0000005	+0.0001524	+0.0003194	+0.0004175	+0.0004818	+0.0005432	+0.0006157	+0.0007004	+0.0007836	+0.0008645	+0.0009406	+0.0010052	+0.0010818	+0.0011486	+0.0012058	+0.0012510	+0.0012761	+0.0013261	+0.0013352
2014-09	0.029	-0.0007346	-0.0006345	-0.0005781	-0.0004966	-0.0004108	-0.0002537	-0.0001563	-0.0000500	+0.0001070	+0.0002153	+0.0003525	+0.0005236	+0.0006157	+0.0007001	+0.0007977	+0.0008720	+0.0009212	+0.0009819	+0.0010226	+0.0010697	+0.0011486
2014-10	-0.006	-0.0006345	-0.0005534	-0.0004918	-0.0004206	-0.0003231	-0.0001955	-0.0000938	+0.0000891	+0.0002310	+0.0004051	+0.0005451	+0.0007203	+0.0008846	+0.0010456	+0.0011666	+0.0012704	+0.0013731	+0.0014315	+0.0015016	+0.0015578	+0.0016098
2014-11	0.111	-0.0007249	-0.0006789	-0.0005774	-0.0004860	-0.0003421	-0.0001839	+0.0000170	+0.0001742	+0.0003393	+0.0005098	+0.0007191	+0.0009107	+0.0010905	+0.0012439	+0.0013309	+0.0014161	+0.0014766	+0.0015285	+0.0015850	+0.0016072	+0.0016475
2014-12	0.013	-0.0009105	-0.0008250	-0.0007249	-0.0005606	-0.0004202	-0.0002287	+0.0000143	+0.0002997	+0.0005098	+0.0007045	+0.0009483	+0.0012882	+0.0015463	+0.0016911	+0.0018396	+0.0020109	+0.0020960	+0.0021802	+0.0022562	+0.0022956	+0.0023825
2015-01	-0.043	+0.0006881	+0.0007359	+0.0008718	+0.0010560	+0.0013708	+0.0015467	+0.0016853	+0.0018690	+0.0021346	+0.0024411	+0.0026269	+0.0028068	+0.0030715	+0.0033245	+0.0035146	+0.0036172	+0.0037024	+0.0037898	+0.0038415	+0.0038881	+0.0039397
2015-02	0.012	-0.0026070	-0.0026070	-0.0026070	-0.0008725	-0.0006473	-0.0006246	-0.0003618	-0.0000654	+0.0000428	+0.0004216	+0.0023896	+0.0031018	+0.0035083	+0.0035978	+0.0037011	+0.0037822	+0.0039733	+0.0039818	+0.0041784	+0.0041784	+0.0041784
