2011-11	-0.054	-0.0066956	-0.0066056	-0.0064241	-0.0058445	-0.0056620	-0.0052538	-0.0048880	-0.0045183	-0.0041348	-0.0036921	-0.0031337	-0.0028006	-0.0024946	-0.0022484	-0.0019607	-0.0015463	-0.0012095	-0.0003310	+0.0001116	+0.0003706	+0.0004779
2011-12	-0.027	-0.0065141	-0.0057703	-0.0055801	-0.0050718	-0.0047155	-0.0043280	-0.0039725	-0.0034662	-0.0028562	-0.0022521	-0.0018058	-0.0014162	-0.0010803	-0.0007490	-0.0003737	+0.0000423	+0.0004457	+0.0015717	+0.0020687	+0.0023834	+0.0024981
2012-01	0.038	-0.0018341	-0.0017696	-0.0017162	-0.0015684	-0.0014789	-0.0012960	-0.0011337	-0.0008980	-0.0006844	-0.0003787	-0.0000788	+0.0002725	+0.0006730	+0.0010959	+0.0014716	+0.0018342	+0.0021548	+0.0024912	+0.0027767	+0.0030396	+0.0034848
2012-02	0.124	-0.0023679	-0.0023679	-0.0023679	-0.0020530	-0.0020530	-0.0020404	-0.0018003	-0.0015423	-0.0014087	-0.0007137	+0.0000156	+0.0002943	+0.0011173	+0.0018510	+0.0021367	+0.0035948	+0.0036907	+0.0036907	+0.0044361	+0.0044361	+0.0044361
2012-03	-0.026	-0.0019618	-0.0019195	-0.0017977	-0.0016708	-0.0014711	-0.0009990	-0.0006935	-0.0003531	+0.0001101	+0.0005261	+0.0009876	+0.0013511	+0.0018510	+0.0021994	+0.0025705	+0.0028483	+0.0032149	+0.0034291	+0.0035567	+0.0036566	+0.0037202
2012-04	0.017	+0.0001260	+0.0002782	+0.0004260	+0.0006870	+0.0010237	+0.0013452	+0.0015718	+0.0018131	+0.0021322	+0.0025120	+0.0028911	+0.0032080	+0.0034446	+0.0036543	+0.0038402	+0.0040054	+0.0040975	+0.0042450	+0.0043280	+0.0044128	+0.0044911
2012-05	-0.119	-0.0017876	-0.0017455	-0.0010385	-0.0006540	-0.0000332	+0.0002220	+0.0004709	+0.0009134	+0.0013720	+0.0016963	+0.0021052	+0.0024403	+0.0027792	+0.0031938	+0.0034446	+0.0037382	+0.0039761	+0.0041575	+0.0042588	+0.0044128	+0.0044893
2012-06	-0.002	-0.0035108	-0.0033874	-0.0032888	-0.0031975	-0.0030201	-0.0027619	-0.0022567	-0.0017856	-0.0014637	-0.0011278	-0.0006044	-0.0001398	+0.0002715	+0.0006728	+0.0010141	+0.0012849	+0.0014573	+0.0016805	+0.0019189	+0.0021052	+0.0022786
2012-07	0.026	-0.0038714	-0.0037044	-0.0036518	-0.0035075	-0.0033944	-0.0032821	-0.0031454	-0.0029772	-0.0027844	-0.0025734	-0.0023472	-0.0020766	-0.0018238	-0.0015474	-0.0013215	-0.0011345	-0.0009183	-0.0007068	-0.0005356	-0.0002491	-0.0001792
2012-08	0.013	-0.0036090	-0.0034785	-0.0032865	-0.0031982	-0.0029780	-0.0027888	-0.0025768	-0.0023160	-0.0020086	-0.0016775	-0.0013341	-0.0010775	-0.0007164	-0.0003467	-0.0000674	+0.0001952	+0.0004411	+0.0008493	+0.0015544	+0.0017951	+0.0019681
2012-09	0.038	-0.0017165	-0.0016158	-0.0014862	-0.0012970	-0.0011373	-0.0008692	-0.0005673	-0.0003417	-0.0001018	+0.0000969	+0.0003042	+0.0004956	+0.0006897	+0.0008515	+0.0009921	+0.0011373	+0.0012385	+0.0013310	+0.0014061	+0.0015052	+0.0015850
2012-10	0.048	-0.0005514	-0.0004819	-0.0004204	-0.0002498	-0.0000983	-0.0000252	+0.0001734	+0.0003199	+0.0005052	+0.0006794	+0.0008656	+0.0010287	+0.0011848	+0.0013371	+0.0014721	+0.0015993	+0.0016906	+0.0017971	+0.0018924	+0.0019583	+0.0020853
2012-11	0.046	-0.0004784	-0.0004073	-0.0001766	-0.0000843	+0.0001563	+0.0002908	+0.0004363	+0.0005914	+0.0008030	+0.0010251	+0.0012384	+0.0014293	+0.0015813	+0.0017161	+0.0018243	+0.0019292	+0.0020302	+0.0021204	+0.0021899	+0.0022247	+0.0022565
2012-12	0.075	-0.0002573	-0.0002010	-0.0000511	+0.0001322	+0.0009156	+0.0011238	+0.0012416	+0.0013595	+0.0014704	+0.0015899	+0.0017115	+0.0018443	+0.0019902	+0.0021423	+0.0022681	+0.0024340	+0.0025443	+0.0026568	+0.0027228	+0.0028264	+0.0029596
2013-01	0.117	-0.0003070	-0.0001915	-0.0000720	+0.0000178	+0.0009057	+0.0013568	+0.0015109	+0.0016472	+0.0018105	+0.0019402	+0.0020480	+0.0021574	+0.0022859	+0.0024210	+0.0025414	+0.0026274	+0.0027230	+0.0028208	+0.0028979	+0.0030165	+0.0031141
2013-02	-0.024	-0.0000348	+0.0000230	+0.0000914	+0.0010096	+0.0016321	+0.0017949	+0.0019973	+0.0021169	+0.0023886	+0.0030072	+0.0033820	+0.0035700	+0.0037633	+0.0042406	+0.0047176	+0.0049214	+0.0050345	+0.0051308	+0.0051789	+0.0052311	+0.0052653
2013-03	-0.008	-0.0025278	-0.0025278	-0.0025278	+0.0023607	+0.0023607	+0.0029433	+0.0031176	+0.0033338	+0.0040536	+0.0045653	+0.0048420	+0.0049428	+0.0050550	+0.0051789	+0.0053119	+0.0053238	+0.0053915	+0.0053915	+0.0054258	+0.0054258	+0.0054258
2013-04	0.065	-0.0044655	-0.0044655	-0.0044655	-0.0005122	-0.0005122	-0.0003934	-0.0001380	+0.0001565	+0.0009547	+0.0014207	+0.0025493	+0.0030508	+0.0042703	+0.0048420	+0.0049428	+0.0052106	+0.0053113	+0.0053113	+0.0053119	+0.0053119	+0.0053119
2013-05	0.070	-0.0018189	-0.0018189	-0.0018189	-0.0011579	-0.0011579	-0.0011198	-0.0010409	-0.0008682	-0.0005183	-0.0002227	-0.0000021	+0.0003899	+0.0009952	+0.0013323	+0.0014304	+0.0018575	+0.0021700	+0.0021700	+0.0027736	+0.0027736	+0.0027736
2013-06	-0.094	-0.0013436	-0.0011686	-0.0009940	-0.0008749	-0.0007073	-0.0004381	-0.0000497	+0.0002453	+0.0005859	+0.0009724	+0.0013159	+0.0016710	+0.0020691	+0.0024229	+0.0026662	+0.0029390	+0.0031764	+0.0033122	+0.0034442	+0.0035351	+0.0036025
2013-07	0.065	-0.0012713	-0.0011842	-0.0010238	-0.0008480	-0.0005364	-0.0001919	+0.0001259	+0.0004348	+0.0008076	+0.0011697	+0.0015499	+0.0019622	+0.0023226	+0.0026225	+0.0028694	+0.0031246	+0.0033041	+0.0033785	+0.0035169	+0.0036025	+0.0036605
2013-08	0.027	-0.0019517	-0.0019250	-0.0018036	-0.0016667	-0.0015763	-0.0014747	-0.0013425	-0.0011829	-0.0009579	-0.0007332	-0.0004313	-0.0000423	+0.0003862	+0.0008223	+0.0011316	+0.0014483	+0.0017512	+0.0021313	+0.0024056	+0.0025980	+0.0030510
2013-09	0.062	-0.0016667	-0.0016179	-0.0015634	-0.0014965	-0.0014041	-0.0012711	-0.0010267	-0.0007479	-0.0004397	-0.0000575	+0.0003636	+0.0006661	+0.0010325	+0.0013577	+0.0017140	+0.0020061	+0.0022552	+0.0024939	+0.0026524	+0.0027325	+0.0028375
2013-10	0.037	+0.0001697	+0.0002472	+0.0004052	+0.0005975	+0.0007902	+0.0009909	+0.0011750	+0.0013768	+0.0016395	+0.0018409	+0.0021001	+0.0023717	+0.0025117	+0.0026186	+0.0027116	+0.0027717	+0.0028117	+0.0028809	+0.0029116	+0.0029494	+0.0029783
2013-11	0.081	+0.0001400	+0.0002115	+0.0002705	+0.0004114	+0.0013205	+0.0017297	+0.0018503	+0.0019975	+0.0021935	+0.0023129	+0.0024111	+0.0024911	+0.0025727	+0.0026475	+0.0027262	+0.0027964	+0.0028633	+0.0029287	+0.0029787	+0.0030305	+0.0030458
2013-12	0.038	-0.0006347	-0.0003850	-0.0001025	+0.0000194	+0.0004980	+0.0009405	+0.0011986	+0.0014099	+0.0015861	+0.0018243	+0.0020300	+0.0022040	+0.0023362	+0.0024425	+0.0025565	+0.0026620	+0.0027543	+0.0028308	+0.0029208	+0.0029787	+0.0030360
2014-01	-0.051	-0.0008073	-0.0004576	-0.0002315	+0.0000283	+0.0004331	+0.0008758	+0.0012157	+0.0014530	+0.0017150	+0.0019329	+0.0021487	+0.0023940	+0.0025676	+0.0027316	+0.0028900	+0.0030239	+0.0031430	+0.0032108	+0.0032739	+0.0033309	+0.0033893
2014-02	0.029	-0.0008830	-0.0004215	-0.0001853	-0.0000206	+0.0001134	+0.0008861	+0.0012000	+0.0014708	+0.0017117	+0.0023514	+0.0025977	+0.0028105	+0.0029565	+0.0030692	+0.0031516	+0.0032122	+0.0032718	+0.0033222	+0.0033667	+0.0034035	+0.0034466
2014-03	-0.036	-0.0028059	-0.0028059	-0.0028059	-0.0021126	-0.0021126	-0.0014258	-0.0011042	-0.0007513	-0.0004783	-0.0002302	-0.0000301	+0.0001011	+0.0022989	+0.0029748	+0.0030969	+0.0032313	+0.0033222	+0.0033222	+0.0035392	+0.0035392	+0.0035392
2014-04	-0.024	-0.0021126	-0.0021126	-0.0021126	-0.0019563	-0.0019563	-0.0015058	-0.0014533	-0.0013881	-0.0009223	-0.0007513	-0.0004586	-0.0003934	-0.0001604	-0.0000332	+0.0000117	+0.0000640	+0.0004008	+0.0004008	+0.0008811	+0.0008811	+0.0008811
2014-05	0.001	-0.0019563	-0.0019563	-0.0019563	-0.0015817	-0.0015817	-0.0014977	-0.0014533	-0.0012319	-0.0007817	-0.0004586	-0.0002857	-0.0001599	+0.0004008	+0.0004877	+0.0007406	+0.0010080	+0.0012343	+0.0012343	+0.0013928	+0.0013928	+0.0013928
2014-06	0.017	-0.0030539	-0.0030539	-0.0030539	-0.0027638	-0.0027638	-0.0024367	-0.0019089	-0.0015358	-0.0010722	-0.0008877	-0.0005379	-0.0003639	-0.0001969	+0.0002222	+0.0005117	+0.0011452	+0.0012343	+0.0012343	+0.0013928	+0.0013928	+0.0013928
2014-07	0.080	-0.0024814	-0.0023363	-0.0021728	-0.0020051	-0.0018920	-0.0017089	-0.0015205	-0.0013260	-0.0011153	-0.0008683	-0.0006695	-0.0005066	-0.0003540	-0.0002485	-0.0001034	+0.0000228	+0.0002485	+0.0005817	+0.0007721	+0.0008401	+0.0008890
2014-08	0.000	-0.0009412	-0.0009277	-0.0007886	-0.0007332	-0.0006575	-0.0005380	-0.0003660	-0.0001780	+0.0001763	+0.0004513	+0.0006378	+0.0008478	+0.0011276	+0.0014681	+0.0016626	+0.0017972	+0.0018989	+0.0019886	+0.0020804	+0.0021306	+0.0021942
2014-09	-0.007	-0.0001566	-0.0001146	+0.0000004	+0.0001551	+0.0010481	+0.0012739	+0.0013943	+0.0014976	+0.0015982	+0.0016971	+0.0017972	+0.0019119	+0.0020068	+0.0021061	+0.0022005	+0.0022865	+0.0023688	+0.0024519	+0.0024982	+0.0025733	+0.0026480
2014-10	0.030	-0.0003874	-0.0003402	-0.0001797	-0.0000451	+0.0002861	+0.0008249	+0.0010413	+0.0012930	+0.0015132	+0.0016769	+0.0018210	+0.0019497	+0.0020589	+0.0021723	+0.0022629	+0.0023505	+0.0024328	+0.0024982	+0.0025659	+0.0026382	+0.0026947
2014-11	0.105	-0.0014328	-0.0013741	-0.0011679	-0.0010724	-0.0009525	-0.0008187	-0.0005833	-0.0003620	-0.0000918	+0.0002456	+0.0004994	+0.0007951	+0.0010640	+0.0013377	+0.0016073	+0.0018210	+0.0019909	+0.0021214	+0.0022363	+0.0022928	+0.0023601
2014-12	0.003	-0.0011509	-0.0011109	-0.0010722	-0.0009865	-0.0009062	-0.0007647	-0.0005307	-0.0003016	-0.0000371	+0.0002524	+0.0005066	+0.0008390	+0.0011016	+0.0014317	+0.0016553	+0.0019090	+0.0021747	+0.0023122	+0.0024526	+0.0026186	+0.0027272
2015-01	0.011	+0.0004060	+0.0005706	+0.0006745	+0.0009140	+0.0011088	+0.0012805	+0.0014900	+0.0017751	+0.0020375	+0.0022640	+0.0024771	+0.0027570	+0.0030156	+0.0031767	+0.0033145	+0.0034212	+0.0035138	+0.0035748	+0.0036531	+0.0037367	+0.0037642
2015-02	0.003	-0.0034489	-0.0034489	-0.0034489	+0.0000193	+0.0000193	+0.0003942	+0.0007786	+0.0008735	+0.0011894	+0.0016239	+0.0026280	+0.0028800	+0.0031639	+0.0033268	+0.0036260	+0.0037009	+0.0037724	+0.0037724	+0.0039539	+0.0039539	+0.0039539
