2011-05	-0.092	-0.0032450	-0.0032450	-0.0032450	-0.0030832	-0.0030832	-0.0026983	-0.0026354	-0.0018133	-0.0015215	-0.0011368	+0.0011080	+0.0017073	+0.0025500	+0.0029849	+0.0033349	+0.0035172	+0.0035941	+0.0035941	+0.0036256	+0.0036256	+0.0036256
2011-06	0.013	-0.0015235	-0.0015235	-0.0015235	-0.0013569	-0.0012189	-0.0009656	-0.0008660	-0.0006185	-0.0003523	-0.0000570	+0.0010469	+0.0016991	+0.0025250	+0.0029320	+0.0033349	+0.0035172	+0.0035941	+0.0035941	+0.0036256	+0.0036256	+0.0036256
2011-07	-0.046	-0.0035432	-0.0034980	-0.0034363	-0.0033754	-0.0032977	-0.0031916	-0.0029575	-0.0026679	-0.0022572	-0.0019428	-0.0016810	-0.0013517	-0.0009834	-0.0005564	-0.0003023	-0.0000715	+0.0002198	+0.0004754	+0.0008420	+0.0010469	+0.0012427
2011-08	-0.170	-0.0035578	-0.0035193	-0.0034578	-0.0033799	-0.0032999	-0.0032008	-0.0030245	-0.0026925	-0.0020845	-0.0017256	-0.0015110	-0.0012287	-0.0007254	-0.0002288	-0.0000088	+0.0001816	+0.0003514	+0.0004864	+0.0006881	+0.0009478	+0.0010607
2011-09	-0.044	-0.0057419	-0.0054114	-0.0051761	-0.0049012	-0.0045200	-0.0041160	-0.0037139	-0.0032725	-0.0027875	-0.0023062	-0.0017818	-0.0013378	-0.0007859	-0.0003857	-0.0000857	+0.0001335	+0.0002683	+0.0003892	+0.0004887	+0.0005855	+0.0006423
2011-10	0.049	-0.0065288	-0.0063688	-0.0062812	-0.0061473	-0.0059971	-0.0057734	-0.0055826	-0.0053656	-0.0050737	-0.0046858	-0.0043274	-0.0038809	-0.0034757	-0.0030861	-0.0025959	-0.0022433	-0.0017166	-0.0015290	-0.0012557	-0.0007957	-0.0002486
2011-11	-0.134	-0.0065494	-0.0063717	-0.0062881	-0.0061856	-0.0060161	-0.0058507	-0.0056348	-0.0054484	-0.0052293	-0.0045488	-0.0038127	-0.0034045	-0.0029906	-0.0023910	-0.0016567	-0.0010550	-0.0003061	+0.0001271	+0.0006773	+0.0017739	+0.0021867
2011-12	-0.050	-0.0056538	-0.0053921	-0.0052542	-0.0046319	-0.0042407	-0.0038316	-0.0035584	-0.0033526	-0.0027700	-0.0022140	-0.0017187	-0.0013789	-0.0010573	-0.0007303	-0.0004037	-0.0001410	+0.0002281	+0.0014748	+0.0018100	+0.0021588	+0.0023126
2012-01	0.108	-0.0040936	-0.0038935	-0.0037313	-0.0036313	-0.0034312	-0.0032635	-0.0030090	-0.0026707	-0.0024403	-0.0021458	-0.0017821	-0.0014830	-0.0011706	-0.0008521	-0.0005777	-0.0004018	-0.0001346	+0.0000682	+0.0002738	+0.0004059	+0.0004497
2012-02	0.110	-0.0050528	-0.0050528	-0.0050528	-0.0046004	-0.0046004	-0.0044344	-0.0043094	-0.0036758	-0.0034197	-0.0029463	-0.0023955	-0.0013494	+0.0003614	+0.0005981	+0.0018122	+0.0019035	+0.0028546	+0.0028546	+0.0030618	+0.0030618	+0.0030618
2012-03	-0.055	-0.0044754	-0.0043719	-0.0039681	-0.0035898	-0.0029012	-0.0020365	-0.0013645	-0.0007394	+0.0000391	+0.0007979	+0.0016955	+0.0024872	+0.0033371	+0.0037581	+0.0041785	+0.0047920	+0.0051373	+0.0052952	+0.0054494	+0.0056907	+0.0057655
2012-04	-0.045	-0.0003662	-0.0002677	+0.0001707	+0.0008177	+0.0011863	+0.0014921	+0.0017837	+0.0022712	+0.0026819	+0.0030664	+0.0034535	+0.0038111	+0.0042125	+0.0045959	+0.0048826	+0.0051178	+0.0052952	+0.0054142	+0.0055583	+0.0057096	+0.0058076
2012-05	-0.132	-0.0037512	-0.0036697	-0.0027130	-0.0023781	-0.0022426	-0.0019567	-0.0013383	-0.0007457	-0.0003922	+0.0004018	+0.0009666	+0.0015260	+0.0021506	+0.0026869	+0.0031826	+0.0037127	+0.0041070	+0.0043423	+0.0045749	+0.0047671	+0.0049004
2012-06	0.034	-0.0054564	-0.0053286	-0.0051745	-0.0051031	-0.0048985	-0.0046754	-0.0042681	-0.0038486	-0.0035656	-0.0031055	-0.0025253	-0.0020701	-0.0016935	-0.0010999	-0.0007180	-0.0004528	-0.0000113	+0.0002689	+0.0006538	+0.0008076	+0.0009246
2012-07	0.032	-0.0056403	-0.0055738	-0.0054832	-0.0054029	-0.0052077	-0.0050536	-0.0048761	-0.0045708	-0.0043066	-0.0040651	-0.0038401	-0.0035606	-0.0032226	-0.0029541	-0.0027699	-0.0026075	-0.0024057	-0.0008838	-0.0002918	-0.0000326	+0.0000034
2012-08	0.029	-0.0053261	-0.0049094	-0.0045868	-0.0044047	-0.0042671	-0.0039721	-0.0033537	-0.0029261	-0.0024034	-0.0016569	-0.0011565	-0.0008013	-0.0000738	+0.0007431	+0.0010522	+0.0012668	+0.0014611	+0.0016858	+0.0029092	+0.0032356	+0.0034166
2012-09	0.079	-0.0009970	-0.0008781	-0.0006509	-0.0004495	-0.0002537	+0.0000929	+0.0003591	+0.0005959	+0.0007943	+0.0009831	+0.0011492	+0.0013205	+0.0014686	+0.0015967	+0.0017251	+0.0018413	+0.0019160	+0.0019989	+0.0020573	+0.0021172	+0.0021585
2012-10	-0.001	-0.0010626	-0.0005862	-0.0004836	-0.0003105	-0.0001090	+0.0001533	+0.0004589	+0.0006739	+0.0009360	+0.0012194	+0.0014712	+0.0017065	+0.0019160	+0.0021332	+0.0023111	+0.0024948	+0.0026364	+0.0027908	+0.0029032	+0.0030257	+0.0031468
2012-11	0.052	-0.0003303	-0.0002437	-0.0001203	+0.0000143	+0.0001921	+0.0005336	+0.0009462	+0.0011173	+0.0013195	+0.0016253	+0.0019864	+0.0023660	+0.0025476	+0.0027379	+0.0028803	+0.0029850	+0.0030697	+0.0031711	+0.0033071	+0.0033720	+0.0034268
2012-12	0.044	-0.0015613	-0.0013836	-0.0005854	-0.0004518	+0.0000084	+0.0002744	+0.0008072	+0.0011537	+0.0013507	+0.0015599	+0.0019426	+0.0023157	+0.0024767	+0.0026067	+0.0027390	+0.0028647	+0.0029352	+0.0030178	+0.0030766	+0.0031727	+0.0033026
2013-01	0.121	-0.0010284	-0.0009063	-0.0006240	-0.0004389	-0.0000347	+0.0001632	+0.0003763	+0.0006063	+0.0007746	+0.0009392	+0.0012064	+0.0013880	+0.0015456	+0.0017748	+0.0019826	+0.0020760	+0.0021818	+0.0023669	+0.0025721	+0.0026537	+0.0027259
2013-02	-0.041	+0.0001921	+0.0002845	+0.0004819	+0.0005515	+0.0006911	+0.0008157	+0.0010638	+0.0013004	+0.0015719	+0.0021406	+0.0025274	+0.0029588	+0.0032301	+0.0035553	+0.0040964	+0.0044102	+0.0047302	+0.0049120	+0.0049976	+0.0050874	+0.0051711
2013-03	-0.010	-0.0017622	-0.0017622	-0.0017622	+0.0019362	+0.0019362	+0.0025169	+0.0028036	+0.0028800	+0.0032349	+0.0033771	+0.0037451	+0.0042356	+0.0045425	+0.0048771	+0.0050723	+0.0052002	+0.0052698	+0.0052977	+0.0052977	+0.0052977	+0.0052977
2013-04	0.080	-0.0033543	-0.0033543	-0.0033543	-0.0011350	-0.0011350	-0.0009921	-0.0004877	-0.0002267	+0.0009992	+0.0015719	+0.0019362	+0.0026938	+0.0032693	+0.0033828	+0.0037451	+0.0041213	+0.0042356	+0.0042356	+0.0044025	+0.0044025	+0.0044025
2013-05	0.035	-0.0018120	-0.0018120	-0.0018120	-0.0014416	-0.0014416	-0.0012165	-0.0011350	-0.0009032	-0.0007276	-0.0004578	+0.0000305	+0.0007068	+0.0011675	+0.0015719	+0.0018413	+0.0020417	+0.0024154	+0.0024154	+0.0026938	+0.0026938	+0.0026938
2013-06	-0.152	-0.0013794	-0.0012698	-0.0011349	-0.0009105	-0.0006805	-0.0003863	+0.0000238	+0.0003400	+0.0006545	+0.0009730	+0.0013769	+0.0018098	+0.0021347	+0.0024186	+0.0026123	+0.0027566	+0.0028824	+0.0029916	+0.0030697	+0.0031217	+0.0032349
2013-07	0.014	-0.0034894	-0.0032815	-0.0030877	-0.0028244	-0.0025044	-0.0020896	-0.0014262	-0.0007528	-0.0003426	+0.0000631	+0.0005715	+0.0014471	+0.0020430	+0.0023725	+0.0025795	+0.0027295	+0.0028633	+0.0029817	+0.0030697	+0.0031217	+0.0032349
2013-08	-0.154	-0.0035710	-0.0035025	-0.0034206	-0.0033263	-0.0031859	-0.0030826	-0.0029362	-0.0027843	-0.0025967	-0.0023759	-0.0021163	-0.0016764	-0.0010570	-0.0005658	-0.0002205	+0.0000413	+0.0003660	+0.0006706	+0.0013302	+0.0016872	+0.0018063
2013-09	0.130	-0.0046717	-0.0045151	-0.0044256	-0.0042623	-0.0039870	-0.0037666	-0.0032766	-0.0029116	-0.0027322	-0.0025754	-0.0023919	-0.0021891	-0.0019705	-0.0017126	-0.0015057	-0.0012645	-0.0007336	-0.0002215	-0.0000381	+0.0001961	+0.0003919
2013-10	0.086	-0.0049808	-0.0047658	-0.0044966	-0.0042826	-0.0040453	-0.0037675	-0.0034945	-0.0031145	-0.0027892	-0.0024863	-0.0022323	-0.0019924	-0.0017206	-0.0014754	-0.0012597	-0.0010332	-0.0006245	+0.0001336	+0.0004828	+0.0006762	+0.0010839
2013-11	-0.005	-0.0050331	-0.0048297	-0.0043740	-0.0041138	-0.0036935	-0.0033734	-0.0028429	-0.0022833	-0.0016897	-0.0009267	-0.0001482	+0.0006372	+0.0013677	+0.0019513	+0.0026878	+0.0033218	+0.0039332	+0.0044351	+0.0047357	+0.0050001	+0.0052360
2013-12	0.065	-0.0004232	-0.0002136	-0.0000592	+0.0000887	+0.0002859	+0.0005057	+0.0007867	+0.0010819	+0.0013992	+0.0017550	+0.0022113	+0.0026878	+0.0030983	+0.0034600	+0.0038627	+0.0042374	+0.0045873	+0.0049134	+0.0051481	+0.0053311	+0.0054300
2014-01	-0.061	-0.0020324	-0.0018983	-0.0017356	-0.0014328	+0.0002858	+0.0007286	+0.0009637	+0.0011655	+0.0013833	+0.0015701	+0.0018262	+0.0020784	+0.0023714	+0.0027119	+0.0030873	+0.0033736	+0.0035932	+0.0037580	+0.0040372	+0.0043551	+0.0045873
2014-02	0.024	-0.0007666	-0.0007096	-0.0004969	-0.0001940	+0.0002677	+0.0006855	+0.0008834	+0.0010538	+0.0012835	+0.0014674	+0.0016791	+0.0018666	+0.0020192	+0.0022059	+0.0023627	+0.0024905	+0.0026130	+0.0027119	+0.0027689	+0.0028566	+0.0028868
2014-03	0.096	-0.0018167	-0.0018167	-0.0018167	-0.0014869	-0.0014869	-0.0011750	-0.0010786	-0.0007725	-0.0006337	-0.0003779	+0.0001446	+0.0008799	+0.0012207	+0.0019078	+0.0025414	+0.0028648	+0.0029089	+0.0029089	+0.0030339	+0.0030339	+0.0030339
2014-04	-0.005	-0.0018167	-0.0018167	-0.0018167	-0.0014869	-0.0014869	-0.0011750	-0.0009060	-0.0007725	-0.0006337	-0.0004820	-0.0002809	+0.0000864	+0.0002374	+0.0006585	+0.0011443	+0.0016957	+0.0024870	+0.0024870	+0.0028834	+0.0028834	+0.0028834
2014-05	0.087	-0.0003805	-0.0003805	-0.0003805	-0.0002809	-0.0002809	-0.0000643	+0.0000864	+0.0002374	+0.0006585	+0.0011507	+0.0024186	+0.0027243	+0.0030191	+0.0032450	+0.0033694	+0.0036642	+0.0037105	+0.0037105	+0.0040027	+0.0040027	+0.0040027
2014-06	0.016	-0.0032623	-0.0032623	-0.0032623	+0.0008748	+0.0008748	+0.0011350	+0.0014382	+0.0020610	+0.0022065	+0.0024983	+0.0028427	+0.0031039	+0.0033496	+0.0034830	+0.0036250	+0.0036340	+0.0037105	+0.0037105	+0.0040027	+0.0040027	+0.0040027
2014-07	0.051	-0.0001758	-0.0000372	+0.0001729	+0.0003571	+0.0006739	+0.0015407	+0.0018215	+0.0020612	+0.0022694	+0.0024837	+0.0026796	+0.0028272	+0.0029872	+0.0031153	+0.0032304	+0.0033279	+0.0034104	+0.0034495	+0.0034918	+0.0035212	+0.0035495
2014-08	0.027	-0.0008819	-0.0006866	-0.0002007	+0.0001246	+0.0005347	+0.0008304	+0.0011241	+0.0015077	+0.0017510	+0.0019837	+0.0022249	+0.0025334	+0.0027861	+0.0029911	+0.0031324	+0.0032700	+0.0033864	+0.0034688	+0.0035857	+0.0036217	+0.0036967
2014-09	0.042	-0.0016900	-0.0014740	-0.0013462	-0.0010418	-0.0005624	-0.0001006	+0.0001728	+0.0004157	+0.0006514	+0.0009127	+0.0011351	+0.0013866	+0.0016750	+0.0019952	+0.0022702	+0.0025292	+0.0027080	+0.0029331	+0.0031639	+0.0033753	+0.0035560
2014-10	0.009	-0.0007378	-0.0006400	-0.0004849	-0.0002689	-0.0000182	+0.0002036	+0.0004272	+0.0006503	+0.0009139	+0.0011987	+0.0015049	+0.0017366	+0.0019533	+0.0021469	+0.0023203	+0.0024656	+0.0025810	+0.0026781	+0.0027948	+0.0028842	+0.0029690
2014-11	0.112	-0.0008783	-0.0006236	-0.0002074	+0.0000807	+0.0002621	+0.0004488	+0.0008148	+0.0010861	+0.0012850	+0.0014834	+0.0017349	+0.0019748	+0.0021729	+0.0023269	+0.0024600	+0.0025756	+0.0026779	+0.0027884	+0.0028392	+0.0029243	+0.0029690
2014-12	-0.029	-0.0008424	-0.0007440	-0.0001057	+0.0001281	+0.0002681	+0.0004228	+0.0008206	+0.0012055	+0.0013437	+0.0015537	+0.0018206	+0.0021819	+0.0023373	+0.0024905	+0.0026100	+0.0026981	+0.0027702	+0.0028639	+0.0029519	+0.0030161	+0.0030640
2015-01	0.083	+0.0006474	+0.0007368	+0.0008916	+0.0011121	+0.0015637	+0.0020680	+0.0022531	+0.0024145	+0.0025691	+0.0027138	+0.0028395	+0.0029854	+0.0031047	+0.0032264	+0.0033285	+0.0034210	+0.0035178	+0.0036060	+0.0036687	+0.0037138	+0.0038169
2015-02	-0.018	-0.0030030	-0.0030030	-0.0030030	-0.0001748	-0.0001748	+0.0002811	+0.0005015	+0.0008012	+0.0011835	+0.0014310	+0.0026304	+0.0028791	+0.0031589	+0.0033381	+0.0035518	+0.0036974	+0.0039653	+0.0039653	+0.0040531	+0.0040531	+0.0040531
