2013-11	-0.004	-0.0003118	-0.0003118	-0.0003118	-0.0003118	-0.0001832	-0.0001529	-0.0001201	-0.0001100	-0.0001000	-0.0000800	-0.0000624	+0.0001382	+0.0003322	+0.0004218	+0.0004377	+0.0004556	+0.0005036	+0.0005058	+0.0005058	+0.0005058	+0.0005058
2013-12	-0.002	-0.0000962	-0.0000938	-0.0000875	-0.0000787	-0.0000324	+0.0000291	+0.0000737	+0.0001276	+0.0001615	+0.0001988	+0.0002628	+0.0003263	+0.0003749	+0.0004080	+0.0004334	+0.0004486	+0.0004640	+0.0004774	+0.0004899	+0.0004988	+0.0005058
2014-01	0.014	-0.0002255	-0.0001621	-0.0001083	-0.0000883	-0.0000570	-0.0000023	+0.0000473	+0.0000778	+0.0001360	+0.0001785	+0.0002149	+0.0002653	+0.0003073	+0.0003362	+0.0003722	+0.0004039	+0.0004293	+0.0004465	+0.0004681	+0.0004774	+0.0004889
2014-02	0.009	-0.0001421	-0.0001029	-0.0000886	-0.0000681	-0.0000428	-0.0000085	+0.0000249	+0.0000572	+0.0000890	+0.0001298	+0.0001672	+0.0002060	+0.0002409	+0.0002680	+0.0002881	+0.0003093	+0.0003259	+0.0003413	+0.0003479	+0.0003557	+0.0003638
2014-03	0.000	-0.0000123	-0.0000123	-0.0000123	+0.0000620	+0.0000620	+0.0001092	+0.0001439	+0.0002571	+0.0003018	+0.0003332	+0.0003488	+0.0003621	+0.0003896	+0.0004009	+0.0004194	+0.0004651	+0.0004753	+0.0004753	+0.0005634	+0.0005634	+0.0005634
2014-04	0.011	-0.0003011	-0.0003011	-0.0003011	+0.0001935	+0.0001935	+0.0001958	+0.0002325	+0.0002372	+0.0002597	+0.0003196	+0.0003332	+0.0003761	+0.0004052	+0.0004651	+0.0004990	+0.0005634	+0.0005734	+0.0005734	+0.0005825	+0.0005825	+0.0005825
2014-05	0.012	-0.0005012	-0.0005012	-0.0005012	+0.0001634	+0.0001634	+0.0001881	+0.0001958	+0.0002350	+0.0002461	+0.0002686	+0.0003195	+0.0003368	+0.0003607	+0.0003883	+0.0004253	+0.0004471	+0.0004936	+0.0004936	+0.0004990	+0.0004990	+0.0004990
2014-06	0.001	-0.0002292	-0.0002292	-0.0002292	+0.0001634	+0.0001634	+0.0002461	+0.0002831	+0.0003307	+0.0003436	+0.0003835	+0.0004253	+0.0004936	+0.0005111	+0.0005182	+0.0005566	+0.0005657	+0.0006028	+0.0006028	+0.0006357	+0.0006357	+0.0006357
2014-07	0.001	-0.0000346	-0.0000245	-0.0000056	+0.0000469	+0.0001128	+0.0002613	+0.0002820	+0.0003060	+0.0003427	+0.0003815	+0.0004035	+0.0004254	+0.0004620	+0.0004966	+0.0005164	+0.0005333	+0.0005472	+0.0005609	+0.0005716	+0.0005822	+0.0005851
2014-08	0.012	-0.0001679	-0.0001570	-0.0001225	-0.0000780	+0.0000417	+0.0000679	+0.0000915	+0.0001249	+0.0001557	+0.0001813	+0.0002079	+0.0002423	+0.0002709	+0.0002954	+0.0003227	+0.0003568	+0.0003774	+0.0003959	+0.0004191	+0.0004373	+0.0004481
2014-09	-0.008	-0.0000574	-0.0000385	-0.0000171	+0.0000149	+0.0000444	+0.0000693	+0.0000905	+0.0001095	+0.0001299	+0.0001484	+0.0001678	+0.0001870	+0.0002063	+0.0002235	+0.0002398	+0.0002520	+0.0002657	+0.0002788	+0.0002888	+0.0003064	+0.0003142
2014-10	0.006	-0.0000462	-0.0000355	-0.0000190	-0.0000011	+0.0000190	+0.0000393	+0.0000652	+0.0000892	+0.0001154	+0.0001438	+0.0001757	+0.0002023	+0.0002333	+0.0002557	+0.0002835	+0.0003080	+0.0003299	+0.0003453	+0.0003609	+0.0003760	+0.0004022
2014-11	0.006	-0.0001851	-0.0001545	-0.0001200	-0.0000859	-0.0000521	-0.0000189	+0.0000095	+0.0000439	+0.0000735	+0.0001061	+0.0001423	+0.0001729	+0.0002079	+0.0002365	+0.0002656	+0.0002975	+0.0003157	+0.0003381	+0.0003643	+0.0003760	+0.0004022
2014-12	0.002	-0.0000773	-0.0000656	-0.0000450	-0.0000222	-0.0000022	+0.0000224	+0.0000437	+0.0000641	+0.0000919	+0.0001189	+0.0001464	+0.0001697	+0.0001896	+0.0002091	+0.0002250	+0.0002380	+0.0002508	+0.0002612	+0.0002700	+0.0002791	+0.0002871
2015-01	0.023	-0.0000292	-0.0000234	+0.0000000	+0.0000061	+0.0000153	+0.0000364	+0.0000528	+0.0000715	+0.0000868	+0.0001034	+0.0001194	+0.0001419	+0.0001620	+0.0001804	+0.0002010	+0.0002161	+0.0002309	+0.0002465	+0.0002587	+0.0002742	+0.0002868
2015-02	-0.001	-0.0002959	-0.0002959	-0.0002959	+0.0000094	+0.0000633	+0.0000704	+0.0000796	+0.0000845	+0.0001035	+0.0001218	+0.0002587	+0.0004243	+0.0005834	+0.0006219	+0.0006602	+0.0006787	+0.0007610	+0.0007610	+0.0007801	+0.0007801	+0.0007801
