2014-04	-0.002	-0.0001117	-0.0001117	-0.0001117	-0.0001117	-0.0001043	-0.0001042	-0.0001022	-0.0000943	-0.0000372	+0.0000745	+0.0000848	+0.0001222	+0.0001547	+0.0001617	+0.0001642	+0.0001646	+0.0001769	+0.0001869	+0.0001869	+0.0001869	+0.0001869
2014-05	0.007	-0.0001216	-0.0001216	-0.0001216	-0.0001117	-0.0001117	-0.0001067	-0.0001042	-0.0000968	-0.0000843	-0.0000547	-0.0000372	+0.0000700	+0.0000845	+0.0001222	+0.0001569	+0.0001950	+0.0002265	+0.0002397	+0.0003268	+0.0003268	+0.0003268
2014-06	0.004	-0.0001240	-0.0001240	-0.0001240	-0.0001216	-0.0001216	-0.0001067	-0.0001044	-0.0000944	-0.0000693	-0.0000547	-0.0000348	+0.0000051	+0.0000696	+0.0000822	+0.0001517	+0.0002265	+0.0002397	+0.0002397	+0.0003268	+0.0003268	+0.0003268
2014-07	0.003	-0.0000979	-0.0000905	-0.0000831	-0.0000706	-0.0000545	-0.0000372	-0.0000198	+0.0000038	+0.0000349	+0.0000696	+0.0000956	+0.0001289	+0.0001501	+0.0001736	+0.0002235	+0.0002455	+0.0002492	+0.0002591	+0.0002675	+0.0002676	+0.0002677
2014-08	0.009	+0.0000273	+0.0000422	+0.0000557	+0.0000726	+0.0000903	+0.0001113	+0.0001324	+0.0001498	+0.0001845	+0.0002132	+0.0002279	+0.0002388	+0.0002477	+0.0002547	+0.0002608	+0.0002671	+0.0002698	+0.0002749	+0.0002823	+0.0002835	+0.0002836
2014-09	0.002	-0.0000730	-0.0000510	-0.0000284	-0.0000041	+0.0000199	+0.0000630	+0.0000949	+0.0001209	+0.0001448	+0.0001683	+0.0001905	+0.0002101	+0.0002263	+0.0002411	+0.0002522	+0.0002609	+0.0002695	+0.0002745	+0.0002784	+0.0002835	+0.0002907
2014-10	0.001	-0.0000419	-0.0000235	-0.0000024	+0.0000248	+0.0000496	+0.0000729	+0.0001048	+0.0001355	+0.0001604	+0.0001878	+0.0002152	+0.0002406	+0.0002654	+0.0002830	+0.0002976	+0.0003061	+0.0003148	+0.0003208	+0.0003264	+0.0003304	+0.0003338
2014-11	0.026	-0.0001750	-0.0001554	-0.0000927	-0.0000685	-0.0000426	-0.0000170	+0.0000296	+0.0000964	+0.0001176	+0.0001396	+0.0001956	+0.0002705	+0.0002869	+0.0002985	+0.0003066	+0.0003146	+0.0003207	+0.0003259	+0.0003306	+0.0003355	+0.0003374
2014-12	-0.001	-0.0001721	-0.0001624	-0.0001016	-0.0000736	-0.0000515	-0.0000194	+0.0000298	+0.0001105	+0.0001413	+0.0001971	+0.0002632	+0.0003135	+0.0003714	+0.0004255	+0.0004656	+0.0005019	+0.0005321	+0.0005660	+0.0005790	+0.0006013	+0.0006135
2015-01	0.004	+0.0001814	+0.0001918	+0.0002278	+0.0002813	+0.0003273	+0.0003682	+0.0004100	+0.0004659	+0.0005277	+0.0005738	+0.0006209	+0.0006670	+0.0007208	+0.0007523	+0.0007755	+0.0007895	+0.0008065	+0.0008119	+0.0008175	+0.0008225	+0.0008386
2015-02	-0.001	-0.0007119	-0.0007119	-0.0007119	+0.0001064	+0.0001087	+0.0001525	+0.0001833	+0.0002185	+0.0002366	+0.0002624	+0.0007010	+0.0007362	+0.0007789	+0.0007819	+0.0008018	+0.0008378	+0.0008403	+0.0008403	+0.0008478	+0.0008478	+0.0008478
