2011-05	-0.062	-0.0025055	-0.0025055	-0.0025055	-0.0019906	-0.0019906	-0.0018138	-0.0013759	-0.0009422	-0.0006108	-0.0003105	+0.0004343	+0.0010873	+0.0013541	+0.0017365	+0.0027640	+0.0029033	+0.0029452	+0.0029452	+0.0031343	+0.0031343	+0.0031343
2011-06	-0.004	-0.0013907	-0.0013907	-0.0013907	-0.0013617	-0.0013617	-0.0012217	-0.0011515	-0.0007729	-0.0007148	-0.0003700	+0.0004343	+0.0009344	+0.0013541	+0.0017365	+0.0027640	+0.0029033	+0.0029452	+0.0029452	+0.0031343	+0.0031343	+0.0031343
2011-07	-0.084	-0.0032807	-0.0032554	-0.0031871	-0.0030493	-0.0029426	-0.0028136	-0.0025996	-0.0023545	-0.0020739	-0.0018466	-0.0015854	-0.0013283	-0.0009930	-0.0007608	-0.0005537	-0.0003692	-0.0001427	+0.0000684	+0.0001711	+0.0002591	+0.0003113
2011-08	-0.087	-0.0033162	-0.0032554	-0.0031871	-0.0030675	-0.0029766	-0.0028705	-0.0027183	-0.0025150	-0.0022460	-0.0019898	-0.0016983	-0.0013555	-0.0010500	-0.0007261	-0.0004282	-0.0001218	+0.0001142	+0.0004068	+0.0005503	+0.0008159	+0.0009317
2011-09	-0.150	-0.0059484	-0.0057430	-0.0055303	-0.0053124	-0.0050844	-0.0048461	-0.0045121	-0.0040547	-0.0035208	-0.0030619	-0.0026359	-0.0021271	-0.0016354	-0.0010971	-0.0007200	-0.0003419	-0.0001157	+0.0000802	+0.0003301	+0.0005097	+0.0006651
2011-10	0.158	-0.0063546	-0.0062977	-0.0060931	-0.0059913	-0.0058062	-0.0056104	-0.0054312	-0.0052021	-0.0049494	-0.0047020	-0.0044285	-0.0041488	-0.0038753	-0.0035913	-0.0033066	-0.0030091	-0.0023702	-0.0008916	-0.0004800	-0.0001817	+0.0000731
2011-11	-0.126	-0.0063554	-0.0061601	-0.0060917	-0.0059258	-0.0056810	-0.0054320	-0.0051560	-0.0048283	-0.0043164	-0.0037404	-0.0032237	-0.0027453	-0.0023217	-0.0016700	-0.0010672	-0.0007237	-0.0002807	+0.0000637	+0.0005888	+0.0016461	+0.0018194
2011-12	0.023	-0.0058880	-0.0052399	-0.0043543	-0.0038695	-0.0037098	-0.0035225	-0.0031706	-0.0027854	-0.0016495	-0.0010852	-0.0007361	-0.0004793	-0.0002765	-0.0000519	+0.0001752	+0.0003421	+0.0005649	+0.0024218	+0.0027147	+0.0030465	+0.0032022
2012-01	0.113	-0.0018873	-0.0017053	-0.0015816	-0.0013413	-0.0012007	-0.0009918	-0.0007518	-0.0005416	-0.0003019	-0.0000701	+0.0001614	+0.0004073	+0.0008340	+0.0013165	+0.0018080	+0.0021330	+0.0023154	+0.0024855	+0.0029599	+0.0033282	+0.0037679
2012-02	0.114	-0.0025730	-0.0025730	-0.0025730	-0.0020731	-0.0020731	-0.0014669	-0.0013303	-0.0007570	-0.0005902	+0.0000405	+0.0006120	+0.0011592	+0.0023438	+0.0032528	+0.0042518	+0.0043127	+0.0046250	+0.0046250	+0.0046628	+0.0046628	+0.0046628
2012-03	-0.051	-0.0010856	-0.0010173	-0.0007306	-0.0004176	-0.0000363	+0.0004800	+0.0008179	+0.0012780	+0.0017255	+0.0022306	+0.0027421	+0.0033336	+0.0037176	+0.0040979	+0.0044577	+0.0047037	+0.0048741	+0.0050774	+0.0052060	+0.0052897	+0.0054093
2012-04	-0.070	-0.0004906	-0.0002582	-0.0001281	+0.0004436	+0.0011529	+0.0019527	+0.0022621	+0.0025908	+0.0028991	+0.0032385	+0.0035404	+0.0038291	+0.0041287	+0.0044069	+0.0046555	+0.0048845	+0.0050712	+0.0052097	+0.0053134	+0.0053615	+0.0054551
2012-05	-0.183	-0.0034051	-0.0032645	-0.0028152	-0.0025321	-0.0022985	-0.0019465	-0.0015065	-0.0009482	-0.0003497	+0.0002795	+0.0007994	+0.0014343	+0.0020594	+0.0026220	+0.0031558	+0.0035430	+0.0038560	+0.0042192	+0.0044069	+0.0045678	+0.0046871
2012-06	-0.020	-0.0072511	-0.0072107	-0.0071131	-0.0069194	-0.0066592	-0.0062645	-0.0057207	-0.0051336	-0.0045682	-0.0040293	-0.0034009	-0.0027683	-0.0021226	-0.0015400	-0.0010148	-0.0006156	-0.0002834	+0.0000716	+0.0003343	+0.0005155	+0.0007454
2012-07	0.066	-0.0072772	-0.0072206	-0.0071517	-0.0069983	-0.0068012	-0.0066333	-0.0063924	-0.0060681	-0.0058100	-0.0055835	-0.0052901	-0.0049161	-0.0046309	-0.0043552	-0.0041284	-0.0039159	-0.0035149	-0.0014318	-0.0007433	-0.0004782	-0.0002637
2012-08	-0.009	-0.0062791	-0.0060541	-0.0059218	-0.0057549	-0.0055845	-0.0052021	-0.0048485	-0.0044735	-0.0038701	-0.0031634	-0.0026895	-0.0021591	-0.0015295	-0.0008402	-0.0002637	+0.0001875	+0.0007664	+0.0012437	+0.0027252	+0.0030750	+0.0035140
2012-09	0.026	-0.0027697	-0.0026267	-0.0023148	-0.0019650	-0.0016648	-0.0013426	-0.0010259	-0.0006116	-0.0002705	+0.0000554	+0.0003659	+0.0006899	+0.0010226	+0.0012862	+0.0014809	+0.0016394	+0.0017635	+0.0018753	+0.0019814	+0.0020740	+0.0021178
2012-10	0.019	-0.0005355	-0.0004659	-0.0003573	-0.0001389	+0.0000667	+0.0002102	+0.0003457	+0.0005285	+0.0007300	+0.0009778	+0.0011946	+0.0013801	+0.0015341	+0.0016924	+0.0018265	+0.0019465	+0.0020600	+0.0021300	+0.0022426	+0.0023164	+0.0024187
2012-11	-0.002	-0.0005355	-0.0004831	-0.0004552	-0.0003676	-0.0003056	-0.0002276	-0.0001332	-0.0000243	+0.0001375	+0.0003045	+0.0005037	+0.0007034	+0.0009348	+0.0011555	+0.0013251	+0.0015022	+0.0017206	+0.0018657	+0.0019792	+0.0021123	+0.0022565
2012-12	0.117	-0.0009404	-0.0009107	-0.0008008	-0.0007063	-0.0005887	-0.0004846	-0.0003572	-0.0002243	-0.0000701	+0.0000688	+0.0002118	+0.0003745	+0.0005351	+0.0006624	+0.0008054	+0.0009481	+0.0010467	+0.0011735	+0.0012632	+0.0013756	+0.0014571
2013-01	0.077	-0.0009404	-0.0008842	-0.0007340	-0.0006130	-0.0004802	-0.0003393	-0.0001470	+0.0000741	+0.0002608	+0.0005118	+0.0007305	+0.0009974	+0.0012514	+0.0014569	+0.0016762	+0.0018990	+0.0020509	+0.0022027	+0.0023803	+0.0025111	+0.0026838
2013-02	-0.008	-0.0000095	+0.0001015	+0.0001606	+0.0003415	+0.0005619	+0.0007434	+0.0010903	+0.0014281	+0.0019304	+0.0023747	+0.0027053	+0.0031173	+0.0035732	+0.0040064	+0.0044339	+0.0046571	+0.0049061	+0.0049957	+0.0050675	+0.0050834	+0.0050950
2013-03	-0.003	-0.0025254	-0.0025254	-0.0025254	+0.0020193	+0.0020193	+0.0022288	+0.0029133	+0.0031731	+0.0036263	+0.0042373	+0.0044865	+0.0048509	+0.0050764	+0.0051952	+0.0053781	+0.0054120	+0.0058320	+0.0058320	+0.0058777	+0.0058777	+0.0058777
2013-04	0.028	-0.0053686	-0.0053686	-0.0053686	-0.0003062	-0.0003062	-0.0002998	-0.0001118	+0.0002640	+0.0014527	+0.0019426	+0.0022310	+0.0027184	+0.0042130	+0.0044865	+0.0048215	+0.0054120	+0.0057794	+0.0057794	+0.0058320	+0.0058320	+0.0058320
2013-05	0.006	-0.0017208	-0.0017208	-0.0017208	-0.0012285	-0.0012285	-0.0011056	-0.0010556	-0.0005278	-0.0003062	-0.0001009	+0.0003046	+0.0008144	+0.0010319	+0.0014527	+0.0020033	+0.0023532	+0.0027184	+0.0027184	+0.0032538	+0.0032538	+0.0032538
2013-06	-0.176	-0.0012285	-0.0011243	-0.0009470	-0.0007711	-0.0006011	-0.0004367	-0.0002688	-0.0000732	+0.0001858	+0.0004137	+0.0006053	+0.0008114	+0.0010103	+0.0012196	+0.0013843	+0.0015272	+0.0016505	+0.0017849	+0.0019225	+0.0020613	+0.0021861
2013-07	-0.024	-0.0054028	-0.0052448	-0.0050687	-0.0048221	-0.0045221	-0.0040671	-0.0033573	-0.0025366	-0.0020925	-0.0016759	-0.0010844	-0.0001357	+0.0005670	+0.0008967	+0.0012209	+0.0014154	+0.0015500	+0.0017532	+0.0018785	+0.0020613	+0.0021185
2013-08	-0.032	-0.0066489	-0.0065883	-0.0065199	-0.0064171	-0.0062703	-0.0061012	-0.0059000	-0.0056613	-0.0054117	-0.0050882	-0.0046600	-0.0041340	-0.0032840	-0.0026884	-0.0022537	-0.0018616	-0.0015359	-0.0009808	-0.0003388	+0.0003489	+0.0006117
2013-09	0.103	-0.0066337	-0.0065742	-0.0064906	-0.0063871	-0.0062163	-0.0060351	-0.0056992	-0.0053260	-0.0048697	-0.0040236	-0.0035058	-0.0030600	-0.0025177	-0.0019123	-0.0009049	-0.0006320	-0.0003481	+0.0003589	+0.0012049	+0.0025125	+0.0026330
2013-10	0.057	-0.0038727	-0.0037729	-0.0035201	-0.0028594	-0.0025582	-0.0023336	-0.0020656	-0.0015194	-0.0010478	-0.0006801	-0.0000905	+0.0003703	+0.0006388	+0.0009654	+0.0014599	+0.0017377	+0.0018233	+0.0019298	+0.0021598	+0.0029238	+0.0030053
2013-11	-0.042	-0.0007903	-0.0006372	-0.0002933	-0.0000281	+0.0000932	+0.0003412	+0.0007550	+0.0010392	+0.0013839	+0.0017157	+0.0018997	+0.0021925	+0.0026009	+0.0028836	+0.0030434	+0.0033240	+0.0035637	+0.0038372	+0.0040335	+0.0041301	+0.0043112
2013-12	-0.012	-0.0011281	-0.0009359	-0.0006115	-0.0004470	-0.0002508	-0.0000874	+0.0001804	+0.0006127	+0.0009751	+0.0013241	+0.0017367	+0.0021161	+0.0024870	+0.0028854	+0.0031786	+0.0034524	+0.0036885	+0.0038847	+0.0040527	+0.0041301	+0.0043112
2014-01	-0.136	-0.0029415	-0.0026969	-0.0023684	-0.0021396	-0.0019713	-0.0017371	-0.0015131	-0.0012689	-0.0010078	-0.0007897	-0.0005086	-0.0002209	+0.0000941	+0.0004534	+0.0008338	+0.0011928	+0.0014751	+0.0016755	+0.0019313	+0.0021579	+0.0026707
2014-02	0.045	-0.0037667	-0.0036628	-0.0034456	-0.0031245	-0.0029721	-0.0028562	-0.0026608	-0.0023811	-0.0020829	-0.0018569	-0.0015799	-0.0013545	-0.0011202	-0.0009515	-0.0007642	-0.0005916	-0.0004351	-0.0002984	-0.0001836	-0.0000650	+0.0000545
2014-03	0.072	-0.0048852	-0.0048852	-0.0048852	-0.0041355	-0.0041355	-0.0040279	-0.0037667	-0.0035531	-0.0028184	-0.0025597	-0.0022277	-0.0019471	-0.0017803	-0.0014266	-0.0010868	-0.0007640	-0.0006546	-0.0006546	+0.0012528	+0.0012528	+0.0012528
2014-04	0.045	-0.0041355	-0.0041355	-0.0041355	-0.0035075	-0.0035075	-0.0029074	-0.0026877	-0.0026561	-0.0024752	-0.0023398	-0.0020097	-0.0017185	-0.0015038	-0.0005660	+0.0007124	+0.0025399	+0.0026095	+0.0026095	+0.0040727	+0.0040727	+0.0040727
2014-05	-0.011	-0.0029074	-0.0029074	-0.0029074	-0.0025063	-0.0025063	-0.0023398	-0.0017488	-0.0016985	-0.0011321	+0.0012785	+0.0029410	+0.0033005	+0.0035486	+0.0036711	+0.0040169	+0.0041268	+0.0047436	+0.0047436	+0.0048884	+0.0048884	+0.0048884
2014-06	0.018	-0.0032377	-0.0032377	-0.0032377	+0.0008634	+0.0012179	+0.0021914	+0.0027320	+0.0029410	+0.0032688	+0.0033433	+0.0036380	+0.0038361	+0.0040491	+0.0047436	+0.0048788	+0.0048884	+0.0050530	+0.0050530	+0.0053491	+0.0053491	+0.0053491
2014-07	0.048	-0.0016267	-0.0013993	-0.0013325	-0.0010470	-0.0002715	+0.0000094	+0.0001631	+0.0004000	+0.0006841	+0.0013546	+0.0019305	+0.0022419	+0.0027038	+0.0030138	+0.0036222	+0.0040767	+0.0043387	+0.0044623	+0.0048197	+0.0048972	+0.0049751
2014-08	0.067	-0.0006401	-0.0006049	-0.0005663	-0.0004849	-0.0004190	-0.0003096	-0.0001889	-0.0000463	+0.0000710	+0.0002384	+0.0004268	+0.0006253	+0.0008082	+0.0010128	+0.0011956	+0.0013624	+0.0014663	+0.0015962	+0.0017651	+0.0019653	+0.0020046
2014-09	-0.116	-0.0006108	-0.0005558	-0.0004984	-0.0004170	-0.0003162	-0.0002217	-0.0000953	+0.0000713	+0.0003162	+0.0005999	+0.0008360	+0.0010433	+0.0012885	+0.0015747	+0.0017838	+0.0019540	+0.0021247	+0.0023231	+0.0024436	+0.0025731	+0.0026784
2014-10	-0.021	-0.0009915	-0.0008076	-0.0007015	-0.0005048	-0.0002897	-0.0000899	+0.0001358	+0.0003817	+0.0007076	+0.0010203	+0.0013705	+0.0016917	+0.0019642	+0.0023163	+0.0026101	+0.0027949	+0.0030152	+0.0032337	+0.0034061	+0.0035283	+0.0036147
2014-11	0.064	-0.0046807	-0.0045236	-0.0042883	-0.0040487	-0.0036441	-0.0029949	-0.0024403	-0.0019414	-0.0014289	-0.0007624	-0.0001675	+0.0005465	+0.0011527	+0.0016576	+0.0020997	+0.0024128	+0.0028547	+0.0031904	+0.0033812	+0.0035083	+0.0035906
2014-12	-0.125	-0.0047181	-0.0046729	-0.0045236	-0.0043647	-0.0042462	-0.0040657	-0.0038432	-0.0035882	-0.0032101	-0.0026571	-0.0021468	-0.0017256	-0.0014052	-0.0009515	-0.0004814	-0.0000007	+0.0003645	+0.0005637	+0.0007200	+0.0008557	+0.0008807
2015-01	-0.044	-0.0042324	-0.0041877	-0.0040657	-0.0039658	-0.0038404	-0.0037203	-0.0035478	-0.0033363	-0.0029222	-0.0022415	-0.0018322	-0.0014813	-0.0011491	-0.0004644	+0.0001624	+0.0004320	+0.0008111	+0.0010202	+0.0020210	+0.0025866	+0.0029678
2015-02	-0.013	-0.0045330	-0.0045330	-0.0045330	-0.0043666	-0.0042091	-0.0038907	-0.0037610	-0.0034878	-0.0032220	-0.0026225	-0.0024175	-0.0017962	-0.0007872	-0.0003823	+0.0001583	+0.0007057	+0.0008803	+0.0008803	+0.0009827	+0.0009827	+0.0009827
