2011-05	-0.017	-0.0049489	-0.0049489	-0.0049489	-0.0039982	-0.0039982	-0.0034436	-0.0032594	-0.0027951	-0.0024348	-0.0023446	-0.0021678	-0.0020083	-0.0016320	-0.0009994	-0.0002041	-0.0000331	+0.0002792	+0.0002792	+0.0006858	+0.0006858	+0.0006858
2011-06	0.013	-0.0032594	-0.0032594	-0.0032594	-0.0029400	-0.0029400	-0.0027951	-0.0024744	-0.0022775	-0.0021678	-0.0019937	-0.0017522	-0.0015023	+0.0000849	+0.0002654	+0.0008718	+0.0012095	+0.0016154	+0.0019110	+0.0030502	+0.0030502	+0.0030502
2011-07	0.001	-0.0018574	-0.0017755	-0.0017136	-0.0015298	-0.0013309	-0.0012101	-0.0010738	-0.0009252	-0.0007347	-0.0004870	-0.0002857	-0.0000927	+0.0000687	+0.0002976	+0.0006490	+0.0008841	+0.0010888	+0.0013868	+0.0015676	+0.0016479	+0.0017883
2011-08	-0.094	-0.0007439	-0.0007024	-0.0006621	-0.0006197	-0.0005408	-0.0004688	-0.0003603	-0.0002176	-0.0000719	+0.0000932	+0.0002644	+0.0004289	+0.0005846	+0.0007460	+0.0009048	+0.0010295	+0.0011620	+0.0012515	+0.0013663	+0.0014149	+0.0015155
2011-09	-0.022	-0.0026411	-0.0026227	-0.0025813	-0.0025267	-0.0021197	-0.0019616	-0.0016293	-0.0011595	-0.0009438	-0.0006735	-0.0003036	+0.0000693	+0.0004896	+0.0007685	+0.0009374	+0.0010430	+0.0011662	+0.0012391	+0.0013477	+0.0013964	+0.0014217
2011-10	0.031	-0.0041474	-0.0040313	-0.0039450	-0.0038214	-0.0037078	-0.0035823	-0.0034058	-0.0032196	-0.0030264	-0.0027007	-0.0023170	-0.0019440	-0.0015545	-0.0012028	-0.0009273	-0.0006235	-0.0002374	-0.0000122	+0.0002501	+0.0005541	+0.0006549
2011-11	-0.064	-0.0041506	-0.0040370	-0.0039587	-0.0038459	-0.0037365	-0.0036132	-0.0034612	-0.0032780	-0.0029747	-0.0022583	-0.0018795	-0.0015987	-0.0013113	-0.0006933	-0.0002478	-0.0000021	+0.0002007	+0.0004169	+0.0006095	+0.0009615	+0.0012619
2011-12	0.003	-0.0028365	-0.0024105	-0.0021503	-0.0020172	-0.0019229	-0.0017964	-0.0015703	-0.0012691	-0.0008625	-0.0006294	-0.0004428	-0.0002548	-0.0001100	+0.0000321	+0.0001808	+0.0003205	+0.0005130	+0.0012084	+0.0014552	+0.0016622	+0.0017793
2012-01	0.040	-0.0016109	-0.0014878	-0.0014529	-0.0013981	-0.0012944	-0.0012176	-0.0011249	-0.0009886	-0.0008731	-0.0007275	-0.0005701	-0.0004057	-0.0002703	-0.0001395	-0.0000006	+0.0001261	+0.0002533	+0.0003362	+0.0004369	+0.0004952	+0.0005300
2012-02	0.099	-0.0018754	-0.0018754	-0.0018754	-0.0015238	-0.0015238	-0.0014519	-0.0014356	-0.0010801	-0.0010099	-0.0007275	-0.0004183	+0.0000046	+0.0005299	+0.0008200	+0.0012647	+0.0016358	+0.0019849	+0.0019849	+0.0020062	+0.0020062	+0.0020062
2012-03	0.045	-0.0009506	-0.0008544	-0.0007730	-0.0006129	-0.0004082	-0.0001464	+0.0000345	+0.0002571	+0.0005597	+0.0009331	+0.0011882	+0.0015233	+0.0019332	+0.0021720	+0.0023732	+0.0026602	+0.0030347	+0.0032542	+0.0033355	+0.0034438	+0.0034727
2012-04	-0.058	+0.0000807	+0.0003118	+0.0007187	+0.0008251	+0.0009864	+0.0013065	+0.0017528	+0.0020429	+0.0022048	+0.0024672	+0.0030979	+0.0033486	+0.0034881	+0.0036256	+0.0037315	+0.0038157	+0.0039091	+0.0039570	+0.0040112	+0.0040848	+0.0041826
2012-05	-0.109	-0.0014649	-0.0012331	-0.0005676	-0.0001310	+0.0000762	+0.0002492	+0.0006358	+0.0012349	+0.0016532	+0.0019546	+0.0023189	+0.0027309	+0.0032753	+0.0035277	+0.0036739	+0.0038057	+0.0038995	+0.0039533	+0.0040245	+0.0040848	+0.0041875
2012-06	0.053	-0.0040903	-0.0040443	-0.0039841	-0.0039135	-0.0037768	-0.0035160	-0.0030399	-0.0024500	-0.0019560	-0.0014501	-0.0009163	-0.0002973	+0.0002129	+0.0008009	+0.0012789	+0.0016599	+0.0019927	+0.0023913	+0.0025871	+0.0027297	+0.0030067
2012-07	-0.036	-0.0044007	-0.0043459	-0.0042497	-0.0041115	-0.0039874	-0.0038474	-0.0036401	-0.0034197	-0.0032116	-0.0029928	-0.0027140	-0.0024628	-0.0022258	-0.0019401	-0.0017000	-0.0015308	-0.0012874	-0.0009802	-0.0008476	-0.0006873	-0.0005383
2012-08	0.017	-0.0038873	-0.0037953	-0.0036700	-0.0034999	-0.0032430	-0.0028590	-0.0025946	-0.0023813	-0.0020335	-0.0015465	-0.0012989	-0.0010399	-0.0004577	-0.0001783	+0.0000231	+0.0002051	+0.0004161	+0.0012506	+0.0021679	+0.0023992	+0.0025309
2012-09	0.011	-0.0007821	-0.0006843	-0.0006168	-0.0005610	-0.0004578	-0.0003782	-0.0002474	-0.0001392	-0.0000059	+0.0001414	+0.0002938	+0.0004285	+0.0005622	+0.0007029	+0.0008504	+0.0009547	+0.0010280	+0.0010884	+0.0011306	+0.0011801	+0.0012154
2012-10	0.005	-0.0006891	-0.0006575	-0.0005648	-0.0003856	-0.0002610	-0.0000975	+0.0000492	+0.0001532	+0.0003271	+0.0005286	+0.0007221	+0.0008788	+0.0009953	+0.0011197	+0.0012510	+0.0013739	+0.0014923	+0.0015601	+0.0016357	+0.0017245	+0.0017978
2012-11	0.056	-0.0008545	-0.0008297	-0.0008020	-0.0007627	-0.0006840	-0.0005769	-0.0004905	-0.0003506	-0.0002034	-0.0000307	+0.0001543	+0.0003512	+0.0005519	+0.0007462	+0.0009258	+0.0010921	+0.0012496	+0.0013810	+0.0015163	+0.0016470	+0.0017668
2012-12	0.097	-0.0009967	-0.0009214	-0.0008531	-0.0007923	-0.0007208	-0.0005970	-0.0005083	-0.0003749	-0.0002226	-0.0000456	+0.0001095	+0.0002915	+0.0004605	+0.0006252	+0.0007670	+0.0009361	+0.0010531	+0.0011740	+0.0012807	+0.0013658	+0.0014425
2013-01	0.068	-0.0007760	-0.0006758	-0.0005721	-0.0003197	-0.0001595	+0.0000496	+0.0002798	+0.0005769	+0.0008579	+0.0011099	+0.0014619	+0.0017914	+0.0020714	+0.0023520	+0.0026072	+0.0027337	+0.0029712	+0.0031500	+0.0032977	+0.0033738	+0.0035140
2013-02	0.036	+0.0003488	+0.0005818	+0.0006579	+0.0013115	+0.0017007	+0.0020266	+0.0022128	+0.0025669	+0.0028195	+0.0031413	+0.0033729	+0.0036795	+0.0039530	+0.0042111	+0.0044197	+0.0046258	+0.0047718	+0.0049358	+0.0050379	+0.0052085	+0.0052934
2013-03	0.077	-0.0033578	-0.0033578	-0.0033578	+0.0030944	+0.0030944	+0.0031772	+0.0034218	+0.0035039	+0.0037600	+0.0040056	+0.0041473	+0.0042912	+0.0045178	+0.0046615	+0.0048338	+0.0052077	+0.0053792	+0.0053792	+0.0057837	+0.0057837	+0.0057837
2013-04	0.112	-0.0040364	-0.0040364	-0.0040364	+0.0027202	+0.0027202	+0.0028834	+0.0029927	+0.0030944	+0.0031951	+0.0034149	+0.0035039	+0.0038583	+0.0040617	+0.0042086	+0.0043547	+0.0044488	+0.0046485	+0.0046485	+0.0047964	+0.0047964	+0.0047964
2013-05	-0.008	-0.0020198	-0.0020198	-0.0020198	+0.0020056	+0.0020056	+0.0026117	+0.0027202	+0.0030827	+0.0034098	+0.0035131	+0.0038776	+0.0040127	+0.0043883	+0.0044579	+0.0046776	+0.0046987	+0.0051488	+0.0051488	+0.0054075	+0.0054075	+0.0054075
2013-06	-0.006	+0.0007503	+0.0009973	+0.0011462	+0.0013177	+0.0022852	+0.0031995	+0.0034745	+0.0037134	+0.0039094	+0.0041536	+0.0043134	+0.0044890	+0.0046349	+0.0047852	+0.0049281	+0.0050380	+0.0051549	+0.0052610	+0.0053819	+0.0054358	+0.0055093
2013-07	-0.002	-0.0028233	-0.0025532	-0.0022435	-0.0016714	-0.0013367	-0.0010110	-0.0006589	-0.0001782	+0.0007628	+0.0014624	+0.0019406	+0.0023737	+0.0032538	+0.0040541	+0.0044951	+0.0047560	+0.0049788	+0.0051058	+0.0052270	+0.0053819	+0.0054358
2013-08	-0.020	-0.0020511	-0.0019040	-0.0018317	-0.0016658	-0.0015037	-0.0013341	-0.0011646	-0.0009561	-0.0007789	-0.0005653	-0.0003515	-0.0001539	+0.0000871	+0.0003532	+0.0006746	+0.0010202	+0.0012707	+0.0014836	+0.0016103	+0.0017459	+0.0019148
2013-09	0.082	-0.0013470	-0.0012778	-0.0011537	-0.0010899	-0.0009687	-0.0007990	-0.0006326	-0.0004282	-0.0002286	-0.0000310	+0.0002334	+0.0005016	+0.0007733	+0.0010569	+0.0012944	+0.0015088	+0.0016960	+0.0018392	+0.0021022	+0.0023348	+0.0024432
2013-10	-0.009	-0.0011639	-0.0010730	-0.0009877	-0.0008917	-0.0007819	-0.0006591	-0.0004948	-0.0002991	-0.0000852	+0.0001604	+0.0004313	+0.0007021	+0.0009762	+0.0011997	+0.0014528	+0.0016960	+0.0018553	+0.0020985	+0.0021925	+0.0023364	+0.0024432
2013-11	0.089	-0.0010281	-0.0009718	-0.0008917	-0.0008270	-0.0007219	-0.0006110	-0.0004537	-0.0002616	+0.0000087	+0.0002788	+0.0005250	+0.0007457	+0.0009728	+0.0012566	+0.0014897	+0.0016860	+0.0018362	+0.0019713	+0.0020352	+0.0021178	+0.0022000
2013-12	0.038	-0.0002271	-0.0001189	-0.0000243	+0.0000543	+0.0001878	+0.0002974	+0.0004310	+0.0005992	+0.0007638	+0.0009357	+0.0010956	+0.0012581	+0.0014150	+0.0015519	+0.0016803	+0.0017931	+0.0018994	+0.0019881	+0.0020841	+0.0021534	+0.0022000
2014-01	-0.090	-0.0004680	-0.0002631	-0.0001338	+0.0001752	+0.0004261	+0.0005740	+0.0007709	+0.0009186	+0.0011592	+0.0013525	+0.0015669	+0.0017568	+0.0019411	+0.0021383	+0.0023106	+0.0024689	+0.0026126	+0.0026857	+0.0027647	+0.0028836	+0.0029363
2014-02	-0.004	-0.0009140	-0.0008044	-0.0006837	-0.0003920	-0.0000133	+0.0001553	+0.0004325	+0.0007641	+0.0010477	+0.0014943	+0.0018164	+0.0020622	+0.0022825	+0.0024492	+0.0025697	+0.0026782	+0.0027573	+0.0028342	+0.0028836	+0.0029567	+0.0030080
2014-03	0.005	-0.0032382	-0.0032382	-0.0032382	-0.0028695	-0.0028695	-0.0025187	-0.0021919	-0.0018904	-0.0015700	-0.0012413	-0.0008746	-0.0006602	+0.0009717	+0.0018864	+0.0025087	+0.0025257	+0.0027555	+0.0027555	+0.0030966	+0.0030966	+0.0030966
2014-04	-0.038	-0.0027007	-0.0027007	-0.0027007	-0.0026453	-0.0026453	-0.0025221	-0.0024769	-0.0023633	-0.0021919	-0.0019024	-0.0016185	-0.0012739	-0.0010916	-0.0008746	-0.0007770	-0.0004850	-0.0003446	-0.0003446	+0.0011043	+0.0011043	+0.0011043
2014-05	0.023	-0.0026453	-0.0026453	-0.0026453	-0.0024769	-0.0024769	-0.0024422	-0.0022219	-0.0019785	-0.0012767	-0.0009559	-0.0007884	-0.0004850	-0.0002878	+0.0001751	+0.0009228	+0.0009238	+0.0019842	+0.0019842	+0.0020853	+0.0020853	+0.0020853
2014-06	0.035	-0.0016942	-0.0016942	-0.0016942	-0.0015325	-0.0015325	-0.0015282	-0.0012767	-0.0009341	-0.0007884	-0.0005995	-0.0004119	-0.0002878	+0.0000437	+0.0002627	+0.0004649	+0.0009238	+0.0012254	+0.0012254	+0.0019842	+0.0019842	+0.0019842
2014-07	0.029	-0.0014542	-0.0013712	-0.0011362	-0.0010280	-0.0008960	-0.0007490	-0.0005693	-0.0003186	-0.0001213	+0.0000598	+0.0003609	+0.0006047	+0.0007633	+0.0009341	+0.0012210	+0.0013723	+0.0014608	+0.0015239	+0.0015901	+0.0016866	+0.0017140
2014-08	-0.013	-0.0000360	+0.0000800	+0.0002587	+0.0004258	+0.0005175	+0.0006230	+0.0007242	+0.0008860	+0.0011257	+0.0012682	+0.0013838	+0.0014762	+0.0016220	+0.0017379	+0.0018085	+0.0018600	+0.0019476	+0.0020836	+0.0021296	+0.0021807	+0.0022128
2014-09	0.052	-0.0006529	-0.0005928	-0.0004841	-0.0002133	-0.0000220	+0.0001176	+0.0002444	+0.0003611	+0.0005290	+0.0007555	+0.0009138	+0.0011116	+0.0012933	+0.0014334	+0.0016695	+0.0017871	+0.0018564	+0.0019776	+0.0021108	+0.0021807	+0.0022252
2014-10	0.014	-0.0004200	-0.0003785	-0.0002541	-0.0001872	-0.0000345	+0.0000744	+0.0001797	+0.0002845	+0.0003834	+0.0004927	+0.0005944	+0.0006915	+0.0007949	+0.0008792	+0.0009684	+0.0010528	+0.0011242	+0.0011950	+0.0012546	+0.0013057	+0.0013449
2014-11	0.062	-0.0008680	-0.0007800	-0.0006987	-0.0005665	-0.0004507	-0.0003243	-0.0001505	+0.0000016	+0.0001623	+0.0003194	+0.0005069	+0.0006777	+0.0008383	+0.0009617	+0.0010694	+0.0011651	+0.0012361	+0.0013025	+0.0013537	+0.0014283	+0.0014587
2014-12	0.000	-0.0009627	-0.0008564	-0.0007800	-0.0006987	-0.0004819	-0.0003340	-0.0000683	+0.0002074	+0.0004547	+0.0006793	+0.0009131	+0.0012251	+0.0015421	+0.0017749	+0.0019217	+0.0020075	+0.0021039	+0.0021571	+0.0022105	+0.0022962	+0.0023499
2015-01	0.011	+0.0006921	+0.0007709	+0.0009135	+0.0013021	+0.0016369	+0.0017281	+0.0018484	+0.0019760	+0.0021780	+0.0024262	+0.0026259	+0.0027954	+0.0030196	+0.0031856	+0.0033924	+0.0035088	+0.0036891	+0.0037664	+0.0038467	+0.0039592	+0.0040486
2015-02	-0.000	-0.0020448	-0.0020448	-0.0020448	-0.0005651	-0.0005098	-0.0001781	-0.0000236	+0.0000932	+0.0002946	+0.0005542	+0.0023390	+0.0029922	+0.0032277	+0.0036618	+0.0037395	+0.0037933	+0.0041252	+0.0041252	+0.0043859	+0.0043859	+0.0043859
