2014-04	0.024	-0.0000620	-0.0000620	-0.0000620	-0.0000620	+0.0002206	+0.0002206	+0.0002737	+0.0003902	+0.0003976	+0.0005319	+0.0006558	+0.0008009	+0.0009556	+0.0012597	+0.0018794	+0.0023418	+0.0023418	+0.0025104	+0.0025104	+0.0025104	+0.0025104
2014-05	0.008	-0.0008160	-0.0008160	-0.0008160	-0.0000620	-0.0000620	+0.0002737	+0.0003902	+0.0006558	+0.0008009	+0.0012909	+0.0017212	+0.0021144	+0.0025071	+0.0026066	+0.0027126	+0.0027171	+0.0028620	+0.0031003	+0.0031735	+0.0031735	+0.0031735
2014-06	0.022	-0.0026055	-0.0026055	-0.0026055	+0.0007808	+0.0008366	+0.0011819	+0.0013527	+0.0014550	+0.0015760	+0.0016984	+0.0019060	+0.0020320	+0.0022257	+0.0025071	+0.0027095	+0.0028620	+0.0031003	+0.0031003	+0.0031735	+0.0031735	+0.0031735
2014-07	-0.007	-0.0005251	-0.0004623	-0.0003586	-0.0002402	+0.0001785	+0.0003545	+0.0004488	+0.0005762	+0.0006998	+0.0008801	+0.0010691	+0.0011966	+0.0013272	+0.0014609	+0.0016425	+0.0017603	+0.0018593	+0.0019404	+0.0019914	+0.0020251	+0.0020727
2014-08	0.025	-0.0000966	-0.0000477	+0.0000058	+0.0000804	+0.0001785	+0.0002532	+0.0003157	+0.0003734	+0.0004263	+0.0004851	+0.0005391	+0.0005949	+0.0006421	+0.0006878	+0.0007331	+0.0007755	+0.0008180	+0.0008521	+0.0008724	+0.0008888	+0.0009018
2014-09	-0.050	-0.0005562	-0.0004934	-0.0003826	-0.0003354	-0.0002380	-0.0001595	-0.0000675	+0.0000078	+0.0001520	+0.0002448	+0.0003245	+0.0003920	+0.0004539	+0.0005095	+0.0005600	+0.0006154	+0.0006598	+0.0007045	+0.0007339	+0.0007726	+0.0008127
2014-10	0.041	-0.0005376	-0.0004747	-0.0004141	-0.0003512	-0.0002725	-0.0002051	-0.0001269	-0.0000248	+0.0000687	+0.0001833	+0.0002774	+0.0003785	+0.0004845	+0.0005796	+0.0006432	+0.0007373	+0.0007893	+0.0008488	+0.0008932	+0.0009231	+0.0009704
2014-11	0.040	-0.0013326	-0.0012233	-0.0011670	-0.0010902	-0.0009861	-0.0008540	-0.0006992	-0.0005439	-0.0003451	-0.0001901	-0.0000187	+0.0001651	+0.0003354	+0.0005084	+0.0006314	+0.0007216	+0.0007771	+0.0008325	+0.0008781	+0.0009168	+0.0009633
2014-12	-0.045	-0.0013338	-0.0012596	-0.0011700	-0.0011135	-0.0010221	-0.0009011	-0.0008151	-0.0006999	-0.0005705	-0.0004154	-0.0002622	-0.0000989	+0.0000690	+0.0002768	+0.0004940	+0.0006392	+0.0008033	+0.0009046	+0.0010834	+0.0011705	+0.0013649
2015-01	0.027	-0.0006016	-0.0005709	-0.0005340	-0.0004690	-0.0004091	-0.0003269	-0.0002514	-0.0001052	+0.0000970	+0.0002786	+0.0004551	+0.0006198	+0.0008208	+0.0009837	+0.0011609	+0.0012946	+0.0014330	+0.0015324	+0.0016109	+0.0016979	+0.0017939
2015-02	-0.037	-0.0018279	-0.0018279	-0.0018279	-0.0009889	-0.0009889	-0.0004522	-0.0004472	-0.0002290	-0.0001667	+0.0000243	+0.0002780	+0.0005284	+0.0008279	+0.0009713	+0.0012342	+0.0014939	+0.0016729	+0.0016729	+0.0020940	+0.0020940	+0.0020940
