2011-05	-0.031	-0.0013419	-0.0013419	-0.0013419	-0.0007679	-0.0007679	-0.0003547	-0.0002414	-0.0002087	+0.0000415	+0.0002208	+0.0005020	+0.0007026	+0.0009893	+0.0010612	+0.0012848	+0.0015039	+0.0016106	+0.0016106	+0.0016155	+0.0016155	+0.0016155
2011-06	-0.010	-0.0005597	-0.0005597	-0.0005597	-0.0000284	-0.0000284	-0.0000018	+0.0000415	+0.0002531	+0.0003397	+0.0004500	+0.0007023	+0.0009893	+0.0010612	+0.0012302	+0.0014769	+0.0015039	+0.0016155	+0.0016155	+0.0018849	+0.0018849	+0.0018849
2011-07	-0.031	-0.0015475	-0.0015056	-0.0014603	-0.0013834	-0.0013252	-0.0012530	-0.0011492	-0.0009936	-0.0006878	-0.0005039	-0.0003399	-0.0001678	+0.0000865	+0.0003397	+0.0004942	+0.0006665	+0.0007624	+0.0009283	+0.0010855	+0.0011416	+0.0012380
2011-08	-0.051	-0.0015484	-0.0015278	-0.0014689	-0.0014064	-0.0013607	-0.0012986	-0.0012171	-0.0011265	-0.0010398	-0.0009334	-0.0008049	-0.0006833	-0.0005397	-0.0004130	-0.0003135	-0.0001888	-0.0001050	+0.0000125	+0.0001278	+0.0001975	+0.0002272
2011-09	-0.061	-0.0024346	-0.0024057	-0.0023782	-0.0023143	-0.0022692	-0.0021555	-0.0019557	-0.0017650	-0.0015616	-0.0014136	-0.0011708	-0.0009943	-0.0007645	-0.0005825	-0.0004002	-0.0002450	-0.0001487	-0.0000238	+0.0001240	+0.0001975	+0.0002412
2011-10	0.074	-0.0031755	-0.0031443	-0.0030382	-0.0029819	-0.0028769	-0.0027684	-0.0026700	-0.0025635	-0.0024400	-0.0023093	-0.0021815	-0.0020096	-0.0018616	-0.0017255	-0.0015503	-0.0013403	-0.0010597	-0.0002911	-0.0001659	-0.0000109	+0.0001740
2011-11	-0.058	-0.0033103	-0.0032301	-0.0031705	-0.0030520	-0.0029633	-0.0028545	-0.0027168	-0.0025702	-0.0023608	-0.0019684	-0.0016587	-0.0014679	-0.0012731	-0.0008429	-0.0005278	-0.0003563	-0.0001410	-0.0000094	+0.0002641	+0.0008142	+0.0009079
2011-12	0.011	-0.0028509	-0.0026700	-0.0022255	-0.0019546	-0.0018538	-0.0016873	-0.0015381	-0.0013206	-0.0007225	-0.0004703	-0.0003246	-0.0001470	-0.0000595	+0.0000495	+0.0002013	+0.0002920	+0.0003906	+0.0011982	+0.0012860	+0.0015270	+0.0015655
2012-01	0.031	-0.0008214	-0.0007629	-0.0006653	-0.0005882	-0.0005063	-0.0004204	-0.0003203	-0.0002243	-0.0001282	-0.0000248	+0.0000837	+0.0002107	+0.0003633	+0.0005713	+0.0007553	+0.0008916	+0.0010210	+0.0011395	+0.0012216	+0.0013761	+0.0015493
2012-02	0.089	-0.0011638	-0.0011638	-0.0011638	-0.0010291	-0.0010291	-0.0009069	-0.0008541	-0.0006230	-0.0004298	-0.0002154	-0.0000127	+0.0002776	+0.0010310	+0.0012291	+0.0018585	+0.0018696	+0.0020472	+0.0020472	+0.0021004	+0.0021004	+0.0021004
2012-03	0.008	-0.0009106	-0.0008683	-0.0007586	-0.0006110	-0.0004298	-0.0001012	+0.0000620	+0.0002955	+0.0005780	+0.0008848	+0.0011239	+0.0014528	+0.0017320	+0.0019293	+0.0021498	+0.0023608	+0.0025338	+0.0026325	+0.0027258	+0.0027978	+0.0028410
2012-04	-0.017	+0.0000883	+0.0003706	+0.0007546	+0.0008414	+0.0009717	+0.0011836	+0.0015953	+0.0017559	+0.0019504	+0.0021911	+0.0024929	+0.0026589	+0.0028104	+0.0029046	+0.0030170	+0.0030760	+0.0031300	+0.0031936	+0.0032529	+0.0032880	+0.0033165
2012-05	-0.090	-0.0013943	-0.0013790	-0.0007356	-0.0002662	-0.0000761	+0.0000966	+0.0003930	+0.0008372	+0.0012270	+0.0014675	+0.0017031	+0.0020690	+0.0024974	+0.0027440	+0.0028845	+0.0030393	+0.0031110	+0.0031701	+0.0032469	+0.0032895	+0.0033246
2012-06	0.018	-0.0028032	-0.0027418	-0.0027179	-0.0026740	-0.0025839	-0.0024195	-0.0019631	-0.0016510	-0.0013282	-0.0010333	-0.0005919	-0.0001893	+0.0001271	+0.0005207	+0.0008877	+0.0011640	+0.0013937	+0.0016035	+0.0018008	+0.0019979	+0.0021733
2012-07	0.016	-0.0030361	-0.0029933	-0.0029543	-0.0028518	-0.0027385	-0.0026536	-0.0025043	-0.0023173	-0.0021699	-0.0020176	-0.0018339	-0.0016194	-0.0014571	-0.0012980	-0.0011393	-0.0010116	-0.0008560	-0.0006727	-0.0005314	-0.0004466	-0.0003171
2012-08	0.011	-0.0027371	-0.0025212	-0.0024784	-0.0024076	-0.0023114	-0.0020821	-0.0017497	-0.0016003	-0.0014047	-0.0010210	-0.0008137	-0.0005748	-0.0002953	-0.0000436	+0.0001755	+0.0003943	+0.0006535	+0.0009892	+0.0015151	+0.0016815	+0.0019245
2012-09	0.022	-0.0008338	-0.0007946	-0.0006589	-0.0005287	-0.0003599	-0.0002878	-0.0001562	-0.0000096	+0.0001656	+0.0002890	+0.0003943	+0.0005451	+0.0006929	+0.0007932	+0.0008520	+0.0009086	+0.0009630	+0.0010096	+0.0010440	+0.0010885	+0.0011145
2012-10	0.020	-0.0003447	-0.0001637	-0.0001140	-0.0000668	+0.0000621	+0.0002715	+0.0003629	+0.0005005	+0.0006082	+0.0007591	+0.0008152	+0.0008754	+0.0009742	+0.0010599	+0.0012117	+0.0012891	+0.0013448	+0.0013874	+0.0014903	+0.0015375	+0.0016135
2012-11	0.039	-0.0000210	+0.0000511	+0.0000969	+0.0001919	+0.0002619	+0.0003257	+0.0003755	+0.0004745	+0.0005731	+0.0006910	+0.0007682	+0.0008337	+0.0009175	+0.0010262	+0.0011620	+0.0012713	+0.0013267	+0.0013716	+0.0014555	+0.0015219	+0.0016394
2012-12	0.070	-0.0003400	-0.0002915	-0.0001936	-0.0001014	+0.0001184	+0.0002970	+0.0004272	+0.0005220	+0.0006175	+0.0007022	+0.0007855	+0.0008698	+0.0009517	+0.0010278	+0.0010902	+0.0011488	+0.0012122	+0.0012555	+0.0013046	+0.0013401	+0.0013628
2013-01	0.070	-0.0003360	-0.0001670	+0.0000161	+0.0001184	+0.0002514	+0.0004048	+0.0005995	+0.0007618	+0.0009076	+0.0010944	+0.0012716	+0.0014386	+0.0015738	+0.0017112	+0.0018392	+0.0019604	+0.0020675	+0.0021619	+0.0022729	+0.0023202	+0.0024221
2013-02	0.007	+0.0000934	+0.0001784	+0.0002881	+0.0009800	+0.0012820	+0.0014308	+0.0015655	+0.0017508	+0.0020633	+0.0024283	+0.0026572	+0.0028554	+0.0030691	+0.0034185	+0.0036322	+0.0038084	+0.0039381	+0.0039940	+0.0041136	+0.0041582	+0.0041743
2013-03	0.020	-0.0022627	-0.0022627	-0.0022627	+0.0021808	+0.0021808	+0.0025090	+0.0027936	+0.0029185	+0.0032866	+0.0035602	+0.0036962	+0.0038254	+0.0039397	+0.0040331	+0.0041136	+0.0041797	+0.0043460	+0.0043460	+0.0043836	+0.0043836	+0.0043836
2013-04	0.060	-0.0033759	-0.0033759	-0.0033759	+0.0007725	+0.0007725	+0.0009250	+0.0012650	+0.0014177	+0.0017104	+0.0019007	+0.0023967	+0.0025157	+0.0034374	+0.0037484	+0.0038254	+0.0040405	+0.0040844	+0.0040844	+0.0041136	+0.0041136	+0.0041136
2013-05	0.019	-0.0014991	-0.0014991	-0.0014991	-0.0001609	-0.0001609	+0.0003704	+0.0007516	+0.0009954	+0.0010140	+0.0012650	+0.0015549	+0.0016638	+0.0017972	+0.0019139	+0.0022405	+0.0022421	+0.0024680	+0.0024680	+0.0027010	+0.0027010	+0.0027010
2013-06	-0.064	+0.0003947	+0.0004227	+0.0004870	+0.0007015	+0.0008256	+0.0009832	+0.0011259	+0.0013503	+0.0015556	+0.0016951	+0.0018466	+0.0019726	+0.0020830	+0.0021696	+0.0022476	+0.0023111	+0.0023650	+0.0024147	+0.0024552	+0.0024881	+0.0025410
2013-07	0.018	-0.0018647	-0.0018391	-0.0017473	-0.0016528	-0.0014944	-0.0012772	-0.0010435	-0.0003532	+0.0001405	+0.0003433	+0.0005927	+0.0008994	+0.0019178	+0.0020830	+0.0021807	+0.0022601	+0.0023210	+0.0023811	+0.0024409	+0.0024634	+0.0025238
2013-08	-0.017	-0.0018193	-0.0017944	-0.0017593	-0.0017220	-0.0016695	-0.0016107	-0.0015402	-0.0014489	-0.0013498	-0.0012227	-0.0010860	-0.0009357	-0.0007336	-0.0001589	+0.0001870	+0.0003822	+0.0005270	+0.0006261	+0.0007223	+0.0011369	+0.0017096
2013-09	0.037	-0.0016758	-0.0016291	-0.0015716	-0.0015156	-0.0014443	-0.0013505	-0.0012137	-0.0010699	-0.0008940	-0.0006394	-0.0004302	-0.0002447	-0.0000567	+0.0001439	+0.0003587	+0.0005508	+0.0006566	+0.0007494	+0.0007972	+0.0008601	+0.0008884
2013-10	0.037	-0.0005581	-0.0005307	-0.0004732	-0.0003956	-0.0003236	-0.0002472	-0.0001578	-0.0000690	+0.0000426	+0.0001470	+0.0002484	+0.0003548	+0.0004447	+0.0005413	+0.0006195	+0.0006872	+0.0007519	+0.0008052	+0.0008540	+0.0008763	+0.0009035
2013-11	0.028	-0.0003737	-0.0003292	-0.0002937	-0.0002021	-0.0001465	-0.0000702	+0.0000215	+0.0001152	+0.0002217	+0.0003492	+0.0004976	+0.0006893	+0.0008635	+0.0010106	+0.0011230	+0.0012650	+0.0013825	+0.0015668	+0.0016589	+0.0017236	+0.0018549
2013-12	0.027	-0.0000521	+0.0000253	+0.0001228	+0.0002335	+0.0003314	+0.0004350	+0.0005271	+0.0006350	+0.0007362	+0.0008450	+0.0009647	+0.0010714	+0.0011940	+0.0013020	+0.0013872	+0.0014980	+0.0015668	+0.0016633	+0.0017127	+0.0017493	+0.0018557
2014-01	-0.048	-0.0005198	-0.0004727	-0.0004177	-0.0002536	+0.0003586	+0.0006621	+0.0007773	+0.0008718	+0.0009527	+0.0010389	+0.0011411	+0.0012132	+0.0012950	+0.0013851	+0.0014645	+0.0015095	+0.0015537	+0.0016384	+0.0016786	+0.0017087	+0.0017323
2014-02	0.018	-0.0004147	-0.0002684	-0.0002086	-0.0001313	+0.0000134	+0.0002915	+0.0004557	+0.0005981	+0.0007881	+0.0010424	+0.0011811	+0.0012754	+0.0013678	+0.0014253	+0.0014769	+0.0015298	+0.0015923	+0.0016421	+0.0016738	+0.0017006	+0.0017296
2014-03	0.017	-0.0014306	-0.0014306	-0.0014306	-0.0011933	-0.0011933	-0.0010321	-0.0005658	-0.0004170	-0.0003850	-0.0001689	-0.0000683	+0.0000667	+0.0009359	+0.0013024	+0.0013469	+0.0014147	+0.0014454	+0.0014454	+0.0015252	+0.0015252	+0.0015252
2014-04	0.007	-0.0010321	-0.0010321	-0.0010321	-0.0010303	-0.0010303	-0.0008738	-0.0006785	-0.0006221	-0.0004985	-0.0004170	-0.0002861	-0.0000793	-0.0000512	+0.0000564	+0.0001604	+0.0006103	+0.0006692	+0.0006692	+0.0006831	+0.0006831	+0.0006831
2014-05	0.012	-0.0008738	-0.0008738	-0.0008738	-0.0006221	-0.0006221	-0.0005786	-0.0004985	-0.0004196	-0.0000560	+0.0003962	+0.0005258	+0.0006024	+0.0006605	+0.0009550	+0.0012566	+0.0015102	+0.0016312	+0.0016312	+0.0019371	+0.0019371	+0.0019371
2014-06	0.009	-0.0012641	-0.0012641	-0.0012641	+0.0001566	+0.0001566	+0.0003962	+0.0004137	+0.0004415	+0.0004981	+0.0006024	+0.0006605	+0.0007532	+0.0008743	+0.0009550	+0.0010539	+0.0015044	+0.0016312	+0.0016312	+0.0019371	+0.0019371	+0.0019371
2014-07	0.017	-0.0002404	-0.0001550	-0.0000728	-0.0000216	+0.0000850	+0.0003098	+0.0003916	+0.0004509	+0.0005150	+0.0005734	+0.0006359	+0.0006885	+0.0007387	+0.0007750	+0.0008117	+0.0008435	+0.0008728	+0.0008872	+0.0009129	+0.0009322	+0.0009377
2014-08	0.012	+0.0000007	+0.0000107	+0.0000464	+0.0000850	+0.0002098	+0.0003508	+0.0004052	+0.0004660	+0.0005096	+0.0005474	+0.0005876	+0.0006305	+0.0006711	+0.0007027	+0.0007291	+0.0007533	+0.0007921	+0.0008186	+0.0008375	+0.0008472	+0.0008568
2014-09	0.015	-0.0003293	-0.0002655	-0.0002182	-0.0001385	-0.0000636	+0.0000279	+0.0001279	+0.0002127	+0.0003100	+0.0003896	+0.0004653	+0.0005318	+0.0005842	+0.0006335	+0.0006724	+0.0007037	+0.0007338	+0.0007574	+0.0007904	+0.0008048	+0.0008241
2014-10	0.002	-0.0002325	-0.0001707	-0.0001105	-0.0000404	+0.0000382	+0.0001270	+0.0002089	+0.0002914	+0.0003938	+0.0004920	+0.0006081	+0.0006994	+0.0007848	+0.0008619	+0.0009188	+0.0009654	+0.0010200	+0.0010581	+0.0010928	+0.0011246	+0.0011536
2014-11	0.082	-0.0005367	-0.0004222	-0.0003779	-0.0003162	-0.0002305	-0.0000990	+0.0000533	+0.0001814	+0.0002791	+0.0003809	+0.0005371	+0.0007250	+0.0008267	+0.0009004	+0.0009567	+0.0010001	+0.0010382	+0.0010680	+0.0010939	+0.0011243	+0.0011536
2014-12	-0.007	-0.0005656	-0.0004511	-0.0003907	-0.0003344	-0.0002677	-0.0001553	+0.0000111	+0.0002511	+0.0003666	+0.0005204	+0.0007037	+0.0009085	+0.0010791	+0.0012268	+0.0013647	+0.0014681	+0.0015548	+0.0016710	+0.0017097	+0.0017549	+0.0018444
2015-01	-0.022	+0.0004758	+0.0005810	+0.0006704	+0.0008001	+0.0010077	+0.0010967	+0.0012100	+0.0013694	+0.0015548	+0.0017013	+0.0018160	+0.0019611	+0.0021268	+0.0022367	+0.0023190	+0.0023952	+0.0024371	+0.0024892	+0.0025106	+0.0025499	+0.0025713
2015-02	0.006	-0.0020898	-0.0020898	-0.0020898	-0.0006775	-0.0006244	-0.0005805	-0.0004559	-0.0001838	-0.0000661	+0.0001815	+0.0018522	+0.0021290	+0.0023074	+0.0024078	+0.0024507	+0.0025101	+0.0025840	+0.0025840	+0.0026919	+0.0026919	+0.0026919
