2013-06	-0.060	-0.0001065	-0.0000878	-0.0000478	-0.0000117	+0.0000176	+0.0000601	+0.0001156	+0.0001549	+0.0001957	+0.0002386	+0.0002782	+0.0003258	+0.0003799	+0.0004242	+0.0004621	+0.0005132	+0.0005433	+0.0005843	+0.0006299	+0.0006521	+0.0006826
2013-07	0.004	-0.0016103	-0.0015908	-0.0015509	-0.0014921	-0.0013739	-0.0012953	-0.0010574	-0.0007447	-0.0006145	-0.0004813	-0.0003456	-0.0000384	+0.0002553	+0.0003646	+0.0004265	+0.0004913	+0.0005302	+0.0005729	+0.0006186	+0.0006521	+0.0006826
2013-08	-0.036	-0.0017636	-0.0017381	-0.0017169	-0.0016785	-0.0016472	-0.0016137	-0.0015709	-0.0015109	-0.0014368	-0.0013555	-0.0012572	-0.0011219	-0.0009510	-0.0007273	-0.0006125	-0.0004916	-0.0003895	-0.0003280	-0.0001110	+0.0000014	+0.0002156
2013-09	0.006	-0.0017423	-0.0017263	-0.0016667	-0.0016248	-0.0015955	-0.0015438	-0.0014789	-0.0014101	-0.0013355	-0.0012433	-0.0011409	-0.0010356	-0.0009298	-0.0008209	-0.0007047	-0.0005747	-0.0003273	-0.0001288	+0.0000354	+0.0001483	+0.0002404
2013-10	0.013	-0.0013882	-0.0013698	-0.0013527	-0.0013331	-0.0013140	-0.0012903	-0.0012604	-0.0012224	-0.0011546	-0.0010774	-0.0010011	-0.0009289	-0.0008397	-0.0007378	-0.0006503	-0.0005262	-0.0003236	+0.0001240	+0.0002640	+0.0003548	+0.0004182
2013-11	0.007	-0.0013324	-0.0013252	-0.0013135	-0.0012971	-0.0012778	-0.0012512	-0.0011651	-0.0010958	-0.0010151	-0.0008621	-0.0006762	-0.0004604	-0.0003543	-0.0002084	-0.0000345	+0.0001359	+0.0003171	+0.0004132	+0.0004618	+0.0005311	+0.0007653
2013-12	0.003	-0.0008809	-0.0008316	-0.0007215	-0.0006496	-0.0005329	-0.0003827	-0.0002834	-0.0002096	-0.0001096	+0.0000316	+0.0001910	+0.0003512	+0.0004207	+0.0004719	+0.0005047	+0.0005321	+0.0005624	+0.0005885	+0.0006234	+0.0006495	+0.0006523
2014-01	-0.015	-0.0001350	-0.0000946	-0.0000598	-0.0000156	+0.0000742	+0.0002515	+0.0003095	+0.0003504	+0.0003884	+0.0004186	+0.0004544	+0.0004847	+0.0005192	+0.0005448	+0.0005662	+0.0005963	+0.0006108	+0.0006287	+0.0006487	+0.0006760	+0.0006840
2014-02	0.009	-0.0002877	-0.0002518	-0.0002339	-0.0001952	-0.0001245	-0.0000258	+0.0000278	+0.0001002	+0.0002029	+0.0002534	+0.0003125	+0.0003634	+0.0004276	+0.0004613	+0.0005000	+0.0005504	+0.0005735	+0.0006059	+0.0006447	+0.0006779	+0.0006861
2014-03	0.009	-0.0004321	-0.0004321	-0.0004321	-0.0003613	-0.0003613	-0.0003005	-0.0002956	-0.0002279	-0.0002106	-0.0001554	-0.0001352	-0.0000688	+0.0001975	+0.0002188	+0.0002269	+0.0002327	+0.0002937	+0.0002937	+0.0003425	+0.0003425	+0.0003425
2014-04	0.002	-0.0004321	-0.0004321	-0.0004321	-0.0003005	-0.0003005	-0.0002279	-0.0002271	-0.0001866	-0.0001433	-0.0001140	-0.0000716	-0.0000158	+0.0000929	+0.0001300	+0.0001458	+0.0004162	+0.0004555	+0.0004555	+0.0005525	+0.0005525	+0.0005525
2014-05	0.011	-0.0001197	-0.0001197	-0.0001197	-0.0001117	-0.0001117	-0.0001117	-0.0000158	+0.0000772	+0.0001063	+0.0001458	+0.0002914	+0.0003879	+0.0004656	+0.0005085	+0.0005528	+0.0005966	+0.0006496	+0.0006635	+0.0007549	+0.0007549	+0.0007549
2014-06	0.009	-0.0005084	-0.0005084	-0.0005084	+0.0000819	+0.0000819	+0.0000845	+0.0001162	+0.0002116	+0.0002615	+0.0002914	+0.0003331	+0.0003822	+0.0004265	+0.0004893	+0.0005528	+0.0006496	+0.0006635	+0.0006635	+0.0007549	+0.0007549	+0.0007549
2014-07	0.009	-0.0000543	+0.0000088	+0.0000351	+0.0000795	+0.0001150	+0.0001746	+0.0002166	+0.0002580	+0.0003026	+0.0003347	+0.0003798	+0.0004136	+0.0004306	+0.0004611	+0.0004824	+0.0005033	+0.0005147	+0.0005207	+0.0005277	+0.0005315	+0.0005347
2014-08	0.002	-0.0000142	+0.0000295	+0.0000383	+0.0000762	+0.0003161	+0.0003737	+0.0003883	+0.0004203	+0.0004373	+0.0004666	+0.0004839	+0.0005059	+0.0005249	+0.0005384	+0.0005611	+0.0005753	+0.0005834	+0.0005926	+0.0005989	+0.0006227	+0.0006307
2014-09	-0.023	-0.0001782	-0.0001565	-0.0001256	-0.0000547	+0.0001005	+0.0001735	+0.0002101	+0.0002442	+0.0002954	+0.0003347	+0.0003700	+0.0004085	+0.0004425	+0.0004866	+0.0005247	+0.0005434	+0.0005756	+0.0005885	+0.0005989	+0.0006227	+0.0006307
2014-10	-0.003	-0.0004151	-0.0003802	-0.0003096	-0.0002492	-0.0002133	-0.0001638	-0.0001224	-0.0000758	-0.0000013	+0.0000769	+0.0001387	+0.0001805	+0.0002156	+0.0002437	+0.0002704	+0.0002984	+0.0003165	+0.0003321	+0.0003472	+0.0003687	+0.0003764
2014-11	-0.030	-0.0008241	-0.0007968	-0.0007517	-0.0007328	-0.0007078	-0.0006602	-0.0006167	-0.0005658	-0.0005055	-0.0004103	-0.0003118	-0.0002380	-0.0001714	-0.0001050	-0.0000039	+0.0000757	+0.0001282	+0.0001617	+0.0001822	+0.0002111	+0.0002343
2014-12	-0.028	-0.0011896	-0.0011841	-0.0011764	-0.0011550	-0.0011387	-0.0011186	-0.0010407	-0.0009962	-0.0009163	-0.0008614	-0.0008178	-0.0007426	-0.0006598	-0.0005889	-0.0005406	-0.0005000	-0.0004305	-0.0002190	-0.0000849	-0.0000361	-0.0000130
2015-01	-0.021	-0.0014569	-0.0014324	-0.0014071	-0.0013840	-0.0013400	-0.0013065	-0.0012866	-0.0012390	-0.0011817	-0.0011374	-0.0010971	-0.0010225	-0.0009886	-0.0009162	-0.0008625	-0.0007886	-0.0005981	-0.0002452	-0.0002321	-0.0001168	-0.0001064
2015-02	0.000	-0.0021856	-0.0021856	-0.0021856	-0.0019363	-0.0019363	-0.0019255	-0.0018602	-0.0017275	-0.0015821	-0.0014858	-0.0013649	-0.0012656	-0.0011272	-0.0010200	-0.0008702	-0.0008582	-0.0008380	-0.0007640	+0.0007882	+0.0007882	+0.0007882
