2011-05	-0.011	-0.0044871	-0.0044871	-0.0044871	-0.0038353	-0.0038353	-0.0036528	-0.0034972	-0.0031576	-0.0030609	-0.0028224	-0.0025903	-0.0023327	-0.0018827	-0.0013969	+0.0002008	+0.0005464	+0.0009909	+0.0009909	+0.0013067	+0.0013067	+0.0013067
2011-06	0.012	-0.0038353	-0.0038353	-0.0038353	-0.0036528	-0.0036528	-0.0033663	-0.0031630	-0.0029698	-0.0028224	-0.0025903	-0.0023327	-0.0020615	-0.0005139	-0.0000593	+0.0003234	+0.0008843	+0.0011478	+0.0015340	+0.0023337	+0.0023337	+0.0023337
2011-07	-0.008	-0.0024407	-0.0023982	-0.0022734	-0.0021520	-0.0016648	-0.0014735	-0.0013785	-0.0012461	-0.0010793	-0.0005544	-0.0003295	-0.0001699	-0.0000550	+0.0000891	+0.0003169	+0.0006622	+0.0010648	+0.0011701	+0.0012549	+0.0013199	+0.0013933
2011-08	-0.079	-0.0006587	-0.0006199	-0.0005458	-0.0005007	-0.0004334	-0.0003373	-0.0002549	-0.0001331	-0.0000196	+0.0001212	+0.0002586	+0.0003925	+0.0005107	+0.0006429	+0.0007608	+0.0008607	+0.0009396	+0.0010295	+0.0010731	+0.0011349	+0.0011474
2011-09	-0.004	-0.0024503	-0.0023760	-0.0023347	-0.0022321	-0.0019392	-0.0017299	-0.0014503	-0.0010745	-0.0008473	-0.0006501	-0.0002851	+0.0000171	+0.0003925	+0.0006386	+0.0007628	+0.0008556	+0.0009351	+0.0010051	+0.0010438	+0.0010996	+0.0011410
2011-10	0.009	-0.0036155	-0.0035687	-0.0034552	-0.0033788	-0.0032930	-0.0031620	-0.0030227	-0.0028550	-0.0026767	-0.0023712	-0.0020738	-0.0017023	-0.0013962	-0.0010994	-0.0008603	-0.0005727	-0.0002633	-0.0000868	+0.0001617	+0.0003931	+0.0004850
2011-11	-0.036	-0.0036226	-0.0035759	-0.0035025	-0.0033870	-0.0033132	-0.0031831	-0.0030600	-0.0028557	-0.0025611	-0.0019859	-0.0016385	-0.0013850	-0.0010976	-0.0005644	-0.0001758	+0.0000241	+0.0002036	+0.0003955	+0.0005788	+0.0009748	+0.0012183
2011-12	-0.002	-0.0021434	-0.0019189	-0.0015953	-0.0015143	-0.0014151	-0.0013090	-0.0011604	-0.0009114	-0.0006250	-0.0004284	-0.0002709	-0.0001166	+0.0000167	+0.0001383	+0.0002630	+0.0004207	+0.0005579	+0.0008874	+0.0010911	+0.0013150	+0.0013918
2012-01	0.040	-0.0011696	-0.0010774	-0.0010388	-0.0009787	-0.0008951	-0.0008356	-0.0007540	-0.0006535	-0.0005258	-0.0004191	-0.0002786	-0.0001556	-0.0000392	+0.0000892	+0.0001988	+0.0002817	+0.0003821	+0.0004701	+0.0005273	+0.0005581	+0.0005939
2012-02	0.089	-0.0013783	-0.0013783	-0.0013783	-0.0011595	-0.0009954	-0.0009741	-0.0009659	-0.0007444	-0.0006130	-0.0002009	-0.0000416	+0.0002643	+0.0006337	+0.0008623	+0.0013936	+0.0016688	+0.0019437	+0.0019437	+0.0019978	+0.0019978	+0.0019978
2012-03	0.030	-0.0004414	-0.0003959	-0.0003375	-0.0001945	-0.0000192	+0.0001221	+0.0003078	+0.0004972	+0.0007239	+0.0010177	+0.0012888	+0.0015904	+0.0019121	+0.0021567	+0.0023396	+0.0026112	+0.0029488	+0.0031591	+0.0032397	+0.0033083	+0.0033610
2012-04	-0.046	+0.0001970	+0.0003197	+0.0008053	+0.0009315	+0.0010595	+0.0012125	+0.0016605	+0.0018992	+0.0020735	+0.0022731	+0.0027418	+0.0029693	+0.0030942	+0.0032003	+0.0032816	+0.0033475	+0.0033995	+0.0034687	+0.0035168	+0.0035573	+0.0035822
2012-05	-0.108	-0.0013284	-0.0011206	-0.0006088	-0.0002543	-0.0000602	+0.0001005	+0.0003763	+0.0008216	+0.0012833	+0.0015428	+0.0018142	+0.0021667	+0.0026887	+0.0029503	+0.0030935	+0.0032268	+0.0033073	+0.0033676	+0.0034485	+0.0035515	+0.0035822
2012-06	0.070	-0.0038226	-0.0037646	-0.0037074	-0.0036204	-0.0034309	-0.0031792	-0.0027768	-0.0022221	-0.0018498	-0.0014266	-0.0009661	-0.0004448	+0.0000137	+0.0004919	+0.0008610	+0.0012114	+0.0014937	+0.0017827	+0.0019616	+0.0021190	+0.0023408
2012-07	-0.027	-0.0041120	-0.0040450	-0.0039577	-0.0038366	-0.0037166	-0.0035656	-0.0033345	-0.0030898	-0.0028927	-0.0026639	-0.0024036	-0.0021549	-0.0019035	-0.0016702	-0.0014567	-0.0012735	-0.0010901	-0.0008731	-0.0006865	-0.0005495	-0.0003728
2012-08	-0.008	-0.0035656	-0.0034319	-0.0033225	-0.0031632	-0.0028927	-0.0024903	-0.0022084	-0.0019784	-0.0016056	-0.0010961	-0.0008282	-0.0005653	+0.0000666	+0.0003219	+0.0005196	+0.0007113	+0.0009030	+0.0013906	+0.0023827	+0.0025019	+0.0025992
2012-09	0.022	-0.0006909	-0.0005899	-0.0005114	-0.0004032	-0.0002711	-0.0001731	-0.0000394	+0.0001152	+0.0002498	+0.0003865	+0.0005032	+0.0006164	+0.0007185	+0.0008185	+0.0008866	+0.0009885	+0.0010608	+0.0011260	+0.0011866	+0.0012380	+0.0013142
2012-10	0.008	-0.0011706	-0.0011440	-0.0010067	-0.0008401	-0.0006915	-0.0004674	-0.0002932	-0.0001626	+0.0000315	+0.0002414	+0.0004938	+0.0006930	+0.0008372	+0.0009712	+0.0010591	+0.0011524	+0.0012268	+0.0013087	+0.0013762	+0.0014170	+0.0014666
2012-11	0.044	-0.0011092	-0.0010212	-0.0009001	-0.0007862	-0.0007028	-0.0005885	-0.0004942	-0.0003536	-0.0002049	-0.0000616	+0.0000894	+0.0002284	+0.0003963	+0.0005576	+0.0006922	+0.0007999	+0.0009354	+0.0010326	+0.0011438	+0.0012386	+0.0013087
2012-12	0.089	-0.0005708	-0.0005442	-0.0004680	-0.0003932	-0.0003505	-0.0002905	-0.0001857	-0.0000950	+0.0000190	+0.0001423	+0.0002702	+0.0004110	+0.0005305	+0.0006699	+0.0007868	+0.0008960	+0.0010015	+0.0011163	+0.0011624	+0.0012370	+0.0013369
2013-01	0.091	-0.0005759	-0.0004795	-0.0002445	-0.0001285	+0.0000359	+0.0002215	+0.0003931	+0.0005895	+0.0008184	+0.0010657	+0.0013172	+0.0015422	+0.0017611	+0.0019805	+0.0021786	+0.0023805	+0.0025028	+0.0027027	+0.0028164	+0.0029473	+0.0030681
2013-02	0.035	+0.0002570	+0.0003841	+0.0006421	+0.0013363	+0.0014762	+0.0016427	+0.0018425	+0.0020969	+0.0025156	+0.0028406	+0.0030989	+0.0033728	+0.0037292	+0.0040467	+0.0042989	+0.0044780	+0.0046579	+0.0047705	+0.0048969	+0.0050024	+0.0050845
2013-03	0.067	-0.0029570	-0.0029570	-0.0029570	+0.0033354	+0.0033354	+0.0033593	+0.0036764	+0.0038065	+0.0039831	+0.0042381	+0.0044100	+0.0045437	+0.0047163	+0.0048172	+0.0049175	+0.0050392	+0.0053028	+0.0053028	+0.0055062	+0.0055062	+0.0055062
2013-04	0.120	-0.0042695	-0.0042695	-0.0042695	+0.0029574	+0.0029574	+0.0031088	+0.0033354	+0.0033796	+0.0034464	+0.0035563	+0.0037664	+0.0040302	+0.0043145	+0.0046198	+0.0047163	+0.0048792	+0.0049648	+0.0049648	+0.0050392	+0.0050392	+0.0050392
2013-05	-0.039	-0.0025241	-0.0025241	-0.0025241	+0.0015789	+0.0015789	+0.0020328	+0.0025575	+0.0032111	+0.0033948	+0.0035563	+0.0038592	+0.0041021	+0.0045526	+0.0046132	+0.0046730	+0.0047021	+0.0050233	+0.0050233	+0.0051360	+0.0051360	+0.0051360
2013-06	0.015	+0.0004876	+0.0011286	+0.0013124	+0.0014877	+0.0020328	+0.0026411	+0.0031624	+0.0033582	+0.0035677	+0.0038228	+0.0041961	+0.0044022	+0.0045206	+0.0046109	+0.0047018	+0.0047789	+0.0048440	+0.0048746	+0.0049196	+0.0049811	+0.0050521
2013-07	-0.009	-0.0028282	-0.0027898	-0.0024390	-0.0020478	-0.0017151	-0.0013828	-0.0010762	-0.0005988	+0.0003652	+0.0009711	+0.0015572	+0.0019467	+0.0027624	+0.0035423	+0.0039808	+0.0044275	+0.0045353	+0.0046507	+0.0047366	+0.0047932	+0.0048658
2013-08	-0.021	-0.0022235	-0.0020405	-0.0019377	-0.0018201	-0.0016889	-0.0015357	-0.0012970	-0.0010970	-0.0009141	-0.0006886	-0.0004459	-0.0001598	+0.0001362	+0.0004480	+0.0007485	+0.0009526	+0.0012076	+0.0014286	+0.0016634	+0.0018622	+0.0019197
2013-09	0.085	-0.0011987	-0.0011413	-0.0010512	-0.0009534	-0.0008548	-0.0007098	-0.0005221	-0.0003163	-0.0001030	+0.0000988	+0.0003519	+0.0006438	+0.0008415	+0.0011019	+0.0013403	+0.0015194	+0.0016999	+0.0018806	+0.0020354	+0.0021992	+0.0023428
2013-10	-0.001	-0.0013057	-0.0012502	-0.0011241	-0.0010139	-0.0008899	-0.0007255	-0.0005094	-0.0003329	-0.0000765	+0.0001649	+0.0004328	+0.0007040	+0.0009678	+0.0012562	+0.0014708	+0.0016514	+0.0018555	+0.0020434	+0.0021992	+0.0023369	+0.0023513
2013-11	0.052	-0.0012301	-0.0011162	-0.0010181	-0.0009215	-0.0008055	-0.0006654	-0.0004624	-0.0002625	+0.0000075	+0.0002882	+0.0005380	+0.0007679	+0.0010094	+0.0013238	+0.0015608	+0.0017143	+0.0018521	+0.0019515	+0.0020463	+0.0021142	+0.0021837
2013-12	0.046	-0.0001656	-0.0000621	-0.0000247	+0.0000539	+0.0001606	+0.0002606	+0.0004152	+0.0005355	+0.0006788	+0.0008181	+0.0009682	+0.0011308	+0.0012786	+0.0014100	+0.0015529	+0.0016660	+0.0017799	+0.0018554	+0.0019495	+0.0020324	+0.0020877
2014-01	-0.072	-0.0006659	-0.0005961	-0.0004726	-0.0002839	+0.0002996	+0.0004687	+0.0005921	+0.0006941	+0.0008179	+0.0009761	+0.0011094	+0.0012494	+0.0013777	+0.0015027	+0.0016294	+0.0017436	+0.0018222	+0.0019292	+0.0019956	+0.0020646	+0.0021035
2014-02	-0.008	-0.0004771	-0.0003480	-0.0001971	-0.0000381	+0.0001567	+0.0003582	+0.0005559	+0.0007591	+0.0010076	+0.0012679	+0.0014826	+0.0016724	+0.0018320	+0.0019777	+0.0020947	+0.0022110	+0.0023072	+0.0023903	+0.0024792	+0.0025262	+0.0025640
2014-03	-0.009	-0.0025115	-0.0025115	-0.0025115	-0.0023056	-0.0023056	-0.0018267	-0.0015704	-0.0012071	-0.0009661	-0.0006888	-0.0003975	-0.0000807	+0.0013436	+0.0020958	+0.0023532	+0.0024334	+0.0026896	+0.0026896	+0.0027748	+0.0027748	+0.0027748
2014-04	-0.032	-0.0034277	-0.0034277	-0.0034277	-0.0032296	-0.0032296	-0.0031450	-0.0029760	-0.0029278	-0.0020711	-0.0017958	-0.0015387	-0.0011553	-0.0009661	-0.0008090	-0.0004760	-0.0003052	-0.0002995	-0.0002995	+0.0005461	+0.0005461	+0.0005461
2014-05	0.040	-0.0034277	-0.0034277	-0.0034277	-0.0032296	-0.0032296	-0.0031450	-0.0029760	-0.0029278	-0.0017408	-0.0013506	-0.0011553	-0.0010198	-0.0007928	-0.0004080	+0.0002537	+0.0004751	+0.0017870	+0.0017870	+0.0021992	+0.0021992	+0.0021992
2014-06	0.046	-0.0017408	-0.0017408	-0.0017408	-0.0014066	-0.0014066	-0.0013868	-0.0013333	-0.0012405	-0.0010574	-0.0009073	-0.0004373	-0.0002092	+0.0002005	+0.0006109	+0.0009473	+0.0010130	+0.0012318	+0.0012318	+0.0017870	+0.0017870	+0.0017870
2014-07	0.030	-0.0013136	-0.0012221	-0.0008951	-0.0007878	-0.0006122	-0.0004189	-0.0002057	+0.0000847	+0.0003381	+0.0005499	+0.0008722	+0.0011428	+0.0013616	+0.0015715	+0.0018924	+0.0020539	+0.0021284	+0.0021985	+0.0022622	+0.0022878	+0.0023110
2014-08	-0.013	+0.0002389	+0.0003887	+0.0005000	+0.0005714	+0.0007840	+0.0010581	+0.0012364	+0.0013807	+0.0016135	+0.0017950	+0.0019217	+0.0020436	+0.0021368	+0.0022429	+0.0023156	+0.0023714	+0.0024393	+0.0025187	+0.0025797	+0.0026101	+0.0026473
2014-09	0.050	-0.0008220	-0.0007617	-0.0006663	-0.0001686	+0.0001760	+0.0003226	+0.0004829	+0.0006216	+0.0008423	+0.0010806	+0.0012586	+0.0014660	+0.0016446	+0.0018308	+0.0020577	+0.0021870	+0.0022961	+0.0024006	+0.0025434	+0.0025991	+0.0026473
2014-10	-0.002	-0.0005293	-0.0004754	-0.0004208	-0.0003277	+0.0000236	+0.0002696	+0.0003706	+0.0004594	+0.0005417	+0.0006197	+0.0006958	+0.0007672	+0.0008453	+0.0009082	+0.0009749	+0.0010390	+0.0010972	+0.0011399	+0.0011827	+0.0012255	+0.0012941
2014-11	0.059	-0.0012954	-0.0011863	-0.0010616	-0.0008851	-0.0007640	-0.0005784	-0.0004091	-0.0002436	-0.0000571	+0.0001224	+0.0003245	+0.0005338	+0.0006789	+0.0008001	+0.0008935	+0.0009551	+0.0009998	+0.0010544	+0.0010748	+0.0011029	+0.0011090
2014-12	-0.006	-0.0013396	-0.0012547	-0.0011050	-0.0009767	-0.0008350	-0.0006152	-0.0003856	-0.0001198	+0.0001179	+0.0003381	+0.0005610	+0.0008974	+0.0011906	+0.0014055	+0.0015258	+0.0016079	+0.0016696	+0.0017212	+0.0017734	+0.0018064	+0.0018464
2015-01	0.010	+0.0006406	+0.0007010	+0.0007706	+0.0011819	+0.0013173	+0.0013889	+0.0014713	+0.0015819	+0.0017533	+0.0020696	+0.0022253	+0.0023521	+0.0025520	+0.0027953	+0.0029368	+0.0030709	+0.0032011	+0.0032852	+0.0033409	+0.0034037	+0.0034925
2015-02	-0.001	-0.0016264	-0.0016264	-0.0016264	-0.0002760	-0.0002760	-0.0001521	-0.0001139	+0.0000453	+0.0000645	+0.0003554	+0.0019896	+0.0027348	+0.0029438	+0.0030071	+0.0030918	+0.0033951	+0.0035900	+0.0035900	+0.0037911	+0.0037911	+0.0037911
