2013-07	0.005	-0.0055132	-0.0055132	-0.0055132	-0.0055132	-0.0050172	-0.0047755	-0.0045355	-0.0044958	-0.0035999	-0.0029666	-0.0028729	-0.0009325	+0.0005460	+0.0011822	+0.0016189	+0.0016475	+0.0016475	+0.0018389	+0.0018389	+0.0018389	+0.0018389
2013-08	-0.118	-0.0050549	-0.0049528	-0.0048163	-0.0047292	-0.0045660	-0.0044169	-0.0042360	-0.0040292	-0.0038203	-0.0035621	-0.0032732	-0.0029224	-0.0024432	-0.0018704	-0.0015063	-0.0012077	-0.0009571	-0.0006877	-0.0002194	+0.0002804	+0.0005456
2013-09	0.069	-0.0045990	-0.0045437	-0.0043994	-0.0042933	-0.0041307	-0.0039651	-0.0037857	-0.0035462	-0.0031913	-0.0026389	-0.0020879	-0.0016794	-0.0012963	-0.0008142	-0.0002341	+0.0001908	+0.0004586	+0.0006113	+0.0008754	+0.0014495	+0.0016721
2013-10	0.042	-0.0034934	-0.0034263	-0.0033132	-0.0030216	-0.0028795	-0.0026419	-0.0023827	-0.0021208	-0.0017976	-0.0014942	-0.0011896	-0.0008476	-0.0005350	-0.0002468	+0.0000487	+0.0003546	+0.0005773	+0.0008415	+0.0011410	+0.0015658	+0.0017885
2013-11	-0.025	-0.0034705	-0.0033992	-0.0032462	-0.0029505	-0.0028136	-0.0026661	-0.0023775	-0.0021595	-0.0018042	-0.0015682	-0.0012777	-0.0008259	-0.0002105	+0.0001886	+0.0007068	+0.0009518	+0.0012588	+0.0017286	+0.0021523	+0.0023295	+0.0029428
2013-12	-0.043	-0.0018532	-0.0017757	-0.0017169	-0.0016586	-0.0015466	-0.0013571	-0.0011622	-0.0009858	-0.0006834	-0.0003172	-0.0000485	+0.0003314	+0.0006459	+0.0010033	+0.0013061	+0.0015144	+0.0019033	+0.0021302	+0.0022978	+0.0023336	+0.0027214
2014-01	-0.040	-0.0018115	-0.0017748	-0.0016509	-0.0014618	-0.0012968	-0.0011282	-0.0009269	-0.0007491	-0.0005623	-0.0003360	-0.0001019	+0.0001414	+0.0003544	+0.0005835	+0.0007696	+0.0009788	+0.0011596	+0.0013012	+0.0015034	+0.0015448	+0.0016889
2014-02	0.011	-0.0021438	-0.0019453	-0.0018955	-0.0017968	-0.0016775	-0.0015331	-0.0013640	-0.0012115	-0.0009995	-0.0008024	-0.0005948	-0.0003702	-0.0001582	+0.0000236	+0.0002089	+0.0003869	+0.0005226	+0.0006496	+0.0007230	+0.0007696	+0.0008655
2014-03	0.073	-0.0030658	-0.0030658	-0.0030658	-0.0028281	-0.0028281	-0.0025889	-0.0021248	-0.0018745	-0.0017968	-0.0015051	-0.0012527	-0.0011567	-0.0008423	-0.0005699	-0.0000058	+0.0000930	+0.0004519	+0.0004519	+0.0009519	+0.0009519	+0.0009519
2014-04	0.034	-0.0030658	-0.0030658	-0.0030658	-0.0028281	-0.0028281	-0.0020502	-0.0018561	-0.0015452	-0.0012527	-0.0011315	-0.0007753	-0.0001811	+0.0000385	+0.0003374	+0.0004841	+0.0015525	+0.0017623	+0.0017623	+0.0026666	+0.0026666	+0.0026666
2014-05	0.048	-0.0007753	-0.0007753	-0.0007753	-0.0006009	-0.0006009	-0.0004275	-0.0001167	+0.0000382	+0.0003277	+0.0004841	+0.0018383	+0.0022582	+0.0023480	+0.0028581	+0.0031722	+0.0032183	+0.0036092	+0.0036799	+0.0037805	+0.0037805	+0.0037805
2014-06	-0.013	-0.0027065	-0.0027065	-0.0027065	+0.0017593	+0.0018383	+0.0018869	+0.0019940	+0.0021314	+0.0023213	+0.0023488	+0.0025723	+0.0026722	+0.0029598	+0.0030248	+0.0031722	+0.0036092	+0.0036799	+0.0036799	+0.0037805	+0.0037805	+0.0037805
2014-07	0.061	-0.0008544	-0.0007679	-0.0006516	-0.0002474	+0.0001917	+0.0008931	+0.0010415	+0.0011847	+0.0014071	+0.0016932	+0.0018600	+0.0020161	+0.0022029	+0.0024669	+0.0026424	+0.0027679	+0.0028163	+0.0029061	+0.0029758	+0.0030065	+0.0030319
2014-08	0.012	-0.0004465	-0.0004248	-0.0003791	-0.0002557	+0.0006193	+0.0007437	+0.0008065	+0.0008543	+0.0009260	+0.0009919	+0.0010646	+0.0011421	+0.0012128	+0.0012775	+0.0013394	+0.0014028	+0.0014598	+0.0015096	+0.0015459	+0.0015919	+0.0016248
2014-09	-0.002	-0.0002261	-0.0001629	-0.0000996	+0.0000289	+0.0002054	+0.0003630	+0.0005170	+0.0006615	+0.0007826	+0.0008945	+0.0010065	+0.0011194	+0.0012281	+0.0013104	+0.0014060	+0.0014810	+0.0015336	+0.0016089	+0.0016440	+0.0017418	+0.0017542
2014-10	0.015	-0.0002362	-0.0001374	-0.0000115	+0.0001301	+0.0002309	+0.0003544	+0.0004990	+0.0006778	+0.0008054	+0.0009552	+0.0010931	+0.0012233	+0.0013902	+0.0014748	+0.0015525	+0.0016410	+0.0016882	+0.0017125	+0.0017541	+0.0017664	+0.0017768
2014-11	0.086	-0.0011252	-0.0009936	-0.0008015	-0.0007037	-0.0005473	-0.0003740	-0.0002053	-0.0000474	+0.0001584	+0.0003572	+0.0005694	+0.0007357	+0.0009426	+0.0011097	+0.0012753	+0.0014205	+0.0015604	+0.0016193	+0.0016764	+0.0017072	+0.0017353
2014-12	-0.028	-0.0007975	-0.0007037	-0.0006698	-0.0005536	-0.0004359	-0.0003603	-0.0002191	-0.0000662	+0.0001156	+0.0002870	+0.0004802	+0.0007039	+0.0008736	+0.0010724	+0.0012731	+0.0014129	+0.0015951	+0.0017055	+0.0017744	+0.0018632	+0.0020749
2015-01	-0.017	+0.0002427	+0.0003575	+0.0004665	+0.0005600	+0.0006787	+0.0008415	+0.0010181	+0.0011624	+0.0013394	+0.0015537	+0.0017016	+0.0019011	+0.0020774	+0.0022352	+0.0023646	+0.0024653	+0.0025558	+0.0026318	+0.0026917	+0.0027544	+0.0028173
2015-02	-0.003	-0.0023371	-0.0023371	-0.0023371	-0.0010145	-0.0007278	-0.0005807	-0.0004267	-0.0003140	-0.0002080	+0.0002531	+0.0010861	+0.0019348	+0.0021574	+0.0023335	+0.0026237	+0.0028479	+0.0028850	+0.0028850	+0.0029664	+0.0029664	+0.0029664
