2012-03	0.036	-0.0005146	-0.0005146	-0.0005146	-0.0005146	-0.0005146	+0.0007269	+0.0008403	+0.0008891	+0.0011051	+0.0012261	+0.0017410	+0.0020710	+0.0022761	+0.0023955	+0.0025102	+0.0026791	+0.0026791	+0.0028715	+0.0028715	+0.0028715	+0.0028715
2012-04	-0.012	+0.0001089	+0.0004260	+0.0006472	+0.0007583	+0.0009979	+0.0012129	+0.0015401	+0.0017097	+0.0019060	+0.0021214	+0.0023062	+0.0024756	+0.0026308	+0.0027609	+0.0028734	+0.0029811	+0.0030670	+0.0031546	+0.0032210	+0.0032959	+0.0033281
2012-05	-0.076	-0.0009334	-0.0008393	-0.0002810	+0.0000996	+0.0004083	+0.0006194	+0.0008182	+0.0012718	+0.0015246	+0.0017362	+0.0019571	+0.0022679	+0.0025809	+0.0027592	+0.0029010	+0.0030311	+0.0031220	+0.0031811	+0.0032621	+0.0033058	+0.0033459
2012-06	0.018	-0.0026735	-0.0025783	-0.0024892	-0.0023110	-0.0021510	-0.0019194	-0.0014865	-0.0011088	-0.0008336	-0.0005474	+0.0000187	+0.0003985	+0.0006958	+0.0010734	+0.0015091	+0.0017240	+0.0019180	+0.0020958	+0.0024924	+0.0026332	+0.0027786
2012-07	0.019	-0.0029972	-0.0028519	-0.0027539	-0.0026209	-0.0025088	-0.0023110	-0.0021637	-0.0019806	-0.0017602	-0.0015453	-0.0013303	-0.0011092	-0.0009126	-0.0007228	-0.0005540	-0.0004216	-0.0002722	-0.0001817	-0.0000800	+0.0000206	+0.0000801
2012-08	0.002	-0.0027356	-0.0024939	-0.0022724	-0.0021728	-0.0019882	-0.0017802	-0.0015674	-0.0012863	-0.0009999	-0.0007437	-0.0005252	-0.0003205	-0.0001190	+0.0000786	+0.0002717	+0.0004856	+0.0007660	+0.0011501	+0.0015449	+0.0016836	+0.0018384
2012-09	0.022	-0.0006818	-0.0005713	-0.0004663	-0.0003576	-0.0002506	-0.0001827	-0.0000936	+0.0000474	+0.0002029	+0.0003106	+0.0004360	+0.0005806	+0.0007317	+0.0008342	+0.0009316	+0.0010097	+0.0011374	+0.0012157	+0.0012644	+0.0013435	+0.0014032
2012-10	-0.003	-0.0004436	-0.0002984	-0.0002065	-0.0001348	+0.0000056	+0.0002061	+0.0003067	+0.0004318	+0.0005738	+0.0007140	+0.0008080	+0.0009038	+0.0010041	+0.0011331	+0.0012238	+0.0012917	+0.0013756	+0.0014327	+0.0015134	+0.0015933	+0.0016586
2012-11	0.024	-0.0000752	-0.0000435	-0.0000043	+0.0000399	+0.0000892	+0.0001476	+0.0002140	+0.0002775	+0.0003593	+0.0004438	+0.0005394	+0.0006396	+0.0007547	+0.0008738	+0.0009800	+0.0010854	+0.0011739	+0.0012624	+0.0013232	+0.0014061	+0.0015134
2012-12	0.048	-0.0010013	-0.0009007	-0.0008347	-0.0006667	-0.0005279	-0.0004290	-0.0003126	-0.0001839	-0.0000453	+0.0001226	+0.0003057	+0.0004011	+0.0004828	+0.0005458	+0.0006013	+0.0006601	+0.0007098	+0.0007439	+0.0007811	+0.0008199	+0.0008929
2013-01	0.112	-0.0009780	-0.0008998	-0.0008060	-0.0006722	-0.0005339	-0.0004219	-0.0002817	-0.0001130	+0.0000436	+0.0002210	+0.0004158	+0.0005943	+0.0007487	+0.0009318	+0.0010702	+0.0011741	+0.0012839	+0.0014027	+0.0015452	+0.0016229	+0.0016936
2013-02	0.025	+0.0000591	+0.0001188	+0.0001874	+0.0003086	+0.0004158	+0.0005544	+0.0007437	+0.0009931	+0.0013611	+0.0017977	+0.0022229	+0.0025390	+0.0028214	+0.0032314	+0.0035980	+0.0040685	+0.0042050	+0.0043013	+0.0043908	+0.0044347	+0.0044894
2013-03	0.049	-0.0015787	-0.0015787	-0.0015787	+0.0023907	+0.0023907	+0.0024533	+0.0026475	+0.0031679	+0.0036466	+0.0039708	+0.0041706	+0.0042157	+0.0043609	+0.0045695	+0.0046197	+0.0046724	+0.0047571	+0.0047571	+0.0048753	+0.0048753	+0.0048753
2013-04	0.054	-0.0038700	-0.0038700	-0.0038700	+0.0019156	+0.0019156	+0.0020015	+0.0025294	+0.0028309	+0.0030579	+0.0033505	+0.0036435	+0.0038441	+0.0041706	+0.0042914	+0.0045772	+0.0046197	+0.0047571	+0.0047571	+0.0048753	+0.0048753	+0.0048753
2013-05	0.055	-0.0026335	-0.0026335	-0.0026335	+0.0009266	+0.0009266	+0.0018256	+0.0019016	+0.0020015	+0.0021069	+0.0023931	+0.0026134	+0.0028761	+0.0030579	+0.0031327	+0.0035357	+0.0035775	+0.0040296	+0.0040296	+0.0040799	+0.0040799	+0.0040799
2013-06	-0.038	+0.0001863	+0.0002477	+0.0003776	+0.0005171	+0.0009266	+0.0017891	+0.0020445	+0.0022167	+0.0023276	+0.0024275	+0.0025227	+0.0026137	+0.0026949	+0.0027706	+0.0028405	+0.0028926	+0.0029376	+0.0029952	+0.0030301	+0.0030500	+0.0031052
2013-07	0.026	-0.0012677	-0.0011649	-0.0009112	-0.0004312	-0.0002241	-0.0000440	+0.0001198	+0.0004409	+0.0010086	+0.0012362	+0.0014639	+0.0017030	+0.0024090	+0.0025724	+0.0026719	+0.0027518	+0.0028195	+0.0028784	+0.0029208	+0.0029590	+0.0030026
2013-08	-0.035	-0.0012908	-0.0012491	-0.0011638	-0.0010199	-0.0005598	-0.0003967	-0.0002966	-0.0002037	-0.0001055	-0.0000025	+0.0001180	+0.0002410	+0.0004151	+0.0007731	+0.0012148	+0.0013623	+0.0014559	+0.0015987	+0.0016700	+0.0019137	+0.0025102
2013-09	0.023	-0.0006232	-0.0006027	-0.0005189	-0.0004595	-0.0004109	-0.0003312	-0.0002440	-0.0001584	-0.0000523	+0.0000514	+0.0001645	+0.0002757	+0.0003887	+0.0005049	+0.0006054	+0.0006975	+0.0007894	+0.0008667	+0.0009714	+0.0010071	+0.0010544
2013-10	0.021	-0.0007006	-0.0006838	-0.0006650	-0.0006293	-0.0005897	-0.0005230	-0.0004520	-0.0003533	-0.0002685	-0.0001368	-0.0000020	+0.0001309	+0.0002564	+0.0003902	+0.0005079	+0.0006182	+0.0007418	+0.0008239	+0.0009345	+0.0010071	+0.0010969
2013-11	0.054	-0.0009446	-0.0009077	-0.0008772	-0.0008396	-0.0007853	-0.0007113	-0.0006584	-0.0005915	-0.0004886	-0.0003855	-0.0002468	-0.0000666	+0.0000841	+0.0002253	+0.0003630	+0.0004696	+0.0005873	+0.0007504	+0.0008364	+0.0009030	+0.0009701
2013-12	0.042	-0.0009138	-0.0008772	-0.0008039	-0.0006724	-0.0004639	-0.0002906	-0.0001480	-0.0000354	+0.0001253	+0.0003738	+0.0005841	+0.0007463	+0.0008734	+0.0010063	+0.0011406	+0.0012566	+0.0013507	+0.0014470	+0.0015448	+0.0016193	+0.0016572
2014-01	-0.050	-0.0001822	-0.0001597	+0.0000125	+0.0003943	+0.0005651	+0.0006621	+0.0008240	+0.0010064	+0.0012322	+0.0014186	+0.0015656	+0.0017428	+0.0019209	+0.0020789	+0.0022283	+0.0023149	+0.0024417	+0.0024826	+0.0025493	+0.0026178	+0.0026625
2014-02	0.017	-0.0005831	-0.0003144	-0.0001633	+0.0000010	+0.0001312	+0.0006522	+0.0008922	+0.0010995	+0.0013531	+0.0017067	+0.0018994	+0.0020383	+0.0021396	+0.0022344	+0.0023149	+0.0023959	+0.0024628	+0.0025356	+0.0025969	+0.0026455	+0.0026772
2014-03	0.007	-0.0022292	-0.0022292	-0.0022292	-0.0011713	-0.0011713	-0.0009682	-0.0005073	-0.0004051	-0.0001604	+0.0000075	+0.0001871	+0.0003924	+0.0013549	+0.0017869	+0.0019917	+0.0023101	+0.0023150	+0.0023150	+0.0023309	+0.0023309	+0.0023309
2014-04	0.007	-0.0011277	-0.0011277	-0.0011277	-0.0010655	-0.0010655	-0.0009994	-0.0007952	-0.0006443	-0.0005295	-0.0004757	-0.0003722	-0.0001344	+0.0000677	+0.0002708	+0.0003924	+0.0004475	+0.0004560	+0.0004560	+0.0005071	+0.0005071	+0.0005071
2014-05	0.002	-0.0011277	-0.0011277	-0.0011277	-0.0007952	-0.0007952	-0.0006953	-0.0006258	-0.0005295	-0.0003194	+0.0000318	+0.0003268	+0.0004115	+0.0004560	+0.0006806	+0.0010897	+0.0013297	+0.0014997	+0.0014997	+0.0020629	+0.0020629	+0.0020629
2014-06	0.004	-0.0010940	-0.0010940	-0.0010940	-0.0001833	-0.0001833	-0.0001557	-0.0001145	+0.0000396	+0.0001006	+0.0001823	+0.0003035	+0.0003481	+0.0004225	+0.0005243	+0.0006806	+0.0013425	+0.0014997	+0.0014997	+0.0020629	+0.0020629	+0.0020629
2014-07	0.011	-0.0001864	-0.0001691	-0.0001359	-0.0001007	-0.0000548	-0.0000102	+0.0000409	+0.0000915	+0.0001517	+0.0002171	+0.0002851	+0.0003533	+0.0004185	+0.0004897	+0.0005514	+0.0005986	+0.0006474	+0.0006941	+0.0007528	+0.0007790	+0.0008111
2014-08	0.015	-0.0000628	-0.0000234	+0.0000115	+0.0000533	+0.0000850	+0.0001317	+0.0001817	+0.0002265	+0.0002909	+0.0003472	+0.0004033	+0.0004646	+0.0005329	+0.0005767	+0.0006427	+0.0006773	+0.0007168	+0.0007741	+0.0007999	+0.0008145	+0.0008739
2014-09	0.040	-0.0005267	-0.0004996	-0.0004502	-0.0003871	-0.0003118	-0.0002285	-0.0001437	-0.0000605	+0.0000357	+0.0001320	+0.0002259	+0.0003288	+0.0004167	+0.0004911	+0.0005557	+0.0006042	+0.0006526	+0.0006781	+0.0007175	+0.0007312	+0.0007792
2014-10	0.002	-0.0005174	-0.0004814	-0.0004262	-0.0003591	-0.0002753	-0.0001726	-0.0000643	+0.0000775	+0.0002180	+0.0003557	+0.0005104	+0.0006500	+0.0007804	+0.0009168	+0.0010320	+0.0011451	+0.0012291	+0.0013183	+0.0013741	+0.0014336	+0.0014913
2014-11	0.076	-0.0002972	-0.0001938	-0.0000456	+0.0000437	+0.0001536	+0.0002457	+0.0003661	+0.0004814	+0.0006170	+0.0007441	+0.0008775	+0.0010046	+0.0011281	+0.0012392	+0.0013471	+0.0014336	+0.0015121	+0.0015859	+0.0016418	+0.0016858	+0.0017211
2014-12	0.026	-0.0007567	-0.0006532	-0.0003154	+0.0000028	+0.0000932	+0.0002022	+0.0004537	+0.0007738	+0.0009410	+0.0010622	+0.0012511	+0.0015066	+0.0017502	+0.0018536	+0.0019066	+0.0019301	+0.0019646	+0.0020245	+0.0020557	+0.0020687	+0.0020763
2015-01	-0.039	+0.0005971	+0.0006212	+0.0006428	+0.0009561	+0.0013156	+0.0017097	+0.0018347	+0.0019063	+0.0019914	+0.0021967	+0.0023695	+0.0024783	+0.0025899	+0.0027679	+0.0028929	+0.0030087	+0.0030736	+0.0031816	+0.0032415	+0.0032909	+0.0033987
2015-02	0.005	-0.0019603	-0.0019603	-0.0019603	-0.0006658	-0.0005025	-0.0003153	-0.0000340	+0.0001183	+0.0001854	+0.0007333	+0.0019937	+0.0025855	+0.0028470	+0.0029628	+0.0031788	+0.0031844	+0.0032909	+0.0032909	+0.0036741	+0.0036741	+0.0036741
