2012-04	-0.010	-0.0008043	-0.0008043	-0.0008043	-0.0008043	-0.0000280	-0.0000280	+0.0000734	+0.0003037	+0.0004120	+0.0008744	+0.0010168	+0.0012342	+0.0020421	+0.0020693	+0.0021973	+0.0022187	+0.0022187	+0.0022553	+0.0022553	+0.0022553	+0.0022553
2012-05	-0.057	-0.0015545	-0.0013795	-0.0012543	-0.0011526	-0.0010419	-0.0008454	-0.0006599	-0.0004959	-0.0002759	-0.0000372	+0.0001676	+0.0004145	+0.0006020	+0.0008529	+0.0010607	+0.0012173	+0.0013602	+0.0015511	+0.0016680	+0.0017994	+0.0020064
2012-06	-0.046	-0.0024415	-0.0022999	-0.0021706	-0.0020845	-0.0019761	-0.0018724	-0.0017286	-0.0015602	-0.0014037	-0.0012504	-0.0010330	-0.0008062	-0.0006505	-0.0004835	-0.0003079	-0.0001444	+0.0000097	+0.0001133	+0.0002108	+0.0002703	+0.0003159
2012-07	0.033	-0.0027984	-0.0027791	-0.0027449	-0.0027154	-0.0026761	-0.0026239	-0.0025717	-0.0024668	-0.0023239	-0.0021786	-0.0020482	-0.0019222	-0.0017455	-0.0015595	-0.0014011	-0.0012328	-0.0008637	-0.0006469	-0.0003794	-0.0002040	-0.0000947
2012-08	0.003	-0.0027968	-0.0027724	-0.0027398	-0.0027041	-0.0026474	-0.0025868	-0.0024902	-0.0022950	-0.0020721	-0.0018931	-0.0015662	-0.0013168	-0.0010731	-0.0007948	-0.0005489	-0.0001376	+0.0000442	+0.0003065	+0.0005880	+0.0008313	+0.0012635
2012-09	0.010	-0.0018699	-0.0017366	-0.0015818	-0.0014384	-0.0013289	-0.0011491	-0.0008617	-0.0006564	-0.0003859	-0.0001712	+0.0000696	+0.0003724	+0.0005938	+0.0007939	+0.0009693	+0.0010849	+0.0011865	+0.0012583	+0.0013083	+0.0013802	+0.0014401
2012-10	0.070	-0.0001716	-0.0001462	-0.0000958	-0.0000359	+0.0000553	+0.0001382	+0.0002095	+0.0003035	+0.0004065	+0.0005066	+0.0006105	+0.0007344	+0.0008285	+0.0009315	+0.0010284	+0.0010986	+0.0011846	+0.0012526	+0.0013083	+0.0013606	+0.0014401
2012-11	-0.002	-0.0002426	-0.0001648	-0.0001255	-0.0000382	+0.0000608	+0.0001315	+0.0002285	+0.0003407	+0.0004625	+0.0005808	+0.0007042	+0.0008299	+0.0009820	+0.0012110	+0.0013507	+0.0014410	+0.0015111	+0.0015815	+0.0019186	+0.0020022	+0.0020375
2012-12	0.087	-0.0001446	-0.0000592	+0.0000543	+0.0003207	+0.0005931	+0.0007551	+0.0008616	+0.0009631	+0.0011011	+0.0012325	+0.0013416	+0.0014529	+0.0015610	+0.0016690	+0.0017927	+0.0018592	+0.0019351	+0.0019890	+0.0020018	+0.0020457	+0.0020668
2013-01	0.101	-0.0003735	-0.0003504	-0.0002836	-0.0001632	+0.0009142	+0.0010908	+0.0011617	+0.0012400	+0.0013020	+0.0013741	+0.0014537	+0.0015286	+0.0016012	+0.0016674	+0.0017322	+0.0017899	+0.0018432	+0.0018870	+0.0019358	+0.0019902	+0.0019924
2013-02	-0.011	-0.0003684	-0.0003122	-0.0001991	+0.0005785	+0.0010514	+0.0011488	+0.0012626	+0.0014067	+0.0016154	+0.0022137	+0.0025701	+0.0028018	+0.0029955	+0.0034167	+0.0037921	+0.0040477	+0.0042298	+0.0043395	+0.0044204	+0.0044793	+0.0045508
2013-03	0.008	-0.0012072	-0.0012072	-0.0012072	+0.0028636	+0.0028636	+0.0030603	+0.0030696	+0.0032701	+0.0036910	+0.0038509	+0.0039944	+0.0041798	+0.0043437	+0.0044992	+0.0047582	+0.0047894	+0.0049496	+0.0049496	+0.0049540	+0.0049540	+0.0049540
2013-04	0.044	-0.0045091	-0.0045091	-0.0045091	+0.0000673	+0.0000673	+0.0003585	+0.0009577	+0.0013658	+0.0020771	+0.0022505	+0.0030254	+0.0034212	+0.0038509	+0.0040675	+0.0041180	+0.0047136	+0.0047894	+0.0047894	+0.0049496	+0.0049496	+0.0049496
2013-05	-0.028	-0.0020746	-0.0020746	-0.0020746	-0.0010733	-0.0010733	-0.0008758	-0.0003075	+0.0000673	+0.0005387	+0.0008081	+0.0010410	+0.0013658	+0.0015977	+0.0020771	+0.0022505	+0.0024602	+0.0029500	+0.0029500	+0.0030353	+0.0030353	+0.0030353
2013-06	-0.106	-0.0006904	-0.0004900	-0.0003066	-0.0001794	-0.0001230	+0.0000080	+0.0001748	+0.0003878	+0.0005832	+0.0007227	+0.0008385	+0.0009438	+0.0010300	+0.0011094	+0.0011793	+0.0012440	+0.0012736	+0.0013369	+0.0013609	+0.0014253	+0.0014397
2013-07	-0.044	-0.0049878	-0.0047874	-0.0046918	-0.0044775	-0.0042566	-0.0039804	-0.0033389	-0.0023348	-0.0019893	-0.0016654	-0.0013425	-0.0000390	+0.0004987	+0.0007304	+0.0008816	+0.0009986	+0.0010744	+0.0011373	+0.0012293	+0.0012512	+0.0012631
2013-08	-0.043	-0.0051505	-0.0050950	-0.0050067	-0.0049122	-0.0048112	-0.0046808	-0.0045466	-0.0043908	-0.0042172	-0.0040348	-0.0037976	-0.0034843	-0.0025800	-0.0020847	-0.0018392	-0.0016428	-0.0014655	-0.0011984	-0.0001187	+0.0001200	+0.0002617
2013-09	0.032	-0.0048718	-0.0048172	-0.0046951	-0.0046259	-0.0044551	-0.0042784	-0.0040644	-0.0038395	-0.0035786	-0.0032576	-0.0029721	-0.0026381	-0.0023126	-0.0020108	-0.0016531	-0.0013425	-0.0008023	+0.0001678	+0.0005724	+0.0010438	+0.0011855
2013-10	0.036	-0.0029850	-0.0029236	-0.0028187	-0.0027083	-0.0025840	-0.0024403	-0.0022899	-0.0021085	-0.0018933	-0.0016913	-0.0014789	-0.0012487	-0.0010427	-0.0008400	-0.0006124	-0.0004256	-0.0000864	+0.0006847	+0.0010183	+0.0012834	+0.0014916
2013-11	-0.056	-0.0022709	-0.0021675	-0.0020549	-0.0019091	-0.0016523	-0.0014867	-0.0012028	-0.0009545	-0.0006124	-0.0002699	+0.0000981	+0.0004410	+0.0008078	+0.0011500	+0.0013837	+0.0017304	+0.0019775	+0.0022432	+0.0024115	+0.0025239	+0.0025707
2013-12	0.010	-0.0013603	-0.0013185	-0.0012564	-0.0011873	-0.0010667	-0.0008855	-0.0006924	-0.0004581	-0.0002127	+0.0000979	+0.0004070	+0.0006909	+0.0009724	+0.0012709	+0.0015160	+0.0017482	+0.0019794	+0.0021902	+0.0023570	+0.0024392	+0.0025253
2014-01	-0.074	-0.0017286	-0.0016922	-0.0016570	-0.0016035	-0.0015449	-0.0014647	-0.0013941	-0.0013252	-0.0012526	-0.0011807	-0.0010952	-0.0009244	-0.0006851	-0.0003994	-0.0001323	+0.0001194	+0.0003170	+0.0004216	+0.0005422	+0.0008202	+0.0010353
2014-02	0.068	-0.0018283	-0.0017814	-0.0017310	-0.0016864	-0.0016035	-0.0015493	-0.0014606	-0.0013729	-0.0012796	-0.0011728	-0.0009662	-0.0006933	-0.0005094	-0.0003578	-0.0002241	-0.0000656	+0.0001620	+0.0003144	+0.0004208	+0.0005271	+0.0006020
2014-03	0.050	-0.0020549	-0.0020549	-0.0020549	-0.0019610	-0.0019610	-0.0018470	-0.0016546	-0.0015010	-0.0011972	-0.0009932	-0.0007235	-0.0002031	+0.0000001	+0.0001192	+0.0003144	+0.0007124	+0.0008897	+0.0008897	+0.0011318	+0.0011318	+0.0011318
2014-04	0.028	-0.0016646	-0.0016646	-0.0016646	-0.0014515	-0.0014515	-0.0012550	-0.0011432	-0.0009694	-0.0006188	-0.0003378	-0.0000770	+0.0001117	+0.0001986	+0.0004367	+0.0008366	+0.0018129	+0.0019136	+0.0019136	+0.0027720	+0.0027720	+0.0027720
2014-05	0.007	-0.0006188	-0.0006188	-0.0006188	-0.0005538	-0.0005538	-0.0003378	-0.0003359	+0.0000586	+0.0002475	+0.0008366	+0.0019136	+0.0025186	+0.0028851	+0.0030100	+0.0032013	+0.0033690	+0.0035337	+0.0035337	+0.0035447	+0.0035447	+0.0035447
2014-06	0.036	-0.0030749	-0.0030749	-0.0030749	+0.0008697	+0.0015020	+0.0015098	+0.0016137	+0.0017081	+0.0019194	+0.0020920	+0.0025004	+0.0027023	+0.0028652	+0.0029602	+0.0032013	+0.0033690	+0.0035337	+0.0035337	+0.0035447	+0.0035447	+0.0035447
2014-07	0.001	-0.0003355	-0.0002757	-0.0002275	-0.0000038	+0.0005331	+0.0007022	+0.0008856	+0.0009672	+0.0010603	+0.0012578	+0.0014730	+0.0016919	+0.0018401	+0.0019384	+0.0021347	+0.0023220	+0.0025105	+0.0026186	+0.0026901	+0.0027261	+0.0027533
2014-08	0.040	-0.0004013	-0.0003125	-0.0002580	-0.0001145	+0.0002463	+0.0003987	+0.0004858	+0.0005663	+0.0006417	+0.0007076	+0.0007800	+0.0008514	+0.0009205	+0.0009795	+0.0010267	+0.0010626	+0.0010927	+0.0011142	+0.0011433	+0.0012047	+0.0012255
2014-09	-0.056	-0.0006418	-0.0004575	-0.0004232	-0.0003128	-0.0002324	-0.0001310	+0.0000096	+0.0001166	+0.0002290	+0.0003539	+0.0004718	+0.0005652	+0.0006426	+0.0007085	+0.0007731	+0.0008325	+0.0008905	+0.0009534	+0.0010258	+0.0010895	+0.0011410
2014-10	0.014	-0.0004498	-0.0004145	-0.0003349	-0.0002689	-0.0002334	-0.0001519	-0.0000152	+0.0000872	+0.0002097	+0.0003596	+0.0005588	+0.0007355	+0.0009205	+0.0011118	+0.0012647	+0.0013844	+0.0015802	+0.0017067	+0.0018312	+0.0019386	+0.0019826
2014-11	0.063	-0.0015872	-0.0015504	-0.0014727	-0.0013867	-0.0011076	-0.0009604	-0.0008143	-0.0004952	-0.0002772	+0.0000108	+0.0002315	+0.0005446	+0.0008083	+0.0010809	+0.0012945	+0.0014663	+0.0016246	+0.0017262	+0.0018283	+0.0019030	+0.0019816
2014-12	-0.070	-0.0019358	-0.0019083	-0.0018502	-0.0017888	-0.0017091	-0.0016229	-0.0014871	-0.0013112	-0.0011242	-0.0008900	-0.0005314	-0.0002536	-0.0000079	+0.0002285	+0.0004682	+0.0007065	+0.0010424	+0.0012077	+0.0013102	+0.0014181	+0.0014869
2015-01	0.044	-0.0019358	-0.0018803	-0.0017888	-0.0016627	-0.0015309	-0.0014008	-0.0011915	-0.0009445	-0.0005922	-0.0002922	-0.0000461	+0.0002385	+0.0004870	+0.0008520	+0.0011610	+0.0013314	+0.0014583	+0.0016051	+0.0016675	+0.0017338	+0.0017721
2015-02	-0.043	-0.0021898	-0.0021898	-0.0021898	-0.0011181	-0.0010318	-0.0007628	-0.0005731	-0.0004481	-0.0002453	+0.0000943	+0.0006435	+0.0007521	+0.0009300	+0.0010320	+0.0015089	+0.0018096	+0.0018422	+0.0018422	+0.0018626	+0.0018626	+0.0018626
