2013-04	0.067	-0.0030797	-0.0030797	-0.0030797	-0.0030797	+0.0012867	+0.0012867	+0.0018053	+0.0022616	+0.0025961	+0.0029399	+0.0032161	+0.0034905	+0.0035446	+0.0036157	+0.0036209	+0.0038185	+0.0038185	+0.0038936	+0.0038936	+0.0038936	+0.0038936
2013-05	0.024	-0.0028539	-0.0028539	-0.0028539	+0.0006596	+0.0006596	+0.0011541	+0.0011736	+0.0013288	+0.0016401	+0.0018645	+0.0020987	+0.0025813	+0.0028564	+0.0030182	+0.0032694	+0.0035053	+0.0035795	+0.0035795	+0.0038185	+0.0038185	+0.0038185
2013-06	-0.056	+0.0003486	+0.0005056	+0.0005779	+0.0006866	+0.0009374	+0.0014069	+0.0016033	+0.0017571	+0.0019186	+0.0020807	+0.0022056	+0.0023109	+0.0023859	+0.0024688	+0.0025328	+0.0025999	+0.0026522	+0.0027110	+0.0027483	+0.0027969	+0.0028178
2013-07	0.035	-0.0017818	-0.0016315	-0.0015507	-0.0013087	-0.0010783	-0.0008258	-0.0005178	-0.0000912	+0.0004321	+0.0007213	+0.0009380	+0.0013178	+0.0021696	+0.0023379	+0.0024465	+0.0025295	+0.0025801	+0.0026450	+0.0027049	+0.0027466	+0.0027968
2013-08	-0.003	-0.0014902	-0.0014104	-0.0013298	-0.0013087	-0.0012289	-0.0011633	-0.0010793	-0.0009967	-0.0008951	-0.0007843	-0.0006492	-0.0004924	-0.0002776	+0.0000298	+0.0004359	+0.0006209	+0.0007739	+0.0009223	+0.0010952	+0.0012751	+0.0015032
2013-09	0.046	-0.0011750	-0.0011250	-0.0010876	-0.0010310	-0.0009536	-0.0008703	-0.0007523	-0.0006098	-0.0003156	+0.0000103	+0.0002984	+0.0005277	+0.0007668	+0.0010655	+0.0013513	+0.0015419	+0.0017589	+0.0018680	+0.0020219	+0.0021072	+0.0021632
2013-10	0.027	+0.0001208	+0.0001814	+0.0002179	+0.0002909	+0.0003447	+0.0004222	+0.0005073	+0.0005892	+0.0006991	+0.0008286	+0.0009751	+0.0011162	+0.0012695	+0.0014463	+0.0015459	+0.0016966	+0.0018077	+0.0019088	+0.0020429	+0.0021380	+0.0022122
2013-11	0.042	-0.0000752	-0.0000318	+0.0000466	+0.0001246	+0.0001898	+0.0002811	+0.0003389	+0.0004228	+0.0005142	+0.0006036	+0.0006991	+0.0007985	+0.0008935	+0.0009953	+0.0011058	+0.0012029	+0.0012656	+0.0013483	+0.0013998	+0.0014962	+0.0015321
2013-12	0.042	-0.0004065	-0.0003397	-0.0001435	-0.0000551	+0.0001363	+0.0002816	+0.0003943	+0.0005130	+0.0005975	+0.0007100	+0.0008434	+0.0009377	+0.0010253	+0.0011575	+0.0012625	+0.0013280	+0.0013971	+0.0014658	+0.0015940	+0.0016260	+0.0016951
2014-01	-0.019	-0.0005809	-0.0005189	-0.0004270	-0.0002371	+0.0003435	+0.0006562	+0.0008112	+0.0009189	+0.0010169	+0.0011459	+0.0012459	+0.0013555	+0.0014658	+0.0015740	+0.0016824	+0.0017960	+0.0018902	+0.0019457	+0.0020828	+0.0021533	+0.0021708
2014-02	0.042	-0.0001747	-0.0000413	+0.0000661	+0.0002711	+0.0008138	+0.0010745	+0.0012115	+0.0013298	+0.0014664	+0.0015988	+0.0017366	+0.0018636	+0.0019929	+0.0021086	+0.0022254	+0.0023195	+0.0024172	+0.0024807	+0.0025555	+0.0025964	+0.0026293
2014-03	0.008	-0.0018763	-0.0018763	-0.0018763	-0.0001465	-0.0001465	-0.0000173	+0.0005498	+0.0008928	+0.0010818	+0.0012475	+0.0014784	+0.0017587	+0.0020219	+0.0023962	+0.0024381	+0.0025555	+0.0026874	+0.0026874	+0.0027382	+0.0027382	+0.0027382
2014-04	0.005	-0.0004200	-0.0004200	-0.0004200	-0.0000364	-0.0000364	-0.0000173	+0.0001143	+0.0003385	+0.0004870	+0.0008490	+0.0010877	+0.0011636	+0.0013476	+0.0014346	+0.0015446	+0.0017583	+0.0017587	+0.0017587	+0.0017889	+0.0017889	+0.0017889
2014-05	0.002	-0.0010227	-0.0010227	-0.0010227	+0.0000131	+0.0000131	+0.0000517	+0.0000864	+0.0001641	+0.0002930	+0.0003755	+0.0004634	+0.0009816	+0.0011533	+0.0013476	+0.0017095	+0.0019743	+0.0021614	+0.0021614	+0.0023886	+0.0023886	+0.0023886
2014-06	0.005	-0.0017986	-0.0017986	-0.0017986	-0.0003783	-0.0003783	-0.0001367	-0.0000765	-0.0000015	+0.0000613	+0.0001766	+0.0002747	+0.0003755	+0.0004591	+0.0008619	+0.0010971	+0.0019001	+0.0021614	+0.0021614	+0.0023886	+0.0023886	+0.0023886
2014-07	0.002	-0.0002537	-0.0002156	-0.0001691	-0.0001367	-0.0000921	-0.0000368	+0.0000217	+0.0000870	+0.0001606	+0.0002353	+0.0003296	+0.0004067	+0.0004813	+0.0005736	+0.0006435	+0.0006988	+0.0007601	+0.0008306	+0.0008764	+0.0009144	+0.0009424
2014-08	0.004	-0.0000589	-0.0000540	-0.0000357	-0.0000142	+0.0000370	+0.0000964	+0.0001420	+0.0002066	+0.0002691	+0.0003475	+0.0004093	+0.0004932	+0.0005586	+0.0006289	+0.0006903	+0.0007511	+0.0007891	+0.0008281	+0.0008764	+0.0008937	+0.0009248
2014-09	0.016	-0.0009360	-0.0008796	-0.0008516	-0.0007771	-0.0006916	-0.0006012	-0.0004792	-0.0003696	-0.0002622	-0.0001434	-0.0000176	+0.0001104	+0.0002341	+0.0003316	+0.0004174	+0.0004966	+0.0005485	+0.0005920	+0.0006384	+0.0007080	+0.0007356
2014-10	-0.013	-0.0009080	-0.0008703	-0.0008493	-0.0007692	-0.0006652	-0.0005989	-0.0004433	-0.0003537	-0.0002163	-0.0000828	+0.0000413	+0.0001765	+0.0003139	+0.0004153	+0.0005159	+0.0005912	+0.0006660	+0.0007284	+0.0007623	+0.0007957	+0.0008354
2014-11	0.088	-0.0010621	-0.0009793	-0.0009238	-0.0008184	-0.0007073	-0.0005755	-0.0004269	-0.0002999	-0.0001689	-0.0000290	+0.0001551	+0.0003091	+0.0004487	+0.0005563	+0.0006326	+0.0007034	+0.0007453	+0.0007759	+0.0008224	+0.0008693	+0.0008936
2014-12	-0.010	-0.0010719	-0.0009964	-0.0009426	-0.0008548	-0.0007769	-0.0006334	-0.0004035	-0.0002004	-0.0000452	+0.0001047	+0.0003007	+0.0005932	+0.0007561	+0.0008936	+0.0010367	+0.0011460	+0.0012417	+0.0013256	+0.0014132	+0.0015092	+0.0015441
2015-01	-0.005	+0.0003507	+0.0004124	+0.0004663	+0.0005634	+0.0006633	+0.0007756	+0.0009297	+0.0011330	+0.0014119	+0.0016568	+0.0018501	+0.0020752	+0.0023258	+0.0025977	+0.0028016	+0.0029254	+0.0030659	+0.0031390	+0.0032060	+0.0032767	+0.0033743
2015-02	-0.003	-0.0017703	-0.0017703	-0.0017703	-0.0001202	-0.0000658	+0.0001520	+0.0002755	+0.0005923	+0.0007255	+0.0009286	+0.0018212	+0.0025134	+0.0028193	+0.0028918	+0.0031175	+0.0033126	+0.0034360	+0.0034360	+0.0035746	+0.0035746	+0.0035746
