2012-05	-0.141	-0.0026565	-0.0024739	-0.0022796	-0.0020696	-0.0018654	-0.0016450	-0.0013872	-0.0011198	-0.0008327	-0.0005291	-0.0002205	+0.0000755	+0.0003597	+0.0006288	+0.0008778	+0.0011032	+0.0013144	+0.0014972	+0.0016792	+0.0018377	+0.0019850
2012-06	0.011	-0.0029897	-0.0028055	-0.0026179	-0.0023999	-0.0021644	-0.0019274	-0.0016603	-0.0013859	-0.0010849	-0.0007700	-0.0004507	-0.0001418	+0.0001620	+0.0004471	+0.0007156	+0.0009545	+0.0011907	+0.0014068	+0.0015946	+0.0017881	+0.0019531
2012-07	0.033	-0.0033329	-0.0031361	-0.0029283	-0.0027297	-0.0025036	-0.0022804	-0.0020133	-0.0017487	-0.0014539	-0.0011463	-0.0008275	-0.0005083	-0.0001892	+0.0001040	+0.0003812	+0.0006371	+0.0008877	+0.0011057	+0.0013167	+0.0014964	+0.0016649
2012-08	0.003	-0.0033401	-0.0031686	-0.0029952	-0.0027604	-0.0025414	-0.0023109	-0.0020610	-0.0017799	-0.0014978	-0.0011921	-0.0008751	-0.0005687	-0.0002646	+0.0000432	+0.0003385	+0.0006082	+0.0008699	+0.0011249	+0.0013552	+0.0015526	+0.0017533
2012-09	0.045	-0.0030226	-0.0028606	-0.0027060	-0.0025038	-0.0022779	-0.0020444	-0.0017946	-0.0015052	-0.0012170	-0.0009122	-0.0005940	-0.0002813	+0.0000088	+0.0003057	+0.0005695	+0.0008260	+0.0010665	+0.0013040	+0.0015149	+0.0017177	+0.0018735
2012-10	0.021	-0.0031093	-0.0029107	-0.0027077	-0.0024605	-0.0022311	-0.0019794	-0.0017060	-0.0014214	-0.0011107	-0.0007920	-0.0004696	-0.0001485	+0.0001556	+0.0004505	+0.0007273	+0.0009759	+0.0012063	+0.0014284	+0.0016411	+0.0018356	+0.0020455
2012-11	0.040	-0.0027280	-0.0025168	-0.0023130	-0.0020960	-0.0018704	-0.0016263	-0.0013578	-0.0010734	-0.0007743	-0.0004655	-0.0001616	+0.0001532	+0.0004569	+0.0007397	+0.0010054	+0.0012348	+0.0014432	+0.0016444	+0.0018003	+0.0019644	+0.0020896
2012-12	0.098	-0.0020739	-0.0018799	-0.0016797	-0.0014824	-0.0012648	-0.0010478	-0.0008089	-0.0005484	-0.0002860	-0.0000192	+0.0002485	+0.0005208	+0.0007791	+0.0010161	+0.0012365	+0.0014443	+0.0016370	+0.0018143	+0.0019660	+0.0021109	+0.0022442
2013-01	0.069	-0.0015058	-0.0013521	-0.0011735	-0.0009788	-0.0007846	-0.0005794	-0.0003585	-0.0001321	+0.0001005	+0.0003531	+0.0006018	+0.0008498	+0.0010799	+0.0012922	+0.0015049	+0.0017019	+0.0018734	+0.0020384	+0.0021899	+0.0023469	+0.0024440
2013-02	-0.003	-0.0013386	-0.0011832	-0.0009984	-0.0008130	-0.0006231	-0.0004020	-0.0001636	+0.0000948	+0.0003553	+0.0006307	+0.0009038	+0.0011786	+0.0014394	+0.0016789	+0.0019069	+0.0021058	+0.0023006	+0.0024618	+0.0026108	+0.0027784	+0.0029217
2013-03	0.002	-0.0012176	-0.0010472	-0.0008465	-0.0006471	-0.0004422	-0.0002262	+0.0000114	+0.0002525	+0.0005379	+0.0008267	+0.0011108	+0.0013921	+0.0016591	+0.0019007	+0.0021241	+0.0023325	+0.0025231	+0.0027031	+0.0028769	+0.0030227	+0.0031554
2013-04	0.037	-0.0012393	-0.0010596	-0.0008795	-0.0006889	-0.0004907	-0.0002355	+0.0000136	+0.0002799	+0.0005712	+0.0008599	+0.0011389	+0.0014217	+0.0016878	+0.0019378	+0.0021535	+0.0023752	+0.0025756	+0.0027579	+0.0029281	+0.0030716	+0.0032385
2013-05	0.025	-0.0014362	-0.0012440	-0.0010589	-0.0008502	-0.0006289	-0.0004050	-0.0001704	+0.0000633	+0.0003321	+0.0006141	+0.0008865	+0.0011636	+0.0014144	+0.0016437	+0.0018580	+0.0020627	+0.0022521	+0.0024167	+0.0025769	+0.0027363	+0.0028888
2013-06	-0.121	-0.0014990	-0.0013220	-0.0011158	-0.0009072	-0.0007017	-0.0004824	-0.0002431	-0.0000074	+0.0002484	+0.0005063	+0.0007620	+0.0010131	+0.0012483	+0.0014642	+0.0016544	+0.0018400	+0.0020165	+0.0021639	+0.0023183	+0.0024439	+0.0025773
2013-07	0.031	-0.0015272	-0.0013683	-0.0012083	-0.0010258	-0.0008255	-0.0006144	-0.0003812	-0.0001305	+0.0001157	+0.0003751	+0.0006326	+0.0008818	+0.0011291	+0.0013572	+0.0015740	+0.0017819	+0.0019536	+0.0021237	+0.0022737	+0.0024187	+0.0025375
2013-08	-0.029	-0.0013347	-0.0012175	-0.0010750	-0.0009106	-0.0007344	-0.0005456	-0.0003436	-0.0001132	+0.0001243	+0.0003797	+0.0006349	+0.0008842	+0.0011204	+0.0013469	+0.0015588	+0.0017522	+0.0019148	+0.0020728	+0.0022165	+0.0023565	+0.0024957
2013-09	0.076	-0.0008905	-0.0007292	-0.0005869	-0.0004332	-0.0002867	-0.0001227	+0.0000676	+0.0002645	+0.0004799	+0.0006999	+0.0009180	+0.0011262	+0.0013430	+0.0015380	+0.0017213	+0.0018918	+0.0020520	+0.0022022	+0.0023418	+0.0024692	+0.0025884
2013-10	0.051	-0.0008421	-0.0007104	-0.0005632	-0.0003871	-0.0002180	-0.0000340	+0.0001537	+0.0003543	+0.0005625	+0.0007724	+0.0009780	+0.0011899	+0.0013952	+0.0015758	+0.0017529	+0.0019181	+0.0020696	+0.0022162	+0.0023728	+0.0025117	+0.0026236
2013-11	0.011	-0.0008759	-0.0006997	-0.0005229	-0.0003718	-0.0002043	-0.0000228	+0.0001808	+0.0003857	+0.0006073	+0.0008307	+0.0010561	+0.0012782	+0.0014897	+0.0016903	+0.0018761	+0.0020479	+0.0022154	+0.0023657	+0.0024896	+0.0026320	+0.0027539
2013-12	0.014	-0.0008763	-0.0007147	-0.0005408	-0.0003659	-0.0001872	+0.0000001	+0.0001988	+0.0004037	+0.0006169	+0.0008290	+0.0010457	+0.0012511	+0.0014484	+0.0016387	+0.0018273	+0.0020051	+0.0021631	+0.0023104	+0.0024564	+0.0025871	+0.0026890
2014-01	-0.089	-0.0008272	-0.0007093	-0.0005353	-0.0003812	-0.0001921	-0.0000050	+0.0001935	+0.0003963	+0.0006019	+0.0008225	+0.0010470	+0.0012701	+0.0014796	+0.0016783	+0.0018612	+0.0020247	+0.0021785	+0.0023144	+0.0024391	+0.0025517	+0.0026460
2014-02	0.024	-0.0008713	-0.0007354	-0.0006177	-0.0004489	-0.0002971	-0.0001212	+0.0000753	+0.0002809	+0.0004960	+0.0007136	+0.0009383	+0.0011646	+0.0013776	+0.0015866	+0.0017778	+0.0019478	+0.0021234	+0.0022758	+0.0024178	+0.0025616	+0.0026864
2014-03	0.031	-0.0012041	-0.0010534	-0.0008981	-0.0007474	-0.0005690	-0.0003904	-0.0002074	+0.0000048	+0.0002252	+0.0004453	+0.0006733	+0.0009013	+0.0011142	+0.0013231	+0.0015169	+0.0016981	+0.0018590	+0.0020208	+0.0021762	+0.0023259	+0.0024487
2014-04	0.013	-0.0012835	-0.0011704	-0.0010508	-0.0009061	-0.0007672	-0.0006169	-0.0004548	-0.0002818	-0.0001000	+0.0000925	+0.0002884	+0.0004854	+0.0006786	+0.0008578	+0.0010245	+0.0011861	+0.0013395	+0.0014665	+0.0015772	+0.0017047	+0.0018338
2014-05	0.032	-0.0013070	-0.0012041	-0.0010796	-0.0009480	-0.0008045	-0.0006453	-0.0004825	-0.0003203	-0.0001478	+0.0000242	+0.0002010	+0.0003727	+0.0005402	+0.0006947	+0.0008393	+0.0009713	+0.0010955	+0.0012031	+0.0013149	+0.0014000	+0.0014785
2014-06	0.009	-0.0012936	-0.0011873	-0.0010586	-0.0009228	-0.0007745	-0.0006251	-0.0004628	-0.0002927	-0.0001152	+0.0000760	+0.0002641	+0.0004455	+0.0006185	+0.0007745	+0.0009198	+0.0010432	+0.0011613	+0.0012716	+0.0013676	+0.0014461	+0.0015248
2014-07	0.048	-0.0011677	-0.0010598	-0.0009544	-0.0008168	-0.0006865	-0.0005439	-0.0003842	-0.0002230	-0.0000504	+0.0001354	+0.0003192	+0.0005040	+0.0006774	+0.0008301	+0.0009759	+0.0011012	+0.0012211	+0.0013214	+0.0014079	+0.0015043	+0.0015898
2014-08	0.019	-0.0012601	-0.0011521	-0.0010302	-0.0008824	-0.0007466	-0.0005908	-0.0004306	-0.0002692	-0.0000849	+0.0001033	+0.0002778	+0.0004578	+0.0006228	+0.0007764	+0.0009150	+0.0010445	+0.0011596	+0.0012601	+0.0013546	+0.0014295	+0.0015077
2014-09	-0.020	-0.0009312	-0.0008455	-0.0007252	-0.0005999	-0.0004746	-0.0003411	-0.0001963	-0.0000428	+0.0001252	+0.0002899	+0.0004620	+0.0006248	+0.0007774	+0.0009215	+0.0010485	+0.0011559	+0.0012563	+0.0013512	+0.0014231	+0.0014888	+0.0015485
2014-10	-0.002	-0.0003681	-0.0002821	-0.0001879	-0.0000893	+0.0000150	+0.0001235	+0.0002400	+0.0003649	+0.0004981	+0.0006303	+0.0007610	+0.0008860	+0.0010052	+0.0011192	+0.0012205	+0.0013048	+0.0013850	+0.0014663	+0.0015299	+0.0015943	+0.0016416
2014-11	0.081	-0.0005873	-0.0004686	-0.0003678	-0.0002532	-0.0001385	-0.0000205	+0.0001086	+0.0002492	+0.0003917	+0.0005356	+0.0006753	+0.0008129	+0.0009427	+0.0010637	+0.0011716	+0.0012724	+0.0013601	+0.0014422	+0.0015107	+0.0015860	+0.0016548
2014-12	-0.034	-0.0005498	-0.0004537	-0.0003492	-0.0002335	-0.0001220	-0.0000060	+0.0001182	+0.0002498	+0.0003820	+0.0005175	+0.0006569	+0.0007920	+0.0009230	+0.0010390	+0.0011431	+0.0012387	+0.0013210	+0.0014042	+0.0014785	+0.0015440	+0.0016158
2015-01	-0.003	-0.0005483	-0.0004652	-0.0003774	-0.0002646	-0.0001544	-0.0000369	+0.0000829	+0.0002082	+0.0003434	+0.0004796	+0.0006139	+0.0007453	+0.0008662	+0.0009850	+0.0010870	+0.0011745	+0.0012558	+0.0013291	+0.0013924	+0.0014484	+0.0014919
2015-02	0.004	-0.0006502	-0.0005496	-0.0004638	-0.0003624	-0.0002502	-0.0001301	-0.0000067	+0.0001261	+0.0002615	+0.0004014	+0.0005359	+0.0006661	+0.0007903	+0.0009049	+0.0010091	+0.0011040	+0.0011867	+0.0012603	+0.0013255	+0.0013869	+0.0014447
