2012-05	-0.049	-0.0004342	-0.0004007	-0.0003608	-0.0003138	-0.0002637	-0.0002042	-0.0001390	-0.0000676	+0.0000151	+0.0001051	+0.0002033	+0.0003046	+0.0004040	+0.0005026	+0.0005945	+0.0006840	+0.0007645	+0.0008405	+0.0009107	+0.0009682	+0.0010314
2012-06	0.006	-0.0005807	-0.0005415	-0.0004952	-0.0004451	-0.0003902	-0.0003263	-0.0002565	-0.0001758	-0.0000884	+0.0000071	+0.0001059	+0.0002091	+0.0003145	+0.0004165	+0.0005130	+0.0006073	+0.0006952	+0.0007907	+0.0008676	+0.0009406	+0.0010091
2012-07	-0.005	-0.0006811	-0.0006409	-0.0005942	-0.0005484	-0.0004989	-0.0004405	-0.0003755	-0.0003008	-0.0002180	-0.0001233	-0.0000223	+0.0000839	+0.0001895	+0.0002954	+0.0003990	+0.0004961	+0.0005906	+0.0006751	+0.0007516	+0.0008229	+0.0008945
2012-08	0.017	-0.0007104	-0.0006766	-0.0006322	-0.0005884	-0.0005354	-0.0004817	-0.0004205	-0.0003491	-0.0002708	-0.0001861	-0.0000907	+0.0000087	+0.0001114	+0.0002135	+0.0003181	+0.0004181	+0.0005160	+0.0006037	+0.0006970	+0.0007703	+0.0008518
2012-09	0.007	-0.0006845	-0.0006494	-0.0006039	-0.0005582	-0.0005079	-0.0004552	-0.0003969	-0.0003279	-0.0002461	-0.0001562	-0.0000606	+0.0000348	+0.0001347	+0.0002362	+0.0003368	+0.0004265	+0.0005121	+0.0006020	+0.0006831	+0.0007474	+0.0008154
2012-10	0.027	-0.0006602	-0.0006200	-0.0005736	-0.0005223	-0.0004699	-0.0004080	-0.0003417	-0.0002699	-0.0001855	-0.0000952	+0.0000022	+0.0001047	+0.0002083	+0.0003125	+0.0004100	+0.0005043	+0.0005891	+0.0006774	+0.0007619	+0.0008400	+0.0009162
2012-11	0.040	-0.0005752	-0.0005279	-0.0004871	-0.0004378	-0.0003822	-0.0003199	-0.0002502	-0.0001711	-0.0000857	+0.0000063	+0.0001029	+0.0002016	+0.0002997	+0.0004014	+0.0004982	+0.0005917	+0.0006827	+0.0007647	+0.0008404	+0.0009168	+0.0009867
2012-12	0.064	-0.0005460	-0.0004972	-0.0004419	-0.0003861	-0.0003297	-0.0002627	-0.0001820	-0.0000977	-0.0000080	+0.0000884	+0.0001924	+0.0002976	+0.0004046	+0.0005057	+0.0006047	+0.0006953	+0.0007763	+0.0008589	+0.0009316	+0.0009932	+0.0010572
2013-01	0.050	-0.0004514	-0.0004001	-0.0003426	-0.0002820	-0.0002114	-0.0001338	-0.0000513	+0.0000404	+0.0001374	+0.0002409	+0.0003506	+0.0004594	+0.0005654	+0.0006719	+0.0007734	+0.0008668	+0.0009471	+0.0010361	+0.0011104	+0.0011842	+0.0012502
2013-02	0.001	-0.0003617	-0.0003089	-0.0002396	-0.0001689	-0.0000933	-0.0000025	+0.0000956	+0.0002034	+0.0003153	+0.0004364	+0.0005642	+0.0006951	+0.0008275	+0.0009510	+0.0010749	+0.0011827	+0.0012862	+0.0013845	+0.0014768	+0.0015621	+0.0016523
2013-03	0.012	-0.0002976	-0.0002382	-0.0001645	-0.0000762	+0.0000161	+0.0001160	+0.0002201	+0.0003355	+0.0004609	+0.0006005	+0.0007469	+0.0008935	+0.0010356	+0.0011695	+0.0013030	+0.0014290	+0.0015396	+0.0016478	+0.0017512	+0.0018497	+0.0019338
2013-04	0.066	-0.0003151	-0.0002076	-0.0001079	-0.0000148	+0.0000897	+0.0002059	+0.0003272	+0.0004508	+0.0005872	+0.0007220	+0.0008683	+0.0010124	+0.0011576	+0.0012935	+0.0014200	+0.0015330	+0.0016429	+0.0017522	+0.0018552	+0.0019597	+0.0020454
2013-05	0.012	-0.0003298	-0.0002242	-0.0001108	-0.0000018	+0.0001178	+0.0002380	+0.0003547	+0.0004826	+0.0006196	+0.0007600	+0.0009065	+0.0010487	+0.0011910	+0.0013235	+0.0014482	+0.0015641	+0.0016724	+0.0017732	+0.0018732	+0.0019568	+0.0020290
2013-06	-0.044	-0.0003535	-0.0002396	-0.0001337	-0.0000142	+0.0001064	+0.0002173	+0.0003470	+0.0004780	+0.0006077	+0.0007521	+0.0008865	+0.0010298	+0.0011656	+0.0012940	+0.0014167	+0.0015319	+0.0016396	+0.0017387	+0.0018271	+0.0019051	+0.0019859
2013-07	0.006	-0.0004127	-0.0003179	-0.0002106	-0.0001085	-0.0000069	+0.0001131	+0.0002352	+0.0003626	+0.0005036	+0.0006453	+0.0007914	+0.0009391	+0.0010812	+0.0012186	+0.0013469	+0.0014723	+0.0015823	+0.0016862	+0.0017732	+0.0018772	+0.0019671
2013-08	-0.004	-0.0003724	-0.0002851	-0.0002000	-0.0001009	-0.0000047	+0.0001038	+0.0002223	+0.0003480	+0.0004868	+0.0006287	+0.0007750	+0.0009231	+0.0010641	+0.0012000	+0.0013245	+0.0014429	+0.0015537	+0.0016552	+0.0017532	+0.0018338	+0.0019105
2013-09	0.014	-0.0003571	-0.0002525	-0.0001506	-0.0000444	+0.0000675	+0.0001898	+0.0003079	+0.0004418	+0.0005765	+0.0007180	+0.0008593	+0.0010012	+0.0011352	+0.0012700	+0.0013877	+0.0015000	+0.0015964	+0.0016926	+0.0017758	+0.0018723	+0.0019517
2013-10	0.024	-0.0003392	-0.0002325	-0.0001173	-0.0000120	+0.0001032	+0.0002187	+0.0003381	+0.0004616	+0.0005877	+0.0007265	+0.0008648	+0.0010035	+0.0011354	+0.0012603	+0.0013810	+0.0014927	+0.0015908	+0.0016904	+0.0017711	+0.0018579	+0.0019306
2013-11	0.034	-0.0003468	-0.0002218	-0.0001057	+0.0000168	+0.0001517	+0.0002635	+0.0003909	+0.0005175	+0.0006544	+0.0007876	+0.0009265	+0.0010685	+0.0012022	+0.0013282	+0.0014457	+0.0015570	+0.0016606	+0.0017573	+0.0018491	+0.0019293	+0.0019968
2013-12	0.024	-0.0003319	-0.0002107	-0.0000709	+0.0000676	+0.0001833	+0.0002989	+0.0004191	+0.0005455	+0.0006696	+0.0008005	+0.0009367	+0.0010655	+0.0011893	+0.0013098	+0.0014246	+0.0015278	+0.0016330	+0.0017266	+0.0018150	+0.0019071	+0.0019943
2014-01	-0.017	-0.0002434	-0.0001111	-0.0000073	+0.0001155	+0.0002421	+0.0003550	+0.0004785	+0.0006057	+0.0007363	+0.0008704	+0.0010049	+0.0011425	+0.0012722	+0.0013970	+0.0015141	+0.0016214	+0.0017204	+0.0018082	+0.0018924	+0.0019603	+0.0020277
2014-02	0.006	-0.0002947	-0.0001565	-0.0000134	+0.0001017	+0.0002254	+0.0003439	+0.0004721	+0.0006052	+0.0007394	+0.0008746	+0.0010126	+0.0011476	+0.0012776	+0.0014028	+0.0015187	+0.0016357	+0.0017327	+0.0018271	+0.0019219	+0.0020019	+0.0020778
2014-03	0.014	-0.0004637	-0.0002965	-0.0001445	+0.0000075	+0.0001225	+0.0002473	+0.0003684	+0.0004896	+0.0006197	+0.0007522	+0.0008916	+0.0010251	+0.0011527	+0.0012728	+0.0013900	+0.0014971	+0.0015931	+0.0016829	+0.0017756	+0.0018588	+0.0019379
2014-04	0.004	-0.0004281	-0.0003227	-0.0002035	-0.0000898	+0.0000046	+0.0001074	+0.0002117	+0.0003208	+0.0004362	+0.0005539	+0.0006744	+0.0007913	+0.0009067	+0.0010178	+0.0011263	+0.0012269	+0.0013208	+0.0014090	+0.0014916	+0.0015629	+0.0016311
2014-05	-0.003	-0.0003199	-0.0002484	-0.0001808	-0.0001105	-0.0000251	+0.0000640	+0.0001536	+0.0002497	+0.0003445	+0.0004430	+0.0005420	+0.0006409	+0.0007364	+0.0008282	+0.0009143	+0.0009928	+0.0010701	+0.0011351	+0.0011937	+0.0012490	+0.0012964
2014-06	0.003	-0.0003360	-0.0002793	-0.0002223	-0.0001523	-0.0000739	+0.0000047	+0.0000883	+0.0001743	+0.0002662	+0.0003616	+0.0004585	+0.0005596	+0.0006601	+0.0007482	+0.0008305	+0.0009076	+0.0009771	+0.0010504	+0.0011088	+0.0011595	+0.0012147
2014-07	0.010	-0.0004178	-0.0003482	-0.0002698	-0.0002019	-0.0001283	-0.0000551	+0.0000215	+0.0001025	+0.0001896	+0.0002774	+0.0003686	+0.0004591	+0.0005499	+0.0006354	+0.0007137	+0.0007928	+0.0008660	+0.0009265	+0.0009916	+0.0010485	+0.0011015
2014-08	0.015	-0.0004307	-0.0003776	-0.0003143	-0.0002509	-0.0001904	-0.0001231	-0.0000601	+0.0000091	+0.0000778	+0.0001545	+0.0002320	+0.0003115	+0.0003832	+0.0004541	+0.0005220	+0.0005813	+0.0006378	+0.0006980	+0.0007574	+0.0008052	+0.0008541
2014-09	0.027	-0.0002463	-0.0002047	-0.0001590	-0.0001123	-0.0000668	-0.0000168	+0.0000378	+0.0000927	+0.0001547	+0.0002186	+0.0002824	+0.0003457	+0.0004093	+0.0004716	+0.0005314	+0.0005915	+0.0006430	+0.0006932	+0.0007427	+0.0007829	+0.0008213
2014-10	0.001	-0.0000066	+0.0000278	+0.0000665	+0.0001022	+0.0001371	+0.0001759	+0.0002176	+0.0002619	+0.0003125	+0.0003648	+0.0004195	+0.0004782	+0.0005346	+0.0005878	+0.0006409	+0.0006915	+0.0007372	+0.0007840	+0.0008263	+0.0008704	+0.0009121
2014-11	0.081	-0.0001333	-0.0000580	+0.0000187	+0.0000985	+0.0001597	+0.0002109	+0.0002569	+0.0003048	+0.0003548	+0.0004099	+0.0004668	+0.0005241	+0.0005801	+0.0006363	+0.0006899	+0.0007386	+0.0007841	+0.0008253	+0.0008627	+0.0009000	+0.0009363
2014-12	0.010	-0.0000716	+0.0000154	+0.0001072	+0.0001933	+0.0002539	+0.0003121	+0.0003640	+0.0004182	+0.0004767	+0.0005360	+0.0005998	+0.0006634	+0.0007266	+0.0007880	+0.0008471	+0.0009026	+0.0009565	+0.0010047	+0.0010521	+0.0011023	+0.0011419
2015-01	-0.030	-0.0000043	+0.0000836	+0.0001740	+0.0002400	+0.0002982	+0.0003598	+0.0004246	+0.0004963	+0.0005705	+0.0006499	+0.0007291	+0.0008120	+0.0008970	+0.0009761	+0.0010534	+0.0011245	+0.0011946	+0.0012612	+0.0013219	+0.0013716	+0.0014222
2015-02	0.003	-0.0002246	-0.0000995	+0.0000571	+0.0001705	+0.0002507	+0.0003196	+0.0003898	+0.0004642	+0.0005426	+0.0006266	+0.0007143	+0.0007994	+0.0008877	+0.0009754	+0.0010560	+0.0011321	+0.0011976	+0.0012585	+0.0013210	+0.0013781	+0.0014351
