2012-05	-0.115	-0.0020350	-0.0018614	-0.0017047	-0.0015388	-0.0013441	-0.0011443	-0.0009359	-0.0007068	-0.0004672	-0.0002115	+0.0000467	+0.0002983	+0.0005347	+0.0007511	+0.0009562	+0.0011418	+0.0012945	+0.0014569	+0.0015960	+0.0017219	+0.0018355
2012-06	0.021	-0.0023404	-0.0021548	-0.0019758	-0.0018045	-0.0016118	-0.0014147	-0.0011882	-0.0009444	-0.0006925	-0.0004301	-0.0001639	+0.0000917	+0.0003378	+0.0005753	+0.0007988	+0.0009987	+0.0011794	+0.0013388	+0.0014986	+0.0016602	+0.0017771
2012-07	0.036	-0.0024981	-0.0023450	-0.0021980	-0.0020207	-0.0018246	-0.0016224	-0.0013998	-0.0011536	-0.0009068	-0.0006418	-0.0003732	-0.0001028	+0.0001557	+0.0004005	+0.0006325	+0.0008361	+0.0010259	+0.0012035	+0.0013627	+0.0015102	+0.0016511
2012-08	0.022	-0.0025062	-0.0023475	-0.0021876	-0.0020181	-0.0018382	-0.0016416	-0.0014221	-0.0011827	-0.0009358	-0.0006689	-0.0003942	-0.0001405	+0.0001139	+0.0003568	+0.0005932	+0.0007987	+0.0010048	+0.0011874	+0.0013681	+0.0015203	+0.0016809
2012-09	0.029	-0.0022582	-0.0021096	-0.0019375	-0.0017535	-0.0015636	-0.0013581	-0.0011497	-0.0009151	-0.0006618	-0.0003996	-0.0001300	+0.0001271	+0.0003701	+0.0005982	+0.0008143	+0.0010191	+0.0012118	+0.0013965	+0.0015769	+0.0017111	+0.0018364
2012-10	0.014	-0.0022360	-0.0020574	-0.0018782	-0.0016726	-0.0014734	-0.0012485	-0.0010274	-0.0007738	-0.0005044	-0.0002292	+0.0000457	+0.0003135	+0.0005728	+0.0008100	+0.0010363	+0.0012164	+0.0014062	+0.0015736	+0.0017258	+0.0018635	+0.0020182
2012-11	0.040	-0.0017404	-0.0015851	-0.0014287	-0.0012447	-0.0010508	-0.0008580	-0.0006313	-0.0003962	-0.0001502	+0.0001026	+0.0003552	+0.0005965	+0.0008321	+0.0010476	+0.0012488	+0.0014171	+0.0015756	+0.0017217	+0.0018469	+0.0019556	+0.0020550
2012-12	0.068	-0.0010947	-0.0009562	-0.0008095	-0.0006477	-0.0004812	-0.0003110	-0.0001366	+0.0000562	+0.0002503	+0.0004615	+0.0006634	+0.0008602	+0.0010459	+0.0012250	+0.0013833	+0.0015336	+0.0016781	+0.0018110	+0.0019276	+0.0020157	+0.0021000
2013-01	0.107	-0.0009051	-0.0007719	-0.0006020	-0.0004620	-0.0003021	-0.0001285	+0.0000627	+0.0002433	+0.0004272	+0.0006242	+0.0008176	+0.0010084	+0.0011839	+0.0013507	+0.0015043	+0.0016466	+0.0017832	+0.0019080	+0.0020233	+0.0021280	+0.0022222
2013-02	0.009	-0.0008243	-0.0007042	-0.0005404	-0.0003715	-0.0001973	-0.0000103	+0.0001783	+0.0003851	+0.0005992	+0.0008229	+0.0010435	+0.0012592	+0.0014631	+0.0016596	+0.0018436	+0.0020076	+0.0021711	+0.0023074	+0.0024466	+0.0025599	+0.0026813
2013-03	0.039	-0.0006617	-0.0005086	-0.0003665	-0.0001883	-0.0000162	+0.0001536	+0.0003582	+0.0005688	+0.0007958	+0.0010430	+0.0012758	+0.0015139	+0.0017387	+0.0019429	+0.0021453	+0.0023214	+0.0024945	+0.0026528	+0.0028011	+0.0029250	+0.0030646
2013-04	0.061	-0.0006817	-0.0005444	-0.0003794	-0.0002022	-0.0000144	+0.0001911	+0.0004194	+0.0006595	+0.0009002	+0.0011430	+0.0013892	+0.0016409	+0.0018692	+0.0020819	+0.0022883	+0.0024640	+0.0026326	+0.0027886	+0.0029318	+0.0030732	+0.0031949
2013-05	0.058	-0.0007833	-0.0006077	-0.0004215	-0.0002316	-0.0000334	+0.0001676	+0.0003833	+0.0006038	+0.0008350	+0.0010891	+0.0013297	+0.0015598	+0.0017879	+0.0019954	+0.0021906	+0.0023686	+0.0025336	+0.0026955	+0.0028327	+0.0029583	+0.0030851
2013-06	-0.065	-0.0009156	-0.0007356	-0.0005198	-0.0003043	-0.0000893	+0.0001237	+0.0003619	+0.0005947	+0.0008291	+0.0010711	+0.0012988	+0.0015353	+0.0017610	+0.0019572	+0.0021470	+0.0023102	+0.0024783	+0.0026080	+0.0027520	+0.0028710	+0.0029856
2013-07	0.045	-0.0007256	-0.0005901	-0.0004143	-0.0002466	-0.0000679	+0.0001348	+0.0003492	+0.0005648	+0.0007874	+0.0010189	+0.0012506	+0.0014732	+0.0016960	+0.0018932	+0.0020959	+0.0022634	+0.0024255	+0.0025757	+0.0027103	+0.0028291	+0.0029453
2013-08	-0.013	-0.0004313	-0.0003121	-0.0001602	-0.0000132	+0.0001419	+0.0003155	+0.0004980	+0.0007009	+0.0009008	+0.0011135	+0.0013234	+0.0015323	+0.0017367	+0.0019261	+0.0021003	+0.0022712	+0.0024203	+0.0025677	+0.0026991	+0.0028266	+0.0029368
2013-09	0.039	-0.0000825	+0.0000813	+0.0002559	+0.0004416	+0.0006016	+0.0007626	+0.0009191	+0.0010819	+0.0012469	+0.0014170	+0.0015895	+0.0017670	+0.0019382	+0.0021084	+0.0022588	+0.0024094	+0.0025459	+0.0026775	+0.0028060	+0.0029150	+0.0030116
2013-10	0.048	-0.0003995	-0.0001884	+0.0000977	+0.0004048	+0.0006413	+0.0008158	+0.0009733	+0.0011260	+0.0012907	+0.0014542	+0.0016177	+0.0017842	+0.0019453	+0.0021011	+0.0022561	+0.0023880	+0.0025228	+0.0026603	+0.0027778	+0.0028961	+0.0029993
2013-11	0.052	-0.0003655	-0.0001475	+0.0001307	+0.0003902	+0.0005956	+0.0007638	+0.0009195	+0.0010811	+0.0012484	+0.0014171	+0.0015925	+0.0017714	+0.0019424	+0.0021063	+0.0022657	+0.0024303	+0.0025744	+0.0027090	+0.0028394	+0.0029508	+0.0030597
2013-12	0.046	-0.0004196	-0.0002291	+0.0000662	+0.0003985	+0.0006289	+0.0007899	+0.0009388	+0.0010917	+0.0012519	+0.0014110	+0.0015761	+0.0017432	+0.0019076	+0.0020682	+0.0022255	+0.0023695	+0.0025040	+0.0026492	+0.0027683	+0.0028866	+0.0030159
2014-01	-0.051	-0.0002892	-0.0000420	+0.0002140	+0.0005065	+0.0007100	+0.0008879	+0.0010433	+0.0012020	+0.0013603	+0.0015277	+0.0017011	+0.0018709	+0.0020389	+0.0021983	+0.0023515	+0.0025050	+0.0026464	+0.0027599	+0.0028625	+0.0029789	+0.0030768
2014-02	0.034	-0.0002386	-0.0000252	+0.0002281	+0.0005838	+0.0007980	+0.0009624	+0.0011223	+0.0012793	+0.0014368	+0.0016017	+0.0017705	+0.0019355	+0.0020997	+0.0022585	+0.0024089	+0.0025513	+0.0026842	+0.0028119	+0.0029336	+0.0030430	+0.0031304
2014-03	0.010	-0.0005450	-0.0003367	+0.0000087	+0.0004702	+0.0006775	+0.0008421	+0.0010064	+0.0011672	+0.0013409	+0.0015144	+0.0016853	+0.0018533	+0.0020205	+0.0021742	+0.0023251	+0.0024647	+0.0025949	+0.0027293	+0.0028467	+0.0029442	+0.0030549
2014-04	0.013	-0.0004574	-0.0002776	-0.0000119	+0.0002479	+0.0004516	+0.0006076	+0.0007609	+0.0009058	+0.0010500	+0.0012012	+0.0013507	+0.0015046	+0.0016573	+0.0017994	+0.0019403	+0.0020760	+0.0021979	+0.0023146	+0.0024267	+0.0025379	+0.0026459
2014-05	0.010	-0.0003916	-0.0001930	+0.0000084	+0.0002003	+0.0003747	+0.0005088	+0.0006309	+0.0007607	+0.0008935	+0.0010227	+0.0011505	+0.0012797	+0.0014087	+0.0015211	+0.0016331	+0.0017368	+0.0018319	+0.0019177	+0.0020005	+0.0020741	+0.0021346
2014-06	0.012	-0.0003229	-0.0001946	-0.0000266	+0.0001340	+0.0002727	+0.0003905	+0.0005021	+0.0006230	+0.0007478	+0.0008734	+0.0009972	+0.0011233	+0.0012482	+0.0013648	+0.0014714	+0.0015709	+0.0016586	+0.0017450	+0.0018291	+0.0018965	+0.0019602
2014-07	0.013	-0.0004000	-0.0002575	-0.0000788	+0.0001098	+0.0002487	+0.0003705	+0.0004850	+0.0005974	+0.0007107	+0.0008279	+0.0009464	+0.0010622	+0.0011799	+0.0012919	+0.0013964	+0.0014941	+0.0015868	+0.0016727	+0.0017477	+0.0018219	+0.0018813
2014-08	0.015	-0.0003932	-0.0002710	-0.0001226	+0.0000311	+0.0001763	+0.0002929	+0.0003909	+0.0004862	+0.0005918	+0.0006927	+0.0007961	+0.0009029	+0.0010031	+0.0010984	+0.0011914	+0.0012765	+0.0013513	+0.0014241	+0.0014940	+0.0015517	+0.0016129
2014-09	0.028	-0.0003285	-0.0002317	-0.0000907	+0.0000532	+0.0001752	+0.0002716	+0.0003691	+0.0004568	+0.0005500	+0.0006504	+0.0007487	+0.0008533	+0.0009502	+0.0010439	+0.0011297	+0.0012125	+0.0012892	+0.0013642	+0.0014284	+0.0014813	+0.0015378
2014-10	-0.006	+0.0000146	+0.0001124	+0.0002208	+0.0003071	+0.0003899	+0.0004657	+0.0005470	+0.0006308	+0.0007155	+0.0008024	+0.0008925	+0.0009814	+0.0010672	+0.0011489	+0.0012263	+0.0013002	+0.0013730	+0.0014441	+0.0015062	+0.0015628	+0.0016231
2014-11	0.113	-0.0003818	-0.0002704	-0.0001281	+0.0000843	+0.0002433	+0.0003439	+0.0004453	+0.0005352	+0.0006290	+0.0007216	+0.0008175	+0.0009138	+0.0010101	+0.0011046	+0.0011909	+0.0012657	+0.0013390	+0.0014006	+0.0014609	+0.0015159	+0.0015751
2014-12	0.012	-0.0001614	-0.0000539	+0.0000843	+0.0002265	+0.0003381	+0.0004372	+0.0005300	+0.0006210	+0.0007141	+0.0008112	+0.0009118	+0.0010137	+0.0011112	+0.0012047	+0.0012889	+0.0013681	+0.0014403	+0.0015110	+0.0015689	+0.0016381	+0.0016964
2015-01	-0.044	-0.0000998	+0.0000362	+0.0001652	+0.0002854	+0.0004034	+0.0005151	+0.0006205	+0.0007266	+0.0008406	+0.0009591	+0.0010814	+0.0012057	+0.0013300	+0.0014454	+0.0015633	+0.0016673	+0.0017650	+0.0018588	+0.0019398	+0.0020122	+0.0020869
2015-02	0.012	-0.0004326	-0.0002621	-0.0000406	+0.0001448	+0.0002888	+0.0004037	+0.0005186	+0.0006293	+0.0007429	+0.0008643	+0.0009924	+0.0011191	+0.0012429	+0.0013653	+0.0014817	+0.0015938	+0.0016967	+0.0017858	+0.0018881	+0.0019794	+0.0020702
