2012-05	-0.098	-0.0016945	-0.0015627	-0.0014403	-0.0013210	-0.0011845	-0.0010412	-0.0008877	-0.0007143	-0.0005422	-0.0003607	-0.0001765	+0.0000126	+0.0001932	+0.0003684	+0.0005394	+0.0007018	+0.0008470	+0.0009860	+0.0011082	+0.0012253	+0.0013358
2012-06	0.081	-0.0017305	-0.0016164	-0.0015148	-0.0013972	-0.0012697	-0.0011313	-0.0009845	-0.0008183	-0.0006469	-0.0004648	-0.0002820	-0.0001015	+0.0000733	+0.0002407	+0.0004002	+0.0005551	+0.0006964	+0.0008390	+0.0009513	+0.0010726	+0.0011909
2012-07	-0.038	-0.0019029	-0.0017739	-0.0016657	-0.0015322	-0.0013941	-0.0012538	-0.0010911	-0.0009277	-0.0007497	-0.0005547	-0.0003615	-0.0001669	+0.0000200	+0.0001942	+0.0003573	+0.0005070	+0.0006467	+0.0007807	+0.0009103	+0.0010420	+0.0011810
2012-08	0.001	-0.0018073	-0.0016769	-0.0015504	-0.0014427	-0.0013196	-0.0011803	-0.0010350	-0.0008754	-0.0007059	-0.0005229	-0.0003392	-0.0001529	+0.0000263	+0.0001915	+0.0003463	+0.0004915	+0.0006183	+0.0007354	+0.0008457	+0.0009411	+0.0010304
2012-09	0.044	-0.0017913	-0.0016943	-0.0016014	-0.0014741	-0.0013385	-0.0011970	-0.0010428	-0.0008824	-0.0007101	-0.0005280	-0.0003419	-0.0001592	+0.0000134	+0.0001786	+0.0003313	+0.0004615	+0.0005991	+0.0007130	+0.0008140	+0.0009213	+0.0010005
2012-10	0.045	-0.0018406	-0.0017433	-0.0016319	-0.0014953	-0.0013609	-0.0012287	-0.0010806	-0.0009282	-0.0007580	-0.0005820	-0.0004011	-0.0002186	-0.0000492	+0.0001180	+0.0002690	+0.0004101	+0.0005522	+0.0006751	+0.0007809	+0.0008861	+0.0009896
2012-11	0.021	-0.0017460	-0.0016421	-0.0015101	-0.0013965	-0.0012584	-0.0011180	-0.0009571	-0.0007959	-0.0006151	-0.0004295	-0.0002417	-0.0000585	+0.0001226	+0.0002900	+0.0004434	+0.0005868	+0.0007044	+0.0008176	+0.0009216	+0.0010169	+0.0010887
2012-12	0.013	-0.0013943	-0.0012806	-0.0011722	-0.0010536	-0.0009145	-0.0007675	-0.0006136	-0.0004532	-0.0002800	-0.0001006	+0.0000815	+0.0002612	+0.0004256	+0.0005824	+0.0007249	+0.0008561	+0.0009713	+0.0010746	+0.0011729	+0.0012601	+0.0013402
2013-01	0.171	-0.0010761	-0.0009797	-0.0008795	-0.0007656	-0.0006497	-0.0005120	-0.0003686	-0.0002167	-0.0000457	+0.0001312	+0.0002971	+0.0004599	+0.0006184	+0.0007667	+0.0009071	+0.0010314	+0.0011386	+0.0012426	+0.0013287	+0.0014018	+0.0014788
2013-02	0.010	-0.0006834	-0.0005738	-0.0004616	-0.0003555	-0.0002356	-0.0001006	+0.0000392	+0.0001892	+0.0003480	+0.0005164	+0.0006885	+0.0008534	+0.0010168	+0.0011761	+0.0013241	+0.0014680	+0.0016107	+0.0017443	+0.0018547	+0.0019692	+0.0020716
2013-03	0.180	-0.0004804	-0.0003699	-0.0002557	-0.0001318	-0.0000020	+0.0001430	+0.0003050	+0.0004795	+0.0006573	+0.0008485	+0.0010514	+0.0012389	+0.0014282	+0.0016120	+0.0017847	+0.0019540	+0.0021179	+0.0022729	+0.0024095	+0.0025507	+0.0026741
2013-04	0.288	-0.0004697	-0.0003067	-0.0001710	-0.0000090	+0.0001531	+0.0003276	+0.0005136	+0.0007042	+0.0009100	+0.0011223	+0.0013502	+0.0015734	+0.0018038	+0.0020247	+0.0022308	+0.0024335	+0.0026095	+0.0027689	+0.0029167	+0.0030737	+0.0032097
2013-05	-0.012	-0.0003870	-0.0002316	-0.0000642	+0.0001366	+0.0003377	+0.0005439	+0.0007667	+0.0010068	+0.0012658	+0.0015374	+0.0018289	+0.0021289	+0.0024354	+0.0027192	+0.0030067	+0.0032846	+0.0035587	+0.0038128	+0.0040578	+0.0042773	+0.0044872
2013-06	-0.119	-0.0004175	-0.0001976	+0.0000164	+0.0002361	+0.0004666	+0.0007108	+0.0009921	+0.0012926	+0.0016212	+0.0019917	+0.0023962	+0.0028009	+0.0032161	+0.0036191	+0.0040156	+0.0044086	+0.0047497	+0.0050679	+0.0053451	+0.0056897	+0.0059445
2013-07	0.042	-0.0010442	-0.0006544	-0.0002693	+0.0000651	+0.0003501	+0.0006596	+0.0009628	+0.0012829	+0.0016253	+0.0019951	+0.0023987	+0.0028215	+0.0032456	+0.0036479	+0.0040483	+0.0044124	+0.0048074	+0.0051350	+0.0054857	+0.0057957	+0.0061540
2013-08	-0.068	-0.0010190	-0.0007373	-0.0004362	-0.0001449	+0.0001532	+0.0004432	+0.0007629	+0.0010985	+0.0014278	+0.0018104	+0.0022176	+0.0026342	+0.0030813	+0.0035024	+0.0038993	+0.0042984	+0.0046830	+0.0050146	+0.0053034	+0.0055939	+0.0059360
2013-09	0.147	-0.0009761	-0.0006467	-0.0002945	+0.0000267	+0.0003741	+0.0006621	+0.0009656	+0.0012721	+0.0016159	+0.0019980	+0.0024041	+0.0028325	+0.0032474	+0.0036600	+0.0040754	+0.0044437	+0.0048194	+0.0051717	+0.0054921	+0.0057984	+0.0060953
2013-10	0.001	-0.0010906	-0.0007684	-0.0003827	-0.0001026	+0.0001791	+0.0004757	+0.0007945	+0.0011428	+0.0014927	+0.0018911	+0.0022913	+0.0027166	+0.0031421	+0.0035486	+0.0039557	+0.0043388	+0.0046981	+0.0050525	+0.0054144	+0.0057596	+0.0060409
2013-11	-0.009	-0.0007723	-0.0004715	-0.0002296	+0.0000367	+0.0003358	+0.0006424	+0.0009594	+0.0013043	+0.0016731	+0.0020559	+0.0024636	+0.0028938	+0.0033212	+0.0037363	+0.0041360	+0.0045006	+0.0048578	+0.0051753	+0.0054927	+0.0057902	+0.0061064
2013-12	0.038	-0.0009275	-0.0005400	-0.0002292	+0.0001130	+0.0004009	+0.0007278	+0.0010554	+0.0014001	+0.0017505	+0.0021280	+0.0025392	+0.0029435	+0.0033549	+0.0037639	+0.0041584	+0.0045189	+0.0048559	+0.0051666	+0.0054745	+0.0058074	+0.0060355
2014-01	0.008	-0.0009345	-0.0005986	-0.0002915	+0.0000151	+0.0003316	+0.0006299	+0.0009614	+0.0012960	+0.0016691	+0.0020533	+0.0024634	+0.0028943	+0.0033138	+0.0037115	+0.0040899	+0.0044899	+0.0048635	+0.0051923	+0.0054624	+0.0057447	+0.0060569
2014-02	-0.039	-0.0008720	-0.0005742	-0.0002828	+0.0000299	+0.0003103	+0.0006343	+0.0009517	+0.0013016	+0.0016727	+0.0020642	+0.0024701	+0.0028887	+0.0032963	+0.0037035	+0.0040858	+0.0044488	+0.0048003	+0.0051501	+0.0054449	+0.0057317	+0.0060471
2014-03	-0.018	-0.0009350	-0.0005797	-0.0003124	+0.0000025	+0.0002733	+0.0005762	+0.0008864	+0.0012395	+0.0016264	+0.0020329	+0.0024456	+0.0028726	+0.0033075	+0.0037367	+0.0041401	+0.0045485	+0.0049283	+0.0052755	+0.0055906	+0.0058824	+0.0061518
2014-04	-0.044	-0.0014404	-0.0011628	-0.0008815	-0.0005880	-0.0002888	+0.0000131	+0.0003382	+0.0006983	+0.0010894	+0.0015125	+0.0019468	+0.0024210	+0.0028619	+0.0032927	+0.0037237	+0.0041294	+0.0044981	+0.0048740	+0.0052677	+0.0055906	+0.0058838
2014-05	0.024	-0.0015511	-0.0012649	-0.0010426	-0.0007759	-0.0005239	-0.0002701	+0.0000334	+0.0003667	+0.0007279	+0.0011369	+0.0015606	+0.0020182	+0.0024628	+0.0028966	+0.0033071	+0.0037330	+0.0041677	+0.0045319	+0.0048652	+0.0052225	+0.0056322
2014-06	0.100	-0.0016216	-0.0014407	-0.0012569	-0.0010531	-0.0008490	-0.0006276	-0.0003665	-0.0000769	+0.0002604	+0.0006548	+0.0010745	+0.0015442	+0.0020204	+0.0024769	+0.0029310	+0.0033600	+0.0037678	+0.0041486	+0.0044882	+0.0048772	+0.0051999
2014-07	0.034	-0.0017006	-0.0015368	-0.0013370	-0.0011603	-0.0009547	-0.0007436	-0.0005182	-0.0002580	+0.0000241	+0.0003319	+0.0006873	+0.0010910	+0.0014951	+0.0019052	+0.0022895	+0.0026792	+0.0030633	+0.0034001	+0.0037610	+0.0041081	+0.0043997
2014-08	0.019	-0.0016420	-0.0014896	-0.0013379	-0.0011603	-0.0009792	-0.0007717	-0.0005607	-0.0003469	-0.0001063	+0.0001423	+0.0003929	+0.0006476	+0.0008937	+0.0011277	+0.0013435	+0.0015408	+0.0017291	+0.0019103	+0.0020543	+0.0021989	+0.0023197
2014-09	-0.015	-0.0014279	-0.0013017	-0.0011696	-0.0010209	-0.0008615	-0.0006941	-0.0005115	-0.0003124	-0.0001081	+0.0001137	+0.0003411	+0.0005665	+0.0007787	+0.0009808	+0.0011741	+0.0013448	+0.0015005	+0.0016428	+0.0017624	+0.0018746	+0.0019776
2014-10	-0.018	-0.0009728	-0.0008453	-0.0007087	-0.0005760	-0.0004322	-0.0002844	-0.0001196	+0.0000468	+0.0002280	+0.0004185	+0.0006190	+0.0008191	+0.0010145	+0.0011938	+0.0013604	+0.0015071	+0.0016474	+0.0017843	+0.0019211	+0.0020435	+0.0021602
2014-11	0.013	-0.0010975	-0.0009796	-0.0008580	-0.0007317	-0.0005981	-0.0004398	-0.0002786	-0.0001060	+0.0000836	+0.0002845	+0.0004940	+0.0006932	+0.0008920	+0.0010935	+0.0012725	+0.0014344	+0.0015844	+0.0017168	+0.0018416	+0.0019638	+0.0020733
2014-12	-0.003	-0.0010174	-0.0008983	-0.0007663	-0.0006444	-0.0005045	-0.0003690	-0.0002083	-0.0000524	+0.0001266	+0.0003154	+0.0005089	+0.0007077	+0.0009074	+0.0010880	+0.0012500	+0.0014076	+0.0015551	+0.0016949	+0.0018055	+0.0019057	+0.0020092
2015-01	0.005	-0.0011034	-0.0009928	-0.0008801	-0.0007532	-0.0006226	-0.0004822	-0.0003296	-0.0001668	-0.0000008	+0.0001774	+0.0003590	+0.0005440	+0.0007198	+0.0008877	+0.0010471	+0.0011958	+0.0013433	+0.0014788	+0.0016115	+0.0017372	+0.0018686
2015-02	-0.030	-0.0010834	-0.0009861	-0.0008758	-0.0007569	-0.0006383	-0.0005119	-0.0003679	-0.0002154	-0.0000634	+0.0001046	+0.0002799	+0.0004629	+0.0006404	+0.0008189	+0.0009836	+0.0011425	+0.0012916	+0.0014349	+0.0015631	+0.0017007	+0.0018305
