2012-05	-0.061	-0.0022974	-0.0021728	-0.0020313	-0.0018923	-0.0017487	-0.0015952	-0.0014231	-0.0012281	-0.0010318	-0.0008175	-0.0005979	-0.0003908	-0.0001924	-0.0000030	+0.0001798	+0.0003394	+0.0004874	+0.0006259	+0.0007561	+0.0008745	+0.0009721
2012-06	-0.024	-0.0023601	-0.0022411	-0.0021133	-0.0019729	-0.0018178	-0.0016589	-0.0014946	-0.0013064	-0.0011149	-0.0009035	-0.0006939	-0.0004901	-0.0002812	-0.0000858	+0.0000996	+0.0002706	+0.0004367	+0.0005738	+0.0007060	+0.0008451	+0.0009592
2012-07	-0.011	-0.0024918	-0.0023706	-0.0022479	-0.0021038	-0.0019624	-0.0018244	-0.0016676	-0.0014899	-0.0013038	-0.0011106	-0.0009033	-0.0006967	-0.0004938	-0.0002916	-0.0000993	+0.0000864	+0.0002543	+0.0004285	+0.0005694	+0.0007008	+0.0008280
2012-08	-0.011	-0.0024856	-0.0023892	-0.0022784	-0.0021474	-0.0020089	-0.0018629	-0.0017109	-0.0015426	-0.0013582	-0.0011630	-0.0009655	-0.0007709	-0.0005699	-0.0003821	-0.0001837	+0.0000110	+0.0002032	+0.0003711	+0.0005251	+0.0006823	+0.0008208
2012-09	0.024	-0.0022911	-0.0021747	-0.0020631	-0.0019362	-0.0018098	-0.0016736	-0.0015160	-0.0013506	-0.0011784	-0.0010022	-0.0008064	-0.0006067	-0.0004191	-0.0002364	-0.0000560	+0.0001125	+0.0002873	+0.0004502	+0.0006090	+0.0007470	+0.0008780
2012-10	0.025	-0.0023134	-0.0022025	-0.0020637	-0.0019379	-0.0018035	-0.0016504	-0.0014867	-0.0013096	-0.0011293	-0.0009473	-0.0007489	-0.0005540	-0.0003582	-0.0001747	+0.0000088	+0.0001785	+0.0003268	+0.0004933	+0.0006453	+0.0007914	+0.0009332
2012-11	0.021	-0.0021286	-0.0019907	-0.0018684	-0.0017328	-0.0015997	-0.0014468	-0.0012762	-0.0011008	-0.0009188	-0.0007321	-0.0005385	-0.0003403	-0.0001410	+0.0000437	+0.0002188	+0.0003733	+0.0005241	+0.0006702	+0.0008034	+0.0009153	+0.0010233
2012-12	0.083	-0.0016073	-0.0014872	-0.0013746	-0.0012647	-0.0011371	-0.0010050	-0.0008587	-0.0007043	-0.0005409	-0.0003708	-0.0002003	-0.0000286	+0.0001416	+0.0002998	+0.0004514	+0.0005973	+0.0007296	+0.0008490	+0.0009674	+0.0010738	+0.0011592
2013-01	0.080	-0.0010790	-0.0009974	-0.0009086	-0.0008049	-0.0006934	-0.0005916	-0.0004759	-0.0003499	-0.0002076	-0.0000604	+0.0000875	+0.0002343	+0.0003847	+0.0005292	+0.0006659	+0.0008005	+0.0009216	+0.0010287	+0.0011296	+0.0012313	+0.0013277
2013-02	-0.015	-0.0009543	-0.0008533	-0.0007755	-0.0006770	-0.0005663	-0.0004449	-0.0003136	-0.0001656	-0.0000028	+0.0001654	+0.0003396	+0.0005190	+0.0006956	+0.0008700	+0.0010303	+0.0011757	+0.0013175	+0.0014571	+0.0015669	+0.0016826	+0.0017856
2013-03	0.001	-0.0008499	-0.0007585	-0.0006602	-0.0005376	-0.0004263	-0.0002926	-0.0001490	+0.0000113	+0.0001904	+0.0003855	+0.0005849	+0.0007799	+0.0009735	+0.0011579	+0.0013453	+0.0015229	+0.0016750	+0.0018181	+0.0019549	+0.0020861	+0.0022104
2013-04	0.038	-0.0007367	-0.0006375	-0.0005357	-0.0004092	-0.0002835	-0.0001542	-0.0000034	+0.0001628	+0.0003402	+0.0005259	+0.0007258	+0.0009187	+0.0011104	+0.0012976	+0.0014766	+0.0016453	+0.0018058	+0.0019581	+0.0021040	+0.0022458	+0.0023733
2013-05	0.048	-0.0008688	-0.0007705	-0.0006418	-0.0005098	-0.0003861	-0.0002458	-0.0001007	+0.0000582	+0.0002260	+0.0004100	+0.0006068	+0.0007991	+0.0009943	+0.0011792	+0.0013589	+0.0015247	+0.0016734	+0.0018211	+0.0019694	+0.0020893	+0.0021986
2013-06	-0.110	-0.0008656	-0.0007636	-0.0006445	-0.0005238	-0.0004088	-0.0002768	-0.0001318	+0.0000269	+0.0001969	+0.0003750	+0.0005557	+0.0007396	+0.0009276	+0.0010979	+0.0012677	+0.0014274	+0.0015640	+0.0017051	+0.0018423	+0.0019619	+0.0020667
2013-07	0.026	-0.0008732	-0.0008091	-0.0007024	-0.0005870	-0.0004677	-0.0003364	-0.0001849	-0.0000281	+0.0001352	+0.0003162	+0.0005000	+0.0006853	+0.0008748	+0.0010587	+0.0012319	+0.0013976	+0.0015556	+0.0016976	+0.0018212	+0.0019408	+0.0020508
2013-08	0.015	-0.0009229	-0.0008497	-0.0007529	-0.0006453	-0.0005328	-0.0003959	-0.0002535	-0.0000929	+0.0000760	+0.0002608	+0.0004608	+0.0006536	+0.0008443	+0.0010262	+0.0011936	+0.0013536	+0.0015056	+0.0016403	+0.0017779	+0.0019066	+0.0020295
2013-09	0.022	-0.0007237	-0.0006372	-0.0005389	-0.0004209	-0.0003044	-0.0001802	-0.0000439	+0.0001084	+0.0002797	+0.0004534	+0.0006310	+0.0008164	+0.0009943	+0.0011629	+0.0013244	+0.0014740	+0.0016150	+0.0017453	+0.0018657	+0.0019675	+0.0020894
2013-10	0.010	-0.0005738	-0.0004751	-0.0003871	-0.0002772	-0.0001668	-0.0000402	+0.0001052	+0.0002471	+0.0004093	+0.0005781	+0.0007434	+0.0009155	+0.0010860	+0.0012455	+0.0013993	+0.0015450	+0.0016846	+0.0018109	+0.0019336	+0.0020553	+0.0021662
2013-11	0.032	-0.0006226	-0.0005029	-0.0003767	-0.0002542	-0.0001274	+0.0000175	+0.0001638	+0.0003227	+0.0004796	+0.0006529	+0.0008319	+0.0010087	+0.0011813	+0.0013470	+0.0015045	+0.0016502	+0.0017875	+0.0019200	+0.0020317	+0.0021355	+0.0022555
2013-12	0.001	-0.0005931	-0.0004640	-0.0003327	-0.0001975	-0.0000731	+0.0000744	+0.0002192	+0.0003702	+0.0005255	+0.0006824	+0.0008438	+0.0010110	+0.0011684	+0.0013295	+0.0014813	+0.0016270	+0.0017665	+0.0018944	+0.0020224	+0.0021169	+0.0022141
2014-01	-0.042	-0.0005066	-0.0003986	-0.0002783	-0.0001639	-0.0000472	+0.0000874	+0.0002342	+0.0003842	+0.0005448	+0.0007178	+0.0008899	+0.0010681	+0.0012367	+0.0013897	+0.0015418	+0.0016838	+0.0018109	+0.0019267	+0.0020333	+0.0021345	+0.0022294
2014-02	-0.008	-0.0005805	-0.0004742	-0.0003683	-0.0002372	-0.0001170	+0.0000301	+0.0001693	+0.0003190	+0.0004783	+0.0006459	+0.0008184	+0.0009942	+0.0011652	+0.0013271	+0.0014781	+0.0016242	+0.0017610	+0.0018909	+0.0020136	+0.0021235	+0.0022283
2014-03	-0.016	-0.0007498	-0.0006348	-0.0005372	-0.0004287	-0.0003079	-0.0001780	-0.0000354	+0.0001244	+0.0002961	+0.0004687	+0.0006432	+0.0008217	+0.0009904	+0.0011488	+0.0013034	+0.0014567	+0.0015913	+0.0017236	+0.0018432	+0.0019579	+0.0020546
2014-04	-0.002	-0.0009121	-0.0008089	-0.0007160	-0.0006038	-0.0005024	-0.0003868	-0.0002633	-0.0001297	+0.0000038	+0.0001510	+0.0003095	+0.0004669	+0.0006198	+0.0007705	+0.0009109	+0.0010424	+0.0011641	+0.0012857	+0.0013991	+0.0015309	+0.0016444
2014-05	0.003	-0.0008913	-0.0008248	-0.0007485	-0.0006661	-0.0005726	-0.0004796	-0.0003816	-0.0002753	-0.0001616	-0.0000419	+0.0000851	+0.0002104	+0.0003315	+0.0004457	+0.0005458	+0.0006434	+0.0007288	+0.0008123	+0.0008802	+0.0009472	+0.0010075
2014-06	0.015	-0.0009626	-0.0008975	-0.0008267	-0.0007480	-0.0006675	-0.0005741	-0.0004734	-0.0003631	-0.0002505	-0.0001356	-0.0000150	+0.0001053	+0.0002193	+0.0003330	+0.0004334	+0.0005279	+0.0006105	+0.0006856	+0.0007596	+0.0008407	+0.0009068
2014-07	0.049	-0.0009265	-0.0008577	-0.0007712	-0.0007022	-0.0006252	-0.0005351	-0.0004395	-0.0003420	-0.0002341	-0.0001199	-0.0000068	+0.0001047	+0.0002147	+0.0003234	+0.0004212	+0.0005136	+0.0005940	+0.0006724	+0.0007426	+0.0008184	+0.0008735
2014-08	0.003	-0.0009430	-0.0008798	-0.0008108	-0.0007319	-0.0006553	-0.0005682	-0.0004748	-0.0003729	-0.0002675	-0.0001581	-0.0000446	+0.0000639	+0.0001684	+0.0002645	+0.0003532	+0.0004360	+0.0005103	+0.0005801	+0.0006447	+0.0007027	+0.0007472
2014-09	0.032	-0.0008555	-0.0007855	-0.0007096	-0.0006353	-0.0005527	-0.0004652	-0.0003674	-0.0002672	-0.0001568	-0.0000485	+0.0000649	+0.0001775	+0.0002841	+0.0003803	+0.0004675	+0.0005456	+0.0006156	+0.0006781	+0.0007407	+0.0007940	+0.0008419
2014-10	0.005	-0.0004653	-0.0004102	-0.0003486	-0.0002880	-0.0002146	-0.0001425	-0.0000592	+0.0000290	+0.0001212	+0.0002192	+0.0003179	+0.0004124	+0.0005070	+0.0005969	+0.0006803	+0.0007541	+0.0008261	+0.0008912	+0.0009545	+0.0010078	+0.0010593
2014-11	0.087	-0.0004495	-0.0004001	-0.0003356	-0.0002651	-0.0001855	-0.0001095	-0.0000272	+0.0000621	+0.0001572	+0.0002530	+0.0003473	+0.0004409	+0.0005336	+0.0006149	+0.0006917	+0.0007621	+0.0008273	+0.0008962	+0.0009451	+0.0009946	+0.0010374
2014-12	0.065	-0.0004375	-0.0003799	-0.0003152	-0.0002505	-0.0001772	-0.0001002	-0.0000130	+0.0000771	+0.0001731	+0.0002705	+0.0003725	+0.0004727	+0.0005703	+0.0006618	+0.0007490	+0.0008231	+0.0009008	+0.0009684	+0.0010282	+0.0010856	+0.0011412
2015-01	-0.002	-0.0004204	-0.0003607	-0.0003044	-0.0002283	-0.0001407	-0.0000414	+0.0000627	+0.0001781	+0.0002921	+0.0004129	+0.0005403	+0.0006727	+0.0008053	+0.0009281	+0.0010512	+0.0011596	+0.0012650	+0.0013632	+0.0014644	+0.0015505	+0.0016300
2015-02	-0.013	-0.0003833	-0.0003022	-0.0002151	-0.0001239	-0.0000267	+0.0000792	+0.0001974	+0.0003203	+0.0004511	+0.0005918	+0.0007359	+0.0008815	+0.0010242	+0.0011680	+0.0012999	+0.0014177	+0.0015345	+0.0016367	+0.0017316	+0.0018176	+0.0019082
