2012-05	-0.070	-0.0009210	-0.0008514	-0.0007896	-0.0007213	-0.0006503	-0.0005652	-0.0004743	-0.0003691	-0.0002566	-0.0001364	-0.0000079	+0.0001181	+0.0002406	+0.0003580	+0.0004685	+0.0005796	+0.0006803	+0.0007701	+0.0008477	+0.0009349	+0.0010072
2012-06	0.015	-0.0011112	-0.0010381	-0.0009740	-0.0008990	-0.0008138	-0.0007236	-0.0006225	-0.0005110	-0.0003913	-0.0002631	-0.0001301	+0.0000055	+0.0001335	+0.0002592	+0.0003819	+0.0005030	+0.0006111	+0.0007218	+0.0008069	+0.0008871	+0.0009690
2012-07	0.011	-0.0012750	-0.0011963	-0.0011191	-0.0010434	-0.0009662	-0.0008772	-0.0007753	-0.0006637	-0.0005425	-0.0004087	-0.0002771	-0.0001354	+0.0000032	+0.0001400	+0.0002739	+0.0003887	+0.0005084	+0.0006097	+0.0007029	+0.0008027	+0.0008872
2012-08	0.007	-0.0012844	-0.0012079	-0.0011302	-0.0010552	-0.0009716	-0.0008801	-0.0007790	-0.0006699	-0.0005513	-0.0004219	-0.0002877	-0.0001544	-0.0000185	+0.0001169	+0.0002532	+0.0003804	+0.0004931	+0.0006141	+0.0007201	+0.0008270	+0.0009071
2012-09	0.016	-0.0011732	-0.0011010	-0.0010336	-0.0009532	-0.0008694	-0.0007738	-0.0006663	-0.0005547	-0.0004344	-0.0003029	-0.0001720	-0.0000412	+0.0000904	+0.0002195	+0.0003393	+0.0004608	+0.0005728	+0.0006779	+0.0007783	+0.0008719	+0.0009602
2012-10	0.013	-0.0011722	-0.0010900	-0.0010138	-0.0009285	-0.0008334	-0.0007343	-0.0006287	-0.0005072	-0.0003789	-0.0002483	-0.0001080	+0.0000326	+0.0001693	+0.0003000	+0.0004267	+0.0005365	+0.0006449	+0.0007464	+0.0008455	+0.0009527	+0.0010465
2012-11	0.032	-0.0010332	-0.0009523	-0.0008717	-0.0007871	-0.0006934	-0.0005928	-0.0004875	-0.0003693	-0.0002458	-0.0001141	+0.0000178	+0.0001546	+0.0002863	+0.0004193	+0.0005401	+0.0006508	+0.0007503	+0.0008435	+0.0009263	+0.0009947	+0.0010631
2012-12	0.058	-0.0008465	-0.0007715	-0.0006872	-0.0005982	-0.0005076	-0.0004074	-0.0003032	-0.0001908	-0.0000747	+0.0000463	+0.0001731	+0.0003003	+0.0004234	+0.0005394	+0.0006455	+0.0007467	+0.0008385	+0.0009301	+0.0010058	+0.0010838	+0.0011444
2013-01	0.059	-0.0006797	-0.0006144	-0.0005268	-0.0004351	-0.0003421	-0.0002437	-0.0001353	-0.0000268	+0.0000907	+0.0002097	+0.0003343	+0.0004596	+0.0005780	+0.0006870	+0.0007891	+0.0008905	+0.0009839	+0.0010728	+0.0011467	+0.0012207	+0.0012927
2013-02	0.003	-0.0005846	-0.0005111	-0.0004337	-0.0003355	-0.0002301	-0.0001207	-0.0000051	+0.0001251	+0.0002587	+0.0003970	+0.0005378	+0.0006845	+0.0008200	+0.0009500	+0.0010772	+0.0011884	+0.0012938	+0.0013950	+0.0014877	+0.0015829	+0.0016570
2013-03	0.022	-0.0005084	-0.0004247	-0.0003109	-0.0002172	-0.0001116	+0.0000037	+0.0001256	+0.0002555	+0.0004050	+0.0005632	+0.0007173	+0.0008741	+0.0010264	+0.0011666	+0.0013040	+0.0014261	+0.0015370	+0.0016501	+0.0017446	+0.0018424	+0.0019293
2013-04	0.045	-0.0004704	-0.0003829	-0.0002908	-0.0001892	-0.0000666	+0.0000673	+0.0002066	+0.0003556	+0.0005053	+0.0006635	+0.0008254	+0.0009825	+0.0011335	+0.0012764	+0.0014128	+0.0015311	+0.0016469	+0.0017573	+0.0018598	+0.0019604	+0.0020422
2013-05	0.009	-0.0005527	-0.0004406	-0.0003267	-0.0002000	-0.0000747	+0.0000570	+0.0001862	+0.0003248	+0.0004810	+0.0006386	+0.0007939	+0.0009450	+0.0010980	+0.0012334	+0.0013608	+0.0014854	+0.0015921	+0.0016947	+0.0017962	+0.0018842	+0.0019657
2013-06	-0.053	-0.0005944	-0.0004866	-0.0003545	-0.0002344	-0.0001094	+0.0000188	+0.0001628	+0.0003094	+0.0004541	+0.0006057	+0.0007558	+0.0009024	+0.0010481	+0.0011789	+0.0013020	+0.0014123	+0.0015236	+0.0016222	+0.0017105	+0.0017881	+0.0018806
2013-07	0.012	-0.0006196	-0.0005209	-0.0004169	-0.0003100	-0.0001876	-0.0000621	+0.0000733	+0.0002174	+0.0003664	+0.0005165	+0.0006738	+0.0008217	+0.0009702	+0.0011117	+0.0012397	+0.0013647	+0.0014821	+0.0015796	+0.0016774	+0.0017631	+0.0018535
2013-08	-0.005	-0.0004642	-0.0003877	-0.0003106	-0.0002151	-0.0001165	-0.0000045	+0.0001125	+0.0002439	+0.0003888	+0.0005309	+0.0006799	+0.0008262	+0.0009732	+0.0011082	+0.0012323	+0.0013522	+0.0014636	+0.0015552	+0.0016479	+0.0017347	+0.0018119
2013-09	0.029	-0.0002956	-0.0002083	-0.0001175	-0.0000188	+0.0000869	+0.0001992	+0.0003130	+0.0004350	+0.0005635	+0.0006911	+0.0008224	+0.0009544	+0.0010865	+0.0012089	+0.0013201	+0.0014271	+0.0015266	+0.0016216	+0.0017059	+0.0017788	+0.0018695
2013-10	0.022	-0.0003532	-0.0002481	-0.0001309	-0.0000164	+0.0000939	+0.0002108	+0.0003263	+0.0004485	+0.0005774	+0.0007031	+0.0008331	+0.0009580	+0.0010888	+0.0012017	+0.0013163	+0.0014184	+0.0015133	+0.0016108	+0.0016942	+0.0017679	+0.0018583
2013-11	0.024	-0.0003503	-0.0002506	-0.0001424	-0.0000139	+0.0001026	+0.0002193	+0.0003394	+0.0004632	+0.0005911	+0.0007254	+0.0008589	+0.0009939	+0.0011230	+0.0012458	+0.0013579	+0.0014680	+0.0015746	+0.0016700	+0.0017575	+0.0018367	+0.0019101
2013-12	0.020	-0.0003685	-0.0002411	-0.0001082	+0.0000035	+0.0001243	+0.0002350	+0.0003512	+0.0004757	+0.0005966	+0.0007236	+0.0008520	+0.0009755	+0.0010979	+0.0012138	+0.0013276	+0.0014355	+0.0015354	+0.0016316	+0.0017248	+0.0018058	+0.0018858
2014-01	-0.032	-0.0002893	-0.0001718	-0.0000607	+0.0000548	+0.0001624	+0.0002785	+0.0003956	+0.0005165	+0.0006423	+0.0007704	+0.0009035	+0.0010339	+0.0011625	+0.0012791	+0.0013908	+0.0014971	+0.0015885	+0.0016796	+0.0017561	+0.0018305	+0.0018855
2014-02	0.014	-0.0003004	-0.0001813	-0.0000647	+0.0000398	+0.0001500	+0.0002705	+0.0003861	+0.0005166	+0.0006418	+0.0007704	+0.0009002	+0.0010324	+0.0011593	+0.0012801	+0.0013951	+0.0015026	+0.0015998	+0.0016988	+0.0017871	+0.0018601	+0.0019474
2014-03	0.011	-0.0004760	-0.0003300	-0.0001963	-0.0000747	+0.0000440	+0.0001593	+0.0002794	+0.0004016	+0.0005306	+0.0006615	+0.0007950	+0.0009246	+0.0010517	+0.0011679	+0.0012798	+0.0013883	+0.0014813	+0.0015782	+0.0016697	+0.0017460	+0.0018276
2014-04	0.003	-0.0004608	-0.0003564	-0.0002651	-0.0001649	-0.0000777	+0.0000151	+0.0001165	+0.0002231	+0.0003337	+0.0004485	+0.0005632	+0.0006789	+0.0007927	+0.0008992	+0.0010016	+0.0010922	+0.0011847	+0.0012673	+0.0013539	+0.0014260	+0.0014946
2014-05	0.005	-0.0004090	-0.0003371	-0.0002686	-0.0001989	-0.0001150	-0.0000282	+0.0000666	+0.0001580	+0.0002518	+0.0003441	+0.0004422	+0.0005342	+0.0006224	+0.0007080	+0.0007849	+0.0008601	+0.0009271	+0.0009923	+0.0010450	+0.0010930	+0.0011394
2014-06	0.012	-0.0004186	-0.0003680	-0.0003051	-0.0002358	-0.0001686	-0.0000841	+0.0000035	+0.0000913	+0.0001836	+0.0002775	+0.0003684	+0.0004586	+0.0005465	+0.0006285	+0.0006990	+0.0007674	+0.0008234	+0.0008810	+0.0009337	+0.0009774	+0.0010239
2014-07	0.013	-0.0004348	-0.0003683	-0.0003023	-0.0002337	-0.0001699	-0.0000963	-0.0000157	+0.0000616	+0.0001449	+0.0002302	+0.0003181	+0.0004034	+0.0004850	+0.0005608	+0.0006322	+0.0006963	+0.0007531	+0.0008101	+0.0008584	+0.0009039	+0.0009428
2014-08	0.009	-0.0004577	-0.0003972	-0.0003403	-0.0002718	-0.0002124	-0.0001424	-0.0000727	+0.0000053	+0.0000845	+0.0001637	+0.0002423	+0.0003187	+0.0003901	+0.0004554	+0.0005134	+0.0005647	+0.0006121	+0.0006574	+0.0007000	+0.0007384	+0.0007740
2014-09	0.012	-0.0002808	-0.0002258	-0.0001756	-0.0001286	-0.0000748	-0.0000161	+0.0000405	+0.0001054	+0.0001718	+0.0002394	+0.0003037	+0.0003685	+0.0004304	+0.0004854	+0.0005353	+0.0005837	+0.0006266	+0.0006621	+0.0006969	+0.0007260	+0.0007546
2014-10	0.003	-0.0000004	+0.0000402	+0.0000834	+0.0001227	+0.0001638	+0.0002061	+0.0002512	+0.0002972	+0.0003460	+0.0003936	+0.0004398	+0.0004868	+0.0005307	+0.0005730	+0.0006123	+0.0006502	+0.0006850	+0.0007182	+0.0007524	+0.0007802	+0.0008032
2014-11	0.072	-0.0001604	-0.0001067	-0.0000334	+0.0000429	+0.0001141	+0.0001768	+0.0002267	+0.0002749	+0.0003260	+0.0003759	+0.0004273	+0.0004754	+0.0005252	+0.0005718	+0.0006136	+0.0006508	+0.0006859	+0.0007151	+0.0007424	+0.0007681	+0.0007937
2014-12	0.006	-0.0000781	-0.0000107	+0.0000543	+0.0001282	+0.0001815	+0.0002373	+0.0002899	+0.0003417	+0.0003921	+0.0004456	+0.0004986	+0.0005513	+0.0006035	+0.0006526	+0.0006993	+0.0007429	+0.0007832	+0.0008203	+0.0008577	+0.0008887	+0.0009240
2015-01	-0.018	-0.0000550	+0.0000236	+0.0000879	+0.0001478	+0.0002059	+0.0002643	+0.0003261	+0.0003834	+0.0004490	+0.0005194	+0.0005914	+0.0006654	+0.0007390	+0.0008127	+0.0008827	+0.0009524	+0.0010143	+0.0010731	+0.0011239	+0.0011728	+0.0012265
2015-02	0.002	-0.0002136	-0.0001073	+0.0000108	+0.0001118	+0.0001889	+0.0002545	+0.0003176	+0.0003827	+0.0004463	+0.0005153	+0.0005883	+0.0006634	+0.0007380	+0.0008122	+0.0008888	+0.0009582	+0.0010229	+0.0010791	+0.0011353	+0.0011900	+0.0012478
