2012-05	-0.126	-0.0022112	-0.0020792	-0.0019572	-0.0018068	-0.0016562	-0.0014846	-0.0013043	-0.0011070	-0.0008951	-0.0006690	-0.0004372	-0.0002121	+0.0000179	+0.0002385	+0.0004514	+0.0006455	+0.0008301	+0.0010003	+0.0011447	+0.0012834	+0.0014191
2012-06	0.064	-0.0024667	-0.0023446	-0.0021952	-0.0020586	-0.0018923	-0.0017113	-0.0015191	-0.0013140	-0.0010795	-0.0008400	-0.0005855	-0.0003375	-0.0000984	+0.0001306	+0.0003362	+0.0005434	+0.0007241	+0.0009085	+0.0010679	+0.0012229	+0.0013640
2012-07	-0.040	-0.0026244	-0.0024452	-0.0022819	-0.0021198	-0.0019415	-0.0017568	-0.0015527	-0.0013328	-0.0011023	-0.0008468	-0.0005951	-0.0003379	-0.0000891	+0.0001402	+0.0003642	+0.0005696	+0.0007674	+0.0009527	+0.0011087	+0.0012431	+0.0013882
2012-08	-0.016	-0.0024766	-0.0023150	-0.0021736	-0.0020183	-0.0018427	-0.0016509	-0.0014502	-0.0012341	-0.0010038	-0.0007715	-0.0005285	-0.0002786	-0.0000356	+0.0002066	+0.0004220	+0.0006370	+0.0008207	+0.0010107	+0.0011985	+0.0013507	+0.0014864
2012-09	0.017	-0.0024033	-0.0022517	-0.0020887	-0.0019307	-0.0017495	-0.0015648	-0.0013731	-0.0011585	-0.0009364	-0.0007043	-0.0004543	-0.0002088	+0.0000315	+0.0002556	+0.0004687	+0.0006606	+0.0008540	+0.0010113	+0.0011682	+0.0013279	+0.0014509
2012-10	0.017	-0.0024321	-0.0022995	-0.0021273	-0.0019685	-0.0017929	-0.0016091	-0.0014144	-0.0011971	-0.0009593	-0.0007144	-0.0004674	-0.0002176	+0.0000226	+0.0002501	+0.0004695	+0.0006645	+0.0008460	+0.0010109	+0.0011816	+0.0013345	+0.0015043
2012-11	0.048	-0.0022466	-0.0021227	-0.0019832	-0.0018266	-0.0016517	-0.0014746	-0.0012785	-0.0010699	-0.0008331	-0.0006009	-0.0003511	-0.0001056	+0.0001273	+0.0003562	+0.0005632	+0.0007487	+0.0009218	+0.0010876	+0.0012377	+0.0013904	+0.0015038
2012-12	0.105	-0.0018425	-0.0016811	-0.0015329	-0.0013808	-0.0012116	-0.0010367	-0.0008552	-0.0006645	-0.0004495	-0.0002375	-0.0000239	+0.0001897	+0.0003946	+0.0005915	+0.0007767	+0.0009422	+0.0010867	+0.0012495	+0.0013901	+0.0015188	+0.0016228
2013-01	0.092	-0.0016353	-0.0014956	-0.0013438	-0.0011685	-0.0010016	-0.0008337	-0.0006423	-0.0004393	-0.0002401	-0.0000273	+0.0001906	+0.0004062	+0.0006177	+0.0008092	+0.0009967	+0.0011718	+0.0013320	+0.0014883	+0.0016367	+0.0017647	+0.0018793
2013-02	0.035	-0.0014972	-0.0013410	-0.0011763	-0.0010035	-0.0008193	-0.0006220	-0.0004068	-0.0001824	+0.0000446	+0.0002865	+0.0005404	+0.0007918	+0.0010311	+0.0012709	+0.0014874	+0.0016936	+0.0018850	+0.0020820	+0.0022539	+0.0023914	+0.0025436
2013-03	0.059	-0.0013109	-0.0011368	-0.0009612	-0.0007840	-0.0005987	-0.0003912	-0.0001721	+0.0000646	+0.0003232	+0.0006090	+0.0008935	+0.0011739	+0.0014474	+0.0017065	+0.0019405	+0.0021724	+0.0023752	+0.0025773	+0.0027439	+0.0029302	+0.0030795
2013-04	0.127	-0.0012071	-0.0010590	-0.0009048	-0.0007138	-0.0005086	-0.0002692	-0.0000124	+0.0002484	+0.0005244	+0.0008133	+0.0011072	+0.0014103	+0.0016888	+0.0019557	+0.0022069	+0.0024470	+0.0026598	+0.0028594	+0.0030265	+0.0032099	+0.0033694
2013-05	-0.022	-0.0013126	-0.0011239	-0.0008942	-0.0006702	-0.0004540	-0.0002043	+0.0000462	+0.0003296	+0.0006187	+0.0009190	+0.0012200	+0.0015157	+0.0018096	+0.0020778	+0.0023276	+0.0025610	+0.0027640	+0.0029593	+0.0031292	+0.0033065	+0.0034470
2013-06	0.000	-0.0012957	-0.0010950	-0.0008983	-0.0006559	-0.0004528	-0.0001840	+0.0000905	+0.0003739	+0.0006780	+0.0009830	+0.0012936	+0.0015997	+0.0019017	+0.0021834	+0.0024366	+0.0026733	+0.0028905	+0.0030844	+0.0032564	+0.0034338	+0.0035868
2013-07	-0.000	-0.0013345	-0.0011626	-0.0009609	-0.0007558	-0.0005198	-0.0002749	-0.0000076	+0.0002757	+0.0005772	+0.0008793	+0.0011911	+0.0014999	+0.0017920	+0.0020788	+0.0023511	+0.0025916	+0.0028207	+0.0030473	+0.0032399	+0.0034009	+0.0035561
2013-08	-0.021	-0.0007788	-0.0006313	-0.0004857	-0.0002919	-0.0001177	+0.0000848	+0.0003153	+0.0005559	+0.0008156	+0.0010832	+0.0013619	+0.0016440	+0.0019236	+0.0021832	+0.0024302	+0.0026537	+0.0028597	+0.0030493	+0.0032310	+0.0033834	+0.0035314
2013-09	0.083	-0.0004494	-0.0002312	-0.0000563	+0.0001078	+0.0003142	+0.0005289	+0.0007426	+0.0009557	+0.0011951	+0.0014399	+0.0016877	+0.0019337	+0.0021880	+0.0024154	+0.0026303	+0.0028317	+0.0030148	+0.0031898	+0.0033467	+0.0034908	+0.0036306
2013-10	-0.005	-0.0006810	-0.0004238	-0.0001300	+0.0001068	+0.0003151	+0.0005161	+0.0007292	+0.0009463	+0.0011875	+0.0014423	+0.0016964	+0.0019531	+0.0021949	+0.0024197	+0.0026255	+0.0028148	+0.0029949	+0.0031644	+0.0033249	+0.0034822	+0.0036412
2013-11	0.057	-0.0004369	-0.0002381	-0.0000596	+0.0001473	+0.0003571	+0.0005812	+0.0007912	+0.0010261	+0.0012678	+0.0015200	+0.0017737	+0.0020213	+0.0022629	+0.0024901	+0.0027033	+0.0028928	+0.0030730	+0.0032479	+0.0033857	+0.0035466	+0.0036827
2013-12	0.037	-0.0004593	-0.0002547	+0.0000125	+0.0002503	+0.0004707	+0.0006708	+0.0008732	+0.0010835	+0.0013143	+0.0015516	+0.0017949	+0.0020302	+0.0022545	+0.0024802	+0.0026866	+0.0028842	+0.0030658	+0.0032214	+0.0033658	+0.0035094	+0.0036756
2014-01	-0.066	-0.0003337	-0.0000789	+0.0001804	+0.0004375	+0.0006720	+0.0008733	+0.0010778	+0.0012844	+0.0015061	+0.0017280	+0.0019598	+0.0021887	+0.0024130	+0.0026269	+0.0028225	+0.0030081	+0.0031755	+0.0033261	+0.0034659	+0.0035757	+0.0037016
2014-02	-0.009	-0.0004302	-0.0001560	+0.0001373	+0.0004204	+0.0006633	+0.0008834	+0.0011069	+0.0013252	+0.0015400	+0.0017691	+0.0019970	+0.0022215	+0.0024509	+0.0026707	+0.0028730	+0.0030615	+0.0032351	+0.0034024	+0.0035390	+0.0036777	+0.0037988
2014-03	-0.013	-0.0007834	-0.0004849	-0.0001573	+0.0001395	+0.0003853	+0.0006167	+0.0008426	+0.0010748	+0.0013082	+0.0015416	+0.0017838	+0.0020319	+0.0022622	+0.0024914	+0.0027035	+0.0028959	+0.0030634	+0.0032187	+0.0033678	+0.0034961	+0.0036204
2014-04	-0.036	-0.0009235	-0.0007155	-0.0005300	-0.0003158	-0.0000998	+0.0001028	+0.0003210	+0.0005497	+0.0007869	+0.0010297	+0.0012734	+0.0015227	+0.0017667	+0.0019940	+0.0022066	+0.0024113	+0.0026027	+0.0027707	+0.0029098	+0.0030538	+0.0031674
2014-05	0.033	-0.0009212	-0.0007713	-0.0006108	-0.0004602	-0.0003132	-0.0001399	+0.0000399	+0.0002282	+0.0004388	+0.0006591	+0.0008836	+0.0011131	+0.0013459	+0.0015607	+0.0017679	+0.0019563	+0.0021391	+0.0023054	+0.0024638	+0.0026128	+0.0027501
2014-06	0.056	-0.0010091	-0.0008992	-0.0007857	-0.0006704	-0.0005305	-0.0003852	-0.0002308	-0.0000508	+0.0001446	+0.0003526	+0.0005727	+0.0008001	+0.0010314	+0.0012543	+0.0014503	+0.0016440	+0.0018194	+0.0019862	+0.0021490	+0.0022928	+0.0024268
2014-07	0.023	-0.0009942	-0.0009011	-0.0007989	-0.0006896	-0.0005576	-0.0004108	-0.0002665	-0.0001109	+0.0000639	+0.0002441	+0.0004411	+0.0006365	+0.0008358	+0.0010207	+0.0012030	+0.0013707	+0.0015322	+0.0016812	+0.0018215	+0.0019440	+0.0020712
2014-08	-0.005	-0.0010534	-0.0009510	-0.0008331	-0.0007176	-0.0005910	-0.0004604	-0.0003093	-0.0001557	+0.0000086	+0.0001719	+0.0003459	+0.0005078	+0.0006662	+0.0008135	+0.0009476	+0.0010750	+0.0011917	+0.0012949	+0.0013896	+0.0014806	+0.0015574
2014-09	0.045	-0.0008620	-0.0007609	-0.0006596	-0.0005495	-0.0004393	-0.0003179	-0.0001932	-0.0000531	+0.0000893	+0.0002404	+0.0003983	+0.0005493	+0.0006986	+0.0008386	+0.0009653	+0.0010891	+0.0011921	+0.0012832	+0.0013683	+0.0014537	+0.0015348
2014-10	-0.001	-0.0007917	-0.0006898	-0.0005696	-0.0004579	-0.0003384	-0.0002162	-0.0000822	+0.0000559	+0.0002012	+0.0003496	+0.0004987	+0.0006435	+0.0007830	+0.0009130	+0.0010397	+0.0011430	+0.0012436	+0.0013296	+0.0014121	+0.0014939	+0.0015571
2014-11	0.052	-0.0008669	-0.0007723	-0.0006885	-0.0005783	-0.0004609	-0.0003492	-0.0002117	-0.0000754	+0.0000662	+0.0002209	+0.0003730	+0.0005267	+0.0006781	+0.0008136	+0.0009387	+0.0010531	+0.0011547	+0.0012533	+0.0013387	+0.0014238	+0.0014932
2014-12	-0.007	-0.0007572	-0.0006751	-0.0005704	-0.0004682	-0.0003610	-0.0002391	-0.0001118	+0.0000265	+0.0001715	+0.0003211	+0.0004698	+0.0006207	+0.0007576	+0.0008859	+0.0010007	+0.0011141	+0.0012112	+0.0012950	+0.0013747	+0.0014344	+0.0015051
2015-01	-0.006	-0.0007733	-0.0006853	-0.0005712	-0.0004525	-0.0003263	-0.0001900	-0.0000500	+0.0001076	+0.0002621	+0.0004287	+0.0005884	+0.0007451	+0.0008979	+0.0010436	+0.0011741	+0.0012961	+0.0014043	+0.0015006	+0.0016037	+0.0016866	+0.0017509
2015-02	0.001	-0.0008456	-0.0007202	-0.0006059	-0.0004805	-0.0003579	-0.0002295	-0.0000903	+0.0000577	+0.0002122	+0.0003745	+0.0005391	+0.0006988	+0.0008541	+0.0009939	+0.0011322	+0.0012598	+0.0013813	+0.0014806	+0.0015817	+0.0016724	+0.0017683
