2013-02	0.019	-0.0006180	-0.0005160	-0.0003881	-0.0002546	-0.0001260	+0.0000023	+0.0001430	+0.0003015	+0.0004705	+0.0006519	+0.0008288	+0.0010106	+0.0011855	+0.0013422	+0.0014994	+0.0016378	+0.0017744	+0.0018984	+0.0019931	+0.0020797	+0.0021711
2013-03	0.050	-0.0004206	-0.0003054	-0.0001820	-0.0000730	+0.0000511	+0.0001827	+0.0003240	+0.0004816	+0.0006526	+0.0008324	+0.0010148	+0.0011893	+0.0013614	+0.0015173	+0.0016665	+0.0018063	+0.0019283	+0.0020600	+0.0021676	+0.0022676	+0.0023694
2013-04	0.054	-0.0004010	-0.0002853	-0.0001677	-0.0000228	+0.0001124	+0.0002709	+0.0004396	+0.0006138	+0.0007899	+0.0009716	+0.0011600	+0.0013430	+0.0015148	+0.0016791	+0.0018312	+0.0019689	+0.0021025	+0.0022188	+0.0023333	+0.0024392	+0.0025361
2013-05	-0.014	-0.0004924	-0.0003362	-0.0002125	-0.0000417	+0.0001209	+0.0002799	+0.0004504	+0.0006249	+0.0008086	+0.0009993	+0.0011814	+0.0013595	+0.0015313	+0.0016891	+0.0018387	+0.0019750	+0.0021032	+0.0022144	+0.0023220	+0.0024190	+0.0025094
2013-06	-0.043	-0.0005626	-0.0004314	-0.0002580	-0.0001072	+0.0000662	+0.0002391	+0.0004143	+0.0005945	+0.0007737	+0.0009536	+0.0011282	+0.0013017	+0.0014727	+0.0016275	+0.0017688	+0.0019012	+0.0020208	+0.0021303	+0.0022234	+0.0023181	+0.0023981
2013-07	0.004	-0.0006937	-0.0005512	-0.0004040	-0.0002572	-0.0001095	+0.0000483	+0.0002222	+0.0004039	+0.0005880	+0.0007797	+0.0009653	+0.0011550	+0.0013304	+0.0014990	+0.0016567	+0.0017966	+0.0019366	+0.0020605	+0.0021770	+0.0022716	+0.0023748
2013-08	-0.022	-0.0005213	-0.0004087	-0.0003112	-0.0001883	-0.0000610	+0.0000904	+0.0002445	+0.0004110	+0.0005920	+0.0007735	+0.0009533	+0.0011355	+0.0013137	+0.0014807	+0.0016320	+0.0017749	+0.0019085	+0.0020251	+0.0021299	+0.0022273	+0.0023137
2013-09	0.055	-0.0004000	-0.0002734	-0.0001463	-0.0000155	+0.0001456	+0.0002935	+0.0004506	+0.0006141	+0.0007764	+0.0009399	+0.0011157	+0.0012815	+0.0014419	+0.0015971	+0.0017391	+0.0018663	+0.0019850	+0.0020937	+0.0021970	+0.0022743	+0.0023564
2013-10	0.025	-0.0005056	-0.0003754	-0.0002091	-0.0000584	+0.0001010	+0.0002477	+0.0004091	+0.0005720	+0.0007459	+0.0009179	+0.0010909	+0.0012574	+0.0014219	+0.0015673	+0.0017022	+0.0018311	+0.0019498	+0.0020560	+0.0021584	+0.0022413	+0.0023360
2013-11	0.017	-0.0004648	-0.0003329	-0.0001956	-0.0000325	+0.0001202	+0.0002765	+0.0004349	+0.0006028	+0.0007702	+0.0009473	+0.0011271	+0.0012981	+0.0014626	+0.0016200	+0.0017581	+0.0018932	+0.0020203	+0.0021249	+0.0022260	+0.0023218	+0.0024102
2013-12	0.024	-0.0004663	-0.0002939	-0.0001584	-0.0000108	+0.0001391	+0.0002966	+0.0004523	+0.0006145	+0.0007842	+0.0009561	+0.0011211	+0.0012876	+0.0014446	+0.0015936	+0.0017339	+0.0018661	+0.0019861	+0.0020900	+0.0021860	+0.0022799	+0.0023728
2014-01	-0.037	-0.0004177	-0.0002653	-0.0001117	+0.0000326	+0.0001764	+0.0003272	+0.0004869	+0.0006441	+0.0008131	+0.0009840	+0.0011569	+0.0013294	+0.0014898	+0.0016366	+0.0017743	+0.0019023	+0.0020193	+0.0021231	+0.0022202	+0.0022982	+0.0023809
2014-02	0.016	-0.0003977	-0.0002670	-0.0001292	+0.0000096	+0.0001600	+0.0003106	+0.0004631	+0.0006305	+0.0007967	+0.0009735	+0.0011397	+0.0013099	+0.0014721	+0.0016246	+0.0017738	+0.0019075	+0.0020294	+0.0021457	+0.0022452	+0.0023489	+0.0024272
2014-03	0.010	-0.0005686	-0.0004149	-0.0002561	-0.0001020	+0.0000378	+0.0001856	+0.0003396	+0.0005039	+0.0006733	+0.0008470	+0.0010240	+0.0011944	+0.0013535	+0.0015092	+0.0016502	+0.0017786	+0.0019038	+0.0020156	+0.0021193	+0.0022021	+0.0022881
2014-04	0.008	-0.0006275	-0.0004961	-0.0003644	-0.0002507	-0.0001324	-0.0000029	+0.0001264	+0.0002750	+0.0004263	+0.0005854	+0.0007449	+0.0009019	+0.0010570	+0.0012075	+0.0013422	+0.0014720	+0.0015916	+0.0017018	+0.0017990	+0.0018991	+0.0019898
2014-05	0.019	-0.0005788	-0.0004930	-0.0003985	-0.0003008	-0.0001897	-0.0000655	+0.0000537	+0.0001842	+0.0003133	+0.0004451	+0.0005838	+0.0007151	+0.0008427	+0.0009664	+0.0010813	+0.0011873	+0.0012882	+0.0013806	+0.0014638	+0.0015459	+0.0016277
2014-06	0.015	-0.0006270	-0.0005449	-0.0004509	-0.0003645	-0.0002626	-0.0001450	-0.0000319	+0.0000869	+0.0002135	+0.0003388	+0.0004635	+0.0005880	+0.0007077	+0.0008218	+0.0009296	+0.0010274	+0.0011158	+0.0011969	+0.0012791	+0.0013435	+0.0014044
2014-07	0.018	-0.0006199	-0.0005257	-0.0004447	-0.0003578	-0.0002728	-0.0001776	-0.0000734	+0.0000332	+0.0001420	+0.0002558	+0.0003715	+0.0004822	+0.0005898	+0.0006922	+0.0007855	+0.0008675	+0.0009429	+0.0010147	+0.0010863	+0.0011437	+0.0011938
2014-08	0.011	-0.0006360	-0.0005637	-0.0004769	-0.0003974	-0.0003143	-0.0002280	-0.0001271	-0.0000223	+0.0000833	+0.0001913	+0.0002968	+0.0003939	+0.0004923	+0.0005761	+0.0006529	+0.0007199	+0.0007832	+0.0008370	+0.0008888	+0.0009422	+0.0009777
2014-09	0.011	-0.0003272	-0.0002670	-0.0002066	-0.0001394	-0.0000719	-0.0000026	+0.0000717	+0.0001493	+0.0002340	+0.0003189	+0.0004051	+0.0004876	+0.0005654	+0.0006390	+0.0007048	+0.0007634	+0.0008188	+0.0008667	+0.0009114	+0.0009521	+0.0009812
2014-10	0.014	-0.0000306	+0.0000230	+0.0000845	+0.0001402	+0.0002003	+0.0002560	+0.0003184	+0.0003793	+0.0004416	+0.0005047	+0.0005649	+0.0006271	+0.0006844	+0.0007388	+0.0007903	+0.0008372	+0.0008817	+0.0009245	+0.0009604	+0.0009961	+0.0010246
2014-11	0.071	-0.0001883	-0.0001051	-0.0000331	+0.0000524	+0.0001324	+0.0002079	+0.0002742	+0.0003421	+0.0004087	+0.0004768	+0.0005430	+0.0006085	+0.0006714	+0.0007303	+0.0007864	+0.0008335	+0.0008806	+0.0009221	+0.0009605	+0.0010081	+0.0010429
2014-12	0.005	-0.0000603	+0.0000220	+0.0000934	+0.0001851	+0.0002572	+0.0003257	+0.0003921	+0.0004565	+0.0005172	+0.0005844	+0.0006509	+0.0007147	+0.0007774	+0.0008356	+0.0008893	+0.0009402	+0.0009883	+0.0010380	+0.0010799	+0.0011203	+0.0011523
2015-01	-0.005	-0.0001020	+0.0000070	+0.0000966	+0.0001855	+0.0002697	+0.0003512	+0.0004290	+0.0004993	+0.0005744	+0.0006515	+0.0007320	+0.0008137	+0.0008956	+0.0009740	+0.0010497	+0.0011209	+0.0011835	+0.0012442	+0.0013024	+0.0013480	+0.0014059
2015-02	-0.002	-0.0002231	-0.0001040	+0.0000181	+0.0001536	+0.0002621	+0.0003457	+0.0004223	+0.0004958	+0.0005705	+0.0006475	+0.0007251	+0.0008055	+0.0008870	+0.0009666	+0.0010467	+0.0011171	+0.0011842	+0.0012479	+0.0013097	+0.0013702	+0.0014322
