2012-09	0.079	-0.0053271	-0.0051128	-0.0048761	-0.0046162	-0.0043382	-0.0040125	-0.0036829	-0.0033290	-0.0029603	-0.0025522	-0.0021452	-0.0017303	-0.0013143	-0.0009193	-0.0005461	-0.0002187	+0.0001192	+0.0004130	+0.0007153	+0.0009663	+0.0012148
2012-10	0.012	-0.0050155	-0.0047400	-0.0044929	-0.0041890	-0.0039102	-0.0036007	-0.0032745	-0.0029423	-0.0025839	-0.0022232	-0.0018351	-0.0014519	-0.0010789	-0.0007031	-0.0003394	-0.0000056	+0.0003008	+0.0006012	+0.0009215	+0.0012555	+0.0015508
2012-11	0.036	-0.0046431	-0.0043887	-0.0041307	-0.0038828	-0.0035797	-0.0032757	-0.0029441	-0.0025944	-0.0022318	-0.0018560	-0.0014603	-0.0010503	-0.0006685	-0.0002971	+0.0000490	+0.0003597	+0.0006605	+0.0009402	+0.0012613	+0.0015972	+0.0019722
2012-12	0.105	-0.0040424	-0.0037605	-0.0035086	-0.0032504	-0.0029753	-0.0026734	-0.0023602	-0.0020259	-0.0016955	-0.0013454	-0.0009966	-0.0006308	-0.0002852	+0.0000363	+0.0003373	+0.0006359	+0.0008951	+0.0011639	+0.0013894	+0.0016166	+0.0018340
2013-01	0.052	-0.0032178	-0.0030030	-0.0027748	-0.0025430	-0.0022824	-0.0020200	-0.0017537	-0.0014522	-0.0011511	-0.0008151	-0.0004880	-0.0001606	+0.0001556	+0.0004625	+0.0007339	+0.0009949	+0.0012220	+0.0014304	+0.0016108	+0.0018149	+0.0019875
2013-02	-0.049	-0.0029397	-0.0027393	-0.0025324	-0.0022983	-0.0020463	-0.0017652	-0.0014599	-0.0011339	-0.0007844	-0.0004352	-0.0000836	+0.0002583	+0.0005884	+0.0008871	+0.0011709	+0.0014263	+0.0016658	+0.0019007	+0.0021160	+0.0023048	+0.0024944
2013-03	-0.054	-0.0028278	-0.0026235	-0.0023806	-0.0021347	-0.0018555	-0.0015751	-0.0012652	-0.0009410	-0.0005930	-0.0002388	+0.0001262	+0.0004860	+0.0008059	+0.0011335	+0.0014292	+0.0016907	+0.0019390	+0.0021767	+0.0023930	+0.0025979	+0.0027776
2013-04	-0.025	-0.0029110	-0.0027253	-0.0025110	-0.0022700	-0.0020074	-0.0017305	-0.0014237	-0.0010759	-0.0007348	-0.0003766	-0.0000166	+0.0003391	+0.0006733	+0.0009892	+0.0012928	+0.0015646	+0.0018224	+0.0020374	+0.0022506	+0.0024392	+0.0026202
2013-05	0.067	-0.0032891	-0.0030992	-0.0028668	-0.0026221	-0.0023607	-0.0021045	-0.0018263	-0.0015208	-0.0011859	-0.0008409	-0.0004875	-0.0001309	+0.0002140	+0.0005298	+0.0008206	+0.0010724	+0.0013304	+0.0015599	+0.0017865	+0.0019649	+0.0021444
2013-06	-0.149	-0.0033733	-0.0031556	-0.0029437	-0.0026918	-0.0024399	-0.0021623	-0.0018684	-0.0015719	-0.0012495	-0.0009083	-0.0005660	-0.0002304	+0.0000893	+0.0003996	+0.0006765	+0.0009483	+0.0012139	+0.0014379	+0.0016463	+0.0018681	+0.0020398
2013-07	0.049	-0.0032835	-0.0030967	-0.0028657	-0.0026370	-0.0023961	-0.0021303	-0.0018468	-0.0015286	-0.0012111	-0.0008797	-0.0005489	-0.0002142	+0.0001164	+0.0004279	+0.0007266	+0.0010007	+0.0012580	+0.0014741	+0.0016603	+0.0018414	+0.0020616
2013-08	0.018	-0.0028775	-0.0026625	-0.0025059	-0.0023210	-0.0021093	-0.0018815	-0.0016154	-0.0013585	-0.0010657	-0.0007530	-0.0004279	-0.0000995	+0.0002189	+0.0005040	+0.0007703	+0.0010275	+0.0012515	+0.0014642	+0.0016500	+0.0018167	+0.0019931
2013-09	0.051	-0.0019724	-0.0018045	-0.0016637	-0.0014962	-0.0013132	-0.0011124	-0.0009048	-0.0006767	-0.0004280	-0.0001655	+0.0001062	+0.0003774	+0.0006538	+0.0009102	+0.0011472	+0.0013641	+0.0015814	+0.0017748	+0.0019579	+0.0021148	+0.0022549
2013-10	0.006	-0.0015687	-0.0014391	-0.0012801	-0.0011223	-0.0009496	-0.0007558	-0.0005472	-0.0003233	-0.0000888	+0.0001582	+0.0004060	+0.0006551	+0.0008994	+0.0011456	+0.0013800	+0.0015875	+0.0017700	+0.0019484	+0.0021321	+0.0023070	+0.0024622
2013-11	0.026	-0.0014838	-0.0013284	-0.0011729	-0.0010032	-0.0008142	-0.0006314	-0.0004136	-0.0001880	+0.0000585	+0.0003203	+0.0005757	+0.0008317	+0.0010826	+0.0013137	+0.0015300	+0.0017474	+0.0019475	+0.0021162	+0.0022741	+0.0024558	+0.0026005
2013-12	0.023	-0.0014235	-0.0012669	-0.0011094	-0.0009649	-0.0007987	-0.0006014	-0.0004044	-0.0001919	+0.0000247	+0.0002556	+0.0004993	+0.0007351	+0.0009729	+0.0011908	+0.0014178	+0.0016203	+0.0017921	+0.0019510	+0.0021230	+0.0022871	+0.0024373
2014-01	-0.064	-0.0014306	-0.0012942	-0.0011561	-0.0009849	-0.0008236	-0.0006422	-0.0004544	-0.0002480	-0.0000268	+0.0002054	+0.0004524	+0.0006956	+0.0009367	+0.0011710	+0.0013916	+0.0015948	+0.0017699	+0.0019317	+0.0020992	+0.0022247	+0.0023516
2014-02	0.010	-0.0014247	-0.0012930	-0.0011587	-0.0010003	-0.0008287	-0.0006713	-0.0004824	-0.0002789	-0.0000630	+0.0001744	+0.0004162	+0.0006570	+0.0008921	+0.0011297	+0.0013421	+0.0015457	+0.0017383	+0.0018967	+0.0020797	+0.0022255	+0.0023582
2014-03	-0.002	-0.0016101	-0.0014737	-0.0013435	-0.0012045	-0.0010513	-0.0008830	-0.0006977	-0.0004811	-0.0002676	-0.0000335	+0.0002106	+0.0004442	+0.0006762	+0.0009003	+0.0011097	+0.0013131	+0.0014890	+0.0016625	+0.0018344	+0.0019854	+0.0021332
2014-04	0.012	-0.0017396	-0.0016344	-0.0015154	-0.0013712	-0.0012347	-0.0010883	-0.0009316	-0.0007710	-0.0005919	-0.0003997	-0.0002023	+0.0000021	+0.0001914	+0.0003777	+0.0005566	+0.0007264	+0.0008780	+0.0010199	+0.0011640	+0.0012997	+0.0014443
2014-05	-0.009	-0.0017348	-0.0016304	-0.0015150	-0.0013946	-0.0012670	-0.0011251	-0.0009750	-0.0008235	-0.0006545	-0.0004790	-0.0002974	-0.0001195	+0.0000462	+0.0002052	+0.0003453	+0.0004736	+0.0005905	+0.0006948	+0.0007894	+0.0008818	+0.0009590
2014-06	0.007	-0.0016696	-0.0015416	-0.0014260	-0.0012776	-0.0011443	-0.0009922	-0.0008424	-0.0006739	-0.0004974	-0.0003187	-0.0001384	+0.0000356	+0.0002063	+0.0003558	+0.0004892	+0.0006122	+0.0007143	+0.0008133	+0.0009065	+0.0009983	+0.0010769
2014-07	0.086	-0.0012195	-0.0011348	-0.0010372	-0.0009165	-0.0008026	-0.0006784	-0.0005485	-0.0004147	-0.0002735	-0.0001213	+0.0000338	+0.0001785	+0.0003159	+0.0004471	+0.0005673	+0.0006817	+0.0007831	+0.0008743	+0.0009557	+0.0010288	+0.0011102
2014-08	-0.047	-0.0012114	-0.0011120	-0.0009941	-0.0008677	-0.0007432	-0.0006145	-0.0004747	-0.0003295	-0.0001783	-0.0000191	+0.0001427	+0.0002925	+0.0004335	+0.0005591	+0.0006840	+0.0007958	+0.0009048	+0.0010020	+0.0010849	+0.0011648	+0.0012503
2014-09	-0.060	-0.0009855	-0.0008795	-0.0007826	-0.0006701	-0.0005458	-0.0004241	-0.0002877	-0.0001412	+0.0000093	+0.0001668	+0.0003241	+0.0004712	+0.0006139	+0.0007434	+0.0008653	+0.0009700	+0.0010676	+0.0011498	+0.0012218	+0.0013043	+0.0013817
2014-10	-0.069	-0.0005959	-0.0005092	-0.0004191	-0.0003290	-0.0002372	-0.0001370	-0.0000329	+0.0000836	+0.0002067	+0.0003335	+0.0004603	+0.0005865	+0.0007021	+0.0008185	+0.0009250	+0.0010261	+0.0011137	+0.0011979	+0.0012779	+0.0013431	+0.0013998
2014-11	0.078	-0.0014032	-0.0012847	-0.0011702	-0.0010290	-0.0008845	-0.0007345	-0.0005705	-0.0003844	-0.0002024	-0.0000216	+0.0001552	+0.0003247	+0.0004905	+0.0006316	+0.0007540	+0.0008641	+0.0009660	+0.0010548	+0.0011360	+0.0012035	+0.0012651
2014-12	-0.046	-0.0015753	-0.0014635	-0.0013237	-0.0012011	-0.0010588	-0.0009228	-0.0007623	-0.0006075	-0.0004460	-0.0002726	-0.0001017	+0.0000620	+0.0002155	+0.0003558	+0.0004782	+0.0005921	+0.0006925	+0.0007890	+0.0008672	+0.0009386	+0.0010186
2015-01	-0.049	-0.0015727	-0.0014633	-0.0013551	-0.0012310	-0.0010883	-0.0009440	-0.0007985	-0.0006342	-0.0004721	-0.0002991	-0.0001287	+0.0000319	+0.0001820	+0.0003237	+0.0004553	+0.0005722	+0.0006737	+0.0007687	+0.0008541	+0.0009341	+0.0009995
2015-02	0.023	-0.0017109	-0.0015831	-0.0014627	-0.0013365	-0.0011990	-0.0010682	-0.0009140	-0.0007532	-0.0005853	-0.0004104	-0.0002361	-0.0000627	+0.0001019	+0.0002520	+0.0003841	+0.0005093	+0.0006238	+0.0007192	+0.0008095	+0.0008851	+0.0009445
