2012-05	-0.116	-0.0021807	-0.0020659	-0.0019353	-0.0018110	-0.0016641	-0.0015130	-0.0013448	-0.0011597	-0.0009667	-0.0007508	-0.0005366	-0.0003217	-0.0001114	+0.0001084	+0.0003037	+0.0004877	+0.0006620	+0.0008287	+0.0009705	+0.0011073	+0.0012418
2012-06	0.061	-0.0024017	-0.0022840	-0.0021562	-0.0020257	-0.0018749	-0.0017097	-0.0015304	-0.0013401	-0.0011243	-0.0008969	-0.0006643	-0.0004281	-0.0001988	+0.0000097	+0.0002070	+0.0004056	+0.0005826	+0.0007558	+0.0009024	+0.0010365	+0.0011806
2012-07	-0.030	-0.0024837	-0.0023458	-0.0022054	-0.0020442	-0.0018904	-0.0017228	-0.0015406	-0.0013346	-0.0011201	-0.0008882	-0.0006511	-0.0004133	-0.0001802	+0.0000350	+0.0002425	+0.0004383	+0.0006244	+0.0007976	+0.0009439	+0.0010823	+0.0012129
2012-08	-0.009	-0.0023961	-0.0022355	-0.0020964	-0.0019538	-0.0017968	-0.0016197	-0.0014314	-0.0012365	-0.0010262	-0.0008086	-0.0005799	-0.0003473	-0.0001150	+0.0001092	+0.0003170	+0.0005153	+0.0006934	+0.0008683	+0.0010449	+0.0011970	+0.0013056
2012-09	0.015	-0.0023241	-0.0021808	-0.0020296	-0.0018884	-0.0017361	-0.0015667	-0.0013824	-0.0011832	-0.0009703	-0.0007538	-0.0005271	-0.0002984	-0.0000728	+0.0001467	+0.0003494	+0.0005277	+0.0007005	+0.0008371	+0.0009898	+0.0011486	+0.0012771
2012-10	0.003	-0.0023476	-0.0021997	-0.0020769	-0.0019292	-0.0017632	-0.0015973	-0.0014201	-0.0012183	-0.0009992	-0.0007726	-0.0005423	-0.0003126	-0.0000896	+0.0001258	+0.0003240	+0.0005113	+0.0006809	+0.0008398	+0.0009995	+0.0011479	+0.0012860
2012-11	0.051	-0.0022059	-0.0020906	-0.0019570	-0.0018189	-0.0016606	-0.0014890	-0.0013062	-0.0011138	-0.0008992	-0.0006820	-0.0004554	-0.0002320	-0.0000085	+0.0002015	+0.0003920	+0.0005715	+0.0007371	+0.0008983	+0.0010427	+0.0011793	+0.0012849
2012-12	0.097	-0.0018529	-0.0017062	-0.0015627	-0.0014244	-0.0012668	-0.0011048	-0.0009435	-0.0007643	-0.0005690	-0.0003745	-0.0001679	+0.0000329	+0.0002263	+0.0004112	+0.0005941	+0.0007488	+0.0008922	+0.0010375	+0.0011735	+0.0012904	+0.0014138
2013-01	0.101	-0.0016310	-0.0014923	-0.0013457	-0.0011943	-0.0010412	-0.0008779	-0.0007027	-0.0005176	-0.0003310	-0.0001317	+0.0000757	+0.0002827	+0.0004871	+0.0006703	+0.0008463	+0.0010089	+0.0011590	+0.0013146	+0.0014509	+0.0015783	+0.0016849
2013-02	0.033	-0.0014446	-0.0012938	-0.0011463	-0.0009800	-0.0008119	-0.0006272	-0.0004224	-0.0002094	+0.0000059	+0.0002330	+0.0004723	+0.0007164	+0.0009468	+0.0011693	+0.0013850	+0.0015828	+0.0017789	+0.0019580	+0.0021306	+0.0022720	+0.0024057
2013-03	0.083	-0.0012403	-0.0010882	-0.0009222	-0.0007605	-0.0005752	-0.0003846	-0.0001766	+0.0000494	+0.0002941	+0.0005605	+0.0008354	+0.0011045	+0.0013739	+0.0016195	+0.0018582	+0.0020722	+0.0022723	+0.0024687	+0.0026410	+0.0028128	+0.0029550
2013-04	0.141	-0.0011403	-0.0010111	-0.0008532	-0.0006692	-0.0004808	-0.0002476	-0.0000034	+0.0002512	+0.0005240	+0.0008014	+0.0010884	+0.0013819	+0.0016562	+0.0019159	+0.0021759	+0.0024126	+0.0026191	+0.0028204	+0.0030031	+0.0031544	+0.0033145
2013-05	-0.033	-0.0012140	-0.0010397	-0.0008211	-0.0005978	-0.0003973	-0.0001562	+0.0001000	+0.0003775	+0.0006645	+0.0009641	+0.0012691	+0.0015680	+0.0018611	+0.0021333	+0.0023857	+0.0026220	+0.0028339	+0.0030381	+0.0032221	+0.0033789	+0.0035274
2013-06	0.013	-0.0011980	-0.0010304	-0.0008296	-0.0005967	-0.0003731	-0.0001150	+0.0001583	+0.0004440	+0.0007487	+0.0010582	+0.0013711	+0.0016940	+0.0020043	+0.0022959	+0.0025573	+0.0028092	+0.0030372	+0.0032258	+0.0034065	+0.0035882	+0.0037526
2013-07	0.007	-0.0012666	-0.0010712	-0.0008538	-0.0006320	-0.0004007	-0.0001524	+0.0001144	+0.0003988	+0.0006972	+0.0010095	+0.0013239	+0.0016367	+0.0019418	+0.0022303	+0.0025043	+0.0027501	+0.0029974	+0.0032121	+0.0034199	+0.0036118	+0.0037950
2013-08	-0.030	-0.0006328	-0.0004858	-0.0003113	-0.0001334	+0.0000487	+0.0002565	+0.0004779	+0.0007205	+0.0009862	+0.0012481	+0.0015331	+0.0018169	+0.0020986	+0.0023691	+0.0026173	+0.0028426	+0.0030520	+0.0032519	+0.0034270	+0.0035971	+0.0037539
2013-09	0.094	-0.0004456	-0.0002104	+0.0000179	+0.0002117	+0.0004361	+0.0006654	+0.0008746	+0.0010875	+0.0013258	+0.0015779	+0.0018388	+0.0020940	+0.0023519	+0.0025881	+0.0028131	+0.0030210	+0.0032120	+0.0033972	+0.0035574	+0.0036878	+0.0038504
2013-10	-0.002	-0.0007491	-0.0003776	-0.0000818	+0.0001838	+0.0004028	+0.0006165	+0.0008368	+0.0010630	+0.0013079	+0.0015710	+0.0018324	+0.0021012	+0.0023545	+0.0025863	+0.0027963	+0.0029965	+0.0031818	+0.0033539	+0.0035341	+0.0036953	+0.0038594
2013-11	0.054	-0.0004157	-0.0001751	+0.0000408	+0.0002587	+0.0004833	+0.0006964	+0.0009259	+0.0011684	+0.0014181	+0.0016837	+0.0019391	+0.0021976	+0.0024465	+0.0026813	+0.0029001	+0.0030976	+0.0032851	+0.0034451	+0.0036030	+0.0037666	+0.0038998
2013-12	0.049	-0.0004597	-0.0001992	+0.0000938	+0.0003485	+0.0005844	+0.0007929	+0.0010016	+0.0012258	+0.0014615	+0.0017139	+0.0019568	+0.0022076	+0.0024443	+0.0026765	+0.0028911	+0.0030948	+0.0032728	+0.0034219	+0.0035835	+0.0037323	+0.0038825
2014-01	-0.028	-0.0003159	-0.0000322	+0.0002652	+0.0005675	+0.0008140	+0.0010295	+0.0012326	+0.0014488	+0.0016795	+0.0019116	+0.0021511	+0.0023819	+0.0026102	+0.0028309	+0.0030292	+0.0032259	+0.0034033	+0.0035536	+0.0036855	+0.0038115	+0.0039324
2014-02	-0.018	-0.0003216	-0.0000715	+0.0002965	+0.0006159	+0.0008838	+0.0011178	+0.0013483	+0.0015635	+0.0017796	+0.0020135	+0.0022396	+0.0024671	+0.0026947	+0.0029104	+0.0031161	+0.0033088	+0.0034842	+0.0036459	+0.0037951	+0.0039147	+0.0040430
2014-03	-0.033	-0.0006976	-0.0003589	+0.0000473	+0.0004234	+0.0006897	+0.0009308	+0.0011618	+0.0013858	+0.0016201	+0.0018475	+0.0020858	+0.0023267	+0.0025625	+0.0027864	+0.0029977	+0.0031817	+0.0033524	+0.0034986	+0.0036438	+0.0037743	+0.0039005
2014-04	-0.053	-0.0008539	-0.0006356	-0.0003110	-0.0000420	+0.0001888	+0.0004125	+0.0006348	+0.0008632	+0.0011059	+0.0013480	+0.0015944	+0.0018444	+0.0020887	+0.0023176	+0.0025334	+0.0027372	+0.0029216	+0.0030825	+0.0032289	+0.0033650	+0.0034893
2014-05	0.044	-0.0008438	-0.0006593	-0.0004819	-0.0002953	-0.0001139	+0.0000710	+0.0002688	+0.0004724	+0.0006915	+0.0009239	+0.0011619	+0.0014020	+0.0016426	+0.0018716	+0.0020917	+0.0022984	+0.0024887	+0.0026648	+0.0028426	+0.0029849	+0.0031258
2014-06	0.060	-0.0009700	-0.0008461	-0.0007053	-0.0005683	-0.0004273	-0.0002690	-0.0001001	+0.0000921	+0.0003053	+0.0005365	+0.0007673	+0.0010086	+0.0012660	+0.0015051	+0.0017276	+0.0019424	+0.0021380	+0.0023140	+0.0024770	+0.0026278	+0.0027882
2014-07	0.061	-0.0009660	-0.0008697	-0.0007490	-0.0006158	-0.0004769	-0.0003161	-0.0001567	+0.0000115	+0.0001962	+0.0003935	+0.0006017	+0.0008060	+0.0010210	+0.0012211	+0.0014150	+0.0015921	+0.0017584	+0.0019101	+0.0020462	+0.0021691	+0.0023224
2014-08	0.010	-0.0009965	-0.0008882	-0.0007622	-0.0006407	-0.0004914	-0.0003453	-0.0001848	-0.0000099	+0.0001657	+0.0003526	+0.0005344	+0.0007136	+0.0008821	+0.0010455	+0.0011938	+0.0013277	+0.0014564	+0.0015675	+0.0016716	+0.0017640	+0.0018565
2014-09	0.020	-0.0008016	-0.0006820	-0.0005546	-0.0004294	-0.0003011	-0.0001549	-0.0000042	+0.0001527	+0.0003188	+0.0004884	+0.0006635	+0.0008397	+0.0010109	+0.0011644	+0.0013087	+0.0014389	+0.0015543	+0.0016589	+0.0017580	+0.0018389	+0.0019202
2014-10	0.001	-0.0007695	-0.0006406	-0.0005181	-0.0003922	-0.0002378	-0.0000845	+0.0000750	+0.0002471	+0.0004137	+0.0005891	+0.0007637	+0.0009403	+0.0011069	+0.0012629	+0.0013939	+0.0015097	+0.0016207	+0.0017203	+0.0018065	+0.0018827	+0.0019455
2014-11	0.053	-0.0009106	-0.0008017	-0.0006723	-0.0005439	-0.0004041	-0.0002620	-0.0001110	+0.0000546	+0.0002228	+0.0004062	+0.0005920	+0.0007698	+0.0009453	+0.0011097	+0.0012547	+0.0013847	+0.0015040	+0.0016177	+0.0017247	+0.0017982	+0.0018621
2014-12	-0.001	-0.0007423	-0.0006414	-0.0005314	-0.0004113	-0.0002743	-0.0001422	+0.0000123	+0.0001657	+0.0003361	+0.0005174	+0.0006965	+0.0008709	+0.0010251	+0.0011760	+0.0013093	+0.0014268	+0.0015410	+0.0016348	+0.0017272	+0.0018086	+0.0018712
2015-01	0.018	-0.0007782	-0.0006503	-0.0005199	-0.0003773	-0.0002422	-0.0000865	+0.0000696	+0.0002380	+0.0004155	+0.0006011	+0.0007863	+0.0009686	+0.0011381	+0.0012951	+0.0014413	+0.0015768	+0.0016897	+0.0018021	+0.0019048	+0.0019854	+0.0020706
2015-02	-0.018	-0.0008157	-0.0006985	-0.0005434	-0.0004124	-0.0002671	-0.0001170	+0.0000461	+0.0002182	+0.0003916	+0.0005728	+0.0007531	+0.0009365	+0.0011131	+0.0012714	+0.0014124	+0.0015517	+0.0016733	+0.0017960	+0.0019047	+0.0020044	+0.0020954
