2012-05	-0.014	-0.0005728	-0.0005222	-0.0004674	-0.0004065	-0.0003393	-0.0002707	-0.0002011	-0.0001280	-0.0000461	+0.0000349	+0.0001170	+0.0001951	+0.0002668	+0.0003358	+0.0003980	+0.0004562	+0.0005091	+0.0005570	+0.0006005	+0.0006403	+0.0006743
2012-06	0.015	-0.0006114	-0.0005583	-0.0005091	-0.0004481	-0.0003754	-0.0003066	-0.0002356	-0.0001566	-0.0000760	+0.0000065	+0.0000862	+0.0001637	+0.0002362	+0.0003057	+0.0003719	+0.0004325	+0.0004895	+0.0005369	+0.0005822	+0.0006238	+0.0006595
2012-07	0.017	-0.0006367	-0.0005890	-0.0005187	-0.0004582	-0.0003895	-0.0003188	-0.0002468	-0.0001724	-0.0000934	-0.0000116	+0.0000692	+0.0001509	+0.0002288	+0.0002994	+0.0003639	+0.0004230	+0.0004744	+0.0005202	+0.0005648	+0.0006122	+0.0006487
2012-08	0.011	-0.0006144	-0.0005586	-0.0005052	-0.0004421	-0.0003770	-0.0003118	-0.0002403	-0.0001641	-0.0000808	-0.0000002	+0.0000797	+0.0001584	+0.0002345	+0.0003058	+0.0003710	+0.0004322	+0.0004848	+0.0005348	+0.0005792	+0.0006249	+0.0006627
2012-09	0.011	-0.0005172	-0.0004717	-0.0004132	-0.0003532	-0.0002879	-0.0002245	-0.0001520	-0.0000757	+0.0000038	+0.0000889	+0.0001710	+0.0002534	+0.0003315	+0.0004020	+0.0004666	+0.0005245	+0.0005751	+0.0006220	+0.0006657	+0.0007079	+0.0007430
2012-10	0.007	-0.0005140	-0.0004618	-0.0003999	-0.0003301	-0.0002581	-0.0001848	-0.0001050	-0.0000244	+0.0000600	+0.0001489	+0.0002357	+0.0003142	+0.0003883	+0.0004602	+0.0005247	+0.0005787	+0.0006262	+0.0006726	+0.0007107	+0.0007465	+0.0007832
2012-11	0.004	-0.0004003	-0.0003361	-0.0002809	-0.0002190	-0.0001489	-0.0000762	-0.0000030	+0.0000764	+0.0001614	+0.0002450	+0.0003277	+0.0004020	+0.0004701	+0.0005291	+0.0005805	+0.0006267	+0.0006695	+0.0007108	+0.0007476	+0.0007786	+0.0008070
2012-12	0.013	-0.0001850	-0.0001316	-0.0000781	-0.0000218	+0.0000333	+0.0000948	+0.0001583	+0.0002266	+0.0002910	+0.0003558	+0.0004173	+0.0004725	+0.0005246	+0.0005744	+0.0006184	+0.0006602	+0.0006980	+0.0007329	+0.0007644	+0.0007913	+0.0008146
2013-01	0.011	-0.0000334	+0.0000183	+0.0000782	+0.0001449	+0.0002040	+0.0002515	+0.0002965	+0.0003391	+0.0003820	+0.0004276	+0.0004745	+0.0005183	+0.0005622	+0.0006051	+0.0006445	+0.0006817	+0.0007152	+0.0007489	+0.0007798	+0.0008086	+0.0008351
2013-02	-0.002	-0.0001110	-0.0000456	+0.0000581	+0.0001658	+0.0002226	+0.0002729	+0.0003165	+0.0003594	+0.0004040	+0.0004499	+0.0004955	+0.0005428	+0.0005881	+0.0006304	+0.0006684	+0.0007039	+0.0007390	+0.0007732	+0.0008022	+0.0008305	+0.0008593
2013-03	0.007	-0.0000365	+0.0000075	+0.0000746	+0.0001408	+0.0001992	+0.0002489	+0.0002951	+0.0003388	+0.0003839	+0.0004274	+0.0004709	+0.0005131	+0.0005547	+0.0005950	+0.0006311	+0.0006661	+0.0006993	+0.0007281	+0.0007554	+0.0007786	+0.0008055
2013-04	0.013	-0.0001818	-0.0001199	-0.0000553	+0.0000726	+0.0001591	+0.0002158	+0.0002608	+0.0003040	+0.0003464	+0.0003882	+0.0004318	+0.0004736	+0.0005146	+0.0005531	+0.0005905	+0.0006255	+0.0006560	+0.0006812	+0.0007086	+0.0007308	+0.0007540
2013-05	-0.005	-0.0001194	-0.0000798	-0.0000212	+0.0000722	+0.0001431	+0.0001888	+0.0002284	+0.0002634	+0.0002996	+0.0003361	+0.0003725	+0.0004104	+0.0004463	+0.0004799	+0.0005104	+0.0005387	+0.0005660	+0.0005913	+0.0006148	+0.0006348	+0.0006567
2013-06	-0.029	-0.0000955	-0.0000390	+0.0000215	+0.0000863	+0.0001375	+0.0001778	+0.0002158	+0.0002520	+0.0002872	+0.0003222	+0.0003571	+0.0003919	+0.0004249	+0.0004567	+0.0004854	+0.0005135	+0.0005391	+0.0005616	+0.0005836	+0.0006044	+0.0006236
2013-07	0.019	-0.0001102	-0.0000673	-0.0000232	+0.0000242	+0.0000687	+0.0001126	+0.0001564	+0.0002011	+0.0002439	+0.0002859	+0.0003280	+0.0003689	+0.0004067	+0.0004424	+0.0004752	+0.0005049	+0.0005306	+0.0005549	+0.0005748	+0.0005989	+0.0006172
2013-08	-0.004	-0.0001967	-0.0001599	-0.0001168	-0.0000764	-0.0000297	+0.0000173	+0.0000647	+0.0001168	+0.0001701	+0.0002246	+0.0002756	+0.0003245	+0.0003707	+0.0004119	+0.0004487	+0.0004827	+0.0005100	+0.0005373	+0.0005608	+0.0005837	+0.0006032
2013-09	0.012	-0.0001527	-0.0001205	-0.0000773	-0.0000377	+0.0000031	+0.0000490	+0.0000968	+0.0001485	+0.0002001	+0.0002516	+0.0003029	+0.0003507	+0.0003959	+0.0004375	+0.0004738	+0.0005073	+0.0005362	+0.0005625	+0.0005885	+0.0006126	+0.0006358
2013-10	0.017	-0.0001931	-0.0001507	-0.0001066	-0.0000636	-0.0000190	+0.0000282	+0.0000780	+0.0001288	+0.0001798	+0.0002325	+0.0002822	+0.0003287	+0.0003711	+0.0004109	+0.0004485	+0.0004813	+0.0005104	+0.0005378	+0.0005633	+0.0005831	+0.0006039
2013-11	0.002	-0.0001999	-0.0001667	-0.0001263	-0.0000799	-0.0000337	+0.0000134	+0.0000606	+0.0001070	+0.0001560	+0.0002038	+0.0002528	+0.0002986	+0.0003404	+0.0003775	+0.0004098	+0.0004387	+0.0004649	+0.0004884	+0.0005083	+0.0005304	+0.0005462
2013-12	0.005	-0.0001999	-0.0001587	-0.0001182	-0.0000824	-0.0000416	+0.0000054	+0.0000517	+0.0001000	+0.0001475	+0.0001952	+0.0002412	+0.0002848	+0.0003239	+0.0003576	+0.0003879	+0.0004142	+0.0004377	+0.0004585	+0.0004779	+0.0004954	+0.0005133
2014-01	0.004	-0.0001884	-0.0001560	-0.0001231	-0.0000845	-0.0000455	-0.0000042	+0.0000381	+0.0000843	+0.0001330	+0.0001789	+0.0002245	+0.0002693	+0.0003065	+0.0003408	+0.0003719	+0.0003986	+0.0004218	+0.0004410	+0.0004602	+0.0004783	+0.0004955
2014-02	0.011	-0.0001852	-0.0001477	-0.0001136	-0.0000731	-0.0000352	+0.0000069	+0.0000507	+0.0000968	+0.0001418	+0.0001870	+0.0002325	+0.0002751	+0.0003134	+0.0003464	+0.0003760	+0.0004017	+0.0004236	+0.0004450	+0.0004643	+0.0004823	+0.0005035
2014-03	0.002	-0.0001857	-0.0001507	-0.0001142	-0.0000746	-0.0000349	+0.0000062	+0.0000495	+0.0000944	+0.0001397	+0.0001853	+0.0002278	+0.0002692	+0.0003061	+0.0003393	+0.0003693	+0.0003978	+0.0004208	+0.0004423	+0.0004632	+0.0004801	+0.0004976
2014-04	0.004	-0.0002100	-0.0001714	-0.0001352	-0.0000980	-0.0000589	-0.0000187	+0.0000243	+0.0000667	+0.0001084	+0.0001503	+0.0001919	+0.0002323	+0.0002693	+0.0002992	+0.0003250	+0.0003474	+0.0003662	+0.0003826	+0.0003988	+0.0004132	+0.0004266
2014-05	0.007	-0.0001862	-0.0001566	-0.0001194	-0.0000854	-0.0000504	-0.0000101	+0.0000313	+0.0000742	+0.0001161	+0.0001586	+0.0001996	+0.0002384	+0.0002744	+0.0003049	+0.0003314	+0.0003526	+0.0003727	+0.0003894	+0.0004066	+0.0004207	+0.0004343
2014-06	0.007	-0.0001900	-0.0001611	-0.0001294	-0.0000919	-0.0000497	-0.0000072	+0.0000358	+0.0000797	+0.0001242	+0.0001678	+0.0002099	+0.0002510	+0.0002861	+0.0003157	+0.0003405	+0.0003608	+0.0003793	+0.0003971	+0.0004123	+0.0004276	+0.0004415
2014-07	-0.009	-0.0001843	-0.0001476	-0.0001170	-0.0000814	-0.0000447	-0.0000044	+0.0000363	+0.0000772	+0.0001186	+0.0001627	+0.0002059	+0.0002457	+0.0002804	+0.0003095	+0.0003334	+0.0003538	+0.0003726	+0.0003884	+0.0004030	+0.0004155	+0.0004294
2014-08	0.006	-0.0002039	-0.0001750	-0.0001388	-0.0001022	-0.0000662	-0.0000277	+0.0000104	+0.0000526	+0.0000965	+0.0001396	+0.0001795	+0.0002191	+0.0002544	+0.0002828	+0.0003072	+0.0003271	+0.0003463	+0.0003621	+0.0003778	+0.0003917	+0.0004051
2014-09	-0.025	-0.0001510	-0.0001263	-0.0000929	-0.0000658	-0.0000331	+0.0000019	+0.0000397	+0.0000762	+0.0001149	+0.0001539	+0.0001919	+0.0002275	+0.0002585	+0.0002855	+0.0003082	+0.0003282	+0.0003454	+0.0003619	+0.0003775	+0.0003899	+0.0004041
2014-10	0.006	-0.0000208	+0.0000035	+0.0000210	+0.0000419	+0.0000638	+0.0000863	+0.0001112	+0.0001392	+0.0001671	+0.0001947	+0.0002225	+0.0002497	+0.0002740	+0.0002966	+0.0003179	+0.0003368	+0.0003530	+0.0003692	+0.0003867	+0.0004027	+0.0004139
2014-11	-0.002	-0.0001922	-0.0001551	-0.0001136	-0.0000735	-0.0000339	+0.0000032	+0.0000411	+0.0000763	+0.0001121	+0.0001480	+0.0001809	+0.0002128	+0.0002429	+0.0002714	+0.0002963	+0.0003167	+0.0003357	+0.0003535	+0.0003680	+0.0003870	+0.0003995
2014-12	-0.016	-0.0001424	-0.0001227	-0.0001005	-0.0000740	-0.0000470	-0.0000211	+0.0000119	+0.0000433	+0.0000773	+0.0001116	+0.0001475	+0.0001827	+0.0002164	+0.0002471	+0.0002755	+0.0003000	+0.0003213	+0.0003407	+0.0003594	+0.0003751	+0.0003879
2015-01	0.005	-0.0002258	-0.0002043	-0.0001802	-0.0001538	-0.0001257	-0.0000962	-0.0000645	-0.0000291	+0.0000077	+0.0000453	+0.0000839	+0.0001209	+0.0001563	+0.0001891	+0.0002199	+0.0002474	+0.0002698	+0.0002902	+0.0003082	+0.0003238	+0.0003392
2015-02	0.002	-0.0002784	-0.0002555	-0.0002319	-0.0002100	-0.0001839	-0.0001552	-0.0001236	-0.0000903	-0.0000538	-0.0000169	+0.0000202	+0.0000566	+0.0000924	+0.0001261	+0.0001573	+0.0001844	+0.0002098	+0.0002317	+0.0002511	+0.0002667	+0.0002819
