2012-05	-0.122	-0.0020924	-0.0019060	-0.0017331	-0.0015613	-0.0013692	-0.0011635	-0.0009559	-0.0007277	-0.0004830	-0.0002212	+0.0000373	+0.0002893	+0.0005292	+0.0007483	+0.0009581	+0.0011401	+0.0013088	+0.0014668	+0.0016097	+0.0017330	+0.0018497
2012-06	0.020	-0.0023241	-0.0021686	-0.0019973	-0.0017896	-0.0016019	-0.0013987	-0.0011726	-0.0009241	-0.0006685	-0.0004080	-0.0001437	+0.0001159	+0.0003610	+0.0005965	+0.0008253	+0.0010165	+0.0012001	+0.0013749	+0.0015248	+0.0017007	+0.0018283
2012-07	0.032	-0.0025232	-0.0023598	-0.0021874	-0.0020041	-0.0018181	-0.0016057	-0.0013784	-0.0011248	-0.0008697	-0.0005975	-0.0003275	-0.0000559	+0.0002053	+0.0004546	+0.0006815	+0.0008919	+0.0010844	+0.0012671	+0.0014331	+0.0015772	+0.0017073
2012-08	0.018	-0.0025291	-0.0023531	-0.0021886	-0.0020131	-0.0018178	-0.0016144	-0.0013876	-0.0011436	-0.0008901	-0.0006181	-0.0003510	-0.0000843	+0.0001679	+0.0004081	+0.0006509	+0.0008550	+0.0010715	+0.0012524	+0.0014275	+0.0016062	+0.0017344
2012-09	0.027	-0.0022682	-0.0021234	-0.0019505	-0.0017627	-0.0015706	-0.0013628	-0.0011418	-0.0009094	-0.0006602	-0.0003915	-0.0001201	+0.0001452	+0.0003925	+0.0006184	+0.0008505	+0.0010532	+0.0012423	+0.0014343	+0.0015987	+0.0017497	+0.0018593
2012-10	0.016	-0.0022947	-0.0021120	-0.0019332	-0.0017200	-0.0015068	-0.0012943	-0.0010618	-0.0008049	-0.0005342	-0.0002554	+0.0000248	+0.0002916	+0.0005528	+0.0007997	+0.0010271	+0.0012158	+0.0014049	+0.0015781	+0.0017408	+0.0018851	+0.0020513
2012-11	0.051	-0.0019196	-0.0017377	-0.0015651	-0.0013725	-0.0011863	-0.0009812	-0.0007442	-0.0004954	-0.0002386	+0.0000271	+0.0002876	+0.0005394	+0.0007878	+0.0010115	+0.0012224	+0.0014012	+0.0015698	+0.0017201	+0.0018567	+0.0019730	+0.0020720
2012-12	0.076	-0.0011805	-0.0010258	-0.0008932	-0.0007259	-0.0005490	-0.0003717	-0.0001894	+0.0000086	+0.0002050	+0.0004218	+0.0006232	+0.0008284	+0.0010251	+0.0012098	+0.0013786	+0.0015407	+0.0016870	+0.0018321	+0.0019439	+0.0020478	+0.0021489
2013-01	0.102	-0.0009145	-0.0007587	-0.0006063	-0.0004574	-0.0002936	-0.0001181	+0.0000684	+0.0002529	+0.0004385	+0.0006396	+0.0008425	+0.0010374	+0.0012231	+0.0013976	+0.0015587	+0.0017058	+0.0018406	+0.0019826	+0.0021014	+0.0022052	+0.0023084
2013-02	0.012	-0.0008469	-0.0006851	-0.0005403	-0.0003703	-0.0001853	-0.0000020	+0.0002000	+0.0004075	+0.0006284	+0.0008603	+0.0010878	+0.0013117	+0.0015259	+0.0017273	+0.0019218	+0.0020936	+0.0022678	+0.0024097	+0.0025562	+0.0026904	+0.0027980
2013-03	0.032	-0.0006590	-0.0005156	-0.0003560	-0.0001806	-0.0000050	+0.0001730	+0.0003733	+0.0005923	+0.0008210	+0.0010798	+0.0013208	+0.0015692	+0.0018025	+0.0020141	+0.0022209	+0.0024003	+0.0025800	+0.0027429	+0.0028889	+0.0030334	+0.0031678
2013-04	0.063	-0.0006663	-0.0005318	-0.0003755	-0.0001906	+0.0000039	+0.0002140	+0.0004466	+0.0006900	+0.0009367	+0.0011832	+0.0014379	+0.0016958	+0.0019293	+0.0021468	+0.0023582	+0.0025444	+0.0027271	+0.0028870	+0.0030378	+0.0031775	+0.0033142
2013-05	0.067	-0.0007853	-0.0006222	-0.0004195	-0.0002234	-0.0000174	+0.0001858	+0.0004061	+0.0006292	+0.0008710	+0.0011286	+0.0013733	+0.0016146	+0.0018495	+0.0020619	+0.0022656	+0.0024458	+0.0026217	+0.0027837	+0.0029235	+0.0030618	+0.0031795
2013-06	-0.064	-0.0009173	-0.0007428	-0.0005228	-0.0002950	-0.0000826	+0.0001437	+0.0003806	+0.0006245	+0.0008617	+0.0011097	+0.0013446	+0.0015847	+0.0018126	+0.0020208	+0.0022131	+0.0023844	+0.0025504	+0.0027047	+0.0028449	+0.0029655	+0.0030746
2013-07	0.037	-0.0007361	-0.0005999	-0.0004176	-0.0002379	-0.0000610	+0.0001419	+0.0003661	+0.0005808	+0.0008089	+0.0010377	+0.0012838	+0.0015135	+0.0017395	+0.0019456	+0.0021495	+0.0023338	+0.0024993	+0.0026552	+0.0028025	+0.0029172	+0.0030420
2013-08	-0.015	-0.0004664	-0.0003301	-0.0001803	-0.0000394	+0.0001306	+0.0003069	+0.0004935	+0.0006987	+0.0009084	+0.0011277	+0.0013475	+0.0015666	+0.0017745	+0.0019729	+0.0021541	+0.0023308	+0.0024890	+0.0026418	+0.0027783	+0.0028968	+0.0030091
2013-09	0.049	-0.0001070	+0.0000436	+0.0002320	+0.0004018	+0.0005703	+0.0007442	+0.0009102	+0.0010750	+0.0012497	+0.0014276	+0.0016115	+0.0017949	+0.0019711	+0.0021494	+0.0023130	+0.0024647	+0.0026106	+0.0027468	+0.0028617	+0.0029904	+0.0031010
2013-10	0.041	-0.0004118	-0.0001988	+0.0001119	+0.0004125	+0.0006585	+0.0008296	+0.0009950	+0.0011467	+0.0013138	+0.0014873	+0.0016551	+0.0018299	+0.0019980	+0.0021576	+0.0023171	+0.0024578	+0.0025989	+0.0027350	+0.0028583	+0.0029789	+0.0030978
2013-11	0.054	-0.0003666	-0.0001503	+0.0001383	+0.0004244	+0.0006117	+0.0007864	+0.0009490	+0.0011152	+0.0012866	+0.0014610	+0.0016420	+0.0018320	+0.0020091	+0.0021771	+0.0023426	+0.0025108	+0.0026624	+0.0027996	+0.0029388	+0.0030526	+0.0031583
2013-12	0.040	-0.0004342	-0.0002379	+0.0000833	+0.0004064	+0.0006463	+0.0008107	+0.0009634	+0.0011185	+0.0012812	+0.0014510	+0.0016200	+0.0017933	+0.0019644	+0.0021315	+0.0022895	+0.0024426	+0.0025869	+0.0027306	+0.0028549	+0.0029690	+0.0031016
2014-01	-0.068	-0.0002863	-0.0000305	+0.0002299	+0.0005154	+0.0007240	+0.0009141	+0.0010680	+0.0012349	+0.0013971	+0.0015647	+0.0017406	+0.0019168	+0.0020942	+0.0022545	+0.0024178	+0.0025719	+0.0027100	+0.0028245	+0.0029495	+0.0030605	+0.0031567
2014-02	0.036	-0.0002744	-0.0000726	+0.0001899	+0.0005568	+0.0007836	+0.0009466	+0.0011139	+0.0012710	+0.0014360	+0.0016066	+0.0017810	+0.0019566	+0.0021245	+0.0022898	+0.0024449	+0.0025953	+0.0027401	+0.0028764	+0.0030006	+0.0031149	+0.0032278
2014-03	0.007	-0.0006202	-0.0004193	-0.0000677	+0.0003811	+0.0005975	+0.0007683	+0.0009371	+0.0011068	+0.0012873	+0.0014694	+0.0016466	+0.0018208	+0.0019967	+0.0021614	+0.0023193	+0.0024688	+0.0026041	+0.0027482	+0.0028652	+0.0029754	+0.0030915
2014-04	0.007	-0.0004981	-0.0003011	-0.0000433	+0.0001777	+0.0003533	+0.0005143	+0.0006633	+0.0008127	+0.0009661	+0.0011231	+0.0012783	+0.0014401	+0.0015986	+0.0017461	+0.0018941	+0.0020370	+0.0021600	+0.0022832	+0.0024017	+0.0025225	+0.0026305
2014-05	0.004	-0.0004207	-0.0002304	-0.0000700	+0.0001032	+0.0002682	+0.0004001	+0.0005279	+0.0006571	+0.0007942	+0.0009297	+0.0010664	+0.0011989	+0.0013305	+0.0014568	+0.0015729	+0.0016831	+0.0017880	+0.0018839	+0.0019639	+0.0020506	+0.0021205
2014-06	0.006	-0.0003760	-0.0002523	-0.0001134	+0.0000266	+0.0001518	+0.0002642	+0.0003810	+0.0005043	+0.0006342	+0.0007636	+0.0008957	+0.0010275	+0.0011553	+0.0012790	+0.0013964	+0.0014982	+0.0016001	+0.0016844	+0.0017741	+0.0018508	+0.0019189
2014-07	0.009	-0.0004273	-0.0002941	-0.0001436	-0.0000019	+0.0001157	+0.0002327	+0.0003435	+0.0004575	+0.0005752	+0.0006944	+0.0008188	+0.0009401	+0.0010621	+0.0011826	+0.0012957	+0.0014000	+0.0015029	+0.0015923	+0.0016789	+0.0017594	+0.0018321
2014-08	0.006	-0.0004424	-0.0003324	-0.0002131	-0.0000843	+0.0000371	+0.0001458	+0.0002412	+0.0003406	+0.0004453	+0.0005510	+0.0006518	+0.0007609	+0.0008628	+0.0009623	+0.0010531	+0.0011389	+0.0012202	+0.0012959	+0.0013637	+0.0014327	+0.0015018
2014-09	0.042	-0.0003722	-0.0002999	-0.0001938	-0.0001026	+0.0000061	+0.0000944	+0.0001863	+0.0002772	+0.0003731	+0.0004740	+0.0005773	+0.0006808	+0.0007810	+0.0008766	+0.0009642	+0.0010468	+0.0011282	+0.0012042	+0.0012650	+0.0013253	+0.0013864
2014-10	-0.010	-0.0000759	-0.0000112	+0.0000517	+0.0001243	+0.0001929	+0.0002670	+0.0003467	+0.0004314	+0.0005199	+0.0006123	+0.0007080	+0.0007990	+0.0008879	+0.0009719	+0.0010541	+0.0011349	+0.0012085	+0.0012812	+0.0013381	+0.0013993	+0.0014567
2014-11	0.108	-0.0003798	-0.0002648	-0.0001586	-0.0000487	+0.0000635	+0.0001585	+0.0002541	+0.0003478	+0.0004437	+0.0005389	+0.0006382	+0.0007389	+0.0008400	+0.0009359	+0.0010234	+0.0011038	+0.0011719	+0.0012382	+0.0012975	+0.0013544	+0.0014184
2014-12	0.021	-0.0002241	-0.0001264	-0.0000333	+0.0000674	+0.0001627	+0.0002506	+0.0003399	+0.0004312	+0.0005283	+0.0006294	+0.0007352	+0.0008387	+0.0009403	+0.0010365	+0.0011231	+0.0012058	+0.0012799	+0.0013488	+0.0014162	+0.0014698	+0.0015360
2015-01	-0.045	-0.0001779	-0.0000851	+0.0000143	+0.0001102	+0.0002161	+0.0003191	+0.0004254	+0.0005331	+0.0006503	+0.0007761	+0.0009069	+0.0010393	+0.0011700	+0.0012953	+0.0014264	+0.0015389	+0.0016452	+0.0017487	+0.0018417	+0.0019171	+0.0019921
2015-02	0.010	-0.0004047	-0.0002520	-0.0001046	+0.0000196	+0.0001297	+0.0002371	+0.0003505	+0.0004626	+0.0005804	+0.0007079	+0.0008396	+0.0009696	+0.0011029	+0.0012359	+0.0013611	+0.0014822	+0.0015903	+0.0016933	+0.0017960	+0.0018874	+0.0019908
