2012-05	-0.090	-0.0014257	-0.0013362	-0.0012490	-0.0011455	-0.0010252	-0.0009043	-0.0007728	-0.0006262	-0.0004731	-0.0003150	-0.0001485	+0.0000126	+0.0001781	+0.0003265	+0.0004720	+0.0006080	+0.0007260	+0.0008484	+0.0009525	+0.0010462	+0.0011227
2012-06	0.018	-0.0015401	-0.0014379	-0.0013395	-0.0012322	-0.0011120	-0.0009877	-0.0008512	-0.0007023	-0.0005431	-0.0003776	-0.0002052	-0.0000304	+0.0001329	+0.0002793	+0.0004247	+0.0005593	+0.0006832	+0.0008074	+0.0009127	+0.0010089	+0.0010984
2012-07	-0.024	-0.0016634	-0.0015751	-0.0014586	-0.0013324	-0.0012182	-0.0010805	-0.0009372	-0.0007675	-0.0005990	-0.0004271	-0.0002439	-0.0000694	+0.0001030	+0.0002644	+0.0004181	+0.0005542	+0.0006803	+0.0007945	+0.0009095	+0.0010143	+0.0010995
2012-08	0.011	-0.0016353	-0.0015160	-0.0014027	-0.0013012	-0.0011805	-0.0010511	-0.0009032	-0.0007468	-0.0005840	-0.0004177	-0.0002430	-0.0000770	+0.0000947	+0.0002598	+0.0004068	+0.0005599	+0.0006841	+0.0008043	+0.0009189	+0.0010230	+0.0011095
2012-09	-0.003	-0.0015435	-0.0014556	-0.0013519	-0.0012410	-0.0011168	-0.0009815	-0.0008416	-0.0006904	-0.0005339	-0.0003665	-0.0001966	-0.0000222	+0.0001436	+0.0002968	+0.0004399	+0.0005774	+0.0007051	+0.0008206	+0.0009194	+0.0010240	+0.0011066
2012-10	0.007	-0.0016270	-0.0015257	-0.0014121	-0.0012867	-0.0011655	-0.0010350	-0.0008889	-0.0007381	-0.0005785	-0.0004048	-0.0002258	-0.0000554	+0.0001084	+0.0002690	+0.0004163	+0.0005552	+0.0006847	+0.0007919	+0.0009041	+0.0010082	+0.0011145
2012-11	0.041	-0.0014912	-0.0014019	-0.0012927	-0.0011861	-0.0010781	-0.0009521	-0.0008140	-0.0006711	-0.0005125	-0.0003447	-0.0001733	-0.0000036	+0.0001591	+0.0003133	+0.0004594	+0.0005893	+0.0007106	+0.0008238	+0.0009286	+0.0010225	+0.0011094
2012-12	0.035	-0.0011356	-0.0010484	-0.0009502	-0.0008413	-0.0007379	-0.0006233	-0.0004987	-0.0003689	-0.0002225	-0.0000774	+0.0000716	+0.0002160	+0.0003577	+0.0004949	+0.0006211	+0.0007314	+0.0008403	+0.0009393	+0.0010372	+0.0011306	+0.0012107
2013-01	0.013	-0.0010351	-0.0009389	-0.0008297	-0.0007281	-0.0006122	-0.0004924	-0.0003640	-0.0002280	-0.0000932	+0.0000507	+0.0001987	+0.0003455	+0.0004897	+0.0006307	+0.0007587	+0.0008749	+0.0009893	+0.0010861	+0.0011804	+0.0012728	+0.0013401
2013-02	-0.001	-0.0009087	-0.0008055	-0.0007060	-0.0006126	-0.0005010	-0.0003749	-0.0002471	-0.0001119	+0.0000326	+0.0001891	+0.0003439	+0.0005009	+0.0006452	+0.0007818	+0.0009102	+0.0010337	+0.0011442	+0.0012425	+0.0013320	+0.0014223	+0.0015003
2013-03	0.040	-0.0008719	-0.0007623	-0.0006664	-0.0005541	-0.0004352	-0.0003148	-0.0001830	-0.0000469	+0.0001030	+0.0002608	+0.0004184	+0.0005736	+0.0007177	+0.0008573	+0.0009820	+0.0010963	+0.0012016	+0.0012985	+0.0013881	+0.0014785	+0.0015509
2013-04	0.042	-0.0008496	-0.0007428	-0.0006411	-0.0005407	-0.0004271	-0.0003014	-0.0001657	-0.0000203	+0.0001282	+0.0002851	+0.0004395	+0.0005944	+0.0007394	+0.0008793	+0.0010018	+0.0011183	+0.0012261	+0.0013292	+0.0014145	+0.0014934	+0.0015770
2013-05	-0.042	-0.0009230	-0.0008088	-0.0006856	-0.0005715	-0.0004498	-0.0003208	-0.0001646	-0.0000172	+0.0001268	+0.0002762	+0.0004310	+0.0005838	+0.0007247	+0.0008536	+0.0009707	+0.0010785	+0.0011721	+0.0012611	+0.0013420	+0.0014234	+0.0014917
2013-06	-0.015	-0.0008902	-0.0008000	-0.0007084	-0.0005990	-0.0004835	-0.0003537	-0.0002185	-0.0000785	+0.0000765	+0.0002241	+0.0003763	+0.0005185	+0.0006542	+0.0007757	+0.0008857	+0.0009859	+0.0010725	+0.0011547	+0.0012215	+0.0012889	+0.0013457
2013-07	0.024	-0.0010120	-0.0009027	-0.0008169	-0.0007229	-0.0006114	-0.0004919	-0.0003574	-0.0002224	-0.0000764	+0.0000699	+0.0002134	+0.0003533	+0.0004947	+0.0006204	+0.0007374	+0.0008392	+0.0009361	+0.0010235	+0.0010946	+0.0011686	+0.0012382
2013-08	-0.015	-0.0008130	-0.0007258	-0.0006330	-0.0005412	-0.0004372	-0.0003297	-0.0002142	-0.0000931	+0.0000324	+0.0001591	+0.0002955	+0.0004271	+0.0005528	+0.0006706	+0.0007770	+0.0008750	+0.0009602	+0.0010338	+0.0011029	+0.0011583	+0.0012168
2013-09	0.051	-0.0004016	-0.0003395	-0.0002698	-0.0001873	-0.0001048	-0.0000088	+0.0000916	+0.0001908	+0.0002966	+0.0004066	+0.0005187	+0.0006247	+0.0007319	+0.0008298	+0.0009206	+0.0010055	+0.0010778	+0.0011489	+0.0012167	+0.0012793	+0.0013305
2013-10	-0.010	-0.0003922	-0.0003270	-0.0002599	-0.0001790	-0.0000995	-0.0000031	+0.0000884	+0.0001952	+0.0003022	+0.0004102	+0.0005227	+0.0006292	+0.0007384	+0.0008387	+0.0009316	+0.0010121	+0.0010871	+0.0011596	+0.0012225	+0.0012781	+0.0013275
2013-11	0.017	-0.0004134	-0.0003307	-0.0002507	-0.0001751	-0.0000964	-0.0000018	+0.0000950	+0.0002017	+0.0003136	+0.0004267	+0.0005395	+0.0006507	+0.0007559	+0.0008526	+0.0009403	+0.0010205	+0.0010922	+0.0011611	+0.0012219	+0.0012756	+0.0013339
2013-12	0.007	-0.0003805	-0.0003124	-0.0002303	-0.0001460	-0.0000588	+0.0000310	+0.0001294	+0.0002319	+0.0003418	+0.0004480	+0.0005576	+0.0006643	+0.0007656	+0.0008605	+0.0009465	+0.0010262	+0.0010986	+0.0011648	+0.0012216	+0.0012774	+0.0013266
2014-01	-0.020	-0.0002577	-0.0001845	-0.0001025	-0.0000237	+0.0000603	+0.0001458	+0.0002388	+0.0003351	+0.0004413	+0.0005447	+0.0006460	+0.0007434	+0.0008394	+0.0009323	+0.0010167	+0.0010898	+0.0011555	+0.0012137	+0.0012710	+0.0013155	+0.0013521
2014-02	0.008	-0.0002959	-0.0002192	-0.0001457	-0.0000565	+0.0000337	+0.0001313	+0.0002278	+0.0003277	+0.0004345	+0.0005402	+0.0006413	+0.0007397	+0.0008345	+0.0009255	+0.0010085	+0.0010869	+0.0011612	+0.0012208	+0.0012809	+0.0013263	+0.0013770
2014-03	-0.011	-0.0004074	-0.0003208	-0.0002297	-0.0001512	-0.0000677	+0.0000184	+0.0001061	+0.0002011	+0.0002980	+0.0003950	+0.0004978	+0.0005954	+0.0006920	+0.0007823	+0.0008642	+0.0009381	+0.0010032	+0.0010628	+0.0011164	+0.0011650	+0.0012271
2014-04	-0.005	-0.0004761	-0.0004123	-0.0003454	-0.0002774	-0.0001973	-0.0001208	-0.0000370	+0.0000526	+0.0001445	+0.0002409	+0.0003367	+0.0004284	+0.0005191	+0.0006042	+0.0006830	+0.0007536	+0.0008181	+0.0008776	+0.0009301	+0.0009756	+0.0010182
2014-05	0.020	-0.0004890	-0.0004331	-0.0003692	-0.0003056	-0.0002374	-0.0001607	-0.0000795	+0.0000048	+0.0000937	+0.0001845	+0.0002801	+0.0003752	+0.0004649	+0.0005479	+0.0006282	+0.0007011	+0.0007730	+0.0008370	+0.0008898	+0.0009382	+0.0009855
2014-06	0.020	-0.0005434	-0.0004934	-0.0004384	-0.0003735	-0.0003029	-0.0002336	-0.0001567	-0.0000715	+0.0000167	+0.0001074	+0.0001989	+0.0002884	+0.0003777	+0.0004624	+0.0005417	+0.0006190	+0.0006898	+0.0007543	+0.0008144	+0.0008725	+0.0009180
2014-07	0.013	-0.0005211	-0.0004692	-0.0004160	-0.0003666	-0.0003085	-0.0002465	-0.0001754	-0.0000949	-0.0000121	+0.0000714	+0.0001556	+0.0002399	+0.0003211	+0.0003975	+0.0004682	+0.0005327	+0.0005956	+0.0006481	+0.0006977	+0.0007416	+0.0007896
2014-08	0.003	-0.0005507	-0.0004999	-0.0004423	-0.0003836	-0.0003144	-0.0002410	-0.0001706	-0.0000958	-0.0000162	+0.0000653	+0.0001481	+0.0002318	+0.0003084	+0.0003799	+0.0004458	+0.0005049	+0.0005583	+0.0006082	+0.0006559	+0.0007006	+0.0007398
2014-09	0.022	-0.0002914	-0.0002543	-0.0002134	-0.0001715	-0.0001233	-0.0000728	-0.0000179	+0.0000395	+0.0001018	+0.0001692	+0.0002389	+0.0003086	+0.0003772	+0.0004418	+0.0005020	+0.0005588	+0.0006073	+0.0006538	+0.0006977	+0.0007346	+0.0007691
2014-10	-0.027	-0.0002297	-0.0001844	-0.0001433	-0.0000965	-0.0000472	+0.0000074	+0.0000619	+0.0001200	+0.0001803	+0.0002443	+0.0003075	+0.0003720	+0.0004353	+0.0004943	+0.0005505	+0.0006003	+0.0006448	+0.0006862	+0.0007244	+0.0007599	+0.0007917
2014-11	0.040	-0.0003042	-0.0002632	-0.0002215	-0.0001727	-0.0001242	-0.0000706	-0.0000141	+0.0000454	+0.0001068	+0.0001718	+0.0002378	+0.0003039	+0.0003675	+0.0004244	+0.0004775	+0.0005250	+0.0005695	+0.0006059	+0.0006405	+0.0006761	+0.0007036
2014-12	0.006	-0.0002705	-0.0002106	-0.0001607	-0.0001207	-0.0000675	-0.0000145	+0.0000429	+0.0001028	+0.0001635	+0.0002242	+0.0002844	+0.0003442	+0.0004003	+0.0004522	+0.0005009	+0.0005452	+0.0005862	+0.0006263	+0.0006605	+0.0006909	+0.0007234
2015-01	0.005	-0.0002194	-0.0001731	-0.0001319	-0.0000861	-0.0000291	+0.0000280	+0.0000868	+0.0001483	+0.0002121	+0.0002773	+0.0003443	+0.0004080	+0.0004707	+0.0005275	+0.0005832	+0.0006301	+0.0006744	+0.0007196	+0.0007557	+0.0007878	+0.0008188
2015-02	-0.001	-0.0002243	-0.0001764	-0.0001315	-0.0000775	-0.0000240	+0.0000286	+0.0000858	+0.0001448	+0.0002114	+0.0002744	+0.0003416	+0.0004047	+0.0004656	+0.0005237	+0.0005797	+0.0006296	+0.0006774	+0.0007185	+0.0007579	+0.0007966	+0.0008302
