2014-03	-0.023	-0.0026359	-0.0025267	-0.0023993	-0.0022824	-0.0021559	-0.0020215	-0.0018764	-0.0017271	-0.0015589	-0.0013790	-0.0011869	-0.0009950	-0.0007907	-0.0006062	-0.0004133	-0.0002167	-0.0000070	+0.0001883	+0.0003863	+0.0005926	+0.0007521
2014-04	0.001	-0.0024572	-0.0023438	-0.0022384	-0.0021362	-0.0020153	-0.0018756	-0.0017245	-0.0015627	-0.0013903	-0.0011961	-0.0009991	-0.0008018	-0.0005984	-0.0003958	-0.0002075	-0.0000247	+0.0001524	+0.0003104	+0.0004773	+0.0006076	+0.0007427
2014-05	-0.032	-0.0024043	-0.0023025	-0.0021918	-0.0020593	-0.0019265	-0.0017838	-0.0016280	-0.0014571	-0.0012790	-0.0010895	-0.0008941	-0.0006927	-0.0004980	-0.0003081	-0.0001265	+0.0000442	+0.0002004	+0.0003712	+0.0005274	+0.0006569	+0.0007748
2014-06	0.045	-0.0024406	-0.0023247	-0.0021971	-0.0020625	-0.0019254	-0.0017731	-0.0016117	-0.0014390	-0.0012471	-0.0010478	-0.0008439	-0.0006474	-0.0004414	-0.0002497	-0.0000624	+0.0001154	+0.0002806	+0.0004370	+0.0005912	+0.0007154	+0.0008501
2014-07	-0.016	-0.0021737	-0.0020839	-0.0019817	-0.0018634	-0.0017226	-0.0015854	-0.0014318	-0.0012616	-0.0010865	-0.0008978	-0.0007111	-0.0005120	-0.0003229	-0.0001364	+0.0000424	+0.0002058	+0.0003591	+0.0005157	+0.0006361	+0.0007689	+0.0008814
2014-08	-0.008	-0.0018531	-0.0017610	-0.0016548	-0.0015374	-0.0014078	-0.0012704	-0.0011290	-0.0009814	-0.0008171	-0.0006426	-0.0004706	-0.0002890	-0.0001133	+0.0000669	+0.0002364	+0.0004017	+0.0005546	+0.0007000	+0.0008345	+0.0009608	+0.0010598
2014-09	-0.060	-0.0015823	-0.0014853	-0.0013745	-0.0012663	-0.0011558	-0.0010324	-0.0009042	-0.0007619	-0.0006106	-0.0004503	-0.0002857	-0.0001197	+0.0000432	+0.0001983	+0.0003470	+0.0004820	+0.0006097	+0.0007271	+0.0008490	+0.0009670	+0.0010901
2014-10	-0.017	-0.0012987	-0.0012139	-0.0011433	-0.0010503	-0.0009568	-0.0008624	-0.0007473	-0.0006330	-0.0005022	-0.0003628	-0.0002238	-0.0000785	+0.0000697	+0.0002085	+0.0003462	+0.0004775	+0.0005967	+0.0007092	+0.0008098	+0.0009011	+0.0009917
2014-11	-0.002	-0.0013459	-0.0012812	-0.0012093	-0.0011287	-0.0010429	-0.0009419	-0.0008367	-0.0007181	-0.0005839	-0.0004435	-0.0002954	-0.0001453	+0.0000056	+0.0001441	+0.0002818	+0.0004138	+0.0005368	+0.0006521	+0.0007558	+0.0008452	+0.0009571
2014-12	-0.015	-0.0014786	-0.0014124	-0.0013331	-0.0012573	-0.0011796	-0.0010933	-0.0009957	-0.0008937	-0.0007762	-0.0006458	-0.0005089	-0.0003716	-0.0002397	-0.0001067	+0.0000194	+0.0001419	+0.0002534	+0.0003576	+0.0004512	+0.0005377	+0.0006166
2015-01	0.058	-0.0014982	-0.0014296	-0.0013625	-0.0012872	-0.0011966	-0.0011027	-0.0009974	-0.0008862	-0.0007665	-0.0006370	-0.0005005	-0.0003623	-0.0002273	-0.0000928	+0.0000400	+0.0001545	+0.0002684	+0.0003671	+0.0004616	+0.0005517	+0.0006460
2015-02	0.002	-0.0013794	-0.0013044	-0.0012192	-0.0011259	-0.0010356	-0.0009337	-0.0008280	-0.0007079	-0.0005801	-0.0004413	-0.0002960	-0.0001510	-0.0000056	+0.0001377	+0.0002661	+0.0003831	+0.0004978	+0.0005959	+0.0006882	+0.0007775	+0.0008841
