2012-05	-0.037	-0.0014604	-0.0013910	-0.0013157	-0.0012384	-0.0011472	-0.0010502	-0.0009350	-0.0007992	-0.0006469	-0.0004860	-0.0003134	-0.0001432	+0.0000314	+0.0002003	+0.0003609	+0.0005135	+0.0006647	+0.0008052	+0.0009370	+0.0010546	+0.0011443
2012-06	0.026	-0.0013452	-0.0012886	-0.0012228	-0.0011580	-0.0010771	-0.0009766	-0.0008623	-0.0007324	-0.0005884	-0.0004342	-0.0002729	-0.0001064	+0.0000664	+0.0002268	+0.0003917	+0.0005502	+0.0006907	+0.0008258	+0.0009522	+0.0010679	+0.0011978
2012-07	-0.011	-0.0014142	-0.0013480	-0.0012814	-0.0012016	-0.0011129	-0.0010140	-0.0009010	-0.0007711	-0.0006248	-0.0004651	-0.0002968	-0.0001226	+0.0000532	+0.0002264	+0.0003864	+0.0005405	+0.0006968	+0.0008353	+0.0009648	+0.0010916	+0.0011880
2012-08	0.026	-0.0013773	-0.0013140	-0.0012420	-0.0011554	-0.0010772	-0.0009763	-0.0008671	-0.0007507	-0.0006158	-0.0004634	-0.0003034	-0.0001371	+0.0000265	+0.0001941	+0.0003541	+0.0005082	+0.0006663	+0.0008072	+0.0009389	+0.0010500	+0.0011597
2012-09	0.040	-0.0013648	-0.0012970	-0.0012133	-0.0011285	-0.0010294	-0.0009146	-0.0007963	-0.0006609	-0.0005161	-0.0003565	-0.0001959	-0.0000333	+0.0001323	+0.0002936	+0.0004386	+0.0005839	+0.0007145	+0.0008465	+0.0009573	+0.0010720	+0.0011792
2012-10	0.030	-0.0013135	-0.0012262	-0.0011345	-0.0010308	-0.0009313	-0.0008159	-0.0006789	-0.0005362	-0.0003884	-0.0002332	-0.0000657	+0.0001014	+0.0002675	+0.0004262	+0.0005731	+0.0007174	+0.0008628	+0.0009918	+0.0011213	+0.0012384	+0.0013539
2012-11	0.005	-0.0011671	-0.0010774	-0.0009735	-0.0008734	-0.0007661	-0.0006344	-0.0004916	-0.0003455	-0.0001908	-0.0000266	+0.0001410	+0.0003115	+0.0004781	+0.0006333	+0.0007904	+0.0009364	+0.0010696	+0.0011839	+0.0012961	+0.0014022	+0.0015102
2012-12	0.045	-0.0010014	-0.0009192	-0.0008202	-0.0007259	-0.0005996	-0.0004659	-0.0003227	-0.0001737	-0.0000145	+0.0001581	+0.0003290	+0.0004982	+0.0006630	+0.0008195	+0.0009603	+0.0010914	+0.0012068	+0.0013085	+0.0014179	+0.0015027	+0.0015868
2013-01	0.083	-0.0007346	-0.0006374	-0.0005555	-0.0004591	-0.0003518	-0.0002335	-0.0001084	+0.0000345	+0.0001858	+0.0003417	+0.0005010	+0.0006542	+0.0008019	+0.0009435	+0.0010764	+0.0011979	+0.0013225	+0.0014352	+0.0015432	+0.0016349	+0.0017117
2013-02	0.054	-0.0003347	-0.0002374	-0.0001466	-0.0000598	+0.0000422	+0.0001412	+0.0002571	+0.0003833	+0.0005123	+0.0006493	+0.0007883	+0.0009275	+0.0010593	+0.0011852	+0.0013048	+0.0014113	+0.0015118	+0.0016086	+0.0016975	+0.0017729	+0.0018513
2013-03	0.179	-0.0001501	-0.0000409	+0.0000412	+0.0001391	+0.0002477	+0.0003635	+0.0004859	+0.0006171	+0.0007663	+0.0009108	+0.0010724	+0.0012248	+0.0013665	+0.0015003	+0.0016257	+0.0017471	+0.0018602	+0.0019580	+0.0020478	+0.0021276	+0.0022248
2013-04	-0.036	-0.0001101	-0.0000171	+0.0001291	+0.0002848	+0.0004371	+0.0005921	+0.0007405	+0.0008914	+0.0010542	+0.0012299	+0.0014113	+0.0016069	+0.0018017	+0.0019934	+0.0021785	+0.0023655	+0.0025400	+0.0027131	+0.0028607	+0.0030062	+0.0031281
2013-05	-0.098	-0.0002043	-0.0000124	+0.0001448	+0.0003329	+0.0005253	+0.0006920	+0.0008739	+0.0010692	+0.0012688	+0.0014735	+0.0016873	+0.0019021	+0.0021172	+0.0023232	+0.0025290	+0.0027129	+0.0028925	+0.0030745	+0.0032361	+0.0034065	+0.0035271
2013-06	0.017	-0.0007759	-0.0005267	-0.0002721	-0.0000312	+0.0001817	+0.0003853	+0.0005760	+0.0007879	+0.0010026	+0.0012152	+0.0014455	+0.0016853	+0.0019172	+0.0021413	+0.0023502	+0.0025444	+0.0027450	+0.0029212	+0.0030969	+0.0032440	+0.0033985
2013-07	-0.051	-0.0012466	-0.0010477	-0.0008194	-0.0006095	-0.0003994	-0.0001767	+0.0000578	+0.0002997	+0.0005501	+0.0008135	+0.0010757	+0.0013337	+0.0015915	+0.0018428	+0.0020715	+0.0022918	+0.0024988	+0.0027003	+0.0028864	+0.0030746	+0.0032482
2013-08	-0.007	-0.0010671	-0.0009184	-0.0007540	-0.0005592	-0.0003669	-0.0001530	+0.0000663	+0.0002955	+0.0005392	+0.0007835	+0.0010387	+0.0012999	+0.0015492	+0.0017982	+0.0020388	+0.0022563	+0.0024685	+0.0026767	+0.0028804	+0.0030661	+0.0032380
2013-09	0.126	-0.0009256	-0.0007879	-0.0006350	-0.0004418	-0.0002432	-0.0000305	+0.0001887	+0.0004272	+0.0006675	+0.0009254	+0.0011778	+0.0014368	+0.0016789	+0.0019188	+0.0021347	+0.0023628	+0.0025596	+0.0027466	+0.0029046	+0.0030734	+0.0032342
2013-10	-0.018	-0.0010377	-0.0008764	-0.0006670	-0.0004769	-0.0002865	-0.0000841	+0.0001523	+0.0003755	+0.0006272	+0.0008902	+0.0011638	+0.0014243	+0.0016730	+0.0019077	+0.0021423	+0.0023625	+0.0025707	+0.0027575	+0.0029263	+0.0031153	+0.0032712
2013-11	-0.005	-0.0009559	-0.0007606	-0.0005672	-0.0003817	-0.0001793	+0.0000241	+0.0002549	+0.0004995	+0.0007429	+0.0010046	+0.0012790	+0.0015394	+0.0017900	+0.0020287	+0.0022499	+0.0024589	+0.0026638	+0.0028588	+0.0030343	+0.0032058	+0.0033907
2013-12	0.030	-0.0009666	-0.0007898	-0.0006216	-0.0004200	-0.0002082	+0.0000207	+0.0002494	+0.0004852	+0.0007439	+0.0010017	+0.0012637	+0.0015212	+0.0017656	+0.0020054	+0.0022183	+0.0024258	+0.0026099	+0.0027913	+0.0029720	+0.0031691	+0.0033050
2014-01	0.001	-0.0010644	-0.0009022	-0.0007127	-0.0005136	-0.0003070	-0.0000954	+0.0001309	+0.0003658	+0.0006190	+0.0008809	+0.0011454	+0.0013969	+0.0016525	+0.0019010	+0.0021329	+0.0023544	+0.0025706	+0.0027547	+0.0029361	+0.0031088	+0.0033335
2014-02	0.006	-0.0010100	-0.0008516	-0.0006806	-0.0004973	-0.0003128	-0.0000972	+0.0001092	+0.0003460	+0.0005808	+0.0008381	+0.0010928	+0.0013563	+0.0016268	+0.0018772	+0.0021157	+0.0023457	+0.0025500	+0.0027542	+0.0029173	+0.0030844	+0.0032399
2014-03	-0.015	-0.0009803	-0.0008231	-0.0006731	-0.0005095	-0.0003261	-0.0001244	+0.0000832	+0.0003128	+0.0005653	+0.0008211	+0.0010942	+0.0013568	+0.0016096	+0.0018671	+0.0021206	+0.0023491	+0.0025692	+0.0027532	+0.0029343	+0.0031201	+0.0033153
2014-04	0.014	-0.0012077	-0.0010210	-0.0008696	-0.0006722	-0.0004748	-0.0002744	-0.0000611	+0.0001619	+0.0004013	+0.0006562	+0.0009286	+0.0011911	+0.0014762	+0.0017383	+0.0019747	+0.0022176	+0.0024419	+0.0026401	+0.0028265	+0.0029989	+0.0031848
2014-05	0.035	-0.0012510	-0.0011146	-0.0009487	-0.0007875	-0.0006261	-0.0004502	-0.0002504	-0.0000374	+0.0001920	+0.0004282	+0.0006872	+0.0009386	+0.0011784	+0.0014193	+0.0016493	+0.0018877	+0.0021151	+0.0023216	+0.0025068	+0.0026924	+0.0028547
2014-06	0.019	-0.0013871	-0.0012603	-0.0011043	-0.0009535	-0.0007665	-0.0005985	-0.0004042	-0.0002123	-0.0000201	+0.0001758	+0.0003778	+0.0005823	+0.0007821	+0.0009751	+0.0011456	+0.0013166	+0.0014786	+0.0016358	+0.0017721	+0.0019408	+0.0020827
2014-07	0.011	-0.0012955	-0.0011687	-0.0010501	-0.0009365	-0.0008058	-0.0006616	-0.0005082	-0.0003402	-0.0001706	+0.0000050	+0.0001780	+0.0003405	+0.0004951	+0.0006266	+0.0007442	+0.0008516	+0.0009474	+0.0010408	+0.0011254	+0.0012118	+0.0012878
2014-08	0.021	-0.0012061	-0.0010831	-0.0009335	-0.0007898	-0.0006408	-0.0004958	-0.0003535	-0.0001910	-0.0000330	+0.0001317	+0.0002965	+0.0004455	+0.0005811	+0.0007041	+0.0008082	+0.0009043	+0.0009920	+0.0010792	+0.0011511	+0.0012236	+0.0012767
2014-09	0.007	-0.0002604	-0.0001906	-0.0001291	-0.0000582	+0.0000229	+0.0001064	+0.0001880	+0.0002772	+0.0003720	+0.0004650	+0.0005633	+0.0006604	+0.0007522	+0.0008408	+0.0009226	+0.0010005	+0.0010694	+0.0011411	+0.0012092	+0.0012706	+0.0013339
2014-10	0.016	-0.0001372	-0.0000586	+0.0000146	+0.0000985	+0.0001820	+0.0002620	+0.0003432	+0.0004230	+0.0005031	+0.0005863	+0.0006691	+0.0007546	+0.0008393	+0.0009194	+0.0009971	+0.0010720	+0.0011409	+0.0011991	+0.0012573	+0.0013115	+0.0013627
2014-11	0.063	-0.0001564	-0.0000742	+0.0000024	+0.0000763	+0.0001619	+0.0002405	+0.0003189	+0.0003999	+0.0004787	+0.0005606	+0.0006453	+0.0007315	+0.0008146	+0.0008963	+0.0009700	+0.0010380	+0.0011098	+0.0011751	+0.0012317	+0.0012908	+0.0013436
2014-12	0.042	-0.0001567	-0.0000673	+0.0000736	+0.0001869	+0.0002739	+0.0003477	+0.0004162	+0.0004861	+0.0005589	+0.0006339	+0.0007113	+0.0007870	+0.0008637	+0.0009363	+0.0010077	+0.0010753	+0.0011364	+0.0011918	+0.0012476	+0.0013012	+0.0013652
2015-01	-0.011	-0.0001836	-0.0000611	+0.0000760	+0.0001962	+0.0002798	+0.0003527	+0.0004240	+0.0005001	+0.0005845	+0.0006729	+0.0007663	+0.0008631	+0.0009594	+0.0010544	+0.0011450	+0.0012261	+0.0013039	+0.0013851	+0.0014586	+0.0015278	+0.0016032
2015-02	-0.021	-0.0000649	+0.0000569	+0.0001684	+0.0002667	+0.0003463	+0.0004229	+0.0004996	+0.0005876	+0.0006847	+0.0007815	+0.0008845	+0.0009881	+0.0010971	+0.0012045	+0.0013051	+0.0013990	+0.0014894	+0.0015781	+0.0016492	+0.0017234	+0.0018062
