2013-03	0.038	-0.0013809	-0.0012151	-0.0010374	-0.0008528	-0.0006425	-0.0004271	-0.0001785	+0.0000840	+0.0003628	+0.0006444	+0.0009446	+0.0012546	+0.0015342	+0.0018014	+0.0020512	+0.0022806	+0.0024882	+0.0026891	+0.0028608	+0.0029982	+0.0031354
2013-04	0.059	-0.0011788	-0.0010178	-0.0008505	-0.0006731	-0.0004783	-0.0002617	-0.0000075	+0.0002480	+0.0005146	+0.0007973	+0.0010799	+0.0013596	+0.0016221	+0.0018800	+0.0021023	+0.0023124	+0.0025059	+0.0026912	+0.0028517	+0.0029966	+0.0031489
2013-05	-0.007	-0.0012719	-0.0010957	-0.0009140	-0.0007240	-0.0005253	-0.0003099	-0.0000796	+0.0001620	+0.0004239	+0.0006997	+0.0009744	+0.0012301	+0.0014759	+0.0017062	+0.0019221	+0.0021261	+0.0023051	+0.0024867	+0.0026508	+0.0027863	+0.0028985
2013-06	-0.057	-0.0014388	-0.0012286	-0.0010207	-0.0008225	-0.0006073	-0.0003724	-0.0001277	+0.0001184	+0.0003654	+0.0006283	+0.0008858	+0.0011449	+0.0013869	+0.0016102	+0.0018116	+0.0020008	+0.0021577	+0.0023105	+0.0024446	+0.0025785	+0.0027023
2013-07	0.016	-0.0013745	-0.0012141	-0.0010441	-0.0008627	-0.0006801	-0.0004670	-0.0002457	+0.0000002	+0.0002459	+0.0005033	+0.0007630	+0.0010195	+0.0012680	+0.0014942	+0.0017131	+0.0019088	+0.0021005	+0.0022646	+0.0023954	+0.0025370	+0.0026767
2013-08	-0.065	-0.0010749	-0.0009435	-0.0007899	-0.0006318	-0.0004765	-0.0002984	-0.0000926	+0.0001250	+0.0003443	+0.0005830	+0.0008178	+0.0010611	+0.0012944	+0.0015084	+0.0017101	+0.0019111	+0.0020831	+0.0022383	+0.0023887	+0.0025172	+0.0026422
2013-09	0.060	-0.0005897	-0.0004861	-0.0003533	-0.0002304	-0.0000782	+0.0000806	+0.0002483	+0.0004339	+0.0006267	+0.0008343	+0.0010479	+0.0012608	+0.0014686	+0.0016617	+0.0018455	+0.0020143	+0.0021733	+0.0023249	+0.0024570	+0.0025539	+0.0026767
2013-10	0.042	-0.0007910	-0.0006195	-0.0004689	-0.0003097	-0.0001597	+0.0000019	+0.0001786	+0.0003658	+0.0005743	+0.0007918	+0.0010005	+0.0012116	+0.0014157	+0.0016037	+0.0017779	+0.0019352	+0.0021062	+0.0022548	+0.0023930	+0.0025124	+0.0026278
2013-11	0.026	-0.0007152	-0.0005881	-0.0004628	-0.0003265	-0.0001897	-0.0000331	+0.0001441	+0.0003378	+0.0005366	+0.0007480	+0.0009672	+0.0011818	+0.0013949	+0.0015972	+0.0017868	+0.0019657	+0.0021353	+0.0022896	+0.0024265	+0.0025569	+0.0026828
2013-12	0.033	-0.0007401	-0.0005763	-0.0004438	-0.0003160	-0.0001766	-0.0000076	+0.0001629	+0.0003437	+0.0005347	+0.0007386	+0.0009504	+0.0011590	+0.0013578	+0.0015616	+0.0017486	+0.0019218	+0.0020852	+0.0022462	+0.0023827	+0.0025037	+0.0026234
2014-01	-0.077	-0.0006435	-0.0005260	-0.0003601	-0.0002122	-0.0000494	+0.0001037	+0.0002712	+0.0004506	+0.0006513	+0.0008616	+0.0010688	+0.0012798	+0.0014918	+0.0016837	+0.0018688	+0.0020409	+0.0022028	+0.0023454	+0.0024602	+0.0025660	+0.0026811
2014-02	0.050	-0.0005344	-0.0004253	-0.0002875	-0.0001361	+0.0000165	+0.0001724	+0.0003512	+0.0005256	+0.0007217	+0.0009252	+0.0011319	+0.0013400	+0.0015389	+0.0017425	+0.0019180	+0.0020881	+0.0022518	+0.0023974	+0.0025301	+0.0026479	+0.0027625
2014-03	0.030	-0.0007860	-0.0006267	-0.0004587	-0.0003075	-0.0001416	+0.0000359	+0.0002070	+0.0004076	+0.0006171	+0.0008351	+0.0010443	+0.0012570	+0.0014624	+0.0016537	+0.0018351	+0.0020037	+0.0021571	+0.0023016	+0.0024377	+0.0025480	+0.0026582
2014-04	0.017	-0.0008068	-0.0006882	-0.0005521	-0.0004289	-0.0002961	-0.0001420	+0.0000153	+0.0001832	+0.0003628	+0.0005534	+0.0007477	+0.0009422	+0.0011349	+0.0013197	+0.0014961	+0.0016615	+0.0018205	+0.0019638	+0.0020927	+0.0022282	+0.0023364
2014-05	0.012	-0.0007994	-0.0006829	-0.0005807	-0.0004664	-0.0003358	-0.0001877	-0.0000384	+0.0001305	+0.0002936	+0.0004602	+0.0006285	+0.0007918	+0.0009481	+0.0010990	+0.0012401	+0.0013737	+0.0015048	+0.0016192	+0.0017273	+0.0018265	+0.0019049
2014-06	0.010	-0.0008208	-0.0007270	-0.0006201	-0.0005141	-0.0003937	-0.0002587	-0.0001177	+0.0000360	+0.0001936	+0.0003510	+0.0005163	+0.0006752	+0.0008260	+0.0009660	+0.0010993	+0.0012125	+0.0013172	+0.0014220	+0.0015067	+0.0015939	+0.0016643
2014-07	0.006	-0.0008335	-0.0007338	-0.0006338	-0.0005336	-0.0004132	-0.0002957	-0.0001650	-0.0000329	+0.0001081	+0.0002545	+0.0004015	+0.0005523	+0.0007014	+0.0008363	+0.0009706	+0.0010858	+0.0011859	+0.0012829	+0.0013681	+0.0014462	+0.0015049
2014-08	0.025	-0.0008755	-0.0007795	-0.0006639	-0.0005694	-0.0004683	-0.0003574	-0.0002430	-0.0001126	+0.0000200	+0.0001558	+0.0002982	+0.0004394	+0.0005720	+0.0006935	+0.0008138	+0.0009132	+0.0010157	+0.0011015	+0.0011799	+0.0012596	+0.0013260
2014-09	-0.012	-0.0006009	-0.0005303	-0.0004481	-0.0003676	-0.0002828	-0.0001871	-0.0000897	+0.0000187	+0.0001322	+0.0002543	+0.0003814	+0.0005051	+0.0006269	+0.0007426	+0.0008519	+0.0009488	+0.0010363	+0.0011183	+0.0012019	+0.0012688	+0.0013333
2014-10	0.026	-0.0002575	-0.0001860	-0.0001173	-0.0000588	+0.0000108	+0.0000913	+0.0001795	+0.0002687	+0.0003637	+0.0004634	+0.0005674	+0.0006725	+0.0007746	+0.0008722	+0.0009627	+0.0010497	+0.0011242	+0.0011980	+0.0012720	+0.0013370	+0.0014035
2014-11	0.076	-0.0004343	-0.0003485	-0.0002565	-0.0001685	-0.0000711	+0.0000275	+0.0001262	+0.0002274	+0.0003302	+0.0004396	+0.0005516	+0.0006656	+0.0007765	+0.0008811	+0.0009774	+0.0010618	+0.0011435	+0.0012151	+0.0012858	+0.0013504	+0.0014144
2014-12	-0.017	-0.0002320	-0.0001397	-0.0000550	+0.0000214	+0.0001074	+0.0001956	+0.0002914	+0.0003895	+0.0004919	+0.0005944	+0.0006966	+0.0007994	+0.0008999	+0.0009973	+0.0010896	+0.0011707	+0.0012491	+0.0013250	+0.0013908	+0.0014457	+0.0015026
2015-01	-0.041	-0.0002823	-0.0001921	-0.0000732	+0.0000282	+0.0001289	+0.0002351	+0.0003452	+0.0004483	+0.0005633	+0.0006763	+0.0007884	+0.0009007	+0.0010079	+0.0011081	+0.0012059	+0.0012946	+0.0013782	+0.0014584	+0.0015280	+0.0015919	+0.0016607
2015-02	0.002	-0.0004345	-0.0003322	-0.0002082	-0.0000867	+0.0000347	+0.0001436	+0.0002527	+0.0003630	+0.0004721	+0.0005834	+0.0006953	+0.0008090	+0.0009214	+0.0010287	+0.0011300	+0.0012224	+0.0013052	+0.0013857	+0.0014554	+0.0015397	+0.0016364
