2013-09	0.001	-0.0004259	-0.0002926	-0.0001467	-0.0000084	+0.0001223	+0.0002507	+0.0003729	+0.0005032	+0.0006356	+0.0007720	+0.0009095	+0.0010482	+0.0011879	+0.0013145	+0.0014429	+0.0015525	+0.0016578	+0.0017466	+0.0018359	+0.0019193	+0.0019953
2013-10	0.016	-0.0002907	-0.0001742	-0.0000523	+0.0000514	+0.0001536	+0.0002614	+0.0003681	+0.0004868	+0.0006058	+0.0007333	+0.0008629	+0.0009947	+0.0011210	+0.0012378	+0.0013473	+0.0014559	+0.0015545	+0.0016386	+0.0017227	+0.0018054	+0.0018907
2013-11	0.041	-0.0003644	-0.0002235	-0.0001037	+0.0000293	+0.0001530	+0.0002688	+0.0003896	+0.0005102	+0.0006342	+0.0007573	+0.0008925	+0.0010261	+0.0011517	+0.0012746	+0.0013868	+0.0014991	+0.0015969	+0.0016919	+0.0017768	+0.0018542	+0.0019310
2013-12	0.030	-0.0002658	-0.0001613	-0.0000217	+0.0001052	+0.0002185	+0.0003282	+0.0004363	+0.0005481	+0.0006655	+0.0007898	+0.0009140	+0.0010342	+0.0011554	+0.0012724	+0.0013820	+0.0014820	+0.0015781	+0.0016746	+0.0017683	+0.0018430	+0.0019316
2014-01	-0.022	-0.0001391	-0.0000052	+0.0001007	+0.0002144	+0.0003301	+0.0004353	+0.0005463	+0.0006649	+0.0007866	+0.0009088	+0.0010375	+0.0011656	+0.0012867	+0.0014007	+0.0015096	+0.0016085	+0.0017063	+0.0017908	+0.0018592	+0.0019364	+0.0020016
2014-02	-0.003	-0.0002458	-0.0000796	+0.0000621	+0.0001849	+0.0003106	+0.0004283	+0.0005459	+0.0006671	+0.0007953	+0.0009236	+0.0010527	+0.0011764	+0.0013027	+0.0014209	+0.0015305	+0.0016352	+0.0017277	+0.0018154	+0.0018963	+0.0019740	+0.0020356
2014-03	0.010	-0.0004644	-0.0003085	-0.0001045	+0.0000741	+0.0002021	+0.0003253	+0.0004382	+0.0005570	+0.0006798	+0.0008078	+0.0009371	+0.0010647	+0.0011892	+0.0013047	+0.0014132	+0.0015189	+0.0016063	+0.0016981	+0.0017752	+0.0018488	+0.0019142
2014-04	-0.001	-0.0004215	-0.0002904	-0.0001699	-0.0000607	+0.0000340	+0.0001347	+0.0002409	+0.0003522	+0.0004661	+0.0005845	+0.0007060	+0.0008247	+0.0009469	+0.0010597	+0.0011680	+0.0012700	+0.0013628	+0.0014536	+0.0015408	+0.0016136	+0.0016839
2014-05	-0.008	-0.0003194	-0.0002448	-0.0001729	-0.0000926	-0.0000072	+0.0000717	+0.0001548	+0.0002456	+0.0003438	+0.0004391	+0.0005385	+0.0006409	+0.0007372	+0.0008353	+0.0009215	+0.0010029	+0.0010790	+0.0011514	+0.0012127	+0.0012750	+0.0013296
2014-06	-0.002	-0.0003567	-0.0002906	-0.0002268	-0.0001597	-0.0000977	-0.0000256	+0.0000480	+0.0001299	+0.0002164	+0.0003089	+0.0004078	+0.0005052	+0.0006027	+0.0006964	+0.0007795	+0.0008597	+0.0009339	+0.0010049	+0.0010704	+0.0011339	+0.0011849
2014-07	0.008	-0.0003904	-0.0003268	-0.0002682	-0.0002070	-0.0001464	-0.0000848	-0.0000143	+0.0000581	+0.0001372	+0.0002210	+0.0003111	+0.0004035	+0.0004890	+0.0005760	+0.0006597	+0.0007392	+0.0008092	+0.0008753	+0.0009407	+0.0010018	+0.0010508
2014-08	0.013	-0.0003992	-0.0003555	-0.0003038	-0.0002538	-0.0002055	-0.0001527	-0.0000961	-0.0000388	+0.0000223	+0.0000935	+0.0001671	+0.0002436	+0.0003217	+0.0004001	+0.0004683	+0.0005364	+0.0006049	+0.0006641	+0.0007268	+0.0007759	+0.0008297
2014-09	0.037	-0.0002811	-0.0002537	-0.0002180	-0.0001804	-0.0001363	-0.0000949	-0.0000474	+0.0000064	+0.0000640	+0.0001268	+0.0001939	+0.0002580	+0.0003251	+0.0003911	+0.0004558	+0.0005250	+0.0005884	+0.0006444	+0.0006980	+0.0007431	+0.0007846
2014-10	0.010	-0.0001306	-0.0000948	-0.0000681	-0.0000360	+0.0000024	+0.0000443	+0.0000913	+0.0001396	+0.0001947	+0.0002581	+0.0003230	+0.0003914	+0.0004608	+0.0005272	+0.0005942	+0.0006567	+0.0007198	+0.0007770	+0.0008325	+0.0008866	+0.0009254
2014-11	0.076	-0.0001657	-0.0001198	-0.0000786	-0.0000379	+0.0000085	+0.0000543	+0.0001074	+0.0001669	+0.0002311	+0.0003000	+0.0003714	+0.0004451	+0.0005168	+0.0005878	+0.0006556	+0.0007193	+0.0007806	+0.0008363	+0.0008866	+0.0009286	+0.0009751
2014-12	0.010	-0.0001406	-0.0000767	-0.0000300	+0.0000173	+0.0000796	+0.0001400	+0.0001982	+0.0002669	+0.0003446	+0.0004267	+0.0005096	+0.0005920	+0.0006755	+0.0007570	+0.0008343	+0.0009076	+0.0009755	+0.0010425	+0.0011021	+0.0011606	+0.0012055
2015-01	-0.015	-0.0000811	-0.0000259	+0.0000257	+0.0000815	+0.0001482	+0.0002184	+0.0002953	+0.0003765	+0.0004692	+0.0005629	+0.0006602	+0.0007606	+0.0008558	+0.0009508	+0.0010375	+0.0011220	+0.0012000	+0.0012683	+0.0013345	+0.0014020	+0.0014606
2015-02	-0.001	-0.0002371	-0.0001410	-0.0000384	+0.0000350	+0.0001138	+0.0001892	+0.0002748	+0.0003613	+0.0004553	+0.0005570	+0.0006561	+0.0007570	+0.0008574	+0.0009558	+0.0010478	+0.0011299	+0.0012067	+0.0012798	+0.0013494	+0.0014105	+0.0014629
