2011-02	-0.008	-0.0036540	-0.0033766	-0.0030710	-0.0027502	-0.0024022	-0.0020306	-0.0016258	-0.0011940	-0.0007323	-0.0002448	+0.0002526	+0.0007476	+0.0012322	+0.0016902	+0.0021208	+0.0025193	+0.0028901	+0.0032354	+0.0035571	+0.0038631	+0.0041531
2011-03	0.018	-0.0033442	-0.0030924	-0.0028241	-0.0025411	-0.0022233	-0.0018842	-0.0015173	-0.0011222	-0.0006942	-0.0002393	+0.0002334	+0.0007131	+0.0011839	+0.0016403	+0.0020711	+0.0024767	+0.0028616	+0.0032228	+0.0035606	+0.0038758	+0.0041726
2011-04	-0.003	-0.0049874	-0.0045398	-0.0040571	-0.0035617	-0.0030414	-0.0024880	-0.0019001	-0.0012749	-0.0006282	+0.0000381	+0.0007121	+0.0013734	+0.0020043	+0.0025972	+0.0031532	+0.0036643	+0.0041344	+0.0045676	+0.0049759	+0.0053511	+0.0057060
2011-05	0.002	-0.0044953	-0.0042379	-0.0039607	-0.0036611	-0.0033375	-0.0029842	-0.0025987	-0.0021842	-0.0017391	-0.0012614	-0.0007685	-0.0002678	+0.0002191	+0.0006877	+0.0011327	+0.0015506	+0.0019379	+0.0023016	+0.0026343	+0.0029555	+0.0032479
2011-06	-0.001	-0.0024821	-0.0022406	-0.0019828	-0.0017083	-0.0014217	-0.0011139	-0.0007836	-0.0004289	-0.0000552	+0.0003331	+0.0007287	+0.0011235	+0.0014986	+0.0018529	+0.0021803	+0.0024853	+0.0027661	+0.0030248	+0.0032618	+0.0034842	+0.0036841
2011-07	-0.029	-0.0034805	-0.0032510	-0.0030114	-0.0027545	-0.0024794	-0.0021824	-0.0018628	-0.0015191	-0.0011588	-0.0007772	-0.0003844	+0.0000106	+0.0003953	+0.0007619	+0.0011042	+0.0014187	+0.0017107	+0.0019805	+0.0022293	+0.0024592	+0.0026748
2011-08	0.009	-0.0058526	-0.0055665	-0.0052627	-0.0049363	-0.0045853	-0.0041991	-0.0037706	-0.0033002	-0.0027803	-0.0022065	-0.0015862	-0.0009351	-0.0002717	+0.0003938	+0.0010389	+0.0016600	+0.0022543	+0.0028342	+0.0033864	+0.0039266	+0.0044344
2011-09	0.003	-0.0048317	-0.0044618	-0.0040654	-0.0036513	-0.0032089	-0.0027368	-0.0022287	-0.0016816	-0.0010963	-0.0004758	+0.0001668	+0.0008121	+0.0014589	+0.0020898	+0.0026894	+0.0032687	+0.0038117	+0.0043180	+0.0047890	+0.0052410	+0.0056781
2011-10	0.010	-0.0032193	-0.0029861	-0.0027387	-0.0024721	-0.0021888	-0.0018818	-0.0015537	-0.0012034	-0.0008336	-0.0004481	-0.0000588	+0.0003248	+0.0006911	+0.0010343	+0.0013514	+0.0016427	+0.0019086	+0.0021533	+0.0023746	+0.0025799	+0.0027710
2011-11	0.015	-0.0037924	-0.0035528	-0.0033010	-0.0030121	-0.0026948	-0.0023469	-0.0019548	-0.0015092	-0.0010150	-0.0004719	+0.0001131	+0.0007140	+0.0013178	+0.0019187	+0.0024959	+0.0030463	+0.0035678	+0.0040675	+0.0045518	+0.0050294	+0.0054702
2011-12	0.000	-0.0028498	-0.0026489	-0.0024347	-0.0022074	-0.0019673	-0.0017062	-0.0014241	-0.0011193	-0.0007949	-0.0004561	-0.0001074	+0.0002420	+0.0005856	+0.0009137	+0.0012190	+0.0015050	+0.0017684	+0.0020159	+0.0022441	+0.0024631	+0.0026662
2012-01	-0.008	-0.0019986	-0.0018244	-0.0016345	-0.0014360	-0.0012229	-0.0009948	-0.0007521	-0.0004919	-0.0002144	+0.0000750	+0.0003703	+0.0006653	+0.0009515	+0.0012234	+0.0014778	+0.0017137	+0.0019328	+0.0021327	+0.0023193	+0.0024962	+0.0026557
2012-02	0.052	-0.0030402	-0.0028095	-0.0025600	-0.0022901	-0.0020010	-0.0016863	-0.0013492	-0.0009813	-0.0005900	-0.0001772	+0.0002456	+0.0006740	+0.0010904	+0.0014908	+0.0018673	+0.0022218	+0.0025481	+0.0028603	+0.0031469	+0.0034203	+0.0036777
2012-03	0.013	-0.0058441	-0.0051373	-0.0042280	-0.0034372	-0.0026933	-0.0017078	-0.0007232	+0.0001132	+0.0011712	+0.0022134	+0.0030236	+0.0039267	+0.0048422	+0.0054616	+0.0059154	+0.0062839	+0.0065989	+0.0068708	+0.0071174	+0.0073421	+0.0075529
2012-04	-0.003	-0.0034026	-0.0031191	-0.0028181	-0.0024979	-0.0021589	-0.0017913	-0.0013975	-0.0009743	-0.0005225	-0.0000524	+0.0004293	+0.0009096	+0.0013776	+0.0018186	+0.0022326	+0.0026183	+0.0029730	+0.0032999	+0.0036027	+0.0038789	+0.0041364
2012-05	-0.020	-0.0030256	-0.0028151	-0.0025855	-0.0023341	-0.0020597	-0.0017701	-0.0014537	-0.0011092	-0.0007371	-0.0003369	+0.0000768	+0.0004957	+0.0009091	+0.0013055	+0.0016842	+0.0020371	+0.0023650	+0.0026731	+0.0029657	+0.0032378	+0.0034985
2012-06	0.012	-0.0042188	-0.0039259	-0.0036087	-0.0032863	-0.0029436	-0.0025825	-0.0021977	-0.0017907	-0.0013617	-0.0009232	-0.0004905	-0.0000593	+0.0003531	+0.0007470	+0.0011164	+0.0014559	+0.0017777	+0.0020758	+0.0023589	+0.0026192	+0.0028691
2012-07	-0.002	-0.0029636	-0.0026838	-0.0023818	-0.0020581	-0.0017142	-0.0013407	-0.0009369	-0.0005023	-0.0000426	+0.0004407	+0.0009355	+0.0014336	+0.0019197	+0.0023816	+0.0028180	+0.0032257	+0.0035996	+0.0039515	+0.0042890	+0.0046012	+0.0048970
2012-08	0.007	-0.0017336	-0.0016376	-0.0015330	-0.0014176	-0.0012953	-0.0011624	-0.0010179	-0.0008593	-0.0006857	-0.0005030	-0.0003144	-0.0001209	+0.0000703	+0.0002538	+0.0004287	+0.0005948	+0.0007479	+0.0008925	+0.0010247	+0.0011533	+0.0012716
2012-09	-0.001	-0.0014773	-0.0013345	-0.0011947	-0.0010488	-0.0008907	-0.0007245	-0.0005488	-0.0003611	-0.0001645	+0.0000380	+0.0002459	+0.0004496	+0.0006480	+0.0008334	+0.0010063	+0.0011647	+0.0013099	+0.0014466	+0.0015723	+0.0016879	+0.0018014
2012-10	0.026	-0.0029585	-0.0028012	-0.0026277	-0.0024340	-0.0022160	-0.0019663	-0.0016856	-0.0013674	-0.0010093	-0.0006120	-0.0001897	+0.0002480	+0.0006945	+0.0011374	+0.0015642	+0.0019739	+0.0023595	+0.0027298	+0.0030790	+0.0034119	+0.0037288
2012-11	0.031	-0.0032776	-0.0029073	-0.0025238	-0.0021099	-0.0016975	-0.0012540	-0.0007887	-0.0003118	+0.0001737	+0.0006615	+0.0011244	+0.0015591	+0.0019597	+0.0023110	+0.0026045	+0.0028535	+0.0030656	+0.0032512	+0.0034143	+0.0035633	+0.0036979
2012-12	0.049	-0.0041219	-0.0037006	-0.0032567	-0.0027951	-0.0023062	-0.0017823	-0.0012293	-0.0006389	-0.0000325	+0.0005882	+0.0012108	+0.0018221	+0.0024026	+0.0029487	+0.0034593	+0.0039345	+0.0043760	+0.0047970	+0.0051855	+0.0055595	+0.0059052
2013-01	0.039	-0.0044503	-0.0037862	-0.0031218	-0.0024546	-0.0017394	-0.0009883	-0.0002284	+0.0005581	+0.0013774	+0.0021981	+0.0029731	+0.0037092	+0.0043856	+0.0049659	+0.0054545	+0.0058740	+0.0062420	+0.0065677	+0.0068677	+0.0071399	+0.0073922
2013-02	0.016	-0.0060567	-0.0055121	-0.0049202	-0.0042870	-0.0036159	-0.0028875	-0.0021107	-0.0012788	-0.0003961	+0.0005202	+0.0014590	+0.0023912	+0.0032956	+0.0041526	+0.0049486	+0.0056927	+0.0063800	+0.0070081	+0.0076012	+0.0081336	+0.0086264
2013-03	0.016	-0.0046802	-0.0043205	-0.0039389	-0.0035375	-0.0031049	-0.0026464	-0.0021623	-0.0016458	-0.0011031	-0.0005374	+0.0000348	+0.0005971	+0.0011413	+0.0016523	+0.0021290	+0.0025648	+0.0029647	+0.0033354	+0.0036772	+0.0039956	+0.0042944
2013-04	0.046	-0.0048198	-0.0044727	-0.0040896	-0.0036838	-0.0032499	-0.0027789	-0.0022709	-0.0017204	-0.0011271	-0.0005024	+0.0001460	+0.0008005	+0.0014408	+0.0020522	+0.0026319	+0.0031660	+0.0036632	+0.0041192	+0.0045449	+0.0049514	+0.0053332
2013-05	0.015	-0.0083011	-0.0076603	-0.0068932	-0.0060047	-0.0050340	-0.0039628	-0.0027958	-0.0015297	-0.0001808	+0.0012491	+0.0027186	+0.0042027	+0.0056626	+0.0070645	+0.0084073	+0.0096750	+0.0100000	+0.0100000	+0.0100000	+0.0100000	+0.0100000
2013-06	-0.044	-0.0058368	-0.0053231	-0.0047821	-0.0041989	-0.0035916	-0.0029370	-0.0022269	-0.0014667	-0.0006676	+0.0001680	+0.0010254	+0.0018800	+0.0027125	+0.0035002	+0.0042402	+0.0049288	+0.0055653	+0.0061619	+0.0067099	+0.0072334	+0.0077051
2013-07	-0.005	-0.0092014	-0.0088454	-0.0083834	-0.0078186	-0.0071625	-0.0063955	-0.0055499	-0.0046198	-0.0035925	-0.0024926	-0.0013348	-0.0001589	+0.0010250	+0.0021834	+0.0033220	+0.0044343	+0.0055436	+0.0066948	+0.0080273	+0.0100000	+0.0100000
2013-08	-0.002	-0.0057652	-0.0053814	-0.0049776	-0.0045392	-0.0040726	-0.0035764	-0.0030504	-0.0024934	-0.0018997	-0.0012802	-0.0006487	-0.0000216	+0.0005863	+0.0011623	+0.0016976	+0.0021953	+0.0026503	+0.0030747	+0.0034685	+0.0038285	+0.0041642
2013-09	0.005	-0.0052688	-0.0049290	-0.0045647	-0.0041708	-0.0037570	-0.0033048	-0.0028130	-0.0022885	-0.0017328	-0.0011538	-0.0005588	+0.0000371	+0.0006187	+0.0011728	+0.0016905	+0.0021732	+0.0026208	+0.0030380	+0.0034291	+0.0037969	+0.0041440
2013-10	0.014	-0.0034745	-0.0032442	-0.0029973	-0.0027398	-0.0024610	-0.0021607	-0.0018429	-0.0015060	-0.0011524	-0.0007827	-0.0004059	-0.0000298	+0.0003341	+0.0006818	+0.0010065	+0.0013068	+0.0015859	+0.0018472	+0.0020866	+0.0023058	+0.0025129
2013-11	0.036	-0.0025008	-0.0022845	-0.0020558	-0.0018013	-0.0015227	-0.0012263	-0.0009071	-0.0005616	-0.0001922	+0.0001943	+0.0005940	+0.0009980	+0.0013904	+0.0017654	+0.0021176	+0.0024455	+0.0027460	+0.0030281	+0.0032903	+0.0035437	+0.0037723
2013-12	0.016	-0.0045135	-0.0039403	-0.0032863	-0.0026774	-0.0020689	-0.0013567	-0.0006642	+0.0000105	+0.0007760	+0.0015006	+0.0021506	+0.0028137	+0.0034224	+0.0039067	+0.0042910	+0.0046110	+0.0048885	+0.0051320	+0.0053514	+0.0055524	+0.0057394
2014-01	-0.009	-0.0029770	-0.0026978	-0.0024046	-0.0020890	-0.0017554	-0.0013948	-0.0010061	-0.0005925	-0.0001504	+0.0003089	+0.0007792	+0.0012453	+0.0016980	+0.0021279	+0.0025287	+0.0029016	+0.0032433	+0.0035607	+0.0038616	+0.0041413	+0.0044052
2014-02	-0.003	-0.0039084	-0.0036086	-0.0033011	-0.0029769	-0.0026267	-0.0022610	-0.0018683	-0.0014516	-0.0010132	-0.0005622	-0.0001038	+0.0003466	+0.0007814	+0.0011920	+0.0015745	+0.0019295	+0.0022578	+0.0025552	+0.0028323	+0.0030870	+0.0033230
2014-03	0.003	-0.0019247	-0.0017594	-0.0015863	-0.0013995	-0.0011983	-0.0009797	-0.0007410	-0.0004863	-0.0002124	+0.0000788	+0.0003815	+0.0006890	+0.0009911	+0.0012877	+0.0015669	+0.0018285	+0.0020755	+0.0023041	+0.0025214	+0.0027290	+0.0029208
2014-04	0.001	-0.0021273	-0.0019507	-0.0017595	-0.0015534	-0.0013367	-0.0011024	-0.0008506	-0.0005813	-0.0002992	-0.0000026	+0.0003012	+0.0006023	+0.0008945	+0.0011761	+0.0014395	+0.0016859	+0.0019097	+0.0021219	+0.0023175	+0.0024984	+0.0026723
2014-05	0.003	-0.0022973	-0.0021470	-0.0019798	-0.0018027	-0.0016161	-0.0014176	-0.0012055	-0.0009781	-0.0007401	-0.0004935	-0.0002436	+0.0000004	+0.0002341	+0.0004537	+0.0006572	+0.0008451	+0.0010189	+0.0011797	+0.0013298	+0.0014703	+0.0015991
2014-06	-0.003	-0.0015678	-0.0014456	-0.0013077	-0.0011602	-0.0010042	-0.0008395	-0.0006590	-0.0004700	-0.0002731	-0.0000658	+0.0001427	+0.0003506	+0.0005483	+0.0007357	+0.0009103	+0.0010712	+0.0012192	+0.0013554	+0.0014850	+0.0016060	+0.0017160
2014-07	0.010	-0.0013824	-0.0013011	-0.0012137	-0.0011212	-0.0010229	-0.0009181	-0.0008072	-0.0006851	-0.0005613	-0.0004318	-0.0003018	-0.0001720	-0.0000433	+0.0000743	+0.0001855	+0.0002899	+0.0003829	+0.0004742	+0.0005549	+0.0006297	+0.0007039
2014-08	0.016	-0.0009220	-0.0008180	-0.0007102	-0.0005941	-0.0004749	-0.0003418	-0.0002051	-0.0000572	+0.0001001	+0.0002643	+0.0004333	+0.0006007	+0.0007657	+0.0009212	+0.0010691	+0.0012075	+0.0013367	+0.0014584	+0.0015715	+0.0016818	+0.0017854
2014-09	0.043	-0.0022545	-0.0019895	-0.0017178	-0.0014390	-0.0011471	-0.0008391	-0.0005171	-0.0001828	+0.0001613	+0.0005095	+0.0008534	+0.0011800	+0.0014847	+0.0017633	+0.0020136	+0.0022411	+0.0024500	+0.0026388	+0.0028105	+0.0029706	+0.0031247
2014-10	0.008	-0.0051540	-0.0045693	-0.0036786	-0.0030733	-0.0024844	-0.0015900	-0.0008355	-0.0001714	+0.0007744	+0.0015618	+0.0021999	+0.0029684	+0.0037076	+0.0041926	+0.0045555	+0.0048577	+0.0051206	+0.0053594	+0.0055731	+0.0057709	+0.0059513
2014-11	0.074	-0.0020221	-0.0018425	-0.0016560	-0.0014527	-0.0012341	-0.0010012	-0.0007494	-0.0004821	-0.0001996	+0.0000981	+0.0004026	+0.0007042	+0.0009964	+0.0012697	+0.0015239	+0.0017574	+0.0019756	+0.0021755	+0.0023603	+0.0025289	+0.0026868
2014-12	0.016	-0.0049827	-0.0043300	-0.0035981	-0.0029250	-0.0022076	-0.0014037	-0.0006036	+0.0001908	+0.0010494	+0.0018858	+0.0026487	+0.0034062	+0.0041251	+0.0047010	+0.0051617	+0.0055428	+0.0058703	+0.0061615	+0.0064189	+0.0066601	+0.0068783
2015-01	-0.001	-0.0045441	-0.0041381	-0.0037080	-0.0032475	-0.0027658	-0.0022506	-0.0016972	-0.0011176	-0.0005099	+0.0001191	+0.0007495	+0.0013667	+0.0019548	+0.0025033	+0.0030105	+0.0034678	+0.0038837	+0.0042599	+0.0046067	+0.0049204	+0.0052061
2015-02	-0.004	-0.0032134	-0.0029719	-0.0027086	-0.0024327	-0.0021335	-0.0018140	-0.0014652	-0.0010928	-0.0006962	-0.0002791	+0.0001470	+0.0005690	+0.0009803	+0.0013685	+0.0017305	+0.0020627	+0.0023690	+0.0026544	+0.0029176	+0.0031649	+0.0034037
