2011-02	0.050	-0.0064117	-0.0058410	-0.0052199	-0.0045597	-0.0038574	-0.0031076	-0.0023066	-0.0014477	-0.0005350	+0.0004216	+0.0013999	+0.0023732	+0.0033319	+0.0042435	+0.0050984	+0.0058808	+0.0066048	+0.0072833	+0.0079213	+0.0085119	+0.0090636
2011-03	0.038	-0.0042673	-0.0037971	-0.0032906	-0.0027684	-0.0022114	-0.0016030	-0.0009606	-0.0002687	+0.0004677	+0.0012533	+0.0020644	+0.0028927	+0.0037204	+0.0045172	+0.0052771	+0.0059917	+0.0066652	+0.0073049	+0.0078930	+0.0084729	+0.0090047
2011-04	0.043	-0.0095351	-0.0092690	-0.0088795	-0.0083052	-0.0075300	-0.0065107	-0.0052429	-0.0037485	-0.0020588	-0.0002217	+0.0017302	+0.0037250	+0.0057480	+0.0077887	+0.0099139	+0.0100000	+0.0100000	+0.0100000	+0.0100000	+0.0100000	+0.0100000
2011-05	-0.088	-0.0089391	-0.0084633	-0.0078715	-0.0071598	-0.0063253	-0.0053998	-0.0043729	-0.0032533	-0.0020764	-0.0008507	+0.0004007	+0.0016287	+0.0028115	+0.0039217	+0.0049667	+0.0059369	+0.0068665	+0.0077958	+0.0087916	+0.0100000	+0.0100000
2011-06	-0.041	-0.0096462	-0.0094255	-0.0090823	-0.0085625	-0.0077765	-0.0066795	-0.0051693	-0.0032626	-0.0009485	+0.0016937	+0.0045833	+0.0076901	+0.0100000	+0.0100000	+0.0100000	+0.0100000	+0.0100000	+0.0100000	+0.0100000	+0.0100000	+0.0100000
2011-07	-0.005	-0.0097704	-0.0096309	-0.0094095	-0.0090746	-0.0085920	-0.0079180	-0.0070173	-0.0058851	-0.0045090	-0.0029261	-0.0011495	+0.0007888	+0.0029152	+0.0052499	+0.0082025	+0.0100000	+0.0100000	+0.0100000	+0.0100000	+0.0100000	+0.0100000
2011-08	-0.054	-0.0070785	-0.0065470	-0.0059992	-0.0054038	-0.0047563	-0.0040488	-0.0032959	-0.0024927	-0.0016389	-0.0007333	+0.0002005	+0.0011343	+0.0020490	+0.0029216	+0.0037414	+0.0045114	+0.0052248	+0.0058900	+0.0065089	+0.0070769	+0.0076105
2011-09	-0.101	-0.0097438	-0.0095885	-0.0093452	-0.0089645	-0.0084095	-0.0076348	-0.0066004	-0.0052835	-0.0037228	-0.0019436	+0.0000269	+0.0021324	+0.0043833	+0.0069333	+0.0100000	+0.0100000	+0.0100000	+0.0100000	+0.0100000	+0.0100000	+0.0100000
2011-10	0.087	-0.0098470	-0.0097537	-0.0095942	-0.0093444	-0.0089476	-0.0083337	-0.0074073	-0.0060692	-0.0042023	-0.0016359	+0.0018851	+0.0075436	+0.0100000	+0.0100000	+0.0100000	+0.0100000	+0.0100000	+0.0100000	+0.0100000	+0.0100000	+0.0100000
2011-11	0.003	-0.0088435	-0.0082208	-0.0073803	-0.0062709	-0.0049230	-0.0033330	-0.0015349	+0.0004580	+0.0025863	+0.0048164	+0.0070475	+0.0092408	+0.0100000	+0.0100000	+0.0100000	+0.0100000	+0.0100000	+0.0100000	+0.0100000	+0.0100000	+0.0100000
2011-12	-0.019	-0.0083376	-0.0077815	-0.0071321	-0.0063970	-0.0055710	-0.0046883	-0.0037279	-0.0026826	-0.0015727	-0.0004177	+0.0007489	+0.0019142	+0.0030501	+0.0041241	+0.0051200	+0.0060549	+0.0069274	+0.0077626	+0.0085645	+0.0093880	+0.0100000
2012-01	0.005	-0.0093498	-0.0090049	-0.0085305	-0.0079236	-0.0071856	-0.0063112	-0.0053301	-0.0042415	-0.0030719	-0.0018454	-0.0005943	+0.0006706	+0.0019093	+0.0030893	+0.0042108	+0.0053129	+0.0064266	+0.0077235	+0.0097757	+0.0100000	+0.0100000
2012-02	0.111	-0.0075424	-0.0070680	-0.0065721	-0.0060329	-0.0054463	-0.0048189	-0.0041440	-0.0034261	-0.0026598	-0.0018614	-0.0010466	-0.0002373	+0.0005515	+0.0012906	+0.0019833	+0.0026236	+0.0032207	+0.0037802	+0.0042994	+0.0048019	+0.0052793
2012-03	-0.014	-0.0090831	-0.0085913	-0.0078926	-0.0069091	-0.0055102	-0.0036698	-0.0018109	+0.0001110	+0.0025186	+0.0049743	+0.0070172	+0.0091991	+0.0100000	+0.0100000	+0.0100000	+0.0100000	+0.0100000	+0.0100000	+0.0100000	+0.0100000	+0.0100000
2012-04	-0.015	-0.0093541	-0.0090233	-0.0086021	-0.0080616	-0.0074082	-0.0066469	-0.0057859	-0.0048345	-0.0038009	-0.0027170	-0.0015997	-0.0004779	+0.0006194	+0.0016823	+0.0026953	+0.0036769	+0.0046658	+0.0057069	+0.0070636	+0.0100000	+0.0100000
2012-05	-0.147	-0.0092583	-0.0089225	-0.0084924	-0.0079666	-0.0073443	-0.0066220	-0.0058062	-0.0048921	-0.0038892	-0.0028265	-0.0017169	-0.0005924	+0.0005223	+0.0016074	+0.0026603	+0.0036852	+0.0046931	+0.0057271	+0.0069219	+0.0086936	+0.0100000
2012-06	-0.049	-0.0098864	-0.0098158	-0.0096953	-0.0095035	-0.0091951	-0.0087132	-0.0079720	-0.0068757	-0.0053022	-0.0030019	+0.0005661	+0.0100000	+0.0100000	+0.0100000	+0.0100000	+0.0100000	+0.0100000	+0.0100000	+0.0100000	+0.0100000	+0.0100000
2012-07	0.111	-0.0082361	-0.0076936	-0.0070834	-0.0064142	-0.0056841	-0.0049059	-0.0040523	-0.0031359	-0.0021679	-0.0011493	-0.0000962	+0.0009523	+0.0019679	+0.0029408	+0.0038496	+0.0046935	+0.0054929	+0.0062406	+0.0069541	+0.0076496	+0.0083557
2012-08	0.038	-0.0088543	-0.0083328	-0.0076361	-0.0067531	-0.0057056	-0.0044871	-0.0031309	-0.0016595	-0.0000787	+0.0015689	+0.0032479	+0.0049232	+0.0065374	+0.0080663	+0.0094994	+0.0100000	+0.0100000	+0.0100000	+0.0100000	+0.0100000	+0.0100000
2012-09	-0.022	-0.0077682	-0.0070656	-0.0062679	-0.0053883	-0.0044578	-0.0034595	-0.0024021	-0.0012860	-0.0001317	+0.0010448	+0.0022186	+0.0033583	+0.0044329	+0.0054324	+0.0063519	+0.0071989	+0.0079809	+0.0087232	+0.0094345	+0.0100000	+0.0100000
2012-10	-0.009	-0.0091592	-0.0087908	-0.0083330	-0.0077791	-0.0071395	-0.0064275	-0.0056291	-0.0047547	-0.0038031	-0.0027918	-0.0017298	-0.0006456	+0.0004330	+0.0014916	+0.0025262	+0.0035340	+0.0045364	+0.0055608	+0.0066870	+0.0082066	+0.0100000
2012-11	0.045	-0.0071689	-0.0067332	-0.0062683	-0.0057734	-0.0052403	-0.0046652	-0.0040433	-0.0033814	-0.0026789	-0.0019448	-0.0011944	-0.0004467	+0.0002739	+0.0009553	+0.0015931	+0.0021801	+0.0027236	+0.0032330	+0.0037023	+0.0041269	+0.0045255
2012-12	0.045	-0.0070493	-0.0064245	-0.0057518	-0.0050411	-0.0042675	-0.0034283	-0.0025173	-0.0015385	-0.0005043	+0.0005702	+0.0016737	+0.0027664	+0.0038304	+0.0048308	+0.0057782	+0.0066484	+0.0074469	+0.0081928	+0.0088883	+0.0095376	+0.0100000
2013-01	0.093	-0.0062082	-0.0055624	-0.0048750	-0.0041432	-0.0033638	-0.0025213	-0.0016378	-0.0006905	+0.0003156	+0.0013645	+0.0024293	+0.0034856	+0.0045066	+0.0054787	+0.0063737	+0.0071930	+0.0079614	+0.0086577	+0.0093140	+0.0099375	+0.0100000
2013-02	-0.026	-0.0082620	-0.0075273	-0.0066390	-0.0056205	-0.0044475	-0.0031580	-0.0017498	-0.0002413	+0.0013270	+0.0029283	+0.0045241	+0.0060813	+0.0075476	+0.0088930	+0.0100000	+0.0100000	+0.0100000	+0.0100000	+0.0100000	+0.0100000	+0.0100000
2013-03	0.020	-0.0094135	-0.0091300	-0.0087561	-0.0082811	-0.0077046	-0.0070322	-0.0062736	-0.0054257	-0.0045093	-0.0035290	-0.0025126	-0.0014795	-0.0004563	+0.0005351	+0.0015018	+0.0024489	+0.0034075	+0.0044431	+0.0058209	+0.0100000	+0.0100000
2013-04	0.001	-0.0063933	-0.0058568	-0.0052933	-0.0046810	-0.0040236	-0.0033126	-0.0025538	-0.0017360	-0.0008652	+0.0000600	+0.0010061	+0.0019642	+0.0028947	+0.0037935	+0.0046392	+0.0054328	+0.0061705	+0.0068536	+0.0074897	+0.0081002	+0.0086762
2013-05	0.016	-0.0093834	-0.0090489	-0.0085722	-0.0079255	-0.0070925	-0.0060647	-0.0048565	-0.0035177	-0.0020440	-0.0004641	+0.0011553	+0.0027715	+0.0043581	+0.0058681	+0.0073508	+0.0088501	+0.0100000	+0.0100000	+0.0100000	+0.0100000	+0.0100000
2013-06	-0.026	-0.0076143	-0.0069597	-0.0062169	-0.0053936	-0.0044952	-0.0035247	-0.0024699	-0.0013195	-0.0000866	+0.0012245	+0.0025789	+0.0039535	+0.0053039	+0.0066003	+0.0078129	+0.0089465	+0.0100000	+0.0100000	+0.0100000	+0.0100000	+0.0100000
2013-07	0.023	-0.0090001	-0.0085797	-0.0080300	-0.0073730	-0.0066262	-0.0057655	-0.0048239	-0.0038033	-0.0027056	-0.0015667	-0.0004010	+0.0007613	+0.0018975	+0.0029805	+0.0040013	+0.0049689	+0.0058995	+0.0068172	+0.0077855	+0.0089749	+0.0100000
2013-08	0.053	-0.0080619	-0.0074959	-0.0068558	-0.0061371	-0.0053647	-0.0045127	-0.0035998	-0.0026093	-0.0015539	-0.0004555	+0.0006742	+0.0017896	+0.0028738	+0.0039022	+0.0048615	+0.0057597	+0.0065947	+0.0073601	+0.0080987	+0.0088230	+0.0095505
2013-09	-0.048	-0.0089107	-0.0084121	-0.0077980	-0.0070516	-0.0061878	-0.0052086	-0.0041170	-0.0029174	-0.0016399	-0.0003011	+0.0010611	+0.0024101	+0.0037099	+0.0049356	+0.0060919	+0.0071769	+0.0082280	+0.0092928	+0.0100000	+0.0100000	+0.0100000
2013-10	-0.010	-0.0095215	-0.0092849	-0.0089484	-0.0085039	-0.0079561	-0.0073021	-0.0065397	-0.0056850	-0.0047516	-0.0037515	-0.0027105	-0.0016412	-0.0005854	+0.0004365	+0.0014410	+0.0024307	+0.0034764	+0.0046996	+0.0070115	+0.0100000	+0.0100000
2013-11	0.024	-0.0061061	-0.0056582	-0.0051739	-0.0046671	-0.0041300	-0.0035485	-0.0029247	-0.0022631	-0.0015658	-0.0008394	-0.0000983	+0.0006346	+0.0013424	+0.0020127	+0.0026404	+0.0032186	+0.0037488	+0.0042402	+0.0046921	+0.0051232	+0.0055210
2013-12	0.056	-0.0056226	-0.0050153	-0.0043666	-0.0036856	-0.0029402	-0.0021496	-0.0012889	-0.0003815	+0.0005791	+0.0015836	+0.0026077	+0.0036217	+0.0046053	+0.0055404	+0.0064092	+0.0072160	+0.0079712	+0.0086793	+0.0093316	+0.0099437	+0.0100000
2014-01	-0.045	-0.0070199	-0.0062498	-0.0053986	-0.0045137	-0.0035893	-0.0025949	-0.0015720	-0.0004928	+0.0006135	+0.0017181	+0.0027948	+0.0038190	+0.0047666	+0.0056146	+0.0063667	+0.0070388	+0.0076556	+0.0082255	+0.0087504	+0.0092477	+0.0097420
2014-02	0.023	-0.0061371	-0.0056603	-0.0051421	-0.0045989	-0.0040193	-0.0034089	-0.0027572	-0.0020527	-0.0013097	-0.0005335	+0.0002596	+0.0010452	+0.0018094	+0.0025288	+0.0032043	+0.0038245	+0.0044050	+0.0049379	+0.0054396	+0.0059207	+0.0063652
2014-03	0.017	-0.0066471	-0.0058776	-0.0050920	-0.0042483	-0.0033556	-0.0024112	-0.0014079	-0.0003647	+0.0007183	+0.0018239	+0.0029208	+0.0039821	+0.0049871	+0.0059137	+0.0067687	+0.0075475	+0.0082571	+0.0089114	+0.0095210	+0.0100000	+0.0100000
2014-04	0.010	-0.0057808	-0.0053666	-0.0049245	-0.0044521	-0.0039413	-0.0033891	-0.0027888	-0.0021434	-0.0014432	-0.0007029	+0.0000562	+0.0008228	+0.0015694	+0.0022857	+0.0029694	+0.0036129	+0.0042124	+0.0047712	+0.0052920	+0.0057872	+0.0062569
2014-05	-0.013	-0.0029496	-0.0026794	-0.0023933	-0.0020805	-0.0017398	-0.0013766	-0.0009823	-0.0005603	-0.0001062	+0.0003760	+0.0008737	+0.0013720	+0.0018567	+0.0023201	+0.0027537	+0.0031612	+0.0035379	+0.0038856	+0.0042113	+0.0045198	+0.0048153
2014-06	0.017	-0.0031762	-0.0029337	-0.0026673	-0.0023825	-0.0020788	-0.0017531	-0.0014045	-0.0010321	-0.0006337	-0.0002183	+0.0002068	+0.0006333	+0.0010449	+0.0014348	+0.0017981	+0.0021352	+0.0024479	+0.0027335	+0.0029924	+0.0032414	+0.0034713
2014-07	-0.037	-0.0042307	-0.0038390	-0.0034098	-0.0029643	-0.0024934	-0.0019877	-0.0014533	-0.0008857	-0.0002894	+0.0003353	+0.0009602	+0.0015788	+0.0021755	+0.0027396	+0.0032699	+0.0037589	+0.0042087	+0.0046278	+0.0050173	+0.0053842	+0.0057193
2014-08	-0.023	-0.0062719	-0.0059555	-0.0056135	-0.0052463	-0.0048478	-0.0044084	-0.0039355	-0.0034178	-0.0028479	-0.0022285	-0.0015721	-0.0008925	-0.0002012	+0.0004858	+0.0011534	+0.0017918	+0.0023927	+0.0029730	+0.0035345	+0.0040672	+0.0045800
2014-09	0.019	-0.0042183	-0.0039574	-0.0036696	-0.0033602	-0.0030276	-0.0026592	-0.0022526	-0.0018118	-0.0013371	-0.0008325	-0.0003058	+0.0002282	+0.0007580	+0.0012731	+0.0017640	+0.0022197	+0.0026481	+0.0030568	+0.0034371	+0.0037933	+0.0041411
2014-10	-0.082	-0.0039217	-0.0036450	-0.0033428	-0.0030112	-0.0026504	-0.0022543	-0.0018192	-0.0013471	-0.0008361	-0.0002892	+0.0002841	+0.0008700	+0.0014545	+0.0020227	+0.0025703	+0.0030874	+0.0035744	+0.0040204	+0.0044383	+0.0048238	+0.0051950
2014-11	0.020	-0.0097519	-0.0096051	-0.0093801	-0.0090463	-0.0085698	-0.0079284	-0.0071070	-0.0060959	-0.0049118	-0.0035683	-0.0021146	-0.0005682	+0.0010671	+0.0028196	+0.0048068	+0.0076800	+0.0100000	+0.0100000	+0.0100000	+0.0100000	+0.0100000
2014-12	-0.165	-0.0064704	-0.0059306	-0.0053584	-0.0047464	-0.0040872	-0.0033851	-0.0026375	-0.0018381	-0.0009996	-0.0001319	+0.0007534	+0.0016210	+0.0024521	+0.0032369	+0.0039591	+0.0046205	+0.0052210	+0.0057698	+0.0062822	+0.0067538	+0.0072000
2015-01	-0.138	-0.0098835	-0.0098094	-0.0096864	-0.0094872	-0.0091767	-0.0086891	-0.0079530	-0.0068882	-0.0053691	-0.0032738	-0.0003167	+0.0047366	+0.0100000	+0.0100000	+0.0100000	+0.0100000	+0.0100000	+0.0100000	+0.0100000	+0.0100000	+0.0100000
2015-02	0.082	-0.0098478	-0.0097509	-0.0095956	-0.0093443	-0.0089456	-0.0083356	-0.0074266	-0.0060873	-0.0042433	-0.0017444	+0.0016371	+0.0068057	+0.0100000	+0.0100000	+0.0100000	+0.0100000	+0.0100000	+0.0100000	+0.0100000	+0.0100000	+0.0100000
