2011-02	0.007	-0.0039379	-0.0036064	-0.0032485	-0.0028709	-0.0024730	-0.0020536	-0.0016142	-0.0011525	-0.0006722	-0.0001796	+0.0003159	+0.0007988	+0.0012585	+0.0016885	+0.0020800	+0.0024343	+0.0027571	+0.0030531	+0.0033178	+0.0035609	+0.0037902
2011-03	0.021	-0.0023158	-0.0021356	-0.0019448	-0.0017382	-0.0015143	-0.0012727	-0.0010170	-0.0007378	-0.0004445	-0.0001331	+0.0001874	+0.0005028	+0.0008094	+0.0010997	+0.0013734	+0.0016297	+0.0018656	+0.0020786	+0.0022729	+0.0024559	+0.0026238
2011-04	0.020	-0.0054174	-0.0049297	-0.0044116	-0.0038791	-0.0033035	-0.0026994	-0.0020554	-0.0013728	-0.0006528	+0.0000956	+0.0008683	+0.0016393	+0.0023902	+0.0031120	+0.0037954	+0.0044481	+0.0050425	+0.0056087	+0.0061395	+0.0066398	+0.0071336
2011-05	-0.012	-0.0037778	-0.0034790	-0.0031688	-0.0028322	-0.0024768	-0.0020836	-0.0016548	-0.0011879	-0.0006903	-0.0001581	+0.0003911	+0.0009469	+0.0014923	+0.0020143	+0.0025066	+0.0029694	+0.0034040	+0.0038082	+0.0041976	+0.0045557	+0.0048801
2011-06	-0.007	-0.0036850	-0.0033659	-0.0030207	-0.0026743	-0.0022892	-0.0018824	-0.0014511	-0.0009912	-0.0005103	-0.0000088	+0.0004993	+0.0009976	+0.0014802	+0.0019310	+0.0023523	+0.0027385	+0.0030910	+0.0034153	+0.0037135	+0.0039922	+0.0042554
2011-07	-0.022	-0.0032899	-0.0030990	-0.0028984	-0.0026748	-0.0024298	-0.0021602	-0.0018610	-0.0015278	-0.0011664	-0.0007826	-0.0003770	+0.0000362	+0.0004465	+0.0008453	+0.0012312	+0.0015936	+0.0019347	+0.0022604	+0.0025675	+0.0028636	+0.0031433
2011-08	-0.012	-0.0062833	-0.0059345	-0.0055684	-0.0051731	-0.0047499	-0.0042991	-0.0038174	-0.0033000	-0.0027497	-0.0021642	-0.0015561	-0.0009436	-0.0003334	+0.0002558	+0.0008132	+0.0013369	+0.0018314	+0.0023000	+0.0027440	+0.0031514	+0.0035502
2011-09	-0.031	-0.0064102	-0.0059456	-0.0054637	-0.0049404	-0.0043788	-0.0037707	-0.0031254	-0.0024457	-0.0017366	-0.0010073	-0.0002815	+0.0004358	+0.0011178	+0.0017535	+0.0023347	+0.0028644	+0.0033523	+0.0037941	+0.0042022	+0.0045767	+0.0049218
2011-10	0.040	-0.0077171	-0.0073298	-0.0069241	-0.0064843	-0.0060081	-0.0054748	-0.0048849	-0.0042267	-0.0035049	-0.0027097	-0.0018610	-0.0009664	-0.0000613	+0.0008348	+0.0017009	+0.0025403	+0.0033481	+0.0041192	+0.0048446	+0.0055630	+0.0062490
2011-11	-0.032	-0.0035539	-0.0030027	-0.0024521	-0.0018601	-0.0012531	-0.0006045	+0.0000793	+0.0007981	+0.0015430	+0.0022970	+0.0030410	+0.0037688	+0.0044496	+0.0050818	+0.0056629	+0.0061921	+0.0066788	+0.0071381	+0.0075695	+0.0079610	+0.0083337
2011-12	0.015	-0.0070963	-0.0067327	-0.0063440	-0.0059093	-0.0054249	-0.0048871	-0.0042836	-0.0036164	-0.0028885	-0.0021014	-0.0012729	-0.0004181	+0.0004351	+0.0012742	+0.0020813	+0.0028522	+0.0035754	+0.0042616	+0.0049160	+0.0055480	+0.0061286
2012-01	0.006	-0.0022219	-0.0020466	-0.0018608	-0.0016626	-0.0014527	-0.0012215	-0.0009750	-0.0007096	-0.0004269	-0.0001289	+0.0001785	+0.0004863	+0.0007870	+0.0010717	+0.0013417	+0.0015918	+0.0018277	+0.0020452	+0.0022500	+0.0024364	+0.0026120
2012-02	0.056	-0.0032480	-0.0029262	-0.0025903	-0.0022358	-0.0018651	-0.0014681	-0.0010441	-0.0005907	-0.0001170	+0.0003731	+0.0008721	+0.0013602	+0.0018275	+0.0022690	+0.0026796	+0.0030568	+0.0034015	+0.0037196	+0.0040150	+0.0042872	+0.0045472
2012-03	0.011	-0.0065915	-0.0057961	-0.0047953	-0.0040261	-0.0032317	-0.0021148	-0.0011077	-0.0001871	+0.0009967	+0.0020628	+0.0029685	+0.0039921	+0.0049325	+0.0055962	+0.0061088	+0.0065418	+0.0069235	+0.0072697	+0.0075953	+0.0079039	+0.0081943
2012-04	-0.006	-0.0044960	-0.0041337	-0.0037563	-0.0033531	-0.0029192	-0.0024574	-0.0019583	-0.0014243	-0.0008556	-0.0002639	+0.0003449	+0.0009479	+0.0015352	+0.0020946	+0.0026187	+0.0030990	+0.0035456	+0.0039615	+0.0043444	+0.0046989	+0.0050312
2012-05	-0.051	-0.0047316	-0.0044307	-0.0041073	-0.0037596	-0.0033741	-0.0029615	-0.0025096	-0.0020181	-0.0014888	-0.0009301	-0.0003521	+0.0002321	+0.0008075	+0.0013528	+0.0018731	+0.0023580	+0.0028046	+0.0032213	+0.0036071	+0.0039667	+0.0043171
2012-06	0.013	-0.0067557	-0.0064741	-0.0061764	-0.0058537	-0.0054946	-0.0051058	-0.0046741	-0.0041930	-0.0036565	-0.0030586	-0.0024157	-0.0017417	-0.0010531	-0.0003719	+0.0002954	+0.0009291	+0.0015323	+0.0021199	+0.0026651	+0.0031941	+0.0036941
2012-07	0.008	-0.0034741	-0.0031410	-0.0027676	-0.0023829	-0.0019724	-0.0015376	-0.0010715	-0.0005684	-0.0000376	+0.0005153	+0.0010749	+0.0016351	+0.0021786	+0.0026947	+0.0031759	+0.0036206	+0.0040333	+0.0044152	+0.0047699	+0.0050974	+0.0054069
2012-08	0.009	-0.0042435	-0.0039648	-0.0036801	-0.0033703	-0.0030326	-0.0026657	-0.0022697	-0.0018443	-0.0013829	-0.0009008	-0.0004014	+0.0000979	+0.0005853	+0.0010508	+0.0014875	+0.0018992	+0.0022802	+0.0026334	+0.0029561	+0.0032587	+0.0035391
2012-09	0.008	-0.0021516	-0.0019548	-0.0017497	-0.0015350	-0.0013071	-0.0010642	-0.0008090	-0.0005378	-0.0002514	+0.0000453	+0.0003460	+0.0006456	+0.0009364	+0.0012109	+0.0014703	+0.0017149	+0.0019379	+0.0021498	+0.0023514	+0.0025432	+0.0027183
2012-10	0.017	-0.0026408	-0.0024556	-0.0022522	-0.0020274	-0.0017781	-0.0015037	-0.0012057	-0.0008781	-0.0005144	-0.0001299	+0.0002744	+0.0006873	+0.0010993	+0.0015030	+0.0018852	+0.0022443	+0.0025803	+0.0028981	+0.0031958	+0.0034805	+0.0037406
2012-11	0.029	-0.0029499	-0.0026611	-0.0023619	-0.0020409	-0.0017040	-0.0013413	-0.0009637	-0.0005610	-0.0001405	+0.0002921	+0.0007243	+0.0011458	+0.0015441	+0.0019143	+0.0022541	+0.0025662	+0.0028509	+0.0031156	+0.0033565	+0.0035774	+0.0037821
2012-12	0.049	-0.0039120	-0.0035181	-0.0031041	-0.0026591	-0.0021958	-0.0017032	-0.0011830	-0.0006350	-0.0000604	+0.0005370	+0.0011309	+0.0017106	+0.0022648	+0.0027847	+0.0032631	+0.0037034	+0.0041049	+0.0044715	+0.0048117	+0.0051252	+0.0054151
2013-01	0.049	-0.0048041	-0.0041621	-0.0032986	-0.0026449	-0.0020000	-0.0010982	-0.0003043	+0.0004029	+0.0013523	+0.0021981	+0.0028864	+0.0036722	+0.0044354	+0.0049580	+0.0053518	+0.0056746	+0.0059542	+0.0062002	+0.0064273	+0.0066326	+0.0068265
2013-02	0.004	-0.0068494	-0.0061693	-0.0054312	-0.0046430	-0.0037971	-0.0028982	-0.0019471	-0.0009392	+0.0001158	+0.0011952	+0.0022890	+0.0033574	+0.0043742	+0.0053264	+0.0062095	+0.0070259	+0.0077690	+0.0084741	+0.0091223	+0.0097333	+0.0100000
2013-03	0.020	-0.0050880	-0.0047177	-0.0043343	-0.0039341	-0.0035135	-0.0030611	-0.0025828	-0.0020795	-0.0015484	-0.0010081	-0.0004660	+0.0000600	+0.0005621	+0.0010302	+0.0014614	+0.0018584	+0.0022172	+0.0025433	+0.0028430	+0.0031213	+0.0033829
2013-04	0.050	-0.0041096	-0.0037553	-0.0033734	-0.0029656	-0.0025388	-0.0020829	-0.0015979	-0.0010826	-0.0005377	+0.0000327	+0.0006168	+0.0011972	+0.0017611	+0.0022943	+0.0027947	+0.0032545	+0.0036762	+0.0040716	+0.0044373	+0.0047818	+0.0050992
2013-05	0.006	-0.0080483	-0.0073513	-0.0065418	-0.0056303	-0.0046312	-0.0035446	-0.0023778	-0.0011268	+0.0001920	+0.0015646	+0.0029607	+0.0043497	+0.0056932	+0.0069632	+0.0081614	+0.0092909	+0.0100000	+0.0100000	+0.0100000	+0.0100000	+0.0100000
2013-06	-0.039	-0.0044607	-0.0040745	-0.0036689	-0.0032438	-0.0027872	-0.0023096	-0.0018039	-0.0012682	-0.0007038	-0.0001154	+0.0004816	+0.0010721	+0.0016397	+0.0021701	+0.0026643	+0.0031183	+0.0035357	+0.0039226	+0.0042811	+0.0046174	+0.0049198
2013-07	0.009	-0.0086168	-0.0081807	-0.0076696	-0.0071097	-0.0064822	-0.0057919	-0.0050421	-0.0042239	-0.0033491	-0.0024047	-0.0014127	-0.0003931	+0.0006406	+0.0016403	+0.0026136	+0.0035570	+0.0044598	+0.0053274	+0.0061893	+0.0070589	+0.0080128
2013-08	-0.012	-0.0035687	-0.0032971	-0.0030067	-0.0027007	-0.0023794	-0.0020329	-0.0016643	-0.0012698	-0.0008554	-0.0004195	+0.0000240	+0.0004666	+0.0008976	+0.0013076	+0.0016955	+0.0020541	+0.0023870	+0.0026950	+0.0029868	+0.0032597	+0.0035110
2013-09	0.018	-0.0051654	-0.0048667	-0.0045402	-0.0042001	-0.0038314	-0.0034305	-0.0029997	-0.0025320	-0.0020338	-0.0015130	-0.0009768	-0.0004393	+0.0000857	+0.0005859	+0.0010552	+0.0014920	+0.0019054	+0.0022858	+0.0026447	+0.0029752	+0.0032814
2013-10	0.023	-0.0050104	-0.0045376	-0.0040494	-0.0035350	-0.0029940	-0.0024318	-0.0018452	-0.0012401	-0.0006157	+0.0000181	+0.0006395	+0.0012393	+0.0018000	+0.0023056	+0.0027615	+0.0031689	+0.0035440	+0.0038764	+0.0041782	+0.0044644	+0.0047251
2013-11	0.026	-0.0029460	-0.0026339	-0.0023038	-0.0019564	-0.0015930	-0.0012091	-0.0007967	-0.0003602	+0.0000951	+0.0005624	+0.0010309	+0.0014921	+0.0019298	+0.0023382	+0.0027191	+0.0030782	+0.0034065	+0.0037075	+0.0039851	+0.0042540	+0.0045036
2013-12	0.019	-0.0038145	-0.0033509	-0.0028646	-0.0023595	-0.0018324	-0.0012826	-0.0007158	-0.0001211	+0.0004902	+0.0011024	+0.0016987	+0.0022596	+0.0027821	+0.0032504	+0.0036706	+0.0040456	+0.0043785	+0.0046781	+0.0049517	+0.0052012	+0.0054341
2014-01	-0.016	-0.0032279	-0.0028954	-0.0025490	-0.0021718	-0.0017763	-0.0013557	-0.0009078	-0.0004318	+0.0000707	+0.0005907	+0.0011168	+0.0016411	+0.0021473	+0.0026247	+0.0030698	+0.0034823	+0.0038601	+0.0042138	+0.0045408	+0.0048497	+0.0051387
2014-02	0.011	-0.0050448	-0.0046742	-0.0042980	-0.0039072	-0.0034869	-0.0030391	-0.0025607	-0.0020573	-0.0015307	-0.0009807	-0.0004233	+0.0001258	+0.0006548	+0.0011527	+0.0016210	+0.0020549	+0.0024541	+0.0028198	+0.0031566	+0.0034789	+0.0037818
2014-03	0.011	-0.0026937	-0.0023440	-0.0019863	-0.0016075	-0.0012105	-0.0007928	-0.0003501	+0.0001162	+0.0005999	+0.0010899	+0.0015806	+0.0020563	+0.0025147	+0.0029370	+0.0033292	+0.0036925	+0.0040243	+0.0043380	+0.0046324	+0.0049078	+0.0051579
2014-04	0.007	-0.0025412	-0.0023043	-0.0020554	-0.0017806	-0.0014900	-0.0011744	-0.0008344	-0.0004697	-0.0000831	+0.0003239	+0.0007395	+0.0011547	+0.0015577	+0.0019376	+0.0022921	+0.0026244	+0.0029306	+0.0032123	+0.0034761	+0.0037113	+0.0039340
2014-05	0.002	-0.0025396	-0.0023485	-0.0021566	-0.0019477	-0.0017279	-0.0014908	-0.0012344	-0.0009600	-0.0006678	-0.0003643	-0.0000550	+0.0002514	+0.0005462	+0.0008241	+0.0010826	+0.0013238	+0.0015464	+0.0017536	+0.0019459	+0.0021298	+0.0022998
2014-06	0.006	-0.0015296	-0.0014227	-0.0013083	-0.0011882	-0.0010557	-0.0009115	-0.0007569	-0.0005877	-0.0004082	-0.0002144	-0.0000137	+0.0001886	+0.0003851	+0.0005759	+0.0007547	+0.0009240	+0.0010811	+0.0012268	+0.0013650	+0.0014939	+0.0016136
2014-07	0.009	-0.0017594	-0.0016255	-0.0014807	-0.0013320	-0.0011695	-0.0009932	-0.0008094	-0.0006109	-0.0003994	-0.0001805	+0.0000415	+0.0002631	+0.0004771	+0.0006811	+0.0008711	+0.0010477	+0.0012099	+0.0013584	+0.0014979	+0.0016274	+0.0017452
2014-08	0.013	-0.0012173	-0.0011100	-0.0009955	-0.0008708	-0.0007354	-0.0005898	-0.0004330	-0.0002662	-0.0000882	+0.0000958	+0.0002852	+0.0004734	+0.0006532	+0.0008253	+0.0009854	+0.0011337	+0.0012712	+0.0013978	+0.0015156	+0.0016236	+0.0017279
2014-09	0.022	-0.0026188	-0.0022991	-0.0019775	-0.0016457	-0.0012934	-0.0009269	-0.0005438	-0.0001428	+0.0002738	+0.0006918	+0.0011021	+0.0014925	+0.0018564	+0.0021848	+0.0024798	+0.0027400	+0.0029712	+0.0031754	+0.0033580	+0.0035254	+0.0036777
2014-10	0.007	-0.0031214	-0.0027785	-0.0024330	-0.0020720	-0.0016894	-0.0012908	-0.0008718	-0.0004299	+0.0000305	+0.0005013	+0.0009656	+0.0014123	+0.0018366	+0.0022286	+0.0025913	+0.0029205	+0.0032195	+0.0034937	+0.0037524	+0.0039964	+0.0042179
2014-11	0.072	-0.0030846	-0.0028120	-0.0025196	-0.0022117	-0.0018775	-0.0015264	-0.0011507	-0.0007508	-0.0003258	+0.0001166	+0.0005610	+0.0009977	+0.0014176	+0.0018120	+0.0021766	+0.0025112	+0.0028170	+0.0030969	+0.0033557	+0.0035924	+0.0038128
2014-12	0.015	-0.0050861	-0.0044467	-0.0036236	-0.0029579	-0.0023017	-0.0014134	-0.0006069	+0.0001199	+0.0010564	+0.0019014	+0.0026012	+0.0033845	+0.0041541	+0.0046911	+0.0050953	+0.0054313	+0.0057209	+0.0059842	+0.0062190	+0.0064342	+0.0066400
2015-01	-0.016	-0.0045114	-0.0041036	-0.0036759	-0.0032267	-0.0027495	-0.0022450	-0.0017023	-0.0011225	-0.0005141	+0.0001119	+0.0007499	+0.0013837	+0.0019916	+0.0025605	+0.0030815	+0.0035638	+0.0040043	+0.0044101	+0.0047791	+0.0051311	+0.0054460
2015-02	0.000	-0.0043932	-0.0040890	-0.0037690	-0.0034259	-0.0030543	-0.0026508	-0.0022175	-0.0017468	-0.0012416	-0.0007049	-0.0001476	+0.0004131	+0.0009598	+0.0014852	+0.0019815	+0.0024447	+0.0028756	+0.0032725	+0.0036449	+0.0039990	+0.0043338
