2011-02	0.001	-0.0094859	-0.0092296	-0.0088696	-0.0083883	-0.0078012	-0.0071030	-0.0062980	-0.0053913	-0.0043818	-0.0032956	-0.0021684	-0.0010149	+0.0001290	+0.0012439	+0.0023274	+0.0033959	+0.0045004	+0.0057728	+0.0079395	+0.0100000	+0.0100000
2011-03	0.052	-0.0071187	-0.0065991	-0.0060490	-0.0054496	-0.0048139	-0.0041390	-0.0034300	-0.0026637	-0.0018659	-0.0010365	-0.0001965	+0.0006347	+0.0014291	+0.0021717	+0.0028657	+0.0035036	+0.0040907	+0.0046301	+0.0051264	+0.0055944	+0.0060439
2011-04	0.024	-0.0072068	-0.0064976	-0.0057264	-0.0048939	-0.0039906	-0.0030332	-0.0019992	-0.0008965	+0.0002655	+0.0014748	+0.0027076	+0.0039308	+0.0051136	+0.0062308	+0.0072661	+0.0082186	+0.0090982	+0.0099252	+0.0100000	+0.0100000	+0.0100000
2011-05	-0.049	-0.0081343	-0.0076322	-0.0070710	-0.0064433	-0.0057632	-0.0050130	-0.0041812	-0.0032770	-0.0023066	-0.0012780	-0.0002170	+0.0008478	+0.0018919	+0.0028916	+0.0038449	+0.0047366	+0.0055827	+0.0063795	+0.0071314	+0.0078649	+0.0085915
2011-06	-0.008	-0.0077256	-0.0073310	-0.0068858	-0.0063938	-0.0058510	-0.0052337	-0.0045508	-0.0037891	-0.0029401	-0.0020120	-0.0010309	-0.0000086	+0.0010233	+0.0020453	+0.0030314	+0.0039669	+0.0048603	+0.0057093	+0.0065196	+0.0072790	+0.0080098
2011-07	-0.043	-0.0051424	-0.0048567	-0.0045533	-0.0042227	-0.0038627	-0.0034711	-0.0030454	-0.0025823	-0.0020701	-0.0015200	-0.0009429	-0.0003508	+0.0002456	+0.0008377	+0.0014106	+0.0019562	+0.0024754	+0.0029694	+0.0034406	+0.0038926	+0.0043080
2011-08	-0.038	-0.0097454	-0.0095937	-0.0093671	-0.0090475	-0.0086043	-0.0080160	-0.0072773	-0.0063793	-0.0053264	-0.0041340	-0.0028226	-0.0014243	+0.0000429	+0.0015832	+0.0032391	+0.0051939	+0.0083516	+0.0100000	+0.0100000	+0.0100000	+0.0100000
2011-09	-0.077	-0.0090142	-0.0086058	-0.0080839	-0.0074625	-0.0067585	-0.0059641	-0.0050884	-0.0041395	-0.0031262	-0.0020748	-0.0009998	+0.0000681	+0.0010998	+0.0020862	+0.0030129	+0.0039012	+0.0047562	+0.0055982	+0.0064683	+0.0075238	+0.0100000
2011-10	0.059	-0.0098765	-0.0097975	-0.0096730	-0.0094694	-0.0091526	-0.0086804	-0.0079847	-0.0070193	-0.0057241	-0.0040546	-0.0019691	+0.0006732	+0.0044168	+0.0100000	+0.0100000	+0.0100000	+0.0100000	+0.0100000	+0.0100000	+0.0100000	+0.0100000
2011-11	-0.028	-0.0079910	-0.0072641	-0.0063795	-0.0053404	-0.0041833	-0.0029482	-0.0015961	-0.0001489	+0.0013541	+0.0028860	+0.0044113	+0.0058874	+0.0072820	+0.0085741	+0.0097424	+0.0100000	+0.0100000	+0.0100000	+0.0100000	+0.0100000	+0.0100000
2011-12	-0.014	-0.0090540	-0.0086935	-0.0082623	-0.0077410	-0.0071564	-0.0064813	-0.0057215	-0.0048678	-0.0039229	-0.0028832	-0.0017845	-0.0006349	+0.0005267	+0.0016719	+0.0027722	+0.0038591	+0.0049015	+0.0059556	+0.0070450	+0.0081994	+0.0097236
2012-01	0.059	-0.0049195	-0.0047175	-0.0044995	-0.0042546	-0.0039843	-0.0036773	-0.0033295	-0.0029324	-0.0024887	-0.0020000	-0.0014691	-0.0009059	-0.0003366	+0.0002279	+0.0007745	+0.0012997	+0.0018002	+0.0022802	+0.0027380	+0.0031566	+0.0035637
2012-02	0.069	-0.0073712	-0.0065804	-0.0055215	-0.0046088	-0.0036897	-0.0024362	-0.0012010	-0.0001684	+0.0011631	+0.0024755	+0.0034832	+0.0045949	+0.0057705	+0.0065676	+0.0071459	+0.0076048	+0.0080014	+0.0083510	+0.0086706	+0.0089903	+0.0093077
2012-03	0.011	-0.0068128	-0.0061169	-0.0049024	-0.0041609	-0.0034311	-0.0022009	-0.0011022	-0.0002659	+0.0010390	+0.0021886	+0.0029981	+0.0040580	+0.0051661	+0.0057878	+0.0062385	+0.0066060	+0.0069202	+0.0072015	+0.0074609	+0.0077085	+0.0079519
2012-04	0.007	-0.0050977	-0.0047044	-0.0042914	-0.0038484	-0.0033850	-0.0028810	-0.0023443	-0.0017609	-0.0011438	-0.0005023	+0.0001597	+0.0008197	+0.0014596	+0.0020696	+0.0026419	+0.0031798	+0.0036805	+0.0041411	+0.0045712	+0.0049788	+0.0053556
2012-05	-0.056	-0.0047375	-0.0043447	-0.0039294	-0.0034998	-0.0030388	-0.0025414	-0.0020132	-0.0014572	-0.0008724	-0.0002683	+0.0003430	+0.0009479	+0.0015302	+0.0020799	+0.0025889	+0.0030582	+0.0034856	+0.0038837	+0.0042496	+0.0045978	+0.0049161
2012-06	0.029	-0.0090752	-0.0087597	-0.0083762	-0.0079242	-0.0074187	-0.0068483	-0.0062107	-0.0054929	-0.0047076	-0.0038613	-0.0029551	-0.0020176	-0.0010739	-0.0001298	+0.0007849	+0.0016640	+0.0025060	+0.0033350	+0.0041547	+0.0049935	+0.0059067
2012-07	0.027	-0.0069170	-0.0062126	-0.0054426	-0.0046195	-0.0037480	-0.0028322	-0.0018478	-0.0008263	+0.0002248	+0.0012848	+0.0023191	+0.0033079	+0.0042230	+0.0050572	+0.0058003	+0.0064657	+0.0070653	+0.0076108	+0.0081061	+0.0085702	+0.0090160
2012-08	0.004	-0.0038406	-0.0035100	-0.0031649	-0.0027943	-0.0023999	-0.0019715	-0.0015092	-0.0010063	-0.0004716	+0.0000861	+0.0006548	+0.0012235	+0.0017768	+0.0023013	+0.0027887	+0.0032417	+0.0036622	+0.0040462	+0.0044087	+0.0047334	+0.0050405
2012-09	0.016	-0.0025315	-0.0023701	-0.0021965	-0.0020104	-0.0018070	-0.0015844	-0.0013407	-0.0010708	-0.0007776	-0.0004606	-0.0001280	+0.0002104	+0.0005438	+0.0008702	+0.0011826	+0.0014778	+0.0017581	+0.0020241	+0.0022760	+0.0025127	+0.0027515
2012-10	0.021	-0.0030919	-0.0028364	-0.0025670	-0.0022764	-0.0019584	-0.0016093	-0.0012258	-0.0008067	-0.0003470	+0.0001466	+0.0006629	+0.0011929	+0.0017221	+0.0022410	+0.0027339	+0.0032030	+0.0036393	+0.0040517	+0.0044322	+0.0047915	+0.0051325
2012-11	0.033	-0.0035993	-0.0032494	-0.0028681	-0.0024785	-0.0020664	-0.0016346	-0.0011731	-0.0006902	-0.0001861	+0.0003270	+0.0008360	+0.0013278	+0.0017877	+0.0022096	+0.0025966	+0.0029432	+0.0032544	+0.0035345	+0.0037832	+0.0040135	+0.0042252
2012-12	0.035	-0.0036480	-0.0032781	-0.0028779	-0.0024502	-0.0020031	-0.0015150	-0.0010094	-0.0004732	+0.0000879	+0.0006643	+0.0012423	+0.0018049	+0.0023328	+0.0028237	+0.0032732	+0.0036804	+0.0040567	+0.0043976	+0.0047090	+0.0050019	+0.0052721
2013-01	0.047	-0.0037926	-0.0032905	-0.0027899	-0.0022744	-0.0017234	-0.0011564	-0.0005713	+0.0000451	+0.0006747	+0.0013030	+0.0019144	+0.0024920	+0.0030225	+0.0034916	+0.0039053	+0.0042635	+0.0045819	+0.0048673	+0.0051254	+0.0053659	+0.0055872
2013-02	-0.010	-0.0061965	-0.0056025	-0.0049574	-0.0042774	-0.0035681	-0.0028107	-0.0020051	-0.0011612	-0.0002839	+0.0006176	+0.0015191	+0.0024005	+0.0032386	+0.0040226	+0.0047400	+0.0053957	+0.0059915	+0.0065281	+0.0070257	+0.0074786	+0.0078979
2013-03	0.015	-0.0057224	-0.0054103	-0.0050767	-0.0047160	-0.0043286	-0.0039173	-0.0034727	-0.0029976	-0.0024875	-0.0019513	-0.0013991	-0.0008541	-0.0003251	+0.0001810	+0.0006514	+0.0010916	+0.0015000	+0.0018865	+0.0022448	+0.0025724	+0.0028863
2013-04	0.047	-0.0030106	-0.0028078	-0.0025893	-0.0023541	-0.0020953	-0.0018147	-0.0015056	-0.0011675	-0.0007983	-0.0004056	+0.0000042	+0.0004205	+0.0008326	+0.0012329	+0.0016118	+0.0019722	+0.0023058	+0.0026228	+0.0029273	+0.0032094	+0.0034724
2013-05	-0.025	-0.0073830	-0.0066586	-0.0058612	-0.0049926	-0.0040701	-0.0030805	-0.0020316	-0.0009116	+0.0002530	+0.0014550	+0.0026608	+0.0038475	+0.0049812	+0.0060504	+0.0070434	+0.0079682	+0.0088397	+0.0096541	+0.0100000	+0.0100000	+0.0100000
2013-06	-0.060	-0.0065664	-0.0061582	-0.0057327	-0.0052747	-0.0047903	-0.0042663	-0.0037007	-0.0030917	-0.0024431	-0.0017678	-0.0010804	-0.0003954	+0.0002706	+0.0009059	+0.0015022	+0.0020640	+0.0025881	+0.0030621	+0.0035035	+0.0039155	+0.0043009
2013-07	0.005	-0.0097161	-0.0095489	-0.0093023	-0.0089515	-0.0084817	-0.0078656	-0.0070785	-0.0061179	-0.0049800	-0.0036749	-0.0022063	-0.0006151	+0.0010610	+0.0028161	+0.0046617	+0.0067560	+0.0094653	+0.0100000	+0.0100000	+0.0100000	+0.0100000
2013-08	-0.037	-0.0056410	-0.0052529	-0.0048384	-0.0043939	-0.0039252	-0.0034129	-0.0028648	-0.0022726	-0.0016372	-0.0009696	-0.0002837	+0.0004060	+0.0010765	+0.0017145	+0.0023127	+0.0028754	+0.0033902	+0.0038638	+0.0043097	+0.0047307	+0.0051195
2013-09	0.015	-0.0080291	-0.0076285	-0.0071975	-0.0067304	-0.0062131	-0.0056621	-0.0050551	-0.0043865	-0.0036543	-0.0028471	-0.0019720	-0.0010642	-0.0001370	+0.0007784	+0.0016649	+0.0025249	+0.0033623	+0.0041552	+0.0049254	+0.0056442	+0.0063582
2013-10	0.023	-0.0057063	-0.0051883	-0.0046441	-0.0040596	-0.0034412	-0.0027855	-0.0020813	-0.0013365	-0.0005464	+0.0002705	+0.0011028	+0.0019279	+0.0027337	+0.0034884	+0.0041966	+0.0048520	+0.0054529	+0.0060132	+0.0065294	+0.0070096	+0.0074623
2013-11	0.003	-0.0029052	-0.0025634	-0.0022095	-0.0018566	-0.0014773	-0.0010783	-0.0006643	-0.0002330	+0.0002070	+0.0006452	+0.0010723	+0.0014742	+0.0018410	+0.0021668	+0.0024565	+0.0027130	+0.0029432	+0.0031503	+0.0033399	+0.0035120	+0.0036757
2013-12	-0.011	-0.0030161	-0.0027603	-0.0024806	-0.0021843	-0.0018679	-0.0015270	-0.0011616	-0.0007691	-0.0003492	+0.0000963	+0.0005553	+0.0010142	+0.0014608	+0.0018860	+0.0022884	+0.0026657	+0.0030145	+0.0033425	+0.0036485	+0.0039291	+0.0041845
2014-01	-0.031	-0.0039318	-0.0036772	-0.0034080	-0.0031131	-0.0028006	-0.0024685	-0.0021131	-0.0017302	-0.0013214	-0.0008900	-0.0004426	+0.0000032	+0.0004337	+0.0008457	+0.0012345	+0.0015929	+0.0019219	+0.0022256	+0.0025063	+0.0027669	+0.0030129
2014-02	0.014	-0.0073158	-0.0068898	-0.0064309	-0.0059399	-0.0054085	-0.0048435	-0.0042313	-0.0035686	-0.0028660	-0.0021187	-0.0013383	-0.0005492	+0.0002330	+0.0009837	+0.0016941	+0.0023716	+0.0030021	+0.0036064	+0.0041801	+0.0047289	+0.0052579
2014-03	0.018	-0.0033551	-0.0029827	-0.0025830	-0.0021677	-0.0017171	-0.0012434	-0.0007384	-0.0002035	+0.0003547	+0.0009311	+0.0015138	+0.0020821	+0.0026225	+0.0031342	+0.0036075	+0.0040410	+0.0044379	+0.0048114	+0.0051551	+0.0054733	+0.0057670
2014-04	0.020	-0.0026413	-0.0023714	-0.0020793	-0.0017639	-0.0014171	-0.0010465	-0.0006448	-0.0002141	+0.0002446	+0.0007307	+0.0012354	+0.0017376	+0.0022235	+0.0026852	+0.0031235	+0.0035334	+0.0039144	+0.0042668	+0.0046011	+0.0049117	+0.0051961
2014-05	0.019	-0.0019035	-0.0017451	-0.0015732	-0.0013973	-0.0012052	-0.0009977	-0.0007734	-0.0005330	-0.0002776	-0.0000095	+0.0002662	+0.0005412	+0.0008081	+0.0010615	+0.0013006	+0.0015230	+0.0017303	+0.0019203	+0.0020947	+0.0022548	+0.0024082
2014-06	-0.002	-0.0028242	-0.0025247	-0.0022111	-0.0018797	-0.0015371	-0.0011703	-0.0007832	-0.0003759	+0.0000500	+0.0004875	+0.0009252	+0.0013520	+0.0017582	+0.0021367	+0.0024857	+0.0028045	+0.0030938	+0.0033573	+0.0035979	+0.0038173	+0.0040183
2014-07	0.003	-0.0032199	-0.0030018	-0.0027615	-0.0025090	-0.0022369	-0.0019440	-0.0016246	-0.0012840	-0.0009154	-0.0005246	-0.0001219	+0.0002810	+0.0006777	+0.0010584	+0.0014158	+0.0017500	+0.0020613	+0.0023513	+0.0026233	+0.0028774	+0.0031206
2014-08	0.006	-0.0016560	-0.0015254	-0.0013866	-0.0012385	-0.0010780	-0.0009030	-0.0007135	-0.0005086	-0.0002874	-0.0000510	+0.0001934	+0.0004391	+0.0006815	+0.0009144	+0.0011353	+0.0013432	+0.0015385	+0.0017208	+0.0018923	+0.0020535	+0.0022095
2014-09	-0.007	-0.0022716	-0.0020713	-0.0018562	-0.0016319	-0.0013915	-0.0011325	-0.0008606	-0.0005695	-0.0002604	+0.0000546	+0.0003748	+0.0006866	+0.0009844	+0.0012650	+0.0015212	+0.0017572	+0.0019736	+0.0021682	+0.0023469	+0.0025083	+0.0026613
2014-10	0.020	-0.0020968	-0.0019786	-0.0018480	-0.0017088	-0.0015589	-0.0013970	-0.0012226	-0.0010379	-0.0008410	-0.0006325	-0.0004173	-0.0002030	+0.0000050	+0.0002032	+0.0003860	+0.0005568	+0.0007141	+0.0008593	+0.0009948	+0.0011194	+0.0012365
2014-11	0.030	-0.0025674	-0.0022772	-0.0019763	-0.0016594	-0.0013277	-0.0009787	-0.0006120	-0.0002260	+0.0001743	+0.0005879	+0.0009951	+0.0013899	+0.0017630	+0.0021119	+0.0024300	+0.0027221	+0.0029850	+0.0032247	+0.0034473	+0.0036544	+0.0038464
2014-12	-0.022	-0.0026715	-0.0023393	-0.0019873	-0.0016351	-0.0012652	-0.0008620	-0.0004502	-0.0000334	+0.0004056	+0.0008438	+0.0012573	+0.0016522	+0.0020166	+0.0023324	+0.0025945	+0.0028161	+0.0030062	+0.0031765	+0.0033288	+0.0034655	+0.0035961
2015-01	-0.020	-0.0081146	-0.0076185	-0.0070876	-0.0065139	-0.0058791	-0.0051962	-0.0044579	-0.0036628	-0.0028088	-0.0019133	-0.0009995	-0.0000735	+0.0008239	+0.0016843	+0.0024970	+0.0032542	+0.0039663	+0.0046305	+0.0052592	+0.0058641	+0.0064703
2015-02	0.000	-0.0034729	-0.0032945	-0.0031037	-0.0028903	-0.0026591	-0.0024021	-0.0021215	-0.0018115	-0.0014727	-0.0011098	-0.0007260	-0.0003337	+0.0000574	+0.0004348	+0.0007969	+0.0011393	+0.0014568	+0.0017563	+0.0020402	+0.0022998	+0.0025448
