2013-01	0.063	+0.0000001	+0.0000001	+0.0000001	+0.0000001	+0.0000001	+0.0000001	+0.0000001	+0.0000001	+0.0000001	+0.0000001	+0.0000001	+0.0000001	+0.0000001	+0.0000001	+0.0000001	+0.0000001	+0.0000001	+0.0000001	+0.0000001	+0.0000001	+0.0000001
2013-02	0.010	-0.0083928	-0.0077520	-0.0069564	-0.0060056	-0.0049304	-0.0037530	-0.0024705	-0.0010994	+0.0003400	+0.0018103	+0.0032971	+0.0047375	+0.0061034	+0.0073664	+0.0085509	+0.0096514	+0.0100000	+0.0100000	+0.0100000	+0.0100000	+0.0100000
2013-03	0.042	-0.0082914	-0.0077782	-0.0072122	-0.0065821	-0.0058808	-0.0051265	-0.0043189	-0.0034525	-0.0025465	-0.0016085	-0.0006651	+0.0002569	+0.0011474	+0.0019718	+0.0027349	+0.0034357	+0.0040900	+0.0046942	+0.0052864	+0.0058467	+0.0064319
2013-04	0.041	-0.0076858	-0.0070729	-0.0063741	-0.0055943	-0.0047506	-0.0038397	-0.0028741	-0.0018318	-0.0007315	+0.0004123	+0.0015746	+0.0027380	+0.0038552	+0.0049126	+0.0059038	+0.0068231	+0.0076630	+0.0084533	+0.0091906	+0.0099020	+0.0100000
2013-05	0.062	-0.0093011	-0.0089192	-0.0083667	-0.0076008	-0.0066236	-0.0054171	-0.0039876	-0.0023694	-0.0005840	+0.0013159	+0.0033037	+0.0053088	+0.0072806	+0.0091959	+0.0100000	+0.0100000	+0.0100000	+0.0100000	+0.0100000	+0.0100000	+0.0100000
2013-06	-0.066	-0.0083543	-0.0076998	-0.0068827	-0.0059112	-0.0048144	-0.0035851	-0.0022376	-0.0007948	+0.0007223	+0.0022943	+0.0038927	+0.0054725	+0.0070025	+0.0084486	+0.0098027	+0.0100000	+0.0100000	+0.0100000	+0.0100000	+0.0100000	+0.0100000
2013-07	0.033	-0.0097696	-0.0096199	-0.0093932	-0.0090454	-0.0085362	-0.0078317	-0.0068908	-0.0057057	-0.0042742	-0.0026287	-0.0007942	+0.0011991	+0.0033687	+0.0058573	+0.0094182	+0.0100000	+0.0100000	+0.0100000	+0.0100000	+0.0100000	+0.0100000
2013-08	-0.022	-0.0073352	-0.0067758	-0.0061728	-0.0055091	-0.0047982	-0.0040371	-0.0032144	-0.0023320	-0.0013891	-0.0003897	+0.0006446	+0.0016725	+0.0026821	+0.0036477	+0.0045519	+0.0053987	+0.0061918	+0.0069304	+0.0076182	+0.0082771	+0.0089240
2013-09	0.039	-0.0097096	-0.0095403	-0.0092836	-0.0089098	-0.0083990	-0.0077300	-0.0068940	-0.0059033	-0.0047722	-0.0035273	-0.0021998	-0.0008214	+0.0005772	+0.0019876	+0.0034924	+0.0052487	+0.0085538	+0.0100000	+0.0100000	+0.0100000	+0.0100000
2013-10	0.038	-0.0087694	-0.0082344	-0.0075506	-0.0067338	-0.0057651	-0.0046948	-0.0035285	-0.0022573	-0.0009374	+0.0004241	+0.0017954	+0.0031305	+0.0043970	+0.0055805	+0.0066724	+0.0076995	+0.0086761	+0.0096313	+0.0100000	+0.0100000	+0.0100000
2013-11	0.051	-0.0071955	-0.0065918	-0.0059217	-0.0051973	-0.0044191	-0.0035905	-0.0027081	-0.0017509	-0.0007405	+0.0003071	+0.0013792	+0.0024394	+0.0034772	+0.0044666	+0.0054026	+0.0062771	+0.0070959	+0.0078639	+0.0085962	+0.0093141	+0.0100000
2013-12	0.041	-0.0078082	-0.0070579	-0.0062148	-0.0052820	-0.0042774	-0.0032113	-0.0020669	-0.0008522	+0.0003977	+0.0016711	+0.0029196	+0.0041238	+0.0052423	+0.0062731	+0.0072151	+0.0080740	+0.0088715	+0.0096059	+0.0100000	+0.0100000	+0.0100000
2014-01	-0.047	-0.0069155	-0.0062381	-0.0055202	-0.0047371	-0.0039058	-0.0030247	-0.0020880	-0.0010973	-0.0000598	+0.0010064	+0.0020877	+0.0031523	+0.0041689	+0.0051188	+0.0060052	+0.0068230	+0.0075771	+0.0082758	+0.0089144	+0.0095208	+0.0100000
2014-02	0.021	-0.0097059	-0.0095238	-0.0092456	-0.0088442	-0.0082793	-0.0075135	-0.0065410	-0.0053741	-0.0040078	-0.0024903	-0.0008405	+0.0008829	+0.0026786	+0.0045672	+0.0067177	+0.0098463	+0.0100000	+0.0100000	+0.0100000	+0.0100000	+0.0100000
2014-03	0.017	-0.0055637	-0.0048936	-0.0041439	-0.0033755	-0.0025388	-0.0016570	-0.0007099	+0.0003051	+0.0013839	+0.0025023	+0.0036361	+0.0047592	+0.0058442	+0.0068795	+0.0078493	+0.0087620	+0.0096018	+0.0100000	+0.0100000	+0.0100000	+0.0100000
2014-04	0.004	-0.0063187	-0.0057498	-0.0051563	-0.0045215	-0.0038291	-0.0030798	-0.0022774	-0.0014141	-0.0004989	+0.0004663	+0.0014584	+0.0024428	+0.0033997	+0.0043052	+0.0051618	+0.0059449	+0.0066632	+0.0073329	+0.0079464	+0.0085247	+0.0090716
2014-05	0.019	-0.0091280	-0.0087474	-0.0082523	-0.0076417	-0.0069228	-0.0061173	-0.0052016	-0.0042049	-0.0031412	-0.0020241	-0.0008958	+0.0002275	+0.0013184	+0.0023481	+0.0033148	+0.0042310	+0.0051185	+0.0060267	+0.0070183	+0.0084705	+0.0100000
2014-06	0.020	-0.0049218	-0.0044853	-0.0040297	-0.0035398	-0.0030120	-0.0024486	-0.0018389	-0.0011862	-0.0004930	+0.0002307	+0.0009721	+0.0017138	+0.0024322	+0.0031157	+0.0037496	+0.0043289	+0.0048659	+0.0053683	+0.0058278	+0.0062570	+0.0066725
2014-07	0.021	-0.0041149	-0.0037642	-0.0033865	-0.0029875	-0.0025688	-0.0021201	-0.0016390	-0.0011253	-0.0005845	-0.0000210	+0.0005530	+0.0011174	+0.0016610	+0.0021683	+0.0026385	+0.0030651	+0.0034570	+0.0038139	+0.0041439	+0.0044463	+0.0047239
2014-08	0.025	-0.0044040	-0.0040452	-0.0036640	-0.0032543	-0.0028042	-0.0023214	-0.0018041	-0.0012486	-0.0006655	-0.0000560	+0.0005717	+0.0011955	+0.0018012	+0.0023771	+0.0029179	+0.0034196	+0.0038876	+0.0043147	+0.0047103	+0.0050813	+0.0054356
2014-09	0.025	-0.0063233	-0.0056024	-0.0048479	-0.0040331	-0.0031790	-0.0022847	-0.0013632	-0.0003824	+0.0006232	+0.0016460	+0.0026354	+0.0035802	+0.0044583	+0.0052490	+0.0059504	+0.0065691	+0.0071200	+0.0076027	+0.0080462	+0.0084496	+0.0088342
2014-10	-0.003	-0.0057186	-0.0052281	-0.0047207	-0.0041704	-0.0035890	-0.0029560	-0.0022871	-0.0015609	-0.0007940	+0.0000023	+0.0008202	+0.0016305	+0.0024141	+0.0031553	+0.0038437	+0.0044788	+0.0050650	+0.0056069	+0.0061125	+0.0065813	+0.0070293
2014-11	0.104	-0.0093420	-0.0089887	-0.0084905	-0.0078130	-0.0069669	-0.0059384	-0.0047269	-0.0033550	-0.0018816	-0.0003202	+0.0012767	+0.0028597	+0.0043940	+0.0058644	+0.0072725	+0.0086737	+0.0100000	+0.0100000	+0.0100000	+0.0100000	+0.0100000
2014-12	0.010	-0.0067661	-0.0058984	-0.0049563	-0.0040015	-0.0030005	-0.0018630	-0.0007120	+0.0004162	+0.0016432	+0.0028419	+0.0039412	+0.0050377	+0.0060632	+0.0068980	+0.0075680	+0.0081279	+0.0086157	+0.0090551	+0.0094568	+0.0098222	+0.0100000
2015-01	-0.053	-0.0093484	-0.0089891	-0.0084898	-0.0078202	-0.0069694	-0.0059343	-0.0047198	-0.0033422	-0.0018248	-0.0001942	+0.0015170	+0.0032659	+0.0050135	+0.0067333	+0.0084223	+0.0100000	+0.0100000	+0.0100000	+0.0100000	+0.0100000	+0.0100000
2015-02	0.004	-0.0096435	-0.0094393	-0.0091189	-0.0086572	-0.0080202	-0.0071707	-0.0061102	-0.0048245	-0.0033597	-0.0017328	+0.0000065	+0.0018139	+0.0036744	+0.0055798	+0.0076267	+0.0100000	+0.0100000	+0.0100000	+0.0100000	+0.0100000	+0.0100000
