2011-02	0.040	-0.0063564	-0.0057513	-0.0050906	-0.0043789	-0.0036112	-0.0027895	-0.0019133	-0.0009722	+0.0000264	+0.0010651	+0.0021312	+0.0031873	+0.0042097	+0.0051724	+0.0060708	+0.0069086	+0.0076786	+0.0083992	+0.0090671	+0.0096973	+0.0100000
2011-03	0.018	-0.0031217	-0.0027808	-0.0024311	-0.0020486	-0.0016449	-0.0012090	-0.0007387	-0.0002311	+0.0003063	+0.0008716	+0.0014506	+0.0020267	+0.0025863	+0.0031192	+0.0036178	+0.0040810	+0.0045134	+0.0049127	+0.0052828	+0.0056178	+0.0059361
2011-04	0.025	-0.0096238	-0.0094002	-0.0090635	-0.0085682	-0.0078707	-0.0069315	-0.0057537	-0.0043376	-0.0027067	-0.0009137	+0.0010006	+0.0030058	+0.0050638	+0.0071777	+0.0095263	+0.0100000	+0.0100000	+0.0100000	+0.0100000	+0.0100000	+0.0100000
2011-05	-0.066	-0.0090225	-0.0085936	-0.0080554	-0.0073982	-0.0066474	-0.0057964	-0.0048508	-0.0038339	-0.0027426	-0.0016100	-0.0004534	+0.0006858	+0.0017901	+0.0028327	+0.0038256	+0.0047592	+0.0056642	+0.0065474	+0.0075046	+0.0087866	+0.0100000
2011-06	-0.039	-0.0095779	-0.0093271	-0.0089411	-0.0083670	-0.0075347	-0.0064284	-0.0050231	-0.0033311	-0.0013891	+0.0007577	+0.0029859	+0.0052670	+0.0076049	+0.0100000	+0.0100000	+0.0100000	+0.0100000	+0.0100000	+0.0100000	+0.0100000	+0.0100000
2011-07	-0.009	-0.0095687	-0.0093361	-0.0090058	-0.0085557	-0.0079761	-0.0072620	-0.0064052	-0.0054034	-0.0042664	-0.0030097	-0.0016539	-0.0002416	+0.0012146	+0.0026878	+0.0041484	+0.0056748	+0.0073592	+0.0096555	+0.0100000	+0.0100000	+0.0100000
2011-08	-0.018	-0.0058737	-0.0054144	-0.0049282	-0.0044142	-0.0038727	-0.0032871	-0.0026510	-0.0019729	-0.0012564	-0.0005038	+0.0002693	+0.0010424	+0.0017894	+0.0025034	+0.0031686	+0.0037896	+0.0043717	+0.0049080	+0.0054036	+0.0058509	+0.0062755
2011-09	-0.120	-0.0094131	-0.0090884	-0.0086324	-0.0080210	-0.0072298	-0.0062574	-0.0051470	-0.0038887	-0.0025413	-0.0011080	+0.0003427	+0.0018002	+0.0032030	+0.0045161	+0.0057640	+0.0069833	+0.0083026	+0.0100000	+0.0100000	+0.0100000	+0.0100000
2011-10	0.066	-0.0098453	-0.0097476	-0.0095865	-0.0093298	-0.0089221	-0.0082855	-0.0073142	-0.0058485	-0.0037309	-0.0007205	+0.0038920	+0.0100000	+0.0100000	+0.0100000	+0.0100000	+0.0100000	+0.0100000	+0.0100000	+0.0100000	+0.0100000	+0.0100000
2011-11	-0.030	-0.0083982	-0.0077005	-0.0068345	-0.0057616	-0.0045273	-0.0031632	-0.0016736	-0.0000480	+0.0016722	+0.0034575	+0.0052533	+0.0070113	+0.0086824	+0.0100000	+0.0100000	+0.0100000	+0.0100000	+0.0100000	+0.0100000	+0.0100000	+0.0100000
2011-12	-0.010	-0.0091060	-0.0087145	-0.0082153	-0.0076038	-0.0069065	-0.0061046	-0.0052092	-0.0042134	-0.0031474	-0.0020147	-0.0008335	+0.0003562	+0.0015411	+0.0026830	+0.0037723	+0.0048141	+0.0058253	+0.0068568	+0.0079738	+0.0094636	+0.0100000
2012-01	0.017	-0.0087281	-0.0082519	-0.0076884	-0.0070334	-0.0063081	-0.0055054	-0.0046291	-0.0036946	-0.0027052	-0.0016792	-0.0006410	+0.0003911	+0.0013918	+0.0023275	+0.0031951	+0.0039956	+0.0047559	+0.0054886	+0.0062242	+0.0070259	+0.0080175
2012-02	0.092	-0.0068626	-0.0063588	-0.0058306	-0.0052773	-0.0046713	-0.0040164	-0.0033132	-0.0025616	-0.0017509	-0.0009057	-0.0000370	+0.0008267	+0.0016652	+0.0024560	+0.0032001	+0.0038828	+0.0045169	+0.0051054	+0.0056537	+0.0061805	+0.0066913
2012-03	-0.025	-0.0085137	-0.0077984	-0.0069916	-0.0060578	-0.0048455	-0.0032117	-0.0016211	-0.0000923	+0.0018020	+0.0036920	+0.0052345	+0.0069057	+0.0085895	+0.0097864	+0.0100000	+0.0100000	+0.0100000	+0.0100000	+0.0100000	+0.0100000	+0.0100000
2012-04	-0.016	-0.0093785	-0.0090689	-0.0086489	-0.0081068	-0.0074508	-0.0066789	-0.0058068	-0.0048585	-0.0038287	-0.0027467	-0.0016401	-0.0005293	+0.0005548	+0.0015934	+0.0025859	+0.0035406	+0.0044928	+0.0055188	+0.0068912	+0.0100000	+0.0100000
2012-05	-0.116	-0.0093312	-0.0090254	-0.0086195	-0.0081157	-0.0075055	-0.0067939	-0.0059877	-0.0050843	-0.0040841	-0.0030152	-0.0018927	-0.0007489	+0.0004015	+0.0015220	+0.0026211	+0.0037100	+0.0047958	+0.0059275	+0.0072542	+0.0094844	+0.0100000
2012-06	-0.003	-0.0098933	-0.0098235	-0.0097123	-0.0095397	-0.0092672	-0.0088493	-0.0082354	-0.0073702	-0.0061911	-0.0046648	-0.0027005	-0.0001235	+0.0039519	+0.0100000	+0.0100000	+0.0100000	+0.0100000	+0.0100000	+0.0100000	+0.0100000	+0.0100000
2012-07	0.098	-0.0059312	-0.0054104	-0.0048303	-0.0042217	-0.0035547	-0.0028398	-0.0020737	-0.0012446	-0.0003522	+0.0005972	+0.0015829	+0.0025749	+0.0035483	+0.0044872	+0.0053822	+0.0062146	+0.0069958	+0.0077539	+0.0084481	+0.0090943	+0.0096908
2012-08	0.020	-0.0084422	-0.0077991	-0.0070204	-0.0061195	-0.0050861	-0.0039371	-0.0026823	-0.0013416	+0.0000770	+0.0015388	+0.0030187	+0.0044885	+0.0058892	+0.0071993	+0.0084160	+0.0095500	+0.0100000	+0.0100000	+0.0100000	+0.0100000	+0.0100000
2012-09	-0.025	-0.0062081	-0.0056289	-0.0049735	-0.0042982	-0.0035919	-0.0028430	-0.0020432	-0.0012066	-0.0003318	+0.0005714	+0.0014870	+0.0023814	+0.0032311	+0.0040196	+0.0047416	+0.0054038	+0.0060110	+0.0065780	+0.0071046	+0.0076011	+0.0080619
2012-10	-0.001	-0.0074116	-0.0070352	-0.0066252	-0.0061835	-0.0056875	-0.0051498	-0.0045580	-0.0039106	-0.0031991	-0.0024255	-0.0016130	-0.0007769	+0.0000558	+0.0008634	+0.0016470	+0.0023997	+0.0031073	+0.0037753	+0.0044338	+0.0050477	+0.0056418
2012-11	0.045	-0.0057354	-0.0054148	-0.0050704	-0.0047073	-0.0043094	-0.0038771	-0.0033966	-0.0028803	-0.0023224	-0.0017319	-0.0011172	-0.0004917	+0.0001281	+0.0007243	+0.0012932	+0.0018236	+0.0023222	+0.0027878	+0.0032353	+0.0036443	+0.0040343
2012-12	0.028	-0.0057128	-0.0051610	-0.0045860	-0.0039640	-0.0032990	-0.0025996	-0.0018367	-0.0010305	-0.0001852	+0.0006960	+0.0015886	+0.0024678	+0.0033130	+0.0041048	+0.0048475	+0.0055239	+0.0061417	+0.0067118	+0.0072452	+0.0077237	+0.0081830
2013-01	0.081	-0.0038603	-0.0034668	-0.0030463	-0.0025904	-0.0021096	-0.0015873	-0.0010300	-0.0004311	+0.0002035	+0.0008652	+0.0015441	+0.0022218	+0.0028781	+0.0035017	+0.0040801	+0.0046177	+0.0051109	+0.0055651	+0.0059881	+0.0063848	+0.0067628
2013-02	-0.032	-0.0076486	-0.0068688	-0.0059883	-0.0049919	-0.0038967	-0.0027246	-0.0014659	-0.0001150	+0.0012786	+0.0027065	+0.0041368	+0.0055301	+0.0068556	+0.0080755	+0.0091980	+0.0100000	+0.0100000	+0.0100000	+0.0100000	+0.0100000	+0.0100000
2013-03	0.009	-0.0093709	-0.0090934	-0.0087396	-0.0082947	-0.0077734	-0.0071772	-0.0064865	-0.0057083	-0.0048539	-0.0039226	-0.0029247	-0.0018903	-0.0008399	+0.0002008	+0.0012182	+0.0022270	+0.0032337	+0.0042659	+0.0054314	+0.0070739	+0.0100000
2013-04	0.009	-0.0067907	-0.0063052	-0.0057832	-0.0052256	-0.0046236	-0.0039601	-0.0032458	-0.0024778	-0.0016489	-0.0007628	+0.0001597	+0.0010955	+0.0020256	+0.0029200	+0.0037692	+0.0045666	+0.0053073	+0.0060042	+0.0066710	+0.0072960	+0.0078980
2013-05	0.024	-0.0091662	-0.0087307	-0.0081532	-0.0074119	-0.0065084	-0.0054308	-0.0041987	-0.0028496	-0.0013887	+0.0001502	+0.0017153	+0.0032712	+0.0047879	+0.0062475	+0.0076327	+0.0089912	+0.0100000	+0.0100000	+0.0100000	+0.0100000	+0.0100000
2013-06	-0.048	-0.0068478	-0.0061890	-0.0054265	-0.0046237	-0.0037750	-0.0028526	-0.0018620	-0.0007933	+0.0003270	+0.0015121	+0.0027318	+0.0039520	+0.0051452	+0.0062815	+0.0073459	+0.0083290	+0.0092470	+0.0100000	+0.0100000	+0.0100000	+0.0100000
2013-07	-0.003	-0.0095882	-0.0093529	-0.0090176	-0.0085598	-0.0079605	-0.0072179	-0.0063333	-0.0053199	-0.0041816	-0.0029325	-0.0015935	-0.0002156	+0.0011897	+0.0026058	+0.0040383	+0.0055556	+0.0073463	+0.0100000	+0.0100000	+0.0100000	+0.0100000
2013-08	0.044	-0.0070048	-0.0064944	-0.0059607	-0.0053797	-0.0047704	-0.0041193	-0.0034276	-0.0027056	-0.0019420	-0.0011468	-0.0003464	+0.0004396	+0.0011977	+0.0019066	+0.0025655	+0.0031717	+0.0037340	+0.0042542	+0.0047384	+0.0051852	+0.0056019
2013-09	-0.027	-0.0081024	-0.0075153	-0.0068215	-0.0060461	-0.0052212	-0.0043230	-0.0033578	-0.0023291	-0.0012495	-0.0001276	+0.0010039	+0.0021169	+0.0031767	+0.0041695	+0.0050925	+0.0059398	+0.0067115	+0.0074563	+0.0081558	+0.0088573	+0.0095962
2013-10	0.006	-0.0079787	-0.0075369	-0.0070677	-0.0065497	-0.0059980	-0.0053977	-0.0047598	-0.0040812	-0.0033544	-0.0025926	-0.0018112	-0.0010289	-0.0002691	+0.0004517	+0.0011275	+0.0017556	+0.0023429	+0.0028923	+0.0034075	+0.0038874	+0.0043714
2013-11	0.020	-0.0037157	-0.0033752	-0.0030183	-0.0026461	-0.0022419	-0.0018163	-0.0013623	-0.0008830	-0.0003743	+0.0001480	+0.0006782	+0.0012002	+0.0016989	+0.0021703	+0.0026079	+0.0030110	+0.0033790	+0.0037210	+0.0040437	+0.0043404	+0.0046273
2013-12	0.038	-0.0045859	-0.0040765	-0.0035534	-0.0029890	-0.0023803	-0.0017382	-0.0010461	-0.0003160	+0.0004557	+0.0012531	+0.0020582	+0.0028516	+0.0036205	+0.0043500	+0.0050220	+0.0056431	+0.0062171	+0.0067424	+0.0072342	+0.0076942	+0.0081073
2014-01	-0.051	-0.0042924	-0.0037886	-0.0032670	-0.0027080	-0.0021255	-0.0015258	-0.0008919	-0.0002321	+0.0004569	+0.0011502	+0.0018354	+0.0024979	+0.0031230	+0.0036977	+0.0042204	+0.0046977	+0.0051337	+0.0055295	+0.0058861	+0.0062150	+0.0065276
2014-02	0.033	-0.0078181	-0.0073662	-0.0068750	-0.0063403	-0.0057681	-0.0051514	-0.0044838	-0.0037630	-0.0029891	-0.0021636	-0.0013079	-0.0004325	+0.0004344	+0.0012696	+0.0020762	+0.0028426	+0.0035567	+0.0042361	+0.0049063	+0.0055191	+0.0061389
2014-03	0.029	-0.0070614	-0.0062676	-0.0054266	-0.0045169	-0.0035442	-0.0025127	-0.0014352	-0.0003164	+0.0008328	+0.0019996	+0.0031302	+0.0042122	+0.0052067	+0.0061043	+0.0068986	+0.0076028	+0.0082377	+0.0088215	+0.0093667	+0.0098847	+0.0100000
2014-04	0.019	-0.0052904	-0.0048351	-0.0043594	-0.0038546	-0.0033105	-0.0027262	-0.0020949	-0.0014122	-0.0006811	+0.0000795	+0.0008651	+0.0016524	+0.0024242	+0.0031649	+0.0038580	+0.0045058	+0.0051089	+0.0056674	+0.0061820	+0.0066711	+0.0071447
2014-05	-0.022	-0.0022700	-0.0020399	-0.0017966	-0.0015507	-0.0012742	-0.0009831	-0.0006673	-0.0003287	+0.0000338	+0.0004156	+0.0008066	+0.0011947	+0.0015746	+0.0019340	+0.0022730	+0.0025860	+0.0028755	+0.0031476	+0.0034009	+0.0036389	+0.0038671
2014-06	0.010	-0.0038434	-0.0035999	-0.0033465	-0.0030712	-0.0027712	-0.0024486	-0.0020992	-0.0017205	-0.0013176	-0.0008985	-0.0004636	-0.0000276	+0.0003925	+0.0007957	+0.0011752	+0.0015281	+0.0018543	+0.0021604	+0.0024465	+0.0027040	+0.0029514
2014-07	-0.027	-0.0032947	-0.0030211	-0.0027157	-0.0023984	-0.0020614	-0.0016950	-0.0013072	-0.0008914	-0.0004552	+0.0000022	+0.0004699	+0.0009366	+0.0013869	+0.0018145	+0.0022187	+0.0025947	+0.0029382	+0.0032592	+0.0035552	+0.0038259	+0.0040834
2014-08	-0.011	-0.0053945	-0.0050916	-0.0047574	-0.0043972	-0.0040128	-0.0035961	-0.0031455	-0.0026589	-0.0021371	-0.0015822	-0.0010050	-0.0004245	+0.0001589	+0.0007214	+0.0012660	+0.0017787	+0.0022632	+0.0027357	+0.0031847	+0.0036054	+0.0040118
2014-09	0.013	-0.0028488	-0.0026459	-0.0024185	-0.0021768	-0.0019132	-0.0016292	-0.0013186	-0.0009856	-0.0006268	-0.0002454	+0.0001494	+0.0005502	+0.0009412	+0.0013164	+0.0016711	+0.0020030	+0.0023169	+0.0026113	+0.0028896	+0.0031482	+0.0033955
2014-10	-0.028	-0.0034934	-0.0032290	-0.0029507	-0.0026497	-0.0023305	-0.0019850	-0.0016084	-0.0012049	-0.0007741	-0.0003189	+0.0001570	+0.0006438	+0.0011301	+0.0016027	+0.0020575	+0.0024840	+0.0028864	+0.0032554	+0.0036150	+0.0039419	+0.0042421
2014-11	0.051	-0.0081900	-0.0076719	-0.0070900	-0.0064535	-0.0057534	-0.0049952	-0.0041840	-0.0033188	-0.0024031	-0.0014391	-0.0004569	+0.0005164	+0.0014578	+0.0023475	+0.0031686	+0.0039343	+0.0046404	+0.0052969	+0.0059337	+0.0065402	+0.0071309
2014-12	-0.074	-0.0035853	-0.0031751	-0.0027398	-0.0022686	-0.0017557	-0.0012166	-0.0006368	-0.0000254	+0.0006212	+0.0012953	+0.0019831	+0.0026651	+0.0033223	+0.0039396	+0.0045141	+0.0050458	+0.0055270	+0.0059693	+0.0063733	+0.0067527	+0.0070877
2015-01	-0.115	-0.0097152	-0.0095498	-0.0093016	-0.0089477	-0.0084564	-0.0078107	-0.0070130	-0.0060624	-0.0049749	-0.0037743	-0.0024937	-0.0011585	+0.0001906	+0.0015656	+0.0030083	+0.0046848	+0.0076003	+0.0100000	+0.0100000	+0.0100000	+0.0100000
2015-02	0.042	-0.0098681	-0.0097880	-0.0096572	-0.0094475	-0.0091156	-0.0086130	-0.0078747	-0.0068228	-0.0054162	-0.0035678	-0.0012290	+0.0018480	+0.0066909	+0.0100000	+0.0100000	+0.0100000	+0.0100000	+0.0100000	+0.0100000	+0.0100000	+0.0100000
