2011-02	0.022	-0.0042154	-0.0038844	-0.0035342	-0.0031595	-0.0027643	-0.0023307	-0.0018715	-0.0013840	-0.0008680	-0.0003306	+0.0002166	+0.0007576	+0.0012769	+0.0017656	+0.0022188	+0.0026384	+0.0030197	+0.0033741	+0.0036990	+0.0039903	+0.0042627
2011-03	-0.011	-0.0041444	-0.0037927	-0.0034218	-0.0030280	-0.0025991	-0.0021498	-0.0016619	-0.0011391	-0.0005886	-0.0000168	+0.0005665	+0.0011357	+0.0016821	+0.0021974	+0.0026762	+0.0031107	+0.0035066	+0.0038669	+0.0041928	+0.0044856	+0.0047630
2011-04	0.010	-0.0095913	-0.0093475	-0.0089822	-0.0084638	-0.0077565	-0.0068506	-0.0057447	-0.0044462	-0.0029701	-0.0013950	+0.0002293	+0.0018767	+0.0035010	+0.0051072	+0.0067699	+0.0086932	+0.0100000	+0.0100000	+0.0100000	+0.0100000	+0.0100000
2011-05	-0.009	-0.0039276	-0.0036300	-0.0033142	-0.0029720	-0.0026051	-0.0022139	-0.0017826	-0.0013206	-0.0008247	-0.0003034	+0.0002357	+0.0007807	+0.0013146	+0.0018321	+0.0023265	+0.0027874	+0.0032299	+0.0036350	+0.0040248	+0.0043942	+0.0047575
2011-06	-0.004	-0.0055485	-0.0051328	-0.0046963	-0.0042201	-0.0037150	-0.0031684	-0.0025717	-0.0019364	-0.0012552	-0.0005344	+0.0002005	+0.0009340	+0.0016478	+0.0023295	+0.0029743	+0.0035758	+0.0041440	+0.0046695	+0.0051675	+0.0056369	+0.0060839
2011-07	-0.011	-0.0035772	-0.0033162	-0.0030405	-0.0027400	-0.0024208	-0.0020759	-0.0017065	-0.0013074	-0.0008867	-0.0004442	+0.0000117	+0.0004691	+0.0009145	+0.0013426	+0.0017367	+0.0021077	+0.0024526	+0.0027772	+0.0030771	+0.0033642	+0.0036274
2011-08	-0.023	-0.0051527	-0.0048329	-0.0044862	-0.0041215	-0.0037318	-0.0033242	-0.0028896	-0.0024299	-0.0019507	-0.0014577	-0.0009587	-0.0004695	-0.0000027	+0.0004334	+0.0008337	+0.0011975	+0.0015291	+0.0018293	+0.0021024	+0.0023597	+0.0025896
2011-09	-0.037	-0.0086009	-0.0081220	-0.0075876	-0.0069932	-0.0063219	-0.0055946	-0.0047990	-0.0039528	-0.0030540	-0.0021115	-0.0011463	-0.0001841	+0.0007542	+0.0016527	+0.0025041	+0.0033019	+0.0040671	+0.0047911	+0.0054957	+0.0062335	+0.0070179
2011-10	0.015	-0.0090864	-0.0087373	-0.0082998	-0.0077811	-0.0071970	-0.0065190	-0.0057573	-0.0049163	-0.0039943	-0.0029955	-0.0019355	-0.0008451	+0.0002471	+0.0013167	+0.0023583	+0.0033697	+0.0043590	+0.0053333	+0.0063480	+0.0074788	+0.0090559
2011-11	-0.033	-0.0028655	-0.0025392	-0.0021820	-0.0018087	-0.0014040	-0.0009660	-0.0004951	+0.0000023	+0.0005333	+0.0010837	+0.0016461	+0.0022029	+0.0027421	+0.0032552	+0.0037299	+0.0041721	+0.0045805	+0.0049611	+0.0053037	+0.0056233	+0.0059292
2011-12	0.005	-0.0078627	-0.0074750	-0.0070525	-0.0065717	-0.0060357	-0.0054331	-0.0047633	-0.0040221	-0.0032056	-0.0023318	-0.0014059	-0.0004607	+0.0004833	+0.0014108	+0.0023037	+0.0031461	+0.0039392	+0.0046977	+0.0054100	+0.0061032	+0.0067589
2012-01	0.018	-0.0032176	-0.0029971	-0.0027599	-0.0025100	-0.0022428	-0.0019593	-0.0016555	-0.0013300	-0.0009852	-0.0006261	-0.0002550	+0.0001148	+0.0004728	+0.0008113	+0.0011293	+0.0014236	+0.0016999	+0.0019531	+0.0021885	+0.0024118	+0.0026220
2012-02	0.077	-0.0029863	-0.0026726	-0.0023380	-0.0019816	-0.0016150	-0.0012193	-0.0007944	-0.0003429	+0.0001372	+0.0006394	+0.0011514	+0.0016600	+0.0021531	+0.0026203	+0.0030553	+0.0034599	+0.0038396	+0.0041878	+0.0045089	+0.0048111	+0.0051008
2012-03	0.025	-0.0083461	-0.0072139	-0.0060720	-0.0052724	-0.0043586	-0.0026445	-0.0013356	-0.0002521	+0.0015431	+0.0029961	+0.0040823	+0.0055444	+0.0069763	+0.0077806	+0.0083837	+0.0088942	+0.0093470	+0.0097704	+0.0100000	+0.0100000	+0.0100000
2012-04	-0.014	-0.0056858	-0.0051456	-0.0045846	-0.0040011	-0.0033691	-0.0026919	-0.0019717	-0.0012059	-0.0003919	+0.0004488	+0.0013025	+0.0021479	+0.0029635	+0.0037396	+0.0044540	+0.0051163	+0.0057332	+0.0062923	+0.0068170	+0.0073105	+0.0077762
2012-05	-0.068	-0.0063143	-0.0059372	-0.0055354	-0.0051074	-0.0046395	-0.0041263	-0.0035688	-0.0029535	-0.0022860	-0.0015716	-0.0008256	-0.0000739	+0.0006761	+0.0013984	+0.0020813	+0.0027214	+0.0033188	+0.0038786	+0.0043999	+0.0048947	+0.0053602
2012-06	0.028	-0.0090994	-0.0088133	-0.0084826	-0.0081071	-0.0076706	-0.0071777	-0.0066120	-0.0059535	-0.0051815	-0.0042994	-0.0033260	-0.0023050	-0.0012431	-0.0001709	+0.0008560	+0.0018624	+0.0028458	+0.0038237	+0.0047531	+0.0057047	+0.0067281
2012-07	-0.007	-0.0042756	-0.0037316	-0.0031529	-0.0025482	-0.0019122	-0.0012289	-0.0005140	+0.0002309	+0.0009938	+0.0017686	+0.0025370	+0.0032793	+0.0039729	+0.0046126	+0.0052021	+0.0057339	+0.0062185	+0.0066604	+0.0070749	+0.0074517	+0.0077959
2012-08	0.009	-0.0060191	-0.0056508	-0.0052684	-0.0048598	-0.0044218	-0.0039410	-0.0034227	-0.0028613	-0.0022557	-0.0016214	-0.0009668	-0.0003082	+0.0003359	+0.0009534	+0.0015346	+0.0020843	+0.0025919	+0.0030617	+0.0034961	+0.0039053	+0.0042792
2012-09	0.015	-0.0022794	-0.0020621	-0.0018309	-0.0015962	-0.0013485	-0.0010857	-0.0008066	-0.0005163	-0.0002082	+0.0001104	+0.0004279	+0.0007388	+0.0010342	+0.0013152	+0.0015771	+0.0018204	+0.0020452	+0.0022563	+0.0024529	+0.0026370	+0.0028052
2012-10	0.024	-0.0028512	-0.0025558	-0.0022522	-0.0019392	-0.0016051	-0.0012457	-0.0008554	-0.0004444	-0.0000095	+0.0004460	+0.0009102	+0.0013705	+0.0018173	+0.0022426	+0.0026378	+0.0030107	+0.0033570	+0.0036795	+0.0039752	+0.0042421	+0.0044939
2012-11	0.038	-0.0033249	-0.0029765	-0.0025892	-0.0021880	-0.0017609	-0.0013092	-0.0008370	-0.0003390	+0.0001806	+0.0007061	+0.0012317	+0.0017359	+0.0022091	+0.0026469	+0.0030469	+0.0034043	+0.0037252	+0.0040119	+0.0042777	+0.0045097	+0.0047309
2012-12	0.065	-0.0049954	-0.0045156	-0.0040043	-0.0034517	-0.0028630	-0.0022407	-0.0015861	-0.0008984	-0.0001755	+0.0005723	+0.0013211	+0.0020563	+0.0027544	+0.0034050	+0.0040080	+0.0045621	+0.0050732	+0.0055390	+0.0059771	+0.0063839	+0.0067528
2013-01	0.073	-0.0064027	-0.0055860	-0.0045630	-0.0036579	-0.0027565	-0.0016054	-0.0005045	+0.0004937	+0.0017277	+0.0029078	+0.0038721	+0.0049134	+0.0059426	+0.0066861	+0.0072427	+0.0076945	+0.0080756	+0.0084123	+0.0087175	+0.0089955	+0.0092659
2013-02	0.035	-0.0077414	-0.0069595	-0.0060943	-0.0051269	-0.0040587	-0.0028899	-0.0016553	-0.0003635	+0.0009779	+0.0023434	+0.0036959	+0.0049991	+0.0062073	+0.0073029	+0.0083033	+0.0092143	+0.0100000	+0.0100000	+0.0100000	+0.0100000	+0.0100000
2013-03	0.071	-0.0049135	-0.0044758	-0.0040132	-0.0035150	-0.0029739	-0.0023931	-0.0017685	-0.0010971	-0.0003761	+0.0003804	+0.0011510	+0.0019188	+0.0026675	+0.0033765	+0.0040429	+0.0046561	+0.0052190	+0.0057516	+0.0062378	+0.0066961	+0.0071213
2013-04	0.102	-0.0081474	-0.0073967	-0.0065241	-0.0055782	-0.0044940	-0.0032775	-0.0020732	-0.0008158	+0.0005831	+0.0019073	+0.0031585	+0.0044200	+0.0055733	+0.0065088	+0.0072815	+0.0079512	+0.0085405	+0.0090906	+0.0096328	+0.0100000	+0.0100000
2013-05	-0.022	-0.0090304	-0.0084982	-0.0077329	-0.0066541	-0.0052619	-0.0036414	-0.0017407	+0.0004371	+0.0027385	+0.0050729	+0.0074274	+0.0097041	+0.0100000	+0.0100000	+0.0100000	+0.0100000	+0.0100000	+0.0100000	+0.0100000	+0.0100000	+0.0100000
2013-06	-0.047	-0.0095682	-0.0093242	-0.0089752	-0.0084920	-0.0078527	-0.0070493	-0.0060904	-0.0049866	-0.0037478	-0.0024079	-0.0010012	+0.0004376	+0.0018603	+0.0032638	+0.0046686	+0.0061239	+0.0078054	+0.0100000	+0.0100000	+0.0100000	+0.0100000
2013-07	0.031	-0.0097203	-0.0095534	-0.0092976	-0.0089076	-0.0083514	-0.0075973	-0.0066251	-0.0054268	-0.0040348	-0.0024715	-0.0007618	+0.0010508	+0.0029457	+0.0049867	+0.0073226	+0.0100000	+0.0100000	+0.0100000	+0.0100000	+0.0100000	+0.0100000
2013-08	-0.022	-0.0063696	-0.0058392	-0.0052777	-0.0046753	-0.0040450	-0.0033865	-0.0026901	-0.0019567	-0.0011834	-0.0003978	+0.0003786	+0.0011302	+0.0018404	+0.0024949	+0.0030812	+0.0036071	+0.0040840	+0.0045035	+0.0048895	+0.0052542	+0.0055996
2013-09	0.065	-0.0081978	-0.0078088	-0.0073778	-0.0069049	-0.0063902	-0.0058174	-0.0051967	-0.0045211	-0.0037801	-0.0029889	-0.0021575	-0.0013104	-0.0004730	+0.0003406	+0.0011168	+0.0018415	+0.0025411	+0.0032030	+0.0038355	+0.0044386	+0.0050281
2013-10	0.020	-0.0087039	-0.0081412	-0.0074180	-0.0065154	-0.0054035	-0.0040787	-0.0027336	-0.0013170	+0.0002542	+0.0017957	+0.0032396	+0.0046856	+0.0060359	+0.0071557	+0.0080773	+0.0088710	+0.0095970	+0.0100000	+0.0100000	+0.0100000	+0.0100000
2013-11	0.033	-0.0042168	-0.0037958	-0.0033541	-0.0028815	-0.0023793	-0.0018373	-0.0012668	-0.0006534	-0.0000016	+0.0006774	+0.0013761	+0.0020646	+0.0027349	+0.0033703	+0.0039641	+0.0045243	+0.0050316	+0.0054978	+0.0059372	+0.0063454	+0.0067355
2013-12	0.042	-0.0050186	-0.0044170	-0.0037644	-0.0031053	-0.0024037	-0.0016824	-0.0009300	-0.0001487	+0.0006575	+0.0014588	+0.0022392	+0.0029777	+0.0036572	+0.0042654	+0.0048062	+0.0052837	+0.0057046	+0.0060829	+0.0064231	+0.0067316	+0.0070240
2014-01	-0.020	-0.0047513	-0.0042665	-0.0037461	-0.0031913	-0.0026053	-0.0019818	-0.0013054	-0.0005737	+0.0002115	+0.0010366	+0.0018874	+0.0027333	+0.0035615	+0.0043541	+0.0050959	+0.0057802	+0.0064161	+0.0070072	+0.0075511	+0.0080532	+0.0085282
2014-02	-0.015	-0.0075828	-0.0070686	-0.0065198	-0.0059355	-0.0053019	-0.0046281	-0.0039088	-0.0031531	-0.0023608	-0.0015339	-0.0007008	+0.0001185	+0.0009082	+0.0016436	+0.0023170	+0.0029395	+0.0035141	+0.0040443	+0.0045459	+0.0050176	+0.0054690
2014-03	0.002	-0.0049496	-0.0044421	-0.0039127	-0.0033345	-0.0027236	-0.0020546	-0.0013324	-0.0005568	+0.0002704	+0.0011405	+0.0020307	+0.0029200	+0.0037872	+0.0046112	+0.0053846	+0.0060924	+0.0067443	+0.0073433	+0.0078959	+0.0084177	+0.0089177
2014-04	-0.015	-0.0060364	-0.0055654	-0.0050704	-0.0045353	-0.0039559	-0.0033377	-0.0026679	-0.0019588	-0.0012112	-0.0004321	+0.0003570	+0.0011378	+0.0018923	+0.0025953	+0.0032533	+0.0038599	+0.0044174	+0.0049263	+0.0053972	+0.0058291	+0.0062313
2014-05	0.020	-0.0061601	-0.0058147	-0.0054494	-0.0050460	-0.0046207	-0.0041538	-0.0036429	-0.0030885	-0.0024950	-0.0018636	-0.0012081	-0.0005452	+0.0001067	+0.0007354	+0.0013288	+0.0018831	+0.0024034	+0.0028901	+0.0033524	+0.0037821	+0.0041855
2014-06	0.044	-0.0042233	-0.0038969	-0.0035381	-0.0031555	-0.0027420	-0.0022875	-0.0017982	-0.0012734	-0.0007073	-0.0001129	+0.0005011	+0.0011122	+0.0017113	+0.0022803	+0.0028154	+0.0033141	+0.0037726	+0.0041993	+0.0045875	+0.0049618	+0.0053026
2014-07	0.022	-0.0038100	-0.0033058	-0.0027608	-0.0022769	-0.0017624	-0.0011510	-0.0005697	+0.0000084	+0.0006637	+0.0012758	+0.0018291	+0.0024053	+0.0029225	+0.0033241	+0.0036534	+0.0039307	+0.0041754	+0.0043967	+0.0045963	+0.0047813	+0.0049487
2014-08	0.024	-0.0026348	-0.0023509	-0.0020621	-0.0017597	-0.0014390	-0.0011021	-0.0007455	-0.0003691	+0.0000231	+0.0004274	+0.0008259	+0.0012125	+0.0015749	+0.0019114	+0.0022213	+0.0024988	+0.0027467	+0.0029738	+0.0031787	+0.0033642	+0.0035359
2014-09	0.016	-0.0043778	-0.0039086	-0.0034183	-0.0029108	-0.0023613	-0.0017816	-0.0011774	-0.0005408	+0.0001111	+0.0007788	+0.0014386	+0.0020668	+0.0026621	+0.0032027	+0.0036894	+0.0041208	+0.0045062	+0.0048469	+0.0051482	+0.0054167	+0.0056680
2014-10	-0.003	-0.0027434	-0.0024785	-0.0022066	-0.0019206	-0.0016168	-0.0012962	-0.0009585	-0.0006048	-0.0002340	+0.0001502	+0.0005375	+0.0009218	+0.0012887	+0.0016327	+0.0019488	+0.0022404	+0.0025092	+0.0027588	+0.0029893	+0.0032012	+0.0033997
2014-11	0.059	-0.0051389	-0.0046921	-0.0042258	-0.0037215	-0.0031854	-0.0026129	-0.0019954	-0.0013422	-0.0006452	+0.0000783	+0.0008167	+0.0015468	+0.0022461	+0.0029060	+0.0035198	+0.0040826	+0.0046016	+0.0050753	+0.0055187	+0.0059249	+0.0063049
2014-12	0.012	-0.0037486	-0.0032564	-0.0027275	-0.0021806	-0.0016151	-0.0010196	-0.0004090	+0.0002170	+0.0008737	+0.0015201	+0.0021406	+0.0027335	+0.0032802	+0.0037506	+0.0041534	+0.0044981	+0.0047978	+0.0050680	+0.0053079	+0.0055296	+0.0057237
2015-01	-0.010	-0.0053295	-0.0048935	-0.0044373	-0.0039506	-0.0034405	-0.0028963	-0.0023174	-0.0017040	-0.0010525	-0.0003866	+0.0002916	+0.0009613	+0.0016045	+0.0022100	+0.0027704	+0.0032864	+0.0037548	+0.0041865	+0.0045807	+0.0049468	+0.0052825
2015-02	-0.003	-0.0039071	-0.0036067	-0.0032941	-0.0029691	-0.0026056	-0.0022102	-0.0017822	-0.0013211	-0.0008269	-0.0003019	+0.0002344	+0.0007734	+0.0012929	+0.0017893	+0.0022473	+0.0026720	+0.0030623	+0.0034234	+0.0037552	+0.0040631	+0.0043479
