2011-02	0.046	-0.0075182	-0.0069895	-0.0064244	-0.0058106	-0.0051467	-0.0044443	-0.0036883	-0.0028907	-0.0020433	-0.0011609	-0.0002640	+0.0006182	+0.0014760	+0.0022772	+0.0030160	+0.0036967	+0.0043242	+0.0048931	+0.0054279	+0.0059393	+0.0064161
2011-03	-0.092	-0.0078463	-0.0072217	-0.0064931	-0.0057096	-0.0048512	-0.0039095	-0.0029127	-0.0018401	-0.0007121	+0.0004512	+0.0016051	+0.0027462	+0.0038258	+0.0048299	+0.0057424	+0.0065671	+0.0073184	+0.0080066	+0.0086476	+0.0092481	+0.0098366
2011-04	-0.029	-0.0097604	-0.0096080	-0.0093632	-0.0089635	-0.0083491	-0.0074216	-0.0060634	-0.0041462	-0.0015828	+0.0017281	+0.0059952	+0.0100000	+0.0100000	+0.0100000	+0.0100000	+0.0100000	+0.0100000	+0.0100000	+0.0100000	+0.0100000	+0.0100000
2011-05	-0.020	-0.0087804	-0.0083449	-0.0078217	-0.0072205	-0.0065588	-0.0058056	-0.0049723	-0.0040656	-0.0030825	-0.0020317	-0.0009287	+0.0001894	+0.0012881	+0.0023487	+0.0033677	+0.0043308	+0.0052495	+0.0061376	+0.0070053	+0.0078851	+0.0089123
2011-06	0.013	-0.0092820	-0.0089444	-0.0085290	-0.0080124	-0.0073967	-0.0066874	-0.0058683	-0.0049438	-0.0038992	-0.0027502	-0.0015282	-0.0002575	+0.0010397	+0.0023312	+0.0035946	+0.0048286	+0.0060828	+0.0074087	+0.0089400	+0.0100000	+0.0100000
2011-07	-0.010	-0.0064193	-0.0058530	-0.0052292	-0.0045681	-0.0038621	-0.0031054	-0.0022915	-0.0014210	-0.0005050	+0.0004562	+0.0014355	+0.0024057	+0.0033436	+0.0042307	+0.0050556	+0.0058263	+0.0065377	+0.0072055	+0.0078238	+0.0084093	+0.0089561
2011-08	-0.081	-0.0071637	-0.0067345	-0.0062723	-0.0057696	-0.0052255	-0.0046539	-0.0040415	-0.0033888	-0.0027050	-0.0020015	-0.0012853	-0.0005818	+0.0000889	+0.0007123	+0.0012897	+0.0018080	+0.0022899	+0.0027311	+0.0031288	+0.0035051	+0.0038503
2011-09	0.005	-0.0098584	-0.0097684	-0.0096238	-0.0093969	-0.0090433	-0.0085221	-0.0077746	-0.0067606	-0.0054390	-0.0037884	-0.0017885	+0.0006405	+0.0037475	+0.0095451	+0.0100000	+0.0100000	+0.0100000	+0.0100000	+0.0100000	+0.0100000	+0.0100000
2011-10	-0.012	-0.0091549	-0.0087475	-0.0081999	-0.0075286	-0.0067232	-0.0057809	-0.0047129	-0.0035374	-0.0022627	-0.0008921	+0.0005153	+0.0019530	+0.0033568	+0.0047218	+0.0060384	+0.0073183	+0.0085993	+0.0099497	+0.0100000	+0.0100000	+0.0100000
2011-11	-0.044	-0.0065253	-0.0060012	-0.0054442	-0.0048456	-0.0041970	-0.0034937	-0.0027281	-0.0019092	-0.0010289	-0.0001002	+0.0008592	+0.0018215	+0.0027613	+0.0036643	+0.0045144	+0.0053077	+0.0060583	+0.0067449	+0.0073996	+0.0080105	+0.0085791
2011-12	-0.003	-0.0087033	-0.0082629	-0.0077443	-0.0071592	-0.0064890	-0.0057429	-0.0049132	-0.0040032	-0.0030054	-0.0019496	-0.0008485	+0.0002691	+0.0013732	+0.0024456	+0.0034677	+0.0044370	+0.0053705	+0.0062498	+0.0071312	+0.0079902	+0.0089601
2012-01	0.041	-0.0076005	-0.0071447	-0.0066727	-0.0061568	-0.0055962	-0.0049926	-0.0043392	-0.0036297	-0.0028630	-0.0020518	-0.0012180	-0.0003764	+0.0004446	+0.0012359	+0.0019782	+0.0026650	+0.0033062	+0.0039116	+0.0044829	+0.0050059	+0.0055224
2012-02	0.097	-0.0060623	-0.0055124	-0.0049249	-0.0042875	-0.0036124	-0.0028760	-0.0020802	-0.0012182	-0.0002915	+0.0006894	+0.0017008	+0.0027109	+0.0036951	+0.0046447	+0.0055392	+0.0063665	+0.0071434	+0.0078549	+0.0085238	+0.0091604	+0.0097702
2012-03	0.028	-0.0085791	-0.0079775	-0.0072643	-0.0063640	-0.0051095	-0.0034448	-0.0019009	-0.0003270	+0.0016843	+0.0034884	+0.0050819	+0.0068579	+0.0084970	+0.0096964	+0.0100000	+0.0100000	+0.0100000	+0.0100000	+0.0100000	+0.0100000	+0.0100000
2012-04	-0.074	-0.0079568	-0.0073513	-0.0066819	-0.0059426	-0.0051288	-0.0042397	-0.0032782	-0.0022347	-0.0011156	+0.0000594	+0.0012695	+0.0024860	+0.0036631	+0.0047906	+0.0058461	+0.0068149	+0.0077305	+0.0085889	+0.0094265	+0.0100000	+0.0100000
2012-05	-0.115	-0.0098447	-0.0097470	-0.0095998	-0.0093687	-0.0090236	-0.0085446	-0.0078781	-0.0070051	-0.0059248	-0.0046441	-0.0031810	-0.0015452	+0.0002821	+0.0023490	+0.0050294	+0.0100000	+0.0100000	+0.0100000	+0.0100000	+0.0100000	+0.0100000
2012-06	0.065	-0.0098966	-0.0098320	-0.0097275	-0.0095604	-0.0092966	-0.0088910	-0.0082805	-0.0073928	-0.0062035	-0.0047286	-0.0028962	-0.0004426	+0.0027686	+0.0100000	+0.0100000	+0.0100000	+0.0100000	+0.0100000	+0.0100000	+0.0100000	+0.0100000
2012-07	-0.050	-0.0076164	-0.0067770	-0.0058266	-0.0047231	-0.0035198	-0.0022011	-0.0007849	+0.0006893	+0.0022274	+0.0037982	+0.0053597	+0.0068691	+0.0082961	+0.0096150	+0.0100000	+0.0100000	+0.0100000	+0.0100000	+0.0100000	+0.0100000	+0.0100000
2012-08	-0.019	-0.0097843	-0.0096503	-0.0094474	-0.0091442	-0.0087101	-0.0081133	-0.0073318	-0.0063577	-0.0051996	-0.0038813	-0.0024240	-0.0008637	+0.0008021	+0.0026137	+0.0047072	+0.0078683	+0.0100000	+0.0100000	+0.0100000	+0.0100000	+0.0100000
2012-09	0.021	-0.0069434	-0.0064961	-0.0060241	-0.0055192	-0.0049855	-0.0044079	-0.0037764	-0.0030867	-0.0023498	-0.0015688	-0.0007631	+0.0000496	+0.0008513	+0.0016241	+0.0023607	+0.0030500	+0.0037012	+0.0043078	+0.0048931	+0.0054559	+0.0059734
2012-10	0.007	-0.0080806	-0.0074650	-0.0067621	-0.0059852	-0.0051306	-0.0042172	-0.0032108	-0.0021167	-0.0009595	+0.0002632	+0.0015138	+0.0027704	+0.0039883	+0.0051508	+0.0062593	+0.0072906	+0.0082600	+0.0091799	+0.0100000	+0.0100000	+0.0100000
2012-11	0.057	-0.0071411	-0.0065923	-0.0060033	-0.0053678	-0.0046750	-0.0039154	-0.0031038	-0.0022337	-0.0013048	-0.0003313	+0.0006715	+0.0016685	+0.0026397	+0.0035545	+0.0044159	+0.0052165	+0.0059579	+0.0066539	+0.0073044	+0.0079182	+0.0085187
2012-12	0.100	-0.0086356	-0.0080444	-0.0073110	-0.0064311	-0.0054244	-0.0043146	-0.0031002	-0.0017849	-0.0003944	+0.0010732	+0.0025532	+0.0040140	+0.0054307	+0.0067635	+0.0080309	+0.0092377	+0.0100000	+0.0100000	+0.0100000	+0.0100000	+0.0100000
2013-01	0.085	-0.0087758	-0.0081537	-0.0073110	-0.0062069	-0.0048328	-0.0032523	-0.0015239	+0.0003718	+0.0024264	+0.0044570	+0.0064515	+0.0083946	+0.0100000	+0.0100000	+0.0100000	+0.0100000	+0.0100000	+0.0100000	+0.0100000	+0.0100000	+0.0100000
2013-02	0.035	-0.0081377	-0.0074566	-0.0066184	-0.0056583	-0.0045936	-0.0034213	-0.0021345	-0.0007612	+0.0006966	+0.0022066	+0.0037550	+0.0052790	+0.0067524	+0.0081411	+0.0094360	+0.0100000	+0.0100000	+0.0100000	+0.0100000	+0.0100000	+0.0100000
2013-03	0.054	-0.0078507	-0.0072707	-0.0066416	-0.0059245	-0.0051529	-0.0043090	-0.0033977	-0.0024120	-0.0013494	-0.0002378	+0.0009089	+0.0020584	+0.0031861	+0.0042586	+0.0052705	+0.0062280	+0.0071151	+0.0079617	+0.0087843	+0.0095731	+0.0100000
2013-04	0.113	-0.0078549	-0.0071813	-0.0063980	-0.0055280	-0.0046059	-0.0036096	-0.0025480	-0.0014154	-0.0002225	+0.0010178	+0.0022912	+0.0035551	+0.0047773	+0.0059365	+0.0070254	+0.0080340	+0.0089819	+0.0098977	+0.0100000	+0.0100000	+0.0100000
2013-05	-0.021	-0.0091488	-0.0086339	-0.0078987	-0.0068414	-0.0054204	-0.0036259	-0.0014810	+0.0009926	+0.0036842	+0.0065175	+0.0093762	+0.0100000	+0.0100000	+0.0100000	+0.0100000	+0.0100000	+0.0100000	+0.0100000	+0.0100000	+0.0100000	+0.0100000
2013-06	-0.006	-0.0096884	-0.0095030	-0.0092103	-0.0087730	-0.0081288	-0.0072247	-0.0060280	-0.0045286	-0.0027658	-0.0007673	+0.0014068	+0.0036998	+0.0060806	+0.0086680	+0.0100000	+0.0100000	+0.0100000	+0.0100000	+0.0100000	+0.0100000	+0.0100000
2013-07	-0.004	-0.0096792	-0.0094824	-0.0091855	-0.0087362	-0.0080886	-0.0071943	-0.0060257	-0.0045725	-0.0028789	-0.0009603	+0.0011269	+0.0033489	+0.0056981	+0.0082235	+0.0100000	+0.0100000	+0.0100000	+0.0100000	+0.0100000	+0.0100000	+0.0100000
2013-08	-0.022	-0.0096071	-0.0093799	-0.0090400	-0.0085542	-0.0079099	-0.0070816	-0.0060660	-0.0049099	-0.0036492	-0.0023124	-0.0009419	+0.0003992	+0.0016820	+0.0029013	+0.0040886	+0.0053395	+0.0071497	+0.0100000	+0.0100000	+0.0100000	+0.0100000
2013-09	0.078	-0.0097937	-0.0096662	-0.0094742	-0.0091845	-0.0087717	-0.0082080	-0.0074893	-0.0065993	-0.0055499	-0.0043629	-0.0030677	-0.0016919	-0.0002429	+0.0012982	+0.0030692	+0.0057415	+0.0100000	+0.0100000	+0.0100000	+0.0100000	+0.0100000
2013-10	-0.004	-0.0093726	-0.0090122	-0.0084797	-0.0077382	-0.0067309	-0.0054795	-0.0040020	-0.0023195	-0.0004646	+0.0014711	+0.0034229	+0.0053485	+0.0071635	+0.0088616	+0.0100000	+0.0100000	+0.0100000	+0.0100000	+0.0100000	+0.0100000	+0.0100000
2013-11	0.049	-0.0066682	-0.0061502	-0.0056034	-0.0050023	-0.0043654	-0.0036723	-0.0029199	-0.0021099	-0.0012467	-0.0003353	+0.0005934	+0.0015328	+0.0024416	+0.0033088	+0.0041284	+0.0048966	+0.0056144	+0.0062856	+0.0069233	+0.0075001	+0.0080562
2013-12	0.028	-0.0079312	-0.0071618	-0.0062735	-0.0052623	-0.0041738	-0.0029879	-0.0017333	-0.0004174	+0.0009476	+0.0023186	+0.0036674	+0.0049470	+0.0061153	+0.0071688	+0.0081094	+0.0089562	+0.0097262	+0.0100000	+0.0100000	+0.0100000	+0.0100000
2014-01	-0.061	-0.0067463	-0.0061685	-0.0055601	-0.0049002	-0.0041903	-0.0034240	-0.0025839	-0.0016792	-0.0007081	+0.0003133	+0.0013527	+0.0023933	+0.0034002	+0.0043700	+0.0052693	+0.0061123	+0.0068858	+0.0076064	+0.0082766	+0.0088903	+0.0094670
2014-02	-0.010	-0.0097642	-0.0096246	-0.0094027	-0.0090675	-0.0085880	-0.0079271	-0.0070697	-0.0060020	-0.0047490	-0.0033241	-0.0017590	-0.0000811	+0.0016958	+0.0036322	+0.0059517	+0.0100000	+0.0100000	+0.0100000	+0.0100000	+0.0100000	+0.0100000
2014-03	-0.006	-0.0076707	-0.0069938	-0.0062213	-0.0053671	-0.0044155	-0.0033783	-0.0022414	-0.0010143	+0.0002998	+0.0016839	+0.0031042	+0.0045148	+0.0058974	+0.0072027	+0.0084246	+0.0095665	+0.0100000	+0.0100000	+0.0100000	+0.0100000	+0.0100000
2014-04	-0.026	-0.0090099	-0.0085698	-0.0080074	-0.0073275	-0.0065312	-0.0056254	-0.0046192	-0.0035219	-0.0023587	-0.0011434	+0.0000968	+0.0013214	+0.0025015	+0.0036196	+0.0046639	+0.0056478	+0.0065972	+0.0075312	+0.0085202	+0.0098185	+0.0100000
2014-05	0.031	-0.0092342	-0.0088886	-0.0084349	-0.0078802	-0.0072229	-0.0064637	-0.0056194	-0.0046921	-0.0036879	-0.0026229	-0.0015231	-0.0004180	+0.0006639	+0.0017075	+0.0027037	+0.0036713	+0.0046084	+0.0055841	+0.0066714	+0.0084176	+0.0100000
2014-06	0.045	-0.0073679	-0.0067904	-0.0061773	-0.0054929	-0.0047597	-0.0039615	-0.0030900	-0.0021653	-0.0011872	-0.0001588	+0.0008979	+0.0019440	+0.0029568	+0.0039167	+0.0048113	+0.0056294	+0.0063841	+0.0070936	+0.0077443	+0.0083636	+0.0089619
2014-07	0.017	-0.0040975	-0.0036638	-0.0032261	-0.0027690	-0.0022769	-0.0017469	-0.0011909	-0.0005955	+0.0000336	+0.0006810	+0.0013419	+0.0019955	+0.0026292	+0.0032357	+0.0038035	+0.0043298	+0.0048226	+0.0052791	+0.0057104	+0.0061193	+0.0065004
2014-08	-0.009	-0.0039770	-0.0036680	-0.0033446	-0.0029971	-0.0026304	-0.0022329	-0.0018078	-0.0013515	-0.0008663	-0.0003626	+0.0001541	+0.0006684	+0.0011687	+0.0016421	+0.0020865	+0.0024992	+0.0028773	+0.0032239	+0.0035492	+0.0038502	+0.0041266
2014-09	0.037	-0.0050195	-0.0046344	-0.0042308	-0.0037901	-0.0033298	-0.0028421	-0.0023212	-0.0017657	-0.0011797	-0.0005667	+0.0000582	+0.0006799	+0.0012858	+0.0018637	+0.0024062	+0.0029148	+0.0033936	+0.0038348	+0.0042522	+0.0046436	+0.0050087
2014-10	-0.003	-0.0068799	-0.0061806	-0.0054451	-0.0046881	-0.0039105	-0.0030781	-0.0022028	-0.0013031	-0.0003783	+0.0005536	+0.0014572	+0.0023188	+0.0031162	+0.0038231	+0.0044409	+0.0049840	+0.0054669	+0.0059064	+0.0063213	+0.0067006	+0.0070651
2014-11	0.047	-0.0089412	-0.0084598	-0.0078336	-0.0070479	-0.0061581	-0.0051367	-0.0039953	-0.0027423	-0.0013852	+0.0000630	+0.0015627	+0.0030672	+0.0045269	+0.0059149	+0.0072423	+0.0085019	+0.0097443	+0.0100000	+0.0100000	+0.0100000	+0.0100000
2014-12	-0.002	-0.0048173	-0.0043610	-0.0038808	-0.0033669	-0.0028171	-0.0022289	-0.0015966	-0.0009083	-0.0001798	+0.0005865	+0.0013709	+0.0021543	+0.0029118	+0.0036367	+0.0043077	+0.0049325	+0.0055171	+0.0060584	+0.0065563	+0.0070292	+0.0074856
2015-01	0.000	-0.0090996	-0.0087142	-0.0082156	-0.0076013	-0.0068697	-0.0060408	-0.0051156	-0.0040969	-0.0029839	-0.0018122	-0.0005967	+0.0006182	+0.0018224	+0.0029856	+0.0040975	+0.0051690	+0.0061974	+0.0072373	+0.0084060	+0.0099940	+0.0100000
2015-02	0.010	-0.0062896	-0.0056760	-0.0050212	-0.0043337	-0.0035945	-0.0027961	-0.0019466	-0.0010384	-0.0000807	+0.0009088	+0.0019097	+0.0028965	+0.0038422	+0.0047318	+0.0055533	+0.0063057	+0.0069920	+0.0076206	+0.0081974	+0.0087338	+0.0092389
