2011-02	0.040	-0.0081674	-0.0076181	-0.0069684	-0.0062577	-0.0054935	-0.0046538	-0.0037662	-0.0028136	-0.0018013	-0.0007450	+0.0003229	+0.0013694	+0.0023767	+0.0033250	+0.0041958	+0.0049873	+0.0057240	+0.0064009	+0.0070378	+0.0076694	+0.0083046
2011-03	-0.078	-0.0083445	-0.0077785	-0.0071156	-0.0063584	-0.0055206	-0.0046174	-0.0036261	-0.0025647	-0.0014288	-0.0002524	+0.0009427	+0.0021198	+0.0032507	+0.0043073	+0.0052872	+0.0062014	+0.0070379	+0.0078075	+0.0085333	+0.0092716	+0.0100000
2011-04	-0.006	-0.0097197	-0.0095423	-0.0092584	-0.0088094	-0.0081044	-0.0070442	-0.0054781	-0.0032878	-0.0003616	+0.0034149	+0.0082317	+0.0100000	+0.0100000	+0.0100000	+0.0100000	+0.0100000	+0.0100000	+0.0100000	+0.0100000	+0.0100000	+0.0100000
2011-05	-0.009	-0.0081135	-0.0075961	-0.0070066	-0.0063566	-0.0056366	-0.0048452	-0.0039842	-0.0030507	-0.0020512	-0.0010067	+0.0000671	+0.0011484	+0.0022006	+0.0031962	+0.0041371	+0.0050050	+0.0058105	+0.0065856	+0.0073185	+0.0080153	+0.0087043
2011-06	0.009	-0.0087583	-0.0083104	-0.0077981	-0.0071948	-0.0065122	-0.0057457	-0.0048914	-0.0039451	-0.0029106	-0.0018022	-0.0006451	+0.0005328	+0.0017095	+0.0028516	+0.0039529	+0.0050040	+0.0060124	+0.0070229	+0.0080135	+0.0090688	+0.0100000
2011-07	-0.007	-0.0063602	-0.0058015	-0.0051977	-0.0045475	-0.0038699	-0.0031372	-0.0023453	-0.0014954	-0.0006023	+0.0003343	+0.0012884	+0.0022382	+0.0031589	+0.0040310	+0.0048444	+0.0056057	+0.0063125	+0.0069808	+0.0076011	+0.0081726	+0.0087240
2011-08	-0.100	-0.0066405	-0.0062232	-0.0057865	-0.0053058	-0.0047975	-0.0042514	-0.0036677	-0.0030536	-0.0024047	-0.0017378	-0.0010603	-0.0003978	+0.0002394	+0.0008340	+0.0013774	+0.0018755	+0.0023321	+0.0027422	+0.0031198	+0.0034723	+0.0037969
2011-09	-0.014	-0.0098577	-0.0097672	-0.0096202	-0.0093935	-0.0090326	-0.0084813	-0.0076767	-0.0065231	-0.0049611	-0.0029332	-0.0002824	+0.0032833	+0.0099720	+0.0100000	+0.0100000	+0.0100000	+0.0100000	+0.0100000	+0.0100000	+0.0100000	+0.0100000
2011-10	0.006	-0.0096718	-0.0094758	-0.0091778	-0.0087309	-0.0080940	-0.0072527	-0.0061682	-0.0048536	-0.0033229	-0.0016301	+0.0001921	+0.0020822	+0.0040439	+0.0060967	+0.0084063	+0.0100000	+0.0100000	+0.0100000	+0.0100000	+0.0100000	+0.0100000
2011-11	-0.037	-0.0080847	-0.0074441	-0.0067033	-0.0058523	-0.0048892	-0.0038335	-0.0027042	-0.0014797	-0.0001919	+0.0011557	+0.0025277	+0.0038992	+0.0052130	+0.0064480	+0.0076074	+0.0086944	+0.0097069	+0.0100000	+0.0100000	+0.0100000	+0.0100000
2011-12	-0.004	-0.0088316	-0.0083929	-0.0078674	-0.0072274	-0.0064966	-0.0056693	-0.0047409	-0.0037142	-0.0026023	-0.0014236	-0.0001959	+0.0010431	+0.0022720	+0.0034592	+0.0045922	+0.0056675	+0.0066800	+0.0076852	+0.0086585	+0.0097093	+0.0100000
2012-01	0.040	-0.0081319	-0.0076822	-0.0071873	-0.0066543	-0.0060752	-0.0054449	-0.0047589	-0.0040191	-0.0032214	-0.0023716	-0.0014960	-0.0006160	+0.0002524	+0.0010897	+0.0018770	+0.0026169	+0.0033196	+0.0039762	+0.0046026	+0.0052043	+0.0057737
2012-02	0.095	-0.0054950	-0.0050015	-0.0044586	-0.0038829	-0.0032692	-0.0026145	-0.0019018	-0.0011289	-0.0002981	+0.0005841	+0.0014872	+0.0023899	+0.0032641	+0.0041027	+0.0048921	+0.0056294	+0.0063115	+0.0069458	+0.0075407	+0.0080906	+0.0086101
2012-03	0.043	-0.0084082	-0.0077862	-0.0070783	-0.0062193	-0.0050089	-0.0032546	-0.0017278	-0.0002718	+0.0017644	+0.0035687	+0.0050473	+0.0067965	+0.0084794	+0.0096022	+0.0100000	+0.0100000	+0.0100000	+0.0100000	+0.0100000	+0.0100000	+0.0100000
2012-04	-0.044	-0.0079971	-0.0073449	-0.0065826	-0.0057413	-0.0048214	-0.0038189	-0.0027376	-0.0015812	-0.0003522	+0.0009191	+0.0022031	+0.0034754	+0.0046970	+0.0058566	+0.0069282	+0.0079071	+0.0088359	+0.0097138	+0.0100000	+0.0100000	+0.0100000
2012-05	-0.102	-0.0096108	-0.0094007	-0.0090925	-0.0086876	-0.0081609	-0.0075137	-0.0067364	-0.0058339	-0.0048079	-0.0036685	-0.0024463	-0.0011783	+0.0001112	+0.0014170	+0.0027103	+0.0040529	+0.0055134	+0.0074154	+0.0100000	+0.0100000	+0.0100000
2012-06	0.063	-0.0098742	-0.0097974	-0.0096705	-0.0094754	-0.0091764	-0.0087394	-0.0081250	-0.0072888	-0.0062008	-0.0048483	-0.0032508	-0.0013698	+0.0008758	+0.0038873	+0.0100000	+0.0100000	+0.0100000	+0.0100000	+0.0100000	+0.0100000	+0.0100000
2012-07	-0.030	-0.0075121	-0.0066684	-0.0057137	-0.0046305	-0.0034355	-0.0021372	-0.0007573	+0.0006864	+0.0021868	+0.0037227	+0.0052443	+0.0067113	+0.0080946	+0.0093718	+0.0100000	+0.0100000	+0.0100000	+0.0100000	+0.0100000	+0.0100000	+0.0100000
2012-08	-0.008	-0.0094321	-0.0091452	-0.0087686	-0.0082758	-0.0076687	-0.0069572	-0.0061334	-0.0051980	-0.0041712	-0.0030669	-0.0019187	-0.0007499	+0.0004218	+0.0015580	+0.0026573	+0.0037419	+0.0048344	+0.0060184	+0.0076501	+0.0100000	+0.0100000
2012-09	0.013	-0.0061766	-0.0057441	-0.0052840	-0.0048021	-0.0042760	-0.0037078	-0.0030882	-0.0024101	-0.0016869	-0.0009244	-0.0001284	+0.0006756	+0.0014637	+0.0022304	+0.0029549	+0.0036439	+0.0042906	+0.0048944	+0.0054672	+0.0060191	+0.0065440
2012-10	-0.005	-0.0065805	-0.0060384	-0.0054516	-0.0048223	-0.0041414	-0.0034043	-0.0026124	-0.0017574	-0.0008387	+0.0001297	+0.0011351	+0.0021444	+0.0031320	+0.0040836	+0.0049870	+0.0058334	+0.0066150	+0.0073504	+0.0080479	+0.0086853	+0.0093037
2012-11	0.045	-0.0070230	-0.0065021	-0.0059493	-0.0053478	-0.0046925	-0.0039688	-0.0031909	-0.0023450	-0.0014538	-0.0005135	+0.0004540	+0.0014173	+0.0023593	+0.0032542	+0.0040933	+0.0048829	+0.0056218	+0.0063032	+0.0069332	+0.0075430	+0.0081385
2012-12	0.086	-0.0079165	-0.0073084	-0.0065927	-0.0057909	-0.0049183	-0.0039742	-0.0029525	-0.0018611	-0.0006928	+0.0005345	+0.0017905	+0.0030407	+0.0042435	+0.0054031	+0.0064791	+0.0075010	+0.0084592	+0.0093640	+0.0100000	+0.0100000	+0.0100000
2013-01	0.097	-0.0084663	-0.0077783	-0.0068868	-0.0057962	-0.0045061	-0.0030667	-0.0015121	+0.0001738	+0.0019377	+0.0037225	+0.0054787	+0.0071472	+0.0086931	+0.0100000	+0.0100000	+0.0100000	+0.0100000	+0.0100000	+0.0100000	+0.0100000	+0.0100000
2013-02	0.026	-0.0085321	-0.0078958	-0.0070712	-0.0060836	-0.0049513	-0.0036811	-0.0022804	-0.0007597	+0.0008518	+0.0025308	+0.0042379	+0.0059100	+0.0075130	+0.0090318	+0.0100000	+0.0100000	+0.0100000	+0.0100000	+0.0100000	+0.0100000	+0.0100000
2013-03	0.085	-0.0078652	-0.0073014	-0.0066927	-0.0060175	-0.0052945	-0.0045191	-0.0036871	-0.0027796	-0.0018187	-0.0008193	+0.0002015	+0.0012202	+0.0022010	+0.0031376	+0.0040174	+0.0048343	+0.0055910	+0.0062926	+0.0069717	+0.0076244	+0.0082778
2013-04	0.124	-0.0088050	-0.0082176	-0.0074204	-0.0064380	-0.0052887	-0.0039678	-0.0025280	-0.0009386	+0.0007378	+0.0024430	+0.0041389	+0.0057933	+0.0073197	+0.0086983	+0.0099648	+0.0100000	+0.0100000	+0.0100000	+0.0100000	+0.0100000	+0.0100000
2013-05	-0.029	-0.0091756	-0.0087023	-0.0079873	-0.0069478	-0.0055313	-0.0036975	-0.0014683	+0.0011607	+0.0040500	+0.0070979	+0.0100000	+0.0100000	+0.0100000	+0.0100000	+0.0100000	+0.0100000	+0.0100000	+0.0100000	+0.0100000	+0.0100000	+0.0100000
2013-06	0.014	-0.0097254	-0.0095589	-0.0092929	-0.0088800	-0.0082873	-0.0074281	-0.0062787	-0.0048113	-0.0030629	-0.0010553	+0.0011598	+0.0035154	+0.0060291	+0.0088822	+0.0100000	+0.0100000	+0.0100000	+0.0100000	+0.0100000	+0.0100000	+0.0100000
2013-07	-0.004	-0.0096383	-0.0094214	-0.0090844	-0.0085847	-0.0078490	-0.0068469	-0.0055385	-0.0039295	-0.0020298	+0.0001134	+0.0024551	+0.0049358	+0.0075593	+0.0100000	+0.0100000	+0.0100000	+0.0100000	+0.0100000	+0.0100000	+0.0100000	+0.0100000
2013-08	-0.029	-0.0095823	-0.0093395	-0.0089884	-0.0084957	-0.0078313	-0.0069888	-0.0059773	-0.0048252	-0.0035842	-0.0022548	-0.0009102	+0.0004119	+0.0016794	+0.0028789	+0.0040367	+0.0052353	+0.0067676	+0.0100000	+0.0100000	+0.0100000	+0.0100000
2013-09	0.081	-0.0098327	-0.0097294	-0.0095721	-0.0093247	-0.0089586	-0.0084343	-0.0077243	-0.0068028	-0.0056692	-0.0043443	-0.0028436	-0.0011937	+0.0006524	+0.0028908	+0.0069001	+0.0100000	+0.0100000	+0.0100000	+0.0100000	+0.0100000	+0.0100000
2013-10	0.014	-0.0093793	-0.0090265	-0.0085070	-0.0077733	-0.0067878	-0.0055501	-0.0040689	-0.0023885	-0.0005395	+0.0014209	+0.0033964	+0.0053492	+0.0072140	+0.0089841	+0.0100000	+0.0100000	+0.0100000	+0.0100000	+0.0100000	+0.0100000	+0.0100000
2013-11	0.066	-0.0056051	-0.0050968	-0.0045550	-0.0039824	-0.0033730	-0.0027188	-0.0020147	-0.0012622	-0.0004570	+0.0003940	+0.0012683	+0.0021380	+0.0029725	+0.0037720	+0.0045195	+0.0052210	+0.0058727	+0.0064816	+0.0070465	+0.0075898	+0.0080949
2013-12	0.037	-0.0085206	-0.0078502	-0.0069888	-0.0059638	-0.0047760	-0.0034574	-0.0020297	-0.0005131	+0.0010997	+0.0026994	+0.0042526	+0.0057371	+0.0070993	+0.0082963	+0.0093415	+0.0100000	+0.0100000	+0.0100000	+0.0100000	+0.0100000	+0.0100000
2014-01	-0.070	-0.0077029	-0.0070765	-0.0063712	-0.0056006	-0.0047572	-0.0038405	-0.0028300	-0.0017363	-0.0005625	+0.0006680	+0.0019309	+0.0031886	+0.0044166	+0.0055913	+0.0066858	+0.0077104	+0.0086640	+0.0095548	+0.0100000	+0.0100000	+0.0100000
2014-02	-0.014	-0.0098097	-0.0096905	-0.0094998	-0.0092128	-0.0087875	-0.0081774	-0.0073526	-0.0062866	-0.0049924	-0.0034814	-0.0017744	+0.0001062	+0.0022125	+0.0047486	+0.0092753	+0.0100000	+0.0100000	+0.0100000	+0.0100000	+0.0100000	+0.0100000
2014-03	-0.008	-0.0080866	-0.0074364	-0.0066476	-0.0057567	-0.0047587	-0.0036622	-0.0024649	-0.0011555	+0.0002393	+0.0017223	+0.0032443	+0.0047569	+0.0062321	+0.0076362	+0.0089475	+0.0100000	+0.0100000	+0.0100000	+0.0100000	+0.0100000	+0.0100000
2014-04	-0.032	-0.0093365	-0.0089867	-0.0085144	-0.0078787	-0.0070773	-0.0061204	-0.0050233	-0.0037963	-0.0024741	-0.0010827	+0.0003439	+0.0017607	+0.0031344	+0.0044444	+0.0056970	+0.0069130	+0.0081588	+0.0095996	+0.0100000	+0.0100000	+0.0100000
2014-05	0.024	-0.0096917	-0.0095052	-0.0092321	-0.0088357	-0.0082888	-0.0075825	-0.0067030	-0.0056616	-0.0044721	-0.0031539	-0.0017467	-0.0002933	+0.0011827	+0.0026935	+0.0042794	+0.0061410	+0.0095036	+0.0100000	+0.0100000	+0.0100000	+0.0100000
2014-06	0.049	-0.0085692	-0.0080387	-0.0074097	-0.0066907	-0.0058919	-0.0050036	-0.0040249	-0.0029765	-0.0018535	-0.0006717	+0.0005266	+0.0017204	+0.0028788	+0.0039802	+0.0050087	+0.0059676	+0.0068645	+0.0077119	+0.0085365	+0.0094118	+0.0100000
2014-07	0.029	-0.0047694	-0.0043024	-0.0038090	-0.0032991	-0.0027559	-0.0021748	-0.0015501	-0.0008948	-0.0001976	+0.0005287	+0.0012704	+0.0020043	+0.0027189	+0.0033964	+0.0040343	+0.0046301	+0.0051785	+0.0056912	+0.0061708	+0.0066274	+0.0070474
2014-08	-0.006	-0.0043856	-0.0039903	-0.0035805	-0.0031418	-0.0026731	-0.0021789	-0.0016401	-0.0010713	-0.0004660	+0.0001635	+0.0008014	+0.0014346	+0.0020458	+0.0026243	+0.0031653	+0.0036634	+0.0041218	+0.0045430	+0.0049307	+0.0052923	+0.0056285
2014-09	0.049	-0.0060016	-0.0055685	-0.0050821	-0.0045706	-0.0040265	-0.0034536	-0.0028437	-0.0021908	-0.0015015	-0.0007767	-0.0000386	+0.0006962	+0.0014142	+0.0020999	+0.0027442	+0.0033500	+0.0039137	+0.0044418	+0.0049422	+0.0054070	+0.0058467
2014-10	0.004	-0.0075874	-0.0068662	-0.0060536	-0.0051968	-0.0042866	-0.0033074	-0.0022758	-0.0011947	-0.0000889	+0.0010334	+0.0021220	+0.0031653	+0.0041296	+0.0049850	+0.0057409	+0.0064190	+0.0070315	+0.0076020	+0.0081345	+0.0086481	+0.0092014
2014-11	0.049	-0.0090587	-0.0085932	-0.0079719	-0.0071756	-0.0062326	-0.0051367	-0.0038886	-0.0025145	-0.0010034	+0.0006031	+0.0022615	+0.0039322	+0.0055540	+0.0070953	+0.0085785	+0.0100000	+0.0100000	+0.0100000	+0.0100000	+0.0100000	+0.0100000
2014-12	0.007	-0.0046609	-0.0042123	-0.0037391	-0.0032169	-0.0026621	-0.0020622	-0.0014120	-0.0007195	+0.0000242	+0.0008041	+0.0016046	+0.0024097	+0.0031942	+0.0039409	+0.0046501	+0.0053170	+0.0059392	+0.0065192	+0.0070811	+0.0075955	+0.0080826
2015-01	-0.003	-0.0092767	-0.0089185	-0.0084368	-0.0078124	-0.0070395	-0.0061431	-0.0051230	-0.0039861	-0.0027381	-0.0014087	-0.0000288	+0.0013639	+0.0027387	+0.0040830	+0.0053737	+0.0066372	+0.0079024	+0.0093033	+0.0100000	+0.0100000	+0.0100000
2015-02	-0.003	-0.0061602	-0.0055720	-0.0049392	-0.0042696	-0.0035558	-0.0027943	-0.0019694	-0.0011014	-0.0001877	+0.0007548	+0.0017013	+0.0026313	+0.0035208	+0.0043510	+0.0051115	+0.0058062	+0.0064361	+0.0070102	+0.0075284	+0.0080165	+0.0084695
