2011-02	0.005	-0.0032042	-0.0029403	-0.0026633	-0.0023711	-0.0020569	-0.0017254	-0.0013727	-0.0009996	-0.0006089	-0.0002053	+0.0002072	+0.0006143	+0.0010054	+0.0013773	+0.0017266	+0.0020487	+0.0023546	+0.0026362	+0.0029032	+0.0031469	+0.0033826
2011-03	0.014	-0.0024856	-0.0022860	-0.0020716	-0.0018448	-0.0016022	-0.0013386	-0.0010571	-0.0007543	-0.0004335	-0.0000985	+0.0002452	+0.0005875	+0.0009195	+0.0012341	+0.0015296	+0.0018015	+0.0020521	+0.0022860	+0.0024982	+0.0026990	+0.0028859
2011-04	0.008	-0.0050541	-0.0046265	-0.0041728	-0.0036876	-0.0031757	-0.0026392	-0.0020677	-0.0014541	-0.0008045	-0.0001267	+0.0005712	+0.0012635	+0.0019324	+0.0025759	+0.0031799	+0.0037490	+0.0042737	+0.0047622	+0.0052281	+0.0056593	+0.0060818
2011-05	-0.012	-0.0033708	-0.0031371	-0.0028842	-0.0026138	-0.0023259	-0.0020134	-0.0016720	-0.0013078	-0.0009185	-0.0005070	-0.0000860	+0.0003354	+0.0007442	+0.0011298	+0.0014930	+0.0018334	+0.0021468	+0.0024386	+0.0027092	+0.0029604	+0.0031977
2011-06	-0.006	-0.0027333	-0.0025132	-0.0022894	-0.0020452	-0.0017864	-0.0015049	-0.0011995	-0.0008739	-0.0005263	-0.0001639	+0.0002100	+0.0005794	+0.0009424	+0.0012884	+0.0016092	+0.0019091	+0.0021836	+0.0024412	+0.0026798	+0.0029014	+0.0031055
2011-07	-0.017	-0.0029503	-0.0027711	-0.0025771	-0.0023730	-0.0021541	-0.0019137	-0.0016507	-0.0013613	-0.0010515	-0.0007236	-0.0003832	-0.0000376	+0.0003017	+0.0006316	+0.0009421	+0.0012353	+0.0015111	+0.0017716	+0.0020170	+0.0022509	+0.0024718
2011-08	-0.033	-0.0049673	-0.0046739	-0.0043848	-0.0040683	-0.0037299	-0.0033704	-0.0029834	-0.0025734	-0.0021342	-0.0016718	-0.0011950	-0.0007126	-0.0002351	+0.0002296	+0.0006683	+0.0010816	+0.0014766	+0.0018498	+0.0022024	+0.0025278	+0.0028451
2011-09	-0.023	-0.0076329	-0.0071916	-0.0067200	-0.0062085	-0.0056580	-0.0050704	-0.0044347	-0.0037537	-0.0030319	-0.0022707	-0.0014734	-0.0006665	+0.0001259	+0.0008990	+0.0016396	+0.0023318	+0.0029883	+0.0036082	+0.0042061	+0.0047817	+0.0053482
2011-10	0.038	-0.0058338	-0.0055651	-0.0052734	-0.0049549	-0.0046032	-0.0042209	-0.0037942	-0.0033204	-0.0027931	-0.0022209	-0.0016032	-0.0009516	-0.0002886	+0.0003701	+0.0010092	+0.0016230	+0.0022045	+0.0027745	+0.0033181	+0.0038354	+0.0043312
2011-11	-0.027	-0.0033783	-0.0028699	-0.0023576	-0.0018082	-0.0012263	-0.0006285	+0.0000093	+0.0006812	+0.0013798	+0.0020893	+0.0027949	+0.0034750	+0.0041200	+0.0047120	+0.0052572	+0.0057580	+0.0062115	+0.0066255	+0.0070125	+0.0073745	+0.0077129
2011-12	0.012	-0.0055300	-0.0052948	-0.0050275	-0.0047235	-0.0043868	-0.0040066	-0.0035721	-0.0030780	-0.0025262	-0.0019166	-0.0012656	-0.0005850	+0.0001047	+0.0007880	+0.0014499	+0.0020838	+0.0026849	+0.0032728	+0.0038272	+0.0043489	+0.0048602
2012-01	0.013	-0.0017763	-0.0016373	-0.0014875	-0.0013270	-0.0011570	-0.0009743	-0.0007746	-0.0005612	-0.0003321	-0.0000903	+0.0001632	+0.0004213	+0.0006754	+0.0009180	+0.0011520	+0.0013770	+0.0015882	+0.0017875	+0.0019764	+0.0021579	+0.0023267
2012-02	0.060	-0.0036889	-0.0032947	-0.0028823	-0.0024564	-0.0020096	-0.0015415	-0.0010534	-0.0005458	-0.0000192	+0.0005121	+0.0010305	+0.0015305	+0.0019932	+0.0024117	+0.0027908	+0.0031300	+0.0034374	+0.0037162	+0.0039726	+0.0042044	+0.0044147
2012-03	0.011	-0.0065888	-0.0059303	-0.0045965	-0.0038679	-0.0032188	-0.0019911	-0.0008400	-0.0000960	+0.0012151	+0.0023919	+0.0031230	+0.0041432	+0.0053443	+0.0059057	+0.0063057	+0.0066311	+0.0069138	+0.0071645	+0.0073933	+0.0076112	+0.0078142
2012-04	-0.008	-0.0040610	-0.0037404	-0.0033953	-0.0030289	-0.0026419	-0.0022232	-0.0017714	-0.0012859	-0.0007680	-0.0002275	+0.0003260	+0.0008783	+0.0014153	+0.0019292	+0.0024102	+0.0028597	+0.0032711	+0.0036489	+0.0040051	+0.0043379	+0.0046357
2012-05	-0.044	-0.0038966	-0.0036571	-0.0033946	-0.0031097	-0.0027998	-0.0024614	-0.0020965	-0.0016941	-0.0012601	-0.0008008	-0.0003218	+0.0001662	+0.0006455	+0.0011077	+0.0015482	+0.0019635	+0.0023457	+0.0027037	+0.0030351	+0.0033541	+0.0036624
2012-06	0.013	-0.0058308	-0.0055730	-0.0053023	-0.0050046	-0.0046820	-0.0043282	-0.0039408	-0.0035195	-0.0030597	-0.0025493	-0.0020055	-0.0014380	-0.0008616	-0.0002896	+0.0002710	+0.0008019	+0.0013081	+0.0017916	+0.0022542	+0.0026923	+0.0030973
2012-07	0.003	-0.0031695	-0.0028309	-0.0024662	-0.0020804	-0.0016771	-0.0012458	-0.0007920	-0.0003062	+0.0002053	+0.0007293	+0.0012596	+0.0017860	+0.0022925	+0.0027702	+0.0032096	+0.0036158	+0.0039903	+0.0043386	+0.0046565	+0.0049525	+0.0052280
2012-08	0.008	-0.0033485	-0.0031379	-0.0029077	-0.0026608	-0.0023966	-0.0021126	-0.0018061	-0.0014759	-0.0011243	-0.0007511	-0.0003665	+0.0000174	+0.0003900	+0.0007437	+0.0010768	+0.0013877	+0.0016758	+0.0019391	+0.0021841	+0.0024105	+0.0026116
2012-09	0.006	-0.0020085	-0.0018279	-0.0016358	-0.0014390	-0.0012278	-0.0010076	-0.0007737	-0.0005282	-0.0002705	-0.0000051	+0.0002615	+0.0005246	+0.0007776	+0.0010153	+0.0012367	+0.0014406	+0.0016285	+0.0018033	+0.0019666	+0.0021194	+0.0022604
2012-10	0.020	-0.0026510	-0.0024661	-0.0022675	-0.0020504	-0.0018090	-0.0015363	-0.0012396	-0.0009096	-0.0005515	-0.0001619	+0.0002478	+0.0006702	+0.0010941	+0.0015087	+0.0019065	+0.0022833	+0.0026384	+0.0029730	+0.0032837	+0.0035742	+0.0038630
2012-11	0.028	-0.0028170	-0.0025306	-0.0022223	-0.0018973	-0.0015523	-0.0011876	-0.0008034	-0.0004005	+0.0000117	+0.0004309	+0.0008449	+0.0012437	+0.0016139	+0.0019534	+0.0022606	+0.0025375	+0.0027915	+0.0030134	+0.0032196	+0.0034056	+0.0035793
2012-12	0.051	-0.0037002	-0.0033252	-0.0029186	-0.0025007	-0.0020440	-0.0015714	-0.0010713	-0.0005459	+0.0000038	+0.0005682	+0.0011312	+0.0016745	+0.0021936	+0.0026752	+0.0031168	+0.0035245	+0.0038949	+0.0042380	+0.0045555	+0.0048536	+0.0051311
2013-01	0.049	-0.0050843	-0.0044218	-0.0035296	-0.0028127	-0.0021317	-0.0012055	-0.0003468	+0.0004046	+0.0013878	+0.0023014	+0.0030296	+0.0038413	+0.0046609	+0.0052248	+0.0056381	+0.0059760	+0.0062585	+0.0065095	+0.0067327	+0.0069383	+0.0071303
2013-02	0.013	-0.0063143	-0.0056739	-0.0049910	-0.0042669	-0.0034944	-0.0026820	-0.0018181	-0.0009024	+0.0000546	+0.0010377	+0.0020338	+0.0030097	+0.0039374	+0.0048090	+0.0056153	+0.0063575	+0.0070411	+0.0076674	+0.0082498	+0.0087842	+0.0092731
2013-03	0.020	-0.0036255	-0.0033367	-0.0030373	-0.0027222	-0.0023835	-0.0020236	-0.0016452	-0.0012444	-0.0008273	-0.0003931	+0.0000438	+0.0004740	+0.0008869	+0.0012734	+0.0016330	+0.0019634	+0.0022658	+0.0025471	+0.0028085	+0.0030540	+0.0032828
2013-04	0.043	-0.0043752	-0.0040157	-0.0036348	-0.0032228	-0.0027913	-0.0023228	-0.0018228	-0.0012870	-0.0007181	-0.0001164	+0.0005024	+0.0011252	+0.0017320	+0.0023139	+0.0028613	+0.0033642	+0.0038366	+0.0042709	+0.0046840	+0.0050700	+0.0054241
2013-05	0.013	-0.0075534	-0.0068279	-0.0060281	-0.0051616	-0.0042149	-0.0032110	-0.0021510	-0.0010099	+0.0001899	+0.0014276	+0.0026800	+0.0039221	+0.0051150	+0.0062342	+0.0072795	+0.0082548	+0.0091589	+0.0100000	+0.0100000	+0.0100000	+0.0100000
2013-06	-0.041	-0.0047394	-0.0043129	-0.0038837	-0.0034249	-0.0029340	-0.0024095	-0.0018409	-0.0012348	-0.0005894	+0.0000853	+0.0007769	+0.0014722	+0.0021523	+0.0027934	+0.0033961	+0.0039534	+0.0044758	+0.0049538	+0.0054075	+0.0058303	+0.0062174
2013-07	0.011	-0.0088418	-0.0084324	-0.0079424	-0.0073736	-0.0067408	-0.0060399	-0.0052655	-0.0044157	-0.0034914	-0.0025026	-0.0014504	-0.0003690	+0.0007220	+0.0017886	+0.0028215	+0.0038320	+0.0048097	+0.0057705	+0.0067376	+0.0077634	+0.0090448
2013-08	-0.006	-0.0041694	-0.0038407	-0.0034990	-0.0031306	-0.0027399	-0.0023299	-0.0018956	-0.0014387	-0.0009587	-0.0004593	+0.0000463	+0.0005432	+0.0010190	+0.0014723	+0.0018919	+0.0022781	+0.0026324	+0.0029603	+0.0032637	+0.0035469	+0.0038107
2013-09	0.019	-0.0051551	-0.0048536	-0.0045269	-0.0041721	-0.0037932	-0.0033895	-0.0029515	-0.0024788	-0.0019720	-0.0014415	-0.0008943	-0.0003454	+0.0001886	+0.0006984	+0.0011798	+0.0016304	+0.0020457	+0.0024387	+0.0028029	+0.0031493	+0.0034607
2013-10	0.022	-0.0050328	-0.0045517	-0.0040700	-0.0035649	-0.0030233	-0.0024541	-0.0018722	-0.0012757	-0.0006603	-0.0000396	+0.0005738	+0.0011565	+0.0016987	+0.0021873	+0.0026220	+0.0030076	+0.0033482	+0.0036633	+0.0039446	+0.0042002	+0.0044392
2013-11	0.027	-0.0026242	-0.0023426	-0.0020546	-0.0017357	-0.0014026	-0.0010524	-0.0006760	-0.0002839	+0.0001249	+0.0005466	+0.0009694	+0.0013867	+0.0017863	+0.0021580	+0.0025030	+0.0028210	+0.0031180	+0.0033901	+0.0036428	+0.0038751	+0.0040932
2013-12	0.019	-0.0037051	-0.0032265	-0.0027234	-0.0022149	-0.0016868	-0.0011295	-0.0005571	+0.0000270	+0.0006392	+0.0012405	+0.0018055	+0.0023480	+0.0028434	+0.0032641	+0.0036187	+0.0039244	+0.0041885	+0.0044200	+0.0046302	+0.0048192	+0.0049943
2014-01	-0.018	-0.0030336	-0.0027241	-0.0024036	-0.0020531	-0.0016891	-0.0013005	-0.0008863	-0.0004503	+0.0000085	+0.0004800	+0.0009582	+0.0014317	+0.0018855	+0.0023106	+0.0027061	+0.0030740	+0.0034082	+0.0037188	+0.0040078	+0.0042799	+0.0045378
2014-02	0.009	-0.0052985	-0.0049265	-0.0045406	-0.0041373	-0.0037126	-0.0032553	-0.0027665	-0.0022545	-0.0017147	-0.0011529	-0.0005795	-0.0000153	+0.0005291	+0.0010464	+0.0015343	+0.0019868	+0.0024050	+0.0027852	+0.0031464	+0.0034773	+0.0037977
2014-03	0.007	-0.0022484	-0.0019614	-0.0016560	-0.0013420	-0.0010052	-0.0006440	-0.0002640	+0.0001384	+0.0005534	+0.0009784	+0.0014021	+0.0018140	+0.0022099	+0.0025776	+0.0029176	+0.0032281	+0.0035135	+0.0037748	+0.0040266	+0.0042507	+0.0044643
2014-04	0.001	-0.0026806	-0.0024449	-0.0021922	-0.0019208	-0.0016322	-0.0013150	-0.0009761	-0.0006168	-0.0002345	+0.0001638	+0.0005671	+0.0009663	+0.0013520	+0.0017142	+0.0020502	+0.0023631	+0.0026496	+0.0029123	+0.0031597	+0.0033789	+0.0035865
2014-05	0.005	-0.0027311	-0.0025485	-0.0023588	-0.0021562	-0.0019418	-0.0017106	-0.0014651	-0.0011993	-0.0009177	-0.0006257	-0.0003274	-0.0000343	+0.0002494	+0.0005163	+0.0007634	+0.0009922	+0.0012065	+0.0014038	+0.0015898	+0.0017620	+0.0019187
2014-06	0.007	-0.0015069	-0.0013949	-0.0012710	-0.0011400	-0.0009931	-0.0008359	-0.0006642	-0.0004771	-0.0002783	-0.0000637	+0.0001541	+0.0003773	+0.0005955	+0.0008028	+0.0010002	+0.0011823	+0.0013524	+0.0015109	+0.0016603	+0.0018005	+0.0019340
2014-07	0.007	-0.0011766	-0.0010773	-0.0009738	-0.0008632	-0.0007427	-0.0006157	-0.0004800	-0.0003358	-0.0001855	-0.0000272	+0.0001315	+0.0002894	+0.0004397	+0.0005838	+0.0007155	+0.0008378	+0.0009507	+0.0010544	+0.0011496	+0.0012392	+0.0013214
2014-08	0.010	-0.0013973	-0.0012854	-0.0011636	-0.0010300	-0.0008831	-0.0007264	-0.0005558	-0.0003765	-0.0001854	+0.0000142	+0.0002180	+0.0004203	+0.0006159	+0.0008005	+0.0009742	+0.0011323	+0.0012801	+0.0014167	+0.0015422	+0.0016562	+0.0017650
2014-09	0.019	-0.0021687	-0.0019163	-0.0016565	-0.0013786	-0.0010934	-0.0007871	-0.0004697	-0.0001365	+0.0002103	+0.0005639	+0.0009108	+0.0012446	+0.0015580	+0.0018456	+0.0021054	+0.0023419	+0.0025506	+0.0027383	+0.0029093	+0.0030608	+0.0032077
2014-10	0.004	-0.0031155	-0.0027870	-0.0024433	-0.0020950	-0.0017258	-0.0013330	-0.0009244	-0.0004981	-0.0000563	+0.0003937	+0.0008390	+0.0012651	+0.0016677	+0.0020368	+0.0023770	+0.0026847	+0.0029640	+0.0032228	+0.0034617	+0.0036802	+0.0038902
2014-11	0.060	-0.0036855	-0.0033811	-0.0030533	-0.0027075	-0.0023360	-0.0019384	-0.0015094	-0.0010521	-0.0005643	-0.0000547	+0.0004593	+0.0009655	+0.0014563	+0.0019167	+0.0023446	+0.0027332	+0.0030903	+0.0034232	+0.0037279	+0.0040043	+0.0042619
2014-12	0.004	-0.0038996	-0.0033945	-0.0027612	-0.0022419	-0.0017103	-0.0010260	-0.0003901	+0.0001882	+0.0009162	+0.0015787	+0.0021356	+0.0027509	+0.0033468	+0.0037765	+0.0041009	+0.0043723	+0.0046020	+0.0048084	+0.0049945	+0.0051683	+0.0053361
2015-01	-0.013	-0.0056098	-0.0051681	-0.0046939	-0.0041938	-0.0036572	-0.0030854	-0.0024723	-0.0018188	-0.0011406	-0.0004332	+0.0002853	+0.0009958	+0.0016777	+0.0023210	+0.0029149	+0.0034632	+0.0039656	+0.0044330	+0.0048701	+0.0052684	+0.0056454
2015-02	-0.002	-0.0041521	-0.0038548	-0.0035448	-0.0032105	-0.0028471	-0.0024597	-0.0020444	-0.0015956	-0.0011182	-0.0006152	-0.0000941	+0.0004273	+0.0009311	+0.0014121	+0.0018652	+0.0022862	+0.0026749	+0.0030349	+0.0033728	+0.0036901	+0.0039858
