2013-09	0.020	-0.0042223	-0.0040695	-0.0039011	-0.0037158	-0.0035098	-0.0032750	-0.0030025	-0.0026805	-0.0023030	-0.0018691	-0.0013988	-0.0009071	-0.0003910	+0.0001255	+0.0006147	+0.0010926	+0.0015623	+0.0019938	+0.0024077	+0.0028024	+0.0031939
2013-10	0.025	-0.0034938	-0.0030935	-0.0026781	-0.0022496	-0.0018043	-0.0013382	-0.0008523	-0.0003535	+0.0001616	+0.0006778	+0.0011786	+0.0016586	+0.0021000	+0.0024926	+0.0028353	+0.0031382	+0.0034079	+0.0036528	+0.0038737	+0.0040754	+0.0042629
2013-11	-0.001	-0.0033052	-0.0028721	-0.0024358	-0.0020068	-0.0015424	-0.0010589	-0.0005581	-0.0000269	+0.0005042	+0.0010240	+0.0015368	+0.0020193	+0.0024554	+0.0028395	+0.0031759	+0.0034749	+0.0037462	+0.0039923	+0.0042179	+0.0044312	+0.0046337
2013-12	0.007	-0.0014229	-0.0013245	-0.0012161	-0.0010963	-0.0009698	-0.0008306	-0.0006773	-0.0005106	-0.0003307	-0.0001388	+0.0000609	+0.0002640	+0.0004635	+0.0006572	+0.0008413	+0.0010145	+0.0011757	+0.0013284	+0.0014692	+0.0016030	+0.0017270
2014-01	-0.008	-0.0015257	-0.0014011	-0.0012640	-0.0011162	-0.0009535	-0.0007759	-0.0005837	-0.0003726	-0.0001429	+0.0001020	+0.0003580	+0.0006188	+0.0008753	+0.0011240	+0.0013598	+0.0015823	+0.0017906	+0.0019852	+0.0021684	+0.0023414	+0.0025044
2014-02	0.017	-0.0030532	-0.0028353	-0.0026105	-0.0023743	-0.0021201	-0.0018540	-0.0015672	-0.0012693	-0.0009572	-0.0006365	-0.0003160	-0.0000047	+0.0002913	+0.0005662	+0.0008149	+0.0010398	+0.0012439	+0.0014273	+0.0015947	+0.0017499	+0.0018940
2014-03	0.007	-0.0026936	-0.0023775	-0.0020433	-0.0016899	-0.0013292	-0.0009406	-0.0005413	-0.0001267	+0.0002933	+0.0007173	+0.0011307	+0.0015231	+0.0018820	+0.0022024	+0.0024804	+0.0027220	+0.0029354	+0.0031267	+0.0032984	+0.0034565	+0.0036030
2014-04	0.010	-0.0008341	-0.0007452	-0.0006497	-0.0005459	-0.0004348	-0.0003159	-0.0001868	-0.0000505	+0.0000945	+0.0002485	+0.0004045	+0.0005629	+0.0007141	+0.0008591	+0.0009958	+0.0011220	+0.0012375	+0.0013460	+0.0014442	+0.0015372	+0.0016204
2014-05	0.015	-0.0013655	-0.0012243	-0.0010785	-0.0009243	-0.0007639	-0.0005956	-0.0004172	-0.0002264	-0.0000298	+0.0001697	+0.0003703	+0.0005633	+0.0007461	+0.0009144	+0.0010686	+0.0012058	+0.0013308	+0.0014425	+0.0015416	+0.0016348	+0.0017159
2014-06	0.008	-0.0017530	-0.0015361	-0.0013081	-0.0010719	-0.0008313	-0.0005771	-0.0003104	-0.0000382	+0.0002446	+0.0005266	+0.0007982	+0.0010552	+0.0012905	+0.0014995	+0.0016798	+0.0018319	+0.0019611	+0.0020740	+0.0021744	+0.0022609	+0.0023389
2014-07	0.001	-0.0014299	-0.0012973	-0.0011576	-0.0010103	-0.0008523	-0.0006818	-0.0005003	-0.0003089	-0.0001052	+0.0001058	+0.0003206	+0.0005347	+0.0007406	+0.0009369	+0.0011205	+0.0012893	+0.0014460	+0.0015903	+0.0017242	+0.0018467	+0.0019596
2014-08	0.004	-0.0011664	-0.0010800	-0.0009853	-0.0008888	-0.0007850	-0.0006728	-0.0005551	-0.0004287	-0.0002913	-0.0001518	-0.0000086	+0.0001345	+0.0002733	+0.0004039	+0.0005288	+0.0006419	+0.0007464	+0.0008450	+0.0009332	+0.0010155	+0.0010928
2014-09	-0.019	-0.0015016	-0.0013308	-0.0011526	-0.0009594	-0.0007566	-0.0005373	-0.0003051	-0.0000601	+0.0001966	+0.0004603	+0.0007218	+0.0009766	+0.0012173	+0.0014409	+0.0016458	+0.0018285	+0.0019956	+0.0021435	+0.0022737	+0.0023959	+0.0025035
2014-10	0.003	-0.0036078	-0.0034703	-0.0033254	-0.0031637	-0.0029837	-0.0027789	-0.0025467	-0.0022771	-0.0019625	-0.0016002	-0.0012052	-0.0007880	-0.0003573	+0.0000770	+0.0005063	+0.0009217	+0.0013221	+0.0017045	+0.0020726	+0.0024260	+0.0027600
2014-11	0.015	-0.0019381	-0.0017651	-0.0015790	-0.0013833	-0.0011776	-0.0009573	-0.0007244	-0.0004739	-0.0002089	+0.0000680	+0.0003504	+0.0006315	+0.0009049	+0.0011607	+0.0013988	+0.0016203	+0.0018212	+0.0020070	+0.0021800	+0.0023464	+0.0024953
2014-12	-0.022	-0.0013667	-0.0012199	-0.0010646	-0.0008989	-0.0007216	-0.0005298	-0.0003281	-0.0001121	+0.0001138	+0.0003452	+0.0005816	+0.0008173	+0.0010476	+0.0012656	+0.0014730	+0.0016674	+0.0018505	+0.0020226	+0.0021791	+0.0023286	+0.0024680
2015-01	0.007	-0.0054298	-0.0051312	-0.0048165	-0.0044640	-0.0040825	-0.0036614	-0.0031976	-0.0026886	-0.0021360	-0.0015501	-0.0009349	-0.0003078	+0.0003139	+0.0009182	+0.0014944	+0.0020342	+0.0025416	+0.0030212	+0.0034769	+0.0039037	+0.0043109
2015-02	0.003	-0.0021881	-0.0019732	-0.0017463	-0.0015074	-0.0012523	-0.0009882	-0.0007037	-0.0004044	-0.0000869	+0.0002414	+0.0005739	+0.0008994	+0.0012106	+0.0015003	+0.0017689	+0.0020182	+0.0022422	+0.0024500	+0.0026414	+0.0028145	+0.0029833
