2011-02	0.008	-0.0058979	-0.0053724	-0.0048076	-0.0042203	-0.0035847	-0.0029221	-0.0022363	-0.0015171	-0.0007774	-0.0000189	+0.0007360	+0.0014658	+0.0021541	+0.0027814	+0.0033573	+0.0038810	+0.0043524	+0.0047814	+0.0051649	+0.0055292	+0.0058637
2011-03	0.036	-0.0038081	-0.0035219	-0.0032141	-0.0028851	-0.0025339	-0.0021546	-0.0017495	-0.0013170	-0.0008610	-0.0003848	+0.0000999	+0.0005781	+0.0010386	+0.0014741	+0.0018802	+0.0022532	+0.0025957	+0.0029057	+0.0031905	+0.0034522	+0.0036943
2011-04	0.019	-0.0068048	-0.0061826	-0.0055158	-0.0048029	-0.0040346	-0.0032221	-0.0023533	-0.0014374	-0.0004733	+0.0005302	+0.0015541	+0.0025802	+0.0035822	+0.0045329	+0.0054478	+0.0062946	+0.0070880	+0.0078275	+0.0085270	+0.0092178	+0.0098808
2011-05	-0.017	-0.0053350	-0.0049581	-0.0045493	-0.0041100	-0.0036435	-0.0031339	-0.0025754	-0.0019708	-0.0013202	-0.0006272	+0.0000872	+0.0008079	+0.0015136	+0.0021876	+0.0028245	+0.0034201	+0.0039777	+0.0044986	+0.0049831	+0.0054365	+0.0058643
2011-06	-0.009	-0.0046445	-0.0042403	-0.0038250	-0.0033876	-0.0029115	-0.0024001	-0.0018602	-0.0012830	-0.0006755	-0.0000434	+0.0006000	+0.0012376	+0.0018543	+0.0024375	+0.0029809	+0.0034803	+0.0039376	+0.0043603	+0.0047485	+0.0051125	+0.0054497
2011-07	-0.039	-0.0046441	-0.0043593	-0.0040605	-0.0037401	-0.0033923	-0.0030055	-0.0025726	-0.0020998	-0.0015890	-0.0010492	-0.0004854	+0.0000929	+0.0006639	+0.0012156	+0.0017425	+0.0022373	+0.0027037	+0.0031395	+0.0035636	+0.0039535	+0.0043344
2011-08	-0.032	-0.0091176	-0.0087680	-0.0083469	-0.0078556	-0.0072905	-0.0066712	-0.0059789	-0.0052237	-0.0044048	-0.0035196	-0.0025886	-0.0016217	-0.0006543	+0.0003083	+0.0012275	+0.0021188	+0.0030016	+0.0038763	+0.0047764	+0.0057764	+0.0071514
2011-09	-0.050	-0.0089956	-0.0085988	-0.0080817	-0.0074826	-0.0067853	-0.0060030	-0.0051387	-0.0042095	-0.0032199	-0.0021848	-0.0011212	-0.0000519	+0.0009874	+0.0019737	+0.0029004	+0.0037872	+0.0046324	+0.0054738	+0.0063414	+0.0073276	+0.0089890
2011-10	0.072	-0.0096531	-0.0094616	-0.0092021	-0.0088445	-0.0083788	-0.0077944	-0.0070811	-0.0062395	-0.0052550	-0.0041422	-0.0029090	-0.0015882	-0.0001966	+0.0012182	+0.0026586	+0.0041801	+0.0058933	+0.0082107	+0.0100000	+0.0100000	+0.0100000
2011-11	-0.048	-0.0064138	-0.0055219	-0.0045636	-0.0035186	-0.0024235	-0.0012519	-0.0000079	+0.0012879	+0.0026297	+0.0039898	+0.0053101	+0.0065804	+0.0077571	+0.0088283	+0.0098001	+0.0100000	+0.0100000	+0.0100000	+0.0100000	+0.0100000	+0.0100000
2011-12	0.007	-0.0089732	-0.0086028	-0.0081639	-0.0076428	-0.0070461	-0.0063663	-0.0055938	-0.0047294	-0.0037802	-0.0027456	-0.0016576	-0.0005310	+0.0005973	+0.0017078	+0.0027897	+0.0038287	+0.0048266	+0.0058088	+0.0067894	+0.0078297	+0.0090447
2012-01	0.018	-0.0036695	-0.0034183	-0.0031540	-0.0028717	-0.0025667	-0.0022493	-0.0019076	-0.0015371	-0.0011465	-0.0007398	-0.0003222	+0.0000947	+0.0004980	+0.0008782	+0.0012330	+0.0015657	+0.0018717	+0.0021523	+0.0024180	+0.0026655	+0.0028949
2012-02	0.082	-0.0050878	-0.0045461	-0.0039940	-0.0034135	-0.0028092	-0.0021657	-0.0014927	-0.0007808	-0.0000437	+0.0007055	+0.0014515	+0.0021689	+0.0028456	+0.0034728	+0.0040493	+0.0045753	+0.0050546	+0.0054919	+0.0059000	+0.0062701	+0.0066126
2012-03	0.020	-0.0083694	-0.0071925	-0.0061393	-0.0053348	-0.0044026	-0.0026716	-0.0012796	-0.0001687	+0.0016563	+0.0032080	+0.0043166	+0.0058062	+0.0073427	+0.0081849	+0.0087992	+0.0093071	+0.0097681	+0.0100000	+0.0100000	+0.0100000	+0.0100000
2012-04	-0.015	-0.0064832	-0.0059314	-0.0053572	-0.0047494	-0.0040963	-0.0033969	-0.0026520	-0.0018480	-0.0009944	-0.0001061	+0.0007939	+0.0016862	+0.0025545	+0.0033753	+0.0041424	+0.0048531	+0.0054952	+0.0060968	+0.0066583	+0.0071800	+0.0076619
2012-05	-0.068	-0.0069012	-0.0064972	-0.0060582	-0.0055892	-0.0050669	-0.0045000	-0.0038773	-0.0031983	-0.0024557	-0.0016687	-0.0008444	-0.0000057	+0.0008299	+0.0016271	+0.0023948	+0.0031160	+0.0037877	+0.0044175	+0.0050066	+0.0055683	+0.0061092
2012-06	0.008	-0.0089756	-0.0086470	-0.0082733	-0.0078509	-0.0073738	-0.0068403	-0.0062477	-0.0055914	-0.0048570	-0.0040494	-0.0031717	-0.0022573	-0.0013263	-0.0004047	+0.0005015	+0.0013687	+0.0022063	+0.0030254	+0.0038344	+0.0046399	+0.0055264
2012-07	0.009	-0.0042377	-0.0038443	-0.0034218	-0.0029768	-0.0024935	-0.0019738	-0.0014142	-0.0008136	-0.0001750	+0.0004949	+0.0011815	+0.0018690	+0.0025428	+0.0031863	+0.0037838	+0.0043442	+0.0048660	+0.0053493	+0.0058033	+0.0062171	+0.0066169
2012-08	0.023	-0.0055472	-0.0051925	-0.0048185	-0.0044165	-0.0039799	-0.0035014	-0.0029837	-0.0024266	-0.0018238	-0.0011858	-0.0005268	+0.0001363	+0.0007854	+0.0014074	+0.0019918	+0.0025479	+0.0030629	+0.0035418	+0.0039776	+0.0043905	+0.0047775
2012-09	0.017	-0.0041440	-0.0036855	-0.0032135	-0.0027261	-0.0022238	-0.0016934	-0.0011301	-0.0005501	+0.0000395	+0.0006314	+0.0012132	+0.0017716	+0.0022921	+0.0027653	+0.0031921	+0.0035773	+0.0039311	+0.0042558	+0.0045509	+0.0048283	+0.0050929
2012-10	0.024	-0.0040453	-0.0037201	-0.0033723	-0.0029904	-0.0025768	-0.0021277	-0.0016374	-0.0011017	-0.0005212	+0.0000963	+0.0007393	+0.0013917	+0.0020432	+0.0026762	+0.0032777	+0.0038421	+0.0043678	+0.0048614	+0.0053293	+0.0057629	+0.0061822
2012-11	0.036	-0.0044110	-0.0039795	-0.0035334	-0.0030634	-0.0025542	-0.0020143	-0.0014535	-0.0008522	-0.0002259	+0.0004191	+0.0010634	+0.0016923	+0.0022866	+0.0028390	+0.0033448	+0.0038090	+0.0042378	+0.0046291	+0.0049904	+0.0053104	+0.0056178
2012-12	0.062	-0.0054514	-0.0049362	-0.0043813	-0.0037834	-0.0031557	-0.0024953	-0.0017905	-0.0010428	-0.0002576	+0.0005587	+0.0013754	+0.0021789	+0.0029509	+0.0036767	+0.0043488	+0.0049634	+0.0055317	+0.0060496	+0.0065282	+0.0069636	+0.0073795
2013-01	0.069	-0.0061103	-0.0052514	-0.0043342	-0.0034720	-0.0025669	-0.0014979	-0.0004854	+0.0005311	+0.0016732	+0.0027576	+0.0037432	+0.0047472	+0.0056660	+0.0064042	+0.0069947	+0.0074876	+0.0079205	+0.0083052	+0.0086511	+0.0089786	+0.0092689
2013-02	0.006	-0.0082558	-0.0075862	-0.0068012	-0.0058754	-0.0048352	-0.0037038	-0.0024807	-0.0011707	+0.0002051	+0.0016172	+0.0030398	+0.0044279	+0.0057461	+0.0069775	+0.0081240	+0.0091964	+0.0100000	+0.0100000	+0.0100000	+0.0100000	+0.0100000
2013-03	0.025	-0.0069590	-0.0064626	-0.0059408	-0.0053843	-0.0048083	-0.0041923	-0.0035349	-0.0028433	-0.0021149	-0.0013703	-0.0006258	+0.0000982	+0.0007867	+0.0014305	+0.0020257	+0.0025739	+0.0030665	+0.0035162	+0.0039358	+0.0043293	+0.0046913
2013-04	0.056	-0.0057520	-0.0052858	-0.0047749	-0.0042269	-0.0036497	-0.0030267	-0.0023640	-0.0016448	-0.0008783	-0.0000701	+0.0007631	+0.0015972	+0.0024185	+0.0031955	+0.0039297	+0.0046054	+0.0052392	+0.0058326	+0.0063754	+0.0068881	+0.0073638
2013-05	0.038	-0.0087277	-0.0081569	-0.0074131	-0.0065007	-0.0054301	-0.0042376	-0.0028968	-0.0014352	+0.0001253	+0.0017712	+0.0034596	+0.0051504	+0.0067944	+0.0083690	+0.0098711	+0.0100000	+0.0100000	+0.0100000	+0.0100000	+0.0100000	+0.0100000
2013-06	-0.052	-0.0063479	-0.0056741	-0.0049642	-0.0042249	-0.0034327	-0.0025992	-0.0016980	-0.0007449	+0.0002506	+0.0012733	+0.0022962	+0.0033092	+0.0042826	+0.0051966	+0.0060348	+0.0068114	+0.0075234	+0.0081645	+0.0087725	+0.0093267	+0.0098533
2013-07	0.018	-0.0095024	-0.0092456	-0.0088821	-0.0084035	-0.0077902	-0.0070427	-0.0061682	-0.0051778	-0.0040730	-0.0028672	-0.0015790	-0.0002266	+0.0011456	+0.0025118	+0.0038903	+0.0053180	+0.0068917	+0.0089504	+0.0100000	+0.0100000	+0.0100000
2013-08	-0.004	-0.0046293	-0.0042638	-0.0038752	-0.0034601	-0.0030100	-0.0025377	-0.0020309	-0.0014892	-0.0009142	-0.0003113	+0.0003064	+0.0009206	+0.0015244	+0.0020994	+0.0026390	+0.0031377	+0.0036050	+0.0040310	+0.0044321	+0.0048020	+0.0051598
2013-09	0.020	-0.0066826	-0.0062694	-0.0058187	-0.0053337	-0.0048215	-0.0042712	-0.0036725	-0.0030259	-0.0023452	-0.0016303	-0.0008953	-0.0001652	+0.0005477	+0.0012243	+0.0018606	+0.0024500	+0.0030000	+0.0035174	+0.0040057	+0.0044505	+0.0048747
2013-10	0.028	-0.0062774	-0.0057152	-0.0051073	-0.0044787	-0.0038138	-0.0031131	-0.0023834	-0.0016318	-0.0008558	-0.0000721	+0.0007029	+0.0014484	+0.0021415	+0.0027700	+0.0033350	+0.0038405	+0.0042990	+0.0047160	+0.0050926	+0.0054336	+0.0057554
2013-11	0.038	-0.0037773	-0.0034107	-0.0030215	-0.0026088	-0.0021718	-0.0017054	-0.0012019	-0.0006681	-0.0001038	+0.0004809	+0.0010747	+0.0016645	+0.0022429	+0.0027901	+0.0033100	+0.0037982	+0.0042451	+0.0046704	+0.0050678	+0.0054487	+0.0058166
2013-12	0.036	-0.0054773	-0.0048214	-0.0041108	-0.0033732	-0.0026145	-0.0018203	-0.0009906	-0.0001276	+0.0007618	+0.0016508	+0.0025103	+0.0033257	+0.0040742	+0.0047458	+0.0053466	+0.0058759	+0.0063450	+0.0067640	+0.0071449	+0.0074874	+0.0078162
2014-01	-0.023	-0.0049413	-0.0043753	-0.0037807	-0.0031626	-0.0025029	-0.0018038	-0.0010722	-0.0003187	+0.0004577	+0.0012492	+0.0020350	+0.0027929	+0.0034979	+0.0041520	+0.0047446	+0.0052839	+0.0057713	+0.0062185	+0.0066262	+0.0070090	+0.0073535
2014-02	0.019	-0.0075017	-0.0069857	-0.0064481	-0.0058721	-0.0052576	-0.0045976	-0.0038953	-0.0031541	-0.0023751	-0.0015632	-0.0007380	+0.0000751	+0.0008542	+0.0015939	+0.0022853	+0.0029332	+0.0035259	+0.0040717	+0.0045952	+0.0050803	+0.0055534
2014-03	0.005	-0.0039597	-0.0034322	-0.0028927	-0.0023261	-0.0017371	-0.0011093	-0.0004518	+0.0002430	+0.0009512	+0.0016698	+0.0023789	+0.0030594	+0.0037106	+0.0043035	+0.0048483	+0.0053428	+0.0057971	+0.0062205	+0.0066114	+0.0069826	+0.0073196
2014-04	0.004	-0.0040021	-0.0036606	-0.0032944	-0.0029141	-0.0025064	-0.0020579	-0.0015802	-0.0010727	-0.0005289	+0.0000397	+0.0006193	+0.0011987	+0.0017580	+0.0022891	+0.0027874	+0.0032539	+0.0036823	+0.0040802	+0.0044463	+0.0047842	+0.0051003
2014-05	0.000	-0.0046284	-0.0043159	-0.0039808	-0.0036302	-0.0032548	-0.0028544	-0.0024257	-0.0019619	-0.0014734	-0.0009690	-0.0004604	+0.0000418	+0.0005265	+0.0009829	+0.0014036	+0.0017910	+0.0021477	+0.0024721	+0.0027770	+0.0030561	+0.0033190
2014-06	0.005	-0.0029323	-0.0027280	-0.0025164	-0.0022848	-0.0020398	-0.0017763	-0.0014939	-0.0011924	-0.0008712	-0.0005385	-0.0001980	+0.0001403	+0.0004671	+0.0007762	+0.0010625	+0.0013273	+0.0015713	+0.0017958	+0.0020059	+0.0022006	+0.0023781
2014-07	0.002	-0.0020397	-0.0018900	-0.0017374	-0.0015743	-0.0013998	-0.0012086	-0.0010041	-0.0007871	-0.0005562	-0.0003144	-0.0000638	+0.0001877	+0.0004311	+0.0006652	+0.0008844	+0.0010897	+0.0012791	+0.0014555	+0.0016203	+0.0017748	+0.0019214
2014-08	0.017	-0.0026556	-0.0024664	-0.0022617	-0.0020435	-0.0018088	-0.0015576	-0.0012927	-0.0010097	-0.0007125	-0.0004064	-0.0000967	+0.0002076	+0.0004978	+0.0007695	+0.0010198	+0.0012485	+0.0014600	+0.0016559	+0.0018351	+0.0020005	+0.0021554
2014-09	0.028	-0.0034308	-0.0030277	-0.0026147	-0.0021806	-0.0017241	-0.0012502	-0.0007527	-0.0002364	+0.0003003	+0.0008425	+0.0013736	+0.0018772	+0.0023499	+0.0027771	+0.0031595	+0.0034992	+0.0037983	+0.0040641	+0.0043036	+0.0045212	+0.0047217
2014-10	-0.004	-0.0040773	-0.0036472	-0.0031887	-0.0027172	-0.0022201	-0.0016946	-0.0011425	-0.0005605	+0.0000463	+0.0006659	+0.0012833	+0.0018755	+0.0024369	+0.0029590	+0.0034416	+0.0038751	+0.0042702	+0.0046301	+0.0049648	+0.0052747	+0.0055692
2014-11	0.083	-0.0053962	-0.0049562	-0.0045033	-0.0040119	-0.0034967	-0.0029482	-0.0023679	-0.0017474	-0.0010954	-0.0004176	+0.0002582	+0.0009217	+0.0015552	+0.0021454	+0.0026893	+0.0031850	+0.0036395	+0.0040414	+0.0044145	+0.0047646	+0.0050844
2014-12	0.011	-0.0060136	-0.0052442	-0.0043505	-0.0035751	-0.0027454	-0.0017372	-0.0007954	+0.0001164	+0.0011818	+0.0021753	+0.0030525	+0.0039739	+0.0048481	+0.0055113	+0.0060260	+0.0064581	+0.0068322	+0.0071720	+0.0074738	+0.0077532	+0.0080152
2015-01	-0.029	-0.0058497	-0.0053501	-0.0048235	-0.0042572	-0.0036624	-0.0030244	-0.0023489	-0.0016236	-0.0008654	-0.0000795	+0.0007128	+0.0014967	+0.0022489	+0.0029493	+0.0035976	+0.0041916	+0.0047348	+0.0052376	+0.0057010	+0.0061342	+0.0065203
2015-02	0.004	-0.0068539	-0.0064220	-0.0059501	-0.0054368	-0.0048909	-0.0042917	-0.0036483	-0.0029548	-0.0022047	-0.0014076	-0.0005758	+0.0002680	+0.0010959	+0.0018957	+0.0026607	+0.0033834	+0.0040629	+0.0046931	+0.0052907	+0.0058485	+0.0063822
