2012-11	-0.001	-0.0076595	-0.0070824	-0.0063874	-0.0056984	-0.0048747	-0.0039725	-0.0029723	-0.0018936	-0.0006800	+0.0005958	+0.0019747	+0.0033107	+0.0046852	+0.0059659	+0.0071732	+0.0083336	+0.0093860	+0.0100000	+0.0100000	+0.0100000	+0.0100000
2012-12	0.125	-0.0085537	-0.0080596	-0.0075020	-0.0068628	-0.0061754	-0.0054209	-0.0046000	-0.0037187	-0.0027879	-0.0018211	-0.0008253	+0.0001618	+0.0011196	+0.0020233	+0.0028674	+0.0036435	+0.0043758	+0.0050734	+0.0057457	+0.0064119	+0.0071509
2013-01	0.086	-0.0093314	-0.0089556	-0.0083778	-0.0074329	-0.0049575	-0.0025192	-0.0010940	+0.0005839	+0.0046746	+0.0067556	+0.0084340	+0.0100000	+0.0100000	+0.0100000	+0.0100000	+0.0100000	+0.0100000	+0.0100000	+0.0100000	+0.0100000	+0.0100000
2013-02	0.033	-0.0090976	-0.0086372	-0.0080012	-0.0071830	-0.0061686	-0.0049573	-0.0035954	-0.0020637	-0.0004189	+0.0013163	+0.0031054	+0.0049113	+0.0066574	+0.0083420	+0.0099634	+0.0100000	+0.0100000	+0.0100000	+0.0100000	+0.0100000	+0.0100000
2013-03	0.007	-0.0054960	-0.0050746	-0.0046220	-0.0041486	-0.0036431	-0.0031014	-0.0025264	-0.0019161	-0.0012817	-0.0006284	+0.0000274	+0.0006617	+0.0012649	+0.0018247	+0.0023387	+0.0028053	+0.0032262	+0.0036099	+0.0039661	+0.0042817	+0.0045748
2013-04	0.022	-0.0093357	-0.0089944	-0.0085289	-0.0079013	-0.0071157	-0.0061782	-0.0051013	-0.0038842	-0.0025282	-0.0010818	+0.0004438	+0.0020115	+0.0035804	+0.0051093	+0.0066027	+0.0080848	+0.0096108	+0.0100000	+0.0100000	+0.0100000	+0.0100000
2013-05	-0.001	-0.0095611	-0.0092987	-0.0089062	-0.0083305	-0.0075263	-0.0064554	-0.0050893	-0.0034780	-0.0016247	+0.0004208	+0.0026222	+0.0048986	+0.0072149	+0.0095932	+0.0100000	+0.0100000	+0.0100000	+0.0100000	+0.0100000	+0.0100000	+0.0100000
2013-06	-0.159	-0.0092905	-0.0089293	-0.0084395	-0.0077996	-0.0070285	-0.0061379	-0.0051298	-0.0040274	-0.0028352	-0.0016104	-0.0003612	+0.0008503	+0.0020111	+0.0031011	+0.0041122	+0.0050662	+0.0060129	+0.0070040	+0.0083682	+0.0100000	+0.0100000
2013-07	-0.012	-0.0098354	-0.0097301	-0.0095580	-0.0092798	-0.0088351	-0.0081405	-0.0070768	-0.0054879	-0.0031417	+0.0003063	+0.0059475	+0.0100000	+0.0100000	+0.0100000	+0.0100000	+0.0100000	+0.0100000	+0.0100000	+0.0100000	+0.0100000	+0.0100000
2013-08	-0.070	-0.0095739	-0.0093274	-0.0089747	-0.0084824	-0.0078287	-0.0070026	-0.0060107	-0.0048583	-0.0035771	-0.0021865	-0.0007198	+0.0007731	+0.0022718	+0.0037716	+0.0052822	+0.0069102	+0.0088991	+0.0100000	+0.0100000	+0.0100000	+0.0100000
2013-09	0.093	-0.0098291	-0.0097241	-0.0095497	-0.0092746	-0.0088477	-0.0082251	-0.0073349	-0.0061158	-0.0045368	-0.0025694	-0.0001985	+0.0026847	+0.0065398	+0.0100000	+0.0100000	+0.0100000	+0.0100000	+0.0100000	+0.0100000	+0.0100000	+0.0100000
2013-10	0.045	-0.0093678	-0.0090011	-0.0084542	-0.0076649	-0.0065800	-0.0051558	-0.0034295	-0.0014233	+0.0008175	+0.0032356	+0.0057080	+0.0081567	+0.0100000	+0.0100000	+0.0100000	+0.0100000	+0.0100000	+0.0100000	+0.0100000	+0.0100000	+0.0100000
2013-11	-0.077	-0.0077071	-0.0070861	-0.0064028	-0.0056514	-0.0048391	-0.0039554	-0.0030088	-0.0019817	-0.0008985	+0.0002317	+0.0013986	+0.0025664	+0.0037070	+0.0047914	+0.0058258	+0.0067880	+0.0076921	+0.0085619	+0.0093938	+0.0100000	+0.0100000
2013-12	-0.006	-0.0098168	-0.0097052	-0.0095270	-0.0092578	-0.0088671	-0.0083122	-0.0075586	-0.0065922	-0.0054098	-0.0040157	-0.0024180	-0.0006493	+0.0013096	+0.0035797	+0.0066926	+0.0100000	+0.0100000	+0.0100000	+0.0100000	+0.0100000	+0.0100000
2014-01	-0.102	-0.0091446	-0.0087340	-0.0081684	-0.0074649	-0.0066204	-0.0056309	-0.0045109	-0.0032814	-0.0019682	-0.0005775	+0.0008572	+0.0022814	+0.0036846	+0.0050181	+0.0062841	+0.0074902	+0.0087173	+0.0100000	+0.0100000	+0.0100000	+0.0100000
2014-02	0.010	-0.0098648	-0.0097793	-0.0096426	-0.0094195	-0.0090744	-0.0085392	-0.0077426	-0.0066074	-0.0050556	-0.0030702	-0.0004945	+0.0030117	+0.0088205	+0.0100000	+0.0100000	+0.0100000	+0.0100000	+0.0100000	+0.0100000	+0.0100000	+0.0100000
2014-03	0.058	-0.0072013	-0.0065186	-0.0057756	-0.0049661	-0.0040866	-0.0031381	-0.0020944	-0.0009749	+0.0002256	+0.0014855	+0.0027851	+0.0040815	+0.0053463	+0.0065493	+0.0076876	+0.0087456	+0.0097334	+0.0100000	+0.0100000	+0.0100000	+0.0100000
2014-04	0.019	-0.0088534	-0.0083064	-0.0075751	-0.0066703	-0.0055876	-0.0043309	-0.0029049	-0.0013705	+0.0002620	+0.0019552	+0.0036752	+0.0053808	+0.0070161	+0.0085557	+0.0100000	+0.0100000	+0.0100000	+0.0100000	+0.0100000	+0.0100000	+0.0100000
2014-05	0.020	-0.0057456	-0.0053056	-0.0048306	-0.0043298	-0.0038013	-0.0032334	-0.0026160	-0.0019554	-0.0012526	-0.0005183	+0.0002381	+0.0009898	+0.0017229	+0.0024197	+0.0030670	+0.0036706	+0.0042322	+0.0047505	+0.0052327	+0.0056838	+0.0061048
2014-06	0.023	-0.0070893	-0.0065763	-0.0059977	-0.0053780	-0.0046984	-0.0039510	-0.0031341	-0.0022360	-0.0012608	-0.0002212	+0.0008714	+0.0019787	+0.0030757	+0.0041295	+0.0051403	+0.0060838	+0.0069841	+0.0078342	+0.0086281	+0.0093973	+0.0100000
2014-07	0.023	-0.0077975	-0.0071198	-0.0063408	-0.0054660	-0.0044860	-0.0034274	-0.0022862	-0.0010734	+0.0001947	+0.0014987	+0.0028134	+0.0040998	+0.0053222	+0.0064890	+0.0075699	+0.0085754	+0.0095178	+0.0100000	+0.0100000	+0.0100000	+0.0100000
2014-08	0.034	-0.0073314	-0.0067708	-0.0061568	-0.0054847	-0.0047513	-0.0039481	-0.0030798	-0.0021483	-0.0011434	-0.0000750	+0.0010326	+0.0021651	+0.0032783	+0.0043560	+0.0053790	+0.0063310	+0.0072352	+0.0080934	+0.0089009	+0.0096660	+0.0100000
2014-09	-0.092	-0.0079749	-0.0072722	-0.0064542	-0.0055359	-0.0045309	-0.0034315	-0.0022507	-0.0009982	+0.0003127	+0.0016551	+0.0030022	+0.0043161	+0.0055490	+0.0066928	+0.0077386	+0.0086922	+0.0095860	+0.0100000	+0.0100000	+0.0100000	+0.0100000
2014-10	-0.015	-0.0098848	-0.0098119	-0.0096932	-0.0095037	-0.0092081	-0.0087538	-0.0080877	-0.0071501	-0.0058876	-0.0042564	-0.0021651	+0.0005947	+0.0050185	+0.0100000	+0.0100000	+0.0100000	+0.0100000	+0.0100000	+0.0100000	+0.0100000	+0.0100000
2014-11	0.065	-0.0096489	-0.0094385	-0.0091137	-0.0086207	-0.0079088	-0.0069410	-0.0056693	-0.0041076	-0.0022777	-0.0002069	+0.0020102	+0.0043386	+0.0067399	+0.0093005	+0.0100000	+0.0100000	+0.0100000	+0.0100000	+0.0100000	+0.0100000	+0.0100000
2014-12	-0.072	-0.0091064	-0.0086523	-0.0080437	-0.0072640	-0.0063176	-0.0051889	-0.0039011	-0.0024613	-0.0008730	+0.0008111	+0.0025736	+0.0043684	+0.0061573	+0.0079128	+0.0096009	+0.0100000	+0.0100000	+0.0100000	+0.0100000	+0.0100000	+0.0100000
2015-01	0.006	-0.0097754	-0.0096385	-0.0094232	-0.0090966	-0.0086155	-0.0079288	-0.0070135	-0.0058402	-0.0044290	-0.0027796	-0.0009498	+0.0010614	+0.0032631	+0.0058044	+0.0093316	+0.0100000	+0.0100000	+0.0100000	+0.0100000	+0.0100000	+0.0100000
2015-02	-0.026	-0.0080505	-0.0074293	-0.0067146	-0.0059150	-0.0050199	-0.0040312	-0.0029403	-0.0017624	-0.0004758	+0.0008743	+0.0022749	+0.0036754	+0.0050458	+0.0063691	+0.0076079	+0.0087653	+0.0098518	+0.0100000	+0.0100000	+0.0100000	+0.0100000
