2011-02	-0.009	-0.0058819	-0.0053929	-0.0048758	-0.0043221	-0.0037303	-0.0030938	-0.0024001	-0.0016682	-0.0008907	-0.0000863	+0.0007386	+0.0015612	+0.0023601	+0.0031250	+0.0038405	+0.0045144	+0.0051455	+0.0057284	+0.0062657	+0.0067629	+0.0072499
2011-03	0.001	-0.0073429	-0.0068614	-0.0063562	-0.0058208	-0.0052396	-0.0046099	-0.0039367	-0.0032114	-0.0024451	-0.0016467	-0.0008300	-0.0000267	+0.0007526	+0.0014928	+0.0021868	+0.0028228	+0.0034166	+0.0039559	+0.0044726	+0.0049437	+0.0053928
2011-04	0.013	-0.0087009	-0.0082285	-0.0076565	-0.0070029	-0.0062598	-0.0054414	-0.0045340	-0.0035582	-0.0025121	-0.0014023	-0.0002640	+0.0008789	+0.0020009	+0.0030824	+0.0041104	+0.0050914	+0.0060219	+0.0069268	+0.0078422	+0.0088137	+0.0100000
2011-05	-0.011	-0.0052885	-0.0048892	-0.0044688	-0.0040066	-0.0035097	-0.0029699	-0.0023853	-0.0017513	-0.0010704	-0.0003602	+0.0003727	+0.0011181	+0.0018498	+0.0025485	+0.0032119	+0.0038347	+0.0044149	+0.0049579	+0.0054692	+0.0059604	+0.0064315
2011-06	-0.030	-0.0053671	-0.0049505	-0.0045057	-0.0040291	-0.0035132	-0.0029651	-0.0023714	-0.0017365	-0.0010592	-0.0003558	+0.0003630	+0.0010734	+0.0017638	+0.0024125	+0.0030170	+0.0035735	+0.0040877	+0.0045603	+0.0049971	+0.0053954	+0.0057842
2011-07	-0.028	-0.0085954	-0.0082430	-0.0078458	-0.0073978	-0.0069016	-0.0063390	-0.0056953	-0.0049531	-0.0041098	-0.0031591	-0.0021349	-0.0010565	+0.0000522	+0.0011698	+0.0022577	+0.0033078	+0.0043231	+0.0052859	+0.0062336	+0.0071489	+0.0080512
2011-08	-0.149	-0.0096738	-0.0094877	-0.0092129	-0.0088252	-0.0082944	-0.0076289	-0.0068070	-0.0058491	-0.0047743	-0.0035979	-0.0023499	-0.0010696	+0.0002185	+0.0015084	+0.0028192	+0.0042570	+0.0061618	+0.0100000	+0.0100000	+0.0100000	+0.0100000
2011-09	-0.043	-0.0098108	-0.0096912	-0.0094933	-0.0091816	-0.0086878	-0.0079228	-0.0067596	-0.0050586	-0.0026026	+0.0008918	+0.0062233	+0.0100000	+0.0100000	+0.0100000	+0.0100000	+0.0100000	+0.0100000	+0.0100000	+0.0100000	+0.0100000	+0.0100000
2011-10	0.070	-0.0098177	-0.0097052	-0.0095263	-0.0092396	-0.0088024	-0.0081393	-0.0071979	-0.0058997	-0.0042089	-0.0021075	+0.0004284	+0.0035449	+0.0079552	+0.0100000	+0.0100000	+0.0100000	+0.0100000	+0.0100000	+0.0100000	+0.0100000	+0.0100000
2011-11	-0.091	-0.0089723	-0.0084285	-0.0076781	-0.0066930	-0.0054585	-0.0039888	-0.0022947	-0.0004201	+0.0015992	+0.0037215	+0.0058637	+0.0079637	+0.0099750	+0.0100000	+0.0100000	+0.0100000	+0.0100000	+0.0100000	+0.0100000	+0.0100000	+0.0100000
2011-12	0.014	-0.0097627	-0.0096215	-0.0094036	-0.0090634	-0.0085638	-0.0078653	-0.0069409	-0.0057654	-0.0043501	-0.0027261	-0.0009131	+0.0010886	+0.0032682	+0.0057419	+0.0089802	+0.0100000	+0.0100000	+0.0100000	+0.0100000	+0.0100000	+0.0100000
2012-01	0.076	-0.0076404	-0.0071455	-0.0066141	-0.0060360	-0.0054100	-0.0047312	-0.0039931	-0.0031983	-0.0023458	-0.0014477	-0.0005210	+0.0003999	+0.0012990	+0.0021522	+0.0029583	+0.0037080	+0.0043993	+0.0050485	+0.0056472	+0.0062174	+0.0067578
2012-02	0.092	-0.0079331	-0.0072013	-0.0063465	-0.0053894	-0.0043470	-0.0032141	-0.0020139	-0.0007666	+0.0005242	+0.0018210	+0.0031027	+0.0043106	+0.0054162	+0.0064043	+0.0072750	+0.0080392	+0.0087156	+0.0093280	+0.0098946	+0.0100000	+0.0100000
2012-03	0.004	-0.0085531	-0.0080016	-0.0073360	-0.0064994	-0.0052541	-0.0037999	-0.0025234	-0.0010807	+0.0006894	+0.0022000	+0.0036551	+0.0052550	+0.0065825	+0.0076199	+0.0084980	+0.0092885	+0.0100000	+0.0100000	+0.0100000	+0.0100000	+0.0100000
2012-04	0.004	-0.0077924	-0.0072524	-0.0066520	-0.0060093	-0.0053122	-0.0045562	-0.0037437	-0.0028646	-0.0019264	-0.0009509	+0.0000561	+0.0010613	+0.0020423	+0.0029728	+0.0038392	+0.0046642	+0.0054276	+0.0061410	+0.0068088	+0.0074551	+0.0080712
2012-05	-0.073	-0.0084213	-0.0079447	-0.0073915	-0.0067768	-0.0060944	-0.0053438	-0.0045333	-0.0036517	-0.0026966	-0.0016999	-0.0006751	+0.0003463	+0.0013413	+0.0022750	+0.0031558	+0.0039778	+0.0047312	+0.0054296	+0.0061081	+0.0067738	+0.0074657
2012-06	-0.014	-0.0098492	-0.0097563	-0.0096061	-0.0093794	-0.0090400	-0.0085524	-0.0078828	-0.0070089	-0.0059243	-0.0046260	-0.0031159	-0.0014044	+0.0005468	+0.0029371	+0.0070312	+0.0100000	+0.0100000	+0.0100000	+0.0100000	+0.0100000	+0.0100000
2012-07	0.051	-0.0083109	-0.0077620	-0.0071510	-0.0064621	-0.0057046	-0.0048776	-0.0039716	-0.0030009	-0.0019585	-0.0008804	+0.0002189	+0.0013159	+0.0023897	+0.0034147	+0.0043816	+0.0052728	+0.0061119	+0.0069042	+0.0076726	+0.0084134	+0.0091891
2012-08	0.011	-0.0082317	-0.0076717	-0.0070380	-0.0063296	-0.0055567	-0.0046871	-0.0037618	-0.0027578	-0.0016875	-0.0005693	+0.0005776	+0.0017199	+0.0028232	+0.0038714	+0.0048557	+0.0057794	+0.0066414	+0.0074519	+0.0082246	+0.0090071	+0.0097966
2012-09	0.043	-0.0045181	-0.0040956	-0.0036454	-0.0031852	-0.0026856	-0.0021511	-0.0015846	-0.0009841	-0.0003589	+0.0002877	+0.0009477	+0.0016048	+0.0022403	+0.0028433	+0.0034146	+0.0039538	+0.0044529	+0.0049303	+0.0053658	+0.0057999	+0.0062120
2012-10	0.016	-0.0061959	-0.0055959	-0.0049586	-0.0042996	-0.0035916	-0.0028492	-0.0020566	-0.0012156	-0.0003397	+0.0005758	+0.0015101	+0.0024416	+0.0033353	+0.0041870	+0.0049903	+0.0057367	+0.0064276	+0.0070722	+0.0076710	+0.0082385	+0.0087666
2012-11	0.012	-0.0039106	-0.0036025	-0.0032724	-0.0029106	-0.0025290	-0.0021139	-0.0016714	-0.0011950	-0.0006918	-0.0001696	+0.0003592	+0.0008836	+0.0013913	+0.0018725	+0.0023197	+0.0027360	+0.0031209	+0.0034703	+0.0037920	+0.0040840	+0.0043622
2012-12	0.025	-0.0046606	-0.0043268	-0.0039664	-0.0035759	-0.0031571	-0.0027064	-0.0022140	-0.0016851	-0.0011139	-0.0005110	+0.0001091	+0.0007316	+0.0013419	+0.0019265	+0.0024773	+0.0029933	+0.0034756	+0.0039183	+0.0043330	+0.0047305	+0.0050913
2013-01	0.046	-0.0037129	-0.0032890	-0.0028465	-0.0023729	-0.0018805	-0.0013722	-0.0008379	-0.0002800	+0.0002939	+0.0008788	+0.0014583	+0.0020204	+0.0025482	+0.0030340	+0.0034785	+0.0038812	+0.0042479	+0.0045802	+0.0048902	+0.0051784	+0.0054421
2013-02	0.034	-0.0041518	-0.0036804	-0.0031840	-0.0026676	-0.0021352	-0.0015693	-0.0009834	-0.0003807	+0.0002430	+0.0008686	+0.0014743	+0.0020537	+0.0025864	+0.0030650	+0.0034857	+0.0038578	+0.0041914	+0.0044955	+0.0047676	+0.0050226	+0.0052437
2013-03	0.013	-0.0056347	-0.0050801	-0.0045025	-0.0038920	-0.0032552	-0.0025857	-0.0018871	-0.0011513	-0.0003931	+0.0003809	+0.0011515	+0.0019004	+0.0026019	+0.0032540	+0.0038519	+0.0043895	+0.0048721	+0.0053062	+0.0057076	+0.0060720	+0.0064079
2013-04	0.004	-0.0025521	-0.0023560	-0.0021475	-0.0019210	-0.0016757	-0.0014110	-0.0011176	-0.0007937	-0.0004422	-0.0000640	+0.0003362	+0.0007459	+0.0011502	+0.0015424	+0.0019196	+0.0022727	+0.0026077	+0.0029251	+0.0032287	+0.0035288	+0.0038036
2013-05	0.034	-0.0078846	-0.0073363	-0.0067309	-0.0060696	-0.0053567	-0.0045710	-0.0037350	-0.0028245	-0.0018489	-0.0008227	+0.0002283	+0.0012750	+0.0022931	+0.0032623	+0.0041545	+0.0049966	+0.0057870	+0.0065176	+0.0072211	+0.0079047	+0.0085692
2013-06	-0.027	-0.0054579	-0.0048699	-0.0042600	-0.0035985	-0.0029094	-0.0021835	-0.0014235	-0.0006287	+0.0001971	+0.0010353	+0.0018548	+0.0026435	+0.0033775	+0.0040509	+0.0046560	+0.0051932	+0.0056616	+0.0060722	+0.0064381	+0.0067664	+0.0070488
2013-07	0.055	-0.0089981	-0.0085937	-0.0081056	-0.0075165	-0.0068405	-0.0060929	-0.0052456	-0.0043206	-0.0033155	-0.0022399	-0.0011102	+0.0000449	+0.0011800	+0.0022904	+0.0033507	+0.0043785	+0.0053707	+0.0063439	+0.0073451	+0.0084690	+0.0100000
2013-08	0.005	-0.0060850	-0.0053891	-0.0045441	-0.0037437	-0.0029540	-0.0020000	-0.0010750	-0.0001903	+0.0008294	+0.0017713	+0.0026147	+0.0034996	+0.0043118	+0.0049376	+0.0054240	+0.0058266	+0.0061809	+0.0065023	+0.0067883	+0.0070467	+0.0072903
2013-09	0.030	-0.0053295	-0.0049447	-0.0045349	-0.0041126	-0.0036528	-0.0031593	-0.0026347	-0.0020747	-0.0014861	-0.0008731	-0.0002515	+0.0003679	+0.0009700	+0.0015377	+0.0020630	+0.0025530	+0.0030029	+0.0034203	+0.0038098	+0.0041669	+0.0044903
2013-10	0.041	-0.0062119	-0.0055631	-0.0048594	-0.0041703	-0.0034275	-0.0026352	-0.0018443	-0.0010244	-0.0001702	+0.0006605	+0.0014612	+0.0022456	+0.0029566	+0.0035499	+0.0040563	+0.0044957	+0.0048916	+0.0052490	+0.0055743	+0.0058772	+0.0061613
2013-11	0.012	-0.0055188	-0.0048878	-0.0042427	-0.0035902	-0.0028964	-0.0021481	-0.0013665	-0.0005649	+0.0002604	+0.0010957	+0.0019161	+0.0026923	+0.0034116	+0.0040631	+0.0046513	+0.0051769	+0.0056561	+0.0061003	+0.0065056	+0.0068842	+0.0072251
2013-12	0.019	-0.0026617	-0.0024189	-0.0021625	-0.0018871	-0.0015920	-0.0012777	-0.0009389	-0.0005785	-0.0001963	+0.0002027	+0.0006091	+0.0010162	+0.0014086	+0.0017786	+0.0021222	+0.0024402	+0.0027350	+0.0030047	+0.0032514	+0.0034819	+0.0036927
2014-01	0.006	-0.0037666	-0.0034213	-0.0030578	-0.0026665	-0.0022418	-0.0017818	-0.0012850	-0.0007508	-0.0001832	+0.0004149	+0.0010293	+0.0016453	+0.0022457	+0.0028179	+0.0033505	+0.0038485	+0.0043100	+0.0047399	+0.0051388	+0.0055231	+0.0058814
2014-02	0.049	-0.0066867	-0.0061872	-0.0056571	-0.0050984	-0.0045015	-0.0038762	-0.0032202	-0.0025408	-0.0018271	-0.0010977	-0.0003757	+0.0003174	+0.0009661	+0.0015578	+0.0020814	+0.0025412	+0.0029569	+0.0033363	+0.0036688	+0.0039683	+0.0042466
2014-03	-0.005	-0.0066860	-0.0058881	-0.0050208	-0.0040960	-0.0031159	-0.0020641	-0.0009734	+0.0001307	+0.0012840	+0.0024327	+0.0035208	+0.0045564	+0.0055192	+0.0063523	+0.0070316	+0.0075969	+0.0080826	+0.0085076	+0.0088857	+0.0092346	+0.0095708
2014-04	-0.015	-0.0056912	-0.0052655	-0.0048110	-0.0043241	-0.0037932	-0.0032280	-0.0026165	-0.0019577	-0.0012537	-0.0005103	+0.0002512	+0.0010143	+0.0017529	+0.0024523	+0.0031043	+0.0037104	+0.0042693	+0.0047849	+0.0052681	+0.0057112	+0.0061207
2014-05	0.011	-0.0087773	-0.0083500	-0.0078238	-0.0072319	-0.0065711	-0.0058391	-0.0050533	-0.0041930	-0.0032756	-0.0023187	-0.0013434	-0.0003732	+0.0005636	+0.0014580	+0.0022819	+0.0030630	+0.0037955	+0.0044970	+0.0051931	+0.0059077	+0.0067502
2014-06	-0.008	-0.0050784	-0.0046239	-0.0041534	-0.0036432	-0.0031044	-0.0025363	-0.0019429	-0.0013076	-0.0006436	+0.0000289	+0.0006989	+0.0013494	+0.0019590	+0.0025205	+0.0030302	+0.0034815	+0.0038920	+0.0042569	+0.0045781	+0.0048630	+0.0051110
2014-07	-0.014	-0.0051440	-0.0048123	-0.0044547	-0.0040779	-0.0036812	-0.0032509	-0.0027902	-0.0022999	-0.0017795	-0.0012386	-0.0006865	-0.0001366	+0.0003881	+0.0008828	+0.0013431	+0.0017624	+0.0021448	+0.0024944	+0.0028141	+0.0031110	+0.0033858
2014-08	0.004	-0.0055023	-0.0051647	-0.0047987	-0.0044098	-0.0040015	-0.0035623	-0.0030931	-0.0025951	-0.0020662	-0.0015148	-0.0009585	-0.0004087	+0.0001199	+0.0006210	+0.0010844	+0.0015130	+0.0019062	+0.0022687	+0.0026090	+0.0029264	+0.0032202
2014-09	-0.014	-0.0036982	-0.0033452	-0.0029739	-0.0025716	-0.0021525	-0.0016971	-0.0012082	-0.0006910	-0.0001466	+0.0004197	+0.0009928	+0.0015561	+0.0020955	+0.0026042	+0.0030737	+0.0035015	+0.0038964	+0.0042511	+0.0045810	+0.0049003	+0.0051889
2014-10	-0.021	-0.0044059	-0.0041372	-0.0038418	-0.0035244	-0.0031888	-0.0028297	-0.0024433	-0.0020268	-0.0015796	-0.0011062	-0.0006133	-0.0001203	+0.0003676	+0.0008365	+0.0012774	+0.0016893	+0.0020716	+0.0024345	+0.0027724	+0.0030891	+0.0033863
2014-11	0.048	-0.0082048	-0.0077018	-0.0071492	-0.0065511	-0.0058924	-0.0051871	-0.0044135	-0.0035717	-0.0026679	-0.0017157	-0.0007373	+0.0002469	+0.0011997	+0.0021069	+0.0029702	+0.0037734	+0.0045165	+0.0052207	+0.0058715	+0.0064802	+0.0070968
2014-12	0.007	-0.0052734	-0.0046334	-0.0039497	-0.0032436	-0.0024842	-0.0016965	-0.0008792	-0.0000277	+0.0008464	+0.0017127	+0.0025700	+0.0033843	+0.0041350	+0.0048059	+0.0054041	+0.0059435	+0.0064284	+0.0068665	+0.0072716	+0.0076472	+0.0080060
2015-01	0.016	-0.0058856	-0.0053817	-0.0048618	-0.0043030	-0.0037132	-0.0030805	-0.0024100	-0.0016889	-0.0009257	-0.0001311	+0.0006759	+0.0014706	+0.0022425	+0.0029692	+0.0036538	+0.0042827	+0.0048604	+0.0053846	+0.0058756	+0.0063337	+0.0067784
2015-02	0.015	-0.0041590	-0.0037810	-0.0033790	-0.0029492	-0.0024984	-0.0020149	-0.0014918	-0.0009320	-0.0003415	+0.0002755	+0.0009056	+0.0015290	+0.0021300	+0.0026938	+0.0032165	+0.0036983	+0.0041428	+0.0045458	+0.0049251	+0.0052681	+0.0055804
