2011-02	-0.012	-0.0098024	-0.0096823	-0.0095030	-0.0092138	-0.0088012	-0.0082182	-0.0074554	-0.0065004	-0.0053434	-0.0040256	-0.0025654	-0.0009697	+0.0007499	+0.0026741	+0.0051158	+0.0100000	+0.0100000	+0.0100000	+0.0100000	+0.0100000	+0.0100000
2011-03	0.053	-0.0082456	-0.0076977	-0.0070753	-0.0063916	-0.0056205	-0.0047771	-0.0038624	-0.0028704	-0.0018028	-0.0006718	+0.0004932	+0.0016697	+0.0028330	+0.0039546	+0.0050232	+0.0060308	+0.0069950	+0.0079223	+0.0087858	+0.0096792	+0.0100000
2011-04	-0.005	-0.0079358	-0.0073027	-0.0065842	-0.0057990	-0.0049351	-0.0039913	-0.0029914	-0.0019284	-0.0008139	+0.0003338	+0.0014987	+0.0026410	+0.0037393	+0.0047623	+0.0057072	+0.0065642	+0.0073576	+0.0080894	+0.0087828	+0.0094446	+0.0100000
2011-05	-0.087	-0.0083867	-0.0079337	-0.0074161	-0.0068490	-0.0062292	-0.0055442	-0.0048008	-0.0039900	-0.0031295	-0.0022159	-0.0012752	-0.0003296	+0.0005901	+0.0014731	+0.0022993	+0.0030725	+0.0037963	+0.0044823	+0.0051290	+0.0057565	+0.0063887
2011-06	0.021	-0.0096920	-0.0095137	-0.0092401	-0.0088537	-0.0083179	-0.0076052	-0.0067033	-0.0056162	-0.0043361	-0.0028979	-0.0013003	+0.0004005	+0.0021646	+0.0040115	+0.0060165	+0.0084063	+0.0100000	+0.0100000	+0.0100000	+0.0100000	+0.0100000
2011-07	-0.024	-0.0077820	-0.0072483	-0.0066729	-0.0060456	-0.0053578	-0.0046118	-0.0038221	-0.0029747	-0.0020753	-0.0011224	-0.0001505	+0.0008183	+0.0017562	+0.0026459	+0.0034769	+0.0042587	+0.0049859	+0.0056540	+0.0062915	+0.0069018	+0.0075154
2011-08	-0.070	-0.0093388	-0.0090156	-0.0086066	-0.0080827	-0.0074554	-0.0067251	-0.0058955	-0.0049747	-0.0039745	-0.0028990	-0.0017884	-0.0006685	+0.0004300	+0.0014924	+0.0025127	+0.0034949	+0.0044764	+0.0054905	+0.0067237	+0.0097807	+0.0100000
2011-09	-0.115	-0.0098049	-0.0096826	-0.0094862	-0.0091828	-0.0087295	-0.0080679	-0.0071515	-0.0059640	-0.0044914	-0.0027530	-0.0007738	+0.0014707	+0.0040489	+0.0076984	+0.0100000	+0.0100000	+0.0100000	+0.0100000	+0.0100000	+0.0100000	+0.0100000
2011-10	0.072	-0.0098648	-0.0097794	-0.0096414	-0.0094214	-0.0090636	-0.0085145	-0.0076660	-0.0064086	-0.0045985	-0.0020153	+0.0019060	+0.0100000	+0.0100000	+0.0100000	+0.0100000	+0.0100000	+0.0100000	+0.0100000	+0.0100000	+0.0100000	+0.0100000
2011-11	-0.052	-0.0083577	-0.0077173	-0.0069139	-0.0059795	-0.0049018	-0.0036915	-0.0023522	-0.0008845	+0.0007055	+0.0023805	+0.0041168	+0.0058753	+0.0075859	+0.0092233	+0.0100000	+0.0100000	+0.0100000	+0.0100000	+0.0100000	+0.0100000	+0.0100000
2011-12	-0.091	-0.0098141	-0.0096994	-0.0095148	-0.0092403	-0.0088329	-0.0082630	-0.0074982	-0.0065265	-0.0053232	-0.0039101	-0.0023026	-0.0005216	+0.0014470	+0.0037008	+0.0066638	+0.0100000	+0.0100000	+0.0100000	+0.0100000	+0.0100000	+0.0100000
2012-01	0.028	-0.0098503	-0.0097566	-0.0096127	-0.0093913	-0.0090495	-0.0085720	-0.0079146	-0.0070467	-0.0059821	-0.0047107	-0.0032592	-0.0016244	+0.0002267	+0.0024702	+0.0062539	+0.0100000	+0.0100000	+0.0100000	+0.0100000	+0.0100000	+0.0100000
2012-02	0.138	-0.0091980	-0.0087885	-0.0082263	-0.0074874	-0.0065541	-0.0054240	-0.0041108	-0.0026572	-0.0010627	+0.0006417	+0.0024188	+0.0042108	+0.0059660	+0.0076660	+0.0093189	+0.0100000	+0.0100000	+0.0100000	+0.0100000	+0.0100000	+0.0100000
2012-03	-0.050	-0.0090816	-0.0085932	-0.0078768	-0.0068392	-0.0051055	-0.0029026	-0.0011129	+0.0008693	+0.0038551	+0.0062950	+0.0082996	+0.0100000	+0.0100000	+0.0100000	+0.0100000	+0.0100000	+0.0100000	+0.0100000	+0.0100000	+0.0100000	+0.0100000
2012-04	0.034	-0.0097190	-0.0095564	-0.0093039	-0.0089345	-0.0084139	-0.0077256	-0.0068555	-0.0058174	-0.0046240	-0.0032972	-0.0018704	-0.0003914	+0.0011268	+0.0026931	+0.0043886	+0.0065706	+0.0100000	+0.0100000	+0.0100000	+0.0100000	+0.0100000
2012-05	-0.049	-0.0050920	-0.0045981	-0.0040743	-0.0035196	-0.0029224	-0.0022747	-0.0015697	-0.0008128	-0.0000037	+0.0008528	+0.0017370	+0.0026243	+0.0034921	+0.0043262	+0.0051103	+0.0058405	+0.0065151	+0.0071377	+0.0077298	+0.0082792	+0.0088038
2012-06	-0.042	-0.0093994	-0.0091029	-0.0086898	-0.0081589	-0.0075250	-0.0067747	-0.0059179	-0.0049502	-0.0038736	-0.0027293	-0.0015331	-0.0003258	+0.0008726	+0.0020409	+0.0031637	+0.0042530	+0.0053522	+0.0065530	+0.0082266	+0.0100000	+0.0100000
2012-07	-0.033	-0.0089942	-0.0085788	-0.0080540	-0.0074484	-0.0067516	-0.0059763	-0.0051243	-0.0042116	-0.0032203	-0.0022002	-0.0011677	-0.0001522	+0.0008295	+0.0017580	+0.0026287	+0.0034509	+0.0042291	+0.0049962	+0.0057956	+0.0067377	+0.0086405
2012-08	-0.037	-0.0096336	-0.0094322	-0.0091436	-0.0087510	-0.0082417	-0.0076065	-0.0068464	-0.0059652	-0.0049700	-0.0038704	-0.0027049	-0.0014769	-0.0002094	+0.0010651	+0.0023497	+0.0036956	+0.0052173	+0.0074089	+0.0100000	+0.0100000	+0.0100000
2012-09	0.017	-0.0084774	-0.0080799	-0.0076135	-0.0070971	-0.0065273	-0.0059134	-0.0052458	-0.0045115	-0.0037346	-0.0029020	-0.0020305	-0.0011479	-0.0002808	+0.0005595	+0.0013597	+0.0021099	+0.0028102	+0.0034723	+0.0041112	+0.0047323	+0.0053382
2012-10	0.040	-0.0075269	-0.0070694	-0.0065754	-0.0060073	-0.0053731	-0.0046745	-0.0038830	-0.0030052	-0.0020136	-0.0009376	+0.0002013	+0.0013767	+0.0025625	+0.0037306	+0.0048623	+0.0059422	+0.0069694	+0.0079207	+0.0088362	+0.0097191	+0.0100000
2012-11	-0.007	-0.0055616	-0.0050887	-0.0045830	-0.0040465	-0.0034735	-0.0028549	-0.0022014	-0.0015116	-0.0007819	-0.0000254	+0.0007361	+0.0014901	+0.0022238	+0.0029090	+0.0035489	+0.0041429	+0.0046870	+0.0051950	+0.0056559	+0.0060787	+0.0064874
2012-12	0.152	-0.0088734	-0.0084706	-0.0079780	-0.0073843	-0.0067308	-0.0060008	-0.0051868	-0.0042982	-0.0033202	-0.0022922	-0.0012204	-0.0001414	+0.0009166	+0.0019354	+0.0029064	+0.0038218	+0.0047032	+0.0055386	+0.0063819	+0.0072753	+0.0083171
2013-01	0.114	-0.0085336	-0.0078174	-0.0068662	-0.0056098	-0.0039062	-0.0018601	+0.0001395	+0.0023270	+0.0048793	+0.0073290	+0.0095690	+0.0100000	+0.0100000	+0.0100000	+0.0100000	+0.0100000	+0.0100000	+0.0100000	+0.0100000	+0.0100000	+0.0100000
2013-02	-0.019	-0.0090885	-0.0085987	-0.0078991	-0.0069336	-0.0057498	-0.0043143	-0.0026953	-0.0009053	+0.0009880	+0.0029189	+0.0048287	+0.0066611	+0.0083745	+0.0099222	+0.0100000	+0.0100000	+0.0100000	+0.0100000	+0.0100000	+0.0100000	+0.0100000
2013-03	-0.008	-0.0095318	-0.0092742	-0.0089203	-0.0084578	-0.0078627	-0.0071545	-0.0063308	-0.0053912	-0.0043617	-0.0032524	-0.0020884	-0.0009110	+0.0002608	+0.0014015	+0.0025184	+0.0036496	+0.0048489	+0.0063105	+0.0100000	+0.0100000	+0.0100000
2013-04	0.054	-0.0096400	-0.0094296	-0.0091266	-0.0087005	-0.0081287	-0.0074001	-0.0065278	-0.0055027	-0.0043484	-0.0030849	-0.0017437	-0.0003552	+0.0010538	+0.0024545	+0.0038728	+0.0053766	+0.0072164	+0.0100000	+0.0100000	+0.0100000	+0.0100000
2013-05	0.086	-0.0091663	-0.0087397	-0.0081144	-0.0072965	-0.0062570	-0.0050142	-0.0035639	-0.0019360	-0.0001751	+0.0017089	+0.0036454	+0.0055791	+0.0074714	+0.0092948	+0.0100000	+0.0100000	+0.0100000	+0.0100000	+0.0100000	+0.0100000	+0.0100000
2013-06	-0.171	-0.0091555	-0.0086906	-0.0080317	-0.0071186	-0.0059410	-0.0044951	-0.0028269	-0.0009345	+0.0011123	+0.0032810	+0.0054685	+0.0076309	+0.0097274	+0.0100000	+0.0100000	+0.0100000	+0.0100000	+0.0100000	+0.0100000	+0.0100000	+0.0100000
2013-07	0.024	-0.0098287	-0.0097174	-0.0095355	-0.0092412	-0.0087639	-0.0080189	-0.0068756	-0.0051153	-0.0024569	+0.0017115	+0.0095517	+0.0100000	+0.0100000	+0.0100000	+0.0100000	+0.0100000	+0.0100000	+0.0100000	+0.0100000	+0.0100000	+0.0100000
2013-08	0.019	-0.0090535	-0.0086401	-0.0081164	-0.0074791	-0.0067293	-0.0058873	-0.0049528	-0.0039198	-0.0027987	-0.0016133	-0.0003919	+0.0008389	+0.0020411	+0.0032005	+0.0042986	+0.0053527	+0.0063819	+0.0074015	+0.0085106	+0.0098989	+0.0100000
2013-09	0.062	-0.0085003	-0.0080361	-0.0075179	-0.0069313	-0.0062658	-0.0055193	-0.0046940	-0.0037905	-0.0027983	-0.0017338	-0.0006102	+0.0005478	+0.0017049	+0.0028350	+0.0039111	+0.0049264	+0.0058785	+0.0067985	+0.0076756	+0.0085583	+0.0094705
2013-10	0.039	-0.0090627	-0.0085884	-0.0079486	-0.0071145	-0.0061219	-0.0049606	-0.0036707	-0.0022449	-0.0007222	+0.0008714	+0.0024985	+0.0041060	+0.0056530	+0.0071213	+0.0085113	+0.0098608	+0.0100000	+0.0100000	+0.0100000	+0.0100000	+0.0100000
2013-11	0.023	-0.0065071	-0.0059244	-0.0053040	-0.0046441	-0.0039122	-0.0031376	-0.0022910	-0.0013802	-0.0004049	+0.0006110	+0.0016546	+0.0027031	+0.0037125	+0.0046731	+0.0055847	+0.0064266	+0.0072035	+0.0079161	+0.0085668	+0.0091915	+0.0097753
2013-12	0.033	-0.0066881	-0.0060490	-0.0053785	-0.0046494	-0.0038787	-0.0030407	-0.0021276	-0.0011587	-0.0001214	+0.0009678	+0.0020970	+0.0032285	+0.0043323	+0.0053998	+0.0064158	+0.0073640	+0.0082501	+0.0090777	+0.0098727	+0.0100000	+0.0100000
2014-01	-0.101	-0.0064272	-0.0059091	-0.0053661	-0.0047755	-0.0041324	-0.0034312	-0.0026719	-0.0018542	-0.0009741	-0.0000380	+0.0009398	+0.0019201	+0.0028787	+0.0037953	+0.0046588	+0.0054695	+0.0062223	+0.0069354	+0.0076033	+0.0082398	+0.0088484
2014-02	0.040	-0.0098508	-0.0097516	-0.0095961	-0.0093534	-0.0089738	-0.0084141	-0.0076036	-0.0065038	-0.0050845	-0.0033103	-0.0011606	+0.0014695	+0.0050668	+0.0100000	+0.0100000	+0.0100000	+0.0100000	+0.0100000	+0.0100000	+0.0100000	+0.0100000
2014-03	0.006	-0.0070558	-0.0063183	-0.0055165	-0.0046484	-0.0037040	-0.0026983	-0.0016274	-0.0004854	+0.0007156	+0.0019479	+0.0031963	+0.0044335	+0.0056194	+0.0067295	+0.0077631	+0.0087263	+0.0096204	+0.0100000	+0.0100000	+0.0100000	+0.0100000
2014-04	0.003	-0.0086168	-0.0080962	-0.0074711	-0.0067239	-0.0058689	-0.0049277	-0.0038989	-0.0027870	-0.0015991	-0.0003575	+0.0009176	+0.0021830	+0.0034179	+0.0045875	+0.0056861	+0.0067038	+0.0076643	+0.0086031	+0.0095278	+0.0100000	+0.0100000
2014-05	0.023	-0.0068270	-0.0064207	-0.0059894	-0.0055223	-0.0050330	-0.0044959	-0.0039124	-0.0032894	-0.0026234	-0.0019188	-0.0011931	-0.0004647	+0.0002497	+0.0009301	+0.0015740	+0.0021777	+0.0027425	+0.0032565	+0.0037447	+0.0041983	+0.0046193
2014-06	0.025	-0.0060013	-0.0054417	-0.0048436	-0.0042104	-0.0035405	-0.0028229	-0.0020568	-0.0012365	-0.0003667	+0.0005444	+0.0014742	+0.0023937	+0.0032877	+0.0041286	+0.0049180	+0.0056460	+0.0063282	+0.0069674	+0.0075522	+0.0081027	+0.0086381
2014-07	0.049	-0.0044676	-0.0040618	-0.0036501	-0.0031986	-0.0027113	-0.0021985	-0.0016447	-0.0010480	-0.0004164	+0.0002505	+0.0009418	+0.0016337	+0.0023161	+0.0029741	+0.0035988	+0.0041801	+0.0047285	+0.0052422	+0.0057206	+0.0061747	+0.0066044
2014-08	0.035	-0.0061616	-0.0054792	-0.0047511	-0.0039754	-0.0031436	-0.0022823	-0.0013979	-0.0004767	+0.0004917	+0.0014626	+0.0024119	+0.0033240	+0.0041632	+0.0049270	+0.0056049	+0.0062109	+0.0067499	+0.0072338	+0.0076669	+0.0080643	+0.0084316
2014-09	0.008	-0.0062873	-0.0056182	-0.0048947	-0.0041382	-0.0033250	-0.0024661	-0.0015563	-0.0005849	+0.0004290	+0.0014840	+0.0025445	+0.0035882	+0.0045968	+0.0055482	+0.0064196	+0.0072208	+0.0079558	+0.0086418	+0.0092743	+0.0098681	+0.0100000
2014-10	0.006	-0.0081636	-0.0076346	-0.0070609	-0.0064148	-0.0057019	-0.0049176	-0.0040658	-0.0031475	-0.0021641	-0.0011252	-0.0000472	+0.0010275	+0.0020663	+0.0030650	+0.0040103	+0.0048989	+0.0057292	+0.0065009	+0.0072369	+0.0079594	+0.0086970
2014-11	0.196	-0.0072573	-0.0066978	-0.0060745	-0.0053934	-0.0046608	-0.0038613	-0.0029922	-0.0020558	-0.0010479	+0.0000241	+0.0011347	+0.0022609	+0.0033691	+0.0044409	+0.0054497	+0.0063893	+0.0072653	+0.0080880	+0.0088626	+0.0096140	+0.0100000
2014-12	-0.007	-0.0092124	-0.0087543	-0.0080484	-0.0070378	-0.0056371	-0.0038330	-0.0016217	+0.0009900	+0.0038683	+0.0069782	+0.0100000	+0.0100000	+0.0100000	+0.0100000	+0.0100000	+0.0100000	+0.0100000	+0.0100000	+0.0100000	+0.0100000	+0.0100000
2015-01	0.015	-0.0094685	-0.0091624	-0.0087281	-0.0081378	-0.0073556	-0.0063870	-0.0052201	-0.0038878	-0.0024149	-0.0008240	+0.0008294	+0.0025114	+0.0041920	+0.0058328	+0.0074777	+0.0091621	+0.0100000	+0.0100000	+0.0100000	+0.0100000	+0.0100000
2015-02	-0.018	-0.0065365	-0.0059855	-0.0053952	-0.0047646	-0.0040736	-0.0033334	-0.0025383	-0.0016812	-0.0007598	+0.0002104	+0.0012129	+0.0022166	+0.0032010	+0.0041369	+0.0050086	+0.0058292	+0.0066034	+0.0073222	+0.0079933	+0.0086275	+0.0092246
