2013-10	0.007	2013-11	0.001	-0.0008877	-0.0007876	-0.0006820	-0.0005694	-0.0004504	-0.0003241	-0.0001907	-0.0000527	+0.0000903	+0.0002373	+0.0003840	+0.0005268	+0.0006640	+0.0007916	+0.0009074	+0.0010159	+0.0011149	+0.0012056	+0.0012894	+0.0013667	+0.0014390
2013-12	0.013	-0.0013574	-0.0012732	-0.0011796	-0.0010803	-0.0009711	-0.0008561	-0.0007308	-0.0005952	-0.0004495	-0.0002978	-0.0001411	+0.0000157	+0.0001677	+0.0003182	+0.0004546	+0.0005850	+0.0007050	+0.0008195	+0.0009240	+0.0010236	+0.0011128
2014-01	-0.005	-0.0013809	-0.0012160	-0.0010466	-0.0008662	-0.0006758	-0.0004822	-0.0002766	-0.0000640	+0.0001538	+0.0003720	+0.0005861	+0.0007922	+0.0009802	+0.0011522	+0.0013076	+0.0014482	+0.0015761	+0.0016942	+0.0018017	+0.0019021	+0.0019950
2014-02	0.004	-0.0024251	-0.0022601	-0.0020864	-0.0019011	-0.0017053	-0.0015010	-0.0012842	-0.0010551	-0.0008158	-0.0005698	-0.0003229	-0.0000819	+0.0001470	+0.0003590	+0.0005536	+0.0007288	+0.0008864	+0.0010277	+0.0011574	+0.0012769	+0.0013873
2014-03	0.006	-0.0012694	-0.0011573	-0.0010374	-0.0009104	-0.0007760	-0.0006339	-0.0004761	-0.0003104	-0.0001306	+0.0000558	+0.0002466	+0.0004367	+0.0006223	+0.0007972	+0.0009606	+0.0011128	+0.0012511	+0.0013777	+0.0014972	+0.0016062	+0.0017114
2014-04	-0.003	-0.0012315	-0.0011220	-0.0010048	-0.0008815	-0.0007480	-0.0006068	-0.0004544	-0.0002935	-0.0001227	+0.0000554	+0.0002319	+0.0004068	+0.0005753	+0.0007300	+0.0008705	+0.0009996	+0.0011179	+0.0012261	+0.0013243	+0.0014154	+0.0014989
2014-05	0.001	-0.0014716	-0.0013703	-0.0012583	-0.0011384	-0.0010068	-0.0008623	-0.0007085	-0.0005415	-0.0003628	-0.0001742	+0.0000205	+0.0002160	+0.0004059	+0.0005863	+0.0007547	+0.0009101	+0.0010570	+0.0011915	+0.0013201	+0.0014381	+0.0015489
2014-06	-0.002	-0.0009323	-0.0008594	-0.0007823	-0.0006953	-0.0006027	-0.0005047	-0.0003967	-0.0002826	-0.0001551	-0.0000258	+0.0001082	+0.0002422	+0.0003757	+0.0004996	+0.0006181	+0.0007307	+0.0008294	+0.0009258	+0.0010093	+0.0010916	+0.0011686
2014-07	0.004	-0.0011781	-0.0011019	-0.0010191	-0.0009291	-0.0008293	-0.0007210	-0.0006033	-0.0004742	-0.0003357	-0.0001896	-0.0000381	+0.0001139	+0.0002633	+0.0004075	+0.0005412	+0.0006685	+0.0007871	+0.0008956	+0.0009979	+0.0010956	+0.0011876
2014-08	-0.009	-0.0007818	-0.0007033	-0.0006238	-0.0005355	-0.0004423	-0.0003400	-0.0002285	-0.0001112	+0.0000185	+0.0001535	+0.0002931	+0.0004329	+0.0005691	+0.0007029	+0.0008246	+0.0009408	+0.0010481	+0.0011501	+0.0012434	+0.0013315	+0.0014113
2014-09	0.007	-0.0019399	-0.0018397	-0.0017328	-0.0016179	-0.0014932	-0.0013591	-0.0012095	-0.0010457	-0.0008667	-0.0006759	-0.0004748	-0.0002687	-0.0000622	+0.0001413	+0.0003363	+0.0005207	+0.0006979	+0.0008657	+0.0010260	+0.0011771	+0.0013245
2014-10	-0.012	-0.0013455	-0.0012071	-0.0010598	-0.0009038	-0.0007400	-0.0005653	-0.0003799	-0.0001859	+0.0000154	+0.0002208	+0.0004278	+0.0006279	+0.0008181	+0.0009944	+0.0011563	+0.0013014	+0.0014303	+0.0015470	+0.0016531	+0.0017514	+0.0018379
2014-11	-0.001	-0.0025966	-0.0024473	-0.0022856	-0.0021129	-0.0019278	-0.0017305	-0.0015157	-0.0012856	-0.0010373	-0.0007745	-0.0005000	-0.0002232	+0.0000533	+0.0003229	+0.0005810	+0.0008260	+0.0010582	+0.0012830	+0.0014944	+0.0016920	+0.0018829
2014-12	-0.004	-0.0009275	-0.0008757	-0.0008285	-0.0007709	-0.0007075	-0.0006432	-0.0005680	-0.0004866	-0.0003941	-0.0002956	-0.0001912	-0.0000811	+0.0000293	+0.0001393	+0.0002490	+0.0003479	+0.0004463	+0.0005391	+0.0006261	+0.0007074	+0.0007884
2015-01	-0.019	-0.0029717	-0.0027704	-0.0025566	-0.0023221	-0.0020702	-0.0017924	-0.0014944	-0.0011722	-0.0008253	-0.0004564	-0.0000748	+0.0003088	+0.0006875	+0.0010518	+0.0013944	+0.0017218	+0.0020216	+0.0023083	+0.0025735	+0.0028212	+0.0030625
2015-02	-0.001	-0.0037579	-0.0035544	-0.0033354	-0.0031031	-0.0028503	-0.0025777	-0.0022817	-0.0019612	-0.0016160	-0.0012485	-0.0008648	-0.0004759	-0.0000908	+0.0002836	+0.0006464	+0.0009882	+0.0013136	+0.0016211	+0.0019105	+0.0021778	+0.0024367
