2012-02	0.010	-0.0028932	-0.0025709	-0.0022326	-0.0018812	-0.0015063	-0.0011103	-0.0006874	-0.0002455	+0.0002129	+0.0006746	+0.0011293	+0.0015680	+0.0019767	+0.0023510	+0.0026971	+0.0030105	+0.0032922	+0.0035556	+0.0037882	+0.0040033	+0.0042048
2012-03	-0.006	-0.0011961	-0.0010833	-0.0009696	-0.0008434	-0.0007111	-0.0005734	-0.0004263	-0.0002694	-0.0001040	+0.0000634	+0.0002346	+0.0004019	+0.0005667	+0.0007198	+0.0008625	+0.0009940	+0.0011128	+0.0012248	+0.0013275	+0.0014224	+0.0015141
2012-04	0.010	-0.0022985	-0.0021411	-0.0019750	-0.0017957	-0.0016078	-0.0014088	-0.0011957	-0.0009732	-0.0007417	-0.0005025	-0.0002618	-0.0000271	+0.0001970	+0.0004054	+0.0005957	+0.0007691	+0.0009270	+0.0010710	+0.0012040	+0.0013240	+0.0014399
2012-05	-0.015	-0.0013934	-0.0012411	-0.0010793	-0.0009062	-0.0007250	-0.0005356	-0.0003377	-0.0001278	+0.0000904	+0.0003129	+0.0005339	+0.0007487	+0.0009493	+0.0011367	+0.0013076	+0.0014615	+0.0016008	+0.0017272	+0.0018425	+0.0019454	+0.0020393
2012-06	0.016	-0.0036857	-0.0035203	-0.0033490	-0.0031596	-0.0029477	-0.0027114	-0.0024486	-0.0021579	-0.0018373	-0.0014897	-0.0011196	-0.0007377	-0.0003530	+0.0000256	+0.0003890	+0.0007357	+0.0010644	+0.0013776	+0.0016790	+0.0019599	+0.0022248
2012-07	0.033	-0.0020185	-0.0017953	-0.0015560	-0.0013046	-0.0010402	-0.0007590	-0.0004650	-0.0001546	+0.0001690	+0.0005005	+0.0008295	+0.0011463	+0.0014477	+0.0017310	+0.0019874	+0.0022205	+0.0024303	+0.0026202	+0.0027911	+0.0029493	+0.0030953
2012-08	0.004	-0.0031392	-0.0027484	-0.0023501	-0.0019252	-0.0014857	-0.0010182	-0.0005349	-0.0000377	+0.0004764	+0.0009903	+0.0014842	+0.0019508	+0.0023786	+0.0027567	+0.0030804	+0.0033636	+0.0036128	+0.0038341	+0.0040367	+0.0042253	+0.0044032
2012-09	0.009	-0.0016846	-0.0015606	-0.0014300	-0.0012889	-0.0011395	-0.0009767	-0.0007995	-0.0006109	-0.0004097	-0.0001982	+0.0000202	+0.0002375	+0.0004477	+0.0006467	+0.0008338	+0.0010073	+0.0011674	+0.0013171	+0.0014558	+0.0015846	+0.0017052
2012-10	-0.003	-0.0012530	-0.0011242	-0.0009850	-0.0008375	-0.0006812	-0.0005142	-0.0003361	-0.0001480	+0.0000522	+0.0002584	+0.0004663	+0.0006720	+0.0008676	+0.0010521	+0.0012201	+0.0013745	+0.0015174	+0.0016458	+0.0017662	+0.0018753	+0.0019755
2012-11	0.001	-0.0014436	-0.0013567	-0.0012666	-0.0011672	-0.0010612	-0.0009465	-0.0008222	-0.0006871	-0.0005419	-0.0003884	-0.0002305	-0.0000715	+0.0000828	+0.0002315	+0.0003700	+0.0005011	+0.0006239	+0.0007392	+0.0008487	+0.0009506	+0.0010505
2012-12	-0.009	-0.0017629	-0.0016165	-0.0014606	-0.0012934	-0.0011151	-0.0009271	-0.0007245	-0.0005077	-0.0002793	-0.0000410	+0.0002026	+0.0004452	+0.0006787	+0.0008981	+0.0011039	+0.0012964	+0.0014741	+0.0016378	+0.0017904	+0.0019337	+0.0020632
2013-01	-0.019	-0.0022231	-0.0021031	-0.0019776	-0.0018456	-0.0017021	-0.0015446	-0.0013739	-0.0011881	-0.0009863	-0.0007734	-0.0005529	-0.0003291	-0.0001090	+0.0001031	+0.0003051	+0.0004945	+0.0006725	+0.0008415	+0.0010000	+0.0011500	+0.0012869
2013-02	-0.005	-0.0033876	-0.0032314	-0.0030672	-0.0028872	-0.0026890	-0.0024696	-0.0022270	-0.0019593	-0.0016668	-0.0013509	-0.0010167	-0.0006711	-0.0003232	+0.0000171	+0.0003467	+0.0006609	+0.0009631	+0.0012444	+0.0015077	+0.0017631	+0.0020059
2013-03	-0.007	-0.0016509	-0.0015323	-0.0014058	-0.0012707	-0.0011263	-0.0009711	-0.0008058	-0.0006252	-0.0004370	-0.0002397	-0.0000369	+0.0001620	+0.0003574	+0.0005403	+0.0007116	+0.0008703	+0.0010152	+0.0011501	+0.0012755	+0.0013893	+0.0014999
2013-04	0.024	-0.0020476	-0.0019287	-0.0018045	-0.0016710	-0.0015298	-0.0013736	-0.0012069	-0.0010259	-0.0008358	-0.0006339	-0.0004260	-0.0002174	-0.0000098	+0.0001922	+0.0003857	+0.0005684	+0.0007417	+0.0009073	+0.0010637	+0.0012118	+0.0013551
2013-05	-0.038	-0.0033358	-0.0029527	-0.0025668	-0.0021515	-0.0017206	-0.0012700	-0.0007945	-0.0002953	+0.0002279	+0.0007637	+0.0012875	+0.0017941	+0.0022748	+0.0027192	+0.0031273	+0.0035019	+0.0038486	+0.0041628	+0.0044570	+0.0047286	+0.0049802
2013-06	-0.058	-0.0071072	-0.0068311	-0.0065416	-0.0062335	-0.0058951	-0.0055214	-0.0050982	-0.0046069	-0.0040173	-0.0032991	-0.0024970	-0.0016839	-0.0008181	+0.0000855	+0.0009178	+0.0017402	+0.0025650	+0.0033081	+0.0040061	+0.0047450	+0.0054229
2013-07	0.013	-0.0097895	-0.0096579	-0.0094599	-0.0091572	-0.0087173	-0.0080897	-0.0072633	-0.0062146	-0.0049395	-0.0034507	-0.0017805	+0.0000561	+0.0020645	+0.0043655	+0.0074809	+0.0100000	+0.0100000	+0.0100000	+0.0100000	+0.0100000	+0.0100000
2013-08	-0.031	-0.0047789	-0.0044419	-0.0040911	-0.0036964	-0.0032708	-0.0028106	-0.0023061	-0.0017547	-0.0011637	-0.0005322	+0.0001213	+0.0007883	+0.0014436	+0.0020781	+0.0026767	+0.0032374	+0.0037586	+0.0042432	+0.0047033	+0.0051319	+0.0055320
2013-09	0.028	-0.0051556	-0.0049058	-0.0046326	-0.0043351	-0.0040150	-0.0036641	-0.0032833	-0.0028588	-0.0023949	-0.0018866	-0.0013437	-0.0007758	-0.0002032	+0.0003683	+0.0009243	+0.0014475	+0.0019502	+0.0024295	+0.0028913	+0.0033263	+0.0037406
2013-10	0.016	-0.0054512	-0.0048978	-0.0042874	-0.0036558	-0.0029846	-0.0022788	-0.0015415	-0.0007728	+0.0000285	+0.0008433	+0.0016603	+0.0024535	+0.0031984	+0.0038871	+0.0045194	+0.0050971	+0.0056228	+0.0061121	+0.0065563	+0.0069659	+0.0073493
2013-11	-0.027	-0.0022747	-0.0019963	-0.0017086	-0.0014158	-0.0010962	-0.0007624	-0.0004205	-0.0000592	+0.0003048	+0.0006643	+0.0010161	+0.0013480	+0.0016507	+0.0019175	+0.0021487	+0.0023510	+0.0025296	+0.0026914	+0.0028350	+0.0029697	+0.0030911
2013-12	0.002	-0.0059477	-0.0056438	-0.0053093	-0.0049525	-0.0045592	-0.0041251	-0.0036504	-0.0031305	-0.0025620	-0.0019506	-0.0013042	-0.0006362	+0.0000392	+0.0007062	+0.0013423	+0.0019415	+0.0025110	+0.0030489	+0.0035738	+0.0040710	+0.0045511
2014-01	-0.011	-0.0016406	-0.0014957	-0.0013405	-0.0011736	-0.0009893	-0.0007939	-0.0005817	-0.0003539	-0.0001075	+0.0001530	+0.0004242	+0.0006966	+0.0009631	+0.0012206	+0.0014621	+0.0016869	+0.0018934	+0.0020885	+0.0022710	+0.0024407	+0.0025972
2014-02	0.024	-0.0030436	-0.0028637	-0.0026699	-0.0024639	-0.0022442	-0.0020132	-0.0017638	-0.0015006	-0.0012224	-0.0009349	-0.0006420	-0.0003526	-0.0000742	+0.0001917	+0.0004398	+0.0006691	+0.0008813	+0.0010793	+0.0012622	+0.0014334	+0.0015971
2014-03	0.009	-0.0036151	-0.0031814	-0.0026484	-0.0021853	-0.0017122	-0.0011179	-0.0005665	-0.0000467	+0.0005787	+0.0011564	+0.0016587	+0.0021885	+0.0026946	+0.0030751	+0.0033671	+0.0036108	+0.0038163	+0.0039986	+0.0041623	+0.0043122	+0.0044501
2014-04	0.010	-0.0015911	-0.0014423	-0.0012846	-0.0011166	-0.0009331	-0.0007354	-0.0005214	-0.0002872	-0.0000351	+0.0002332	+0.0005111	+0.0007902	+0.0010655	+0.0013294	+0.0015789	+0.0018166	+0.0020379	+0.0022429	+0.0024354	+0.0026140	+0.0027841
2014-05	0.028	-0.0013698	-0.0012340	-0.0010919	-0.0009416	-0.0007792	-0.0006091	-0.0004261	-0.0002306	-0.0000264	+0.0001873	+0.0004053	+0.0006209	+0.0008286	+0.0010243	+0.0012068	+0.0013750	+0.0015281	+0.0016692	+0.0017977	+0.0019220	+0.0020323
2014-06	0.003	-0.0028476	-0.0025068	-0.0021507	-0.0017754	-0.0013900	-0.0009829	-0.0005616	-0.0001212	+0.0003323	+0.0007864	+0.0012310	+0.0016580	+0.0020574	+0.0024246	+0.0027559	+0.0030551	+0.0033294	+0.0035800	+0.0038114	+0.0040258	+0.0042271
2014-07	0.000	-0.0022067	-0.0020449	-0.0018660	-0.0016776	-0.0014752	-0.0012489	-0.0010051	-0.0007441	-0.0004627	-0.0001640	+0.0001451	+0.0004580	+0.0007633	+0.0010583	+0.0013363	+0.0015937	+0.0018341	+0.0020578	+0.0022667	+0.0024614	+0.0026431
2014-08	0.004	-0.0013435	-0.0012497	-0.0011477	-0.0010397	-0.0009188	-0.0007848	-0.0006365	-0.0004755	-0.0002993	-0.0001112	+0.0000857	+0.0002872	+0.0004868	+0.0006792	+0.0008635	+0.0010350	+0.0012009	+0.0013530	+0.0014989	+0.0016319	+0.0017559
2014-09	-0.023	-0.0015837	-0.0014171	-0.0012389	-0.0010556	-0.0008543	-0.0006355	-0.0004043	-0.0001564	+0.0001074	+0.0003808	+0.0006599	+0.0009341	+0.0011987	+0.0014477	+0.0016786	+0.0018898	+0.0020839	+0.0022624	+0.0024311	+0.0025826	+0.0027226
2014-10	0.009	-0.0039848	-0.0038266	-0.0036491	-0.0034575	-0.0032396	-0.0029974	-0.0027262	-0.0024208	-0.0020787	-0.0017001	-0.0012891	-0.0008636	-0.0004272	+0.0000027	+0.0004245	+0.0008301	+0.0012117	+0.0015773	+0.0019258	+0.0022528	+0.0025686
2014-11	-0.005	-0.0017639	-0.0015737	-0.0013737	-0.0011682	-0.0009519	-0.0007212	-0.0004751	-0.0002188	+0.0000461	+0.0003164	+0.0005869	+0.0008511	+0.0010998	+0.0013316	+0.0015438	+0.0017396	+0.0019177	+0.0020814	+0.0022340	+0.0023773	+0.0025144
2014-12	-0.018	-0.0024177	-0.0022358	-0.0020397	-0.0018301	-0.0016050	-0.0013658	-0.0011081	-0.0008319	-0.0005377	-0.0002292	+0.0000831	+0.0003943	+0.0006949	+0.0009790	+0.0012449	+0.0014918	+0.0017189	+0.0019262	+0.0021210	+0.0023037	+0.0024775
2015-01	0.005	-0.0067662	-0.0063358	-0.0058657	-0.0053813	-0.0048491	-0.0042695	-0.0036386	-0.0029644	-0.0022322	-0.0014676	-0.0006771	+0.0001195	+0.0008986	+0.0016452	+0.0023544	+0.0030090	+0.0036221	+0.0041943	+0.0047225	+0.0052260	+0.0056983
2015-02	0.006	-0.0016571	-0.0014834	-0.0012974	-0.0011013	-0.0008903	-0.0006674	-0.0004302	-0.0001754	+0.0000945	+0.0003761	+0.0006611	+0.0009435	+0.0012166	+0.0014743	+0.0017173	+0.0019411	+0.0021478	+0.0023353	+0.0025097	+0.0026702	+0.0028213
