2011-02	-0.003	-0.0039810	-0.0037431	-0.0034921	-0.0032082	-0.0029006	-0.0025580	-0.0021733	-0.0017432	-0.0012747	-0.0007658	-0.0002277	+0.0003293	+0.0008823	+0.0014257	+0.0019446	+0.0024442	+0.0029184	+0.0033671	+0.0037852	+0.0041776	+0.0045644
2011-03	0.018	-0.0028376	-0.0026193	-0.0023890	-0.0021331	-0.0018618	-0.0015665	-0.0012449	-0.0008967	-0.0005265	-0.0001349	+0.0002682	+0.0006726	+0.0010720	+0.0014530	+0.0018106	+0.0021427	+0.0024487	+0.0027372	+0.0030034	+0.0032544	+0.0034904
2011-04	-0.010	-0.0054502	-0.0049662	-0.0044448	-0.0038954	-0.0033274	-0.0027202	-0.0020846	-0.0014073	-0.0007043	+0.0000174	+0.0007492	+0.0014619	+0.0021441	+0.0027880	+0.0033838	+0.0039306	+0.0044385	+0.0049106	+0.0053480	+0.0057495	+0.0061312
2011-05	-0.007	-0.0062855	-0.0059643	-0.0056154	-0.0052279	-0.0047991	-0.0043284	-0.0038163	-0.0032540	-0.0026372	-0.0019743	-0.0012762	-0.0005632	+0.0001400	+0.0008273	+0.0014776	+0.0020990	+0.0026807	+0.0032207	+0.0037253	+0.0042115	+0.0046674
2011-06	-0.011	-0.0028331	-0.0025855	-0.0023205	-0.0020320	-0.0017290	-0.0014056	-0.0010607	-0.0006916	-0.0003012	+0.0001067	+0.0005242	+0.0009389	+0.0013394	+0.0017147	+0.0020655	+0.0023873	+0.0026866	+0.0029650	+0.0032219	+0.0034621	+0.0036801
2011-07	-0.029	-0.0036262	-0.0034115	-0.0031902	-0.0029513	-0.0026881	-0.0024051	-0.0020986	-0.0017685	-0.0014181	-0.0010456	-0.0006622	-0.0002780	+0.0001021	+0.0004714	+0.0008211	+0.0011484	+0.0014561	+0.0017493	+0.0020207	+0.0022749	+0.0025163
2011-08	-0.003	-0.0062673	-0.0059521	-0.0056133	-0.0052443	-0.0048457	-0.0044204	-0.0039550	-0.0034423	-0.0028901	-0.0022965	-0.0016637	-0.0010000	-0.0003297	+0.0003315	+0.0009781	+0.0015966	+0.0021856	+0.0027553	+0.0033044	+0.0038350	+0.0043455
2011-09	-0.013	-0.0046779	-0.0043788	-0.0040481	-0.0036939	-0.0033081	-0.0028853	-0.0024250	-0.0019140	-0.0013619	-0.0007627	-0.0001313	+0.0005116	+0.0011597	+0.0017931	+0.0024011	+0.0029798	+0.0035201	+0.0040345	+0.0045242	+0.0049854	+0.0054197
2011-10	0.026	-0.0049969	-0.0047282	-0.0044401	-0.0041298	-0.0037906	-0.0034202	-0.0030123	-0.0025722	-0.0021011	-0.0015989	-0.0010750	-0.0005395	-0.0000148	+0.0004971	+0.0009913	+0.0014578	+0.0019031	+0.0023162	+0.0027049	+0.0030830	+0.0034252
2011-11	-0.012	-0.0020881	-0.0018826	-0.0016687	-0.0014387	-0.0011970	-0.0009288	-0.0006369	-0.0003186	+0.0000316	+0.0004126	+0.0008173	+0.0012311	+0.0016508	+0.0020627	+0.0024591	+0.0028409	+0.0031973	+0.0035379	+0.0038633	+0.0041724	+0.0044737
2011-12	0.015	-0.0041231	-0.0039230	-0.0037106	-0.0034769	-0.0032239	-0.0029405	-0.0026263	-0.0022828	-0.0019030	-0.0014924	-0.0010543	-0.0005960	-0.0001394	+0.0003060	+0.0007353	+0.0011489	+0.0015471	+0.0019249	+0.0022780	+0.0026145	+0.0029572
2012-01	-0.002	-0.0028764	-0.0025664	-0.0022446	-0.0019196	-0.0015637	-0.0011914	-0.0008040	-0.0004045	+0.0000082	+0.0004218	+0.0008282	+0.0012223	+0.0015890	+0.0019275	+0.0022394	+0.0025223	+0.0027799	+0.0030149	+0.0032285	+0.0034351	+0.0036239
2012-02	0.062	-0.0026945	-0.0024472	-0.0021802	-0.0019022	-0.0016052	-0.0012903	-0.0009535	-0.0005989	-0.0002299	+0.0001512	+0.0005337	+0.0009093	+0.0012688	+0.0016056	+0.0019167	+0.0022020	+0.0024621	+0.0027012	+0.0029232	+0.0031296	+0.0033219
2012-03	0.012	-0.0066910	-0.0060241	-0.0046791	-0.0039147	-0.0032548	-0.0020276	-0.0008061	-0.0000497	+0.0012657	+0.0025292	+0.0032625	+0.0042713	+0.0055706	+0.0061432	+0.0065408	+0.0068613	+0.0071340	+0.0073719	+0.0075899	+0.0077945	+0.0079928
2012-04	-0.013	-0.0039855	-0.0036888	-0.0033760	-0.0030392	-0.0026755	-0.0022913	-0.0018681	-0.0014089	-0.0009192	-0.0004024	+0.0001276	+0.0006623	+0.0011864	+0.0016884	+0.0021596	+0.0026028	+0.0030148	+0.0033937	+0.0037473	+0.0040805	+0.0043832
2012-05	-0.030	-0.0047356	-0.0044640	-0.0041790	-0.0038648	-0.0035197	-0.0031407	-0.0027205	-0.0022550	-0.0017469	-0.0011991	-0.0006269	-0.0000331	+0.0005620	+0.0011475	+0.0017062	+0.0022384	+0.0027423	+0.0032157	+0.0036626	+0.0040927	+0.0045059
2012-06	0.010	-0.0045110	-0.0042424	-0.0039652	-0.0036589	-0.0033433	-0.0030064	-0.0026448	-0.0022593	-0.0018547	-0.0014351	-0.0010117	-0.0005956	-0.0001937	+0.0001853	+0.0005350	+0.0008547	+0.0011456	+0.0014196	+0.0016737	+0.0019125	+0.0021347
2012-07	0.006	-0.0035202	-0.0032248	-0.0029142	-0.0025695	-0.0021939	-0.0017878	-0.0013479	-0.0008741	-0.0003667	+0.0001679	+0.0007197	+0.0012768	+0.0018232	+0.0023507	+0.0028428	+0.0033045	+0.0037384	+0.0041441	+0.0045305	+0.0048879	+0.0052325
2012-08	0.012	-0.0028222	-0.0026393	-0.0024444	-0.0022321	-0.0019986	-0.0017458	-0.0014687	-0.0011716	-0.0008531	-0.0005186	-0.0001729	+0.0001715	+0.0005107	+0.0008330	+0.0011368	+0.0014228	+0.0016850	+0.0019270	+0.0021516	+0.0023623	+0.0025600
2012-09	0.000	-0.0024582	-0.0022361	-0.0020048	-0.0017627	-0.0015070	-0.0012410	-0.0009567	-0.0006624	-0.0003548	-0.0000356	+0.0002832	+0.0005939	+0.0008899	+0.0011624	+0.0014121	+0.0016399	+0.0018472	+0.0020389	+0.0022150	+0.0023816	+0.0025323
2012-10	0.028	-0.0026681	-0.0024912	-0.0023010	-0.0020946	-0.0018634	-0.0016045	-0.0013194	-0.0010068	-0.0006642	-0.0002911	+0.0000998	+0.0005002	+0.0008954	+0.0012847	+0.0016575	+0.0020113	+0.0023428	+0.0026550	+0.0029437	+0.0032168	+0.0034743
2012-11	0.035	-0.0035396	-0.0031538	-0.0027437	-0.0023156	-0.0018592	-0.0013764	-0.0008669	-0.0003380	+0.0002037	+0.0007464	+0.0012779	+0.0017841	+0.0022520	+0.0026734	+0.0030513	+0.0033886	+0.0036859	+0.0039561	+0.0042001	+0.0044200	+0.0046330
2012-12	0.062	-0.0042904	-0.0038494	-0.0033818	-0.0028874	-0.0023511	-0.0017873	-0.0011968	-0.0005664	+0.0000932	+0.0007682	+0.0014423	+0.0021034	+0.0027359	+0.0033267	+0.0038720	+0.0043792	+0.0048452	+0.0052822	+0.0056866	+0.0060773	+0.0064330
2013-01	0.054	-0.0061022	-0.0052660	-0.0043274	-0.0034741	-0.0025870	-0.0015151	-0.0005016	+0.0004872	+0.0016401	+0.0027243	+0.0036886	+0.0046800	+0.0056081	+0.0063353	+0.0069028	+0.0073749	+0.0077830	+0.0081419	+0.0084707	+0.0087780	+0.0090695
2013-02	0.004	-0.0075929	-0.0069630	-0.0062560	-0.0054870	-0.0046393	-0.0037220	-0.0027338	-0.0016577	-0.0005191	+0.0006783	+0.0019088	+0.0031359	+0.0043325	+0.0054771	+0.0065590	+0.0075504	+0.0084914	+0.0093721	+0.0100000	+0.0100000	+0.0100000
2013-03	0.012	-0.0055732	-0.0051749	-0.0047513	-0.0043047	-0.0038318	-0.0033376	-0.0028140	-0.0022570	-0.0016756	-0.0010806	-0.0004842	+0.0000993	+0.0006567	+0.0011716	+0.0016491	+0.0020807	+0.0024795	+0.0028390	+0.0031730	+0.0034783	+0.0037659
2013-04	0.064	-0.0054532	-0.0050963	-0.0047199	-0.0043087	-0.0038586	-0.0033598	-0.0028158	-0.0022170	-0.0015594	-0.0008640	-0.0001297	+0.0006158	+0.0013584	+0.0020749	+0.0027555	+0.0033967	+0.0039913	+0.0045592	+0.0050901	+0.0055748	+0.0060324
2013-05	0.025	-0.0087315	-0.0081558	-0.0073864	-0.0064623	-0.0053712	-0.0041305	-0.0027597	-0.0012491	+0.0003460	+0.0020266	+0.0037402	+0.0054527	+0.0071223	+0.0087062	+0.0100000	+0.0100000	+0.0100000	+0.0100000	+0.0100000	+0.0100000	+0.0100000
2013-06	-0.044	-0.0072276	-0.0065998	-0.0059207	-0.0051922	-0.0044071	-0.0035658	-0.0026562	-0.0016790	-0.0006438	+0.0004251	+0.0015241	+0.0026152	+0.0036742	+0.0046767	+0.0056127	+0.0064813	+0.0072720	+0.0080151	+0.0087168	+0.0093971	+0.0100000
2013-07	0.002	-0.0094995	-0.0092340	-0.0088565	-0.0083369	-0.0076734	-0.0068586	-0.0059148	-0.0048260	-0.0036254	-0.0023143	-0.0009301	+0.0004761	+0.0018867	+0.0032749	+0.0046489	+0.0060795	+0.0076672	+0.0098842	+0.0100000	+0.0100000	+0.0100000
2013-08	0.004	-0.0068373	-0.0063784	-0.0058654	-0.0053276	-0.0047587	-0.0041463	-0.0034911	-0.0027992	-0.0020648	-0.0013062	-0.0005316	+0.0002392	+0.0009823	+0.0016873	+0.0023432	+0.0029530	+0.0035108	+0.0040237	+0.0044942	+0.0049246	+0.0053303
2013-09	-0.011	-0.0061730	-0.0057753	-0.0053532	-0.0049031	-0.0044152	-0.0038838	-0.0033128	-0.0026963	-0.0020337	-0.0013320	-0.0006074	+0.0001172	+0.0008331	+0.0015171	+0.0021618	+0.0027635	+0.0033226	+0.0038446	+0.0043350	+0.0047988	+0.0052531
2013-10	0.015	-0.0048030	-0.0045706	-0.0043230	-0.0040519	-0.0037553	-0.0034275	-0.0030710	-0.0026831	-0.0022632	-0.0018204	-0.0013603	-0.0008962	-0.0004381	+0.0000012	+0.0004181	+0.0008089	+0.0011787	+0.0015239	+0.0018504	+0.0021642	+0.0024623
2013-11	0.040	-0.0031396	-0.0028810	-0.0026123	-0.0023190	-0.0020048	-0.0016637	-0.0012948	-0.0008979	-0.0004682	-0.0000185	+0.0004446	+0.0009101	+0.0013653	+0.0017970	+0.0022083	+0.0025904	+0.0029444	+0.0032724	+0.0035743	+0.0038604	+0.0041259
2013-12	0.037	-0.0052789	-0.0046477	-0.0039664	-0.0032603	-0.0025382	-0.0017688	-0.0009824	-0.0001732	+0.0006646	+0.0014952	+0.0022906	+0.0030467	+0.0037308	+0.0043282	+0.0048392	+0.0052801	+0.0056666	+0.0060080	+0.0063097	+0.0065886	+0.0068453
2014-01	-0.028	-0.0046329	-0.0040978	-0.0035528	-0.0029718	-0.0023742	-0.0017390	-0.0010737	-0.0003877	+0.0003245	+0.0010445	+0.0017503	+0.0024284	+0.0030643	+0.0036480	+0.0041727	+0.0046408	+0.0050647	+0.0054474	+0.0058030	+0.0061397	+0.0064476
2014-02	-0.001	-0.0082551	-0.0077739	-0.0072493	-0.0066823	-0.0060382	-0.0053491	-0.0046037	-0.0038052	-0.0029560	-0.0020633	-0.0011579	-0.0002412	+0.0006537	+0.0015151	+0.0023361	+0.0031032	+0.0038199	+0.0044991	+0.0051430	+0.0057860	+0.0064410
2014-03	0.017	-0.0022988	-0.0020707	-0.0018256	-0.0015588	-0.0012751	-0.0009704	-0.0006465	-0.0002998	+0.0000677	+0.0004490	+0.0008354	+0.0012231	+0.0015940	+0.0019502	+0.0022842	+0.0025921	+0.0028757	+0.0031413	+0.0033899	+0.0036123	+0.0038200
2014-04	0.000	-0.0036818	-0.0033418	-0.0029830	-0.0026008	-0.0021851	-0.0017381	-0.0012539	-0.0007255	-0.0001681	+0.0004144	+0.0010075	+0.0015999	+0.0021777	+0.0027242	+0.0032333	+0.0037062	+0.0041379	+0.0045386	+0.0049042	+0.0052393	+0.0055509
2014-05	-0.007	-0.0036985	-0.0034575	-0.0031945	-0.0029119	-0.0026162	-0.0022960	-0.0019508	-0.0015812	-0.0011904	-0.0007825	-0.0003690	+0.0000388	+0.0004323	+0.0008022	+0.0011437	+0.0014634	+0.0017550	+0.0020228	+0.0022769	+0.0025070	+0.0027182
2014-06	0.002	-0.0017669	-0.0016556	-0.0015356	-0.0014072	-0.0012676	-0.0011161	-0.0009526	-0.0007749	-0.0005823	-0.0003817	-0.0001723	+0.0000379	+0.0002430	+0.0004404	+0.0006256	+0.0007987	+0.0009602	+0.0011104	+0.0012508	+0.0013860	+0.0015102
2014-07	0.018	-0.0018841	-0.0017673	-0.0016452	-0.0015178	-0.0013809	-0.0012326	-0.0010743	-0.0009060	-0.0007272	-0.0005400	-0.0003468	-0.0001568	+0.0000289	+0.0002032	+0.0003694	+0.0005240	+0.0006668	+0.0007997	+0.0009215	+0.0010381	+0.0011456
2014-08	0.006	-0.0018081	-0.0016214	-0.0014277	-0.0012193	-0.0009984	-0.0007601	-0.0005039	-0.0002301	+0.0000601	+0.0003644	+0.0006759	+0.0009859	+0.0012852	+0.0015663	+0.0018301	+0.0020757	+0.0023060	+0.0025203	+0.0027228	+0.0029076	+0.0030798
2014-09	0.048	-0.0019323	-0.0017544	-0.0015666	-0.0013675	-0.0011496	-0.0009169	-0.0006618	-0.0003865	-0.0000902	+0.0002258	+0.0005548	+0.0008852	+0.0012141	+0.0015280	+0.0018263	+0.0021066	+0.0023700	+0.0026136	+0.0028439	+0.0030612	+0.0032665
2014-10	-0.004	-0.0061561	-0.0054349	-0.0045737	-0.0038079	-0.0030419	-0.0020907	-0.0011968	-0.0003125	+0.0007053	+0.0016488	+0.0024948	+0.0033707	+0.0041913	+0.0048196	+0.0053207	+0.0057384	+0.0060985	+0.0064184	+0.0067134	+0.0069843	+0.0072421
2014-11	0.079	-0.0046048	-0.0042589	-0.0039027	-0.0035115	-0.0031041	-0.0026627	-0.0021834	-0.0016647	-0.0011184	-0.0005482	+0.0000332	+0.0006132	+0.0011738	+0.0017023	+0.0021928	+0.0026401	+0.0030483	+0.0034234	+0.0037739	+0.0040934	+0.0043974
2014-12	0.021	-0.0051175	-0.0044684	-0.0037998	-0.0031195	-0.0023881	-0.0016247	-0.0008298	-0.0000124	+0.0008214	+0.0016506	+0.0024598	+0.0032276	+0.0039343	+0.0045567	+0.0050919	+0.0055569	+0.0059644	+0.0063347	+0.0066724	+0.0069775	+0.0072528
2015-01	-0.017	-0.0061940	-0.0056352	-0.0050519	-0.0044436	-0.0037841	-0.0030835	-0.0023339	-0.0015379	-0.0007007	+0.0001594	+0.0010298	+0.0018890	+0.0027136	+0.0034792	+0.0041876	+0.0048411	+0.0054348	+0.0059772	+0.0064788	+0.0069357	+0.0073698
2015-02	-0.002	-0.0060668	-0.0056622	-0.0052268	-0.0047639	-0.0042679	-0.0037253	-0.0031386	-0.0025071	-0.0018396	-0.0011323	-0.0004042	+0.0003234	+0.0010313	+0.0017059	+0.0023354	+0.0029238	+0.0034648	+0.0039644	+0.0044382	+0.0048838	+0.0052990
