2014-02	0.066	2014-03	0.037	-0.0076385	-0.0067754	-0.0058073	-0.0047284	-0.0035410	-0.0022502	-0.0008794	+0.0005429	+0.0020341	+0.0035041	+0.0049230	+0.0062888	+0.0075413	+0.0086341	+0.0095653	+0.0100000	+0.0100000	+0.0100000	+0.0100000	+0.0100000	+0.0100000
2014-04	0.018	-0.0061552	-0.0055347	-0.0048609	-0.0041177	-0.0033329	-0.0024593	-0.0015335	-0.0005492	+0.0005025	+0.0015993	+0.0027205	+0.0038341	+0.0049109	+0.0059201	+0.0068626	+0.0077312	+0.0085301	+0.0092774	+0.0099649	+0.0100000	+0.0100000
2014-05	0.023	-0.0041677	-0.0038681	-0.0035506	-0.0032127	-0.0028485	-0.0024476	-0.0020214	-0.0015551	-0.0010629	-0.0005474	-0.0000158	+0.0005184	+0.0010393	+0.0015350	+0.0019992	+0.0024281	+0.0028278	+0.0031922	+0.0035339	+0.0038484	+0.0041394
2014-06	0.037	-0.0038260	-0.0034429	-0.0030619	-0.0026573	-0.0022223	-0.0017573	-0.0012589	-0.0007316	-0.0001760	+0.0004014	+0.0009890	+0.0015739	+0.0021336	+0.0026544	+0.0031423	+0.0035922	+0.0040066	+0.0043894	+0.0047473	+0.0050802	+0.0053796
2014-07	-0.002	-0.0043616	-0.0038344	-0.0032918	-0.0027172	-0.0021023	-0.0014506	-0.0007696	-0.0000554	+0.0006907	+0.0014553	+0.0022201	+0.0029608	+0.0036738	+0.0043406	+0.0049659	+0.0055492	+0.0060831	+0.0065768	+0.0070300	+0.0074639	+0.0078637
2014-08	0.015	-0.0041511	-0.0038716	-0.0035742	-0.0032587	-0.0029226	-0.0025596	-0.0021646	-0.0017418	-0.0012863	-0.0008007	-0.0002982	+0.0002103	+0.0007068	+0.0011858	+0.0016382	+0.0020603	+0.0024526	+0.0028176	+0.0031538	+0.0034692	+0.0037675
2014-09	-0.041	-0.0053282	-0.0048088	-0.0042649	-0.0036768	-0.0030508	-0.0023896	-0.0016742	-0.0009167	-0.0001214	+0.0007002	+0.0015324	+0.0023519	+0.0031346	+0.0038669	+0.0045435	+0.0051597	+0.0057217	+0.0062413	+0.0067239	+0.0071605	+0.0075726
2014-10	0.012	-0.0093099	-0.0090074	-0.0086323	-0.0081718	-0.0076248	-0.0069996	-0.0062932	-0.0055102	-0.0046389	-0.0036884	-0.0026786	-0.0016354	-0.0005754	+0.0004732	+0.0015093	+0.0025200	+0.0035088	+0.0045062	+0.0055962	+0.0070370	+0.0100000
2014-11	0.051	-0.0092799	-0.0089064	-0.0083985	-0.0077349	-0.0069013	-0.0059037	-0.0047456	-0.0034464	-0.0020122	-0.0004632	+0.0011457	+0.0027755	+0.0043991	+0.0059777	+0.0075296	+0.0090698	+0.0100000	+0.0100000	+0.0100000	+0.0100000	+0.0100000
2014-12	-0.052	-0.0062237	-0.0055260	-0.0047709	-0.0039781	-0.0031289	-0.0022170	-0.0012611	-0.0002455	+0.0008238	+0.0019324	+0.0030523	+0.0041520	+0.0052161	+0.0062104	+0.0071499	+0.0079986	+0.0087870	+0.0094987	+0.0100000	+0.0100000	+0.0100000
2015-01	0.023	-0.0097319	-0.0095690	-0.0093212	-0.0089428	-0.0083831	-0.0076287	-0.0066355	-0.0053979	-0.0039291	-0.0022503	-0.0003872	+0.0015959	+0.0036957	+0.0059940	+0.0087946	+0.0100000	+0.0100000	+0.0100000	+0.0100000	+0.0100000	+0.0100000
2015-02	-0.037	-0.0061083	-0.0054831	-0.0048178	-0.0041086	-0.0033394	-0.0025001	-0.0015987	-0.0006221	+0.0004085	+0.0014906	+0.0025989	+0.0037071	+0.0047741	+0.0057838	+0.0067350	+0.0076227	+0.0084497	+0.0092027	+0.0098984	+0.0100000	+0.0100000
