2013-06	-0.034	-0.0034270	-0.0032932	-0.0031512	-0.0029989	-0.0028321	-0.0026402	-0.0024196	-0.0021642	-0.0018661	-0.0015225	-0.0011482	-0.0007599	-0.0003512	+0.0000628	+0.0004631	+0.0008490	+0.0012209	+0.0015757	+0.0019087	+0.0022394	+0.0025624
2013-07	0.010	-0.0070057	-0.0066755	-0.0063217	-0.0059448	-0.0055302	-0.0050746	-0.0045661	-0.0039981	-0.0033559	-0.0026400	-0.0018611	-0.0010418	-0.0002088	+0.0006171	+0.0014277	+0.0022139	+0.0029697	+0.0036973	+0.0044074	+0.0050799	+0.0057167
2013-08	-0.015	-0.0024520	-0.0022461	-0.0020268	-0.0017889	-0.0015357	-0.0012678	-0.0009749	-0.0006668	-0.0003388	+0.0000028	+0.0003508	+0.0006948	+0.0010279	+0.0013441	+0.0016370	+0.0019096	+0.0021620	+0.0023917	+0.0026052	+0.0027985	+0.0029826
2013-09	0.012	-0.0030262	-0.0028503	-0.0026661	-0.0024622	-0.0022421	-0.0020035	-0.0017462	-0.0014678	-0.0011679	-0.0008451	-0.0005024	-0.0001480	+0.0002098	+0.0005602	+0.0008983	+0.0012233	+0.0015298	+0.0018172	+0.0020893	+0.0023494	+0.0025981
2013-10	0.017	-0.0023757	-0.0021417	-0.0019011	-0.0016388	-0.0013593	-0.0010625	-0.0007476	-0.0004144	-0.0000682	+0.0002888	+0.0006496	+0.0010079	+0.0013501	+0.0016678	+0.0019643	+0.0022305	+0.0024738	+0.0026994	+0.0029023	+0.0030936	+0.0032736
2013-11	-0.007	-0.0022396	-0.0019488	-0.0016458	-0.0013689	-0.0010576	-0.0007013	-0.0003833	-0.0000378	+0.0003450	+0.0006847	+0.0010136	+0.0013468	+0.0016356	+0.0018705	+0.0020695	+0.0022418	+0.0023946	+0.0025329	+0.0026594	+0.0027770	+0.0028880
2013-12	-0.005	-0.0023433	-0.0021810	-0.0020114	-0.0018286	-0.0016348	-0.0014264	-0.0012028	-0.0009640	-0.0007121	-0.0004475	-0.0001762	+0.0000940	+0.0003569	+0.0006051	+0.0008367	+0.0010487	+0.0012448	+0.0014267	+0.0015914	+0.0017444	+0.0018873
2014-01	0.010	-0.0011915	-0.0011203	-0.0010442	-0.0009623	-0.0008747	-0.0007816	-0.0006778	-0.0005683	-0.0004482	-0.0003224	-0.0001915	-0.0000603	+0.0000703	+0.0001916	+0.0003118	+0.0004263	+0.0005302	+0.0006286	+0.0007215	+0.0008090	+0.0008958
2014-02	0.013	-0.0016077	-0.0014382	-0.0012647	-0.0010812	-0.0008909	-0.0006899	-0.0004810	-0.0002635	-0.0000351	+0.0001944	+0.0004201	+0.0006376	+0.0008400	+0.0010281	+0.0011937	+0.0013427	+0.0014767	+0.0015978	+0.0017112	+0.0018145	+0.0019131
2014-03	0.004	-0.0015963	-0.0014027	-0.0012074	-0.0009984	-0.0007800	-0.0005513	-0.0003109	-0.0000646	+0.0001880	+0.0004408	+0.0006834	+0.0009122	+0.0011225	+0.0013079	+0.0014652	+0.0015987	+0.0017135	+0.0018159	+0.0019069	+0.0019885	+0.0020638
2014-04	0.007	-0.0010242	-0.0009428	-0.0008528	-0.0007563	-0.0006550	-0.0005463	-0.0004284	-0.0003007	-0.0001662	-0.0000254	+0.0001218	+0.0002661	+0.0004065	+0.0005403	+0.0006643	+0.0007810	+0.0008886	+0.0009892	+0.0010816	+0.0011673	+0.0012472
2014-05	0.016	-0.0011978	-0.0010663	-0.0009282	-0.0007867	-0.0006363	-0.0004766	-0.0003083	-0.0001322	+0.0000469	+0.0002316	+0.0004152	+0.0005955	+0.0007635	+0.0009196	+0.0010620	+0.0011928	+0.0013126	+0.0014204	+0.0015189	+0.0016112	+0.0016940
2014-06	0.001	-0.0020148	-0.0017650	-0.0015199	-0.0012601	-0.0009897	-0.0007050	-0.0004097	-0.0001050	+0.0002061	+0.0005178	+0.0008214	+0.0011089	+0.0013736	+0.0016108	+0.0018217	+0.0020092	+0.0021761	+0.0023249	+0.0024577	+0.0025832	+0.0027005
2014-07	-0.001	-0.0009030	-0.0008187	-0.0007302	-0.0006398	-0.0005407	-0.0004367	-0.0003275	-0.0002093	-0.0000893	+0.0000353	+0.0001634	+0.0002868	+0.0004017	+0.0005110	+0.0006103	+0.0007037	+0.0007881	+0.0008632	+0.0009323	+0.0009967	+0.0010532
2014-08	0.010	-0.0007964	-0.0007392	-0.0006741	-0.0006082	-0.0005374	-0.0004621	-0.0003817	-0.0002967	-0.0002030	-0.0001086	-0.0000139	+0.0000847	+0.0001790	+0.0002686	+0.0003535	+0.0004333	+0.0005048	+0.0005752	+0.0006367	+0.0006978	+0.0007544
2014-09	-0.015	-0.0012643	-0.0011068	-0.0008993	-0.0007218	-0.0005477	-0.0003245	-0.0001087	+0.0000892	+0.0003303	+0.0005528	+0.0007461	+0.0009546	+0.0011458	+0.0012900	+0.0014021	+0.0014960	+0.0015766	+0.0016491	+0.0017170	+0.0017804	+0.0018398
2014-10	0.008	-0.0023816	-0.0023127	-0.0022354	-0.0021506	-0.0020529	-0.0019402	-0.0018053	-0.0016375	-0.0014228	-0.0011625	-0.0008936	-0.0006117	-0.0003002	+0.0000043	+0.0002945	+0.0005912	+0.0008766	+0.0011436	+0.0014027	+0.0016516	+0.0018851
2014-11	0.001	-0.0012401	-0.0011124	-0.0009807	-0.0008436	-0.0006983	-0.0005466	-0.0003861	-0.0002210	-0.0000509	+0.0001183	+0.0002834	+0.0004427	+0.0005893	+0.0007221	+0.0008437	+0.0009511	+0.0010467	+0.0011355	+0.0012160	+0.0012877	+0.0013568
2014-12	-0.007	-0.0009259	-0.0008566	-0.0007849	-0.0007032	-0.0006111	-0.0005122	-0.0004021	-0.0002849	-0.0001518	-0.0000120	+0.0001336	+0.0002841	+0.0004304	+0.0005750	+0.0007096	+0.0008381	+0.0009599	+0.0010753	+0.0011807	+0.0012799	+0.0013736
2015-01	0.014	-0.0018591	-0.0017481	-0.0016298	-0.0015005	-0.0013585	-0.0012045	-0.0010370	-0.0008538	-0.0006544	-0.0004413	-0.0002179	+0.0000106	+0.0002384	+0.0004587	+0.0006704	+0.0008700	+0.0010587	+0.0012362	+0.0014076	+0.0015737	+0.0017249
2015-02	0.001	-0.0019729	-0.0017438	-0.0015084	-0.0012626	-0.0010062	-0.0007361	-0.0004589	-0.0001746	+0.0001226	+0.0004171	+0.0006997	+0.0009652	+0.0012088	+0.0014195	+0.0015968	+0.0017474	+0.0018783	+0.0019951	+0.0021001	+0.0021966	+0.0022852
