2011-02	0.032	-0.0065216	-0.0060296	-0.0055031	-0.0049483	-0.0043596	-0.0037320	-0.0030633	-0.0023492	-0.0015882	-0.0007917	+0.0000184	+0.0008244	+0.0016010	+0.0023432	+0.0030319	+0.0036593	+0.0042421	+0.0047724	+0.0052650	+0.0057316	+0.0061814
2011-03	-0.054	-0.0070426	-0.0064548	-0.0058140	-0.0051165	-0.0043843	-0.0036093	-0.0027717	-0.0018785	-0.0009396	+0.0000256	+0.0009944	+0.0019472	+0.0028473	+0.0036821	+0.0044430	+0.0051311	+0.0057449	+0.0063067	+0.0068068	+0.0072704	+0.0076876
2011-04	-0.019	-0.0097373	-0.0095735	-0.0093089	-0.0088917	-0.0082419	-0.0072739	-0.0058971	-0.0040282	-0.0016358	+0.0013223	+0.0048291	+0.0090942	+0.0100000	+0.0100000	+0.0100000	+0.0100000	+0.0100000	+0.0100000	+0.0100000	+0.0100000	+0.0100000
2011-05	-0.011	-0.0074727	-0.0070168	-0.0065030	-0.0059399	-0.0053299	-0.0046676	-0.0039334	-0.0031348	-0.0022805	-0.0013658	-0.0004152	+0.0005450	+0.0014897	+0.0023951	+0.0032543	+0.0040576	+0.0048134	+0.0055138	+0.0061835	+0.0067935	+0.0073785
2011-06	0.012	-0.0086082	-0.0081448	-0.0076183	-0.0070249	-0.0063632	-0.0056248	-0.0048081	-0.0039159	-0.0029469	-0.0019044	-0.0008206	+0.0002804	+0.0013744	+0.0024426	+0.0034644	+0.0044370	+0.0053824	+0.0063022	+0.0072239	+0.0081714	+0.0091546
2011-07	-0.005	-0.0057448	-0.0052483	-0.0047095	-0.0041546	-0.0035483	-0.0028988	-0.0021902	-0.0014248	-0.0006102	+0.0002424	+0.0011300	+0.0020137	+0.0028826	+0.0037133	+0.0044934	+0.0052242	+0.0059079	+0.0065531	+0.0071628	+0.0077342	+0.0082711
2011-08	-0.066	-0.0059101	-0.0055351	-0.0051410	-0.0047179	-0.0042663	-0.0037820	-0.0032670	-0.0027187	-0.0021468	-0.0015497	-0.0009441	-0.0003510	+0.0002164	+0.0007437	+0.0012340	+0.0016826	+0.0020877	+0.0024601	+0.0027950	+0.0031168	+0.0034131
2011-09	0.007	-0.0098274	-0.0097197	-0.0095504	-0.0092851	-0.0088870	-0.0083116	-0.0075192	-0.0064872	-0.0052002	-0.0036654	-0.0018986	+0.0001079	+0.0024189	+0.0053301	+0.0100000	+0.0100000	+0.0100000	+0.0100000	+0.0100000	+0.0100000	+0.0100000
2011-10	-0.003	-0.0091973	-0.0087960	-0.0082715	-0.0075935	-0.0067753	-0.0058192	-0.0047308	-0.0035294	-0.0022208	-0.0008309	+0.0006040	+0.0020583	+0.0034872	+0.0048677	+0.0062021	+0.0075096	+0.0088182	+0.0100000	+0.0100000	+0.0100000	+0.0100000
2011-11	-0.050	-0.0070805	-0.0064956	-0.0058552	-0.0051566	-0.0043928	-0.0035704	-0.0026717	-0.0017145	-0.0006912	+0.0003871	+0.0014974	+0.0026012	+0.0036798	+0.0047068	+0.0056619	+0.0065580	+0.0073980	+0.0081724	+0.0089082	+0.0096001	+0.0100000
2011-12	-0.003	-0.0090365	-0.0086610	-0.0081839	-0.0076012	-0.0069285	-0.0061513	-0.0052810	-0.0043013	-0.0032305	-0.0020871	-0.0008887	+0.0003348	+0.0015555	+0.0027481	+0.0038864	+0.0049815	+0.0060303	+0.0070764	+0.0081484	+0.0093491	+0.0100000
2012-01	0.035	-0.0079776	-0.0075154	-0.0070114	-0.0064684	-0.0058747	-0.0052309	-0.0045384	-0.0037854	-0.0029753	-0.0021202	-0.0012390	-0.0003552	+0.0005139	+0.0013421	+0.0021245	+0.0028498	+0.0035305	+0.0041786	+0.0047846	+0.0053574	+0.0059080
2012-02	0.094	-0.0054953	-0.0049807	-0.0044229	-0.0038173	-0.0031834	-0.0025091	-0.0017747	-0.0009848	-0.0001475	+0.0007335	+0.0016300	+0.0025165	+0.0033766	+0.0041949	+0.0049564	+0.0056533	+0.0063105	+0.0069106	+0.0074696	+0.0079950	+0.0085051
2012-03	0.025	-0.0083719	-0.0077081	-0.0070198	-0.0062056	-0.0050477	-0.0033180	-0.0018666	-0.0004798	+0.0014962	+0.0032112	+0.0046085	+0.0063035	+0.0079171	+0.0089750	+0.0097760	+0.0100000	+0.0100000	+0.0100000	+0.0100000	+0.0100000	+0.0100000
2012-04	-0.044	-0.0072560	-0.0066491	-0.0060112	-0.0053155	-0.0045655	-0.0037434	-0.0028746	-0.0019324	-0.0009231	+0.0001351	+0.0012237	+0.0023111	+0.0033671	+0.0043837	+0.0053291	+0.0062013	+0.0070135	+0.0077723	+0.0085053	+0.0091970	+0.0098563
2012-05	-0.112	-0.0093325	-0.0090316	-0.0086439	-0.0081530	-0.0075656	-0.0068816	-0.0061009	-0.0052134	-0.0042348	-0.0031694	-0.0020406	-0.0008880	+0.0002722	+0.0014134	+0.0025175	+0.0036087	+0.0046945	+0.0058170	+0.0071109	+0.0092138	+0.0100000
2012-06	0.060	-0.0099017	-0.0098372	-0.0097333	-0.0095672	-0.0092987	-0.0088833	-0.0082388	-0.0073060	-0.0060640	-0.0045511	-0.0024956	+0.0003540	+0.0049567	+0.0100000	+0.0100000	+0.0100000	+0.0100000	+0.0100000	+0.0100000	+0.0100000	+0.0100000
2012-07	-0.030	-0.0075532	-0.0067258	-0.0057778	-0.0046960	-0.0035116	-0.0022296	-0.0008457	+0.0005897	+0.0020962	+0.0036353	+0.0051676	+0.0066467	+0.0080537	+0.0093570	+0.0100000	+0.0100000	+0.0100000	+0.0100000	+0.0100000	+0.0100000	+0.0100000
2012-08	-0.004	-0.0094036	-0.0091038	-0.0087187	-0.0082259	-0.0076299	-0.0069190	-0.0061021	-0.0051791	-0.0041609	-0.0030615	-0.0019116	-0.0007407	+0.0004327	+0.0015776	+0.0026935	+0.0037922	+0.0048762	+0.0060233	+0.0074610	+0.0100000	+0.0100000
2012-09	0.024	-0.0063027	-0.0058280	-0.0053227	-0.0047942	-0.0042303	-0.0036282	-0.0029719	-0.0022716	-0.0015246	-0.0007388	+0.0000765	+0.0008870	+0.0016758	+0.0024428	+0.0031604	+0.0038465	+0.0044790	+0.0050703	+0.0056392	+0.0061752	+0.0066852
2012-10	0.012	-0.0076392	-0.0069934	-0.0062832	-0.0055053	-0.0046606	-0.0037667	-0.0028139	-0.0017754	-0.0006833	+0.0004509	+0.0016118	+0.0027625	+0.0038825	+0.0049396	+0.0059275	+0.0068497	+0.0077041	+0.0085191	+0.0092932	+0.0100000	+0.0100000
2012-11	0.043	-0.0060887	-0.0055736	-0.0050265	-0.0044313	-0.0037816	-0.0030811	-0.0023131	-0.0014947	-0.0006264	+0.0002865	+0.0012267	+0.0021646	+0.0030782	+0.0039455	+0.0047648	+0.0055210	+0.0062349	+0.0068838	+0.0075076	+0.0080802	+0.0086466
2012-12	0.089	-0.0076663	-0.0070855	-0.0064159	-0.0056916	-0.0049032	-0.0040562	-0.0031326	-0.0021390	-0.0010859	+0.0000283	+0.0011748	+0.0023131	+0.0034179	+0.0044753	+0.0054675	+0.0063980	+0.0072660	+0.0080880	+0.0088476	+0.0095894	+0.0100000
2013-01	0.090	-0.0084086	-0.0076803	-0.0067983	-0.0057502	-0.0044385	-0.0029213	-0.0013862	+0.0002636	+0.0020922	+0.0038526	+0.0055184	+0.0071905	+0.0087166	+0.0099687	+0.0100000	+0.0100000	+0.0100000	+0.0100000	+0.0100000	+0.0100000	+0.0100000
2013-02	0.021	-0.0082934	-0.0076230	-0.0067879	-0.0057927	-0.0047076	-0.0035102	-0.0021891	-0.0007722	+0.0007334	+0.0022869	+0.0038681	+0.0054250	+0.0069229	+0.0083365	+0.0096539	+0.0100000	+0.0100000	+0.0100000	+0.0100000	+0.0100000	+0.0100000
2013-03	0.069	-0.0068942	-0.0063496	-0.0057644	-0.0051333	-0.0044544	-0.0037347	-0.0029637	-0.0021271	-0.0012423	-0.0003197	+0.0006350	+0.0015801	+0.0025028	+0.0033862	+0.0042105	+0.0049824	+0.0057034	+0.0063674	+0.0070048	+0.0075963	+0.0081573
2013-04	0.121	-0.0083891	-0.0077340	-0.0069163	-0.0059654	-0.0049031	-0.0037445	-0.0025194	-0.0011984	+0.0001901	+0.0016086	+0.0030282	+0.0044154	+0.0057196	+0.0069276	+0.0080426	+0.0090759	+0.0100000	+0.0100000	+0.0100000	+0.0100000	+0.0100000
2013-05	-0.046	-0.0091989	-0.0087485	-0.0080437	-0.0070211	-0.0056104	-0.0037957	-0.0015832	+0.0010172	+0.0038995	+0.0069439	+0.0100000	+0.0100000	+0.0100000	+0.0100000	+0.0100000	+0.0100000	+0.0100000	+0.0100000	+0.0100000	+0.0100000	+0.0100000
2013-06	0.012	-0.0097479	-0.0095899	-0.0093482	-0.0089747	-0.0084278	-0.0076529	-0.0066133	-0.0052749	-0.0036854	-0.0018798	+0.0001151	+0.0022328	+0.0044875	+0.0070602	+0.0100000	+0.0100000	+0.0100000	+0.0100000	+0.0100000	+0.0100000	+0.0100000
2013-07	-0.007	-0.0095999	-0.0093553	-0.0090015	-0.0084692	-0.0077226	-0.0067158	-0.0054292	-0.0038739	-0.0020736	-0.0000729	+0.0020850	+0.0043533	+0.0067072	+0.0091586	+0.0100000	+0.0100000	+0.0100000	+0.0100000	+0.0100000	+0.0100000	+0.0100000
2013-08	-0.028	-0.0095203	-0.0092552	-0.0088663	-0.0083426	-0.0076651	-0.0068324	-0.0058427	-0.0047326	-0.0035550	-0.0023088	-0.0010532	+0.0001692	+0.0013422	+0.0024407	+0.0034751	+0.0045001	+0.0056459	+0.0077830	+0.0100000	+0.0100000	+0.0100000
2013-09	0.080	-0.0097826	-0.0096502	-0.0094495	-0.0091509	-0.0087268	-0.0081524	-0.0074096	-0.0064959	-0.0054132	-0.0041952	-0.0028669	-0.0014580	+0.0000193	+0.0015868	+0.0034087	+0.0061841	+0.0100000	+0.0100000	+0.0100000	+0.0100000	+0.0100000
2013-10	-0.002	-0.0093687	-0.0089944	-0.0084469	-0.0076868	-0.0066509	-0.0053729	-0.0038701	-0.0021583	-0.0002759	+0.0016865	+0.0036652	+0.0056098	+0.0074475	+0.0091595	+0.0100000	+0.0100000	+0.0100000	+0.0100000	+0.0100000	+0.0100000	+0.0100000
2013-11	0.040	-0.0065503	-0.0060339	-0.0054745	-0.0048692	-0.0042275	-0.0035322	-0.0027810	-0.0019743	-0.0011163	-0.0002159	+0.0007099	+0.0016403	+0.0025399	+0.0033947	+0.0041981	+0.0049502	+0.0056546	+0.0063087	+0.0069204	+0.0074975	+0.0080280
2013-12	0.027	-0.0074212	-0.0066631	-0.0058119	-0.0048706	-0.0038604	-0.0028001	-0.0016814	-0.0005121	+0.0006973	+0.0019157	+0.0031200	+0.0042643	+0.0053248	+0.0062916	+0.0071593	+0.0079539	+0.0086700	+0.0093240	+0.0099439	+0.0100000	+0.0100000
2014-01	-0.048	-0.0075859	-0.0069926	-0.0063484	-0.0056298	-0.0048443	-0.0039949	-0.0030555	-0.0020307	-0.0009392	+0.0002236	+0.0014104	+0.0026024	+0.0037660	+0.0048837	+0.0059307	+0.0069089	+0.0078243	+0.0086696	+0.0094734	+0.0100000	+0.0100000
2014-02	-0.017	-0.0096870	-0.0095000	-0.0092271	-0.0088259	-0.0082726	-0.0075499	-0.0066520	-0.0055791	-0.0043498	-0.0029982	-0.0015467	-0.0000331	+0.0015128	+0.0031021	+0.0047752	+0.0067614	+0.0100000	+0.0100000	+0.0100000	+0.0100000	+0.0100000
2014-03	0.002	-0.0079494	-0.0073043	-0.0065350	-0.0056998	-0.0047631	-0.0037377	-0.0026190	-0.0014189	-0.0001433	+0.0011866	+0.0025372	+0.0038809	+0.0051805	+0.0064145	+0.0075567	+0.0086135	+0.0095910	+0.0100000	+0.0100000	+0.0100000	+0.0100000
2014-04	-0.028	-0.0090931	-0.0086580	-0.0080905	-0.0073923	-0.0065367	-0.0055502	-0.0044566	-0.0032585	-0.0019824	-0.0006512	+0.0006993	+0.0020233	+0.0032987	+0.0045046	+0.0056382	+0.0067031	+0.0077170	+0.0087633	+0.0099812	+0.0100000	+0.0100000
2014-05	0.040	-0.0094276	-0.0091375	-0.0087363	-0.0082184	-0.0075654	-0.0068003	-0.0059217	-0.0049361	-0.0038639	-0.0027143	-0.0015127	-0.0003006	+0.0008969	+0.0020583	+0.0031940	+0.0043110	+0.0054495	+0.0067528	+0.0087408	+0.0100000	+0.0100000
2014-06	0.045	-0.0074142	-0.0068269	-0.0061771	-0.0054671	-0.0046840	-0.0038397	-0.0029149	-0.0019357	-0.0008994	+0.0001981	+0.0013255	+0.0024472	+0.0035263	+0.0045536	+0.0055137	+0.0063993	+0.0072157	+0.0079791	+0.0086856	+0.0093644	+0.0100000
2014-07	0.025	-0.0037322	-0.0033627	-0.0029779	-0.0025769	-0.0021466	-0.0016828	-0.0011828	-0.0006405	-0.0000659	+0.0005384	+0.0011624	+0.0017911	+0.0024093	+0.0029999	+0.0035624	+0.0040913	+0.0045892	+0.0050490	+0.0054907	+0.0059008	+0.0062876
2014-08	-0.014	-0.0037812	-0.0034568	-0.0031195	-0.0027601	-0.0023768	-0.0019636	-0.0015186	-0.0010435	-0.0005425	-0.0000197	+0.0005054	+0.0010302	+0.0015345	+0.0020146	+0.0024583	+0.0028757	+0.0032534	+0.0035981	+0.0039215	+0.0042260	+0.0044977
2014-09	0.031	-0.0054446	-0.0050626	-0.0046441	-0.0041996	-0.0037297	-0.0032315	-0.0027004	-0.0021246	-0.0015149	-0.0008755	-0.0002204	+0.0004343	+0.0010726	+0.0016799	+0.0022572	+0.0027908	+0.0032900	+0.0037509	+0.0041943	+0.0046059	+0.0049961
2014-10	-0.002	-0.0057848	-0.0052167	-0.0046319	-0.0040290	-0.0034010	-0.0027424	-0.0020421	-0.0013186	-0.0005722	+0.0001913	+0.0009521	+0.0016856	+0.0023761	+0.0030160	+0.0035999	+0.0041303	+0.0046126	+0.0050615	+0.0054685	+0.0058483	+0.0062025
2014-11	0.034	-0.0089855	-0.0085139	-0.0078862	-0.0071117	-0.0062264	-0.0052059	-0.0040582	-0.0027980	-0.0014294	+0.0000331	+0.0015435	+0.0030585	+0.0045310	+0.0059345	+0.0072775	+0.0085608	+0.0098189	+0.0100000	+0.0100000	+0.0100000	+0.0100000
2014-12	0.013	-0.0051229	-0.0046865	-0.0042267	-0.0037398	-0.0032178	-0.0026613	-0.0020655	-0.0014288	-0.0007466	-0.0000395	+0.0006815	+0.0014004	+0.0020958	+0.0027558	+0.0033736	+0.0039508	+0.0044934	+0.0049850	+0.0054559	+0.0058901	+0.0063013
2015-01	0.010	-0.0087267	-0.0082492	-0.0076747	-0.0070162	-0.0062514	-0.0054007	-0.0044732	-0.0034576	-0.0023683	-0.0012249	-0.0000487	+0.0011261	+0.0022858	+0.0034034	+0.0044529	+0.0054347	+0.0063719	+0.0072820	+0.0081869	+0.0091676	+0.0100000
2015-02	-0.000	-0.0055211	-0.0049097	-0.0042724	-0.0035808	-0.0028632	-0.0020970	-0.0012812	-0.0004128	+0.0004924	+0.0014290	+0.0023730	+0.0032991	+0.0041855	+0.0050172	+0.0057766	+0.0064743	+0.0071130	+0.0076923	+0.0082152	+0.0087004	+0.0091642
