2012-01	0.038	-0.0036012	-0.0033838	-0.0031476	-0.0028940	-0.0026273	-0.0023444	-0.0020396	-0.0017178	-0.0013755	-0.0010185	-0.0006471	-0.0002705	+0.0000975	+0.0004561	+0.0007947	+0.0011161	+0.0014214	+0.0017079	+0.0019737	+0.0022367	+0.0024807
2012-02	0.036	-0.0051955	-0.0046317	-0.0037784	-0.0032224	-0.0026369	-0.0017487	-0.0010570	-0.0004019	+0.0005212	+0.0012562	+0.0018972	+0.0026748	+0.0033497	+0.0038175	+0.0041865	+0.0045044	+0.0047858	+0.0050452	+0.0052785	+0.0054948	+0.0056963
2012-03	0.003	-0.0041508	-0.0036488	-0.0030866	-0.0025198	-0.0019737	-0.0013470	-0.0007004	-0.0000735	+0.0006051	+0.0012855	+0.0018925	+0.0024871	+0.0030568	+0.0035110	+0.0038617	+0.0041476	+0.0043908	+0.0046016	+0.0047873	+0.0049565	+0.0051064
2012-04	0.012	-0.0022482	-0.0020998	-0.0019488	-0.0017844	-0.0016071	-0.0014184	-0.0012163	-0.0009998	-0.0007707	-0.0005321	-0.0002890	-0.0000490	+0.0001828	+0.0004036	+0.0006089	+0.0007976	+0.0009733	+0.0011366	+0.0012879	+0.0014299	+0.0015605
2012-05	-0.015	-0.0011997	-0.0010667	-0.0009248	-0.0007745	-0.0006138	-0.0004432	-0.0002597	-0.0000651	+0.0001369	+0.0003476	+0.0005615	+0.0007738	+0.0009785	+0.0011740	+0.0013564	+0.0015246	+0.0016816	+0.0018311	+0.0019695	+0.0020998	+0.0022187
2012-06	0.018	-0.0042949	-0.0040498	-0.0037991	-0.0035227	-0.0032242	-0.0028992	-0.0025467	-0.0021677	-0.0017611	-0.0013312	-0.0008821	-0.0004291	+0.0000149	+0.0004399	+0.0008398	+0.0012159	+0.0015712	+0.0019024	+0.0022121	+0.0025056	+0.0027847
2012-07	0.023	-0.0027802	-0.0024884	-0.0021730	-0.0018515	-0.0015032	-0.0011353	-0.0007497	-0.0003407	+0.0000844	+0.0005212	+0.0009554	+0.0013756	+0.0017682	+0.0021287	+0.0024549	+0.0027478	+0.0030106	+0.0032456	+0.0034582	+0.0036459	+0.0038192
2012-08	0.010	-0.0021697	-0.0019184	-0.0016565	-0.0013731	-0.0010821	-0.0007745	-0.0004530	-0.0001126	+0.0002416	+0.0006029	+0.0009661	+0.0013197	+0.0016604	+0.0019797	+0.0022730	+0.0025458	+0.0027964	+0.0030321	+0.0032448	+0.0034473	+0.0036413
2012-09	0.007	-0.0016708	-0.0015209	-0.0013592	-0.0011913	-0.0010093	-0.0008160	-0.0006126	-0.0003975	-0.0001746	+0.0000583	+0.0002932	+0.0005240	+0.0007432	+0.0009474	+0.0011354	+0.0013070	+0.0014631	+0.0016054	+0.0017375	+0.0018583	+0.0019748
2012-10	0.022	-0.0040084	-0.0036505	-0.0032687	-0.0028717	-0.0024423	-0.0019917	-0.0015175	-0.0010058	-0.0004768	+0.0000662	+0.0006119	+0.0011512	+0.0016640	+0.0021391	+0.0025762	+0.0029754	+0.0033354	+0.0036585	+0.0039520	+0.0042246	+0.0044712
2012-11	0.012	-0.0024247	-0.0021237	-0.0018120	-0.0015002	-0.0011647	-0.0008156	-0.0004577	-0.0000833	+0.0002982	+0.0006751	+0.0010415	+0.0013899	+0.0017078	+0.0019870	+0.0022332	+0.0024496	+0.0026457	+0.0028234	+0.0029904	+0.0031454	+0.0032932
2012-12	0.020	-0.0013788	-0.0012337	-0.0010772	-0.0009087	-0.0007298	-0.0005379	-0.0003359	-0.0001182	+0.0001101	+0.0003487	+0.0005940	+0.0008383	+0.0010757	+0.0013018	+0.0015144	+0.0017144	+0.0018975	+0.0020698	+0.0022305	+0.0023819	+0.0025227
2013-01	0.006	-0.0022949	-0.0020548	-0.0016365	-0.0013429	-0.0010911	-0.0006853	-0.0003241	-0.0000387	+0.0003846	+0.0007629	+0.0010351	+0.0013702	+0.0017357	+0.0019523	+0.0021063	+0.0022300	+0.0023359	+0.0024296	+0.0025129	+0.0025880	+0.0026576
2013-02	0.010	-0.0015600	-0.0014624	-0.0013539	-0.0012411	-0.0011170	-0.0009827	-0.0008319	-0.0006686	-0.0004890	-0.0002949	-0.0000882	+0.0001248	+0.0003398	+0.0005491	+0.0007483	+0.0009410	+0.0011221	+0.0012924	+0.0014575	+0.0016102	+0.0017583
2013-03	0.005	-0.0023016	-0.0020470	-0.0017758	-0.0014949	-0.0011982	-0.0008821	-0.0005541	-0.0002036	+0.0001579	+0.0005241	+0.0008905	+0.0012427	+0.0015731	+0.0018756	+0.0021509	+0.0023969	+0.0026163	+0.0028147	+0.0029887	+0.0031466	+0.0032915
2013-04	0.009	-0.0007780	-0.0007089	-0.0006397	-0.0005621	-0.0004842	-0.0004018	-0.0003113	-0.0002201	-0.0001209	-0.0000214	+0.0000820	+0.0001776	+0.0002725	+0.0003589	+0.0004369	+0.0005102	+0.0005752	+0.0006356	+0.0006918	+0.0007435	+0.0007910
2013-05	-0.005	-0.0011196	-0.0009933	-0.0008585	-0.0007153	-0.0005607	-0.0004002	-0.0002323	-0.0000577	+0.0001208	+0.0003018	+0.0004789	+0.0006500	+0.0008088	+0.0009520	+0.0010792	+0.0011936	+0.0012955	+0.0013867	+0.0014717	+0.0015473	+0.0016156
2013-06	-0.047	-0.0019250	-0.0018073	-0.0016838	-0.0015515	-0.0014092	-0.0012530	-0.0010853	-0.0009031	-0.0007071	-0.0005000	-0.0002868	-0.0000712	+0.0001411	+0.0003435	+0.0005345	+0.0007109	+0.0008765	+0.0010321	+0.0011784	+0.0013141	+0.0014462
2013-07	0.024	-0.0076973	-0.0074417	-0.0071637	-0.0068600	-0.0065184	-0.0061338	-0.0056896	-0.0051498	-0.0044550	-0.0035836	-0.0026691	-0.0017523	-0.0007189	+0.0003466	+0.0012987	+0.0022862	+0.0032878	+0.0041410	+0.0049955	+0.0059087	+0.0067347
2013-08	-0.008	-0.0028637	-0.0025569	-0.0022328	-0.0018940	-0.0015378	-0.0011608	-0.0007642	-0.0003467	+0.0000870	+0.0005280	+0.0009668	+0.0013887	+0.0017823	+0.0021458	+0.0024790	+0.0027790	+0.0030494	+0.0032957	+0.0035196	+0.0037295	+0.0039158
2013-09	0.019	-0.0023060	-0.0021444	-0.0019761	-0.0017957	-0.0016065	-0.0014014	-0.0011845	-0.0009512	-0.0007080	-0.0004565	-0.0002007	+0.0000497	+0.0002897	+0.0005168	+0.0007281	+0.0009235	+0.0011015	+0.0012648	+0.0014145	+0.0015547	+0.0016854
2013-10	0.012	-0.0027325	-0.0024045	-0.0020758	-0.0017230	-0.0013542	-0.0009687	-0.0005755	-0.0001681	+0.0002523	+0.0006694	+0.0010727	+0.0014588	+0.0018110	+0.0021164	+0.0023815	+0.0026128	+0.0028163	+0.0029980	+0.0031649	+0.0033155	+0.0034530
2013-11	0.005	-0.0015551	-0.0013605	-0.0011522	-0.0009493	-0.0007319	-0.0004983	-0.0002678	-0.0000223	+0.0002293	+0.0004714	+0.0007075	+0.0009344	+0.0011380	+0.0013112	+0.0014572	+0.0015866	+0.0017013	+0.0018042	+0.0018986	+0.0019834	+0.0020631
2013-12	0.006	-0.0007343	-0.0006620	-0.0005853	-0.0005036	-0.0004178	-0.0003268	-0.0002277	-0.0001211	-0.0000098	+0.0001034	+0.0002221	+0.0003355	+0.0004467	+0.0005499	+0.0006453	+0.0007348	+0.0008160	+0.0008894	+0.0009544	+0.0010173	+0.0010729
2014-01	-0.004	-0.0008926	-0.0007807	-0.0006575	-0.0005459	-0.0004264	-0.0002940	-0.0001623	-0.0000299	+0.0001114	+0.0002479	+0.0003792	+0.0005042	+0.0006193	+0.0007170	+0.0007983	+0.0008668	+0.0009269	+0.0009819	+0.0010328	+0.0010763	+0.0011186
2014-02	0.007	-0.0017334	-0.0016224	-0.0015083	-0.0013862	-0.0012526	-0.0011118	-0.0009590	-0.0007958	-0.0006206	-0.0004369	-0.0002476	-0.0000574	+0.0001302	+0.0003072	+0.0004768	+0.0006367	+0.0007872	+0.0009269	+0.0010599	+0.0011871	+0.0013071
2014-03	-0.000	-0.0011228	-0.0009898	-0.0008599	-0.0007227	-0.0005765	-0.0004267	-0.0002663	-0.0001003	+0.0000684	+0.0002419	+0.0004127	+0.0005758	+0.0007289	+0.0008685	+0.0009969	+0.0011103	+0.0012135	+0.0013072	+0.0013924	+0.0014701	+0.0015428
2014-04	0.010	-0.0016175	-0.0015044	-0.0013831	-0.0012545	-0.0011142	-0.0009655	-0.0008041	-0.0006313	-0.0004460	-0.0002523	-0.0000518	+0.0001490	+0.0003459	+0.0005323	+0.0007068	+0.0008709	+0.0010224	+0.0011630	+0.0012924	+0.0014167	+0.0015339
2014-05	0.011	-0.0015484	-0.0013753	-0.0011941	-0.0010180	-0.0008314	-0.0006249	-0.0004203	-0.0002096	+0.0000121	+0.0002282	+0.0004376	+0.0006403	+0.0008197	+0.0009709	+0.0011020	+0.0012163	+0.0013196	+0.0014134	+0.0014980	+0.0015804	+0.0016578
2014-06	0.011	-0.0013007	-0.0011409	-0.0009786	-0.0008070	-0.0006286	-0.0004432	-0.0002476	-0.0000431	+0.0001686	+0.0003803	+0.0005877	+0.0007848	+0.0009682	+0.0011353	+0.0012863	+0.0014211	+0.0015409	+0.0016469	+0.0017427	+0.0018279	+0.0019073
2014-07	0.008	-0.0010836	-0.0009433	-0.0007891	-0.0006518	-0.0005068	-0.0003336	-0.0001721	-0.0000073	+0.0001842	+0.0003541	+0.0005146	+0.0006833	+0.0008285	+0.0009423	+0.0010357	+0.0011157	+0.0011872	+0.0012536	+0.0013127	+0.0013677	+0.0014221
2014-08	0.005	-0.0009890	-0.0008709	-0.0007516	-0.0006263	-0.0004964	-0.0003585	-0.0002148	-0.0000667	+0.0000851	+0.0002338	+0.0003828	+0.0005257	+0.0006555	+0.0007711	+0.0008754	+0.0009707	+0.0010558	+0.0011343	+0.0012078	+0.0012756	+0.0013414
2014-09	-0.007	-0.0007717	-0.0006885	-0.0006001	-0.0005063	-0.0004079	-0.0003028	-0.0001911	-0.0000735	+0.0000506	+0.0001777	+0.0003054	+0.0004319	+0.0005526	+0.0006655	+0.0007697	+0.0008642	+0.0009527	+0.0010315	+0.0011049	+0.0011738	+0.0012363
2014-10	-0.001	-0.0012443	-0.0011843	-0.0011224	-0.0010536	-0.0009769	-0.0008988	-0.0008102	-0.0007164	-0.0006145	-0.0005045	-0.0003869	-0.0002682	-0.0001465	-0.0000282	+0.0000894	+0.0001997	+0.0003096	+0.0004151	+0.0005126	+0.0006059	+0.0006956
2014-11	0.003	-0.0019514	-0.0018031	-0.0016480	-0.0014849	-0.0013116	-0.0011231	-0.0009211	-0.0007034	-0.0004713	-0.0002278	+0.0000235	+0.0002728	+0.0005163	+0.0007483	+0.0009656	+0.0011672	+0.0013555	+0.0015295	+0.0016924	+0.0018485	+0.0019924
2014-12	-0.027	-0.0005567	-0.0005155	-0.0004700	-0.0004200	-0.0003696	-0.0003105	-0.0002509	-0.0001826	-0.0001097	-0.0000363	+0.0000455	+0.0001234	+0.0002011	+0.0002785	+0.0003515	+0.0004198	+0.0004835	+0.0005390	+0.0005937	+0.0006482	+0.0006984
2015-01	-0.002	-0.0034541	-0.0033750	-0.0032899	-0.0031985	-0.0030940	-0.0029768	-0.0028410	-0.0026729	-0.0024364	-0.0018435	-0.0013794	-0.0010748	-0.0005463	+0.0000958	+0.0004089	+0.0009674	+0.0015456	+0.0018201	+0.0021599	+0.0028773	+0.0031377
2015-02	0.001	-0.0055980	-0.0051394	-0.0046535	-0.0041325	-0.0035904	-0.0029978	-0.0023657	-0.0016938	-0.0009899	-0.0002504	+0.0004998	+0.0012414	+0.0019499	+0.0026165	+0.0032364	+0.0038069	+0.0043276	+0.0048021	+0.0052418	+0.0056433	+0.0060212
