2011-02	0.014	-0.0077781	-0.0072012	-0.0065694	-0.0058817	-0.0051484	-0.0043734	-0.0035522	-0.0026821	-0.0017641	-0.0008159	+0.0001472	+0.0010869	+0.0019894	+0.0028396	+0.0036250	+0.0043429	+0.0050045	+0.0056104	+0.0061888	+0.0067455	+0.0072761
2011-03	-0.106	-0.0034611	-0.0031797	-0.0028876	-0.0025738	-0.0022414	-0.0018852	-0.0015060	-0.0010993	-0.0006686	-0.0002201	+0.0002338	+0.0006795	+0.0011069	+0.0015111	+0.0018830	+0.0022241	+0.0025345	+0.0028228	+0.0030855	+0.0033312	+0.0035497
2011-04	0.005	-0.0097966	-0.0096647	-0.0094482	-0.0091112	-0.0085871	-0.0077881	-0.0065932	-0.0049294	-0.0026940	+0.0002163	+0.0039866	+0.0095581	+0.0100000	+0.0100000	+0.0100000	+0.0100000	+0.0100000	+0.0100000	+0.0100000	+0.0100000	+0.0100000
2011-05	-0.008	-0.0018497	-0.0017163	-0.0015740	-0.0014247	-0.0012569	-0.0010739	-0.0008699	-0.0006464	-0.0004030	-0.0001439	+0.0001263	+0.0004031	+0.0006777	+0.0009405	+0.0011917	+0.0014285	+0.0016502	+0.0018580	+0.0020536	+0.0022386	+0.0024098
2011-06	0.009	-0.0032105	-0.0029919	-0.0027609	-0.0025117	-0.0022390	-0.0019457	-0.0016289	-0.0012855	-0.0009148	-0.0005244	-0.0001201	+0.0002870	+0.0006855	+0.0010714	+0.0014391	+0.0017839	+0.0021088	+0.0024158	+0.0027055	+0.0029791	+0.0032410
2011-07	-0.000	-0.0023463	-0.0021234	-0.0018923	-0.0016467	-0.0013868	-0.0011104	-0.0008141	-0.0004922	-0.0001541	+0.0001998	+0.0005618	+0.0009208	+0.0012688	+0.0016011	+0.0019117	+0.0022012	+0.0024695	+0.0027231	+0.0029590	+0.0031768	+0.0033850
2011-08	-0.050	-0.0023733	-0.0022083	-0.0020376	-0.0018487	-0.0016528	-0.0014423	-0.0012161	-0.0009765	-0.0007267	-0.0004680	-0.0002089	+0.0000496	+0.0002958	+0.0005288	+0.0007427	+0.0009388	+0.0011170	+0.0012789	+0.0014295	+0.0015656	+0.0016940
2011-09	-0.047	-0.0092712	-0.0089748	-0.0085976	-0.0081572	-0.0076359	-0.0070330	-0.0063541	-0.0055678	-0.0046775	-0.0037002	-0.0026268	-0.0014927	-0.0003310	+0.0008332	+0.0019778	+0.0031099	+0.0042407	+0.0053693	+0.0065613	+0.0079980	+0.0100000
2011-10	-0.004	-0.0089816	-0.0086618	-0.0082840	-0.0078658	-0.0073962	-0.0068659	-0.0062508	-0.0055526	-0.0047401	-0.0037904	-0.0027415	-0.0016460	-0.0005137	+0.0006367	+0.0017411	+0.0028441	+0.0039173	+0.0049490	+0.0060117	+0.0071459	+0.0083130
2011-11	-0.037	-0.0017222	-0.0016086	-0.0014914	-0.0013651	-0.0012316	-0.0010857	-0.0009278	-0.0007602	-0.0005817	-0.0003941	-0.0002002	-0.0000070	+0.0001780	+0.0003547	+0.0005188	+0.0006699	+0.0008088	+0.0009394	+0.0010622	+0.0011727	+0.0012774
2011-12	0.010	-0.0074525	-0.0070208	-0.0065636	-0.0060514	-0.0054897	-0.0048729	-0.0041922	-0.0034469	-0.0026344	-0.0017784	-0.0008954	-0.0000017	+0.0008910	+0.0017512	+0.0025675	+0.0033339	+0.0040634	+0.0047355	+0.0053657	+0.0059410	+0.0065038
2012-01	0.002	-0.0013509	-0.0012962	-0.0012360	-0.0011733	-0.0011007	-0.0010165	-0.0009247	-0.0008214	-0.0007061	-0.0005785	-0.0004435	-0.0002986	-0.0001529	-0.0000117	+0.0001282	+0.0002611	+0.0003873	+0.0005076	+0.0006213	+0.0007299	+0.0008342
2012-02	0.088	-0.0007140	-0.0006470	-0.0005774	-0.0005022	-0.0004204	-0.0003324	-0.0002371	-0.0001307	-0.0000208	+0.0000949	+0.0002122	+0.0003330	+0.0004489	+0.0005631	+0.0006661	+0.0007666	+0.0008561	+0.0009429	+0.0010190	+0.0010930	+0.0011619
2012-03	0.035	-0.0081626	-0.0076665	-0.0071134	-0.0064318	-0.0053394	-0.0031020	-0.0018046	-0.0005639	+0.0018441	+0.0035274	+0.0047766	+0.0067195	+0.0085335	+0.0094775	+0.0100000	+0.0100000	+0.0100000	+0.0100000	+0.0100000	+0.0100000	+0.0100000
2012-04	-0.003	-0.0074794	-0.0068197	-0.0061182	-0.0053439	-0.0045065	-0.0036183	-0.0026512	-0.0016127	-0.0005110	+0.0006444	+0.0018159	+0.0029833	+0.0041116	+0.0051839	+0.0061781	+0.0070888	+0.0079464	+0.0087421	+0.0094894	+0.0100000	+0.0100000
2012-05	-0.029	-0.0032848	-0.0031241	-0.0029450	-0.0027486	-0.0025341	-0.0022981	-0.0020384	-0.0017493	-0.0014340	-0.0010913	-0.0007284	-0.0003563	+0.0000155	+0.0003792	+0.0007286	+0.0010619	+0.0013768	+0.0016711	+0.0019476	+0.0022145	+0.0024687
2012-06	0.000	-0.0041559	-0.0039784	-0.0037870	-0.0035828	-0.0033571	-0.0031099	-0.0028359	-0.0025279	-0.0021778	-0.0017854	-0.0013562	-0.0009019	-0.0004381	+0.0000220	+0.0004729	+0.0009096	+0.0013306	+0.0017326	+0.0021096	+0.0024755	+0.0028359
2012-07	-0.045	-0.0007633	-0.0006804	-0.0005966	-0.0005074	-0.0004123	-0.0003070	-0.0002003	-0.0000834	+0.0000396	+0.0001681	+0.0003010	+0.0004296	+0.0005529	+0.0006704	+0.0007810	+0.0008815	+0.0009714	+0.0010596	+0.0011383	+0.0012112	+0.0012787
2012-08	-0.012	-0.0095034	-0.0092591	-0.0089256	-0.0084722	-0.0079130	-0.0072456	-0.0064676	-0.0055735	-0.0045735	-0.0034784	-0.0023166	-0.0011189	+0.0000825	+0.0012851	+0.0024844	+0.0036742	+0.0048790	+0.0062598	+0.0082476	+0.0100000	+0.0100000
2012-09	0.010	-0.0023753	-0.0022333	-0.0020833	-0.0019259	-0.0017583	-0.0015755	-0.0013782	-0.0011618	-0.0009305	-0.0006864	-0.0004328	-0.0001777	+0.0000747	+0.0003196	+0.0005523	+0.0007724	+0.0009793	+0.0011732	+0.0013586	+0.0015340	+0.0017020
2012-10	0.013	-0.0014153	-0.0012703	-0.0011154	-0.0009566	-0.0007821	-0.0005993	-0.0004055	-0.0001986	+0.0000222	+0.0002531	+0.0004882	+0.0007210	+0.0009444	+0.0011582	+0.0013564	+0.0015419	+0.0017130	+0.0018740	+0.0020219	+0.0021604	+0.0022878
2012-11	0.051	-0.0057536	-0.0053042	-0.0048104	-0.0042887	-0.0037146	-0.0031038	-0.0024316	-0.0017176	-0.0009599	-0.0001634	+0.0006523	+0.0014710	+0.0022602	+0.0030071	+0.0037064	+0.0043565	+0.0049566	+0.0055232	+0.0060475	+0.0065467	+0.0070276
2012-12	0.108	-0.0084672	-0.0078764	-0.0071699	-0.0063473	-0.0054127	-0.0043842	-0.0032745	-0.0020769	-0.0008123	+0.0005111	+0.0018597	+0.0032025	+0.0044933	+0.0057220	+0.0068825	+0.0079828	+0.0090350	+0.0100000	+0.0100000	+0.0100000	+0.0100000
2013-01	0.079	-0.0085688	-0.0079611	-0.0071675	-0.0061169	-0.0046153	-0.0027920	-0.0011193	+0.0006988	+0.0029931	+0.0050196	+0.0068557	+0.0088812	+0.0100000	+0.0100000	+0.0100000	+0.0100000	+0.0100000	+0.0100000	+0.0100000	+0.0100000	+0.0100000
2013-02	0.029	-0.0078941	-0.0071680	-0.0063330	-0.0053892	-0.0043326	-0.0031886	-0.0019441	-0.0006222	+0.0007711	+0.0022097	+0.0036738	+0.0051144	+0.0064928	+0.0077929	+0.0089982	+0.0100000	+0.0100000	+0.0100000	+0.0100000	+0.0100000	+0.0100000
2013-03	0.039	-0.0069241	-0.0064236	-0.0058613	-0.0052522	-0.0045938	-0.0038877	-0.0031167	-0.0022885	-0.0013940	-0.0004535	+0.0005167	+0.0014983	+0.0024569	+0.0033831	+0.0042618	+0.0050768	+0.0058409	+0.0065480	+0.0072253	+0.0078631	+0.0084654
2013-04	0.100	-0.0056262	-0.0049848	-0.0043298	-0.0036478	-0.0029146	-0.0021631	-0.0014057	-0.0006142	+0.0002088	+0.0010246	+0.0018189	+0.0025809	+0.0032732	+0.0038805	+0.0044107	+0.0048916	+0.0053224	+0.0057100	+0.0060642	+0.0063959	+0.0067011
2013-05	-0.025	-0.0091033	-0.0085920	-0.0078423	-0.0067783	-0.0053736	-0.0036629	-0.0017002	+0.0005573	+0.0030293	+0.0055522	+0.0080559	+0.0100000	+0.0100000	+0.0100000	+0.0100000	+0.0100000	+0.0100000	+0.0100000	+0.0100000	+0.0100000	+0.0100000
2013-06	0.018	-0.0096665	-0.0094584	-0.0091513	-0.0086974	-0.0080521	-0.0072018	-0.0061221	-0.0048224	-0.0033290	-0.0016906	+0.0000413	+0.0018143	+0.0035976	+0.0053975	+0.0073275	+0.0099047	+0.0100000	+0.0100000	+0.0100000	+0.0100000	+0.0100000
2013-07	0.009	-0.0096153	-0.0093890	-0.0090342	-0.0085249	-0.0078005	-0.0068250	-0.0055888	-0.0041083	-0.0023779	-0.0004417	+0.0016425	+0.0038331	+0.0061053	+0.0084822	+0.0100000	+0.0100000	+0.0100000	+0.0100000	+0.0100000	+0.0100000	+0.0100000
2013-08	-0.019	-0.0020715	-0.0019167	-0.0017532	-0.0015762	-0.0013907	-0.0011943	-0.0009864	-0.0007676	-0.0005393	-0.0003068	-0.0000773	+0.0001456	+0.0003569	+0.0005549	+0.0007329	+0.0008955	+0.0010429	+0.0011790	+0.0013031	+0.0014179	+0.0015244
2013-09	0.041	-0.0095057	-0.0092623	-0.0089348	-0.0084982	-0.0079563	-0.0073115	-0.0065771	-0.0057501	-0.0048424	-0.0038574	-0.0028227	-0.0017680	-0.0007188	+0.0003090	+0.0013115	+0.0023171	+0.0033214	+0.0044620	+0.0060950	+0.0100000	+0.0100000
2013-10	0.003	-0.0059340	-0.0053228	-0.0046824	-0.0040157	-0.0033047	-0.0025563	-0.0017839	-0.0009751	-0.0001529	+0.0006811	+0.0014962	+0.0022782	+0.0030045	+0.0036623	+0.0042513	+0.0047758	+0.0052497	+0.0056818	+0.0060836	+0.0064636	+0.0068161
2013-11	0.036	-0.0047027	-0.0043054	-0.0038884	-0.0034332	-0.0029483	-0.0024263	-0.0018676	-0.0012670	-0.0006285	+0.0000500	+0.0007476	+0.0014433	+0.0021155	+0.0027511	+0.0033458	+0.0039025	+0.0044214	+0.0049008	+0.0053578	+0.0057873	+0.0061779
2013-12	0.033	-0.0065947	-0.0058857	-0.0051302	-0.0043400	-0.0035033	-0.0026305	-0.0017127	-0.0007573	+0.0002316	+0.0012278	+0.0022120	+0.0031446	+0.0040163	+0.0048113	+0.0055213	+0.0061599	+0.0067375	+0.0072579	+0.0077342	+0.0081765	+0.0085968
2014-01	-0.009	-0.0063331	-0.0057531	-0.0051452	-0.0044933	-0.0037907	-0.0030350	-0.0022138	-0.0013317	-0.0003834	+0.0006127	+0.0016266	+0.0026393	+0.0036310	+0.0045766	+0.0054570	+0.0062714	+0.0070220	+0.0077269	+0.0083693	+0.0089724	+0.0095371
2014-02	-0.008	-0.0041056	-0.0037991	-0.0034709	-0.0031228	-0.0027500	-0.0023519	-0.0019270	-0.0014637	-0.0009707	-0.0004576	+0.0000678	+0.0005906	+0.0011002	+0.0015881	+0.0020490	+0.0024767	+0.0028748	+0.0032422	+0.0035867	+0.0039065	+0.0042166
2014-03	-0.003	-0.0031776	-0.0029358	-0.0026775	-0.0024055	-0.0021170	-0.0018044	-0.0014680	-0.0011106	-0.0007248	-0.0003239	+0.0000878	+0.0004963	+0.0008927	+0.0012679	+0.0016163	+0.0019399	+0.0022386	+0.0025117	+0.0027680	+0.0030032	+0.0032267
2014-04	-0.005	-0.0085543	-0.0080516	-0.0074536	-0.0067694	-0.0060010	-0.0051604	-0.0042474	-0.0032673	-0.0022394	-0.0011704	-0.0000896	+0.0009712	+0.0019903	+0.0029484	+0.0038369	+0.0046619	+0.0054157	+0.0061326	+0.0068146	+0.0075141	+0.0083018
2014-05	-0.002	-0.0032682	-0.0030850	-0.0028895	-0.0026767	-0.0024477	-0.0021959	-0.0019210	-0.0016200	-0.0012949	-0.0009468	-0.0005824	-0.0002149	+0.0001508	+0.0005031	+0.0008396	+0.0011564	+0.0014553	+0.0017313	+0.0019944	+0.0022433	+0.0024831
2014-06	0.035	-0.0044439	-0.0041510	-0.0038325	-0.0034893	-0.0031226	-0.0027273	-0.0023023	-0.0018467	-0.0013693	-0.0008697	-0.0003620	+0.0001404	+0.0006245	+0.0010824	+0.0015104	+0.0019052	+0.0022688	+0.0025983	+0.0029052	+0.0031856	+0.0034481
2014-07	0.028	-0.0033974	-0.0030508	-0.0027015	-0.0023320	-0.0019324	-0.0015090	-0.0010526	-0.0005530	-0.0000249	+0.0005274	+0.0010923	+0.0016507	+0.0021945	+0.0027145	+0.0032044	+0.0036600	+0.0040819	+0.0044734	+0.0048428	+0.0051876	+0.0055135
2014-08	-0.003	-0.0034042	-0.0031096	-0.0027915	-0.0024486	-0.0020839	-0.0016946	-0.0012739	-0.0008205	-0.0003379	+0.0001681	+0.0006895	+0.0012109	+0.0017166	+0.0021990	+0.0026521	+0.0030703	+0.0034613	+0.0038236	+0.0041600	+0.0044638	+0.0047574
2014-09	0.022	-0.0048451	-0.0044639	-0.0040564	-0.0036317	-0.0031708	-0.0026725	-0.0021353	-0.0015636	-0.0009486	-0.0002998	+0.0003737	+0.0010582	+0.0017342	+0.0023890	+0.0030122	+0.0036048	+0.0041679	+0.0046917	+0.0051858	+0.0056579	+0.0060909
2014-10	0.010	-0.0050099	-0.0045795	-0.0041354	-0.0036622	-0.0031621	-0.0026357	-0.0020681	-0.0014596	-0.0008261	-0.0001676	+0.0005012	+0.0011650	+0.0018103	+0.0024218	+0.0029969	+0.0035273	+0.0040225	+0.0044813	+0.0049140	+0.0053128	+0.0056865
2014-11	0.032	-0.0082837	-0.0076924	-0.0069740	-0.0061492	-0.0052340	-0.0042324	-0.0031297	-0.0019388	-0.0006549	+0.0007023	+0.0021056	+0.0035020	+0.0048583	+0.0061515	+0.0073605	+0.0084933	+0.0095688	+0.0100000	+0.0100000	+0.0100000	+0.0100000
2014-12	-0.003	-0.0046268	-0.0042301	-0.0038089	-0.0033606	-0.0028807	-0.0023549	-0.0017947	-0.0011910	-0.0005514	+0.0001237	+0.0008210	+0.0015187	+0.0022043	+0.0028678	+0.0034992	+0.0040890	+0.0046429	+0.0051630	+0.0056613	+0.0061238	+0.0065756
2015-01	-0.012	-0.0087086	-0.0082402	-0.0076956	-0.0070712	-0.0063577	-0.0055679	-0.0046981	-0.0037551	-0.0027348	-0.0016543	-0.0005320	+0.0005946	+0.0017054	+0.0027754	+0.0037973	+0.0047724	+0.0057023	+0.0066045	+0.0074906	+0.0084536	+0.0096251
2015-02	0.004	-0.0063144	-0.0057785	-0.0052126	-0.0046053	-0.0039449	-0.0032282	-0.0024558	-0.0016333	-0.0007590	+0.0001583	+0.0010874	+0.0020160	+0.0029103	+0.0037555	+0.0045401	+0.0052588	+0.0059246	+0.0065279	+0.0070855	+0.0076010	+0.0081039
