2011-02	-0.045	-0.0098465	-0.0097483	-0.0095960	-0.0093585	-0.0090114	-0.0085261	-0.0078588	-0.0070056	-0.0059576	-0.0047282	-0.0033202	-0.0017534	+0.0000010	+0.0020753	+0.0052127	+0.0100000	+0.0100000	+0.0100000	+0.0100000	+0.0100000	+0.0100000
2011-03	0.088	-0.0097117	-0.0095300	-0.0092692	-0.0088727	-0.0083080	-0.0075439	-0.0065516	-0.0053461	-0.0039371	-0.0023431	-0.0006090	+0.0011973	+0.0030919	+0.0050835	+0.0073504	+0.0100000	+0.0100000	+0.0100000	+0.0100000	+0.0100000	+0.0100000
2011-04	0.029	-0.0091087	-0.0086506	-0.0080366	-0.0072281	-0.0062637	-0.0051244	-0.0038248	-0.0023957	-0.0008470	+0.0007874	+0.0024797	+0.0041815	+0.0058453	+0.0074420	+0.0089857	+0.0100000	+0.0100000	+0.0100000	+0.0100000	+0.0100000	+0.0100000
2011-05	-0.056	-0.0090514	-0.0086341	-0.0081082	-0.0074570	-0.0067023	-0.0058324	-0.0048550	-0.0037776	-0.0026097	-0.0013605	-0.0000614	+0.0012574	+0.0025530	+0.0038035	+0.0050132	+0.0061637	+0.0072830	+0.0084001	+0.0096090	+0.0100000	+0.0100000
2011-06	-0.013	-0.0084881	-0.0079219	-0.0072195	-0.0064206	-0.0055015	-0.0044922	-0.0033932	-0.0022108	-0.0009741	+0.0003197	+0.0016288	+0.0029166	+0.0041487	+0.0053189	+0.0064228	+0.0074663	+0.0084480	+0.0094060	+0.0100000	+0.0100000	+0.0100000
2011-07	-0.025	-0.0091777	-0.0088114	-0.0083476	-0.0077936	-0.0071384	-0.0063951	-0.0055521	-0.0046263	-0.0036118	-0.0025330	-0.0013983	-0.0002363	+0.0009166	+0.0020318	+0.0031026	+0.0041321	+0.0051384	+0.0061587	+0.0072794	+0.0087307	+0.0100000
2011-08	-0.161	-0.0096177	-0.0093973	-0.0090754	-0.0086211	-0.0080201	-0.0072539	-0.0063331	-0.0052838	-0.0041210	-0.0028675	-0.0015670	-0.0002607	+0.0010252	+0.0022914	+0.0035558	+0.0049064	+0.0067064	+0.0100000	+0.0100000	+0.0100000	+0.0100000
2011-09	-0.102	-0.0098423	-0.0097396	-0.0095716	-0.0092968	-0.0088651	-0.0081750	-0.0071158	-0.0055209	-0.0031656	+0.0004174	+0.0065026	+0.0100000	+0.0100000	+0.0100000	+0.0100000	+0.0100000	+0.0100000	+0.0100000	+0.0100000	+0.0100000	+0.0100000
2011-10	0.057	-0.0098151	-0.0096966	-0.0095076	-0.0091981	-0.0087014	-0.0079327	-0.0067451	-0.0049733	-0.0023967	+0.0014131	+0.0077960	+0.0100000	+0.0100000	+0.0100000	+0.0100000	+0.0100000	+0.0100000	+0.0100000	+0.0100000	+0.0100000	+0.0100000
2011-11	-0.091	-0.0091167	-0.0086129	-0.0079082	-0.0069474	-0.0056862	-0.0041465	-0.0023308	-0.0002588	+0.0020242	+0.0044593	+0.0070066	+0.0095606	+0.0100000	+0.0100000	+0.0100000	+0.0100000	+0.0100000	+0.0100000	+0.0100000	+0.0100000	+0.0100000
2011-12	-0.034	-0.0098569	-0.0097652	-0.0096173	-0.0093806	-0.0090068	-0.0084330	-0.0075752	-0.0063373	-0.0046121	-0.0022914	+0.0008426	+0.0055374	+0.0100000	+0.0100000	+0.0100000	+0.0100000	+0.0100000	+0.0100000	+0.0100000	+0.0100000	+0.0100000
2012-01	0.085	-0.0098154	-0.0097007	-0.0095280	-0.0092572	-0.0088600	-0.0082982	-0.0075480	-0.0065931	-0.0054247	-0.0040637	-0.0025442	-0.0008703	+0.0009876	+0.0031006	+0.0059527	+0.0100000	+0.0100000	+0.0100000	+0.0100000	+0.0100000	+0.0100000
2012-02	0.123	-0.0092390	-0.0087940	-0.0081293	-0.0072203	-0.0059998	-0.0044991	-0.0027920	-0.0008295	+0.0013494	+0.0035512	+0.0056911	+0.0078386	+0.0098344	+0.0100000	+0.0100000	+0.0100000	+0.0100000	+0.0100000	+0.0100000	+0.0100000	+0.0100000
2012-03	-0.034	-0.0083354	-0.0075820	-0.0066537	-0.0055383	-0.0042140	-0.0027435	-0.0011517	+0.0005290	+0.0023029	+0.0040652	+0.0057897	+0.0074302	+0.0089443	+0.0100000	+0.0100000	+0.0100000	+0.0100000	+0.0100000	+0.0100000	+0.0100000	+0.0100000
2012-04	-0.026	-0.0097013	-0.0095248	-0.0092599	-0.0088598	-0.0082903	-0.0075312	-0.0065754	-0.0054057	-0.0040628	-0.0025595	-0.0009284	+0.0007662	+0.0025145	+0.0043305	+0.0063146	+0.0089997	+0.0100000	+0.0100000	+0.0100000	+0.0100000	+0.0100000
2012-05	-0.116	-0.0096594	-0.0094669	-0.0091718	-0.0087608	-0.0082010	-0.0074765	-0.0065932	-0.0055472	-0.0043737	-0.0030864	-0.0017175	-0.0003234	+0.0010796	+0.0024692	+0.0039075	+0.0055103	+0.0079037	+0.0100000	+0.0100000	+0.0100000	+0.0100000
2012-06	0.009	-0.0098934	-0.0098248	-0.0097162	-0.0095408	-0.0092621	-0.0088335	-0.0081919	-0.0072645	-0.0059883	-0.0042816	-0.0019794	+0.0012604	+0.0087632	+0.0100000	+0.0100000	+0.0100000	+0.0100000	+0.0100000	+0.0100000	+0.0100000	+0.0100000
2012-07	0.020	-0.0074036	-0.0068071	-0.0061762	-0.0054723	-0.0047195	-0.0038923	-0.0029920	-0.0020238	-0.0009762	+0.0001328	+0.0012911	+0.0024600	+0.0036199	+0.0047443	+0.0058117	+0.0068081	+0.0077720	+0.0086703	+0.0095254	+0.0100000	+0.0100000
2012-08	0.007	-0.0093780	-0.0090628	-0.0086130	-0.0080393	-0.0073169	-0.0064603	-0.0054764	-0.0043629	-0.0031492	-0.0018525	-0.0005133	+0.0008431	+0.0021685	+0.0034529	+0.0046936	+0.0058906	+0.0071244	+0.0085680	+0.0100000	+0.0100000	+0.0100000
2012-09	0.062	-0.0047723	-0.0044658	-0.0041390	-0.0037864	-0.0033977	-0.0029772	-0.0025096	-0.0019954	-0.0014363	-0.0008389	-0.0002110	+0.0004310	+0.0010693	+0.0016852	+0.0022731	+0.0028274	+0.0033592	+0.0038466	+0.0043004	+0.0047472	+0.0051506
2012-10	0.026	-0.0085472	-0.0079239	-0.0071344	-0.0061800	-0.0050754	-0.0038090	-0.0024302	-0.0009483	+0.0006172	+0.0022218	+0.0038459	+0.0054653	+0.0070171	+0.0084883	+0.0098882	+0.0100000	+0.0100000	+0.0100000	+0.0100000	+0.0100000	+0.0100000
2012-11	0.060	-0.0058884	-0.0054144	-0.0049074	-0.0043596	-0.0037770	-0.0031450	-0.0024687	-0.0017441	-0.0009828	-0.0001917	+0.0006144	+0.0014153	+0.0021923	+0.0029303	+0.0036113	+0.0042398	+0.0048256	+0.0053669	+0.0058630	+0.0063131	+0.0067394
2012-12	0.060	-0.0065752	-0.0059668	-0.0053182	-0.0046235	-0.0038787	-0.0030787	-0.0022209	-0.0012918	-0.0003229	+0.0006930	+0.0017274	+0.0027603	+0.0037612	+0.0047123	+0.0056062	+0.0064396	+0.0072196	+0.0079325	+0.0086006	+0.0092414	+0.0098641
2013-01	0.105	-0.0066441	-0.0058757	-0.0050357	-0.0041570	-0.0032452	-0.0022581	-0.0012064	-0.0001141	+0.0010224	+0.0021815	+0.0033343	+0.0044599	+0.0055188	+0.0064986	+0.0073880	+0.0081918	+0.0089205	+0.0095891	+0.0100000	+0.0100000	+0.0100000
2013-02	-0.045	-0.0079943	-0.0073080	-0.0064892	-0.0055862	-0.0045790	-0.0034875	-0.0023029	-0.0010434	+0.0002846	+0.0016408	+0.0030148	+0.0043705	+0.0056665	+0.0068795	+0.0080116	+0.0090537	+0.0100000	+0.0100000	+0.0100000	+0.0100000	+0.0100000
2013-03	0.016	-0.0097758	-0.0096414	-0.0094338	-0.0091274	-0.0086875	-0.0080957	-0.0073392	-0.0064170	-0.0053317	-0.0040727	-0.0026943	-0.0012193	+0.0003354	+0.0019891	+0.0038554	+0.0065585	+0.0100000	+0.0100000	+0.0100000	+0.0100000	+0.0100000
2013-04	0.047	-0.0088343	-0.0083831	-0.0078452	-0.0072179	-0.0064796	-0.0056478	-0.0047248	-0.0037082	-0.0025956	-0.0013962	-0.0001233	+0.0011838	+0.0024937	+0.0037698	+0.0049982	+0.0061794	+0.0073088	+0.0084222	+0.0095373	+0.0100000	+0.0100000
2013-05	0.044	-0.0089394	-0.0084110	-0.0077104	-0.0068444	-0.0058073	-0.0046242	-0.0032957	-0.0018511	-0.0003038	+0.0012990	+0.0029240	+0.0045386	+0.0060938	+0.0075493	+0.0089077	+0.0100000	+0.0100000	+0.0100000	+0.0100000	+0.0100000	+0.0100000
2013-06	-0.134	-0.0087456	-0.0082075	-0.0075120	-0.0066796	-0.0057230	-0.0046390	-0.0034317	-0.0021267	-0.0007230	+0.0007508	+0.0022486	+0.0037430	+0.0052064	+0.0065894	+0.0079058	+0.0091583	+0.0100000	+0.0100000	+0.0100000	+0.0100000	+0.0100000
2013-07	0.032	-0.0098362	-0.0097311	-0.0095653	-0.0092961	-0.0088658	-0.0081891	-0.0071644	-0.0056518	-0.0034420	-0.0002149	+0.0046089	+0.0100000	+0.0100000	+0.0100000	+0.0100000	+0.0100000	+0.0100000	+0.0100000	+0.0100000	+0.0100000	+0.0100000
2013-08	-0.053	-0.0088896	-0.0084499	-0.0079078	-0.0072727	-0.0065375	-0.0057185	-0.0048267	-0.0038401	-0.0027713	-0.0016406	-0.0004785	+0.0006942	+0.0018422	+0.0029363	+0.0039593	+0.0049337	+0.0058610	+0.0067928	+0.0077276	+0.0087806	+0.0100000
2013-09	0.093	-0.0098264	-0.0097159	-0.0095415	-0.0092689	-0.0088482	-0.0082198	-0.0073212	-0.0060984	-0.0045230	-0.0025717	-0.0002457	+0.0025693	+0.0062693	+0.0100000	+0.0100000	+0.0100000	+0.0100000	+0.0100000	+0.0100000	+0.0100000	+0.0100000
2013-10	0.051	-0.0094033	-0.0090531	-0.0085321	-0.0077837	-0.0067776	-0.0054971	-0.0039244	-0.0021016	-0.0000581	+0.0021210	+0.0043883	+0.0066416	+0.0088260	+0.0100000	+0.0100000	+0.0100000	+0.0100000	+0.0100000	+0.0100000	+0.0100000	+0.0100000
2013-11	0.047	-0.0074929	-0.0067503	-0.0059198	-0.0050082	-0.0040245	-0.0029520	-0.0018017	-0.0005808	+0.0007079	+0.0020235	+0.0033539	+0.0046576	+0.0059029	+0.0070587	+0.0081227	+0.0091066	+0.0100000	+0.0100000	+0.0100000	+0.0100000	+0.0100000
2013-12	0.040	-0.0082002	-0.0075845	-0.0068508	-0.0060147	-0.0050872	-0.0040652	-0.0029438	-0.0017402	-0.0004497	+0.0009223	+0.0023441	+0.0037733	+0.0051693	+0.0065191	+0.0078153	+0.0090310	+0.0100000	+0.0100000	+0.0100000	+0.0100000	+0.0100000
2014-01	-0.062	-0.0056865	-0.0051893	-0.0046648	-0.0041019	-0.0035072	-0.0028645	-0.0021775	-0.0014403	-0.0006558	+0.0001649	+0.0010050	+0.0018349	+0.0026398	+0.0033935	+0.0040954	+0.0047458	+0.0053418	+0.0058825	+0.0063930	+0.0068749	+0.0073264
2014-02	0.028	-0.0097394	-0.0095779	-0.0093257	-0.0089528	-0.0084207	-0.0076930	-0.0067607	-0.0056182	-0.0042814	-0.0027883	-0.0012046	+0.0004410	+0.0021415	+0.0039367	+0.0060659	+0.0100000	+0.0100000	+0.0100000	+0.0100000	+0.0100000	+0.0100000
2014-03	0.027	-0.0083466	-0.0077503	-0.0070390	-0.0062282	-0.0053192	-0.0042990	-0.0031980	-0.0020169	-0.0007603	+0.0005493	+0.0018778	+0.0031819	+0.0044251	+0.0055976	+0.0066864	+0.0076929	+0.0086325	+0.0095215	+0.0100000	+0.0100000	+0.0100000
2014-04	-0.014	-0.0062620	-0.0056548	-0.0049975	-0.0043063	-0.0035542	-0.0027368	-0.0018654	-0.0009271	+0.0000717	+0.0011162	+0.0021756	+0.0032295	+0.0042478	+0.0052058	+0.0060972	+0.0069217	+0.0076812	+0.0083882	+0.0090442	+0.0096562	+0.0100000
2014-05	0.043	-0.0067639	-0.0064278	-0.0060642	-0.0056664	-0.0052314	-0.0047657	-0.0042596	-0.0037015	-0.0030948	-0.0024495	-0.0017777	-0.0010892	-0.0004056	+0.0002547	+0.0008857	+0.0014842	+0.0020509	+0.0025848	+0.0030887	+0.0035607	+0.0039944
2014-06	0.032	-0.0081393	-0.0074724	-0.0066417	-0.0057098	-0.0046681	-0.0035320	-0.0023260	-0.0010345	+0.0003116	+0.0016912	+0.0030747	+0.0044100	+0.0056864	+0.0068818	+0.0079895	+0.0090082	+0.0099657	+0.0100000	+0.0100000	+0.0100000	+0.0100000
2014-07	0.071	-0.0048602	-0.0043911	-0.0039101	-0.0034136	-0.0029005	-0.0023467	-0.0017522	-0.0011238	-0.0004659	+0.0002179	+0.0009130	+0.0016004	+0.0022718	+0.0029090	+0.0035001	+0.0040523	+0.0045700	+0.0050524	+0.0055091	+0.0059330	+0.0063278
2014-08	0.019	-0.0068030	-0.0060314	-0.0052016	-0.0043315	-0.0034026	-0.0024134	-0.0013886	-0.0003014	+0.0008235	+0.0019680	+0.0031119	+0.0042242	+0.0052763	+0.0062431	+0.0071187	+0.0079156	+0.0086451	+0.0093100	+0.0099268	+0.0100000	+0.0100000
2014-09	0.033	-0.0058726	-0.0052264	-0.0045660	-0.0038481	-0.0030855	-0.0022766	-0.0014231	-0.0005245	+0.0004117	+0.0013759	+0.0023424	+0.0032900	+0.0041858	+0.0050123	+0.0057701	+0.0064572	+0.0070738	+0.0076294	+0.0081417	+0.0086140	+0.0090368
2014-10	0.017	-0.0082914	-0.0077222	-0.0070618	-0.0063070	-0.0054725	-0.0045514	-0.0035534	-0.0024700	-0.0013029	-0.0000769	+0.0011832	+0.0024268	+0.0036362	+0.0047823	+0.0058709	+0.0068858	+0.0078519	+0.0087622	+0.0096552	+0.0100000	+0.0100000
2014-11	0.110	-0.0069029	-0.0063787	-0.0057985	-0.0051718	-0.0044868	-0.0037422	-0.0029418	-0.0020750	-0.0011392	-0.0001580	+0.0008664	+0.0019031	+0.0029225	+0.0038929	+0.0048033	+0.0056516	+0.0064485	+0.0071839	+0.0078732	+0.0085284	+0.0091605
2014-12	-0.000	-0.0071549	-0.0063834	-0.0055428	-0.0046234	-0.0036237	-0.0025584	-0.0014527	-0.0003145	+0.0008873	+0.0020669	+0.0032101	+0.0043168	+0.0053313	+0.0062293	+0.0070170	+0.0077054	+0.0083205	+0.0088874	+0.0094090	+0.0099025	+0.0100000
2015-01	0.055	-0.0094527	-0.0091525	-0.0087211	-0.0081320	-0.0073643	-0.0064220	-0.0052986	-0.0040120	-0.0026053	-0.0010876	+0.0004951	+0.0021036	+0.0037021	+0.0052579	+0.0068099	+0.0083839	+0.0100000	+0.0100000	+0.0100000	+0.0100000	+0.0100000
2015-02	-0.010	-0.0082576	-0.0076765	-0.0070074	-0.0062334	-0.0053654	-0.0044145	-0.0033744	-0.0022482	-0.0010577	+0.0001915	+0.0014671	+0.0027244	+0.0039360	+0.0050819	+0.0061350	+0.0071205	+0.0080595	+0.0089358	+0.0097866	+0.0100000	+0.0100000
