2012-01	0.020	-0.364	-0.338	-0.310	-0.280	-0.248	-0.212	-0.170	-0.124	-0.064	0.020
2012-02	0.060	-0.340	-0.314	-0.284	-0.254	-0.222	-0.186	-0.146	-0.100	-0.040	0.046
2012-03	-0.020	-0.296	-0.270	-0.242	-0.212	-0.178	-0.142	-0.100	-0.054	0.006	0.090
2012-04	-0.008	-0.322	-0.298	-0.272	-0.244	-0.212	-0.176	-0.138	-0.090	-0.034	0.048
2012-05	-0.079	-0.356	-0.330	-0.302	-0.274	-0.242	-0.208	-0.168	-0.122	-0.064	0.018
2012-06	0.038	-0.418	-0.392	-0.364	-0.336	-0.304	-0.270	-0.230	-0.182	-0.124	-0.040
2012-07	0.017	-0.378	-0.352	-0.324	-0.296	-0.264	-0.230	-0.190	-0.144	-0.088	-0.004
2012-08	-0.018	-0.376	-0.350	-0.324	-0.294	-0.262	-0.226	-0.186	-0.140	-0.080	0.004
2012-09	0.010	-0.342	-0.320	-0.294	-0.268	-0.238	-0.206	-0.168	-0.124	-0.070	0.008
2012-10	0.010	-0.240	-0.216	-0.192	-0.166	-0.136	-0.106	-0.070	-0.028	0.024	0.096
2012-11	0.023	-0.266	-0.246	-0.224	-0.200	-0.174	-0.146	-0.114	-0.076	-0.030	0.036
2012-12	0.038	-0.206	-0.188	-0.168	-0.146	-0.122	-0.094	-0.066	-0.030	0.012	0.076
2013-01	0.048	-0.170	-0.152	-0.132	-0.110	-0.088	-0.062	-0.032	0.002	0.046	0.108
2013-02	-0.001	-0.154	-0.134	-0.114	-0.092	-0.066	-0.040	-0.008	0.028	0.074	0.138
2013-03	0.024	-0.202	-0.182	-0.162	-0.138	-0.114	-0.088	-0.058	-0.024	0.022	0.088
2013-04	0.051	-0.174	-0.154	-0.134	-0.112	-0.088	-0.062	-0.032	0.002	0.046	0.108
2013-05	-0.046	-0.128	-0.106	-0.084	-0.060	-0.034	-0.006	0.026	0.064	0.110	0.178
2013-06	-0.096	-0.102	-0.084	-0.062	-0.040	-0.016	0.012	0.044	0.080	0.126	0.194
2013-07	-0.014	-0.234	-0.214	-0.192	-0.170	-0.144	-0.116	-0.082	-0.046	0.002	0.072
2013-08	-0.029	-0.242	-0.220	-0.198	-0.174	-0.148	-0.120	-0.088	-0.050	-0.002	0.066
2013-09	0.035	-0.264	-0.242	-0.218	-0.192	-0.164	-0.134	-0.100	-0.060	-0.012	0.060
2013-10	0.018	-0.244	-0.222	-0.198	-0.172	-0.146	-0.116	-0.080	-0.040	0.008	0.080
2013-11	-0.013	-0.246	-0.224	-0.200	-0.174	-0.146	-0.116	-0.080	-0.040	0.010	0.084
2013-12	0.007	-0.266	-0.244	-0.220	-0.196	-0.168	-0.140	-0.106	-0.066	-0.014	0.058
2014-01	-0.020	-0.304	-0.282	-0.258	-0.234	-0.208	-0.178	-0.144	-0.104	-0.056	0.016
2014-02	0.004	-0.356	-0.334	-0.310	-0.286	-0.260	-0.230	-0.196	-0.156	-0.106	-0.034
2014-03	0.033	-0.348	-0.326	-0.302	-0.278	-0.250	-0.220	-0.184	-0.144	-0.092	-0.020
2014-04	-0.003	-0.342	-0.322	-0.300	-0.274	-0.248	-0.218	-0.182	-0.142	-0.090	-0.016
2014-05	-0.002	-0.356	-0.336	-0.314	-0.290	-0.266	-0.238	-0.206	-0.170	-0.124	-0.058
2014-06	0.010	-0.304	-0.286	-0.266	-0.244	-0.218	-0.192	-0.162	-0.126	-0.082	-0.018
2014-07	-0.003	-0.206	-0.188	-0.168	-0.148	-0.126	-0.102	-0.074	-0.042	-0.002	0.056
2014-08	0.005	-0.182	-0.164	-0.146	-0.128	-0.106	-0.084	-0.058	-0.026	0.012	0.068
2014-09	-0.032	-0.150	-0.134	-0.116	-0.098	-0.078	-0.056	-0.032	-0.004	0.034	0.086
2014-10	0.013	-0.198	-0.182	-0.166	-0.150	-0.130	-0.110	-0.086	-0.058	-0.022	0.028
2014-11	0.057	-0.186	-0.172	-0.156	-0.138	-0.120	-0.098	-0.076	-0.048	-0.014	0.036
2014-12	-0.007	-0.142	-0.128	-0.112	-0.096	-0.076	-0.056	-0.032	-0.004	0.032	0.084
2015-01	-0.053	-0.162	-0.146	-0.130	-0.112	-0.092	-0.070	-0.046	-0.018	0.020	0.072
2015-02	0.009	-0.174	-0.158	-0.142	-0.124	-0.104	-0.082	-0.058	-0.030	0.006	0.058
