2012-01	-0.011	-0.350	-0.330	-0.310	-0.286	-0.262	-0.234	-0.202	-0.166	-0.120	-0.056
2012-02	0.073	-0.372	-0.350	-0.328	-0.304	-0.278	-0.250	-0.218	-0.182	-0.136	-0.072
2012-03	-0.000	-0.318	-0.296	-0.274	-0.252	-0.226	-0.196	-0.164	-0.126	-0.080	-0.010
2012-04	-0.024	-0.332	-0.314	-0.292	-0.270	-0.244	-0.216	-0.184	-0.148	-0.102	-0.036
2012-05	-0.069	-0.368	-0.348	-0.326	-0.302	-0.278	-0.250	-0.218	-0.182	-0.136	-0.068
2012-06	-0.018	-0.398	-0.378	-0.358	-0.336	-0.312	-0.284	-0.252	-0.216	-0.170	-0.106
2012-07	-0.021	-0.406	-0.386	-0.364	-0.340	-0.316	-0.288	-0.256	-0.220	-0.176	-0.112
2012-08	0.020	-0.404	-0.384	-0.360	-0.338	-0.312	-0.284	-0.254	-0.218	-0.174	-0.108
2012-09	0.005	-0.380	-0.360	-0.340	-0.318	-0.294	-0.268	-0.238	-0.202	-0.158	-0.094
2012-10	0.021	-0.324	-0.306	-0.286	-0.264	-0.240	-0.212	-0.182	-0.148	-0.104	-0.042
2012-11	0.029	-0.324	-0.306	-0.288	-0.266	-0.242	-0.216	-0.186	-0.152	-0.108	-0.046
2012-12	0.072	-0.238	-0.220	-0.202	-0.182	-0.158	-0.132	-0.104	-0.072	-0.030	0.028
2013-01	0.045	-0.158	-0.140	-0.120	-0.100	-0.080	-0.056	-0.028	0.006	0.046	0.104
2013-02	-0.009	-0.126	-0.108	-0.088	-0.068	-0.044	-0.018	0.012	0.048	0.092	0.154
2013-03	-0.005	-0.202	-0.184	-0.164	-0.140	-0.116	-0.090	-0.062	-0.026	0.018	0.084
2013-04	0.064	-0.228	-0.210	-0.188	-0.166	-0.142	-0.114	-0.082	-0.044	0.002	0.066
2013-05	0.008	-0.158	-0.138	-0.116	-0.092	-0.066	-0.038	-0.004	0.038	0.088	0.162
2013-06	-0.045	-0.106	-0.084	-0.062	-0.038	-0.012	0.018	0.052	0.092	0.142	0.214
2013-07	0.010	-0.140	-0.120	-0.096	-0.072	-0.046	-0.016	0.016	0.056	0.106	0.178
2013-08	-0.016	-0.108	-0.088	-0.064	-0.040	-0.012	0.018	0.052	0.090	0.140	0.214
2013-09	0.014	-0.140	-0.118	-0.092	-0.066	-0.038	-0.008	0.026	0.068	0.120	0.192
2013-10	0.025	-0.126	-0.102	-0.078	-0.054	-0.028	0.002	0.036	0.076	0.126	0.200
2013-11	0.026	-0.124	-0.104	-0.082	-0.056	-0.030	0.000	0.034	0.074	0.126	0.200
2013-12	0.023	-0.122	-0.102	-0.080	-0.056	-0.030	0.000	0.034	0.074	0.124	0.196
2014-01	-0.026	-0.144	-0.124	-0.100	-0.076	-0.050	-0.022	0.012	0.050	0.100	0.172
2014-02	0.006	-0.208	-0.188	-0.168	-0.146	-0.122	-0.094	-0.064	-0.026	0.020	0.088
2014-03	0.010	-0.170	-0.152	-0.132	-0.112	-0.088	-0.062	-0.032	0.004	0.048	0.112
2014-04	-0.002	-0.154	-0.134	-0.116	-0.096	-0.072	-0.048	-0.020	0.014	0.056	0.118
2014-05	-0.015	-0.158	-0.144	-0.128	-0.110	-0.092	-0.070	-0.048	-0.022	0.012	0.060
2014-06	-0.000	-0.166	-0.150	-0.136	-0.120	-0.102	-0.082	-0.060	-0.034	0.000	0.046
2014-07	0.001	-0.126	-0.114	-0.100	-0.086	-0.070	-0.052	-0.032	-0.006	0.024	0.066
2014-08	0.005	-0.126	-0.112	-0.098	-0.084	-0.068	-0.052	-0.032	-0.008	0.020	0.062
2014-09	0.006	-0.092	-0.082	-0.070	-0.056	-0.042	-0.026	-0.008	0.014	0.042	0.080
2014-10	-0.006	-0.098	-0.088	-0.076	-0.064	-0.050	-0.034	-0.016	0.004	0.030	0.066
2014-11	0.071	-0.106	-0.094	-0.082	-0.070	-0.056	-0.040	-0.022	-0.002	0.022	0.058
2014-12	0.002	-0.090	-0.078	-0.066	-0.052	-0.038	-0.022	-0.002	0.020	0.046	0.086
2015-01	-0.075	-0.088	-0.078	-0.066	-0.052	-0.038	-0.022	-0.004	0.016	0.042	0.082
2015-02	0.012	-0.162	-0.148	-0.134	-0.120	-0.102	-0.084	-0.062	-0.038	-0.008	0.036
