2012-05	-0.064	-0.0010369	-0.0009333	-0.0008217	-0.0007005	-0.0005742	-0.0004508	-0.0003158	-0.0001728	-0.0000253	+0.0001310	+0.0002919	+0.0004560	+0.0006144	+0.0007648	+0.0009036	+0.0010321	+0.0011523	+0.0012649	+0.0013736	+0.0014782	+0.0015701
2012-06	0.036	-0.0011774	-0.0010687	-0.0009604	-0.0008501	-0.0007349	-0.0006126	-0.0004835	-0.0003454	-0.0001945	-0.0000352	+0.0001284	+0.0002930	+0.0004581	+0.0006091	+0.0007532	+0.0008882	+0.0010150	+0.0011322	+0.0012375	+0.0013407	+0.0014382
2012-07	0.027	-0.0011583	-0.0010515	-0.0009395	-0.0008254	-0.0007083	-0.0005828	-0.0004477	-0.0002974	-0.0001414	+0.0000212	+0.0001849	+0.0003470	+0.0005075	+0.0006641	+0.0008131	+0.0009492	+0.0010805	+0.0012047	+0.0013199	+0.0014301	+0.0015402
2012-08	-0.007	-0.0011425	-0.0010583	-0.0009630	-0.0008608	-0.0007460	-0.0006245	-0.0005000	-0.0003680	-0.0002306	-0.0000865	+0.0000608	+0.0002071	+0.0003485	+0.0004806	+0.0006040	+0.0007214	+0.0008318	+0.0009323	+0.0010283	+0.0011146	+0.0011889
2012-09	0.011	-0.0010383	-0.0009598	-0.0008742	-0.0007838	-0.0006828	-0.0005732	-0.0004496	-0.0003235	-0.0001917	-0.0000545	+0.0000875	+0.0002271	+0.0003632	+0.0004910	+0.0006152	+0.0007318	+0.0008439	+0.0009488	+0.0010400	+0.0011281	+0.0012111
2012-10	0.019	-0.0011187	-0.0010129	-0.0009170	-0.0008119	-0.0007046	-0.0005891	-0.0004645	-0.0003340	-0.0001920	-0.0000430	+0.0001051	+0.0002535	+0.0003938	+0.0005246	+0.0006476	+0.0007582	+0.0008620	+0.0009543	+0.0010441	+0.0011223	+0.0012050
2012-11	0.025	-0.0010200	-0.0009355	-0.0008449	-0.0007454	-0.0006403	-0.0005290	-0.0004139	-0.0002896	-0.0001603	-0.0000249	+0.0001148	+0.0002577	+0.0003974	+0.0005269	+0.0006492	+0.0007648	+0.0008721	+0.0009723	+0.0010660	+0.0011548	+0.0012389
2012-12	0.039	-0.0008674	-0.0007860	-0.0006941	-0.0006017	-0.0005001	-0.0003925	-0.0002783	-0.0001523	-0.0000190	+0.0001216	+0.0002661	+0.0004091	+0.0005490	+0.0006764	+0.0007964	+0.0009044	+0.0010074	+0.0011006	+0.0011892	+0.0012783	+0.0013607
2013-01	0.042	-0.0007949	-0.0007008	-0.0006041	-0.0005037	-0.0003982	-0.0002831	-0.0001600	-0.0000325	+0.0001075	+0.0002472	+0.0003888	+0.0005263	+0.0006574	+0.0007850	+0.0009076	+0.0010175	+0.0011179	+0.0012127	+0.0012993	+0.0013791	+0.0014520
2013-02	0.006	-0.0008105	-0.0006457	-0.0004891	-0.0003255	-0.0001560	+0.0000116	+0.0001806	+0.0003509	+0.0005226	+0.0006917	+0.0008439	+0.0009841	+0.0011156	+0.0012392	+0.0013582	+0.0014717	+0.0015784	+0.0016736	+0.0017621	+0.0018455	+0.0019226
2013-03	0.023	-0.0006932	-0.0005849	-0.0004637	-0.0003369	-0.0002036	-0.0000673	+0.0000739	+0.0002119	+0.0003499	+0.0004836	+0.0006129	+0.0007371	+0.0008552	+0.0009666	+0.0010695	+0.0011651	+0.0012536	+0.0013353	+0.0014117	+0.0014783	+0.0015372
2013-04	0.037	-0.0007455	-0.0006080	-0.0004502	-0.0003081	-0.0001659	-0.0000107	+0.0001556	+0.0003334	+0.0004958	+0.0006379	+0.0007629	+0.0008796	+0.0009871	+0.0010862	+0.0011759	+0.0012587	+0.0013333	+0.0014014	+0.0014633	+0.0015193	+0.0015784
2013-05	-0.026	-0.0008281	-0.0006375	-0.0004654	-0.0003154	-0.0001565	+0.0000142	+0.0002164	+0.0004306	+0.0006206	+0.0007788	+0.0009144	+0.0010424	+0.0011622	+0.0012750	+0.0013771	+0.0014702	+0.0015574	+0.0016382	+0.0017133	+0.0017825	+0.0018435
2013-06	-0.067	-0.0007926	-0.0006600	-0.0005154	-0.0003714	-0.0002313	-0.0000857	+0.0000690	+0.0002254	+0.0003817	+0.0005317	+0.0006723	+0.0007984	+0.0009177	+0.0010287	+0.0011322	+0.0012296	+0.0013184	+0.0014004	+0.0014805	+0.0015600	+0.0016348
2013-07	-0.013	-0.0007237	-0.0006369	-0.0005520	-0.0004701	-0.0003804	-0.0002841	-0.0001811	-0.0000698	+0.0000482	+0.0001692	+0.0002900	+0.0004096	+0.0005276	+0.0006395	+0.0007466	+0.0008476	+0.0009423	+0.0010309	+0.0011077	+0.0011811	+0.0012569
2013-08	-0.008	-0.0006915	-0.0006195	-0.0005392	-0.0004487	-0.0003521	-0.0002453	-0.0001377	-0.0000239	+0.0000941	+0.0002150	+0.0003380	+0.0004579	+0.0005735	+0.0006851	+0.0007947	+0.0008962	+0.0009912	+0.0010833	+0.0011676	+0.0012462	+0.0013223
2013-09	0.029	-0.0007117	-0.0006298	-0.0005452	-0.0004547	-0.0003636	-0.0002689	-0.0001688	-0.0000575	+0.0000621	+0.0001838	+0.0003078	+0.0004285	+0.0005435	+0.0006556	+0.0007599	+0.0008566	+0.0009451	+0.0010274	+0.0011069	+0.0011823	+0.0012497
2013-10	0.025	-0.0007815	-0.0006544	-0.0005337	-0.0004120	-0.0002840	-0.0001503	-0.0000015	+0.0001475	+0.0002922	+0.0004367	+0.0005779	+0.0007122	+0.0008391	+0.0009593	+0.0010722	+0.0011761	+0.0012747	+0.0013650	+0.0014577	+0.0015398	+0.0016197
2013-11	-0.006	-0.0007074	-0.0005990	-0.0004997	-0.0004071	-0.0003010	-0.0001857	-0.0000657	+0.0000602	+0.0001930	+0.0003270	+0.0004589	+0.0005860	+0.0007063	+0.0008183	+0.0009199	+0.0010142	+0.0011010	+0.0011821	+0.0012601	+0.0013347	+0.0014067
2013-12	0.005	-0.0007264	-0.0006403	-0.0005466	-0.0004462	-0.0003438	-0.0002356	-0.0001176	+0.0000066	+0.0001332	+0.0002636	+0.0003930	+0.0005222	+0.0006507	+0.0007680	+0.0008754	+0.0009757	+0.0010668	+0.0011548	+0.0012335	+0.0013095	+0.0013741
2014-01	-0.013	-0.0007422	-0.0006236	-0.0005135	-0.0004041	-0.0002983	-0.0001810	-0.0000624	+0.0000664	+0.0001970	+0.0003276	+0.0004572	+0.0005859	+0.0007073	+0.0008240	+0.0009341	+0.0010339	+0.0011241	+0.0012095	+0.0012871	+0.0013614	+0.0014433
2014-02	0.007	-0.0007747	-0.0006624	-0.0005599	-0.0004539	-0.0003506	-0.0002444	-0.0001357	-0.0000211	+0.0000990	+0.0002253	+0.0003533	+0.0004828	+0.0006062	+0.0007256	+0.0008354	+0.0009410	+0.0010376	+0.0011275	+0.0012144	+0.0012965	+0.0013831
2014-03	0.031	-0.0007148	-0.0006326	-0.0005491	-0.0004603	-0.0003652	-0.0002626	-0.0001531	-0.0000354	+0.0000854	+0.0002102	+0.0003393	+0.0004696	+0.0005956	+0.0007110	+0.0008195	+0.0009189	+0.0010065	+0.0010838	+0.0011562	+0.0012245	+0.0012917
2014-04	0.005	-0.0007564	-0.0006733	-0.0005811	-0.0004902	-0.0003925	-0.0002880	-0.0001774	-0.0000640	+0.0000564	+0.0001775	+0.0003018	+0.0004236	+0.0005449	+0.0006633	+0.0007709	+0.0008706	+0.0009635	+0.0010512	+0.0011359	+0.0012146	+0.0012899
2014-05	0.003	-0.0007511	-0.0006870	-0.0006174	-0.0005428	-0.0004611	-0.0003720	-0.0002751	-0.0001714	-0.0000598	+0.0000576	+0.0001761	+0.0002964	+0.0004153	+0.0005280	+0.0006317	+0.0007249	+0.0008118	+0.0008943	+0.0009676	+0.0010380	+0.0011041
2014-06	0.010	-0.0008323	-0.0007693	-0.0007030	-0.0006268	-0.0005432	-0.0004583	-0.0003662	-0.0002669	-0.0001621	-0.0000527	+0.0000604	+0.0001735	+0.0002856	+0.0003943	+0.0004946	+0.0005886	+0.0006741	+0.0007557	+0.0008364	+0.0009083	+0.0009721
2014-07	0.006	-0.0007936	-0.0007310	-0.0006619	-0.0005832	-0.0004980	-0.0004101	-0.0003170	-0.0002151	-0.0001069	+0.0000059	+0.0001186	+0.0002305	+0.0003377	+0.0004428	+0.0005402	+0.0006291	+0.0007078	+0.0007843	+0.0008530	+0.0009196	+0.0009843
2014-08	0.013	-0.0008244	-0.0007580	-0.0006816	-0.0006058	-0.0005265	-0.0004473	-0.0003595	-0.0002655	-0.0001679	-0.0000656	+0.0000402	+0.0001481	+0.0002522	+0.0003516	+0.0004445	+0.0005316	+0.0006148	+0.0006945	+0.0007721	+0.0008472	+0.0009121
2014-09	-0.015	-0.0007565	-0.0006991	-0.0006413	-0.0005748	-0.0005022	-0.0004260	-0.0003497	-0.0002690	-0.0001830	-0.0000937	+0.0000002	+0.0000925	+0.0001792	+0.0002625	+0.0003429	+0.0004178	+0.0004882	+0.0005541	+0.0006136	+0.0006689	+0.0007225
2014-10	0.014	-0.0006000	-0.0005465	-0.0004865	-0.0004200	-0.0003505	-0.0002809	-0.0002076	-0.0001302	-0.0000498	+0.0000373	+0.0001260	+0.0002153	+0.0003036	+0.0003856	+0.0004608	+0.0005302	+0.0005945	+0.0006533	+0.0007116	+0.0007656	+0.0008130
2014-11	0.037	-0.0004520	-0.0004007	-0.0003446	-0.0002824	-0.0002171	-0.0001474	-0.0000733	+0.0000058	+0.0000876	+0.0001700	+0.0002514	+0.0003329	+0.0004118	+0.0004855	+0.0005538	+0.0006171	+0.0006764	+0.0007348	+0.0007884	+0.0008379	+0.0008829
2014-12	-0.011	-0.0005652	-0.0004558	-0.0003440	-0.0002408	-0.0001320	-0.0000243	+0.0000876	+0.0001963	+0.0003003	+0.0003983	+0.0004921	+0.0005829	+0.0006685	+0.0007495	+0.0008216	+0.0008887	+0.0009509	+0.0010108	+0.0010661	+0.0011165	+0.0011633
2015-01	-0.037	-0.0005597	-0.0004650	-0.0003735	-0.0002862	-0.0001937	-0.0000980	-0.0000019	+0.0000964	+0.0001945	+0.0002876	+0.0003774	+0.0004628	+0.0005468	+0.0006261	+0.0007007	+0.0007698	+0.0008331	+0.0008902	+0.0009437	+0.0009931	+0.0010392
2015-02	0.001	-0.0005068	-0.0004390	-0.0003719	-0.0003021	-0.0002363	-0.0001643	-0.0000876	-0.0000079	+0.0000752	+0.0001609	+0.0002456	+0.0003288	+0.0004100	+0.0004885	+0.0005625	+0.0006289	+0.0006905	+0.0007442	+0.0007959	+0.0008451	+0.0008889
