2012-05	-0.092	-0.0021083	-0.0019495	-0.0017736	-0.0016046	-0.0014177	-0.0012225	-0.0010108	-0.0007873	-0.0005620	-0.0003293	-0.0000931	+0.0001454	+0.0003795	+0.0005988	+0.0008038	+0.0009890	+0.0011600	+0.0013221	+0.0014754	+0.0016207	+0.0017515
2012-06	0.027	-0.0020969	-0.0019365	-0.0017596	-0.0015811	-0.0013984	-0.0012081	-0.0010038	-0.0007834	-0.0005515	-0.0003080	-0.0000576	+0.0001902	+0.0004221	+0.0006412	+0.0008485	+0.0010401	+0.0012131	+0.0013686	+0.0015129	+0.0016594	+0.0017993
2012-07	0.035	-0.0022090	-0.0020564	-0.0019003	-0.0017244	-0.0015383	-0.0013457	-0.0011384	-0.0009243	-0.0006963	-0.0004581	-0.0002124	+0.0000295	+0.0002669	+0.0004911	+0.0007043	+0.0009058	+0.0010809	+0.0012390	+0.0013957	+0.0015452	+0.0016866
2012-08	-0.011	-0.0022740	-0.0021274	-0.0019757	-0.0018208	-0.0016480	-0.0014637	-0.0012664	-0.0010545	-0.0008259	-0.0005935	-0.0003580	-0.0001315	+0.0000888	+0.0002985	+0.0004963	+0.0006851	+0.0008603	+0.0010217	+0.0011645	+0.0013030	+0.0014273
2012-09	0.027	-0.0021255	-0.0019728	-0.0018228	-0.0016528	-0.0014723	-0.0012867	-0.0010936	-0.0008948	-0.0006803	-0.0004553	-0.0002251	+0.0000010	+0.0002169	+0.0004215	+0.0006192	+0.0007970	+0.0009599	+0.0011096	+0.0012516	+0.0013891	+0.0015382
2012-10	-0.012	-0.0020562	-0.0019029	-0.0017420	-0.0015856	-0.0014176	-0.0012418	-0.0010554	-0.0008595	-0.0006489	-0.0004284	-0.0001985	+0.0000294	+0.0002489	+0.0004508	+0.0006369	+0.0008114	+0.0009755	+0.0011264	+0.0012654	+0.0013836	+0.0014924
2012-11	0.020	-0.0020733	-0.0019349	-0.0017932	-0.0016462	-0.0014900	-0.0013121	-0.0011242	-0.0009290	-0.0007219	-0.0005050	-0.0002847	-0.0000601	+0.0001575	+0.0003615	+0.0005566	+0.0007357	+0.0008986	+0.0010517	+0.0011933	+0.0013319	+0.0014487
2012-12	0.061	-0.0019039	-0.0017741	-0.0016400	-0.0014908	-0.0013286	-0.0011564	-0.0009703	-0.0007703	-0.0005598	-0.0003482	-0.0001313	+0.0000867	+0.0002935	+0.0004909	+0.0006788	+0.0008503	+0.0010093	+0.0011571	+0.0012903	+0.0014129	+0.0015239
2013-01	-0.002	-0.0015099	-0.0013789	-0.0012505	-0.0011074	-0.0009543	-0.0007944	-0.0006206	-0.0004305	-0.0002355	-0.0000309	+0.0001770	+0.0003852	+0.0005854	+0.0007767	+0.0009496	+0.0011101	+0.0012535	+0.0013842	+0.0015080	+0.0016246	+0.0017330
2013-02	0.016	-0.0010219	-0.0008714	-0.0007231	-0.0005760	-0.0004258	-0.0002572	-0.0000811	+0.0000985	+0.0002848	+0.0004760	+0.0006737	+0.0008671	+0.0010508	+0.0012264	+0.0013884	+0.0015446	+0.0016898	+0.0018237	+0.0019493	+0.0020776	+0.0021865
2013-03	-0.004	-0.0010250	-0.0009089	-0.0007902	-0.0006500	-0.0005026	-0.0003439	-0.0001795	-0.0000090	+0.0001671	+0.0003486	+0.0005299	+0.0007079	+0.0008779	+0.0010401	+0.0011883	+0.0013267	+0.0014541	+0.0015790	+0.0017022	+0.0018159	+0.0019201
2013-04	0.058	-0.0009633	-0.0008512	-0.0007149	-0.0005721	-0.0004267	-0.0002825	-0.0001297	+0.0000329	+0.0002005	+0.0003728	+0.0005363	+0.0006995	+0.0008630	+0.0010201	+0.0011615	+0.0012888	+0.0014037	+0.0015070	+0.0016012	+0.0016847	+0.0017651
2013-05	-0.066	-0.0009031	-0.0007688	-0.0006248	-0.0004702	-0.0003138	-0.0001436	+0.0000350	+0.0002145	+0.0003947	+0.0005839	+0.0007727	+0.0009571	+0.0011359	+0.0012980	+0.0014472	+0.0015818	+0.0017088	+0.0018277	+0.0019333	+0.0020329	+0.0021221
2013-06	-0.042	-0.0010544	-0.0009427	-0.0008283	-0.0007040	-0.0005661	-0.0004200	-0.0002702	-0.0001092	+0.0000626	+0.0002388	+0.0004134	+0.0005876	+0.0007566	+0.0009138	+0.0010587	+0.0011958	+0.0013272	+0.0014527	+0.0015701	+0.0016785	+0.0017899
2013-07	0.016	-0.0013885	-0.0012933	-0.0011870	-0.0010678	-0.0009446	-0.0008101	-0.0006716	-0.0005293	-0.0003745	-0.0002127	-0.0000469	+0.0001199	+0.0002837	+0.0004415	+0.0005913	+0.0007302	+0.0008550	+0.0009670	+0.0010742	+0.0011816	+0.0012801
2013-08	-0.040	-0.0012511	-0.0011510	-0.0010454	-0.0009312	-0.0008082	-0.0006782	-0.0005414	-0.0003928	-0.0002332	-0.0000660	+0.0001026	+0.0002702	+0.0004348	+0.0005954	+0.0007487	+0.0008927	+0.0010246	+0.0011447	+0.0012593	+0.0013678	+0.0014754
2013-09	0.031	-0.0013034	-0.0012054	-0.0010980	-0.0009922	-0.0008822	-0.0007622	-0.0006279	-0.0004834	-0.0003274	-0.0001672	-0.0000047	+0.0001559	+0.0003122	+0.0004636	+0.0006057	+0.0007384	+0.0008625	+0.0009760	+0.0010860	+0.0011867	+0.0012759
2013-10	0.024	-0.0011005	-0.0009860	-0.0008652	-0.0007345	-0.0005924	-0.0004448	-0.0002925	-0.0001299	+0.0000377	+0.0002129	+0.0003874	+0.0005554	+0.0007199	+0.0008807	+0.0010315	+0.0011736	+0.0013010	+0.0014197	+0.0015308	+0.0016414	+0.0017501
2013-11	-0.007	-0.0010567	-0.0009681	-0.0008715	-0.0007523	-0.0006286	-0.0005019	-0.0003684	-0.0002241	-0.0000709	+0.0000923	+0.0002553	+0.0004148	+0.0005638	+0.0007099	+0.0008445	+0.0009670	+0.0010826	+0.0011912	+0.0013019	+0.0013978	+0.0014847
2013-12	0.006	-0.0010525	-0.0009736	-0.0008791	-0.0007779	-0.0006676	-0.0005492	-0.0004189	-0.0002766	-0.0001267	+0.0000311	+0.0001891	+0.0003517	+0.0005101	+0.0006607	+0.0008031	+0.0009346	+0.0010617	+0.0011816	+0.0012935	+0.0013963	+0.0014906
2014-01	-0.046	-0.0010345	-0.0009405	-0.0008450	-0.0007511	-0.0006418	-0.0005214	-0.0003900	-0.0002517	-0.0000989	+0.0000612	+0.0002270	+0.0003931	+0.0005507	+0.0006998	+0.0008403	+0.0009702	+0.0010912	+0.0012067	+0.0013116	+0.0014191	+0.0015140
2014-02	0.028	-0.0011378	-0.0010437	-0.0009458	-0.0008409	-0.0007287	-0.0006125	-0.0004914	-0.0003591	-0.0002182	-0.0000704	+0.0000837	+0.0002431	+0.0004002	+0.0005560	+0.0007039	+0.0008386	+0.0009658	+0.0010876	+0.0012036	+0.0013111	+0.0014108
2014-03	0.018	-0.0010619	-0.0009765	-0.0008861	-0.0007906	-0.0006856	-0.0005732	-0.0004477	-0.0003088	-0.0001614	-0.0000072	+0.0001536	+0.0003139	+0.0004702	+0.0006199	+0.0007572	+0.0008843	+0.0010032	+0.0011157	+0.0012224	+0.0013234	+0.0014162
2014-04	0.005	-0.0011480	-0.0010378	-0.0009414	-0.0008335	-0.0007231	-0.0006056	-0.0004801	-0.0003433	-0.0001959	-0.0000426	+0.0001126	+0.0002690	+0.0004206	+0.0005669	+0.0007055	+0.0008431	+0.0009714	+0.0010921	+0.0012057	+0.0013135	+0.0014122
2014-05	0.020	-0.0012816	-0.0012002	-0.0011041	-0.0010008	-0.0008884	-0.0007697	-0.0006468	-0.0005107	-0.0003658	-0.0002165	-0.0000673	+0.0000863	+0.0002384	+0.0003850	+0.0005248	+0.0006569	+0.0007763	+0.0008871	+0.0009926	+0.0010943	+0.0011865
2014-06	-0.005	-0.0012421	-0.0011438	-0.0010396	-0.0009377	-0.0008295	-0.0007174	-0.0005922	-0.0004660	-0.0003296	-0.0001815	-0.0000352	+0.0001157	+0.0002621	+0.0004030	+0.0005421	+0.0006681	+0.0007824	+0.0008844	+0.0009789	+0.0010684	+0.0011556
2014-07	0.004	-0.0011598	-0.0010747	-0.0009868	-0.0008931	-0.0007951	-0.0006815	-0.0005581	-0.0004257	-0.0002853	-0.0001417	+0.0000050	+0.0001542	+0.0002976	+0.0004358	+0.0005649	+0.0006836	+0.0007947	+0.0009002	+0.0009987	+0.0010865	+0.0011712
2014-08	0.013	-0.0011775	-0.0010828	-0.0009821	-0.0008853	-0.0007821	-0.0006719	-0.0005549	-0.0004311	-0.0002966	-0.0001561	-0.0000107	+0.0001338	+0.0002789	+0.0004167	+0.0005426	+0.0006540	+0.0007643	+0.0008668	+0.0009596	+0.0010500	+0.0011402
2014-09	-0.011	-0.0012041	-0.0011187	-0.0010333	-0.0009424	-0.0008489	-0.0007494	-0.0006396	-0.0005196	-0.0003939	-0.0002648	-0.0001380	-0.0000127	+0.0001098	+0.0002264	+0.0003373	+0.0004400	+0.0005362	+0.0006269	+0.0007171	+0.0007960	+0.0008654
2014-10	0.022	-0.0008068	-0.0007354	-0.0006660	-0.0005881	-0.0005074	-0.0004213	-0.0003276	-0.0002258	-0.0001178	-0.0000032	+0.0001137	+0.0002280	+0.0003373	+0.0004443	+0.0005453	+0.0006411	+0.0007294	+0.0008119	+0.0008878	+0.0009620	+0.0010248
2014-11	0.031	-0.0006330	-0.0005674	-0.0004957	-0.0004275	-0.0003510	-0.0002706	-0.0001837	-0.0000927	+0.0000016	+0.0001006	+0.0002021	+0.0003046	+0.0004058	+0.0005030	+0.0005908	+0.0006688	+0.0007417	+0.0008162	+0.0008806	+0.0009447	+0.0009995
2014-12	-0.029	-0.0005656	-0.0004866	-0.0004071	-0.0003303	-0.0002487	-0.0001658	-0.0000758	+0.0000150	+0.0001138	+0.0002182	+0.0003237	+0.0004298	+0.0005324	+0.0006289	+0.0007208	+0.0008048	+0.0008801	+0.0009461	+0.0010075	+0.0010656	+0.0011233
2015-01	-0.005	-0.0006617	-0.0005770	-0.0004934	-0.0004083	-0.0003185	-0.0002236	-0.0001271	-0.0000259	+0.0000814	+0.0001921	+0.0003047	+0.0004150	+0.0005222	+0.0006227	+0.0007155	+0.0008013	+0.0008774	+0.0009493	+0.0010157	+0.0010768	+0.0011307
2015-02	0.004	-0.0005881	-0.0005255	-0.0004550	-0.0003866	-0.0003116	-0.0002328	-0.0001476	-0.0000541	+0.0000434	+0.0001437	+0.0002469	+0.0003502	+0.0004461	+0.0005386	+0.0006249	+0.0007059	+0.0007794	+0.0008469	+0.0009106	+0.0009671	+0.0010214
