2012-06	-0.003	-0.0003802	-0.0003365	-0.0002898	-0.0002390	-0.0001825	-0.0001208	-0.0000538	+0.0000138	+0.0000832	+0.0001534	+0.0002226	+0.0002902	+0.0003546	+0.0004165	+0.0004724	+0.0005238	+0.0005722	+0.0006171	+0.0006583	+0.0006988	+0.0007350
2012-07	0.018	-0.0003800	-0.0003365	-0.0002895	-0.0002381	-0.0001827	-0.0001226	-0.0000599	+0.0000072	+0.0000782	+0.0001480	+0.0002163	+0.0002833	+0.0003480	+0.0004104	+0.0004682	+0.0005224	+0.0005724	+0.0006171	+0.0006573	+0.0006946	+0.0007325
2012-08	0.003	-0.0003711	-0.0003228	-0.0002701	-0.0002136	-0.0001530	-0.0000855	-0.0000152	+0.0000571	+0.0001284	+0.0002003	+0.0002701	+0.0003393	+0.0004042	+0.0004643	+0.0005196	+0.0005693	+0.0006142	+0.0006556	+0.0006944	+0.0007332	+0.0007670
2012-09	-0.011	-0.0003781	-0.0003303	-0.0002786	-0.0002259	-0.0001719	-0.0001134	-0.0000505	+0.0000117	+0.0000747	+0.0001419	+0.0002110	+0.0002773	+0.0003410	+0.0004004	+0.0004563	+0.0005084	+0.0005532	+0.0005945	+0.0006335	+0.0006725	+0.0007088
2012-10	0.004	-0.0004154	-0.0003682	-0.0003209	-0.0002736	-0.0002210	-0.0001661	-0.0001086	-0.0000488	+0.0000145	+0.0000805	+0.0001459	+0.0002108	+0.0002731	+0.0003334	+0.0003902	+0.0004430	+0.0004911	+0.0005381	+0.0005790	+0.0006165	+0.0006470
2012-11	0.013	-0.0003918	-0.0003502	-0.0003062	-0.0002581	-0.0002062	-0.0001494	-0.0000903	-0.0000290	+0.0000344	+0.0001020	+0.0001683	+0.0002347	+0.0002986	+0.0003596	+0.0004165	+0.0004669	+0.0005130	+0.0005557	+0.0005974	+0.0006391	+0.0006753
2012-12	0.007	-0.0003806	-0.0003402	-0.0003002	-0.0002564	-0.0002066	-0.0001544	-0.0000994	-0.0000414	+0.0000190	+0.0000820	+0.0001474	+0.0002099	+0.0002705	+0.0003274	+0.0003806	+0.0004319	+0.0004792	+0.0005232	+0.0005670	+0.0006071	+0.0006408
2013-01	-0.020	-0.0004094	-0.0003712	-0.0003303	-0.0002874	-0.0002417	-0.0001929	-0.0001423	-0.0000884	-0.0000320	+0.0000269	+0.0000871	+0.0001474	+0.0002052	+0.0002592	+0.0003102	+0.0003568	+0.0003993	+0.0004401	+0.0004761	+0.0005114	+0.0005424
2013-02	0.009	-0.0004623	-0.0004257	-0.0003910	-0.0003518	-0.0003102	-0.0002637	-0.0002148	-0.0001623	-0.0001055	-0.0000464	+0.0000145	+0.0000742	+0.0001326	+0.0001877	+0.0002387	+0.0002860	+0.0003289	+0.0003684	+0.0004048	+0.0004404	+0.0004727
2013-03	0.010	-0.0003889	-0.0003558	-0.0003190	-0.0002806	-0.0002402	-0.0001979	-0.0001520	-0.0001035	-0.0000510	+0.0000033	+0.0000585	+0.0001123	+0.0001654	+0.0002144	+0.0002605	+0.0003031	+0.0003424	+0.0003785	+0.0004141	+0.0004478	+0.0004780
2013-04	0.015	-0.0002971	-0.0002555	-0.0002111	-0.0001612	-0.0001085	-0.0000567	-0.0000018	+0.0000548	+0.0001124	+0.0001716	+0.0002302	+0.0002858	+0.0003380	+0.0003855	+0.0004289	+0.0004701	+0.0005078	+0.0005438	+0.0005774	+0.0006073	+0.0006341
2013-05	-0.020	-0.0002988	-0.0002474	-0.0001993	-0.0001497	-0.0000997	-0.0000466	+0.0000085	+0.0000625	+0.0001168	+0.0001708	+0.0002230	+0.0002734	+0.0003216	+0.0003681	+0.0004112	+0.0004526	+0.0004912	+0.0005279	+0.0005626	+0.0005971	+0.0006317
2013-06	-0.027	-0.0002635	-0.0002278	-0.0001923	-0.0001564	-0.0001187	-0.0000767	-0.0000315	+0.0000165	+0.0000670	+0.0001199	+0.0001719	+0.0002241	+0.0002738	+0.0003196	+0.0003616	+0.0003998	+0.0004336	+0.0004655	+0.0004957	+0.0005229	+0.0005500
2013-07	0.003	-0.0003902	-0.0003512	-0.0003117	-0.0002717	-0.0002292	-0.0001844	-0.0001382	-0.0000884	-0.0000361	+0.0000177	+0.0000715	+0.0001235	+0.0001742	+0.0002226	+0.0002671	+0.0003074	+0.0003471	+0.0003832	+0.0004174	+0.0004491	+0.0004795
2013-08	-0.013	-0.0003405	-0.0003063	-0.0002700	-0.0002319	-0.0001925	-0.0001502	-0.0001052	-0.0000572	-0.0000075	+0.0000455	+0.0000992	+0.0001516	+0.0002037	+0.0002535	+0.0002983	+0.0003408	+0.0003796	+0.0004146	+0.0004486	+0.0004804	+0.0005093
2013-09	0.009	-0.0004034	-0.0003693	-0.0003334	-0.0002978	-0.0002596	-0.0002189	-0.0001761	-0.0001295	-0.0000813	-0.0000323	+0.0000193	+0.0000723	+0.0001236	+0.0001721	+0.0002184	+0.0002613	+0.0003021	+0.0003385	+0.0003726	+0.0004050	+0.0004370
2013-10	0.010	-0.0004525	-0.0004199	-0.0003864	-0.0003501	-0.0003103	-0.0002685	-0.0002251	-0.0001789	-0.0001308	-0.0000800	-0.0000285	+0.0000233	+0.0000734	+0.0001223	+0.0001669	+0.0002089	+0.0002485	+0.0002844	+0.0003186	+0.0003505	+0.0003830
2013-11	-0.003	-0.0003975	-0.0003624	-0.0003280	-0.0002913	-0.0002528	-0.0002117	-0.0001675	-0.0001213	-0.0000729	-0.0000230	+0.0000280	+0.0000786	+0.0001285	+0.0001757	+0.0002208	+0.0002638	+0.0003036	+0.0003411	+0.0003756	+0.0004088	+0.0004388
2013-12	-0.014	-0.0004340	-0.0004064	-0.0003735	-0.0003404	-0.0003047	-0.0002660	-0.0002250	-0.0001808	-0.0001337	-0.0000844	-0.0000338	+0.0000163	+0.0000650	+0.0001108	+0.0001538	+0.0001934	+0.0002287	+0.0002629	+0.0002934	+0.0003248	+0.0003570
2014-01	0.021	-0.0004659	-0.0004351	-0.0004017	-0.0003673	-0.0003310	-0.0002917	-0.0002511	-0.0002063	-0.0001602	-0.0001124	-0.0000635	-0.0000139	+0.0000346	+0.0000803	+0.0001238	+0.0001630	+0.0001966	+0.0002279	+0.0002581	+0.0002866	+0.0003136
2014-02	0.008	-0.0003971	-0.0003665	-0.0003347	-0.0002991	-0.0002624	-0.0002244	-0.0001838	-0.0001395	-0.0000928	-0.0000437	+0.0000069	+0.0000567	+0.0001035	+0.0001478	+0.0001881	+0.0002262	+0.0002640	+0.0002978	+0.0003283	+0.0003568	+0.0003815
2014-03	0.003	-0.0004182	-0.0003817	-0.0003424	-0.0003026	-0.0002615	-0.0002208	-0.0001796	-0.0001346	-0.0000865	-0.0000362	+0.0000159	+0.0000676	+0.0001173	+0.0001629	+0.0002051	+0.0002447	+0.0002815	+0.0003143	+0.0003458	+0.0003757	+0.0004050
2014-04	0.004	-0.0004061	-0.0003765	-0.0003458	-0.0003137	-0.0002773	-0.0002387	-0.0001977	-0.0001543	-0.0001073	-0.0000585	-0.0000092	+0.0000409	+0.0000882	+0.0001330	+0.0001751	+0.0002149	+0.0002519	+0.0002847	+0.0003158	+0.0003446	+0.0003717
2014-05	0.015	-0.0003663	-0.0003380	-0.0003065	-0.0002747	-0.0002384	-0.0001997	-0.0001584	-0.0001146	-0.0000686	-0.0000198	+0.0000294	+0.0000780	+0.0001245	+0.0001667	+0.0002061	+0.0002427	+0.0002772	+0.0003100	+0.0003427	+0.0003758	+0.0004052
2014-06	0.002	-0.0003223	-0.0002888	-0.0002561	-0.0002214	-0.0001836	-0.0001440	-0.0001030	-0.0000576	-0.0000106	+0.0000381	+0.0000869	+0.0001356	+0.0001817	+0.0002243	+0.0002658	+0.0003046	+0.0003397	+0.0003735	+0.0004074	+0.0004390	+0.0004682
2014-07	0.007	-0.0003249	-0.0002958	-0.0002654	-0.0002324	-0.0001971	-0.0001598	-0.0001214	-0.0000795	-0.0000345	+0.0000125	+0.0000607	+0.0001087	+0.0001553	+0.0001988	+0.0002378	+0.0002747	+0.0003084	+0.0003397	+0.0003700	+0.0003972	+0.0004210
2014-08	0.017	-0.0003453	-0.0003139	-0.0002811	-0.0002467	-0.0002108	-0.0001722	-0.0001307	-0.0000879	-0.0000426	+0.0000039	+0.0000504	+0.0000974	+0.0001423	+0.0001851	+0.0002252	+0.0002618	+0.0002965	+0.0003290	+0.0003558	+0.0003805	+0.0004037
2014-09	-0.004	-0.0003126	-0.0002857	-0.0002552	-0.0002241	-0.0001884	-0.0001504	-0.0001105	-0.0000680	-0.0000235	+0.0000232	+0.0000697	+0.0001152	+0.0001598	+0.0002007	+0.0002389	+0.0002745	+0.0003078	+0.0003397	+0.0003709	+0.0003987	+0.0004260
2014-10	0.006	-0.0002679	-0.0002372	-0.0002036	-0.0001703	-0.0001341	-0.0000961	-0.0000555	-0.0000129	+0.0000328	+0.0000806	+0.0001275	+0.0001743	+0.0002192	+0.0002609	+0.0003013	+0.0003392	+0.0003742	+0.0004066	+0.0004387	+0.0004665	+0.0004939
2014-11	0.013	-0.0002476	-0.0002084	-0.0001645	-0.0001215	-0.0000747	-0.0000248	+0.0000235	+0.0000712	+0.0001194	+0.0001683	+0.0002159	+0.0002631	+0.0003068	+0.0003470	+0.0003823	+0.0004154	+0.0004457	+0.0004728	+0.0004966	+0.0005189	+0.0005409
2014-12	0.006	-0.0002428	-0.0001986	-0.0001503	-0.0000977	-0.0000458	+0.0000063	+0.0000584	+0.0001099	+0.0001589	+0.0002078	+0.0002555	+0.0003013	+0.0003440	+0.0003816	+0.0004173	+0.0004502	+0.0004810	+0.0005076	+0.0005328	+0.0005573	+0.0005809
2015-01	0.019	-0.0002469	-0.0001832	-0.0001282	-0.0000748	-0.0000213	+0.0000393	+0.0001039	+0.0001766	+0.0002454	+0.0003012	+0.0003496	+0.0003934	+0.0004337	+0.0004705	+0.0005045	+0.0005345	+0.0005611	+0.0005844	+0.0006065	+0.0006264	+0.0006466
2015-02	0.001	-0.0002941	-0.0002243	-0.0001431	-0.0000753	-0.0000187	+0.0000354	+0.0001051	+0.0001885	+0.0002630	+0.0003198	+0.0003675	+0.0004089	+0.0004469	+0.0004813	+0.0005126	+0.0005409	+0.0005660	+0.0005896	+0.0006122	+0.0006338	+0.0006535
