2012-05	-0.136	-0.0029086	-0.0027447	-0.0025471	-0.0023298	-0.0020978	-0.0018583	-0.0016121	-0.0013420	-0.0010605	-0.0007659	-0.0004778	-0.0002022	+0.0000653	+0.0003219	+0.0005615	+0.0007751	+0.0009832	+0.0011653	+0.0013482	+0.0015274	+0.0016967
2012-06	0.068	-0.0034148	-0.0032094	-0.0029911	-0.0027615	-0.0025321	-0.0022991	-0.0020419	-0.0017585	-0.0014780	-0.0011716	-0.0008646	-0.0005644	-0.0002744	+0.0000018	+0.0002632	+0.0005120	+0.0007485	+0.0009599	+0.0011557	+0.0013418	+0.0015225
2012-07	-0.066	-0.0033659	-0.0031472	-0.0029397	-0.0027194	-0.0024772	-0.0022197	-0.0019596	-0.0016787	-0.0013915	-0.0010978	-0.0007942	-0.0004856	-0.0001835	+0.0001063	+0.0003870	+0.0006458	+0.0008888	+0.0011244	+0.0013449	+0.0015390	+0.0017174
2012-08	-0.016	-0.0026615	-0.0025257	-0.0023702	-0.0022115	-0.0020431	-0.0018562	-0.0016514	-0.0014276	-0.0011881	-0.0009384	-0.0006777	-0.0004122	-0.0001421	+0.0001136	+0.0003543	+0.0005860	+0.0008024	+0.0010015	+0.0011957	+0.0013816	+0.0015574
2012-09	0.016	-0.0025968	-0.0024649	-0.0023171	-0.0021537	-0.0019768	-0.0017756	-0.0015569	-0.0013207	-0.0010777	-0.0008293	-0.0005628	-0.0002954	-0.0000387	+0.0002062	+0.0004393	+0.0006575	+0.0008576	+0.0010440	+0.0012204	+0.0013947	+0.0015483
2012-10	0.020	-0.0025280	-0.0023726	-0.0022060	-0.0020341	-0.0018534	-0.0016525	-0.0014286	-0.0011882	-0.0009421	-0.0006823	-0.0004163	-0.0001514	+0.0001078	+0.0003482	+0.0005704	+0.0007824	+0.0009918	+0.0011865	+0.0013615	+0.0015389	+0.0017062
2012-11	0.045	-0.0027477	-0.0026102	-0.0024428	-0.0022640	-0.0020657	-0.0018532	-0.0016209	-0.0013801	-0.0011280	-0.0008667	-0.0005993	-0.0003300	-0.0000664	+0.0001902	+0.0004439	+0.0006788	+0.0008963	+0.0010970	+0.0012904	+0.0014736	+0.0016213
2012-12	0.118	-0.0023356	-0.0021878	-0.0020281	-0.0018411	-0.0016605	-0.0014560	-0.0012298	-0.0009942	-0.0007482	-0.0004889	-0.0002231	+0.0000407	+0.0003020	+0.0005488	+0.0007811	+0.0009988	+0.0012025	+0.0013932	+0.0015579	+0.0017101	+0.0018582
2013-01	0.087	-0.0016002	-0.0014454	-0.0012853	-0.0011204	-0.0009431	-0.0007499	-0.0005429	-0.0003211	-0.0000874	+0.0001633	+0.0004261	+0.0006924	+0.0009461	+0.0011867	+0.0014209	+0.0016474	+0.0018605	+0.0020647	+0.0022539	+0.0024219	+0.0025691
2013-02	0.026	-0.0015137	-0.0013335	-0.0011357	-0.0009242	-0.0007059	-0.0004832	-0.0002492	-0.0000008	+0.0002593	+0.0005351	+0.0008173	+0.0010952	+0.0013693	+0.0016257	+0.0018579	+0.0020744	+0.0022740	+0.0024666	+0.0026398	+0.0028022	+0.0029479
2013-03	0.053	-0.0015783	-0.0013910	-0.0011895	-0.0009707	-0.0007494	-0.0005193	-0.0002786	-0.0000234	+0.0002453	+0.0005222	+0.0007972	+0.0010638	+0.0013202	+0.0015656	+0.0017971	+0.0020159	+0.0022137	+0.0023914	+0.0025656	+0.0027347	+0.0029198
2013-04	0.112	-0.0015241	-0.0013223	-0.0011099	-0.0008959	-0.0006637	-0.0004072	-0.0001357	+0.0001311	+0.0004126	+0.0007010	+0.0009924	+0.0012850	+0.0015689	+0.0018309	+0.0020760	+0.0022969	+0.0024977	+0.0026888	+0.0028782	+0.0030519	+0.0032029
2013-05	-0.006	-0.0015316	-0.0012987	-0.0010535	-0.0007955	-0.0005109	-0.0001949	+0.0001311	+0.0004753	+0.0008077	+0.0011381	+0.0014576	+0.0017665	+0.0020608	+0.0023319	+0.0025786	+0.0028107	+0.0030262	+0.0032257	+0.0034292	+0.0036241	+0.0038234
2013-06	-0.007	-0.0018591	-0.0015893	-0.0013009	-0.0010155	-0.0007232	-0.0004095	-0.0000865	+0.0002460	+0.0005944	+0.0009448	+0.0012733	+0.0015910	+0.0019012	+0.0021853	+0.0024534	+0.0026988	+0.0029192	+0.0031353	+0.0033376	+0.0035218	+0.0036848
2013-07	-0.013	-0.0017846	-0.0015654	-0.0013431	-0.0011212	-0.0008873	-0.0006346	-0.0003581	-0.0000777	+0.0002200	+0.0005300	+0.0008434	+0.0011598	+0.0014752	+0.0017710	+0.0020389	+0.0022820	+0.0025056	+0.0027169	+0.0029209	+0.0031013	+0.0032597
2013-08	-0.030	-0.0018377	-0.0016189	-0.0013902	-0.0011519	-0.0009103	-0.0006395	-0.0003466	-0.0000316	+0.0002777	+0.0005947	+0.0009146	+0.0012363	+0.0015523	+0.0018426	+0.0021091	+0.0023572	+0.0025965	+0.0028156	+0.0030220	+0.0032103	+0.0033948
2013-09	0.083	-0.0018261	-0.0015713	-0.0013365	-0.0010831	-0.0008161	-0.0005316	-0.0002304	+0.0000811	+0.0003985	+0.0007268	+0.0010566	+0.0013851	+0.0017019	+0.0019867	+0.0022428	+0.0024762	+0.0026871	+0.0028872	+0.0030707	+0.0032491	+0.0034202
2013-10	0.002	-0.0019804	-0.0015599	-0.0012313	-0.0009065	-0.0005593	-0.0001828	+0.0001934	+0.0005746	+0.0009632	+0.0013418	+0.0017061	+0.0020538	+0.0023797	+0.0026732	+0.0029336	+0.0031762	+0.0034028	+0.0036049	+0.0037949	+0.0039790	+0.0041481
2013-11	0.060	-0.0019490	-0.0016703	-0.0013402	-0.0010194	-0.0007005	-0.0003688	-0.0000291	+0.0003186	+0.0006758	+0.0010261	+0.0013617	+0.0016918	+0.0020090	+0.0023004	+0.0025700	+0.0028175	+0.0030441	+0.0032491	+0.0034398	+0.0036251	+0.0037938
2013-12	0.035	-0.0018561	-0.0015209	-0.0012035	-0.0008814	-0.0005222	-0.0001421	+0.0002597	+0.0006620	+0.0010613	+0.0014370	+0.0017996	+0.0021394	+0.0024461	+0.0027338	+0.0030008	+0.0032434	+0.0034658	+0.0036743	+0.0038690	+0.0040408	+0.0042143
2014-01	-0.060	-0.0018310	-0.0014790	-0.0011241	-0.0007726	-0.0004112	-0.0000133	+0.0003832	+0.0007899	+0.0011840	+0.0015700	+0.0019382	+0.0022779	+0.0025920	+0.0028907	+0.0031579	+0.0034038	+0.0036352	+0.0038377	+0.0040294	+0.0042273	+0.0044235
2014-02	0.004	-0.0021815	-0.0017657	-0.0013543	-0.0009669	-0.0006030	-0.0002055	+0.0002355	+0.0006644	+0.0010799	+0.0014613	+0.0018229	+0.0021576	+0.0024704	+0.0027714	+0.0030432	+0.0032976	+0.0035326	+0.0037377	+0.0039269	+0.0040995	+0.0042463
2014-03	-0.008	-0.0020762	-0.0017246	-0.0013348	-0.0009413	-0.0005541	-0.0001598	+0.0002568	+0.0006503	+0.0010477	+0.0014262	+0.0017751	+0.0021123	+0.0024240	+0.0027107	+0.0029713	+0.0032100	+0.0034233	+0.0036176	+0.0037988	+0.0039618	+0.0041228
2014-04	-0.043	-0.0019800	-0.0016115	-0.0012774	-0.0009564	-0.0006449	-0.0003275	-0.0000028	+0.0003421	+0.0006911	+0.0010435	+0.0013956	+0.0017363	+0.0020516	+0.0023438	+0.0026104	+0.0028564	+0.0030851	+0.0032933	+0.0034839	+0.0036561	+0.0038300
2014-05	0.034	-0.0017990	-0.0015803	-0.0013615	-0.0011258	-0.0008697	-0.0005981	-0.0003158	-0.0000075	+0.0002936	+0.0006099	+0.0009315	+0.0012426	+0.0015397	+0.0018208	+0.0020941	+0.0023390	+0.0025686	+0.0027801	+0.0029720	+0.0031288	+0.0032679
2014-06	0.053	-0.0018685	-0.0016655	-0.0014511	-0.0012333	-0.0010088	-0.0007632	-0.0005124	-0.0002354	+0.0000612	+0.0003589	+0.0006670	+0.0009741	+0.0012758	+0.0015632	+0.0018268	+0.0020621	+0.0022712	+0.0024735	+0.0026651	+0.0028357	+0.0030050
2014-07	0.025	-0.0018694	-0.0016536	-0.0014197	-0.0011892	-0.0009531	-0.0006963	-0.0004177	-0.0001295	+0.0001741	+0.0004835	+0.0007910	+0.0010947	+0.0013930	+0.0016673	+0.0019282	+0.0021693	+0.0024000	+0.0025944	+0.0027679	+0.0029270	+0.0030865
2014-08	-0.007	-0.0017613	-0.0015782	-0.0013873	-0.0011649	-0.0009453	-0.0007077	-0.0004463	-0.0001660	+0.0001285	+0.0004295	+0.0007239	+0.0010177	+0.0013040	+0.0015710	+0.0018163	+0.0020443	+0.0022592	+0.0024494	+0.0026195	+0.0027909	+0.0029565
2014-09	0.056	-0.0018715	-0.0016975	-0.0015110	-0.0013212	-0.0011210	-0.0009048	-0.0006759	-0.0004287	-0.0001702	+0.0000934	+0.0003674	+0.0006394	+0.0008993	+0.0011436	+0.0013764	+0.0015917	+0.0017924	+0.0019860	+0.0021635	+0.0023261	+0.0024703
2014-10	-0.005	-0.0013875	-0.0012383	-0.0010563	-0.0008644	-0.0006732	-0.0004669	-0.0002466	-0.0000129	+0.0002337	+0.0004891	+0.0007399	+0.0009866	+0.0012219	+0.0014432	+0.0016543	+0.0018475	+0.0020275	+0.0021957	+0.0023461	+0.0024761	+0.0025941
2014-11	0.076	-0.0015914	-0.0014544	-0.0013050	-0.0011441	-0.0009689	-0.0007729	-0.0005642	-0.0003501	-0.0001272	+0.0001036	+0.0003456	+0.0005839	+0.0008106	+0.0010288	+0.0012267	+0.0014079	+0.0015727	+0.0017300	+0.0018906	+0.0020386	+0.0021751
2014-12	-0.014	-0.0014117	-0.0012349	-0.0010600	-0.0008627	-0.0006693	-0.0004505	-0.0002127	+0.0000251	+0.0002695	+0.0005294	+0.0007917	+0.0010542	+0.0013048	+0.0015426	+0.0017660	+0.0019632	+0.0021458	+0.0023090	+0.0024576	+0.0026042	+0.0027320
2015-01	-0.012	-0.0016529	-0.0014363	-0.0012238	-0.0010060	-0.0007743	-0.0005168	-0.0002438	+0.0000252	+0.0002974	+0.0005741	+0.0008480	+0.0011197	+0.0013811	+0.0016251	+0.0018448	+0.0020472	+0.0022345	+0.0024179	+0.0025886	+0.0027387	+0.0028837
2015-02	0.001	-0.0014065	-0.0012385	-0.0010640	-0.0008791	-0.0006760	-0.0004618	-0.0002366	-0.0000054	+0.0002377	+0.0004959	+0.0007545	+0.0010090	+0.0012502	+0.0014803	+0.0016917	+0.0018959	+0.0020723	+0.0022423	+0.0024008	+0.0025609	+0.0027073
