2012-05	-0.119	-0.0023636	-0.0021913	-0.0020013	-0.0017916	-0.0015722	-0.0013531	-0.0011166	-0.0008666	-0.0005976	-0.0003141	-0.0000308	+0.0002473	+0.0005239	+0.0007867	+0.0010315	+0.0012575	+0.0014735	+0.0016788	+0.0018674	+0.0020419	+0.0021991
2012-06	0.020	-0.0027506	-0.0025425	-0.0023299	-0.0021422	-0.0019389	-0.0017135	-0.0014708	-0.0012154	-0.0009410	-0.0006543	-0.0003492	-0.0000471	+0.0002441	+0.0005223	+0.0007822	+0.0010262	+0.0012450	+0.0014496	+0.0016476	+0.0018464	+0.0020359
2012-07	0.036	-0.0027766	-0.0026002	-0.0024070	-0.0021961	-0.0019827	-0.0017513	-0.0015057	-0.0012387	-0.0009552	-0.0006572	-0.0003511	-0.0000569	+0.0002340	+0.0005098	+0.0007669	+0.0010145	+0.0012481	+0.0014647	+0.0016770	+0.0018665	+0.0020418
2012-08	0.019	-0.0027593	-0.0026076	-0.0024274	-0.0022357	-0.0020353	-0.0018284	-0.0016015	-0.0013480	-0.0010779	-0.0007961	-0.0005093	-0.0002212	+0.0000567	+0.0003213	+0.0005677	+0.0008005	+0.0010124	+0.0012047	+0.0013866	+0.0015618	+0.0017242
2012-09	0.032	-0.0024508	-0.0022958	-0.0021243	-0.0019418	-0.0017477	-0.0015290	-0.0012881	-0.0010300	-0.0007638	-0.0004907	-0.0002119	+0.0000756	+0.0003465	+0.0006033	+0.0008495	+0.0010821	+0.0012957	+0.0014964	+0.0016743	+0.0018434	+0.0020061
2012-10	0.015	-0.0023728	-0.0022024	-0.0020190	-0.0018180	-0.0016026	-0.0013837	-0.0011472	-0.0008919	-0.0006175	-0.0003307	-0.0000430	+0.0002414	+0.0005105	+0.0007641	+0.0010006	+0.0012222	+0.0014319	+0.0016292	+0.0018149	+0.0019765	+0.0021240
2012-11	0.040	-0.0022902	-0.0021388	-0.0019703	-0.0017864	-0.0015908	-0.0013764	-0.0011391	-0.0008869	-0.0006239	-0.0003599	-0.0000900	+0.0001772	+0.0004338	+0.0006812	+0.0009200	+0.0011502	+0.0013676	+0.0015672	+0.0017552	+0.0019248	+0.0020960
2012-12	0.072	-0.0017611	-0.0016117	-0.0014497	-0.0012681	-0.0010775	-0.0008670	-0.0006486	-0.0004072	-0.0001512	+0.0001053	+0.0003712	+0.0006339	+0.0008945	+0.0011364	+0.0013672	+0.0015802	+0.0017729	+0.0019513	+0.0021217	+0.0022916	+0.0024491
2013-01	0.101	-0.0013959	-0.0012224	-0.0010324	-0.0008366	-0.0006318	-0.0004166	-0.0001955	+0.0000416	+0.0002938	+0.0005504	+0.0008097	+0.0010652	+0.0013161	+0.0015529	+0.0017771	+0.0019857	+0.0021802	+0.0023576	+0.0025246	+0.0026784	+0.0028161
2013-02	0.007	-0.0014208	-0.0011604	-0.0008966	-0.0006223	-0.0003290	-0.0000340	+0.0002701	+0.0005684	+0.0008659	+0.0011665	+0.0014636	+0.0017389	+0.0019965	+0.0022280	+0.0024442	+0.0026535	+0.0028475	+0.0030248	+0.0031877	+0.0033432	+0.0034952
2013-03	0.034	-0.0014924	-0.0012692	-0.0010307	-0.0007779	-0.0005079	-0.0002300	+0.0000399	+0.0003145	+0.0005918	+0.0008567	+0.0011152	+0.0013691	+0.0016105	+0.0018421	+0.0020493	+0.0022385	+0.0024149	+0.0025751	+0.0027205	+0.0028643	+0.0029986
2013-04	0.058	-0.0014342	-0.0011914	-0.0009334	-0.0006752	-0.0003952	-0.0001155	+0.0001737	+0.0004642	+0.0007569	+0.0010268	+0.0012815	+0.0015227	+0.0017574	+0.0019759	+0.0021707	+0.0023486	+0.0025143	+0.0026647	+0.0027994	+0.0029349	+0.0030596
2013-05	0.054	-0.0013975	-0.0011607	-0.0008813	-0.0006128	-0.0003396	-0.0000422	+0.0002839	+0.0006265	+0.0009467	+0.0012362	+0.0015102	+0.0017712	+0.0020142	+0.0022277	+0.0024221	+0.0026060	+0.0027716	+0.0029214	+0.0030646	+0.0032079	+0.0033546
2013-06	-0.072	-0.0015315	-0.0012542	-0.0009744	-0.0006571	-0.0003677	-0.0000861	+0.0002325	+0.0005794	+0.0009140	+0.0012212	+0.0015023	+0.0017530	+0.0019846	+0.0022037	+0.0024003	+0.0025840	+0.0027532	+0.0029067	+0.0030528	+0.0032027	+0.0033446
2013-07	0.043	-0.0012823	-0.0010902	-0.0009034	-0.0007146	-0.0005127	-0.0002987	-0.0000631	+0.0001779	+0.0004279	+0.0006758	+0.0009223	+0.0011637	+0.0014055	+0.0016325	+0.0018456	+0.0020355	+0.0022043	+0.0023691	+0.0025158	+0.0026552	+0.0027894
2013-08	-0.015	-0.0012758	-0.0010901	-0.0008928	-0.0006810	-0.0004589	-0.0002120	+0.0000565	+0.0003209	+0.0005823	+0.0008359	+0.0010861	+0.0013273	+0.0015552	+0.0017671	+0.0019666	+0.0021459	+0.0023247	+0.0024961	+0.0026605	+0.0028179	+0.0029512
2013-09	0.043	-0.0013655	-0.0011731	-0.0009564	-0.0007039	-0.0004431	-0.0001797	+0.0000861	+0.0003669	+0.0006480	+0.0009148	+0.0011667	+0.0014089	+0.0016370	+0.0018472	+0.0020486	+0.0022235	+0.0023814	+0.0025265	+0.0026611	+0.0027855	+0.0028972
2013-10	0.049	-0.0016173	-0.0012489	-0.0009011	-0.0005741	-0.0002855	+0.0000238	+0.0003897	+0.0007728	+0.0011472	+0.0014586	+0.0017313	+0.0019730	+0.0022050	+0.0024169	+0.0026081	+0.0027855	+0.0029549	+0.0031077	+0.0032532	+0.0033851	+0.0035190
2013-11	0.048	-0.0014873	-0.0012321	-0.0009245	-0.0006150	-0.0003184	-0.0000023	+0.0003331	+0.0006761	+0.0010002	+0.0012947	+0.0015612	+0.0018044	+0.0020276	+0.0022322	+0.0024212	+0.0025910	+0.0027451	+0.0028825	+0.0030081	+0.0031208	+0.0032313
2013-12	0.042	-0.0014506	-0.0011558	-0.0008603	-0.0005594	-0.0002686	+0.0000432	+0.0004017	+0.0007925	+0.0011564	+0.0014618	+0.0017287	+0.0019713	+0.0021921	+0.0023905	+0.0025758	+0.0027486	+0.0029031	+0.0030468	+0.0031805	+0.0033300	+0.0034674
2014-01	-0.055	-0.0015321	-0.0012480	-0.0008856	-0.0005599	-0.0002237	+0.0001081	+0.0004661	+0.0008617	+0.0012146	+0.0015188	+0.0017853	+0.0020262	+0.0022554	+0.0024656	+0.0026550	+0.0028233	+0.0029809	+0.0031230	+0.0032555	+0.0033854	+0.0035160
2014-02	0.033	-0.0018465	-0.0014752	-0.0011209	-0.0007803	-0.0004741	-0.0001492	+0.0002256	+0.0006097	+0.0009725	+0.0012770	+0.0015432	+0.0017818	+0.0020028	+0.0022106	+0.0024081	+0.0025871	+0.0027566	+0.0029104	+0.0030472	+0.0031836	+0.0033080
2014-03	0.012	-0.0017099	-0.0013350	-0.0010020	-0.0006755	-0.0003407	-0.0000095	+0.0003419	+0.0007016	+0.0010413	+0.0013538	+0.0016289	+0.0018783	+0.0021084	+0.0023230	+0.0025208	+0.0026960	+0.0028540	+0.0029989	+0.0031301	+0.0032590	+0.0033753
2014-04	0.013	-0.0016359	-0.0013299	-0.0010077	-0.0006996	-0.0004020	-0.0000774	+0.0002440	+0.0005837	+0.0009024	+0.0011961	+0.0014671	+0.0017174	+0.0019486	+0.0021674	+0.0023722	+0.0025536	+0.0027202	+0.0028651	+0.0030098	+0.0031590	+0.0032947
2014-05	0.013	-0.0012921	-0.0010831	-0.0008660	-0.0006461	-0.0004081	-0.0001479	+0.0001252	+0.0004007	+0.0006670	+0.0009266	+0.0011772	+0.0014201	+0.0016446	+0.0018525	+0.0020405	+0.0022139	+0.0023787	+0.0025269	+0.0026640	+0.0027904	+0.0029076
2014-06	0.012	-0.0013330	-0.0011376	-0.0009216	-0.0007024	-0.0004774	-0.0002601	-0.0000351	+0.0002038	+0.0004432	+0.0006820	+0.0009159	+0.0011430	+0.0013610	+0.0015630	+0.0017418	+0.0019058	+0.0020553	+0.0021917	+0.0023202	+0.0024463	+0.0025747
2014-07	0.018	-0.0013245	-0.0011316	-0.0009172	-0.0007007	-0.0004762	-0.0002504	-0.0000067	+0.0002457	+0.0004918	+0.0007327	+0.0009598	+0.0011821	+0.0013895	+0.0015783	+0.0017528	+0.0019131	+0.0020649	+0.0022055	+0.0023395	+0.0024478	+0.0025414
2014-08	0.015	-0.0011619	-0.0009767	-0.0007800	-0.0005801	-0.0003991	-0.0001914	+0.0000233	+0.0002426	+0.0004692	+0.0007011	+0.0009264	+0.0011433	+0.0013388	+0.0015205	+0.0016872	+0.0018344	+0.0019692	+0.0020998	+0.0022142	+0.0023293	+0.0024327
2014-09	0.022	-0.0011966	-0.0010275	-0.0008560	-0.0006747	-0.0004864	-0.0002880	-0.0000887	+0.0001149	+0.0003270	+0.0005359	+0.0007453	+0.0009464	+0.0011376	+0.0013130	+0.0014758	+0.0016256	+0.0017648	+0.0018956	+0.0020183	+0.0021447	+0.0022661
2014-10	-0.005	-0.0010040	-0.0008690	-0.0007210	-0.0005411	-0.0003535	-0.0001484	+0.0000550	+0.0002615	+0.0004661	+0.0006715	+0.0008701	+0.0010589	+0.0012394	+0.0014118	+0.0015682	+0.0017095	+0.0018417	+0.0019642	+0.0020723	+0.0021761	+0.0022718
2014-11	0.110	-0.0010605	-0.0009015	-0.0007254	-0.0005508	-0.0003658	-0.0001810	+0.0000083	+0.0002056	+0.0004167	+0.0006220	+0.0008257	+0.0010196	+0.0011964	+0.0013590	+0.0015073	+0.0016447	+0.0017753	+0.0018998	+0.0020100	+0.0021233	+0.0022213
2014-12	0.007	-0.0012151	-0.0010004	-0.0007655	-0.0005506	-0.0003248	-0.0000882	+0.0001696	+0.0004317	+0.0006767	+0.0009116	+0.0011399	+0.0013595	+0.0015618	+0.0017513	+0.0019223	+0.0020778	+0.0022165	+0.0023538	+0.0024893	+0.0026124	+0.0027203
2015-01	-0.040	-0.0014075	-0.0011781	-0.0009337	-0.0006587	-0.0004035	-0.0001522	+0.0001299	+0.0004085	+0.0006690	+0.0009215	+0.0011646	+0.0013985	+0.0016215	+0.0018269	+0.0020156	+0.0021866	+0.0023394	+0.0024854	+0.0026186	+0.0027415	+0.0028538
2015-02	0.011	-0.0012659	-0.0010839	-0.0008776	-0.0006643	-0.0004413	-0.0002121	+0.0000227	+0.0002634	+0.0005136	+0.0007612	+0.0010055	+0.0012349	+0.0014506	+0.0016557	+0.0018488	+0.0020281	+0.0021928	+0.0023445	+0.0024865	+0.0026094	+0.0027367
