2012-05	-0.108	-0.0024305	-0.0022771	-0.0020941	-0.0018927	-0.0016844	-0.0014680	-0.0012410	-0.0009995	-0.0007456	-0.0004850	-0.0002259	+0.0000190	+0.0002574	+0.0004814	+0.0006922	+0.0008890	+0.0010619	+0.0012250	+0.0013804	+0.0015245	+0.0016504
2012-06	0.053	-0.0028284	-0.0026413	-0.0024378	-0.0022291	-0.0020180	-0.0018024	-0.0015695	-0.0013242	-0.0010677	-0.0008012	-0.0005297	-0.0002642	-0.0000066	+0.0002306	+0.0004503	+0.0006513	+0.0008494	+0.0010211	+0.0011893	+0.0013410	+0.0014701
2012-07	-0.035	-0.0028450	-0.0026244	-0.0024225	-0.0022251	-0.0020089	-0.0017722	-0.0015328	-0.0012828	-0.0010241	-0.0007596	-0.0004921	-0.0002241	+0.0000393	+0.0002864	+0.0005203	+0.0007386	+0.0009410	+0.0011228	+0.0012970	+0.0014624	+0.0016136
2012-08	0.017	-0.0020012	-0.0018799	-0.0017584	-0.0016238	-0.0014797	-0.0013189	-0.0011473	-0.0009573	-0.0007564	-0.0005470	-0.0003308	-0.0001152	+0.0000986	+0.0002966	+0.0004795	+0.0006621	+0.0008257	+0.0009738	+0.0011158	+0.0012480	+0.0013747
2012-09	0.010	-0.0019212	-0.0018003	-0.0016714	-0.0015362	-0.0013858	-0.0012174	-0.0010373	-0.0008504	-0.0006470	-0.0004326	-0.0002146	-0.0000024	+0.0002051	+0.0004035	+0.0005893	+0.0007649	+0.0009276	+0.0010758	+0.0012156	+0.0013462	+0.0014725
2012-10	0.006	-0.0018710	-0.0017531	-0.0016245	-0.0014716	-0.0013089	-0.0011314	-0.0009408	-0.0007394	-0.0005315	-0.0003128	-0.0000913	+0.0001235	+0.0003276	+0.0005178	+0.0006983	+0.0008678	+0.0010266	+0.0011772	+0.0013232	+0.0014563	+0.0015806
2012-11	0.055	-0.0020581	-0.0019379	-0.0018035	-0.0016555	-0.0014931	-0.0013157	-0.0011276	-0.0009308	-0.0007236	-0.0005109	-0.0002909	-0.0000656	+0.0001536	+0.0003553	+0.0005527	+0.0007320	+0.0009024	+0.0010603	+0.0012165	+0.0013571	+0.0014932
2012-12	0.096	-0.0017285	-0.0016018	-0.0014613	-0.0013208	-0.0011643	-0.0009952	-0.0008030	-0.0006021	-0.0003945	-0.0001797	+0.0000408	+0.0002581	+0.0004706	+0.0006746	+0.0008669	+0.0010444	+0.0012078	+0.0013598	+0.0014976	+0.0016200	+0.0017353
2013-01	0.068	-0.0012296	-0.0010888	-0.0009375	-0.0007935	-0.0006431	-0.0004744	-0.0002958	-0.0001075	+0.0000935	+0.0003075	+0.0005282	+0.0007455	+0.0009572	+0.0011557	+0.0013505	+0.0015373	+0.0017101	+0.0018754	+0.0020235	+0.0021649	+0.0022934
2013-02	0.037	-0.0012105	-0.0010286	-0.0008434	-0.0006607	-0.0004694	-0.0002768	-0.0000750	+0.0001428	+0.0003673	+0.0005958	+0.0008335	+0.0010739	+0.0013038	+0.0015180	+0.0017141	+0.0018907	+0.0020565	+0.0022124	+0.0023557	+0.0024968	+0.0026257
2013-03	0.076	-0.0012995	-0.0011128	-0.0009111	-0.0007058	-0.0004920	-0.0002702	-0.0000454	+0.0001935	+0.0004365	+0.0006826	+0.0009234	+0.0011511	+0.0013693	+0.0015830	+0.0017842	+0.0019626	+0.0021289	+0.0022773	+0.0024234	+0.0025545	+0.0026846
2013-04	0.110	-0.0013825	-0.0011438	-0.0008939	-0.0006471	-0.0003827	-0.0001183	+0.0001569	+0.0004320	+0.0007109	+0.0009831	+0.0012455	+0.0014987	+0.0017395	+0.0019594	+0.0021637	+0.0023468	+0.0025189	+0.0026824	+0.0028283	+0.0029656	+0.0031002
2013-05	-0.006	-0.0014691	-0.0011399	-0.0008314	-0.0005614	-0.0002699	+0.0000550	+0.0003999	+0.0007702	+0.0011167	+0.0014200	+0.0017010	+0.0019694	+0.0022190	+0.0024469	+0.0026543	+0.0028489	+0.0030325	+0.0031975	+0.0033579	+0.0035096	+0.0036458
2013-06	-0.006	-0.0017653	-0.0014714	-0.0011468	-0.0008245	-0.0004893	-0.0001642	+0.0001746	+0.0005420	+0.0009099	+0.0012554	+0.0015611	+0.0018459	+0.0021148	+0.0023640	+0.0025960	+0.0028020	+0.0029884	+0.0031649	+0.0033362	+0.0034960	+0.0036455
2013-07	-0.001	-0.0016066	-0.0013714	-0.0011385	-0.0008857	-0.0006323	-0.0003726	-0.0000977	+0.0001894	+0.0004853	+0.0007800	+0.0010718	+0.0013586	+0.0016386	+0.0019052	+0.0021432	+0.0023578	+0.0025570	+0.0027430	+0.0029078	+0.0030649	+0.0032018
2013-08	-0.020	-0.0016038	-0.0013809	-0.0011459	-0.0008925	-0.0006255	-0.0003285	-0.0000195	+0.0003035	+0.0006145	+0.0009185	+0.0012198	+0.0015121	+0.0018016	+0.0020670	+0.0023059	+0.0025228	+0.0027248	+0.0029219	+0.0031025	+0.0032577	+0.0034090
2013-09	0.081	-0.0017074	-0.0014334	-0.0011742	-0.0008963	-0.0006184	-0.0003174	+0.0000085	+0.0003247	+0.0006424	+0.0009635	+0.0012782	+0.0015792	+0.0018649	+0.0021275	+0.0023626	+0.0025764	+0.0027663	+0.0029494	+0.0031166	+0.0032646	+0.0034142
2013-10	-0.009	-0.0018901	-0.0014975	-0.0011315	-0.0007632	-0.0004052	-0.0000164	+0.0003791	+0.0007830	+0.0011777	+0.0015470	+0.0018920	+0.0022099	+0.0025080	+0.0027705	+0.0030111	+0.0032282	+0.0034269	+0.0036162	+0.0037827	+0.0039397	+0.0040950
2013-11	0.088	-0.0018848	-0.0015554	-0.0012227	-0.0008808	-0.0005427	-0.0001996	+0.0001649	+0.0005425	+0.0009024	+0.0012445	+0.0015690	+0.0018865	+0.0021805	+0.0024533	+0.0027016	+0.0029292	+0.0031337	+0.0033248	+0.0035032	+0.0036797	+0.0038467
2013-12	0.040	-0.0018606	-0.0014811	-0.0011366	-0.0007924	-0.0004225	-0.0000162	+0.0003966	+0.0008393	+0.0012621	+0.0016434	+0.0019936	+0.0023142	+0.0026158	+0.0028859	+0.0031277	+0.0033550	+0.0035659	+0.0037583	+0.0039398	+0.0041164	+0.0042867
2014-01	-0.087	-0.0018947	-0.0015234	-0.0010891	-0.0007202	-0.0003336	+0.0000828	+0.0004988	+0.0009263	+0.0013472	+0.0017343	+0.0020889	+0.0024178	+0.0027213	+0.0030060	+0.0032573	+0.0034768	+0.0036845	+0.0038718	+0.0040551	+0.0042244	+0.0043822
2014-02	-0.004	-0.0020844	-0.0016955	-0.0013054	-0.0009341	-0.0005655	-0.0001680	+0.0002657	+0.0006951	+0.0011008	+0.0014888	+0.0018452	+0.0021729	+0.0024793	+0.0027622	+0.0030180	+0.0032550	+0.0034719	+0.0036719	+0.0038485	+0.0040178	+0.0041668
2014-03	0.006	-0.0019966	-0.0016631	-0.0012838	-0.0009345	-0.0005426	-0.0001526	+0.0002518	+0.0006540	+0.0010426	+0.0014216	+0.0017719	+0.0020979	+0.0023918	+0.0026564	+0.0029030	+0.0031277	+0.0033326	+0.0035163	+0.0036858	+0.0038466	+0.0039909
2014-04	-0.036	-0.0020605	-0.0016724	-0.0013123	-0.0009657	-0.0006464	-0.0003035	+0.0000407	+0.0003964	+0.0007598	+0.0011196	+0.0014634	+0.0017965	+0.0021025	+0.0023812	+0.0026411	+0.0028691	+0.0030823	+0.0032861	+0.0034774	+0.0036522	+0.0038118
2014-05	0.022	-0.0017838	-0.0015552	-0.0013188	-0.0010650	-0.0007957	-0.0005118	-0.0002055	+0.0001022	+0.0004260	+0.0007507	+0.0010743	+0.0013855	+0.0016855	+0.0019649	+0.0022203	+0.0024533	+0.0026806	+0.0028958	+0.0030915	+0.0032617	+0.0034057
2014-06	0.036	-0.0018277	-0.0015932	-0.0013571	-0.0011141	-0.0008628	-0.0006131	-0.0003460	-0.0000654	+0.0002384	+0.0005554	+0.0008748	+0.0011788	+0.0014821	+0.0017670	+0.0020216	+0.0022555	+0.0024602	+0.0026450	+0.0028208	+0.0029927	+0.0031496
2014-07	0.029	-0.0018612	-0.0016418	-0.0013974	-0.0011521	-0.0009056	-0.0006409	-0.0003629	-0.0000719	+0.0002325	+0.0005459	+0.0008538	+0.0011567	+0.0014484	+0.0017228	+0.0019685	+0.0022022	+0.0024108	+0.0025962	+0.0027651	+0.0029172	+0.0030555
2014-08	-0.012	-0.0017738	-0.0015909	-0.0013946	-0.0011821	-0.0009561	-0.0007147	-0.0004691	-0.0002027	+0.0000844	+0.0003793	+0.0006724	+0.0009666	+0.0012432	+0.0015030	+0.0017421	+0.0019626	+0.0021724	+0.0023757	+0.0025524	+0.0027069	+0.0028517
2014-09	0.052	-0.0019230	-0.0017551	-0.0015760	-0.0013783	-0.0011755	-0.0009544	-0.0007180	-0.0004681	-0.0002116	+0.0000581	+0.0003304	+0.0006030	+0.0008686	+0.0011149	+0.0013362	+0.0015483	+0.0017555	+0.0019507	+0.0021227	+0.0022815	+0.0024273
2014-10	0.014	-0.0014093	-0.0012438	-0.0010607	-0.0008678	-0.0006859	-0.0004865	-0.0002602	-0.0000291	+0.0002137	+0.0004658	+0.0007208	+0.0009702	+0.0012056	+0.0014318	+0.0016438	+0.0018370	+0.0020187	+0.0021908	+0.0023461	+0.0024955	+0.0026220
2014-11	0.062	-0.0015237	-0.0013810	-0.0012281	-0.0010694	-0.0009025	-0.0007189	-0.0005166	-0.0003078	-0.0000904	+0.0001424	+0.0003810	+0.0006127	+0.0008324	+0.0010404	+0.0012373	+0.0014156	+0.0015824	+0.0017422	+0.0018916	+0.0020477	+0.0021955
2014-12	0.001	-0.0013942	-0.0012258	-0.0010432	-0.0008560	-0.0006623	-0.0004585	-0.0002418	-0.0000115	+0.0002301	+0.0004815	+0.0007395	+0.0009917	+0.0012355	+0.0014623	+0.0016752	+0.0018661	+0.0020468	+0.0022119	+0.0023653	+0.0025053	+0.0026383
2015-01	0.012	-0.0016105	-0.0014006	-0.0011823	-0.0009660	-0.0007437	-0.0004995	-0.0002444	+0.0000216	+0.0002845	+0.0005515	+0.0008159	+0.0010758	+0.0013296	+0.0015716	+0.0017945	+0.0019966	+0.0021836	+0.0023587	+0.0025291	+0.0026820	+0.0028262
2015-02	0.000	-0.0012981	-0.0011303	-0.0009671	-0.0007862	-0.0005946	-0.0003906	-0.0001743	+0.0000499	+0.0002905	+0.0005384	+0.0007938	+0.0010420	+0.0012794	+0.0015062	+0.0017250	+0.0019271	+0.0021145	+0.0022844	+0.0024416	+0.0025893	+0.0027285
