2012-05	-0.213	-0.0044059	-0.0041474	-0.0038717	-0.0035692	-0.0032481	-0.0029089	-0.0025482	-0.0021685	-0.0017614	-0.0013326	-0.0008927	-0.0004596	-0.0000419	+0.0003590	+0.0007396	+0.0011053	+0.0014299	+0.0017408	+0.0020142	+0.0022647	+0.0025144
2012-06	-0.019	-0.0050901	-0.0048041	-0.0045054	-0.0042000	-0.0038891	-0.0035507	-0.0031869	-0.0027915	-0.0023555	-0.0018947	-0.0014199	-0.0009503	-0.0004983	-0.0000522	+0.0003634	+0.0007590	+0.0011332	+0.0014907	+0.0018534	+0.0022206	+0.0025715
2012-07	0.032	-0.0052853	-0.0049965	-0.0047270	-0.0044335	-0.0041153	-0.0037755	-0.0033895	-0.0029776	-0.0025383	-0.0020923	-0.0016200	-0.0011346	-0.0006439	-0.0001677	+0.0002828	+0.0007115	+0.0011306	+0.0015445	+0.0019220	+0.0022568	+0.0025527
2012-08	0.005	-0.0054342	-0.0051577	-0.0048713	-0.0045795	-0.0042566	-0.0039090	-0.0035435	-0.0031483	-0.0027226	-0.0022621	-0.0017899	-0.0013067	-0.0008258	-0.0003562	+0.0000956	+0.0005265	+0.0009353	+0.0013155	+0.0016724	+0.0020356	+0.0023537
2012-09	0.076	-0.0048477	-0.0045999	-0.0043248	-0.0040283	-0.0037043	-0.0033606	-0.0029943	-0.0025968	-0.0021737	-0.0017368	-0.0012815	-0.0008272	-0.0003868	+0.0000597	+0.0004915	+0.0009104	+0.0012838	+0.0016504	+0.0019946	+0.0023461	+0.0026451
2012-10	0.020	-0.0046101	-0.0043326	-0.0040531	-0.0037467	-0.0034327	-0.0030957	-0.0027284	-0.0023486	-0.0019237	-0.0014721	-0.0010184	-0.0005808	-0.0001524	+0.0002649	+0.0006658	+0.0010352	+0.0013816	+0.0016999	+0.0020149	+0.0022786	+0.0025592
2012-11	-0.008	-0.0044759	-0.0042161	-0.0039355	-0.0036548	-0.0033481	-0.0030185	-0.0026596	-0.0022759	-0.0018749	-0.0014531	-0.0010451	-0.0006167	-0.0001844	+0.0002334	+0.0006210	+0.0009789	+0.0013124	+0.0016410	+0.0019597	+0.0022514	+0.0025014
2012-12	0.074	-0.0041546	-0.0039048	-0.0036301	-0.0033397	-0.0030356	-0.0027122	-0.0023686	-0.0019996	-0.0016047	-0.0011896	-0.0007703	-0.0003562	+0.0000512	+0.0004416	+0.0008093	+0.0011588	+0.0014990	+0.0018117	+0.0021075	+0.0023815	+0.0026242
2013-01	0.056	-0.0035189	-0.0032493	-0.0029891	-0.0027323	-0.0024561	-0.0021607	-0.0018401	-0.0015004	-0.0011367	-0.0007598	-0.0003761	+0.0000076	+0.0003823	+0.0007457	+0.0010849	+0.0013912	+0.0016702	+0.0019295	+0.0021693	+0.0023835	+0.0025905
2013-02	-0.045	-0.0023767	-0.0021483	-0.0019067	-0.0016637	-0.0014091	-0.0011376	-0.0008440	-0.0005232	-0.0001814	+0.0001673	+0.0005227	+0.0008771	+0.0012224	+0.0015539	+0.0018692	+0.0021632	+0.0024348	+0.0026960	+0.0029423	+0.0031702	+0.0033740
2013-03	-0.019	-0.0026774	-0.0024765	-0.0022733	-0.0020648	-0.0018466	-0.0016087	-0.0013422	-0.0010650	-0.0007646	-0.0004547	-0.0001388	+0.0001789	+0.0004834	+0.0007857	+0.0010709	+0.0013271	+0.0015746	+0.0017928	+0.0019929	+0.0021865	+0.0023646
2013-04	-0.032	-0.0023850	-0.0022319	-0.0020582	-0.0018775	-0.0016689	-0.0014415	-0.0011924	-0.0009339	-0.0006579	-0.0003695	-0.0000694	+0.0002259	+0.0005259	+0.0007999	+0.0010511	+0.0012801	+0.0014868	+0.0016868	+0.0018802	+0.0020468	+0.0021928
2013-05	0.042	-0.0026278	-0.0024239	-0.0022056	-0.0019921	-0.0017629	-0.0015114	-0.0012515	-0.0009713	-0.0006868	-0.0003810	-0.0000660	+0.0002502	+0.0005547	+0.0008343	+0.0010931	+0.0013303	+0.0015471	+0.0017509	+0.0019322	+0.0020958	+0.0022467
2013-06	-0.155	-0.0027195	-0.0025422	-0.0023519	-0.0021539	-0.0019299	-0.0016892	-0.0014281	-0.0011498	-0.0008594	-0.0005579	-0.0002540	+0.0000500	+0.0003411	+0.0006171	+0.0008804	+0.0011138	+0.0013315	+0.0015361	+0.0017381	+0.0019197	+0.0020802
2013-07	0.078	-0.0033716	-0.0031611	-0.0029536	-0.0027460	-0.0025020	-0.0022505	-0.0019877	-0.0017039	-0.0014052	-0.0010793	-0.0007419	-0.0004081	-0.0000800	+0.0002341	+0.0005374	+0.0008159	+0.0010724	+0.0013096	+0.0015392	+0.0017584	+0.0019824
2013-08	0.032	-0.0029043	-0.0027094	-0.0025019	-0.0022884	-0.0020467	-0.0017914	-0.0015115	-0.0012172	-0.0009044	-0.0005854	-0.0002643	+0.0000579	+0.0003720	+0.0006580	+0.0009295	+0.0011842	+0.0014361	+0.0016661	+0.0018826	+0.0020730	+0.0022421
2013-09	0.028	-0.0025652	-0.0023739	-0.0021617	-0.0019337	-0.0017067	-0.0014598	-0.0011974	-0.0009140	-0.0006185	-0.0003139	-0.0000017	+0.0003022	+0.0006019	+0.0008896	+0.0011575	+0.0014098	+0.0016432	+0.0018506	+0.0020452	+0.0022227	+0.0023858
2013-10	0.037	-0.0019667	-0.0017753	-0.0015730	-0.0013572	-0.0011381	-0.0009052	-0.0006494	-0.0003774	-0.0000908	+0.0002151	+0.0005235	+0.0008271	+0.0011252	+0.0014123	+0.0016866	+0.0019286	+0.0021497	+0.0023578	+0.0025484	+0.0027190	+0.0028952
2013-11	-0.016	-0.0019752	-0.0017881	-0.0015924	-0.0013819	-0.0011646	-0.0009344	-0.0006917	-0.0004304	-0.0001445	+0.0001510	+0.0004638	+0.0007684	+0.0010522	+0.0013097	+0.0015474	+0.0017702	+0.0019824	+0.0021678	+0.0023404	+0.0024995	+0.0026513
2013-12	0.043	-0.0018661	-0.0016946	-0.0015040	-0.0012981	-0.0010893	-0.0008530	-0.0005985	-0.0003323	-0.0000577	+0.0002246	+0.0005150	+0.0008054	+0.0010920	+0.0013578	+0.0016064	+0.0018324	+0.0020402	+0.0022498	+0.0024492	+0.0026254	+0.0027939
2014-01	-0.042	-0.0017755	-0.0015950	-0.0014160	-0.0012289	-0.0010237	-0.0008012	-0.0005679	-0.0003174	-0.0000549	+0.0002235	+0.0005093	+0.0008053	+0.0011004	+0.0013725	+0.0016241	+0.0018539	+0.0020662	+0.0022637	+0.0024656	+0.0026434	+0.0027972
2014-02	0.054	-0.0019536	-0.0017878	-0.0016087	-0.0014178	-0.0012244	-0.0010142	-0.0007899	-0.0005518	-0.0002997	-0.0000342	+0.0002282	+0.0004926	+0.0007520	+0.0009994	+0.0012309	+0.0014524	+0.0016612	+0.0018614	+0.0020536	+0.0022357	+0.0023964
2014-03	0.000	-0.0018802	-0.0017086	-0.0015236	-0.0013260	-0.0011235	-0.0009113	-0.0006728	-0.0004243	-0.0001585	+0.0001221	+0.0004083	+0.0006901	+0.0009711	+0.0012402	+0.0014883	+0.0017107	+0.0019186	+0.0021066	+0.0022811	+0.0024439	+0.0025886
2014-04	0.028	-0.0019785	-0.0017942	-0.0016079	-0.0014091	-0.0011951	-0.0009630	-0.0007193	-0.0004586	-0.0001840	+0.0000961	+0.0003806	+0.0006624	+0.0009363	+0.0011976	+0.0014427	+0.0016683	+0.0018759	+0.0020705	+0.0022557	+0.0024536	+0.0026356
2014-05	-0.010	-0.0019574	-0.0018152	-0.0016549	-0.0014812	-0.0012855	-0.0010761	-0.0008596	-0.0006216	-0.0003680	-0.0001005	+0.0001695	+0.0004381	+0.0007024	+0.0009549	+0.0011907	+0.0014063	+0.0016170	+0.0018025	+0.0019685	+0.0021195	+0.0022700
2014-06	0.041	-0.0021451	-0.0019908	-0.0018364	-0.0016595	-0.0014639	-0.0012551	-0.0010289	-0.0007897	-0.0005406	-0.0002747	-0.0000039	+0.0002724	+0.0005409	+0.0007867	+0.0010109	+0.0012166	+0.0014073	+0.0015775	+0.0017436	+0.0018988	+0.0020567
2014-07	0.054	-0.0018312	-0.0016690	-0.0014980	-0.0013103	-0.0010980	-0.0008793	-0.0006523	-0.0004148	-0.0001571	+0.0001091	+0.0003801	+0.0006478	+0.0008995	+0.0011401	+0.0013657	+0.0015706	+0.0017559	+0.0019256	+0.0020838	+0.0022378	+0.0023878
2014-08	-0.033	-0.0015267	-0.0013672	-0.0011984	-0.0010116	-0.0008237	-0.0006242	-0.0004029	-0.0001624	+0.0000842	+0.0003476	+0.0006134	+0.0008767	+0.0011278	+0.0013611	+0.0015799	+0.0017821	+0.0019768	+0.0021538	+0.0023344	+0.0024980	+0.0026380
2014-09	-0.056	-0.0014358	-0.0012696	-0.0011124	-0.0009516	-0.0007842	-0.0006052	-0.0004103	-0.0001989	+0.0000214	+0.0002470	+0.0004772	+0.0007002	+0.0009172	+0.0011361	+0.0013423	+0.0015322	+0.0017078	+0.0018626	+0.0020017	+0.0021267	+0.0022471
2014-10	-0.073	-0.0014776	-0.0013346	-0.0011781	-0.0010041	-0.0008364	-0.0006505	-0.0004597	-0.0002570	-0.0000458	+0.0001774	+0.0004151	+0.0006477	+0.0008684	+0.0010819	+0.0012850	+0.0014690	+0.0016450	+0.0018178	+0.0019791	+0.0021245	+0.0022680
2014-11	0.069	-0.0013011	-0.0011834	-0.0010384	-0.0008799	-0.0007165	-0.0005385	-0.0003533	-0.0001597	+0.0000442	+0.0002544	+0.0004713	+0.0006890	+0.0009012	+0.0011061	+0.0013014	+0.0014751	+0.0016394	+0.0017925	+0.0019221	+0.0020495	+0.0021757
2014-12	-0.062	-0.0011744	-0.0010483	-0.0009161	-0.0007766	-0.0006278	-0.0004600	-0.0002773	-0.0000821	+0.0001246	+0.0003330	+0.0005494	+0.0007664	+0.0009778	+0.0011787	+0.0013677	+0.0015400	+0.0017000	+0.0018436	+0.0019774	+0.0021086	+0.0022335
2015-01	-0.093	-0.0018346	-0.0016597	-0.0015004	-0.0013408	-0.0011745	-0.0010027	-0.0008144	-0.0006125	-0.0003970	-0.0001672	+0.0000670	+0.0002979	+0.0005222	+0.0007362	+0.0009393	+0.0011334	+0.0013187	+0.0014843	+0.0016513	+0.0017918	+0.0019152
2015-02	0.060	-0.0019396	-0.0017939	-0.0016511	-0.0014916	-0.0013201	-0.0011424	-0.0009530	-0.0007468	-0.0005279	-0.0002937	-0.0000509	+0.0001931	+0.0004282	+0.0006543	+0.0008651	+0.0010591	+0.0012446	+0.0014147	+0.0015782	+0.0017260	+0.0018663
