2012-05	-0.125	-0.0024908	-0.0023242	-0.0021388	-0.0019310	-0.0017172	-0.0014991	-0.0012618	-0.0010087	-0.0007416	-0.0004662	-0.0001919	+0.0000844	+0.0003531	+0.0006116	+0.0008465	+0.0010702	+0.0012826	+0.0014854	+0.0016737	+0.0018480	+0.0020067
2012-06	0.024	-0.0029060	-0.0027042	-0.0025183	-0.0023292	-0.0021280	-0.0019068	-0.0016623	-0.0014054	-0.0011349	-0.0008502	-0.0005509	-0.0002518	+0.0000368	+0.0003068	+0.0005615	+0.0008012	+0.0010238	+0.0012399	+0.0014476	+0.0016307	+0.0018294
2012-07	0.026	-0.0029478	-0.0027596	-0.0025747	-0.0023696	-0.0021512	-0.0019243	-0.0016768	-0.0014123	-0.0011369	-0.0008415	-0.0005375	-0.0002403	+0.0000452	+0.0003206	+0.0005831	+0.0008383	+0.0010777	+0.0012947	+0.0014951	+0.0016844	+0.0018564
2012-08	0.016	-0.0028740	-0.0026948	-0.0025193	-0.0023329	-0.0021383	-0.0019374	-0.0017173	-0.0014680	-0.0012072	-0.0009322	-0.0006535	-0.0003699	-0.0000904	+0.0001757	+0.0004220	+0.0006604	+0.0008786	+0.0010728	+0.0012566	+0.0014238	+0.0015888
2012-09	0.029	-0.0025430	-0.0023870	-0.0022315	-0.0020611	-0.0018704	-0.0016584	-0.0014223	-0.0011626	-0.0009048	-0.0006337	-0.0003572	-0.0000781	+0.0001860	+0.0004431	+0.0006894	+0.0009204	+0.0011390	+0.0013410	+0.0015137	+0.0016793	+0.0018401
2012-10	0.009	-0.0024740	-0.0023009	-0.0021199	-0.0019271	-0.0017160	-0.0014969	-0.0012626	-0.0010113	-0.0007479	-0.0004704	-0.0001952	+0.0000823	+0.0003452	+0.0005923	+0.0008260	+0.0010409	+0.0012444	+0.0014393	+0.0016206	+0.0017803	+0.0019330
2012-11	0.043	-0.0024110	-0.0022602	-0.0020983	-0.0019274	-0.0017413	-0.0015291	-0.0013032	-0.0010552	-0.0007980	-0.0005383	-0.0002742	-0.0000102	+0.0002474	+0.0004909	+0.0007272	+0.0009512	+0.0011712	+0.0013705	+0.0015481	+0.0017120	+0.0018655
2012-12	0.073	-0.0018611	-0.0017099	-0.0015425	-0.0013702	-0.0011825	-0.0009864	-0.0007733	-0.0005373	-0.0002927	-0.0000436	+0.0002103	+0.0004625	+0.0007111	+0.0009489	+0.0011704	+0.0013753	+0.0015662	+0.0017357	+0.0018990	+0.0020554	+0.0022073
2013-01	0.096	-0.0013781	-0.0012182	-0.0010514	-0.0008717	-0.0006938	-0.0004934	-0.0002857	-0.0000605	+0.0001731	+0.0004170	+0.0006653	+0.0009154	+0.0011576	+0.0013903	+0.0016112	+0.0018168	+0.0020094	+0.0021816	+0.0023381	+0.0024949	+0.0026320
2013-02	0.007	-0.0013363	-0.0011007	-0.0008706	-0.0006207	-0.0003778	-0.0001250	+0.0001421	+0.0004037	+0.0006766	+0.0009612	+0.0012457	+0.0015114	+0.0017608	+0.0019841	+0.0021978	+0.0024059	+0.0025956	+0.0027679	+0.0029240	+0.0030767	+0.0032293
2013-03	0.037	-0.0014279	-0.0012289	-0.0010090	-0.0007821	-0.0005371	-0.0002817	-0.0000322	+0.0002220	+0.0004790	+0.0007361	+0.0009900	+0.0012392	+0.0014732	+0.0016966	+0.0018991	+0.0020868	+0.0022591	+0.0024165	+0.0025598	+0.0027010	+0.0028436
2013-04	0.060	-0.0014027	-0.0011725	-0.0009375	-0.0006930	-0.0004304	-0.0001611	+0.0001105	+0.0003905	+0.0006645	+0.0009259	+0.0011762	+0.0014132	+0.0016476	+0.0018659	+0.0020624	+0.0022433	+0.0024027	+0.0025513	+0.0026886	+0.0028178	+0.0029503
2013-05	0.052	-0.0013273	-0.0010830	-0.0008362	-0.0006068	-0.0003459	-0.0000642	+0.0002430	+0.0005577	+0.0008577	+0.0011376	+0.0014041	+0.0016615	+0.0019015	+0.0021162	+0.0023094	+0.0024939	+0.0026609	+0.0028127	+0.0029567	+0.0031113	+0.0032562
2013-06	-0.061	-0.0014866	-0.0012477	-0.0009670	-0.0006689	-0.0003905	-0.0001174	+0.0001878	+0.0005103	+0.0008256	+0.0011255	+0.0014029	+0.0016513	+0.0018867	+0.0021034	+0.0023049	+0.0024857	+0.0026533	+0.0028080	+0.0029545	+0.0031031	+0.0032464
2013-07	0.034	-0.0012876	-0.0011002	-0.0009149	-0.0007315	-0.0005348	-0.0003235	-0.0000903	+0.0001494	+0.0003952	+0.0006428	+0.0008872	+0.0011281	+0.0013614	+0.0015869	+0.0017936	+0.0019837	+0.0021555	+0.0023105	+0.0024589	+0.0025870	+0.0027110
2013-08	-0.017	-0.0012421	-0.0010706	-0.0008862	-0.0006844	-0.0004755	-0.0002412	+0.0000153	+0.0002706	+0.0005231	+0.0007698	+0.0010133	+0.0012491	+0.0014755	+0.0016859	+0.0018793	+0.0020612	+0.0022424	+0.0024108	+0.0025728	+0.0027219	+0.0028523
2013-09	0.046	-0.0013579	-0.0011579	-0.0009458	-0.0007097	-0.0004629	-0.0001980	+0.0000593	+0.0003367	+0.0006124	+0.0008699	+0.0011192	+0.0013618	+0.0015891	+0.0017950	+0.0019871	+0.0021601	+0.0023215	+0.0024631	+0.0025938	+0.0027086	+0.0028132
2013-10	0.038	-0.0016194	-0.0012334	-0.0008900	-0.0005624	-0.0002749	+0.0000211	+0.0003788	+0.0007558	+0.0011195	+0.0014262	+0.0016966	+0.0019378	+0.0021639	+0.0023675	+0.0025541	+0.0027299	+0.0028954	+0.0030480	+0.0031834	+0.0033120	+0.0034294
2013-11	0.053	-0.0014658	-0.0012157	-0.0009412	-0.0006286	-0.0003315	-0.0000232	+0.0003011	+0.0006336	+0.0009497	+0.0012359	+0.0014978	+0.0017413	+0.0019626	+0.0021650	+0.0023560	+0.0025250	+0.0026739	+0.0028151	+0.0029378	+0.0030505	+0.0031592
2013-12	0.050	-0.0014374	-0.0011569	-0.0008603	-0.0005678	-0.0002830	+0.0000465	+0.0003938	+0.0007714	+0.0011241	+0.0014286	+0.0016908	+0.0019303	+0.0021530	+0.0023489	+0.0025351	+0.0027059	+0.0028624	+0.0030046	+0.0031428	+0.0032812	+0.0034147
2014-01	-0.051	-0.0015227	-0.0012381	-0.0008749	-0.0005330	-0.0002141	+0.0001094	+0.0004652	+0.0008611	+0.0012108	+0.0015170	+0.0017854	+0.0020259	+0.0022530	+0.0024650	+0.0026522	+0.0028213	+0.0029773	+0.0031181	+0.0032524	+0.0033862	+0.0035025
2014-02	0.030	-0.0018720	-0.0014932	-0.0011354	-0.0007821	-0.0004627	-0.0001309	+0.0002475	+0.0006490	+0.0010141	+0.0013303	+0.0015965	+0.0018365	+0.0020591	+0.0022644	+0.0024609	+0.0026410	+0.0028066	+0.0029592	+0.0031016	+0.0032210	+0.0033396
2014-03	-0.000	-0.0017469	-0.0013665	-0.0010206	-0.0006712	-0.0003275	+0.0000058	+0.0003643	+0.0007373	+0.0010934	+0.0014119	+0.0016886	+0.0019382	+0.0021685	+0.0023812	+0.0025776	+0.0027513	+0.0029053	+0.0030517	+0.0031796	+0.0033020	+0.0034182
2014-04	-0.010	-0.0016837	-0.0013481	-0.0010268	-0.0007258	-0.0004281	-0.0001020	+0.0002208	+0.0005619	+0.0008791	+0.0011769	+0.0014531	+0.0017105	+0.0019457	+0.0021655	+0.0023683	+0.0025473	+0.0027129	+0.0028684	+0.0030136	+0.0031519	+0.0032868
2014-05	0.013	-0.0013052	-0.0010988	-0.0009058	-0.0006866	-0.0004536	-0.0001957	+0.0000714	+0.0003366	+0.0006000	+0.0008641	+0.0011236	+0.0013693	+0.0016010	+0.0018146	+0.0020064	+0.0021838	+0.0023530	+0.0025078	+0.0026550	+0.0027844	+0.0028997
2014-06	0.018	-0.0013453	-0.0011490	-0.0009502	-0.0007340	-0.0005231	-0.0003111	-0.0000970	+0.0001321	+0.0003694	+0.0006070	+0.0008456	+0.0010769	+0.0012997	+0.0015082	+0.0016980	+0.0018707	+0.0020218	+0.0021630	+0.0022991	+0.0024311	+0.0025656
2014-07	0.006	-0.0013670	-0.0011716	-0.0009628	-0.0007528	-0.0005347	-0.0003084	-0.0000700	+0.0001776	+0.0004186	+0.0006533	+0.0008848	+0.0011135	+0.0013260	+0.0015249	+0.0017098	+0.0018786	+0.0020384	+0.0021921	+0.0023183	+0.0024341	+0.0025398
2014-08	0.013	-0.0012104	-0.0010429	-0.0008634	-0.0006709	-0.0004860	-0.0002948	-0.0000874	+0.0001314	+0.0003598	+0.0005901	+0.0008227	+0.0010467	+0.0012518	+0.0014405	+0.0016155	+0.0017688	+0.0019142	+0.0020461	+0.0021729	+0.0022823	+0.0023911
2014-09	0.021	-0.0012295	-0.0010861	-0.0009321	-0.0007595	-0.0005723	-0.0003889	-0.0001991	+0.0000017	+0.0002067	+0.0004196	+0.0006333	+0.0008385	+0.0010349	+0.0012203	+0.0013928	+0.0015522	+0.0017018	+0.0018488	+0.0019807	+0.0021116	+0.0022319
2014-10	-0.022	-0.0010495	-0.0009209	-0.0007746	-0.0006223	-0.0004532	-0.0002722	-0.0000846	+0.0001105	+0.0003150	+0.0005183	+0.0007223	+0.0009201	+0.0011086	+0.0012881	+0.0014539	+0.0016064	+0.0017441	+0.0018719	+0.0019904	+0.0021045	+0.0022024
2014-11	0.118	-0.0012157	-0.0010839	-0.0009225	-0.0007559	-0.0005825	-0.0004026	-0.0002221	-0.0000274	+0.0001795	+0.0003919	+0.0006062	+0.0008142	+0.0010087	+0.0011876	+0.0013525	+0.0015063	+0.0016538	+0.0017942	+0.0019208	+0.0020392	+0.0021470
2014-12	0.013	-0.0012427	-0.0010450	-0.0008652	-0.0006718	-0.0004635	-0.0002554	-0.0000314	+0.0002005	+0.0004415	+0.0006849	+0.0009310	+0.0011676	+0.0013903	+0.0015993	+0.0017927	+0.0019686	+0.0021282	+0.0022825	+0.0024256	+0.0025534	+0.0026822
2015-01	-0.032	-0.0014688	-0.0012550	-0.0010303	-0.0007846	-0.0005259	-0.0002753	-0.0000093	+0.0002556	+0.0005182	+0.0007739	+0.0010336	+0.0012906	+0.0015308	+0.0017578	+0.0019614	+0.0021511	+0.0023156	+0.0024707	+0.0026163	+0.0027548	+0.0028789
2015-02	-0.000	-0.0013318	-0.0011433	-0.0009542	-0.0007678	-0.0005586	-0.0003347	-0.0001100	+0.0001298	+0.0003786	+0.0006316	+0.0008867	+0.0011331	+0.0013720	+0.0015908	+0.0017972	+0.0019952	+0.0021810	+0.0023476	+0.0024992	+0.0026312	+0.0027573
