2012-05	-0.100	-0.0022969	-0.0021483	-0.0019862	-0.0017898	-0.0015902	-0.0013899	-0.0011762	-0.0009496	-0.0007097	-0.0004634	-0.0002204	+0.0000139	+0.0002359	+0.0004485	+0.0006461	+0.0008282	+0.0009979	+0.0011473	+0.0012831	+0.0014169	+0.0015457
2012-06	0.062	-0.0027225	-0.0025390	-0.0023532	-0.0021562	-0.0019609	-0.0017567	-0.0015365	-0.0012945	-0.0010518	-0.0008011	-0.0005474	-0.0002970	-0.0000517	+0.0001817	+0.0003876	+0.0005803	+0.0007635	+0.0009323	+0.0010898	+0.0012336	+0.0013609
2012-07	-0.030	-0.0026325	-0.0024483	-0.0022638	-0.0020721	-0.0018636	-0.0016596	-0.0014342	-0.0011995	-0.0009612	-0.0007141	-0.0004635	-0.0002087	+0.0000386	+0.0002791	+0.0004983	+0.0007011	+0.0008920	+0.0010751	+0.0012491	+0.0014091	+0.0015482
2012-08	-0.008	-0.0018827	-0.0017692	-0.0016476	-0.0015189	-0.0013777	-0.0012188	-0.0010471	-0.0008634	-0.0006691	-0.0004679	-0.0002611	-0.0000475	+0.0001553	+0.0003479	+0.0005316	+0.0007016	+0.0008654	+0.0010165	+0.0011556	+0.0012846	+0.0014081
2012-09	0.013	-0.0018775	-0.0017669	-0.0016554	-0.0015213	-0.0013752	-0.0012103	-0.0010376	-0.0008511	-0.0006546	-0.0004496	-0.0002393	-0.0000319	+0.0001726	+0.0003674	+0.0005462	+0.0007077	+0.0008586	+0.0010007	+0.0011373	+0.0012659	+0.0013780
2012-10	-0.005	-0.0018076	-0.0016851	-0.0015573	-0.0014236	-0.0012733	-0.0011096	-0.0009272	-0.0007363	-0.0005376	-0.0003314	-0.0001230	+0.0000862	+0.0002863	+0.0004723	+0.0006439	+0.0008095	+0.0009737	+0.0011178	+0.0012523	+0.0013785	+0.0014931
2012-11	0.045	-0.0020269	-0.0019136	-0.0017929	-0.0016527	-0.0014977	-0.0013236	-0.0011384	-0.0009439	-0.0007443	-0.0005400	-0.0003322	-0.0001207	+0.0000811	+0.0002800	+0.0004720	+0.0006543	+0.0008198	+0.0009724	+0.0011146	+0.0012514	+0.0013800
2012-12	0.085	-0.0017105	-0.0015863	-0.0014509	-0.0013172	-0.0011757	-0.0010111	-0.0008309	-0.0006424	-0.0004438	-0.0002365	-0.0000274	+0.0001782	+0.0003791	+0.0005729	+0.0007522	+0.0009208	+0.0010777	+0.0012216	+0.0013549	+0.0014770	+0.0016038
2013-01	0.096	-0.0011233	-0.0009909	-0.0008687	-0.0007390	-0.0005998	-0.0004471	-0.0002809	-0.0001061	+0.0000814	+0.0002805	+0.0004860	+0.0006888	+0.0008870	+0.0010775	+0.0012586	+0.0014296	+0.0015901	+0.0017454	+0.0018874	+0.0020208	+0.0021518
2013-02	0.026	-0.0010850	-0.0009156	-0.0007413	-0.0005602	-0.0003732	-0.0001818	+0.0000133	+0.0002192	+0.0004364	+0.0006576	+0.0008811	+0.0011008	+0.0013154	+0.0015141	+0.0016980	+0.0018648	+0.0020191	+0.0021700	+0.0023113	+0.0024361	+0.0025601
2013-03	0.085	-0.0012745	-0.0010845	-0.0008754	-0.0006576	-0.0004413	-0.0002244	+0.0000007	+0.0002323	+0.0004748	+0.0007090	+0.0009390	+0.0011597	+0.0013681	+0.0015647	+0.0017505	+0.0019185	+0.0020753	+0.0022240	+0.0023573	+0.0024838	+0.0026011
2013-04	0.122	-0.0013195	-0.0010983	-0.0008456	-0.0005861	-0.0003417	-0.0000890	+0.0001782	+0.0004569	+0.0007215	+0.0009801	+0.0012300	+0.0014763	+0.0017089	+0.0019165	+0.0021084	+0.0022848	+0.0024480	+0.0026001	+0.0027416	+0.0028871	+0.0030164
2013-05	-0.028	-0.0014715	-0.0011314	-0.0008340	-0.0005579	-0.0002624	+0.0000536	+0.0004169	+0.0008014	+0.0011463	+0.0014493	+0.0017307	+0.0019960	+0.0022472	+0.0024740	+0.0026840	+0.0028781	+0.0030568	+0.0032286	+0.0033919	+0.0035452	+0.0037107
2013-06	0.013	-0.0017400	-0.0014357	-0.0011332	-0.0008238	-0.0005051	-0.0001936	+0.0001452	+0.0005002	+0.0008512	+0.0011922	+0.0014949	+0.0017757	+0.0020442	+0.0022913	+0.0025216	+0.0027347	+0.0029348	+0.0031213	+0.0032911	+0.0034395	+0.0035776
2013-07	-0.003	-0.0015995	-0.0013318	-0.0010813	-0.0008381	-0.0005771	-0.0003051	-0.0000249	+0.0002661	+0.0005572	+0.0008525	+0.0011467	+0.0014320	+0.0017102	+0.0019712	+0.0022030	+0.0024268	+0.0026230	+0.0028082	+0.0029659	+0.0031233	+0.0032576
2013-08	-0.029	-0.0016395	-0.0013996	-0.0011368	-0.0008881	-0.0006161	-0.0003260	-0.0000210	+0.0002884	+0.0006004	+0.0009041	+0.0012057	+0.0015020	+0.0017941	+0.0020541	+0.0022941	+0.0025130	+0.0027272	+0.0029217	+0.0031065	+0.0032675	+0.0034102
2013-09	0.080	-0.0016680	-0.0013960	-0.0011393	-0.0008880	-0.0006063	-0.0003120	+0.0000064	+0.0003245	+0.0006375	+0.0009528	+0.0012655	+0.0015667	+0.0018508	+0.0021103	+0.0023426	+0.0025482	+0.0027407	+0.0029151	+0.0030848	+0.0032469	+0.0034045
2013-10	0.014	-0.0018217	-0.0014635	-0.0011189	-0.0007659	-0.0004225	-0.0000501	+0.0003440	+0.0007330	+0.0011266	+0.0014977	+0.0018383	+0.0021553	+0.0024507	+0.0027118	+0.0029513	+0.0031707	+0.0033727	+0.0035607	+0.0037415	+0.0039123	+0.0040679
2013-11	0.065	-0.0018873	-0.0015408	-0.0012059	-0.0008680	-0.0005366	-0.0002013	+0.0001610	+0.0005302	+0.0008831	+0.0012251	+0.0015436	+0.0018591	+0.0021453	+0.0024079	+0.0026517	+0.0028729	+0.0030775	+0.0032653	+0.0034384	+0.0035988	+0.0037661
2013-12	0.037	-0.0017809	-0.0014402	-0.0011255	-0.0007833	-0.0004286	-0.0000389	+0.0003556	+0.0007979	+0.0012009	+0.0015681	+0.0019035	+0.0022154	+0.0025004	+0.0027613	+0.0030014	+0.0032219	+0.0034241	+0.0036135	+0.0038004	+0.0039638	+0.0041262
2014-01	-0.068	-0.0018070	-0.0014307	-0.0010591	-0.0007033	-0.0003354	+0.0000654	+0.0004763	+0.0008952	+0.0012967	+0.0016710	+0.0020152	+0.0023322	+0.0026224	+0.0028909	+0.0031393	+0.0033620	+0.0035705	+0.0037667	+0.0039433	+0.0041111	+0.0042698
2014-02	-0.013	-0.0021612	-0.0017298	-0.0012944	-0.0008889	-0.0005382	-0.0001334	+0.0003186	+0.0007712	+0.0011881	+0.0015684	+0.0019149	+0.0022327	+0.0025307	+0.0028057	+0.0030649	+0.0032972	+0.0035089	+0.0037069	+0.0038960	+0.0040616	+0.0042119
2014-03	-0.008	-0.0020935	-0.0017183	-0.0013127	-0.0008976	-0.0005291	-0.0001243	+0.0002956	+0.0006983	+0.0011080	+0.0014837	+0.0018288	+0.0021485	+0.0024447	+0.0027160	+0.0029615	+0.0031886	+0.0034011	+0.0036014	+0.0037794	+0.0039467	+0.0041005
2014-04	-0.032	-0.0019617	-0.0016052	-0.0012614	-0.0009149	-0.0005972	-0.0002612	+0.0000710	+0.0004154	+0.0007729	+0.0011315	+0.0014718	+0.0017990	+0.0021106	+0.0023893	+0.0026467	+0.0028853	+0.0031041	+0.0032940	+0.0034774	+0.0036520	+0.0038221
2014-05	0.024	-0.0017272	-0.0014893	-0.0012641	-0.0010121	-0.0007464	-0.0004581	-0.0001572	+0.0001569	+0.0004743	+0.0007947	+0.0011229	+0.0014347	+0.0017287	+0.0020075	+0.0022663	+0.0025080	+0.0027249	+0.0029198	+0.0030970	+0.0032600	+0.0034120
2014-06	0.049	-0.0017705	-0.0015667	-0.0013574	-0.0011270	-0.0008932	-0.0006488	-0.0003898	-0.0001122	+0.0001862	+0.0004919	+0.0007971	+0.0011011	+0.0014004	+0.0016830	+0.0019406	+0.0021706	+0.0023778	+0.0025687	+0.0027467	+0.0029099	+0.0030642
2014-07	0.029	-0.0018365	-0.0015984	-0.0013532	-0.0011199	-0.0008697	-0.0006008	-0.0003276	-0.0000366	+0.0002775	+0.0005839	+0.0008928	+0.0011919	+0.0014805	+0.0017545	+0.0020105	+0.0022399	+0.0024536	+0.0026467	+0.0028179	+0.0029700	+0.0031147
2014-08	-0.006	-0.0017473	-0.0015659	-0.0013678	-0.0011554	-0.0009284	-0.0006938	-0.0004293	-0.0001477	+0.0001392	+0.0004322	+0.0007233	+0.0010139	+0.0012899	+0.0015458	+0.0017828	+0.0020133	+0.0022215	+0.0024136	+0.0025805	+0.0027411	+0.0028861
2014-09	0.048	-0.0018325	-0.0016526	-0.0014758	-0.0012896	-0.0010960	-0.0008825	-0.0006546	-0.0004145	-0.0001616	+0.0000994	+0.0003661	+0.0006319	+0.0008875	+0.0011278	+0.0013518	+0.0015623	+0.0017648	+0.0019522	+0.0021157	+0.0022580	+0.0024014
2014-10	0.004	-0.0013647	-0.0011960	-0.0010127	-0.0008234	-0.0006400	-0.0004367	-0.0002185	+0.0000096	+0.0002534	+0.0005046	+0.0007539	+0.0009929	+0.0012263	+0.0014484	+0.0016501	+0.0018366	+0.0020146	+0.0021780	+0.0023215	+0.0024516	+0.0025681
2014-11	0.049	-0.0015459	-0.0013991	-0.0012490	-0.0010875	-0.0009168	-0.0007266	-0.0005295	-0.0003171	-0.0000950	+0.0001338	+0.0003679	+0.0006000	+0.0008228	+0.0010355	+0.0012299	+0.0014056	+0.0015717	+0.0017254	+0.0018801	+0.0020322	+0.0021726
2014-12	0.007	-0.0013555	-0.0011951	-0.0010429	-0.0008759	-0.0006926	-0.0004875	-0.0002691	-0.0000457	+0.0001887	+0.0004312	+0.0006793	+0.0009277	+0.0011630	+0.0013888	+0.0015967	+0.0017876	+0.0019581	+0.0021029	+0.0022393	+0.0023703	+0.0024937
2015-01	-0.003	-0.0015788	-0.0013840	-0.0011798	-0.0009706	-0.0007508	-0.0005059	-0.0002483	+0.0000060	+0.0002632	+0.0005273	+0.0007824	+0.0010418	+0.0012899	+0.0015239	+0.0017391	+0.0019352	+0.0021166	+0.0022768	+0.0024319	+0.0025774	+0.0027155
2015-02	-0.002	-0.0013759	-0.0012031	-0.0010333	-0.0008448	-0.0006608	-0.0004546	-0.0002410	-0.0000198	+0.0002099	+0.0004557	+0.0007036	+0.0009478	+0.0011873	+0.0014120	+0.0016153	+0.0018036	+0.0019746	+0.0021335	+0.0022911	+0.0024418	+0.0025837
