2013-03	0.030	-0.0008475	-0.0006757	-0.0004752	-0.0003003	-0.0001453	+0.0000151	+0.0001964	+0.0004108	+0.0005940	+0.0007399	+0.0008716	+0.0009952	+0.0011078	+0.0012097	+0.0013028	+0.0013874	+0.0014676	+0.0015415	+0.0016159	+0.0016827	+0.0017446
2013-04	0.049	-0.0008269	-0.0006490	-0.0004690	-0.0003063	-0.0001616	+0.0000113	+0.0002181	+0.0004276	+0.0006146	+0.0007670	+0.0009019	+0.0010271	+0.0011423	+0.0012501	+0.0013521	+0.0014459	+0.0015346	+0.0016111	+0.0016841	+0.0017509	+0.0018126
2013-05	0.023	-0.0009472	-0.0007257	-0.0005177	-0.0003271	-0.0001500	+0.0000503	+0.0002832	+0.0005644	+0.0007904	+0.0009656	+0.0011165	+0.0012528	+0.0013798	+0.0014970	+0.0016031	+0.0017022	+0.0017954	+0.0018811	+0.0019672	+0.0020476	+0.0021233
2013-06	-0.036	-0.0009764	-0.0007387	-0.0004860	-0.0002884	-0.0001034	+0.0000784	+0.0003063	+0.0006047	+0.0008466	+0.0010258	+0.0011791	+0.0013214	+0.0014547	+0.0015786	+0.0016939	+0.0017966	+0.0018931	+0.0019775	+0.0020598	+0.0021409	+0.0022269
2013-07	-0.005	-0.0008899	-0.0007198	-0.0005437	-0.0003878	-0.0002236	-0.0000419	+0.0001473	+0.0003370	+0.0005124	+0.0006722	+0.0008234	+0.0009627	+0.0010947	+0.0012187	+0.0013342	+0.0014430	+0.0015434	+0.0016377	+0.0017231	+0.0018075	+0.0018903
2013-08	0.006	-0.0008085	-0.0006617	-0.0005237	-0.0003665	-0.0002060	-0.0000519	+0.0001236	+0.0003047	+0.0004713	+0.0006323	+0.0007803	+0.0009215	+0.0010506	+0.0011721	+0.0012825	+0.0013835	+0.0014842	+0.0015819	+0.0016738	+0.0017588	+0.0018363
2013-09	0.003	-0.0008410	-0.0006875	-0.0005313	-0.0003709	-0.0002156	-0.0000432	+0.0001512	+0.0003496	+0.0005310	+0.0006969	+0.0008436	+0.0009779	+0.0011038	+0.0012225	+0.0013312	+0.0014325	+0.0015278	+0.0016190	+0.0017078	+0.0017944	+0.0018722
2013-10	0.010	-0.0009367	-0.0007019	-0.0004961	-0.0003217	-0.0001594	+0.0000124	+0.0002342	+0.0004594	+0.0006540	+0.0008256	+0.0009746	+0.0011115	+0.0012385	+0.0013604	+0.0014731	+0.0015792	+0.0016777	+0.0017646	+0.0018474	+0.0019275	+0.0020037
2013-11	0.031	-0.0008084	-0.0006760	-0.0005149	-0.0003489	-0.0001907	-0.0000082	+0.0002018	+0.0003981	+0.0005825	+0.0007490	+0.0009030	+0.0010414	+0.0011734	+0.0012993	+0.0014117	+0.0015153	+0.0016108	+0.0017007	+0.0017780	+0.0018498	+0.0019181
2013-12	0.024	-0.0009538	-0.0007462	-0.0004977	-0.0003052	-0.0001330	+0.0000346	+0.0002497	+0.0005054	+0.0007227	+0.0009012	+0.0010530	+0.0011922	+0.0013249	+0.0014484	+0.0015610	+0.0016631	+0.0017559	+0.0018444	+0.0019264	+0.0020042	+0.0020754
2014-01	-0.015	-0.0010389	-0.0008410	-0.0005676	-0.0003227	-0.0001373	+0.0000570	+0.0002895	+0.0005560	+0.0007821	+0.0009571	+0.0011100	+0.0012504	+0.0013825	+0.0015029	+0.0016131	+0.0017151	+0.0018093	+0.0018997	+0.0019834	+0.0020644	+0.0021546
2014-02	-0.010	-0.0010980	-0.0009157	-0.0006331	-0.0003962	-0.0001988	-0.0000014	+0.0002355	+0.0005152	+0.0007393	+0.0009167	+0.0010767	+0.0012148	+0.0013413	+0.0014626	+0.0015794	+0.0016858	+0.0017855	+0.0018749	+0.0019620	+0.0020433	+0.0021235
2014-03	-0.006	-0.0009243	-0.0007639	-0.0005769	-0.0003923	-0.0002105	-0.0000153	+0.0001777	+0.0003818	+0.0005750	+0.0007505	+0.0009048	+0.0010466	+0.0011768	+0.0012992	+0.0014142	+0.0015168	+0.0016114	+0.0016990	+0.0017801	+0.0018598	+0.0019320
2014-04	-0.004	-0.0008359	-0.0006792	-0.0005261	-0.0003872	-0.0002315	-0.0000711	+0.0000804	+0.0002447	+0.0004034	+0.0005540	+0.0007040	+0.0008478	+0.0009823	+0.0011070	+0.0012211	+0.0013258	+0.0014236	+0.0015131	+0.0015972	+0.0016734	+0.0017472
2014-05	-0.004	-0.0006983	-0.0006056	-0.0005066	-0.0004022	-0.0002838	-0.0001684	-0.0000424	+0.0000878	+0.0002214	+0.0003538	+0.0004863	+0.0006167	+0.0007419	+0.0008580	+0.0009637	+0.0010678	+0.0011619	+0.0012535	+0.0013352	+0.0014080	+0.0014822
2014-06	0.006	-0.0007019	-0.0006299	-0.0005440	-0.0004607	-0.0003744	-0.0002809	-0.0001827	-0.0000803	+0.0000274	+0.0001417	+0.0002528	+0.0003643	+0.0004748	+0.0005828	+0.0006882	+0.0007876	+0.0008796	+0.0009648	+0.0010465	+0.0011233	+0.0011918
2014-07	0.016	-0.0006578	-0.0005834	-0.0005111	-0.0004319	-0.0003485	-0.0002615	-0.0001658	-0.0000668	+0.0000354	+0.0001416	+0.0002476	+0.0003576	+0.0004639	+0.0005653	+0.0006643	+0.0007591	+0.0008420	+0.0009179	+0.0009880	+0.0010502	+0.0011058
2014-08	0.011	-0.0005517	-0.0004857	-0.0004234	-0.0003561	-0.0002830	-0.0002076	-0.0001269	-0.0000394	+0.0000536	+0.0001483	+0.0002453	+0.0003428	+0.0004409	+0.0005342	+0.0006234	+0.0007044	+0.0007783	+0.0008486	+0.0009160	+0.0009800	+0.0010332
2014-09	0.033	-0.0005277	-0.0004729	-0.0004180	-0.0003598	-0.0002998	-0.0002350	-0.0001638	-0.0000901	-0.0000128	+0.0000685	+0.0001517	+0.0002338	+0.0003116	+0.0003825	+0.0004487	+0.0005100	+0.0005689	+0.0006245	+0.0006787	+0.0007271	+0.0007746
2014-10	0.002	-0.0004150	-0.0003633	-0.0003080	-0.0002500	-0.0001876	-0.0001222	-0.0000528	+0.0000217	+0.0000980	+0.0001734	+0.0002491	+0.0003246	+0.0003956	+0.0004624	+0.0005246	+0.0005818	+0.0006334	+0.0006787	+0.0007238	+0.0007678	+0.0008078
2014-11	0.050	-0.0004032	-0.0003486	-0.0002935	-0.0002290	-0.0001616	-0.0000921	-0.0000213	+0.0000534	+0.0001293	+0.0002054	+0.0002805	+0.0003493	+0.0004149	+0.0004762	+0.0005311	+0.0005834	+0.0006316	+0.0006770	+0.0007178	+0.0007552	+0.0007907
2014-12	0.001	-0.0005024	-0.0004020	-0.0003131	-0.0002125	-0.0001118	+0.0000007	+0.0001143	+0.0002253	+0.0003304	+0.0004235	+0.0005104	+0.0005943	+0.0006727	+0.0007458	+0.0008108	+0.0008718	+0.0009298	+0.0009835	+0.0010358	+0.0010854	+0.0011309
2015-01	-0.024	-0.0005146	-0.0004260	-0.0003401	-0.0002430	-0.0001389	-0.0000350	+0.0000696	+0.0001792	+0.0002856	+0.0003833	+0.0004752	+0.0005607	+0.0006402	+0.0007140	+0.0007806	+0.0008431	+0.0009002	+0.0009533	+0.0010031	+0.0010490	+0.0010938
2015-02	-0.004	-0.0004620	-0.0003786	-0.0003000	-0.0002153	-0.0001314	-0.0000466	+0.0000491	+0.0001479	+0.0002469	+0.0003413	+0.0004311	+0.0005171	+0.0005951	+0.0006670	+0.0007354	+0.0008006	+0.0008632	+0.0009208	+0.0009732	+0.0010242	+0.0010768
