2013-08	-0.030	-0.0014679	-0.0012627	-0.0010472	-0.0008095	-0.0005712	-0.0003375	-0.0001085	+0.0001264	+0.0003656	+0.0006083	+0.0008535	+0.0010912	+0.0013198	+0.0015316	+0.0017230	+0.0019016	+0.0020682	+0.0022227	+0.0023676	+0.0025041	+0.0026411
2013-09	0.051	-0.0013351	-0.0011616	-0.0009834	-0.0007957	-0.0005954	-0.0003956	-0.0001912	+0.0000142	+0.0002372	+0.0004685	+0.0006998	+0.0009138	+0.0011189	+0.0013167	+0.0015029	+0.0016721	+0.0018239	+0.0019688	+0.0020989	+0.0022119	+0.0023164
2013-10	0.038	-0.0014090	-0.0011484	-0.0008785	-0.0006357	-0.0003928	-0.0001253	+0.0001604	+0.0004543	+0.0007403	+0.0010070	+0.0012608	+0.0014930	+0.0017157	+0.0019181	+0.0021054	+0.0022764	+0.0024353	+0.0025926	+0.0027418	+0.0028770	+0.0029994
2013-11	-0.001	-0.0013230	-0.0010851	-0.0008713	-0.0006544	-0.0004263	-0.0001718	+0.0000793	+0.0003343	+0.0005971	+0.0008520	+0.0010933	+0.0013187	+0.0015315	+0.0017252	+0.0019027	+0.0020674	+0.0022206	+0.0023615	+0.0024884	+0.0026078	+0.0027235
2013-12	0.005	-0.0012027	-0.0010214	-0.0008314	-0.0006254	-0.0004076	-0.0001817	+0.0000624	+0.0003145	+0.0005747	+0.0008292	+0.0010722	+0.0013038	+0.0015220	+0.0017191	+0.0019000	+0.0020616	+0.0022101	+0.0023420	+0.0024725	+0.0026043	+0.0027312
2014-01	-0.062	-0.0012689	-0.0010462	-0.0008294	-0.0006087	-0.0003744	-0.0001432	+0.0000997	+0.0003535	+0.0006078	+0.0008572	+0.0010931	+0.0013189	+0.0015326	+0.0017345	+0.0019176	+0.0020779	+0.0022281	+0.0023677	+0.0025012	+0.0026321	+0.0027521
2014-02	0.014	-0.0014023	-0.0012046	-0.0010119	-0.0008040	-0.0005790	-0.0003591	-0.0001305	+0.0001096	+0.0003515	+0.0005928	+0.0008172	+0.0010361	+0.0012497	+0.0014517	+0.0016415	+0.0018182	+0.0019770	+0.0021157	+0.0022669	+0.0024075	+0.0025327
2014-03	0.035	-0.0013041	-0.0011363	-0.0009511	-0.0007561	-0.0005604	-0.0003669	-0.0001596	+0.0000603	+0.0002942	+0.0005262	+0.0007575	+0.0009799	+0.0011956	+0.0013939	+0.0015778	+0.0017494	+0.0019049	+0.0020430	+0.0021725	+0.0022916	+0.0024109
2014-04	0.018	-0.0012683	-0.0011031	-0.0009457	-0.0007776	-0.0006026	-0.0004055	-0.0002033	+0.0000024	+0.0002148	+0.0004344	+0.0006556	+0.0008720	+0.0010787	+0.0012748	+0.0014611	+0.0016338	+0.0017998	+0.0019588	+0.0021073	+0.0022432	+0.0023653
2014-05	0.025	-0.0012649	-0.0011452	-0.0010209	-0.0008817	-0.0007268	-0.0005575	-0.0003793	-0.0001894	+0.0000069	+0.0002082	+0.0004168	+0.0006247	+0.0008264	+0.0010153	+0.0011863	+0.0013479	+0.0014987	+0.0016379	+0.0017689	+0.0018933	+0.0020045
2014-06	0.002	-0.0013202	-0.0011999	-0.0010754	-0.0009389	-0.0007970	-0.0006373	-0.0004744	-0.0003050	-0.0001162	+0.0000810	+0.0002798	+0.0004759	+0.0006661	+0.0008398	+0.0010048	+0.0011582	+0.0013034	+0.0014358	+0.0015619	+0.0016779	+0.0017944
2014-07	0.025	-0.0012781	-0.0011638	-0.0010441	-0.0009093	-0.0007602	-0.0006024	-0.0004368	-0.0002603	-0.0000756	+0.0001150	+0.0003032	+0.0004924	+0.0006765	+0.0008522	+0.0010161	+0.0011656	+0.0013081	+0.0014276	+0.0015405	+0.0016500	+0.0017570
2014-08	0.012	-0.0012050	-0.0010961	-0.0009664	-0.0008241	-0.0006813	-0.0005350	-0.0003764	-0.0002003	-0.0000244	+0.0001561	+0.0003383	+0.0005207	+0.0006963	+0.0008662	+0.0010290	+0.0011724	+0.0013058	+0.0014238	+0.0015386	+0.0016462	+0.0017481
2014-09	-0.012	-0.0012810	-0.0011666	-0.0010458	-0.0009163	-0.0007778	-0.0006357	-0.0004885	-0.0003376	-0.0001743	-0.0000004	+0.0001751	+0.0003414	+0.0005063	+0.0006662	+0.0008184	+0.0009558	+0.0010829	+0.0012018	+0.0013151	+0.0014189	+0.0015213
2014-10	0.005	-0.0010169	-0.0009016	-0.0007919	-0.0006810	-0.0005661	-0.0004407	-0.0003100	-0.0001695	-0.0000169	+0.0001438	+0.0003072	+0.0004721	+0.0006266	+0.0007727	+0.0009111	+0.0010383	+0.0011565	+0.0012679	+0.0013708	+0.0014654	+0.0015571
2014-11	0.055	-0.0008083	-0.0007244	-0.0006391	-0.0005465	-0.0004387	-0.0003272	-0.0002045	-0.0000742	+0.0000633	+0.0002025	+0.0003400	+0.0004773	+0.0006106	+0.0007359	+0.0008502	+0.0009527	+0.0010452	+0.0011338	+0.0012249	+0.0013193	+0.0014052
2014-12	-0.022	-0.0007804	-0.0006750	-0.0005500	-0.0004186	-0.0002882	-0.0001564	-0.0000168	+0.0001270	+0.0002761	+0.0004275	+0.0005803	+0.0007283	+0.0008695	+0.0010022	+0.0011289	+0.0012473	+0.0013598	+0.0014606	+0.0015605	+0.0016472	+0.0017243
2015-01	-0.005	-0.0009588	-0.0008144	-0.0006660	-0.0005337	-0.0003949	-0.0002549	-0.0001072	+0.0000447	+0.0002023	+0.0003624	+0.0005216	+0.0006782	+0.0008294	+0.0009690	+0.0010988	+0.0012220	+0.0013381	+0.0014451	+0.0015373	+0.0016265	+0.0017068
2015-02	-0.001	-0.0008604	-0.0007569	-0.0006497	-0.0005269	-0.0004071	-0.0002837	-0.0001551	-0.0000188	+0.0001239	+0.0002755	+0.0004277	+0.0005788	+0.0007240	+0.0008603	+0.0009888	+0.0011118	+0.0012260	+0.0013271	+0.0014178	+0.0015062	+0.0015864
