2012-05	-0.012	-0.0006167	-0.0005512	-0.0004844	-0.0004158	-0.0003450	-0.0002674	-0.0001876	-0.0001018	-0.0000068	+0.0000918	+0.0001920	+0.0002920	+0.0003881	+0.0004780	+0.0005632	+0.0006429	+0.0007199	+0.0007895	+0.0008482	+0.0009060	+0.0009595
2012-06	0.006	-0.0005491	-0.0004937	-0.0004343	-0.0003717	-0.0003038	-0.0002305	-0.0001532	-0.0000722	+0.0000142	+0.0001071	+0.0002036	+0.0003015	+0.0003988	+0.0004934	+0.0005821	+0.0006649	+0.0007382	+0.0008065	+0.0008692	+0.0009297	+0.0009883
2012-07	-0.008	-0.0005802	-0.0005181	-0.0004485	-0.0003817	-0.0003144	-0.0002432	-0.0001683	-0.0000883	-0.0000023	+0.0000894	+0.0001837	+0.0002777	+0.0003722	+0.0004639	+0.0005506	+0.0006319	+0.0007083	+0.0007816	+0.0008463	+0.0009114	+0.0009680
2012-08	0.001	-0.0005751	-0.0005252	-0.0004731	-0.0004211	-0.0003669	-0.0003090	-0.0002439	-0.0001736	-0.0000968	-0.0000126	+0.0000734	+0.0001607	+0.0002474	+0.0003306	+0.0004069	+0.0004798	+0.0005467	+0.0006089	+0.0006662	+0.0007183	+0.0007657
2012-09	-0.012	-0.0004828	-0.0004321	-0.0003801	-0.0003274	-0.0002713	-0.0002084	-0.0001392	-0.0000680	+0.0000079	+0.0000890	+0.0001702	+0.0002519	+0.0003324	+0.0004094	+0.0004841	+0.0005580	+0.0006253	+0.0006903	+0.0007513	+0.0008081	+0.0008566
2012-10	0.018	-0.0005192	-0.0004703	-0.0004186	-0.0003668	-0.0003135	-0.0002560	-0.0001921	-0.0001237	-0.0000512	+0.0000250	+0.0001051	+0.0001833	+0.0002616	+0.0003386	+0.0004127	+0.0004799	+0.0005451	+0.0006065	+0.0006617	+0.0007110	+0.0007555
2012-11	0.033	-0.0004981	-0.0004498	-0.0003945	-0.0003360	-0.0002779	-0.0002164	-0.0001497	-0.0000772	-0.0000011	+0.0000818	+0.0001656	+0.0002505	+0.0003310	+0.0004082	+0.0004816	+0.0005502	+0.0006173	+0.0006810	+0.0007404	+0.0007974	+0.0008485
2012-12	0.048	-0.0004653	-0.0003994	-0.0003393	-0.0002757	-0.0002017	-0.0001194	-0.0000368	+0.0000460	+0.0001311	+0.0002215	+0.0003108	+0.0003977	+0.0004825	+0.0005635	+0.0006388	+0.0007058	+0.0007665	+0.0008228	+0.0008768	+0.0009280	+0.0009793
2013-01	0.038	-0.0004578	-0.0003748	-0.0003019	-0.0002296	-0.0001519	-0.0000691	+0.0000183	+0.0001123	+0.0002052	+0.0002954	+0.0003851	+0.0004770	+0.0005640	+0.0006453	+0.0007230	+0.0007929	+0.0008597	+0.0009226	+0.0009816	+0.0010370	+0.0010919
2013-02	0.019	-0.0004627	-0.0003749	-0.0002771	-0.0001781	-0.0000748	+0.0000317	+0.0001409	+0.0002536	+0.0003600	+0.0004629	+0.0005627	+0.0006591	+0.0007504	+0.0008351	+0.0009130	+0.0009893	+0.0010613	+0.0011269	+0.0011912	+0.0012540	+0.0013103
2013-03	0.017	-0.0006830	-0.0005595	-0.0004140	-0.0002827	-0.0001501	-0.0000119	+0.0001279	+0.0002743	+0.0004029	+0.0005176	+0.0006213	+0.0007155	+0.0008036	+0.0008860	+0.0009618	+0.0010311	+0.0010933	+0.0011510	+0.0012071	+0.0012577	+0.0013058
2013-04	0.046	-0.0006269	-0.0005061	-0.0003860	-0.0002771	-0.0001492	-0.0000095	+0.0001447	+0.0003123	+0.0004500	+0.0005720	+0.0006832	+0.0007862	+0.0008801	+0.0009666	+0.0010506	+0.0011283	+0.0011960	+0.0012587	+0.0013156	+0.0013698	+0.0014182
2013-05	0.012	-0.0007868	-0.0006060	-0.0004637	-0.0003137	-0.0001641	+0.0000069	+0.0002133	+0.0004400	+0.0006165	+0.0007582	+0.0008884	+0.0010097	+0.0011212	+0.0012250	+0.0013224	+0.0014107	+0.0014929	+0.0015710	+0.0016489	+0.0017172	+0.0017853
2013-06	-0.037	-0.0008152	-0.0006479	-0.0004570	-0.0002906	-0.0001322	+0.0000283	+0.0002131	+0.0004310	+0.0006150	+0.0007648	+0.0009004	+0.0010251	+0.0011390	+0.0012467	+0.0013476	+0.0014471	+0.0015382	+0.0016207	+0.0016999	+0.0017810	+0.0018565
2013-07	-0.006	-0.0007425	-0.0005989	-0.0004699	-0.0003531	-0.0002353	-0.0001111	+0.0000130	+0.0001403	+0.0002684	+0.0004027	+0.0005386	+0.0006682	+0.0007882	+0.0008978	+0.0010032	+0.0011022	+0.0012011	+0.0012908	+0.0013792	+0.0014603	+0.0015413
2013-08	-0.002	-0.0007150	-0.0006006	-0.0004910	-0.0003761	-0.0002569	-0.0001235	+0.0000136	+0.0001510	+0.0002854	+0.0004201	+0.0005531	+0.0006866	+0.0008108	+0.0009256	+0.0010369	+0.0011421	+0.0012360	+0.0013251	+0.0014080	+0.0014841	+0.0015566
2013-09	0.001	-0.0007247	-0.0006246	-0.0005219	-0.0004074	-0.0002890	-0.0001603	-0.0000232	+0.0001161	+0.0002573	+0.0003978	+0.0005359	+0.0006676	+0.0007925	+0.0009087	+0.0010183	+0.0011204	+0.0012147	+0.0013005	+0.0013807	+0.0014544	+0.0015206
2013-10	0.011	-0.0007431	-0.0006253	-0.0004946	-0.0003667	-0.0002372	-0.0001090	+0.0000342	+0.0001753	+0.0003178	+0.0004615	+0.0006033	+0.0007371	+0.0008668	+0.0009880	+0.0011019	+0.0012085	+0.0013102	+0.0014085	+0.0015006	+0.0015755	+0.0016388
2013-11	0.034	-0.0006951	-0.0006077	-0.0005035	-0.0003953	-0.0002690	-0.0001413	-0.0000012	+0.0001371	+0.0002789	+0.0004184	+0.0005569	+0.0006912	+0.0008183	+0.0009433	+0.0010598	+0.0011639	+0.0012582	+0.0013419	+0.0014234	+0.0014984	+0.0015702
2013-12	0.018	-0.0007308	-0.0006185	-0.0005029	-0.0003574	-0.0002127	-0.0000658	+0.0000893	+0.0002482	+0.0003975	+0.0005466	+0.0006943	+0.0008352	+0.0009683	+0.0010927	+0.0012093	+0.0013184	+0.0014161	+0.0015044	+0.0015913	+0.0016777	+0.0017629
2014-01	-0.011	-0.0008630	-0.0006855	-0.0005207	-0.0003605	-0.0001999	-0.0000362	+0.0001322	+0.0003068	+0.0004695	+0.0006272	+0.0007798	+0.0009199	+0.0010529	+0.0011743	+0.0012878	+0.0013885	+0.0014795	+0.0015640	+0.0016522	+0.0017401	+0.0018184
2014-02	-0.005	-0.0009212	-0.0007616	-0.0006007	-0.0004277	-0.0002492	-0.0000751	+0.0001085	+0.0002868	+0.0004565	+0.0006208	+0.0007716	+0.0009133	+0.0010432	+0.0011665	+0.0012841	+0.0013947	+0.0014979	+0.0015947	+0.0016814	+0.0017670	+0.0018469
2014-03	0.005	-0.0008351	-0.0007078	-0.0005526	-0.0003926	-0.0002331	-0.0000750	+0.0000866	+0.0002503	+0.0004112	+0.0005687	+0.0007161	+0.0008565	+0.0009888	+0.0011144	+0.0012282	+0.0013319	+0.0014292	+0.0015228	+0.0016053	+0.0016849	+0.0017613
2014-04	-0.000	-0.0008103	-0.0006824	-0.0005573	-0.0004238	-0.0002819	-0.0001339	+0.0000039	+0.0001403	+0.0002858	+0.0004326	+0.0005810	+0.0007225	+0.0008550	+0.0009759	+0.0010898	+0.0012013	+0.0013005	+0.0013912	+0.0014800	+0.0015647	+0.0016403
2014-05	0.000	-0.0007162	-0.0006164	-0.0005243	-0.0004274	-0.0003263	-0.0002155	-0.0000963	+0.0000309	+0.0001590	+0.0002894	+0.0004230	+0.0005526	+0.0006773	+0.0007978	+0.0009110	+0.0010128	+0.0011061	+0.0011957	+0.0012800	+0.0013547	+0.0014208
2014-06	-0.005	-0.0007653	-0.0006806	-0.0005899	-0.0005034	-0.0004126	-0.0003150	-0.0002104	-0.0001005	+0.0000083	+0.0001235	+0.0002414	+0.0003634	+0.0004834	+0.0005991	+0.0007078	+0.0008057	+0.0008962	+0.0009814	+0.0010610	+0.0011382	+0.0012114
2014-07	0.011	-0.0007187	-0.0006476	-0.0005770	-0.0004946	-0.0004124	-0.0003233	-0.0002283	-0.0001277	-0.0000183	+0.0000952	+0.0002105	+0.0003238	+0.0004341	+0.0005400	+0.0006406	+0.0007400	+0.0008302	+0.0009168	+0.0009982	+0.0010759	+0.0011432
2014-08	0.017	-0.0006885	-0.0006209	-0.0005525	-0.0004824	-0.0004014	-0.0003195	-0.0002312	-0.0001384	-0.0000396	+0.0000627	+0.0001670	+0.0002711	+0.0003746	+0.0004765	+0.0005729	+0.0006626	+0.0007449	+0.0008205	+0.0008937	+0.0009604	+0.0010267
2014-09	0.045	-0.0006555	-0.0005886	-0.0005232	-0.0004533	-0.0003787	-0.0003037	-0.0002235	-0.0001390	-0.0000529	+0.0000366	+0.0001302	+0.0002243	+0.0003139	+0.0003967	+0.0004712	+0.0005416	+0.0006067	+0.0006665	+0.0007187	+0.0007701	+0.0008233
2014-10	0.007	-0.0004572	-0.0003967	-0.0003336	-0.0002662	-0.0001941	-0.0001176	-0.0000393	+0.0000468	+0.0001358	+0.0002243	+0.0003100	+0.0003948	+0.0004762	+0.0005517	+0.0006207	+0.0006851	+0.0007466	+0.0008032	+0.0008541	+0.0008953	+0.0009354
2014-11	0.075	-0.0004090	-0.0003501	-0.0002798	-0.0002130	-0.0001406	-0.0000667	+0.0000113	+0.0000901	+0.0001690	+0.0002477	+0.0003246	+0.0003977	+0.0004681	+0.0005320	+0.0005911	+0.0006443	+0.0006933	+0.0007396	+0.0007822	+0.0008216	+0.0008590
2014-12	0.019	-0.0006442	-0.0005054	-0.0003709	-0.0002223	-0.0001042	+0.0000229	+0.0001763	+0.0003361	+0.0004725	+0.0005806	+0.0006755	+0.0007670	+0.0008550	+0.0009356	+0.0010125	+0.0010852	+0.0011562	+0.0012235	+0.0012879	+0.0013471	+0.0014035
2015-01	-0.002	-0.0006412	-0.0005163	-0.0003721	-0.0002406	-0.0001152	+0.0000199	+0.0001770	+0.0003533	+0.0005034	+0.0006245	+0.0007283	+0.0008234	+0.0009124	+0.0009961	+0.0010742	+0.0011470	+0.0012128	+0.0012739	+0.0013339	+0.0013900	+0.0014476
2015-02	-0.004	-0.0006117	-0.0004455	-0.0002970	-0.0001840	-0.0000634	+0.0000609	+0.0002117	+0.0003822	+0.0005335	+0.0006565	+0.0007611	+0.0008573	+0.0009461	+0.0010262	+0.0011026	+0.0011725	+0.0012400	+0.0013046	+0.0013652	+0.0014229	+0.0014756
