2013-06	-0.056	-0.0005063	-0.0003997	-0.0002876	-0.0001921	-0.0000972	+0.0000057	+0.0001153	+0.0002308	+0.0003389	+0.0004319	+0.0005144	+0.0005924	+0.0006637	+0.0007291	+0.0007894	+0.0008435	+0.0008904	+0.0009362	+0.0009778	+0.0010164	+0.0010517
2013-07	0.017	-0.0005552	-0.0004852	-0.0004125	-0.0003343	-0.0002582	-0.0001822	-0.0001030	-0.0000216	+0.0000641	+0.0001519	+0.0002346	+0.0003162	+0.0003927	+0.0004661	+0.0005316	+0.0005890	+0.0006423	+0.0006928	+0.0007402	+0.0007828	+0.0008199
2013-08	-0.013	-0.0004830	-0.0004139	-0.0003421	-0.0002738	-0.0001981	-0.0001144	-0.0000291	+0.0000593	+0.0001502	+0.0002441	+0.0003339	+0.0004174	+0.0004961	+0.0005694	+0.0006386	+0.0007015	+0.0007592	+0.0008127	+0.0008607	+0.0009038	+0.0009483
2013-09	0.029	-0.0004890	-0.0004343	-0.0003732	-0.0003067	-0.0002402	-0.0001706	-0.0000960	-0.0000180	+0.0000618	+0.0001414	+0.0002211	+0.0003023	+0.0003808	+0.0004533	+0.0005215	+0.0005843	+0.0006399	+0.0006911	+0.0007429	+0.0007890	+0.0008312
2013-10	0.015	-0.0005042	-0.0004185	-0.0003289	-0.0002383	-0.0001500	-0.0000579	+0.0000334	+0.0001240	+0.0002179	+0.0003112	+0.0004035	+0.0004920	+0.0005733	+0.0006466	+0.0007169	+0.0007815	+0.0008392	+0.0008918	+0.0009428	+0.0009984	+0.0010449
2013-11	-0.004	-0.0004761	-0.0004089	-0.0003378	-0.0002637	-0.0001886	-0.0001128	-0.0000334	+0.0000513	+0.0001394	+0.0002241	+0.0003085	+0.0003893	+0.0004671	+0.0005378	+0.0006009	+0.0006608	+0.0007123	+0.0007618	+0.0008076	+0.0008504	+0.0008870
2013-12	0.006	-0.0004478	-0.0003927	-0.0003345	-0.0002770	-0.0002111	-0.0001417	-0.0000701	+0.0000032	+0.0000809	+0.0001587	+0.0002376	+0.0003150	+0.0003887	+0.0004566	+0.0005214	+0.0005797	+0.0006339	+0.0006821	+0.0007291	+0.0007738	+0.0008121
2014-01	-0.009	-0.0004775	-0.0004147	-0.0003514	-0.0002919	-0.0002246	-0.0001560	-0.0000802	-0.0000010	+0.0000784	+0.0001564	+0.0002363	+0.0003132	+0.0003859	+0.0004533	+0.0005160	+0.0005754	+0.0006286	+0.0006740	+0.0007161	+0.0007549	+0.0007879
2014-02	0.013	-0.0004739	-0.0004226	-0.0003668	-0.0003093	-0.0002506	-0.0001926	-0.0001290	-0.0000632	+0.0000051	+0.0000776	+0.0001529	+0.0002265	+0.0002968	+0.0003620	+0.0004212	+0.0004756	+0.0005306	+0.0005813	+0.0006291	+0.0006715	+0.0007105
2014-03	0.003	-0.0004797	-0.0004361	-0.0003872	-0.0003356	-0.0002762	-0.0002146	-0.0001491	-0.0000805	-0.0000100	+0.0000628	+0.0001357	+0.0002071	+0.0002765	+0.0003429	+0.0004042	+0.0004617	+0.0005148	+0.0005621	+0.0006034	+0.0006443	+0.0006812
2014-04	0.009	-0.0004857	-0.0004404	-0.0003930	-0.0003441	-0.0002885	-0.0002309	-0.0001722	-0.0001088	-0.0000407	+0.0000296	+0.0000978	+0.0001675	+0.0002343	+0.0002973	+0.0003564	+0.0004101	+0.0004607	+0.0005096	+0.0005532	+0.0005919	+0.0006281
2014-05	0.015	-0.0005323	-0.0004829	-0.0004320	-0.0003815	-0.0003289	-0.0002744	-0.0002142	-0.0001507	-0.0000835	-0.0000133	+0.0000574	+0.0001277	+0.0001935	+0.0002539	+0.0003104	+0.0003612	+0.0004083	+0.0004536	+0.0004970	+0.0005392	+0.0005813
2014-06	0.012	-0.0004461	-0.0004007	-0.0003507	-0.0002979	-0.0002417	-0.0001842	-0.0001235	-0.0000589	+0.0000102	+0.0000813	+0.0001498	+0.0002181	+0.0002829	+0.0003431	+0.0003991	+0.0004495	+0.0004964	+0.0005422	+0.0005856	+0.0006277	+0.0006663
2014-07	0.008	-0.0004312	-0.0003912	-0.0003468	-0.0002993	-0.0002441	-0.0001859	-0.0001255	-0.0000607	+0.0000056	+0.0000740	+0.0001418	+0.0002065	+0.0002704	+0.0003291	+0.0003844	+0.0004342	+0.0004775	+0.0005190	+0.0005583	+0.0005945	+0.0006279
2014-08	0.005	-0.0004277	-0.0003853	-0.0003387	-0.0002887	-0.0002350	-0.0001789	-0.0001191	-0.0000549	+0.0000119	+0.0000803	+0.0001493	+0.0002153	+0.0002793	+0.0003397	+0.0003962	+0.0004483	+0.0004944	+0.0005364	+0.0005752	+0.0006109	+0.0006429
2014-09	-0.013	-0.0004483	-0.0004084	-0.0003650	-0.0003194	-0.0002698	-0.0002148	-0.0001558	-0.0000934	-0.0000263	+0.0000403	+0.0001066	+0.0001726	+0.0002356	+0.0002975	+0.0003540	+0.0004056	+0.0004539	+0.0004978	+0.0005367	+0.0005741	+0.0006080
2014-10	0.001	-0.0004075	-0.0003646	-0.0003150	-0.0002636	-0.0002075	-0.0001483	-0.0000872	-0.0000244	+0.0000405	+0.0001090	+0.0001754	+0.0002392	+0.0003003	+0.0003577	+0.0004099	+0.0004580	+0.0005003	+0.0005376	+0.0005713	+0.0006052	+0.0006368
2014-11	-0.003	-0.0003019	-0.0002522	-0.0002026	-0.0001517	-0.0000941	-0.0000330	+0.0000300	+0.0000941	+0.0001587	+0.0002203	+0.0002800	+0.0003385	+0.0003915	+0.0004414	+0.0004882	+0.0005315	+0.0005726	+0.0006098	+0.0006438	+0.0006757	+0.0007040
2014-12	-0.024	-0.0002860	-0.0002409	-0.0001925	-0.0001398	-0.0000836	-0.0000293	+0.0000271	+0.0000822	+0.0001376	+0.0001917	+0.0002452	+0.0002976	+0.0003461	+0.0003910	+0.0004336	+0.0004732	+0.0005117	+0.0005480	+0.0005786	+0.0006099	+0.0006392
2015-01	0.001	-0.0002660	-0.0002213	-0.0001833	-0.0001418	-0.0000987	-0.0000531	-0.0000048	+0.0000440	+0.0000940	+0.0001442	+0.0001939	+0.0002430	+0.0002905	+0.0003342	+0.0003746	+0.0004122	+0.0004478	+0.0004804	+0.0005109	+0.0005396	+0.0005672
2015-02	0.003	-0.0002835	-0.0002522	-0.0002185	-0.0001856	-0.0001499	-0.0001130	-0.0000738	-0.0000317	+0.0000117	+0.0000573	+0.0001047	+0.0001520	+0.0001988	+0.0002425	+0.0002846	+0.0003223	+0.0003572	+0.0003897	+0.0004202	+0.0004523	+0.0004806
