2012-05	-0.099	-0.0025157	-0.0023534	-0.0021749	-0.0019678	-0.0017597	-0.0015436	-0.0013172	-0.0010761	-0.0008218	-0.0005589	-0.0003038	-0.0000596	+0.0001748	+0.0003987	+0.0006067	+0.0007960	+0.0009685	+0.0011190	+0.0012600	+0.0014010	+0.0015328
2012-06	0.056	-0.0029559	-0.0027551	-0.0025502	-0.0023419	-0.0021292	-0.0019078	-0.0016734	-0.0014244	-0.0011682	-0.0009021	-0.0006317	-0.0003689	-0.0001132	+0.0001276	+0.0003449	+0.0005531	+0.0007426	+0.0009153	+0.0010688	+0.0012143	+0.0013574
2012-07	-0.036	-0.0028917	-0.0026700	-0.0024807	-0.0022869	-0.0020722	-0.0018420	-0.0016021	-0.0013573	-0.0011045	-0.0008411	-0.0005728	-0.0003074	-0.0000483	+0.0001990	+0.0004323	+0.0006425	+0.0008434	+0.0010352	+0.0012104	+0.0013825	+0.0015495
2012-08	-0.017	-0.0019318	-0.0018198	-0.0016960	-0.0015725	-0.0014289	-0.0012681	-0.0011028	-0.0009223	-0.0007328	-0.0005360	-0.0003302	-0.0001235	+0.0000744	+0.0002651	+0.0004439	+0.0006158	+0.0007792	+0.0009281	+0.0010703	+0.0012039	+0.0013272
2012-09	0.020	-0.0019130	-0.0018055	-0.0016948	-0.0015719	-0.0014299	-0.0012692	-0.0010947	-0.0009151	-0.0007217	-0.0005193	-0.0003136	-0.0001083	+0.0000899	+0.0002812	+0.0004579	+0.0006260	+0.0007842	+0.0009278	+0.0010592	+0.0011810	+0.0012958
2012-10	0.009	-0.0018081	-0.0016889	-0.0015586	-0.0014251	-0.0012795	-0.0011205	-0.0009456	-0.0007628	-0.0005695	-0.0003635	-0.0001571	+0.0000459	+0.0002430	+0.0004260	+0.0005945	+0.0007606	+0.0009172	+0.0010621	+0.0011970	+0.0013236	+0.0014472
2012-11	0.041	-0.0020132	-0.0018910	-0.0017644	-0.0016293	-0.0014811	-0.0013147	-0.0011358	-0.0009492	-0.0007532	-0.0005505	-0.0003457	-0.0001415	+0.0000591	+0.0002530	+0.0004405	+0.0006132	+0.0007724	+0.0009208	+0.0010646	+0.0011973	+0.0013284
2012-12	0.087	-0.0016560	-0.0015392	-0.0014151	-0.0012787	-0.0011334	-0.0009769	-0.0008079	-0.0006295	-0.0004356	-0.0002338	-0.0000312	+0.0001691	+0.0003658	+0.0005505	+0.0007261	+0.0008915	+0.0010433	+0.0011817	+0.0013082	+0.0014333	+0.0015599
2013-01	0.090	-0.0011498	-0.0010207	-0.0008941	-0.0007622	-0.0006264	-0.0004790	-0.0003164	-0.0001444	+0.0000368	+0.0002303	+0.0004324	+0.0006323	+0.0008259	+0.0010149	+0.0011945	+0.0013626	+0.0015158	+0.0016615	+0.0017950	+0.0019182	+0.0020400
2013-02	0.036	-0.0010863	-0.0009356	-0.0007720	-0.0006078	-0.0004420	-0.0002651	-0.0000777	+0.0001199	+0.0003211	+0.0005299	+0.0007424	+0.0009548	+0.0011597	+0.0013526	+0.0015283	+0.0016957	+0.0018470	+0.0019861	+0.0021232	+0.0022552	+0.0023682
2013-03	0.067	-0.0012554	-0.0010792	-0.0008787	-0.0006608	-0.0004553	-0.0002411	-0.0000232	+0.0002055	+0.0004407	+0.0006654	+0.0008878	+0.0011019	+0.0013057	+0.0014988	+0.0016810	+0.0018465	+0.0020012	+0.0021406	+0.0022748	+0.0024038	+0.0025177
2013-04	0.125	-0.0013262	-0.0010940	-0.0008505	-0.0006143	-0.0003647	-0.0001192	+0.0001521	+0.0004260	+0.0006903	+0.0009395	+0.0011843	+0.0014241	+0.0016493	+0.0018483	+0.0020338	+0.0022030	+0.0023559	+0.0025035	+0.0026423	+0.0027687	+0.0028943
2013-05	-0.017	-0.0013649	-0.0010858	-0.0008132	-0.0005558	-0.0002762	+0.0000255	+0.0003521	+0.0007003	+0.0010227	+0.0013132	+0.0015878	+0.0018429	+0.0020866	+0.0023140	+0.0025216	+0.0027129	+0.0028893	+0.0030518	+0.0032096	+0.0033654	+0.0035253
2013-06	0.005	-0.0016334	-0.0013715	-0.0010706	-0.0007620	-0.0004610	-0.0001697	+0.0001544	+0.0004857	+0.0008210	+0.0011404	+0.0014302	+0.0016986	+0.0019582	+0.0021952	+0.0024224	+0.0026293	+0.0028227	+0.0030018	+0.0031728	+0.0033174	+0.0034512
2013-07	-0.001	-0.0015081	-0.0012670	-0.0010413	-0.0008133	-0.0005723	-0.0003267	-0.0000649	+0.0002124	+0.0004879	+0.0007673	+0.0010473	+0.0013238	+0.0015959	+0.0018525	+0.0020818	+0.0022915	+0.0024818	+0.0026585	+0.0028185	+0.0029647	+0.0031017
2013-08	-0.029	-0.0015931	-0.0013441	-0.0011052	-0.0008615	-0.0005874	-0.0003115	-0.0000111	+0.0002977	+0.0005970	+0.0008933	+0.0011852	+0.0014735	+0.0017552	+0.0020116	+0.0022467	+0.0024662	+0.0026749	+0.0028651	+0.0030350	+0.0031909	+0.0033483
2013-09	0.084	-0.0016282	-0.0013824	-0.0011305	-0.0008809	-0.0006027	-0.0003182	-0.0000101	+0.0003054	+0.0006149	+0.0009247	+0.0012257	+0.0015199	+0.0017972	+0.0020486	+0.0022714	+0.0024685	+0.0026541	+0.0028305	+0.0029913	+0.0031487	+0.0032988
2013-10	0.000	-0.0017558	-0.0014128	-0.0010880	-0.0007404	-0.0003951	-0.0000310	+0.0003601	+0.0007477	+0.0011313	+0.0014885	+0.0018219	+0.0021307	+0.0024175	+0.0026800	+0.0029097	+0.0031275	+0.0033262	+0.0035215	+0.0036996	+0.0038610	+0.0040034
2013-11	0.054	-0.0018390	-0.0015133	-0.0011931	-0.0008611	-0.0005304	-0.0002013	+0.0001614	+0.0005227	+0.0008620	+0.0011976	+0.0015129	+0.0018132	+0.0020947	+0.0023571	+0.0025975	+0.0028209	+0.0030224	+0.0032039	+0.0033750	+0.0035432	+0.0036944
2013-12	0.029	-0.0017654	-0.0014174	-0.0011106	-0.0007777	-0.0004280	-0.0000481	+0.0003501	+0.0007670	+0.0011613	+0.0015220	+0.0018495	+0.0021539	+0.0024342	+0.0026929	+0.0029303	+0.0031426	+0.0033375	+0.0035306	+0.0037050	+0.0038714	+0.0040385
2014-01	-0.063	-0.0017976	-0.0014173	-0.0010268	-0.0006853	-0.0003244	+0.0000508	+0.0004584	+0.0008687	+0.0012644	+0.0016311	+0.0019661	+0.0022738	+0.0025568	+0.0028202	+0.0030643	+0.0032840	+0.0034888	+0.0036773	+0.0038433	+0.0040041	+0.0041652
2014-02	-0.013	-0.0020968	-0.0016512	-0.0012702	-0.0008870	-0.0005275	-0.0001388	+0.0002870	+0.0007146	+0.0011188	+0.0014850	+0.0018154	+0.0021280	+0.0024197	+0.0026922	+0.0029407	+0.0031721	+0.0033835	+0.0035777	+0.0037482	+0.0039196	+0.0040692
2014-03	-0.006	-0.0019756	-0.0016502	-0.0012602	-0.0008879	-0.0005189	-0.0001403	+0.0002599	+0.0006393	+0.0010265	+0.0013840	+0.0017186	+0.0020326	+0.0023156	+0.0025789	+0.0028188	+0.0030428	+0.0032465	+0.0034347	+0.0036109	+0.0037641	+0.0039089
2014-04	-0.039	-0.0019062	-0.0015560	-0.0012338	-0.0009174	-0.0006027	-0.0002909	+0.0000313	+0.0003651	+0.0007049	+0.0010432	+0.0013736	+0.0016919	+0.0019888	+0.0022647	+0.0025193	+0.0027510	+0.0029604	+0.0031432	+0.0033210	+0.0034923	+0.0036592
2014-05	0.041	-0.0016600	-0.0014537	-0.0012419	-0.0010173	-0.0007736	-0.0005020	-0.0002148	+0.0000882	+0.0003856	+0.0006954	+0.0010148	+0.0013198	+0.0016047	+0.0018729	+0.0021294	+0.0023657	+0.0025798	+0.0027839	+0.0029642	+0.0031242	+0.0032754
2014-06	0.050	-0.0017339	-0.0015211	-0.0013152	-0.0010923	-0.0008696	-0.0006226	-0.0003718	-0.0001039	+0.0001878	+0.0004857	+0.0007781	+0.0010738	+0.0013650	+0.0016387	+0.0018852	+0.0021123	+0.0023150	+0.0025013	+0.0026809	+0.0028367	+0.0029880
2014-07	0.027	-0.0017565	-0.0015367	-0.0013093	-0.0010973	-0.0008506	-0.0005982	-0.0003387	-0.0000561	+0.0002441	+0.0005398	+0.0008365	+0.0011254	+0.0014050	+0.0016654	+0.0019133	+0.0021476	+0.0023650	+0.0025495	+0.0027163	+0.0028673	+0.0030040
2014-08	-0.012	-0.0017054	-0.0015242	-0.0013308	-0.0011172	-0.0008965	-0.0006626	-0.0004050	-0.0001314	+0.0001526	+0.0004414	+0.0007243	+0.0010048	+0.0012749	+0.0015289	+0.0017619	+0.0019761	+0.0021790	+0.0023687	+0.0025431	+0.0027061	+0.0028620
2014-09	0.035	-0.0017579	-0.0016086	-0.0014480	-0.0012696	-0.0010840	-0.0008767	-0.0006582	-0.0004284	-0.0001876	+0.0000604	+0.0003145	+0.0005685	+0.0008125	+0.0010450	+0.0012613	+0.0014604	+0.0016508	+0.0018328	+0.0019961	+0.0021348	+0.0022733
2014-10	-0.008	-0.0013596	-0.0012004	-0.0010319	-0.0008634	-0.0006809	-0.0004879	-0.0002789	-0.0000578	+0.0001767	+0.0004221	+0.0006613	+0.0008944	+0.0011207	+0.0013367	+0.0015413	+0.0017258	+0.0019015	+0.0020607	+0.0022017	+0.0023372	+0.0024527
2014-11	0.054	-0.0015581	-0.0014333	-0.0012944	-0.0011424	-0.0009812	-0.0007980	-0.0006087	-0.0004046	-0.0001973	+0.0000174	+0.0002420	+0.0004634	+0.0006727	+0.0008724	+0.0010546	+0.0012243	+0.0013793	+0.0015206	+0.0016647	+0.0018007	+0.0019294
2014-12	-0.007	-0.0013469	-0.0011989	-0.0010520	-0.0008920	-0.0007199	-0.0005308	-0.0003326	-0.0001257	+0.0000935	+0.0003181	+0.0005514	+0.0007865	+0.0010126	+0.0012302	+0.0014296	+0.0016130	+0.0017746	+0.0019149	+0.0020482	+0.0021705	+0.0022997
2015-01	0.000	-0.0015084	-0.0013398	-0.0011657	-0.0009812	-0.0007833	-0.0005680	-0.0003413	-0.0001066	+0.0001300	+0.0003709	+0.0006138	+0.0008566	+0.0010932	+0.0013103	+0.0015098	+0.0016992	+0.0018665	+0.0020317	+0.0021826	+0.0023160	+0.0024455
2015-02	0.005	-0.0013375	-0.0011946	-0.0010426	-0.0008804	-0.0007055	-0.0005157	-0.0003256	-0.0001233	+0.0000891	+0.0003158	+0.0005452	+0.0007714	+0.0009894	+0.0011996	+0.0013881	+0.0015684	+0.0017294	+0.0018789	+0.0020234	+0.0021693	+0.0023017
