2013-05	-0.038	-0.0003399	-0.0002957	-0.0002499	-0.0002064	-0.0001600	-0.0001118	-0.0000599	-0.0000037	+0.0000563	+0.0001187	+0.0001809	+0.0002417	+0.0003014	+0.0003580	+0.0004099	+0.0004602	+0.0005073	+0.0005498	+0.0005891	+0.0006273	+0.0006599
2013-06	-0.058	-0.0004698	-0.0004328	-0.0003933	-0.0003528	-0.0003099	-0.0002629	-0.0002115	-0.0001544	-0.0000962	-0.0000352	+0.0000265	+0.0000892	+0.0001499	+0.0002062	+0.0002594	+0.0003089	+0.0003536	+0.0003964	+0.0004374	+0.0004741	+0.0005121
2013-07	0.013	-0.0010451	-0.0009768	-0.0009117	-0.0008416	-0.0007635	-0.0006806	-0.0005972	-0.0005102	-0.0004213	-0.0003314	-0.0002432	-0.0001567	-0.0000730	+0.0000061	+0.0000814	+0.0001567	+0.0002235	+0.0002852	+0.0003431	+0.0003969	+0.0004488
2013-08	-0.031	-0.0009421	-0.0008813	-0.0008201	-0.0007473	-0.0006659	-0.0005811	-0.0004940	-0.0004059	-0.0003136	-0.0002155	-0.0001172	-0.0000230	+0.0000710	+0.0001602	+0.0002441	+0.0003216	+0.0003917	+0.0004572	+0.0005198	+0.0005770	+0.0006332
2013-09	0.028	-0.0011491	-0.0010722	-0.0010054	-0.0009318	-0.0008551	-0.0007734	-0.0006859	-0.0005934	-0.0004956	-0.0003960	-0.0002936	-0.0001864	-0.0000825	+0.0000186	+0.0001164	+0.0002040	+0.0002881	+0.0003715	+0.0004519	+0.0005265	+0.0005965
2013-10	0.016	-0.0009966	-0.0009320	-0.0008591	-0.0007819	-0.0007036	-0.0006199	-0.0005287	-0.0004322	-0.0003315	-0.0002301	-0.0001259	-0.0000187	+0.0000842	+0.0001794	+0.0002694	+0.0003508	+0.0004289	+0.0004983	+0.0005620	+0.0006211	+0.0006776
2013-11	-0.027	-0.0009952	-0.0009167	-0.0008428	-0.0007708	-0.0006966	-0.0006136	-0.0005266	-0.0004363	-0.0003410	-0.0002414	-0.0001405	-0.0000426	+0.0000535	+0.0001449	+0.0002330	+0.0003152	+0.0003958	+0.0004703	+0.0005449	+0.0006160	+0.0006791
2013-12	0.002	-0.0011999	-0.0011410	-0.0010754	-0.0010062	-0.0009301	-0.0008461	-0.0007545	-0.0006565	-0.0005530	-0.0004454	-0.0003340	-0.0002239	-0.0001191	-0.0000135	+0.0000882	+0.0001871	+0.0002776	+0.0003700	+0.0004625	+0.0005493	+0.0006269
2014-01	-0.011	-0.0012576	-0.0011821	-0.0010998	-0.0010229	-0.0009442	-0.0008570	-0.0007610	-0.0006629	-0.0005629	-0.0004544	-0.0003445	-0.0002338	-0.0001248	-0.0000188	+0.0000842	+0.0001801	+0.0002720	+0.0003564	+0.0004335	+0.0005121	+0.0005994
2014-02	0.024	-0.0012952	-0.0012282	-0.0011571	-0.0010816	-0.0010035	-0.0009162	-0.0008244	-0.0007305	-0.0006301	-0.0005211	-0.0004093	-0.0002949	-0.0001817	-0.0000693	+0.0000394	+0.0001420	+0.0002445	+0.0003426	+0.0004361	+0.0005288	+0.0006042
2014-03	0.009	-0.0012674	-0.0011989	-0.0011249	-0.0010439	-0.0009525	-0.0008549	-0.0007537	-0.0006511	-0.0005398	-0.0004279	-0.0003124	-0.0001969	-0.0000839	+0.0000304	+0.0001405	+0.0002382	+0.0003304	+0.0004171	+0.0005022	+0.0005810	+0.0006567
2014-04	0.010	-0.0012108	-0.0011433	-0.0010705	-0.0009982	-0.0009175	-0.0008290	-0.0007352	-0.0006344	-0.0005277	-0.0004168	-0.0003008	-0.0001849	-0.0000702	+0.0000386	+0.0001422	+0.0002391	+0.0003317	+0.0004231	+0.0005088	+0.0005832	+0.0006485
2014-05	0.028	-0.0011154	-0.0010472	-0.0009724	-0.0008932	-0.0008107	-0.0007218	-0.0006309	-0.0005333	-0.0004311	-0.0003238	-0.0002135	-0.0001046	+0.0000044	+0.0001041	+0.0002004	+0.0002939	+0.0003846	+0.0004697	+0.0005505	+0.0006257	+0.0006892
2014-06	0.003	-0.0009903	-0.0009173	-0.0008414	-0.0007561	-0.0006705	-0.0005831	-0.0004875	-0.0003889	-0.0002868	-0.0001814	-0.0000738	+0.0000338	+0.0001364	+0.0002322	+0.0003218	+0.0004063	+0.0004827	+0.0005550	+0.0006264	+0.0006944	+0.0007613
2014-07	0.000	-0.0009430	-0.0008729	-0.0007936	-0.0007133	-0.0006313	-0.0005484	-0.0004575	-0.0003602	-0.0002590	-0.0001541	-0.0000464	+0.0000617	+0.0001672	+0.0002660	+0.0003584	+0.0004419	+0.0005165	+0.0005820	+0.0006474	+0.0007072	+0.0007683
2014-08	0.004	-0.0009201	-0.0008537	-0.0007815	-0.0007082	-0.0006294	-0.0005440	-0.0004534	-0.0003569	-0.0002539	-0.0001511	-0.0000471	+0.0000562	+0.0001553	+0.0002468	+0.0003342	+0.0004171	+0.0004956	+0.0005706	+0.0006414	+0.0007018	+0.0007614
2014-09	-0.023	-0.0009881	-0.0009234	-0.0008536	-0.0007781	-0.0007002	-0.0006109	-0.0005171	-0.0004230	-0.0003240	-0.0002181	-0.0001097	-0.0000044	+0.0000964	+0.0001937	+0.0002838	+0.0003670	+0.0004455	+0.0005187	+0.0005884	+0.0006534	+0.0007106
2014-10	0.009	-0.0008463	-0.0007831	-0.0007182	-0.0006441	-0.0005561	-0.0004652	-0.0003745	-0.0002814	-0.0001851	-0.0000851	+0.0000177	+0.0001201	+0.0002166	+0.0003073	+0.0003920	+0.0004676	+0.0005418	+0.0006087	+0.0006723	+0.0007341	+0.0007966
2014-11	-0.005	-0.0005272	-0.0004729	-0.0004189	-0.0003627	-0.0003048	-0.0002425	-0.0001769	-0.0001078	-0.0000317	+0.0000479	+0.0001295	+0.0002109	+0.0002897	+0.0003656	+0.0004372	+0.0005044	+0.0005672	+0.0006258	+0.0006814	+0.0007337	+0.0007788
2014-12	-0.018	-0.0004489	-0.0004041	-0.0003572	-0.0003100	-0.0002590	-0.0002040	-0.0001455	-0.0000839	-0.0000192	+0.0000500	+0.0001231	+0.0001940	+0.0002630	+0.0003311	+0.0003936	+0.0004522	+0.0005070	+0.0005585	+0.0006077	+0.0006538	+0.0006978
2015-01	0.005	-0.0004697	-0.0004199	-0.0003641	-0.0003102	-0.0002552	-0.0001951	-0.0001299	-0.0000617	+0.0000110	+0.0000869	+0.0001632	+0.0002428	+0.0003207	+0.0003958	+0.0004654	+0.0005295	+0.0005916	+0.0006486	+0.0007034	+0.0007515	+0.0007998
2015-02	0.006	-0.0004876	-0.0004439	-0.0004002	-0.0003530	-0.0002997	-0.0002422	-0.0001824	-0.0001179	-0.0000476	+0.0000236	+0.0000950	+0.0001643	+0.0002306	+0.0002939	+0.0003522	+0.0004071	+0.0004575	+0.0005037	+0.0005494	+0.0005915	+0.0006287
