2012-05	-0.040	-0.0026517	-0.0024923	-0.0023104	-0.0021285	-0.0019346	-0.0017250	-0.0014993	-0.0012655	-0.0010079	-0.0007382	-0.0004686	-0.0002060	+0.0000551	+0.0003095	+0.0005493	+0.0007799	+0.0010016	+0.0011996	+0.0013767	+0.0015339	+0.0016806
2012-06	-0.043	-0.0026139	-0.0024607	-0.0022963	-0.0021187	-0.0019234	-0.0017129	-0.0014945	-0.0012621	-0.0010194	-0.0007625	-0.0004911	-0.0002149	+0.0000583	+0.0003175	+0.0005596	+0.0007893	+0.0010130	+0.0012089	+0.0013888	+0.0015516	+0.0017191
2012-07	-0.032	-0.0028482	-0.0027042	-0.0025401	-0.0023663	-0.0021794	-0.0019787	-0.0017608	-0.0015289	-0.0012866	-0.0010334	-0.0007701	-0.0004987	-0.0002250	+0.0000443	+0.0002856	+0.0005106	+0.0007150	+0.0009103	+0.0010979	+0.0012716	+0.0014555
2012-08	-0.035	-0.0030076	-0.0028602	-0.0027217	-0.0025740	-0.0024095	-0.0022309	-0.0020346	-0.0018214	-0.0015829	-0.0013207	-0.0010519	-0.0007793	-0.0005092	-0.0002470	+0.0000113	+0.0002661	+0.0005079	+0.0007360	+0.0009505	+0.0011741	+0.0013641
2012-09	0.025	-0.0027528	-0.0026387	-0.0025048	-0.0023552	-0.0021882	-0.0020100	-0.0018130	-0.0016005	-0.0013707	-0.0011219	-0.0008629	-0.0005965	-0.0003349	-0.0000760	+0.0001735	+0.0004224	+0.0006627	+0.0008817	+0.0010939	+0.0012901	+0.0014862
2012-10	0.038	-0.0026879	-0.0025555	-0.0024125	-0.0022589	-0.0020900	-0.0019105	-0.0017111	-0.0015007	-0.0012738	-0.0010293	-0.0007728	-0.0005099	-0.0002557	+0.0000009	+0.0002511	+0.0004913	+0.0007215	+0.0009405	+0.0011395	+0.0013200	+0.0015137
2012-11	0.003	-0.0025527	-0.0024189	-0.0022829	-0.0021261	-0.0019640	-0.0017866	-0.0015983	-0.0013903	-0.0011678	-0.0009304	-0.0006808	-0.0004250	-0.0001757	+0.0000606	+0.0002790	+0.0004953	+0.0007015	+0.0008917	+0.0010779	+0.0012429	+0.0013958
2012-12	0.167	-0.0022852	-0.0021484	-0.0019936	-0.0018338	-0.0016665	-0.0014892	-0.0013018	-0.0010963	-0.0008776	-0.0006452	-0.0004113	-0.0001786	+0.0000554	+0.0002771	+0.0004834	+0.0006740	+0.0008554	+0.0010246	+0.0011934	+0.0013509	+0.0014829
2013-01	0.125	-0.0016792	-0.0015272	-0.0013764	-0.0012229	-0.0010565	-0.0008789	-0.0006795	-0.0004693	-0.0002425	-0.0000034	+0.0002345	+0.0004754	+0.0007143	+0.0009454	+0.0011551	+0.0013474	+0.0015357	+0.0017203	+0.0018928	+0.0020564	+0.0022017
2013-02	-0.037	-0.0013678	-0.0011608	-0.0009585	-0.0007474	-0.0005256	-0.0003130	-0.0000716	+0.0001848	+0.0004401	+0.0007056	+0.0009691	+0.0012381	+0.0014960	+0.0017373	+0.0019699	+0.0021921	+0.0024033	+0.0025929	+0.0027553	+0.0029304	+0.0031023
2013-03	-0.014	-0.0016477	-0.0014494	-0.0012469	-0.0010409	-0.0008234	-0.0005902	-0.0003553	-0.0001129	+0.0001393	+0.0004002	+0.0006645	+0.0009241	+0.0011721	+0.0014122	+0.0016362	+0.0018463	+0.0020424	+0.0022203	+0.0023863	+0.0025436	+0.0026938
2013-04	0.023	-0.0015326	-0.0013299	-0.0011093	-0.0008894	-0.0006712	-0.0004354	-0.0001891	+0.0000696	+0.0003360	+0.0006130	+0.0008948	+0.0011727	+0.0014410	+0.0016854	+0.0019116	+0.0021194	+0.0023134	+0.0024958	+0.0026668	+0.0028279	+0.0029760
2013-05	0.087	-0.0015874	-0.0013684	-0.0011301	-0.0008798	-0.0006128	-0.0003330	-0.0000452	+0.0002540	+0.0005577	+0.0008631	+0.0011561	+0.0014366	+0.0017018	+0.0019524	+0.0021821	+0.0023897	+0.0025803	+0.0027531	+0.0029275	+0.0030707	+0.0032075
2013-06	-0.177	-0.0014244	-0.0012106	-0.0009873	-0.0007585	-0.0005303	-0.0002810	+0.0000010	+0.0002967	+0.0005897	+0.0008868	+0.0011765	+0.0014521	+0.0017152	+0.0019645	+0.0021929	+0.0024044	+0.0026011	+0.0027831	+0.0029430	+0.0031016	+0.0032630
2013-07	0.015	-0.0018703	-0.0016999	-0.0015260	-0.0013476	-0.0011569	-0.0009558	-0.0007366	-0.0005018	-0.0002513	+0.0000062	+0.0002662	+0.0005291	+0.0007860	+0.0010414	+0.0012809	+0.0015158	+0.0017282	+0.0019174	+0.0020974	+0.0022576	+0.0024074
2013-08	0.043	-0.0017075	-0.0015581	-0.0013958	-0.0012053	-0.0009943	-0.0007688	-0.0005356	-0.0002937	-0.0000423	+0.0002230	+0.0004942	+0.0007646	+0.0010308	+0.0012820	+0.0015203	+0.0017423	+0.0019501	+0.0021350	+0.0023071	+0.0024656	+0.0026286
2013-09	0.032	-0.0018580	-0.0016745	-0.0014779	-0.0012731	-0.0010652	-0.0008458	-0.0006123	-0.0003651	-0.0001121	+0.0001499	+0.0004229	+0.0006914	+0.0009479	+0.0011978	+0.0014266	+0.0016371	+0.0018315	+0.0020158	+0.0021977	+0.0023590	+0.0025044
2013-10	-0.007	-0.0015457	-0.0013661	-0.0011529	-0.0009416	-0.0007302	-0.0005005	-0.0002580	-0.0000049	+0.0002634	+0.0005470	+0.0008332	+0.0011223	+0.0013972	+0.0016589	+0.0018979	+0.0021162	+0.0023152	+0.0025062	+0.0026824	+0.0028493	+0.0030134
2013-11	0.061	-0.0016620	-0.0014751	-0.0012894	-0.0010851	-0.0008632	-0.0006258	-0.0003793	-0.0001222	+0.0001429	+0.0004193	+0.0006990	+0.0009813	+0.0012551	+0.0015133	+0.0017506	+0.0019675	+0.0021681	+0.0023517	+0.0025278	+0.0026952	+0.0028326
2013-12	0.008	-0.0016390	-0.0014228	-0.0011745	-0.0009323	-0.0006748	-0.0004257	-0.0001616	+0.0001121	+0.0004071	+0.0007158	+0.0010255	+0.0013236	+0.0016075	+0.0018758	+0.0021158	+0.0023349	+0.0025341	+0.0027200	+0.0028916	+0.0030544	+0.0032127
2014-01	-0.044	-0.0016653	-0.0014135	-0.0011713	-0.0009027	-0.0006414	-0.0003657	-0.0000731	+0.0002449	+0.0005584	+0.0008832	+0.0011936	+0.0014949	+0.0017768	+0.0020436	+0.0022861	+0.0025205	+0.0027380	+0.0029283	+0.0031055	+0.0032588	+0.0034087
2014-02	-0.063	-0.0017000	-0.0014769	-0.0012521	-0.0010079	-0.0007426	-0.0004650	-0.0001907	+0.0000891	+0.0003801	+0.0006754	+0.0009766	+0.0012763	+0.0015576	+0.0018228	+0.0020670	+0.0022935	+0.0025072	+0.0027010	+0.0028902	+0.0030593	+0.0032244
2014-03	-0.026	-0.0018505	-0.0016450	-0.0014413	-0.0012264	-0.0009983	-0.0007448	-0.0004784	-0.0001985	+0.0000967	+0.0003931	+0.0006985	+0.0010056	+0.0012982	+0.0015741	+0.0018362	+0.0020715	+0.0022840	+0.0024678	+0.0026443	+0.0028153	+0.0029823
2014-04	-0.007	-0.0018346	-0.0016665	-0.0014789	-0.0012857	-0.0010693	-0.0008482	-0.0006029	-0.0003440	-0.0000675	+0.0002291	+0.0005302	+0.0008172	+0.0010918	+0.0013527	+0.0016011	+0.0018311	+0.0020426	+0.0022338	+0.0024104	+0.0025839	+0.0027546
2014-05	-0.005	-0.0021171	-0.0019539	-0.0017968	-0.0016312	-0.0014460	-0.0012492	-0.0010402	-0.0008139	-0.0005699	-0.0003206	-0.0000676	+0.0001879	+0.0004417	+0.0006743	+0.0008962	+0.0011049	+0.0012987	+0.0014782	+0.0016389	+0.0017882	+0.0019462
2014-06	0.010	-0.0025019	-0.0023534	-0.0021713	-0.0019948	-0.0018005	-0.0015959	-0.0013907	-0.0011759	-0.0009448	-0.0007070	-0.0004562	-0.0001987	+0.0000487	+0.0002809	+0.0004908	+0.0006922	+0.0008774	+0.0010518	+0.0012115	+0.0013662	+0.0015147
2014-07	0.088	-0.0021623	-0.0020158	-0.0018594	-0.0016923	-0.0015210	-0.0013434	-0.0011588	-0.0009610	-0.0007480	-0.0005270	-0.0002945	-0.0000626	+0.0001674	+0.0003857	+0.0005919	+0.0007802	+0.0009573	+0.0011207	+0.0012816	+0.0014295	+0.0015683
2014-08	-0.004	-0.0017827	-0.0016450	-0.0015023	-0.0013466	-0.0011885	-0.0010150	-0.0008311	-0.0006310	-0.0004212	-0.0001925	+0.0000394	+0.0002644	+0.0004786	+0.0006820	+0.0008766	+0.0010587	+0.0012270	+0.0013783	+0.0015271	+0.0016631	+0.0017999
2014-09	0.075	-0.0018367	-0.0017063	-0.0015675	-0.0014127	-0.0012471	-0.0010654	-0.0008765	-0.0006783	-0.0004673	-0.0002412	-0.0000156	+0.0002064	+0.0004221	+0.0006361	+0.0008277	+0.0010073	+0.0011718	+0.0013293	+0.0014785	+0.0016171	+0.0017368
2014-10	0.001	-0.0015318	-0.0014144	-0.0012956	-0.0011549	-0.0009983	-0.0008264	-0.0006470	-0.0004547	-0.0002566	-0.0000470	+0.0001704	+0.0003858	+0.0005941	+0.0007927	+0.0009808	+0.0011526	+0.0013081	+0.0014580	+0.0015919	+0.0017133	+0.0018188
2014-11	0.154	-0.0012361	-0.0011146	-0.0009959	-0.0008604	-0.0007201	-0.0005707	-0.0004093	-0.0002352	-0.0000522	+0.0001400	+0.0003424	+0.0005456	+0.0007402	+0.0009212	+0.0010885	+0.0012453	+0.0013934	+0.0015370	+0.0016682	+0.0017863	+0.0019009
2014-12	0.214	-0.0012037	-0.0010316	-0.0008707	-0.0006901	-0.0004880	-0.0002789	-0.0000689	+0.0001500	+0.0003735	+0.0005999	+0.0008255	+0.0010540	+0.0012720	+0.0014757	+0.0016699	+0.0018567	+0.0020368	+0.0022010	+0.0023566	+0.0024872	+0.0026141
2015-01	-0.021	-0.0017001	-0.0014349	-0.0011408	-0.0008349	-0.0005323	-0.0001958	+0.0001593	+0.0004996	+0.0008240	+0.0011376	+0.0014430	+0.0017301	+0.0020067	+0.0022591	+0.0025005	+0.0027197	+0.0029234	+0.0031180	+0.0033105	+0.0034897	+0.0036587
2015-02	-0.010	-0.0015939	-0.0013215	-0.0010476	-0.0007541	-0.0004518	-0.0001254	+0.0002079	+0.0005404	+0.0008782	+0.0012118	+0.0015233	+0.0018172	+0.0020998	+0.0023808	+0.0026385	+0.0028799	+0.0031089	+0.0033193	+0.0035244	+0.0037091	+0.0038841
