2012-05	-0.030	-0.0007796	-0.0007060	-0.0006369	-0.0005671	-0.0004948	-0.0004174	-0.0003339	-0.0002436	-0.0001473	-0.0000463	+0.0000580	+0.0001630	+0.0002625	+0.0003585	+0.0004473	+0.0005290	+0.0006071	+0.0006794	+0.0007521	+0.0008192	+0.0008880
2012-06	0.010	-0.0007964	-0.0007337	-0.0006660	-0.0005983	-0.0005250	-0.0004427	-0.0003586	-0.0002685	-0.0001746	-0.0000740	+0.0000298	+0.0001349	+0.0002387	+0.0003350	+0.0004265	+0.0005146	+0.0005972	+0.0006706	+0.0007382	+0.0008011	+0.0008584
2012-07	0.006	-0.0007694	-0.0007060	-0.0006408	-0.0005733	-0.0005037	-0.0004279	-0.0003492	-0.0002650	-0.0001753	-0.0000782	+0.0000213	+0.0001213	+0.0002202	+0.0003182	+0.0004103	+0.0004956	+0.0005736	+0.0006502	+0.0007210	+0.0007868	+0.0008460
2012-08	0.012	-0.0007877	-0.0007347	-0.0006796	-0.0006203	-0.0005569	-0.0004915	-0.0004208	-0.0003432	-0.0002566	-0.0001659	-0.0000708	+0.0000230	+0.0001162	+0.0002034	+0.0002851	+0.0003593	+0.0004319	+0.0005005	+0.0005640	+0.0006237	+0.0006796
2012-09	0.000	-0.0005712	-0.0005199	-0.0004693	-0.0004131	-0.0003537	-0.0002901	-0.0002190	-0.0001417	-0.0000582	+0.0000257	+0.0001122	+0.0001977	+0.0002841	+0.0003672	+0.0004454	+0.0005196	+0.0005890	+0.0006516	+0.0007120	+0.0007682	+0.0008189
2012-10	0.028	-0.0005831	-0.0005322	-0.0004772	-0.0004154	-0.0003524	-0.0002845	-0.0002144	-0.0001402	-0.0000603	+0.0000226	+0.0001080	+0.0001943	+0.0002804	+0.0003599	+0.0004322	+0.0005014	+0.0005679	+0.0006295	+0.0006864	+0.0007406	+0.0007915
2012-11	0.035	-0.0005421	-0.0004837	-0.0004201	-0.0003576	-0.0002907	-0.0002197	-0.0001397	-0.0000565	+0.0000279	+0.0001185	+0.0002143	+0.0003072	+0.0003938	+0.0004761	+0.0005555	+0.0006301	+0.0006999	+0.0007632	+0.0008192	+0.0008733	+0.0009247
2012-12	0.062	-0.0005072	-0.0004302	-0.0003524	-0.0002715	-0.0001851	-0.0000962	-0.0000023	+0.0000925	+0.0001916	+0.0002910	+0.0003905	+0.0004871	+0.0005797	+0.0006650	+0.0007429	+0.0008149	+0.0008817	+0.0009413	+0.0010014	+0.0010577	+0.0011083
2013-01	0.054	-0.0005834	-0.0004665	-0.0003604	-0.0002579	-0.0001447	-0.0000289	+0.0000891	+0.0002137	+0.0003382	+0.0004607	+0.0005719	+0.0006764	+0.0007727	+0.0008626	+0.0009483	+0.0010274	+0.0011002	+0.0011677	+0.0012320	+0.0012963	+0.0013548
2013-02	0.004	-0.0005960	-0.0004744	-0.0003229	-0.0001784	-0.0000300	+0.0001231	+0.0002835	+0.0004435	+0.0005962	+0.0007301	+0.0008496	+0.0009654	+0.0010734	+0.0011734	+0.0012670	+0.0013523	+0.0014304	+0.0015010	+0.0015670	+0.0016309	+0.0016883
2013-03	0.012	-0.0008807	-0.0007132	-0.0005064	-0.0003281	-0.0001702	+0.0000014	+0.0001925	+0.0003908	+0.0005654	+0.0007117	+0.0008390	+0.0009544	+0.0010592	+0.0011561	+0.0012464	+0.0013293	+0.0014044	+0.0014754	+0.0015476	+0.0016161	+0.0016750
2013-04	0.064	-0.0008790	-0.0007030	-0.0004929	-0.0003310	-0.0001810	-0.0000072	+0.0002053	+0.0004388	+0.0006321	+0.0007909	+0.0009283	+0.0010534	+0.0011671	+0.0012721	+0.0013707	+0.0014614	+0.0015446	+0.0016195	+0.0016894	+0.0017559	+0.0018213
2013-05	0.025	-0.0009799	-0.0007815	-0.0005514	-0.0003519	-0.0001618	+0.0000384	+0.0002889	+0.0005733	+0.0008088	+0.0009881	+0.0011460	+0.0012961	+0.0014323	+0.0015584	+0.0016724	+0.0017784	+0.0018786	+0.0019749	+0.0020608	+0.0021433	+0.0022247
2013-06	-0.044	-0.0010170	-0.0007880	-0.0005641	-0.0003490	-0.0001544	+0.0000273	+0.0002677	+0.0005560	+0.0007943	+0.0009819	+0.0011487	+0.0013017	+0.0014416	+0.0015712	+0.0016936	+0.0018121	+0.0019211	+0.0020193	+0.0021149	+0.0022080	+0.0022997
2013-07	0.002	-0.0009123	-0.0007479	-0.0005936	-0.0004365	-0.0002749	-0.0001066	+0.0000640	+0.0002321	+0.0003985	+0.0005685	+0.0007350	+0.0008937	+0.0010401	+0.0011795	+0.0013111	+0.0014390	+0.0015555	+0.0016620	+0.0017550	+0.0018432	+0.0019330
2013-08	0.004	-0.0008460	-0.0007036	-0.0005582	-0.0004140	-0.0002642	-0.0000962	+0.0000883	+0.0002765	+0.0004479	+0.0006086	+0.0007734	+0.0009310	+0.0010798	+0.0012160	+0.0013455	+0.0014686	+0.0015858	+0.0016930	+0.0017913	+0.0018903	+0.0019833
2013-09	-0.011	-0.0009489	-0.0008053	-0.0006608	-0.0004996	-0.0003237	-0.0001310	+0.0000569	+0.0002538	+0.0004549	+0.0006401	+0.0008141	+0.0009737	+0.0011222	+0.0012603	+0.0013915	+0.0015131	+0.0016237	+0.0017277	+0.0018227	+0.0019094	+0.0019888
2013-10	0.015	-0.0010003	-0.0007914	-0.0005994	-0.0004213	-0.0002434	-0.0000563	+0.0001383	+0.0003390	+0.0005335	+0.0007270	+0.0009060	+0.0010731	+0.0012269	+0.0013701	+0.0015070	+0.0016340	+0.0017523	+0.0018588	+0.0019608	+0.0020562	+0.0021521
2013-11	0.040	-0.0008714	-0.0007463	-0.0006170	-0.0004529	-0.0002837	-0.0000999	+0.0000880	+0.0002767	+0.0004621	+0.0006416	+0.0008157	+0.0009772	+0.0011368	+0.0012844	+0.0014196	+0.0015383	+0.0016505	+0.0017522	+0.0018407	+0.0019274	+0.0020148
2013-12	0.037	-0.0009472	-0.0007885	-0.0006199	-0.0004350	-0.0002509	-0.0000597	+0.0001523	+0.0003631	+0.0005668	+0.0007588	+0.0009411	+0.0011087	+0.0012660	+0.0014178	+0.0015565	+0.0016846	+0.0018023	+0.0019082	+0.0020125	+0.0021184	+0.0022295
2014-01	-0.028	-0.0010725	-0.0008416	-0.0006299	-0.0004191	-0.0002104	+0.0000006	+0.0002366	+0.0004687	+0.0006800	+0.0008741	+0.0010564	+0.0012290	+0.0013875	+0.0015341	+0.0016684	+0.0017930	+0.0019100	+0.0020208	+0.0021287	+0.0022344	+0.0023294
2014-02	-0.001	-0.0011340	-0.0009382	-0.0007478	-0.0005333	-0.0003001	-0.0000877	+0.0001355	+0.0003686	+0.0005891	+0.0007893	+0.0009768	+0.0011482	+0.0013039	+0.0014547	+0.0015983	+0.0017273	+0.0018519	+0.0019632	+0.0020687	+0.0021670	+0.0022600
2014-03	0.017	-0.0010364	-0.0008446	-0.0006649	-0.0004872	-0.0002859	-0.0000762	+0.0001224	+0.0003270	+0.0005288	+0.0007240	+0.0009072	+0.0010785	+0.0012370	+0.0013868	+0.0015259	+0.0016495	+0.0017648	+0.0018707	+0.0019718	+0.0020663	+0.0021571
2014-04	0.000	-0.0010304	-0.0008609	-0.0006911	-0.0005187	-0.0003402	-0.0001555	+0.0000333	+0.0002176	+0.0004045	+0.0005914	+0.0007763	+0.0009540	+0.0011202	+0.0012717	+0.0014118	+0.0015452	+0.0016678	+0.0017815	+0.0018783	+0.0019669	+0.0020518
2014-05	-0.007	-0.0008590	-0.0007509	-0.0006303	-0.0005041	-0.0003780	-0.0002437	-0.0000974	+0.0000570	+0.0002151	+0.0003789	+0.0005471	+0.0007105	+0.0008630	+0.0010113	+0.0011467	+0.0012687	+0.0013878	+0.0014934	+0.0015912	+0.0016767	+0.0017541
2014-06	0.002	-0.0009448	-0.0008346	-0.0007166	-0.0006054	-0.0004908	-0.0003663	-0.0002368	-0.0000993	+0.0000425	+0.0001883	+0.0003384	+0.0004846	+0.0006336	+0.0007778	+0.0009113	+0.0010361	+0.0011481	+0.0012538	+0.0013521	+0.0014438	+0.0015318
2014-07	0.018	-0.0008798	-0.0007737	-0.0006744	-0.0005727	-0.0004557	-0.0003293	-0.0002025	-0.0000712	+0.0000719	+0.0002147	+0.0003561	+0.0004970	+0.0006390	+0.0007742	+0.0009008	+0.0010153	+0.0011206	+0.0012206	+0.0013147	+0.0014102	+0.0014944
2014-08	0.006	-0.0007973	-0.0006978	-0.0006000	-0.0005024	-0.0004019	-0.0002938	-0.0001788	-0.0000545	+0.0000730	+0.0002079	+0.0003441	+0.0004756	+0.0006046	+0.0007317	+0.0008498	+0.0009613	+0.0010628	+0.0011552	+0.0012419	+0.0013258	+0.0014056
2014-09	0.048	-0.0007986	-0.0007163	-0.0006309	-0.0005420	-0.0004538	-0.0003611	-0.0002609	-0.0001548	-0.0000423	+0.0000749	+0.0001941	+0.0003152	+0.0004290	+0.0005315	+0.0006275	+0.0007175	+0.0008024	+0.0008830	+0.0009543	+0.0010184	+0.0010823
2014-10	-0.004	-0.0005930	-0.0005038	-0.0004154	-0.0003321	-0.0002385	-0.0001411	-0.0000412	+0.0000627	+0.0001774	+0.0002893	+0.0004000	+0.0005097	+0.0006126	+0.0007083	+0.0007990	+0.0008815	+0.0009554	+0.0010213	+0.0010830	+0.0011368	+0.0011883
2014-11	0.079	-0.0005477	-0.0004752	-0.0003971	-0.0003131	-0.0002243	-0.0001327	-0.0000381	+0.0000571	+0.0001575	+0.0002584	+0.0003600	+0.0004589	+0.0005525	+0.0006405	+0.0007201	+0.0007943	+0.0008641	+0.0009262	+0.0009823	+0.0010300	+0.0010761
2014-12	0.021	-0.0007197	-0.0005767	-0.0004537	-0.0003144	-0.0001676	-0.0000173	+0.0001432	+0.0003026	+0.0004480	+0.0005771	+0.0007029	+0.0008189	+0.0009316	+0.0010364	+0.0011319	+0.0012238	+0.0013102	+0.0013921	+0.0014724	+0.0015422	+0.0016091
2015-01	-0.017	-0.0007797	-0.0006359	-0.0004910	-0.0003401	-0.0001868	-0.0000319	+0.0001319	+0.0002968	+0.0004556	+0.0006013	+0.0007354	+0.0008570	+0.0009722	+0.0010819	+0.0011831	+0.0012719	+0.0013573	+0.0014347	+0.0015072	+0.0015762	+0.0016423
2015-02	-0.002	-0.0006761	-0.0005380	-0.0004068	-0.0002727	-0.0001407	-0.0000018	+0.0001602	+0.0003261	+0.0004841	+0.0006280	+0.0007621	+0.0008888	+0.0010039	+0.0011090	+0.0012069	+0.0013048	+0.0013938	+0.0014766	+0.0015553	+0.0016318	+0.0017060
