2012-09	0.030	-0.0022130	-0.0020517	-0.0018779	-0.0016895	-0.0014962	-0.0012896	-0.0010600	-0.0008123	-0.0005511	-0.0002867	-0.0000245	+0.0002378	+0.0005001	+0.0007470	+0.0009793	+0.0011956	+0.0013969	+0.0015768	+0.0017461	+0.0018936	+0.0020427
2012-10	0.050	-0.0020608	-0.0019028	-0.0017334	-0.0015476	-0.0013541	-0.0011532	-0.0009327	-0.0007002	-0.0004528	-0.0001920	+0.0000731	+0.0003361	+0.0005868	+0.0008303	+0.0010599	+0.0012749	+0.0014742	+0.0016507	+0.0018061	+0.0019484	+0.0020819
2012-11	0.024	-0.0018939	-0.0017306	-0.0015703	-0.0014005	-0.0012157	-0.0010217	-0.0008166	-0.0005980	-0.0003598	-0.0001120	+0.0001501	+0.0004119	+0.0006549	+0.0008817	+0.0010990	+0.0013075	+0.0015042	+0.0016827	+0.0018608	+0.0020229	+0.0021672
2012-12	0.079	-0.0018418	-0.0016811	-0.0015130	-0.0013274	-0.0011394	-0.0009348	-0.0007177	-0.0004862	-0.0002448	-0.0000017	+0.0002464	+0.0004993	+0.0007455	+0.0009802	+0.0011923	+0.0013835	+0.0015696	+0.0017454	+0.0019178	+0.0020792	+0.0022276
2013-01	0.078	-0.0015345	-0.0013692	-0.0011851	-0.0009852	-0.0007628	-0.0005371	-0.0003060	-0.0000624	+0.0001838	+0.0004464	+0.0007076	+0.0009701	+0.0012158	+0.0014539	+0.0016698	+0.0018675	+0.0020531	+0.0022249	+0.0023799	+0.0025282	+0.0026696
2013-02	0.046	-0.0012856	-0.0009851	-0.0007116	-0.0004317	-0.0001497	+0.0001543	+0.0004657	+0.0007706	+0.0010685	+0.0013505	+0.0016129	+0.0018616	+0.0020883	+0.0022921	+0.0024877	+0.0026667	+0.0028338	+0.0029826	+0.0031276	+0.0032532	+0.0033685
2013-03	0.052	-0.0014101	-0.0011224	-0.0008591	-0.0005646	-0.0002857	+0.0000156	+0.0003185	+0.0006274	+0.0009162	+0.0011757	+0.0014134	+0.0016352	+0.0018381	+0.0020259	+0.0021986	+0.0023585	+0.0025010	+0.0026318	+0.0027561	+0.0028706	+0.0029718
2013-04	0.063	-0.0016561	-0.0013045	-0.0009301	-0.0006142	-0.0003304	-0.0000329	+0.0003347	+0.0007232	+0.0010652	+0.0013494	+0.0015942	+0.0018212	+0.0020301	+0.0022177	+0.0023990	+0.0025645	+0.0027114	+0.0028505	+0.0029771	+0.0030993	+0.0032177
2013-05	0.024	-0.0017058	-0.0013737	-0.0009506	-0.0005750	-0.0002775	+0.0000323	+0.0004057	+0.0009015	+0.0013553	+0.0016607	+0.0019089	+0.0021348	+0.0023491	+0.0025397	+0.0027103	+0.0028669	+0.0030176	+0.0031535	+0.0032784	+0.0034010	+0.0035176
2013-06	-0.107	-0.0015503	-0.0012379	-0.0009026	-0.0006012	-0.0002836	+0.0000226	+0.0003744	+0.0008203	+0.0011941	+0.0014945	+0.0017530	+0.0019865	+0.0021964	+0.0023859	+0.0025660	+0.0027335	+0.0028794	+0.0030134	+0.0031361	+0.0032496	+0.0033554
2013-07	0.007	-0.0013728	-0.0011479	-0.0009394	-0.0007343	-0.0005343	-0.0003151	-0.0000811	+0.0001608	+0.0004034	+0.0006547	+0.0009005	+0.0011382	+0.0013645	+0.0015798	+0.0017749	+0.0019542	+0.0021284	+0.0022847	+0.0024282	+0.0025605	+0.0026704
2013-08	-0.101	-0.0013652	-0.0011809	-0.0009902	-0.0007977	-0.0005820	-0.0003381	-0.0000811	+0.0001815	+0.0004392	+0.0006876	+0.0009334	+0.0011739	+0.0014072	+0.0016218	+0.0018236	+0.0020019	+0.0021667	+0.0023206	+0.0024567	+0.0025895	+0.0027156
2013-09	0.055	-0.0016008	-0.0014214	-0.0012346	-0.0010429	-0.0008390	-0.0006223	-0.0004045	-0.0001698	+0.0000858	+0.0003342	+0.0005841	+0.0008290	+0.0010630	+0.0012884	+0.0014910	+0.0016804	+0.0018537	+0.0020107	+0.0021619	+0.0023103	+0.0024352
2013-10	0.047	-0.0016529	-0.0013809	-0.0010816	-0.0007856	-0.0005144	-0.0002341	+0.0000717	+0.0003944	+0.0006956	+0.0009910	+0.0012716	+0.0015341	+0.0017842	+0.0020153	+0.0022301	+0.0024260	+0.0026116	+0.0027860	+0.0029466	+0.0030871	+0.0032160
2013-11	-0.029	-0.0014703	-0.0012430	-0.0010239	-0.0007981	-0.0005577	-0.0002976	-0.0000336	+0.0002372	+0.0005094	+0.0007936	+0.0010661	+0.0013245	+0.0015682	+0.0017904	+0.0019882	+0.0021755	+0.0023414	+0.0024959	+0.0026423	+0.0027876	+0.0029214
2013-12	-0.006	-0.0014170	-0.0012095	-0.0010184	-0.0008166	-0.0005945	-0.0003594	-0.0001065	+0.0001530	+0.0004191	+0.0006910	+0.0009609	+0.0012235	+0.0014727	+0.0017009	+0.0019067	+0.0020944	+0.0022610	+0.0024188	+0.0025653	+0.0027054	+0.0028356
2014-01	-0.031	-0.0014187	-0.0012156	-0.0010215	-0.0008245	-0.0005986	-0.0003592	-0.0001006	+0.0001664	+0.0004295	+0.0006941	+0.0009596	+0.0012134	+0.0014516	+0.0016720	+0.0018796	+0.0020673	+0.0022463	+0.0024160	+0.0025672	+0.0027077	+0.0028299
2014-02	0.028	-0.0015662	-0.0013807	-0.0011895	-0.0009735	-0.0007569	-0.0005365	-0.0003005	-0.0000556	+0.0002145	+0.0004809	+0.0007399	+0.0009922	+0.0012356	+0.0014600	+0.0016654	+0.0018502	+0.0020187	+0.0021780	+0.0023319	+0.0024715	+0.0025972
2014-03	0.027	-0.0014551	-0.0012781	-0.0010868	-0.0008773	-0.0006606	-0.0004415	-0.0002132	+0.0000300	+0.0002809	+0.0005475	+0.0008068	+0.0010576	+0.0012964	+0.0015177	+0.0017273	+0.0019230	+0.0020983	+0.0022584	+0.0023997	+0.0025443	+0.0026760
2014-04	0.021	-0.0015090	-0.0013408	-0.0011624	-0.0009634	-0.0007605	-0.0005509	-0.0003241	-0.0000917	+0.0001449	+0.0003885	+0.0006422	+0.0008907	+0.0011274	+0.0013561	+0.0015714	+0.0017834	+0.0019711	+0.0021384	+0.0022915	+0.0024347	+0.0025756
2014-05	0.010	-0.0015724	-0.0014219	-0.0012470	-0.0010642	-0.0008731	-0.0006746	-0.0004597	-0.0002377	-0.0000068	+0.0002330	+0.0004775	+0.0007174	+0.0009531	+0.0011789	+0.0013863	+0.0015669	+0.0017353	+0.0018932	+0.0020401	+0.0021653	+0.0022831
2014-06	-0.006	-0.0016373	-0.0015073	-0.0013531	-0.0011984	-0.0010321	-0.0008469	-0.0006497	-0.0004443	-0.0002202	+0.0000124	+0.0002462	+0.0004771	+0.0006977	+0.0009058	+0.0010947	+0.0012715	+0.0014314	+0.0015878	+0.0017391	+0.0018657	+0.0020075
2014-07	0.050	-0.0017957	-0.0016394	-0.0014823	-0.0013140	-0.0011451	-0.0009500	-0.0007532	-0.0005552	-0.0003457	-0.0001292	+0.0000893	+0.0003049	+0.0005150	+0.0007161	+0.0009051	+0.0010798	+0.0012462	+0.0014009	+0.0015386	+0.0016750	+0.0018038
2014-08	0.013	-0.0016359	-0.0015005	-0.0013607	-0.0012133	-0.0010539	-0.0008830	-0.0006950	-0.0004979	-0.0002976	-0.0000838	+0.0001327	+0.0003445	+0.0005530	+0.0007510	+0.0009424	+0.0011110	+0.0012721	+0.0014187	+0.0015493	+0.0016764	+0.0017991
2014-09	0.031	-0.0017869	-0.0016628	-0.0015207	-0.0013662	-0.0012023	-0.0010338	-0.0008562	-0.0006688	-0.0004706	-0.0002536	-0.0000443	+0.0001622	+0.0003606	+0.0005543	+0.0007343	+0.0009000	+0.0010506	+0.0011928	+0.0013352	+0.0014691	+0.0016094
2014-10	-0.015	-0.0014393	-0.0013211	-0.0011690	-0.0010152	-0.0008576	-0.0006962	-0.0005312	-0.0003556	-0.0001653	+0.0000284	+0.0002241	+0.0004179	+0.0006077	+0.0007866	+0.0009528	+0.0011044	+0.0012443	+0.0013728	+0.0015003	+0.0016157	+0.0017228
2014-11	0.094	-0.0012089	-0.0010916	-0.0009772	-0.0008506	-0.0007176	-0.0005834	-0.0004402	-0.0002853	-0.0001158	+0.0000576	+0.0002347	+0.0004132	+0.0005857	+0.0007442	+0.0008933	+0.0010306	+0.0011540	+0.0012722	+0.0013874	+0.0015008	+0.0016047
2014-12	-0.006	-0.0011063	-0.0009679	-0.0008170	-0.0006516	-0.0004844	-0.0003226	-0.0001479	+0.0000361	+0.0002232	+0.0004138	+0.0006099	+0.0008042	+0.0009880	+0.0011637	+0.0013279	+0.0014773	+0.0016140	+0.0017445	+0.0018671	+0.0019852	+0.0020906
2015-01	-0.002	-0.0010428	-0.0008749	-0.0006960	-0.0005010	-0.0003040	-0.0001186	+0.0000769	+0.0002725	+0.0004733	+0.0006731	+0.0008629	+0.0010531	+0.0012320	+0.0013972	+0.0015524	+0.0017008	+0.0018292	+0.0019482	+0.0020582	+0.0021567	+0.0022547
2015-02	0.002	-0.0009333	-0.0007940	-0.0006543	-0.0004988	-0.0003341	-0.0001566	+0.0000271	+0.0002073	+0.0003874	+0.0005677	+0.0007512	+0.0009320	+0.0010989	+0.0012524	+0.0013952	+0.0015247	+0.0016461	+0.0017589	+0.0018639	+0.0019591	+0.0020363
