2012-05	-0.080	-0.0021231	-0.0019735	-0.0018148	-0.0016335	-0.0014507	-0.0012473	-0.0010499	-0.0008448	-0.0006215	-0.0003970	-0.0001794	+0.0000202	+0.0002144	+0.0003935	+0.0005605	+0.0007168	+0.0008587	+0.0009865	+0.0011036	+0.0012089	+0.0013084
2012-06	0.055	-0.0025241	-0.0023229	-0.0021449	-0.0019640	-0.0017712	-0.0015728	-0.0013586	-0.0011434	-0.0009211	-0.0006940	-0.0004674	-0.0002454	-0.0000339	+0.0001640	+0.0003398	+0.0005009	+0.0006513	+0.0007884	+0.0009139	+0.0010333	+0.0011515
2012-07	-0.016	-0.0024347	-0.0022580	-0.0020776	-0.0018929	-0.0016972	-0.0014967	-0.0012864	-0.0010749	-0.0008545	-0.0006247	-0.0003927	-0.0001631	+0.0000536	+0.0002570	+0.0004413	+0.0006129	+0.0007700	+0.0009187	+0.0010569	+0.0011952	+0.0013267
2012-08	0.005	-0.0013344	-0.0012472	-0.0011497	-0.0010447	-0.0009303	-0.0008067	-0.0006771	-0.0005408	-0.0003972	-0.0002497	-0.0000991	+0.0000524	+0.0002003	+0.0003419	+0.0004744	+0.0006004	+0.0007225	+0.0008298	+0.0009230	+0.0010061	+0.0010844
2012-09	0.027	-0.0012856	-0.0011983	-0.0011025	-0.0010062	-0.0009026	-0.0007878	-0.0006596	-0.0005263	-0.0003807	-0.0002319	-0.0000814	+0.0000698	+0.0002180	+0.0003574	+0.0004896	+0.0006117	+0.0007251	+0.0008309	+0.0009269	+0.0010178	+0.0011008
2012-10	0.028	-0.0012438	-0.0011504	-0.0010469	-0.0009365	-0.0008186	-0.0007010	-0.0005745	-0.0004351	-0.0002850	-0.0001316	+0.0000192	+0.0001713	+0.0003179	+0.0004551	+0.0005830	+0.0007004	+0.0008138	+0.0009213	+0.0010254	+0.0011220	+0.0012127
2012-11	0.012	-0.0012349	-0.0011526	-0.0010528	-0.0009488	-0.0008314	-0.0007092	-0.0005835	-0.0004433	-0.0002927	-0.0001410	+0.0000122	+0.0001663	+0.0003138	+0.0004551	+0.0005874	+0.0007096	+0.0008175	+0.0009218	+0.0010173	+0.0011118	+0.0012038
2012-12	0.046	-0.0011134	-0.0010226	-0.0009226	-0.0008212	-0.0007120	-0.0005979	-0.0004731	-0.0003335	-0.0001899	-0.0000401	+0.0001073	+0.0002580	+0.0004040	+0.0005440	+0.0006719	+0.0007895	+0.0009010	+0.0010015	+0.0010963	+0.0011840	+0.0012651
2013-01	0.086	-0.0007421	-0.0006537	-0.0005673	-0.0004707	-0.0003620	-0.0002431	-0.0001211	+0.0000131	+0.0001563	+0.0003002	+0.0004454	+0.0005886	+0.0007284	+0.0008623	+0.0009867	+0.0011048	+0.0012089	+0.0013002	+0.0013836	+0.0014620	+0.0015389
2013-02	0.026	-0.0007674	-0.0006275	-0.0004904	-0.0003563	-0.0002133	-0.0000595	+0.0001000	+0.0002654	+0.0004332	+0.0005996	+0.0007649	+0.0009247	+0.0010782	+0.0012233	+0.0013597	+0.0014855	+0.0015978	+0.0016974	+0.0017946	+0.0018868	+0.0019764
2013-03	0.091	-0.0010157	-0.0008311	-0.0006341	-0.0004440	-0.0002435	-0.0000431	+0.0001592	+0.0003627	+0.0005648	+0.0007540	+0.0009293	+0.0010914	+0.0012422	+0.0013809	+0.0015107	+0.0016303	+0.0017425	+0.0018399	+0.0019262	+0.0020143	+0.0020924
2013-04	0.121	-0.0011462	-0.0008966	-0.0006481	-0.0004175	-0.0001838	+0.0000568	+0.0003246	+0.0006126	+0.0008667	+0.0010791	+0.0012717	+0.0014486	+0.0016106	+0.0017555	+0.0018884	+0.0020105	+0.0021215	+0.0022230	+0.0023141	+0.0023952	+0.0024731
2013-05	-0.011	-0.0013615	-0.0010306	-0.0006710	-0.0003669	-0.0001009	+0.0001628	+0.0004846	+0.0009003	+0.0012357	+0.0014827	+0.0016888	+0.0018794	+0.0020588	+0.0022212	+0.0023729	+0.0025108	+0.0026342	+0.0027467	+0.0028510	+0.0029573	+0.0030571
2013-06	-0.014	-0.0014907	-0.0011917	-0.0008654	-0.0005643	-0.0002681	+0.0000148	+0.0003519	+0.0007530	+0.0010931	+0.0013779	+0.0016194	+0.0018440	+0.0020501	+0.0022372	+0.0024051	+0.0025625	+0.0027029	+0.0028331	+0.0029529	+0.0030708	+0.0031808
2013-07	0.037	-0.0013353	-0.0010909	-0.0008522	-0.0006019	-0.0003377	-0.0000608	+0.0002153	+0.0004832	+0.0007468	+0.0010044	+0.0012604	+0.0014929	+0.0017108	+0.0019173	+0.0021039	+0.0022654	+0.0024112	+0.0025455	+0.0026642	+0.0027835	+0.0028974
2013-08	-0.018	-0.0013360	-0.0010986	-0.0008623	-0.0005980	-0.0003278	-0.0000522	+0.0002570	+0.0005680	+0.0008611	+0.0011351	+0.0013968	+0.0016361	+0.0018637	+0.0020773	+0.0022725	+0.0024502	+0.0026106	+0.0027633	+0.0029006	+0.0030284	+0.0031541
2013-09	0.090	-0.0014241	-0.0012055	-0.0009226	-0.0006423	-0.0003710	-0.0000837	+0.0002441	+0.0005705	+0.0008766	+0.0011623	+0.0014222	+0.0016654	+0.0018905	+0.0020927	+0.0022779	+0.0024401	+0.0025893	+0.0027313	+0.0028654	+0.0029865	+0.0031024
2013-10	0.034	-0.0016224	-0.0012266	-0.0008254	-0.0004919	-0.0001797	+0.0001478	+0.0005426	+0.0009743	+0.0013488	+0.0016747	+0.0019644	+0.0022236	+0.0024583	+0.0026670	+0.0028539	+0.0030226	+0.0031747	+0.0033146	+0.0034504	+0.0035656	+0.0036876
2013-11	0.059	-0.0017568	-0.0013939	-0.0010035	-0.0006380	-0.0002869	+0.0000557	+0.0004241	+0.0008537	+0.0012532	+0.0015648	+0.0018447	+0.0020926	+0.0023209	+0.0025298	+0.0027214	+0.0028963	+0.0030508	+0.0031960	+0.0033332	+0.0034748	+0.0035936
2013-12	0.049	-0.0017592	-0.0013253	-0.0008875	-0.0005427	-0.0002316	+0.0001167	+0.0005212	+0.0010398	+0.0015052	+0.0018406	+0.0021193	+0.0023643	+0.0025845	+0.0027805	+0.0029686	+0.0031405	+0.0032975	+0.0034474	+0.0035883	+0.0037167	+0.0038357
2014-01	0.014	-0.0017317	-0.0013332	-0.0009079	-0.0005083	-0.0001527	+0.0002281	+0.0006470	+0.0011365	+0.0015751	+0.0019174	+0.0021949	+0.0024477	+0.0026714	+0.0028759	+0.0030673	+0.0032420	+0.0033903	+0.0035302	+0.0036608	+0.0037805	+0.0038976
2014-02	-0.046	-0.0022915	-0.0017167	-0.0011741	-0.0006941	-0.0002964	+0.0000922	+0.0005546	+0.0011578	+0.0016767	+0.0020288	+0.0023136	+0.0025631	+0.0027978	+0.0030209	+0.0032211	+0.0034045	+0.0035752	+0.0037262	+0.0038607	+0.0039971	+0.0041177
2014-03	0.011	-0.0019708	-0.0016665	-0.0011689	-0.0007338	-0.0003337	+0.0000503	+0.0004873	+0.0009501	+0.0013810	+0.0017548	+0.0020696	+0.0023491	+0.0025899	+0.0028091	+0.0030142	+0.0031998	+0.0033668	+0.0035223	+0.0036659	+0.0038095	+0.0039440
2014-04	-0.042	-0.0019281	-0.0015610	-0.0011730	-0.0008069	-0.0004201	-0.0000427	+0.0003538	+0.0007650	+0.0011753	+0.0015435	+0.0018784	+0.0021739	+0.0024388	+0.0026762	+0.0028908	+0.0030891	+0.0032681	+0.0034268	+0.0035830	+0.0037322	+0.0038567
2014-05	0.020	-0.0015792	-0.0013109	-0.0010183	-0.0007422	-0.0004309	-0.0001032	+0.0002372	+0.0005920	+0.0009295	+0.0012529	+0.0015690	+0.0018658	+0.0021365	+0.0023796	+0.0026075	+0.0028140	+0.0030019	+0.0031714	+0.0033273	+0.0034663	+0.0035933
2014-06	0.088	-0.0016036	-0.0013741	-0.0010841	-0.0007997	-0.0005100	-0.0002003	+0.0000945	+0.0004036	+0.0007197	+0.0010308	+0.0013324	+0.0016227	+0.0018925	+0.0021369	+0.0023651	+0.0025674	+0.0027548	+0.0029277	+0.0030793	+0.0032171	+0.0033418
2014-07	0.054	-0.0017954	-0.0015079	-0.0011840	-0.0008526	-0.0005376	-0.0002149	+0.0001221	+0.0004828	+0.0008385	+0.0011675	+0.0014704	+0.0017551	+0.0020237	+0.0022710	+0.0025011	+0.0027118	+0.0029008	+0.0030707	+0.0032261	+0.0033656	+0.0034922
2014-08	0.054	-0.0017141	-0.0014480	-0.0011530	-0.0008478	-0.0005253	-0.0001915	+0.0001460	+0.0004926	+0.0008292	+0.0011566	+0.0014635	+0.0017502	+0.0020144	+0.0022590	+0.0024794	+0.0026728	+0.0028547	+0.0030361	+0.0032115	+0.0033661	+0.0035139
2014-09	0.021	-0.0015931	-0.0013640	-0.0011120	-0.0008394	-0.0005622	-0.0002827	-0.0000023	+0.0002752	+0.0005613	+0.0008485	+0.0011373	+0.0014079	+0.0016642	+0.0018979	+0.0021167	+0.0023197	+0.0025024	+0.0026704	+0.0028276	+0.0029777	+0.0031224
2014-10	0.003	-0.0013717	-0.0011056	-0.0008413	-0.0005720	-0.0002704	+0.0000456	+0.0003566	+0.0006615	+0.0009722	+0.0012609	+0.0015279	+0.0017773	+0.0020077	+0.0022241	+0.0024222	+0.0026044	+0.0027724	+0.0029223	+0.0030665	+0.0031990	+0.0033149
2014-11	0.023	-0.0014002	-0.0011838	-0.0009361	-0.0006892	-0.0004364	-0.0001836	+0.0000870	+0.0003597	+0.0006477	+0.0009182	+0.0011695	+0.0014086	+0.0016341	+0.0018427	+0.0020365	+0.0022089	+0.0023672	+0.0025137	+0.0026415	+0.0027629	+0.0028795
2014-12	0.017	-0.0014361	-0.0012021	-0.0009289	-0.0006585	-0.0003909	-0.0001055	+0.0001868	+0.0004860	+0.0007674	+0.0010410	+0.0012977	+0.0015425	+0.0017661	+0.0019762	+0.0021707	+0.0023450	+0.0025049	+0.0026482	+0.0027785	+0.0028947	+0.0029991
2015-01	0.037	-0.0014635	-0.0012273	-0.0009696	-0.0007005	-0.0003908	-0.0000794	+0.0002522	+0.0005835	+0.0008975	+0.0011813	+0.0014549	+0.0017065	+0.0019382	+0.0021430	+0.0023304	+0.0024992	+0.0026529	+0.0027980	+0.0029398	+0.0030632	+0.0031950
2015-02	-0.019	-0.0012679	-0.0010486	-0.0008090	-0.0005564	-0.0003058	-0.0000411	+0.0002381	+0.0005285	+0.0008216	+0.0010848	+0.0013327	+0.0015674	+0.0017934	+0.0019987	+0.0021837	+0.0023424	+0.0024914	+0.0026406	+0.0027813	+0.0029245	+0.0030555
