2013-01	0.074	-0.0013430	-0.0010757	-0.0007324	-0.0004243	-0.0001869	+0.0000633	+0.0003513	+0.0007006	+0.0010431	+0.0013137	+0.0015359	+0.0017333	+0.0019105	+0.0020765	+0.0022277	+0.0023623	+0.0024835	+0.0026041	+0.0027124	+0.0028098	+0.0028990
2013-02	0.017	-0.0014465	-0.0011140	-0.0006769	-0.0003474	-0.0000676	+0.0002016	+0.0005232	+0.0009720	+0.0013257	+0.0015782	+0.0017854	+0.0019725	+0.0021400	+0.0022936	+0.0024323	+0.0025589	+0.0026809	+0.0027972	+0.0029038	+0.0030071	+0.0031029
2013-03	0.034	-0.0014831	-0.0011830	-0.0007638	-0.0004418	-0.0001563	+0.0000997	+0.0004027	+0.0007841	+0.0011286	+0.0013727	+0.0015677	+0.0017404	+0.0019008	+0.0020493	+0.0021806	+0.0023023	+0.0024142	+0.0025168	+0.0026087	+0.0026984	+0.0027819
2013-04	0.088	-0.0014848	-0.0011717	-0.0007300	-0.0003564	-0.0001104	+0.0001220	+0.0004205	+0.0008927	+0.0012804	+0.0015259	+0.0017141	+0.0018806	+0.0020350	+0.0021768	+0.0023015	+0.0024134	+0.0025191	+0.0026159	+0.0027104	+0.0027979	+0.0028811
2013-05	-0.053	-0.0017104	-0.0014314	-0.0008627	-0.0003456	-0.0000935	+0.0001360	+0.0004294	+0.0011123	+0.0016799	+0.0019168	+0.0021090	+0.0022803	+0.0024370	+0.0025807	+0.0027118	+0.0028285	+0.0029347	+0.0030379	+0.0031360	+0.0032229	+0.0033049
2013-06	-0.071	-0.0015221	-0.0012086	-0.0007965	-0.0004514	-0.0001937	+0.0000626	+0.0004116	+0.0009299	+0.0013437	+0.0016120	+0.0018363	+0.0020299	+0.0022056	+0.0023652	+0.0025104	+0.0026419	+0.0027652	+0.0028792	+0.0029865	+0.0030854	+0.0031804
2013-07	0.003	-0.0012305	-0.0010042	-0.0007866	-0.0005497	-0.0003243	-0.0000922	+0.0001449	+0.0004089	+0.0006613	+0.0008956	+0.0011188	+0.0013228	+0.0015127	+0.0016904	+0.0018516	+0.0019981	+0.0021309	+0.0022549	+0.0023706	+0.0024846	+0.0025952
2013-08	-0.043	-0.0012308	-0.0010032	-0.0007915	-0.0005605	-0.0003189	-0.0000689	+0.0001966	+0.0004738	+0.0007384	+0.0009849	+0.0012077	+0.0014143	+0.0016073	+0.0017819	+0.0019469	+0.0020936	+0.0022231	+0.0023429	+0.0024572	+0.0025664	+0.0026706
2013-09	0.040	-0.0011034	-0.0009518	-0.0007832	-0.0005870	-0.0003840	-0.0001736	+0.0000327	+0.0002533	+0.0004873	+0.0007151	+0.0009319	+0.0011315	+0.0013176	+0.0014940	+0.0016532	+0.0018003	+0.0019294	+0.0020469	+0.0021605	+0.0022765	+0.0023911
2013-10	0.016	-0.0013966	-0.0011246	-0.0008198	-0.0005308	-0.0002812	-0.0000206	+0.0002561	+0.0005581	+0.0008484	+0.0011051	+0.0013338	+0.0015431	+0.0017352	+0.0019141	+0.0020747	+0.0022217	+0.0023553	+0.0024853	+0.0026105	+0.0027256	+0.0028270
2013-11	-0.003	-0.0011730	-0.0009720	-0.0007720	-0.0005637	-0.0003214	-0.0000940	+0.0001567	+0.0003994	+0.0006376	+0.0008684	+0.0010948	+0.0012995	+0.0014866	+0.0016587	+0.0018107	+0.0019526	+0.0020783	+0.0021918	+0.0022957	+0.0023994	+0.0025041
2013-12	0.000	-0.0010964	-0.0009283	-0.0007383	-0.0005566	-0.0003709	-0.0001766	+0.0000385	+0.0002515	+0.0004658	+0.0006842	+0.0008925	+0.0010889	+0.0012758	+0.0014503	+0.0016101	+0.0017548	+0.0018831	+0.0020014	+0.0021128	+0.0022163	+0.0023201
2014-01	-0.027	-0.0010543	-0.0008909	-0.0007233	-0.0005536	-0.0003766	-0.0001949	-0.0000026	+0.0001984	+0.0004051	+0.0006108	+0.0008099	+0.0010072	+0.0011933	+0.0013655	+0.0015228	+0.0016728	+0.0018098	+0.0019419	+0.0020614	+0.0021701	+0.0022723
2014-02	0.021	-0.0011761	-0.0010115	-0.0008483	-0.0006698	-0.0004910	-0.0003058	-0.0001155	+0.0000744	+0.0002689	+0.0004670	+0.0006657	+0.0008538	+0.0010335	+0.0012074	+0.0013684	+0.0015135	+0.0016573	+0.0017916	+0.0019183	+0.0020303	+0.0021307
2014-03	0.014	-0.0010709	-0.0009380	-0.0007956	-0.0006524	-0.0005003	-0.0003327	-0.0001603	+0.0000208	+0.0002114	+0.0004088	+0.0006048	+0.0007942	+0.0009734	+0.0011426	+0.0012949	+0.0014377	+0.0015652	+0.0016832	+0.0017906	+0.0018859	+0.0019803
2014-04	0.026	-0.0010643	-0.0009496	-0.0008208	-0.0006864	-0.0005428	-0.0003958	-0.0002443	-0.0000790	+0.0000902	+0.0002673	+0.0004481	+0.0006235	+0.0007907	+0.0009537	+0.0011064	+0.0012511	+0.0013840	+0.0015090	+0.0016254	+0.0017430	+0.0018519
2014-05	0.021	-0.0011287	-0.0010115	-0.0008897	-0.0007549	-0.0006274	-0.0004836	-0.0003243	-0.0001608	+0.0000081	+0.0001827	+0.0003593	+0.0005404	+0.0007129	+0.0008753	+0.0010249	+0.0011647	+0.0012936	+0.0014196	+0.0015258	+0.0016247	+0.0017247
2014-06	0.003	-0.0011743	-0.0010631	-0.0009520	-0.0008383	-0.0007148	-0.0005916	-0.0004597	-0.0003123	-0.0001579	+0.0000030	+0.0001651	+0.0003277	+0.0004858	+0.0006382	+0.0007776	+0.0009034	+0.0010205	+0.0011308	+0.0012308	+0.0013348	+0.0014197
2014-07	0.023	-0.0011466	-0.0010422	-0.0009404	-0.0008252	-0.0007023	-0.0005781	-0.0004451	-0.0003016	-0.0001546	-0.0000017	+0.0001558	+0.0003156	+0.0004675	+0.0006117	+0.0007496	+0.0008716	+0.0009856	+0.0010877	+0.0011844	+0.0012778	+0.0013739
2014-08	0.013	-0.0011390	-0.0010298	-0.0009273	-0.0008150	-0.0006960	-0.0005726	-0.0004420	-0.0003007	-0.0001539	-0.0000031	+0.0001481	+0.0002997	+0.0004435	+0.0005823	+0.0007156	+0.0008340	+0.0009439	+0.0010456	+0.0011410	+0.0012316	+0.0013167
2014-09	-0.015	-0.0012356	-0.0011498	-0.0010561	-0.0009563	-0.0008437	-0.0007275	-0.0006025	-0.0004748	-0.0003384	-0.0001999	-0.0000632	+0.0000755	+0.0002085	+0.0003340	+0.0004553	+0.0005639	+0.0006609	+0.0007513	+0.0008382	+0.0009119	+0.0009905
2014-10	0.020	-0.0008523	-0.0007646	-0.0006812	-0.0005925	-0.0004937	-0.0003943	-0.0002916	-0.0001859	-0.0000761	+0.0000347	+0.0001470	+0.0002576	+0.0003671	+0.0004709	+0.0005657	+0.0006565	+0.0007411	+0.0008197	+0.0008877	+0.0009532	+0.0010167
2014-11	0.052	-0.0005437	-0.0004726	-0.0004033	-0.0003275	-0.0002468	-0.0001646	-0.0000777	+0.0000148	+0.0001089	+0.0002034	+0.0003009	+0.0003966	+0.0004859	+0.0005709	+0.0006507	+0.0007244	+0.0007946	+0.0008602	+0.0009177	+0.0009713	+0.0010253
2014-12	0.014	-0.0006078	-0.0004866	-0.0003731	-0.0002587	-0.0001383	-0.0000173	+0.0001040	+0.0002249	+0.0003454	+0.0004618	+0.0005741	+0.0006822	+0.0007861	+0.0008827	+0.0009723	+0.0010527	+0.0011281	+0.0011987	+0.0012652	+0.0013237	+0.0013765
2015-01	0.004	-0.0006947	-0.0005547	-0.0004179	-0.0002863	-0.0001526	-0.0000102	+0.0001378	+0.0002982	+0.0004439	+0.0005690	+0.0006849	+0.0007939	+0.0008977	+0.0009929	+0.0010790	+0.0011590	+0.0012326	+0.0013026	+0.0013687	+0.0014298	+0.0014872
2015-02	0.002	-0.0006056	-0.0004637	-0.0003412	-0.0002193	-0.0001026	+0.0000245	+0.0001588	+0.0002946	+0.0004254	+0.0005493	+0.0006633	+0.0007666	+0.0008623	+0.0009524	+0.0010330	+0.0011066	+0.0011756	+0.0012384	+0.0012987	+0.0013642	+0.0014276
