2013-10	0.036	-0.0010671	-0.0009891	-0.0009047	-0.0008212	-0.0007304	-0.0006365	-0.0005323	-0.0004191	-0.0002997	-0.0001740	-0.0000453	+0.0000806	+0.0002032	+0.0003204	+0.0004273	+0.0005220	+0.0006113	+0.0006888	+0.0007585	+0.0008238	+0.0008860
2013-11	-0.044	-0.0009720	-0.0008956	-0.0008225	-0.0007356	-0.0006414	-0.0005445	-0.0004373	-0.0003272	-0.0002118	-0.0000953	+0.0000208	+0.0001358	+0.0002502	+0.0003583	+0.0004579	+0.0005534	+0.0006490	+0.0007326	+0.0008094	+0.0008827	+0.0009531
2013-12	-0.003	-0.0009318	-0.0008693	-0.0007970	-0.0007200	-0.0006384	-0.0005476	-0.0004518	-0.0003490	-0.0002413	-0.0001308	-0.0000172	+0.0000953	+0.0002020	+0.0003053	+0.0004040	+0.0004984	+0.0005828	+0.0006551	+0.0007207	+0.0007909	+0.0008552
2014-01	-0.015	-0.0009428	-0.0008736	-0.0008012	-0.0007145	-0.0006291	-0.0005405	-0.0004465	-0.0003471	-0.0002452	-0.0001368	-0.0000241	+0.0000906	+0.0001976	+0.0002995	+0.0003935	+0.0004798	+0.0005564	+0.0006243	+0.0006885	+0.0007472	+0.0008037
2014-02	0.033	-0.0010448	-0.0009808	-0.0009132	-0.0008452	-0.0007680	-0.0006798	-0.0005882	-0.0004946	-0.0003955	-0.0002908	-0.0001844	-0.0000803	+0.0000218	+0.0001205	+0.0002125	+0.0002956	+0.0003729	+0.0004487	+0.0005198	+0.0005815	+0.0006396
2014-03	0.030	-0.0010874	-0.0010177	-0.0009448	-0.0008667	-0.0007826	-0.0006978	-0.0006055	-0.0005101	-0.0004075	-0.0002985	-0.0001859	-0.0000712	+0.0000448	+0.0001562	+0.0002598	+0.0003558	+0.0004398	+0.0005104	+0.0005757	+0.0006416	+0.0007085
2014-04	0.017	-0.0008953	-0.0008341	-0.0007684	-0.0007028	-0.0006286	-0.0005472	-0.0004585	-0.0003633	-0.0002637	-0.0001575	-0.0000475	+0.0000591	+0.0001612	+0.0002609	+0.0003546	+0.0004443	+0.0005280	+0.0006064	+0.0006765	+0.0007348	+0.0007886
2014-05	0.022	-0.0007928	-0.0007336	-0.0006680	-0.0006027	-0.0005304	-0.0004496	-0.0003612	-0.0002630	-0.0001618	-0.0000534	+0.0000531	+0.0001589	+0.0002614	+0.0003581	+0.0004487	+0.0005305	+0.0006064	+0.0006765	+0.0007415	+0.0007983	+0.0008528
2014-06	0.014	-0.0006468	-0.0005851	-0.0005168	-0.0004436	-0.0003613	-0.0002746	-0.0001819	-0.0000852	+0.0000173	+0.0001190	+0.0002208	+0.0003221	+0.0004208	+0.0005180	+0.0006090	+0.0006937	+0.0007714	+0.0008465	+0.0009169	+0.0009807	+0.0010425
2014-07	-0.010	-0.0007004	-0.0006287	-0.0005507	-0.0004752	-0.0003969	-0.0003128	-0.0002202	-0.0001229	-0.0000242	+0.0000802	+0.0001836	+0.0002862	+0.0003876	+0.0004851	+0.0005746	+0.0006590	+0.0007373	+0.0008121	+0.0008825	+0.0009501	+0.0010170
2014-08	0.010	-0.0006760	-0.0006081	-0.0005431	-0.0004739	-0.0004000	-0.0003230	-0.0002417	-0.0001552	-0.0000590	+0.0000436	+0.0001430	+0.0002426	+0.0003396	+0.0004341	+0.0005189	+0.0005948	+0.0006615	+0.0007220	+0.0007791	+0.0008316	+0.0008804
2014-09	-0.052	-0.0006823	-0.0006258	-0.0005639	-0.0004950	-0.0004237	-0.0003433	-0.0002616	-0.0001710	-0.0000737	+0.0000302	+0.0001359	+0.0002372	+0.0003307	+0.0004210	+0.0005051	+0.0005811	+0.0006528	+0.0007175	+0.0007763	+0.0008329	+0.0008926
2014-10	0.021	-0.0008074	-0.0007469	-0.0006801	-0.0006126	-0.0005356	-0.0004546	-0.0003690	-0.0002768	-0.0001782	-0.0000783	+0.0000221	+0.0001234	+0.0002194	+0.0003102	+0.0003950	+0.0004741	+0.0005474	+0.0006141	+0.0006771	+0.0007352	+0.0007858
2014-11	-0.017	-0.0008753	-0.0007992	-0.0007272	-0.0006519	-0.0005743	-0.0004907	-0.0004023	-0.0003074	-0.0002117	-0.0001129	-0.0000117	+0.0000905	+0.0001937	+0.0002911	+0.0003803	+0.0004656	+0.0005495	+0.0006208	+0.0006855	+0.0007481	+0.0008048
2014-12	-0.048	-0.0008702	-0.0008086	-0.0007426	-0.0006687	-0.0005876	-0.0005009	-0.0004118	-0.0003181	-0.0002185	-0.0001173	-0.0000131	+0.0000919	+0.0001956	+0.0002932	+0.0003827	+0.0004678	+0.0005445	+0.0006167	+0.0006811	+0.0007436	+0.0007978
2015-01	0.017	-0.0010819	-0.0010127	-0.0009400	-0.0008597	-0.0007778	-0.0006938	-0.0006055	-0.0005108	-0.0004090	-0.0003030	-0.0001938	-0.0000849	+0.0000238	+0.0001269	+0.0002245	+0.0003136	+0.0003997	+0.0004816	+0.0005579	+0.0006229	+0.0006780
2015-02	-0.016	-0.0010638	-0.0010016	-0.0009305	-0.0008537	-0.0007766	-0.0006895	-0.0005969	-0.0004956	-0.0003897	-0.0002828	-0.0001722	-0.0000624	+0.0000432	+0.0001448	+0.0002396	+0.0003273	+0.0004104	+0.0004871	+0.0005563	+0.0006221	+0.0006799
