2013-01	0.047	-0.0009797	-0.0009023	-0.0008108	-0.0007179	-0.0006271	-0.0005282	-0.0004187	-0.0002981	-0.0001700	-0.0000375	+0.0000971	+0.0002313	+0.0003614	+0.0004850	+0.0006007	+0.0007071	+0.0008070	+0.0008965	+0.0009822	+0.0010657	+0.0011476
2013-02	0.006	-0.0009526	-0.0008586	-0.0007675	-0.0006662	-0.0005530	-0.0004363	-0.0003130	-0.0001858	-0.0000524	+0.0000814	+0.0002170	+0.0003538	+0.0004836	+0.0006070	+0.0007226	+0.0008355	+0.0009408	+0.0010335	+0.0011229	+0.0012017	+0.0012721
2013-03	0.022	-0.0008929	-0.0008023	-0.0007105	-0.0006132	-0.0005101	-0.0003983	-0.0002766	-0.0001427	+0.0000003	+0.0001435	+0.0002925	+0.0004393	+0.0005767	+0.0007049	+0.0008211	+0.0009297	+0.0010301	+0.0011281	+0.0012188	+0.0013069	+0.0013958
2013-04	0.041	-0.0009448	-0.0008444	-0.0007320	-0.0006199	-0.0005118	-0.0004056	-0.0002926	-0.0001714	-0.0000486	+0.0000792	+0.0002101	+0.0003390	+0.0004642	+0.0005850	+0.0006968	+0.0008016	+0.0008967	+0.0009896	+0.0010695	+0.0011428	+0.0012014
2013-05	-0.002	-0.0007538	-0.0006689	-0.0005787	-0.0004774	-0.0003658	-0.0002534	-0.0001404	-0.0000201	+0.0001044	+0.0002369	+0.0003688	+0.0004975	+0.0006239	+0.0007401	+0.0008522	+0.0009531	+0.0010468	+0.0011358	+0.0012190	+0.0013037	+0.0013887
2013-06	-0.067	-0.0007714	-0.0006858	-0.0005985	-0.0005030	-0.0003923	-0.0002738	-0.0001581	-0.0000352	+0.0000931	+0.0002282	+0.0003659	+0.0005101	+0.0006443	+0.0007699	+0.0008827	+0.0009812	+0.0010714	+0.0011572	+0.0012377	+0.0013121	+0.0013738
2013-07	0.009	-0.0009721	-0.0008846	-0.0007911	-0.0006973	-0.0005939	-0.0004853	-0.0003649	-0.0002369	-0.0001004	+0.0000361	+0.0001771	+0.0003166	+0.0004492	+0.0005734	+0.0006962	+0.0008034	+0.0009028	+0.0009912	+0.0010705	+0.0011399	+0.0012001
2013-08	-0.029	-0.0008425	-0.0007551	-0.0006592	-0.0005622	-0.0004544	-0.0003433	-0.0002292	-0.0001046	+0.0000233	+0.0001623	+0.0003045	+0.0004505	+0.0005878	+0.0007145	+0.0008329	+0.0009404	+0.0010417	+0.0011317	+0.0012122	+0.0012854	+0.0013538
2013-09	0.040	-0.0007857	-0.0006991	-0.0006031	-0.0005052	-0.0003995	-0.0002858	-0.0001727	-0.0000449	+0.0000862	+0.0002245	+0.0003635	+0.0004979	+0.0006261	+0.0007481	+0.0008599	+0.0009660	+0.0010600	+0.0011506	+0.0012385	+0.0013197	+0.0013960
2013-10	0.023	-0.0007870	-0.0006217	-0.0004828	-0.0003427	-0.0002016	-0.0000604	+0.0000812	+0.0002295	+0.0003757	+0.0005187	+0.0006569	+0.0007895	+0.0009110	+0.0010245	+0.0011311	+0.0012327	+0.0013310	+0.0014206	+0.0015070	+0.0015803	+0.0016481
2013-11	-0.000	-0.0005985	-0.0005001	-0.0003945	-0.0002869	-0.0001781	-0.0000651	+0.0000461	+0.0001640	+0.0002808	+0.0004033	+0.0005274	+0.0006482	+0.0007626	+0.0008731	+0.0009760	+0.0010723	+0.0011559	+0.0012323	+0.0013065	+0.0013800	+0.0014544
2013-12	0.011	-0.0006838	-0.0005638	-0.0004434	-0.0003283	-0.0002107	-0.0000844	+0.0000513	+0.0001854	+0.0003165	+0.0004463	+0.0005758	+0.0006966	+0.0008065	+0.0009069	+0.0010002	+0.0010883	+0.0011720	+0.0012473	+0.0013160	+0.0013824	+0.0014463
2014-01	-0.036	-0.0006964	-0.0005793	-0.0004620	-0.0003464	-0.0002199	-0.0000849	+0.0000553	+0.0001981	+0.0003408	+0.0004788	+0.0006083	+0.0007271	+0.0008397	+0.0009451	+0.0010419	+0.0011304	+0.0012112	+0.0012872	+0.0013586	+0.0014243	+0.0014806
2014-02	0.009	-0.0007345	-0.0006208	-0.0005082	-0.0004012	-0.0002952	-0.0001753	-0.0000546	+0.0000668	+0.0001909	+0.0003192	+0.0004439	+0.0005584	+0.0006655	+0.0007669	+0.0008641	+0.0009528	+0.0010352	+0.0011093	+0.0011802	+0.0012437	+0.0012989
2014-03	0.012	-0.0006773	-0.0006054	-0.0005238	-0.0004279	-0.0003262	-0.0002267	-0.0001227	-0.0000115	+0.0001064	+0.0002243	+0.0003389	+0.0004517	+0.0005602	+0.0006611	+0.0007526	+0.0008372	+0.0009159	+0.0009923	+0.0010605	+0.0011227	+0.0011792
2014-04	0.004	-0.0006049	-0.0005376	-0.0004609	-0.0003804	-0.0002888	-0.0001957	-0.0001002	+0.0000022	+0.0001062	+0.0002115	+0.0003214	+0.0004322	+0.0005432	+0.0006457	+0.0007414	+0.0008280	+0.0009069	+0.0009774	+0.0010458	+0.0011054	+0.0011609
2014-05	0.010	-0.0006239	-0.0005368	-0.0004504	-0.0003592	-0.0002530	-0.0001544	-0.0000479	+0.0000636	+0.0001805	+0.0002963	+0.0004141	+0.0005285	+0.0006385	+0.0007443	+0.0008410	+0.0009296	+0.0010126	+0.0010836	+0.0011533	+0.0012135	+0.0012737
2014-06	-0.001	-0.0005903	-0.0004965	-0.0003959	-0.0002766	-0.0001501	-0.0000216	+0.0001025	+0.0002270	+0.0003543	+0.0004749	+0.0005915	+0.0007067	+0.0008142	+0.0009151	+0.0010104	+0.0010973	+0.0011770	+0.0012493	+0.0013187	+0.0013776	+0.0014343
2014-07	0.020	-0.0006699	-0.0005657	-0.0004624	-0.0003546	-0.0002449	-0.0001276	-0.0000072	+0.0001188	+0.0002381	+0.0003545	+0.0004717	+0.0005806	+0.0006835	+0.0007835	+0.0008753	+0.0009580	+0.0010353	+0.0011064	+0.0011778	+0.0012405	+0.0013037
2014-08	0.010	-0.0006099	-0.0005081	-0.0004000	-0.0002946	-0.0001835	-0.0000729	+0.0000405	+0.0001514	+0.0002690	+0.0003864	+0.0005031	+0.0006136	+0.0007187	+0.0008132	+0.0008999	+0.0009813	+0.0010559	+0.0011225	+0.0011842	+0.0012408	+0.0012961
2014-09	0.015	-0.0006872	-0.0005583	-0.0004305	-0.0003029	-0.0001901	-0.0000668	+0.0000577	+0.0001856	+0.0003080	+0.0004281	+0.0005443	+0.0006532	+0.0007570	+0.0008550	+0.0009467	+0.0010299	+0.0011040	+0.0011713	+0.0012327	+0.0012856	+0.0013362
2014-10	-0.005	-0.0005989	-0.0004981	-0.0003979	-0.0002837	-0.0001732	-0.0000597	+0.0000636	+0.0001881	+0.0003116	+0.0004302	+0.0005455	+0.0006557	+0.0007570	+0.0008515	+0.0009371	+0.0010179	+0.0010935	+0.0011658	+0.0012359	+0.0012974	+0.0013572
2014-11	0.049	-0.0005948	-0.0005068	-0.0004119	-0.0003179	-0.0002094	-0.0001005	+0.0000079	+0.0001210	+0.0002299	+0.0003423	+0.0004554	+0.0005628	+0.0006671	+0.0007659	+0.0008586	+0.0009414	+0.0010183	+0.0010932	+0.0011635	+0.0012324	+0.0012889
2014-12	-0.003	-0.0006865	-0.0005726	-0.0004564	-0.0003364	-0.0002198	-0.0001018	+0.0000162	+0.0001340	+0.0002549	+0.0003748	+0.0004961	+0.0006120	+0.0007224	+0.0008252	+0.0009168	+0.0010006	+0.0010787	+0.0011531	+0.0012192	+0.0012795	+0.0013344
2015-01	-0.009	-0.0005867	-0.0005078	-0.0004129	-0.0003311	-0.0002470	-0.0001603	-0.0000704	+0.0000257	+0.0001279	+0.0002326	+0.0003330	+0.0004334	+0.0005311	+0.0006244	+0.0007110	+0.0007897	+0.0008640	+0.0009305	+0.0009917	+0.0010500	+0.0011061
2015-02	-0.002	-0.0006499	-0.0005685	-0.0004933	-0.0004248	-0.0003493	-0.0002629	-0.0001703	-0.0000718	+0.0000251	+0.0001248	+0.0002277	+0.0003294	+0.0004295	+0.0005273	+0.0006208	+0.0007044	+0.0007797	+0.0008444	+0.0009050	+0.0009597	+0.0010090
