2013-01	0.089	-0.0018533	-0.0017010	-0.0015482	-0.0013743	-0.0011785	-0.0009828	-0.0007784	-0.0005660	-0.0003379	-0.0000979	+0.0001530	+0.0003991	+0.0006377	+0.0008593	+0.0010659	+0.0012542	+0.0014361	+0.0016021	+0.0017526	+0.0019109	+0.0020418
2013-02	0.020	-0.0019476	-0.0017711	-0.0015810	-0.0013691	-0.0011582	-0.0009493	-0.0007282	-0.0004991	-0.0002624	-0.0000123	+0.0002424	+0.0004857	+0.0007265	+0.0009534	+0.0011599	+0.0013569	+0.0015325	+0.0016935	+0.0018502	+0.0020018	+0.0021547
2013-03	0.071	-0.0017695	-0.0016019	-0.0014343	-0.0012611	-0.0010713	-0.0008674	-0.0006621	-0.0004455	-0.0002085	+0.0000351	+0.0002820	+0.0005295	+0.0007750	+0.0010076	+0.0012275	+0.0014269	+0.0016196	+0.0018052	+0.0019790	+0.0021322	+0.0022824
2013-04	0.101	-0.0011825	-0.0010143	-0.0008509	-0.0006848	-0.0005141	-0.0003463	-0.0001624	+0.0000324	+0.0002379	+0.0004496	+0.0006583	+0.0008578	+0.0010527	+0.0012400	+0.0014107	+0.0015715	+0.0017172	+0.0018500	+0.0019774	+0.0020904	+0.0022054
2013-05	-0.051	-0.0011597	-0.0009721	-0.0007957	-0.0006194	-0.0004401	-0.0002472	-0.0000519	+0.0001440	+0.0003534	+0.0005724	+0.0007907	+0.0010018	+0.0012060	+0.0013971	+0.0015780	+0.0017381	+0.0018886	+0.0020261	+0.0021558	+0.0022780	+0.0023959
2013-06	-0.048	-0.0012030	-0.0010468	-0.0008788	-0.0006887	-0.0004802	-0.0002753	-0.0000625	+0.0001581	+0.0003848	+0.0006183	+0.0008492	+0.0010742	+0.0012926	+0.0014970	+0.0016884	+0.0018720	+0.0020431	+0.0021954	+0.0023358	+0.0024642	+0.0025862
2013-07	0.010	-0.0013531	-0.0011991	-0.0010493	-0.0008958	-0.0007321	-0.0005460	-0.0003457	-0.0001407	+0.0000765	+0.0003016	+0.0005362	+0.0007656	+0.0009822	+0.0011831	+0.0013801	+0.0015745	+0.0017538	+0.0019216	+0.0020798	+0.0022079	+0.0023367
2013-08	-0.008	-0.0012402	-0.0010856	-0.0009250	-0.0007486	-0.0005596	-0.0003699	-0.0001600	+0.0000581	+0.0002801	+0.0005147	+0.0007497	+0.0009842	+0.0012068	+0.0014182	+0.0016169	+0.0017917	+0.0019573	+0.0021190	+0.0022660	+0.0023967	+0.0025212
2013-09	0.142	-0.0014075	-0.0012316	-0.0010255	-0.0008207	-0.0006194	-0.0003989	-0.0001788	+0.0000521	+0.0002851	+0.0005165	+0.0007550	+0.0009926	+0.0012217	+0.0014291	+0.0016248	+0.0018156	+0.0019943	+0.0021589	+0.0023024	+0.0024372	+0.0025515
2013-10	0.001	-0.0013888	-0.0011528	-0.0009093	-0.0006649	-0.0004047	-0.0001614	+0.0000780	+0.0003232	+0.0005802	+0.0008392	+0.0010952	+0.0013359	+0.0015577	+0.0017671	+0.0019652	+0.0021508	+0.0023232	+0.0024771	+0.0026179	+0.0027551	+0.0028684
2013-11	0.022	-0.0011512	-0.0009923	-0.0008145	-0.0005865	-0.0003277	-0.0000752	+0.0001730	+0.0004191	+0.0006768	+0.0009240	+0.0011760	+0.0014145	+0.0016401	+0.0018491	+0.0020477	+0.0022330	+0.0024129	+0.0025862	+0.0027474	+0.0029003	+0.0030482
2013-12	0.034	-0.0012256	-0.0010131	-0.0007979	-0.0005859	-0.0003562	-0.0001217	+0.0001187	+0.0003647	+0.0006174	+0.0008725	+0.0011224	+0.0013636	+0.0015931	+0.0018120	+0.0020153	+0.0022008	+0.0023778	+0.0025337	+0.0026624	+0.0027884	+0.0029061
2014-01	-0.025	-0.0012925	-0.0011102	-0.0009081	-0.0007075	-0.0004866	-0.0002372	+0.0000306	+0.0003035	+0.0005728	+0.0008319	+0.0010846	+0.0013312	+0.0015656	+0.0017808	+0.0019738	+0.0021450	+0.0023054	+0.0024550	+0.0025949	+0.0027200	+0.0028240
2014-02	-0.027	-0.0014973	-0.0012862	-0.0010662	-0.0008265	-0.0005868	-0.0003417	-0.0000823	+0.0001716	+0.0004351	+0.0006988	+0.0009561	+0.0012047	+0.0014352	+0.0016508	+0.0018533	+0.0020360	+0.0021985	+0.0023496	+0.0024900	+0.0026300	+0.0027488
2014-03	0.016	-0.0014510	-0.0012737	-0.0010834	-0.0008767	-0.0006643	-0.0004458	-0.0002197	+0.0000197	+0.0002619	+0.0005127	+0.0007562	+0.0009891	+0.0012186	+0.0014398	+0.0016363	+0.0018201	+0.0019987	+0.0021718	+0.0023247	+0.0024652	+0.0025903
2014-04	-0.032	-0.0012556	-0.0010993	-0.0009440	-0.0007752	-0.0005921	-0.0003973	-0.0001860	+0.0000319	+0.0002599	+0.0004947	+0.0007307	+0.0009656	+0.0011927	+0.0014123	+0.0016265	+0.0018273	+0.0020023	+0.0021578	+0.0023092	+0.0024533	+0.0025822
2014-05	0.004	-0.0013482	-0.0011770	-0.0009810	-0.0007914	-0.0005864	-0.0003807	-0.0001605	+0.0000735	+0.0003158	+0.0005626	+0.0008166	+0.0010689	+0.0013108	+0.0015332	+0.0017468	+0.0019388	+0.0021144	+0.0022758	+0.0024278	+0.0025631	+0.0026809
2014-06	0.067	-0.0012932	-0.0011160	-0.0009295	-0.0007081	-0.0004567	-0.0001941	+0.0000626	+0.0003157	+0.0005747	+0.0008312	+0.0010849	+0.0013350	+0.0015767	+0.0018037	+0.0020152	+0.0022025	+0.0023746	+0.0025265	+0.0026661	+0.0028065	+0.0029280
2014-07	0.022	-0.0013424	-0.0011269	-0.0009246	-0.0007179	-0.0004944	-0.0002587	-0.0000133	+0.0002449	+0.0005123	+0.0007761	+0.0010324	+0.0012793	+0.0015180	+0.0017419	+0.0019476	+0.0021319	+0.0023091	+0.0024750	+0.0026344	+0.0027845	+0.0029298
2014-08	0.026	-0.0013421	-0.0011022	-0.0008356	-0.0005810	-0.0003260	-0.0000715	+0.0001860	+0.0004557	+0.0007318	+0.0010000	+0.0012647	+0.0015178	+0.0017566	+0.0019730	+0.0021714	+0.0023514	+0.0025166	+0.0026669	+0.0028137	+0.0029495	+0.0030724
2014-09	0.019	-0.0013949	-0.0011425	-0.0009008	-0.0006429	-0.0003836	-0.0001049	+0.0001922	+0.0004892	+0.0007888	+0.0010757	+0.0013480	+0.0015972	+0.0018286	+0.0020449	+0.0022356	+0.0024165	+0.0025849	+0.0027370	+0.0028818	+0.0030147	+0.0031280
2014-10	-0.021	-0.0013386	-0.0010195	-0.0007586	-0.0005152	-0.0002579	+0.0000118	+0.0003263	+0.0006375	+0.0009217	+0.0011937	+0.0014517	+0.0016974	+0.0019266	+0.0021399	+0.0023345	+0.0025147	+0.0026817	+0.0028439	+0.0029882	+0.0031273	+0.0032497
2014-11	0.038	-0.0013421	-0.0011222	-0.0008769	-0.0006240	-0.0003670	-0.0000923	+0.0001763	+0.0004489	+0.0007119	+0.0009813	+0.0012401	+0.0014856	+0.0017225	+0.0019496	+0.0021664	+0.0023673	+0.0025564	+0.0027233	+0.0028679	+0.0029940	+0.0031080
2014-12	0.004	-0.0016520	-0.0013086	-0.0010011	-0.0007481	-0.0004861	-0.0002255	+0.0000620	+0.0003648	+0.0006578	+0.0009471	+0.0012227	+0.0014829	+0.0017210	+0.0019456	+0.0021603	+0.0023482	+0.0025176	+0.0026737	+0.0028170	+0.0029450	+0.0030633
2015-01	-0.002	-0.0014142	-0.0011970	-0.0009586	-0.0007389	-0.0005227	-0.0003020	-0.0000755	+0.0001680	+0.0004100	+0.0006558	+0.0008984	+0.0011344	+0.0013506	+0.0015592	+0.0017516	+0.0019317	+0.0020849	+0.0022293	+0.0023587	+0.0024859	+0.0025991
2015-02	-0.008	-0.0013529	-0.0011680	-0.0009921	-0.0007851	-0.0005650	-0.0003497	-0.0001370	+0.0000785	+0.0003061	+0.0005371	+0.0007758	+0.0010060	+0.0012338	+0.0014458	+0.0016409	+0.0018207	+0.0019777	+0.0021227	+0.0022572	+0.0023830	+0.0025143
