2013-01	0.086	-0.0016908	-0.0015615	-0.0014359	-0.0012987	-0.0011487	-0.0009910	-0.0008326	-0.0006647	-0.0004822	-0.0002942	-0.0001036	+0.0000875	+0.0002726	+0.0004427	+0.0006009	+0.0007559	+0.0009003	+0.0010364	+0.0011685	+0.0012908	+0.0014015
2013-02	0.036	-0.0016942	-0.0015433	-0.0013943	-0.0012417	-0.0010863	-0.0009197	-0.0007454	-0.0005648	-0.0003795	-0.0001875	+0.0000076	+0.0002076	+0.0003949	+0.0005737	+0.0007436	+0.0008994	+0.0010399	+0.0011708	+0.0012924	+0.0014216	+0.0015312
2013-03	0.065	-0.0014938	-0.0013706	-0.0012382	-0.0010984	-0.0009361	-0.0007741	-0.0006099	-0.0004336	-0.0002482	-0.0000541	+0.0001386	+0.0003286	+0.0005139	+0.0006939	+0.0008624	+0.0010118	+0.0011528	+0.0012927	+0.0014269	+0.0015455	+0.0016588
2013-04	0.114	-0.0010803	-0.0009413	-0.0008027	-0.0006523	-0.0005057	-0.0003610	-0.0002053	-0.0000417	+0.0001331	+0.0003080	+0.0004870	+0.0006618	+0.0008356	+0.0009985	+0.0011531	+0.0012959	+0.0014318	+0.0015562	+0.0016643	+0.0017688	+0.0018612
2013-05	-0.025	-0.0010221	-0.0008576	-0.0006967	-0.0005432	-0.0003835	-0.0002290	-0.0000634	+0.0001145	+0.0003006	+0.0004931	+0.0006899	+0.0008797	+0.0010613	+0.0012341	+0.0013976	+0.0015545	+0.0016989	+0.0018369	+0.0019613	+0.0020737	+0.0021891
2013-06	-0.001	-0.0011569	-0.0009948	-0.0008169	-0.0006358	-0.0004520	-0.0002656	-0.0000683	+0.0001397	+0.0003545	+0.0005721	+0.0007867	+0.0009978	+0.0012059	+0.0014012	+0.0015805	+0.0017423	+0.0018911	+0.0020285	+0.0021606	+0.0022948	+0.0024325
2013-07	-0.002	-0.0012295	-0.0010910	-0.0009393	-0.0007911	-0.0006249	-0.0004523	-0.0002642	-0.0000744	+0.0001285	+0.0003407	+0.0005537	+0.0007641	+0.0009690	+0.0011698	+0.0013630	+0.0015425	+0.0017094	+0.0018703	+0.0020145	+0.0021479	+0.0022826
2013-08	-0.022	-0.0011179	-0.0009654	-0.0008229	-0.0006568	-0.0004732	-0.0002839	-0.0000793	+0.0001295	+0.0003457	+0.0005687	+0.0007951	+0.0010193	+0.0012377	+0.0014419	+0.0016309	+0.0017973	+0.0019561	+0.0020997	+0.0022349	+0.0023581	+0.0024731
2013-09	0.080	-0.0012843	-0.0010982	-0.0008999	-0.0007117	-0.0004981	-0.0002621	-0.0000254	+0.0002053	+0.0004388	+0.0006690	+0.0008968	+0.0011220	+0.0013359	+0.0015413	+0.0017281	+0.0019014	+0.0020678	+0.0022210	+0.0023611	+0.0024881	+0.0026129
2013-10	-0.000	-0.0013609	-0.0011249	-0.0008646	-0.0006177	-0.0003744	-0.0001369	+0.0001055	+0.0003608	+0.0006104	+0.0008569	+0.0010889	+0.0013069	+0.0015106	+0.0017024	+0.0018873	+0.0020553	+0.0022189	+0.0023737	+0.0025078	+0.0026399	+0.0027689
2013-11	0.051	-0.0010665	-0.0009141	-0.0007375	-0.0005231	-0.0002800	-0.0000533	+0.0001681	+0.0003941	+0.0006255	+0.0008570	+0.0010864	+0.0013021	+0.0015046	+0.0016973	+0.0018887	+0.0020649	+0.0022340	+0.0023878	+0.0025309	+0.0026699	+0.0028056
2013-12	0.033	-0.0011378	-0.0009409	-0.0007207	-0.0005026	-0.0002859	-0.0000428	+0.0002028	+0.0004448	+0.0006903	+0.0009374	+0.0011755	+0.0013999	+0.0016101	+0.0018159	+0.0020025	+0.0021765	+0.0023395	+0.0024881	+0.0026191	+0.0027344	+0.0028353
2014-01	-0.063	-0.0012530	-0.0010230	-0.0007960	-0.0005616	-0.0003325	-0.0000828	+0.0001848	+0.0004638	+0.0007347	+0.0009995	+0.0012471	+0.0014771	+0.0016898	+0.0018862	+0.0020629	+0.0022223	+0.0023658	+0.0025028	+0.0026265	+0.0027431	+0.0028511
2014-02	-0.007	-0.0013701	-0.0011994	-0.0010006	-0.0007438	-0.0004604	-0.0002081	+0.0000489	+0.0003080	+0.0005701	+0.0008224	+0.0010631	+0.0012890	+0.0015077	+0.0017131	+0.0018986	+0.0020603	+0.0022100	+0.0023433	+0.0024671	+0.0025912	+0.0027237
2014-03	0.002	-0.0013442	-0.0011621	-0.0009532	-0.0007359	-0.0005274	-0.0003049	-0.0000719	+0.0001565	+0.0003915	+0.0006302	+0.0008640	+0.0010849	+0.0012952	+0.0014950	+0.0016749	+0.0018459	+0.0020083	+0.0021635	+0.0023154	+0.0024579	+0.0025811
2014-04	-0.033	-0.0011106	-0.0009616	-0.0008060	-0.0006488	-0.0004769	-0.0002861	-0.0000789	+0.0001282	+0.0003390	+0.0005561	+0.0007765	+0.0009926	+0.0012064	+0.0014083	+0.0016002	+0.0017841	+0.0019443	+0.0020861	+0.0022195	+0.0023442	+0.0024580
2014-05	0.032	-0.0012932	-0.0011273	-0.0008879	-0.0006640	-0.0004530	-0.0002371	-0.0000185	+0.0002022	+0.0004366	+0.0006743	+0.0009085	+0.0011337	+0.0013518	+0.0015578	+0.0017572	+0.0019361	+0.0021036	+0.0022553	+0.0023859	+0.0025084	+0.0026337
2014-06	0.048	-0.0012048	-0.0010282	-0.0008230	-0.0005910	-0.0003239	-0.0000887	+0.0001718	+0.0004283	+0.0006901	+0.0009413	+0.0011827	+0.0014202	+0.0016402	+0.0018457	+0.0020331	+0.0022084	+0.0023644	+0.0025118	+0.0026524	+0.0027859	+0.0029036
2014-07	0.020	-0.0013329	-0.0010934	-0.0008682	-0.0006511	-0.0004208	-0.0001728	+0.0000955	+0.0003622	+0.0006217	+0.0008784	+0.0011285	+0.0013661	+0.0015906	+0.0017964	+0.0019863	+0.0021598	+0.0023194	+0.0024719	+0.0026172	+0.0027538	+0.0028724
2014-08	-0.009	-0.0013029	-0.0010627	-0.0007972	-0.0005499	-0.0003050	-0.0000635	+0.0002025	+0.0004708	+0.0007325	+0.0009907	+0.0012449	+0.0014809	+0.0017004	+0.0018978	+0.0020809	+0.0022493	+0.0023981	+0.0025370	+0.0026668	+0.0027871	+0.0028898
2014-09	0.042	-0.0013182	-0.0010832	-0.0008623	-0.0006512	-0.0004139	-0.0001380	+0.0001617	+0.0004590	+0.0007258	+0.0009972	+0.0012465	+0.0014854	+0.0017046	+0.0019051	+0.0020868	+0.0022543	+0.0024097	+0.0025575	+0.0026996	+0.0028299	+0.0029511
2014-10	0.005	-0.0012508	-0.0009936	-0.0007141	-0.0004870	-0.0002649	-0.0000090	+0.0002977	+0.0005888	+0.0008561	+0.0011201	+0.0013571	+0.0015823	+0.0017947	+0.0019974	+0.0021860	+0.0023543	+0.0025082	+0.0026522	+0.0027898	+0.0029215	+0.0030412
2014-11	0.053	-0.0012347	-0.0010121	-0.0007742	-0.0005512	-0.0003103	-0.0000475	+0.0002079	+0.0004599	+0.0007087	+0.0009607	+0.0011988	+0.0014329	+0.0016509	+0.0018600	+0.0020538	+0.0022307	+0.0024025	+0.0025571	+0.0027062	+0.0028497	+0.0029739
2014-12	-0.001	-0.0016032	-0.0013109	-0.0010090	-0.0007046	-0.0004336	-0.0001531	+0.0001273	+0.0004413	+0.0007341	+0.0010113	+0.0012771	+0.0015349	+0.0017733	+0.0019881	+0.0021844	+0.0023666	+0.0025396	+0.0026990	+0.0028402	+0.0029656	+0.0030862
2015-01	0.005	-0.0013467	-0.0011221	-0.0009037	-0.0006631	-0.0004289	-0.0001997	+0.0000361	+0.0002877	+0.0005398	+0.0007872	+0.0010250	+0.0012613	+0.0014856	+0.0016918	+0.0018799	+0.0020508	+0.0022056	+0.0023511	+0.0024867	+0.0026127	+0.0027355
2015-02	0.001	-0.0013809	-0.0011975	-0.0009871	-0.0007786	-0.0005561	-0.0003418	-0.0001194	+0.0001057	+0.0003396	+0.0005839	+0.0008275	+0.0010658	+0.0012953	+0.0015033	+0.0017039	+0.0018850	+0.0020537	+0.0022047	+0.0023414	+0.0024624	+0.0025730
