2013-01	0.027	-0.0009570	-0.0008478	-0.0007347	-0.0006077	-0.0004770	-0.0003430	-0.0002013	-0.0000609	+0.0000849	+0.0002365	+0.0003879	+0.0005389	+0.0006881	+0.0008247	+0.0009499	+0.0010634	+0.0011679	+0.0012673	+0.0013555	+0.0014332	+0.0015078
2013-02	0.010	-0.0009600	-0.0008418	-0.0007308	-0.0006110	-0.0004869	-0.0003586	-0.0002234	-0.0000743	+0.0000778	+0.0002243	+0.0003724	+0.0005223	+0.0006640	+0.0008003	+0.0009268	+0.0010435	+0.0011482	+0.0012382	+0.0013203	+0.0014011	+0.0014743
2013-03	0.022	-0.0008710	-0.0007860	-0.0006930	-0.0005861	-0.0004692	-0.0003509	-0.0002233	-0.0000860	+0.0000600	+0.0002112	+0.0003597	+0.0005084	+0.0006508	+0.0007836	+0.0009114	+0.0010328	+0.0011383	+0.0012305	+0.0013171	+0.0014008	+0.0015005
2013-04	0.053	-0.0008558	-0.0007423	-0.0006295	-0.0005142	-0.0004023	-0.0002887	-0.0001645	-0.0000292	+0.0001126	+0.0002625	+0.0004096	+0.0005577	+0.0006989	+0.0008258	+0.0009444	+0.0010538	+0.0011564	+0.0012623	+0.0013596	+0.0014509	+0.0015322
2013-05	-0.035	-0.0008033	-0.0007001	-0.0005899	-0.0004751	-0.0003552	-0.0002333	-0.0001035	+0.0000315	+0.0001743	+0.0003224	+0.0004737	+0.0006172	+0.0007544	+0.0008810	+0.0010017	+0.0011092	+0.0012134	+0.0013127	+0.0014012	+0.0014834	+0.0015577
2013-06	-0.025	-0.0008695	-0.0007724	-0.0006560	-0.0005382	-0.0004162	-0.0002920	-0.0001526	-0.0000064	+0.0001448	+0.0002945	+0.0004447	+0.0005961	+0.0007416	+0.0008737	+0.0009951	+0.0011074	+0.0012140	+0.0013173	+0.0014117	+0.0014971	+0.0015800
2013-07	0.015	-0.0009536	-0.0008601	-0.0007681	-0.0006646	-0.0005448	-0.0004212	-0.0002896	-0.0001482	-0.0000039	+0.0001378	+0.0002817	+0.0004263	+0.0005677	+0.0006935	+0.0008112	+0.0009166	+0.0010108	+0.0011008	+0.0011844	+0.0012554	+0.0013220
2013-08	-0.055	-0.0008372	-0.0007299	-0.0006074	-0.0004814	-0.0003509	-0.0002197	-0.0000891	+0.0000510	+0.0001939	+0.0003423	+0.0004914	+0.0006360	+0.0007779	+0.0009104	+0.0010402	+0.0011564	+0.0012667	+0.0013627	+0.0014479	+0.0015416	+0.0016294
2013-09	0.036	-0.0007126	-0.0006192	-0.0005266	-0.0004299	-0.0003248	-0.0002186	-0.0001086	+0.0000072	+0.0001354	+0.0002694	+0.0004069	+0.0005430	+0.0006704	+0.0007912	+0.0009032	+0.0010082	+0.0011100	+0.0012045	+0.0012997	+0.0013892	+0.0014585
2013-10	0.030	-0.0008649	-0.0006695	-0.0005311	-0.0003872	-0.0002360	-0.0000870	+0.0000677	+0.0002153	+0.0003598	+0.0005036	+0.0006520	+0.0007921	+0.0009262	+0.0010490	+0.0011543	+0.0012486	+0.0013350	+0.0014215	+0.0015012	+0.0015743	+0.0016416
2013-11	-0.029	-0.0006221	-0.0005187	-0.0004028	-0.0002909	-0.0001832	-0.0000723	+0.0000513	+0.0001754	+0.0003027	+0.0004313	+0.0005560	+0.0006760	+0.0007913	+0.0009039	+0.0010087	+0.0011032	+0.0011900	+0.0012741	+0.0013551	+0.0014281	+0.0014873
2013-12	-0.007	-0.0006445	-0.0005298	-0.0004168	-0.0003088	-0.0001999	-0.0000839	+0.0000321	+0.0001485	+0.0002693	+0.0003897	+0.0005070	+0.0006216	+0.0007288	+0.0008322	+0.0009257	+0.0010100	+0.0010878	+0.0011599	+0.0012329	+0.0012990	+0.0013656
2014-01	0.013	-0.0006094	-0.0005219	-0.0004354	-0.0003337	-0.0002294	-0.0001259	-0.0000217	+0.0000876	+0.0002028	+0.0003196	+0.0004356	+0.0005443	+0.0006445	+0.0007393	+0.0008320	+0.0009168	+0.0009958	+0.0010645	+0.0011281	+0.0011905	+0.0012500
2014-02	0.030	-0.0006335	-0.0005614	-0.0004856	-0.0003991	-0.0002924	-0.0001841	-0.0000792	+0.0000284	+0.0001347	+0.0002431	+0.0003505	+0.0004518	+0.0005506	+0.0006407	+0.0007216	+0.0007964	+0.0008701	+0.0009391	+0.0010072	+0.0010687	+0.0011279
2014-03	0.001	-0.0006489	-0.0005689	-0.0004661	-0.0003578	-0.0002569	-0.0001500	-0.0000459	+0.0000663	+0.0001823	+0.0002983	+0.0004115	+0.0005202	+0.0006255	+0.0007194	+0.0008051	+0.0008839	+0.0009582	+0.0010286	+0.0010939	+0.0011561	+0.0012111
2014-04	0.028	-0.0005734	-0.0004980	-0.0004165	-0.0003324	-0.0002410	-0.0001524	-0.0000582	+0.0000392	+0.0001411	+0.0002464	+0.0003566	+0.0004641	+0.0005660	+0.0006586	+0.0007466	+0.0008263	+0.0008981	+0.0009658	+0.0010263	+0.0010864	+0.0011381
2014-05	0.023	-0.0005959	-0.0005172	-0.0004353	-0.0003481	-0.0002562	-0.0001662	-0.0000694	+0.0000299	+0.0001308	+0.0002314	+0.0003356	+0.0004398	+0.0005404	+0.0006390	+0.0007292	+0.0008099	+0.0008848	+0.0009494	+0.0010154	+0.0010770	+0.0011365
2014-06	0.013	-0.0005276	-0.0004287	-0.0003375	-0.0002386	-0.0001355	-0.0000352	+0.0000684	+0.0001765	+0.0002829	+0.0003911	+0.0005006	+0.0006046	+0.0007069	+0.0007999	+0.0008880	+0.0009677	+0.0010432	+0.0011081	+0.0011675	+0.0012220	+0.0012731
2014-07	0.008	-0.0006247	-0.0005347	-0.0004397	-0.0003386	-0.0002334	-0.0001328	-0.0000313	+0.0000738	+0.0001821	+0.0002919	+0.0004002	+0.0005059	+0.0006071	+0.0006963	+0.0007780	+0.0008556	+0.0009277	+0.0009919	+0.0010538	+0.0011115	+0.0011635
2014-08	0.005	-0.0005397	-0.0004591	-0.0003754	-0.0002912	-0.0002057	-0.0001199	-0.0000299	+0.0000690	+0.0001695	+0.0002726	+0.0003733	+0.0004690	+0.0005604	+0.0006469	+0.0007307	+0.0008078	+0.0008807	+0.0009487	+0.0010110	+0.0010692	+0.0011229
2014-09	-0.037	-0.0006004	-0.0005172	-0.0004284	-0.0003299	-0.0002277	-0.0001280	-0.0000296	+0.0000760	+0.0001850	+0.0002953	+0.0004021	+0.0005035	+0.0005981	+0.0006872	+0.0007694	+0.0008431	+0.0009078	+0.0009652	+0.0010213	+0.0010784	+0.0011296
2014-10	0.050	-0.0006026	-0.0005349	-0.0004509	-0.0003625	-0.0002686	-0.0001684	-0.0000692	+0.0000328	+0.0001376	+0.0002418	+0.0003467	+0.0004494	+0.0005465	+0.0006378	+0.0007211	+0.0007954	+0.0008622	+0.0009210	+0.0009793	+0.0010392	+0.0010969
2014-11	0.022	-0.0006011	-0.0005054	-0.0004079	-0.0003182	-0.0002234	-0.0001236	-0.0000222	+0.0000825	+0.0001894	+0.0002984	+0.0004069	+0.0005104	+0.0006083	+0.0007048	+0.0007937	+0.0008717	+0.0009417	+0.0010051	+0.0010671	+0.0011313	+0.0011986
2014-12	0.023	-0.0005888	-0.0005098	-0.0004231	-0.0003354	-0.0002368	-0.0001305	-0.0000230	+0.0000897	+0.0002087	+0.0003277	+0.0004427	+0.0005505	+0.0006533	+0.0007474	+0.0008338	+0.0009179	+0.0009911	+0.0010542	+0.0011144	+0.0011685	+0.0012237
2015-01	0.052	-0.0005972	-0.0005087	-0.0004245	-0.0003298	-0.0002304	-0.0001232	-0.0000171	+0.0000952	+0.0002149	+0.0003294	+0.0004351	+0.0005418	+0.0006457	+0.0007426	+0.0008306	+0.0009142	+0.0009874	+0.0010548	+0.0011147	+0.0011644	+0.0012079
2015-02	-0.006	-0.0007006	-0.0005782	-0.0004419	-0.0003121	-0.0001960	-0.0000824	+0.0000354	+0.0001571	+0.0002848	+0.0004065	+0.0005240	+0.0006400	+0.0007450	+0.0008388	+0.0009282	+0.0010115	+0.0010875	+0.0011572	+0.0012202	+0.0012760	+0.0013272
