2013-01	0.020	-0.0002401	-0.0002073	-0.0001732	-0.0001367	-0.0000976	-0.0000600	-0.0000201	+0.0000192	+0.0000581	+0.0000969	+0.0001363	+0.0001752	+0.0002122	+0.0002470	+0.0002793	+0.0003091	+0.0003362	+0.0003631	+0.0003871	+0.0004081	+0.0004269
2013-02	0.010	-0.0002411	-0.0002078	-0.0001708	-0.0001277	-0.0000862	-0.0000432	+0.0000017	+0.0000476	+0.0000931	+0.0001369	+0.0001788	+0.0002205	+0.0002602	+0.0002975	+0.0003322	+0.0003623	+0.0003894	+0.0004142	+0.0004386	+0.0004615	+0.0004830
2013-03	0.023	-0.0002336	-0.0001907	-0.0001507	-0.0001080	-0.0000638	-0.0000202	+0.0000261	+0.0000717	+0.0001177	+0.0001625	+0.0002055	+0.0002484	+0.0002887	+0.0003259	+0.0003590	+0.0003895	+0.0004182	+0.0004432	+0.0004657	+0.0004873	+0.0005092
2013-04	0.024	-0.0002514	-0.0001899	-0.0001313	-0.0000876	-0.0000396	+0.0000156	+0.0000763	+0.0001376	+0.0001937	+0.0002425	+0.0002859	+0.0003256	+0.0003630	+0.0003972	+0.0004281	+0.0004568	+0.0004842	+0.0005091	+0.0005326	+0.0005538	+0.0005723
2013-05	-0.012	-0.0002859	-0.0002183	-0.0001488	-0.0000900	-0.0000358	+0.0000240	+0.0000909	+0.0001641	+0.0002291	+0.0002811	+0.0003272	+0.0003689	+0.0004075	+0.0004432	+0.0004771	+0.0005084	+0.0005356	+0.0005621	+0.0005881	+0.0006140	+0.0006348
2013-06	-0.017	-0.0002480	-0.0001911	-0.0001375	-0.0000859	-0.0000315	+0.0000258	+0.0000919	+0.0001597	+0.0002194	+0.0002730	+0.0003231	+0.0003687	+0.0004099	+0.0004485	+0.0004823	+0.0005127	+0.0005413	+0.0005675	+0.0005917	+0.0006129	+0.0006370
2013-07	0.011	-0.0003126	-0.0002470	-0.0001903	-0.0001323	-0.0000826	-0.0000327	+0.0000233	+0.0000825	+0.0001410	+0.0001960	+0.0002468	+0.0002926	+0.0003349	+0.0003763	+0.0004162	+0.0004526	+0.0004848	+0.0005153	+0.0005429	+0.0005702	+0.0005933
2013-08	-0.007	-0.0002557	-0.0002188	-0.0001751	-0.0001219	-0.0000644	-0.0000020	+0.0000596	+0.0001188	+0.0001786	+0.0002341	+0.0002865	+0.0003373	+0.0003826	+0.0004240	+0.0004644	+0.0005013	+0.0005340	+0.0005621	+0.0005882	+0.0006123	+0.0006365
2013-09	0.020	-0.0002983	-0.0002518	-0.0002043	-0.0001427	-0.0000792	-0.0000147	+0.0000504	+0.0001140	+0.0001785	+0.0002368	+0.0002903	+0.0003399	+0.0003865	+0.0004287	+0.0004668	+0.0005015	+0.0005327	+0.0005605	+0.0005865	+0.0006105	+0.0006323
2013-10	0.006	-0.0003077	-0.0002485	-0.0001780	-0.0001143	-0.0000519	+0.0000155	+0.0000894	+0.0001631	+0.0002340	+0.0002935	+0.0003457	+0.0003924	+0.0004364	+0.0004780	+0.0005170	+0.0005531	+0.0005850	+0.0006135	+0.0006418	+0.0006681	+0.0006928
2013-11	0.010	-0.0002530	-0.0002011	-0.0001421	-0.0000879	-0.0000315	+0.0000318	+0.0000954	+0.0001666	+0.0002319	+0.0002907	+0.0003444	+0.0003931	+0.0004380	+0.0004795	+0.0005181	+0.0005545	+0.0005878	+0.0006189	+0.0006473	+0.0006732	+0.0006966
2013-12	0.002	-0.0003091	-0.0002281	-0.0001550	-0.0000886	-0.0000315	+0.0000240	+0.0000967	+0.0001917	+0.0002659	+0.0003299	+0.0003830	+0.0004317	+0.0004752	+0.0005153	+0.0005530	+0.0005870	+0.0006187	+0.0006499	+0.0006790	+0.0007059	+0.0007274
2014-01	-0.003	-0.0003238	-0.0002720	-0.0001957	-0.0001257	-0.0000594	+0.0000107	+0.0000861	+0.0001706	+0.0002536	+0.0003184	+0.0003737	+0.0004229	+0.0004678	+0.0005084	+0.0005465	+0.0005800	+0.0006080	+0.0006350	+0.0006599	+0.0006811	+0.0007017
2014-02	0.004	-0.0003656	-0.0002982	-0.0002227	-0.0001438	-0.0000699	-0.0000011	+0.0000686	+0.0001536	+0.0002310	+0.0002919	+0.0003454	+0.0003931	+0.0004352	+0.0004738	+0.0005106	+0.0005450	+0.0005769	+0.0006068	+0.0006357	+0.0006610	+0.0006829
2014-03	-0.001	-0.0002828	-0.0002326	-0.0001734	-0.0001148	-0.0000559	-0.0000011	+0.0000594	+0.0001247	+0.0001873	+0.0002425	+0.0002932	+0.0003416	+0.0003861	+0.0004267	+0.0004648	+0.0004997	+0.0005299	+0.0005580	+0.0005847	+0.0006078	+0.0006312
2014-04	-0.002	-0.0002245	-0.0001902	-0.0001458	-0.0000974	-0.0000451	+0.0000074	+0.0000640	+0.0001187	+0.0001729	+0.0002257	+0.0002754	+0.0003218	+0.0003646	+0.0004056	+0.0004440	+0.0004802	+0.0005136	+0.0005446	+0.0005734	+0.0006007	+0.0006241
2014-05	0.010	-0.0002946	-0.0002456	-0.0001940	-0.0001287	-0.0000661	+0.0000014	+0.0000668	+0.0001291	+0.0001878	+0.0002432	+0.0002963	+0.0003466	+0.0003923	+0.0004348	+0.0004744	+0.0005103	+0.0005435	+0.0005723	+0.0005988	+0.0006219	+0.0006450
2014-06	0.009	-0.0002914	-0.0002296	-0.0001549	-0.0000881	-0.0000280	+0.0000327	+0.0001096	+0.0001799	+0.0002475	+0.0003047	+0.0003574	+0.0004061	+0.0004526	+0.0004954	+0.0005349	+0.0005707	+0.0006028	+0.0006297	+0.0006562	+0.0006799	+0.0007030
2014-07	0.007	-0.0003389	-0.0002656	-0.0001919	-0.0001262	-0.0000617	+0.0000085	+0.0000846	+0.0001639	+0.0002324	+0.0002918	+0.0003449	+0.0003953	+0.0004407	+0.0004813	+0.0005199	+0.0005551	+0.0005883	+0.0006187	+0.0006465	+0.0006747	+0.0007020
2014-08	0.004	-0.0003142	-0.0002409	-0.0001634	-0.0000968	-0.0000385	+0.0000216	+0.0000988	+0.0001764	+0.0002454	+0.0003055	+0.0003584	+0.0004072	+0.0004513	+0.0004923	+0.0005304	+0.0005666	+0.0005978	+0.0006266	+0.0006528	+0.0006776	+0.0007038
2014-09	0.008	-0.0003449	-0.0002709	-0.0001946	-0.0001239	-0.0000653	-0.0000047	+0.0000782	+0.0001671	+0.0002453	+0.0003092	+0.0003658	+0.0004160	+0.0004614	+0.0005022	+0.0005388	+0.0005722	+0.0006027	+0.0006324	+0.0006581	+0.0006834	+0.0007087
2014-10	-0.006	-0.0003091	-0.0002457	-0.0001668	-0.0001055	-0.0000387	+0.0000273	+0.0001016	+0.0001863	+0.0002612	+0.0003185	+0.0003697	+0.0004170	+0.0004615	+0.0005036	+0.0005421	+0.0005782	+0.0006116	+0.0006408	+0.0006668	+0.0006891	+0.0007108
2014-11	0.029	-0.0003185	-0.0002554	-0.0001757	-0.0001141	-0.0000521	+0.0000114	+0.0000836	+0.0001567	+0.0002192	+0.0002762	+0.0003301	+0.0003808	+0.0004276	+0.0004706	+0.0005099	+0.0005464	+0.0005816	+0.0006145	+0.0006450	+0.0006719	+0.0006981
2014-12	0.007	-0.0003567	-0.0002867	-0.0001979	-0.0001252	-0.0000684	-0.0000014	+0.0000745	+0.0001549	+0.0002353	+0.0003022	+0.0003610	+0.0004163	+0.0004675	+0.0005133	+0.0005548	+0.0005915	+0.0006251	+0.0006566	+0.0006829	+0.0007080	+0.0007307
2015-01	0.004	-0.0003390	-0.0002620	-0.0002011	-0.0001363	-0.0000722	-0.0000105	+0.0000610	+0.0001331	+0.0002034	+0.0002663	+0.0003228	+0.0003745	+0.0004231	+0.0004665	+0.0005073	+0.0005436	+0.0005773	+0.0006068	+0.0006349	+0.0006584	+0.0006813
2015-02	-0.002	-0.0003196	-0.0002522	-0.0001877	-0.0001358	-0.0000810	-0.0000249	+0.0000328	+0.0001018	+0.0001662	+0.0002270	+0.0002845	+0.0003372	+0.0003851	+0.0004300	+0.0004716	+0.0005094	+0.0005429	+0.0005739	+0.0006014	+0.0006254	+0.0006486
