2013-01	0.043	-0.0008415	-0.0007718	-0.0006990	-0.0006198	-0.0005299	-0.0004313	-0.0003275	-0.0002157	-0.0000950	+0.0000316	+0.0001607	+0.0002905	+0.0004173	+0.0005371	+0.0006533	+0.0007637	+0.0008650	+0.0009590	+0.0010493	+0.0011357	+0.0012274
2013-02	0.005	-0.0008858	-0.0007808	-0.0006814	-0.0005808	-0.0004807	-0.0003727	-0.0002629	-0.0001420	-0.0000199	+0.0001034	+0.0002335	+0.0003688	+0.0004982	+0.0006214	+0.0007403	+0.0008527	+0.0009549	+0.0010464	+0.0011305	+0.0012076	+0.0012803
2013-03	0.013	-0.0008554	-0.0007661	-0.0006688	-0.0005730	-0.0004765	-0.0003725	-0.0002550	-0.0001280	+0.0000071	+0.0001450	+0.0002852	+0.0004245	+0.0005552	+0.0006779	+0.0007946	+0.0009059	+0.0010085	+0.0010985	+0.0011921	+0.0012830	+0.0013627
2013-04	0.057	-0.0009124	-0.0008145	-0.0007070	-0.0006049	-0.0005019	-0.0004006	-0.0002902	-0.0001783	-0.0000610	+0.0000642	+0.0001910	+0.0003171	+0.0004387	+0.0005543	+0.0006614	+0.0007654	+0.0008621	+0.0009534	+0.0010375	+0.0011181	+0.0011874
2013-05	-0.003	-0.0007493	-0.0006554	-0.0005550	-0.0004598	-0.0003645	-0.0002589	-0.0001443	-0.0000259	+0.0000992	+0.0002331	+0.0003688	+0.0005003	+0.0006311	+0.0007584	+0.0008741	+0.0009802	+0.0010810	+0.0011748	+0.0012586	+0.0013392	+0.0014182
2013-06	-0.052	-0.0008258	-0.0007257	-0.0006256	-0.0005252	-0.0004198	-0.0003108	-0.0001978	-0.0000774	+0.0000557	+0.0001897	+0.0003287	+0.0004671	+0.0006011	+0.0007274	+0.0008489	+0.0009580	+0.0010570	+0.0011486	+0.0012316	+0.0013116	+0.0013929
2013-07	0.002	-0.0009255	-0.0008326	-0.0007417	-0.0006479	-0.0005505	-0.0004453	-0.0003363	-0.0002195	-0.0000920	+0.0000428	+0.0001814	+0.0003192	+0.0004543	+0.0005833	+0.0007050	+0.0008196	+0.0009271	+0.0010296	+0.0011235	+0.0012110	+0.0012886
2013-08	-0.012	-0.0007981	-0.0007149	-0.0006303	-0.0005399	-0.0004457	-0.0003427	-0.0002350	-0.0001163	+0.0000114	+0.0001439	+0.0002821	+0.0004218	+0.0005560	+0.0006825	+0.0007979	+0.0009129	+0.0010214	+0.0011139	+0.0011987	+0.0012722	+0.0013434
2013-09	0.024	-0.0008236	-0.0007374	-0.0006527	-0.0005625	-0.0004574	-0.0003481	-0.0002315	-0.0001095	+0.0000248	+0.0001642	+0.0003045	+0.0004409	+0.0005734	+0.0006952	+0.0008089	+0.0009148	+0.0010144	+0.0011094	+0.0011990	+0.0012811	+0.0013622
2013-10	0.031	-0.0008522	-0.0007098	-0.0005714	-0.0004374	-0.0003092	-0.0001740	-0.0000352	+0.0001096	+0.0002542	+0.0003997	+0.0005425	+0.0006795	+0.0008086	+0.0009360	+0.0010532	+0.0011667	+0.0012703	+0.0013650	+0.0014554	+0.0015401	+0.0016290
2013-11	0.014	-0.0006199	-0.0005230	-0.0004240	-0.0003310	-0.0002328	-0.0001278	-0.0000125	+0.0001074	+0.0002283	+0.0003527	+0.0004768	+0.0006002	+0.0007205	+0.0008410	+0.0009545	+0.0010553	+0.0011509	+0.0012394	+0.0013283	+0.0014187	+0.0014982
2013-12	0.022	-0.0006888	-0.0005727	-0.0004502	-0.0003338	-0.0002190	-0.0000952	+0.0000339	+0.0001637	+0.0002969	+0.0004281	+0.0005607	+0.0006838	+0.0008038	+0.0009159	+0.0010213	+0.0011186	+0.0012049	+0.0012915	+0.0013716	+0.0014401	+0.0015055
2014-01	-0.029	-0.0007200	-0.0005986	-0.0004633	-0.0003388	-0.0002096	-0.0000795	+0.0000705	+0.0002287	+0.0003755	+0.0005123	+0.0006482	+0.0007818	+0.0009060	+0.0010169	+0.0011227	+0.0012193	+0.0013043	+0.0013776	+0.0014469	+0.0015161	+0.0015841
2014-02	0.014	-0.0007428	-0.0006403	-0.0005296	-0.0004164	-0.0002943	-0.0001742	-0.0000518	+0.0000794	+0.0002152	+0.0003471	+0.0004769	+0.0006039	+0.0007215	+0.0008307	+0.0009314	+0.0010258	+0.0011129	+0.0011939	+0.0012695	+0.0013431	+0.0014139
2014-03	0.023	-0.0006942	-0.0006137	-0.0005221	-0.0004163	-0.0003093	-0.0002052	-0.0000951	+0.0000190	+0.0001343	+0.0002514	+0.0003748	+0.0004932	+0.0006061	+0.0007105	+0.0008106	+0.0009027	+0.0009881	+0.0010678	+0.0011428	+0.0012162	+0.0012924
2014-04	-0.004	-0.0005907	-0.0005091	-0.0004182	-0.0003284	-0.0002328	-0.0001374	-0.0000373	+0.0000677	+0.0001781	+0.0002941	+0.0004105	+0.0005299	+0.0006456	+0.0007527	+0.0008511	+0.0009430	+0.0010314	+0.0011078	+0.0011745	+0.0012437	+0.0013065
2014-05	0.001	-0.0006246	-0.0005339	-0.0004265	-0.0003169	-0.0002023	-0.0000889	+0.0000226	+0.0001346	+0.0002515	+0.0003719	+0.0004921	+0.0006094	+0.0007224	+0.0008310	+0.0009317	+0.0010272	+0.0011119	+0.0011868	+0.0012679	+0.0013454	+0.0014111
2014-06	-0.001	-0.0006907	-0.0005747	-0.0004435	-0.0003119	-0.0001682	-0.0000341	+0.0001135	+0.0002591	+0.0003974	+0.0005299	+0.0006528	+0.0007684	+0.0008781	+0.0009817	+0.0010766	+0.0011664	+0.0012508	+0.0013242	+0.0013968	+0.0014711	+0.0015401
2014-07	0.008	-0.0006192	-0.0005145	-0.0004151	-0.0003107	-0.0001928	-0.0000729	+0.0000591	+0.0001890	+0.0003150	+0.0004415	+0.0005622	+0.0006786	+0.0007862	+0.0008871	+0.0009787	+0.0010639	+0.0011483	+0.0012303	+0.0013122	+0.0013911	+0.0014600
2014-08	0.008	-0.0006388	-0.0005378	-0.0004315	-0.0003128	-0.0001908	-0.0000634	+0.0000627	+0.0001939	+0.0003246	+0.0004495	+0.0005678	+0.0006783	+0.0007833	+0.0008817	+0.0009747	+0.0010632	+0.0011453	+0.0012188	+0.0012911	+0.0013564	+0.0014175
2014-09	0.013	-0.0007084	-0.0005788	-0.0004543	-0.0003274	-0.0002035	-0.0000729	+0.0000652	+0.0002104	+0.0003440	+0.0004686	+0.0005906	+0.0007041	+0.0008135	+0.0009129	+0.0010037	+0.0010882	+0.0011686	+0.0012461	+0.0013208	+0.0013897	+0.0014506
2014-10	0.003	-0.0006578	-0.0005016	-0.0003786	-0.0002565	-0.0001469	-0.0000228	+0.0001099	+0.0002452	+0.0003776	+0.0005038	+0.0006225	+0.0007334	+0.0008369	+0.0009344	+0.0010247	+0.0011103	+0.0011922	+0.0012667	+0.0013366	+0.0014019	+0.0014675
2014-11	0.049	-0.0005874	-0.0004869	-0.0003781	-0.0002589	-0.0001415	-0.0000231	+0.0001012	+0.0002153	+0.0003325	+0.0004517	+0.0005634	+0.0006719	+0.0007741	+0.0008741	+0.0009673	+0.0010540	+0.0011359	+0.0012168	+0.0012915	+0.0013589	+0.0014260
2014-12	-0.028	-0.0007193	-0.0005864	-0.0004680	-0.0003356	-0.0001935	-0.0000527	+0.0000890	+0.0002273	+0.0003650	+0.0004910	+0.0006164	+0.0007332	+0.0008433	+0.0009432	+0.0010374	+0.0011277	+0.0012089	+0.0012834	+0.0013467	+0.0014060	+0.0014618
2015-01	-0.042	-0.0006102	-0.0005099	-0.0004209	-0.0003328	-0.0002389	-0.0001460	-0.0000500	+0.0000505	+0.0001539	+0.0002620	+0.0003720	+0.0004788	+0.0005809	+0.0006788	+0.0007735	+0.0008545	+0.0009318	+0.0010057	+0.0010695	+0.0011277	+0.0011875
2015-02	0.007	-0.0006541	-0.0005846	-0.0005112	-0.0004385	-0.0003646	-0.0002860	-0.0002025	-0.0001113	-0.0000154	+0.0000832	+0.0001850	+0.0002854	+0.0003851	+0.0004824	+0.0005733	+0.0006546	+0.0007283	+0.0007982	+0.0008623	+0.0009223	+0.0009816
