2013-01	0.082	-0.0012548	-0.0011244	-0.0009737	-0.0008205	-0.0006652	-0.0004936	-0.0003045	-0.0001185	+0.0000732	+0.0002726	+0.0004779	+0.0006771	+0.0008686	+0.0010558	+0.0012322	+0.0013973	+0.0015430	+0.0016839	+0.0018072	+0.0019145	+0.0020163
2013-02	0.023	-0.0012553	-0.0011054	-0.0009377	-0.0007651	-0.0005807	-0.0003928	-0.0002006	-0.0000008	+0.0001960	+0.0003977	+0.0006021	+0.0008008	+0.0009946	+0.0011787	+0.0013600	+0.0015256	+0.0016762	+0.0018155	+0.0019399	+0.0020568	+0.0021679
2013-03	0.037	-0.0012123	-0.0010847	-0.0009224	-0.0007427	-0.0005706	-0.0003873	-0.0001896	+0.0000151	+0.0002209	+0.0004346	+0.0006525	+0.0008653	+0.0010572	+0.0012407	+0.0014182	+0.0015735	+0.0017229	+0.0018636	+0.0020001	+0.0021389	+0.0022635
2013-04	0.093	-0.0012384	-0.0010488	-0.0008513	-0.0006865	-0.0005206	-0.0003454	-0.0001582	+0.0000270	+0.0002185	+0.0004145	+0.0006190	+0.0008230	+0.0010160	+0.0011996	+0.0013678	+0.0015286	+0.0016794	+0.0018136	+0.0019325	+0.0020395	+0.0021373
2013-05	-0.022	-0.0011000	-0.0009044	-0.0007180	-0.0005319	-0.0003500	-0.0001621	+0.0000407	+0.0002464	+0.0004559	+0.0006739	+0.0008905	+0.0011036	+0.0013002	+0.0014771	+0.0016430	+0.0017950	+0.0019341	+0.0020654	+0.0021854	+0.0022983	+0.0024197
2013-06	-0.075	-0.0011528	-0.0009910	-0.0008087	-0.0006179	-0.0004278	-0.0002321	-0.0000267	+0.0001877	+0.0004064	+0.0006316	+0.0008631	+0.0010850	+0.0012923	+0.0014823	+0.0016659	+0.0018350	+0.0019862	+0.0021266	+0.0022549	+0.0023720	+0.0024956
2013-07	0.012	-0.0012560	-0.0011012	-0.0009550	-0.0008117	-0.0006534	-0.0004795	-0.0002918	-0.0000844	+0.0001275	+0.0003439	+0.0005669	+0.0007823	+0.0009901	+0.0011801	+0.0013536	+0.0015162	+0.0016663	+0.0018060	+0.0019339	+0.0020438	+0.0021544
2013-08	-0.063	-0.0011709	-0.0009872	-0.0008031	-0.0006181	-0.0004200	-0.0002107	-0.0000047	+0.0002131	+0.0004350	+0.0006581	+0.0008845	+0.0011144	+0.0013365	+0.0015317	+0.0017154	+0.0018814	+0.0020343	+0.0021677	+0.0022919	+0.0024119	+0.0025182
2013-09	0.036	-0.0011504	-0.0009916	-0.0008183	-0.0006462	-0.0004488	-0.0002504	-0.0000574	+0.0001411	+0.0003463	+0.0005628	+0.0007806	+0.0009962	+0.0011995	+0.0013826	+0.0015503	+0.0017081	+0.0018532	+0.0019901	+0.0021328	+0.0022614	+0.0023922
2013-10	0.041	-0.0014126	-0.0011340	-0.0008376	-0.0005799	-0.0003386	-0.0000978	+0.0001544	+0.0004196	+0.0006725	+0.0009071	+0.0011283	+0.0013326	+0.0015286	+0.0017094	+0.0018786	+0.0020372	+0.0021846	+0.0023217	+0.0024555	+0.0025774	+0.0026778
2013-11	-0.004	-0.0009472	-0.0007742	-0.0005772	-0.0003912	-0.0002205	-0.0000307	+0.0001738	+0.0003713	+0.0005771	+0.0007778	+0.0009767	+0.0011603	+0.0013366	+0.0015084	+0.0016715	+0.0018247	+0.0019645	+0.0020914	+0.0022218	+0.0023515	+0.0024735
2013-12	0.016	-0.0010149	-0.0008240	-0.0006309	-0.0004394	-0.0002479	-0.0000443	+0.0001626	+0.0003836	+0.0006033	+0.0008086	+0.0010088	+0.0011971	+0.0013705	+0.0015270	+0.0016775	+0.0018181	+0.0019457	+0.0020566	+0.0021627	+0.0022660	+0.0023593
2014-01	-0.005	-0.0010486	-0.0008810	-0.0006767	-0.0004619	-0.0002608	-0.0000491	+0.0001591	+0.0003768	+0.0005958	+0.0008058	+0.0010059	+0.0011912	+0.0013640	+0.0015208	+0.0016695	+0.0018083	+0.0019325	+0.0020460	+0.0021537	+0.0022570	+0.0023640
2014-02	0.033	-0.0011487	-0.0009713	-0.0007678	-0.0005669	-0.0003646	-0.0001616	+0.0000530	+0.0002602	+0.0004709	+0.0006768	+0.0008716	+0.0010536	+0.0012211	+0.0013750	+0.0015148	+0.0016489	+0.0017790	+0.0018992	+0.0020157	+0.0021194	+0.0022155
2014-03	0.014	-0.0011298	-0.0009493	-0.0007716	-0.0005897	-0.0003770	-0.0001774	+0.0000342	+0.0002401	+0.0004475	+0.0006547	+0.0008501	+0.0010354	+0.0012066	+0.0013642	+0.0015092	+0.0016399	+0.0017635	+0.0018768	+0.0019779	+0.0020705	+0.0021625
2014-04	0.041	-0.0008828	-0.0007633	-0.0006282	-0.0004654	-0.0002998	-0.0001327	+0.0000416	+0.0002231	+0.0004096	+0.0005980	+0.0007840	+0.0009617	+0.0011318	+0.0012898	+0.0014369	+0.0015697	+0.0016930	+0.0018036	+0.0019076	+0.0019957	+0.0020810
2014-05	0.015	-0.0010751	-0.0008815	-0.0006804	-0.0004891	-0.0002996	-0.0001014	+0.0000960	+0.0002785	+0.0004686	+0.0006679	+0.0008611	+0.0010465	+0.0012201	+0.0013794	+0.0015286	+0.0016585	+0.0017784	+0.0018861	+0.0019887	+0.0020865	+0.0021868
2014-06	0.011	-0.0009548	-0.0007884	-0.0005901	-0.0003928	-0.0001714	+0.0000406	+0.0002485	+0.0004686	+0.0006925	+0.0008989	+0.0010833	+0.0012588	+0.0014299	+0.0015891	+0.0017362	+0.0018672	+0.0019872	+0.0020966	+0.0021987	+0.0023025	+0.0024015
2014-07	0.020	-0.0010839	-0.0008901	-0.0007208	-0.0005214	-0.0003092	-0.0001038	+0.0001012	+0.0003132	+0.0005286	+0.0007325	+0.0009268	+0.0011138	+0.0012849	+0.0014354	+0.0015699	+0.0017001	+0.0018228	+0.0019361	+0.0020425	+0.0021350	+0.0022251
2014-08	0.013	-0.0009685	-0.0007896	-0.0006185	-0.0004382	-0.0002541	-0.0000632	+0.0001307	+0.0003310	+0.0005314	+0.0007294	+0.0009140	+0.0010847	+0.0012510	+0.0014022	+0.0015514	+0.0016887	+0.0018139	+0.0019332	+0.0020389	+0.0021415	+0.0022313
2014-09	-0.009	-0.0011153	-0.0009135	-0.0007118	-0.0005207	-0.0003085	-0.0000916	+0.0001242	+0.0003550	+0.0005793	+0.0007812	+0.0009698	+0.0011500	+0.0013179	+0.0014791	+0.0016197	+0.0017486	+0.0018719	+0.0019788	+0.0020789	+0.0021746	+0.0022661
2014-10	0.052	-0.0010463	-0.0008817	-0.0006866	-0.0004719	-0.0002756	-0.0000721	+0.0001375	+0.0003692	+0.0005960	+0.0008005	+0.0009900	+0.0011690	+0.0013362	+0.0014875	+0.0016326	+0.0017600	+0.0018750	+0.0019877	+0.0020915	+0.0021888	+0.0022837
2014-11	0.100	-0.0010467	-0.0008663	-0.0006658	-0.0004501	-0.0002412	-0.0000327	+0.0001792	+0.0003815	+0.0005894	+0.0007848	+0.0009727	+0.0011549	+0.0013246	+0.0014861	+0.0016318	+0.0017569	+0.0018767	+0.0019957	+0.0021070	+0.0022133	+0.0023128
2014-12	0.035	-0.0012471	-0.0009871	-0.0007569	-0.0005349	-0.0003223	-0.0000902	+0.0001730	+0.0004381	+0.0006920	+0.0009292	+0.0011457	+0.0013410	+0.0015183	+0.0016820	+0.0018399	+0.0019885	+0.0021262	+0.0022486	+0.0023526	+0.0024416	+0.0025259
2015-01	0.030	-0.0011146	-0.0008886	-0.0006874	-0.0004835	-0.0002787	-0.0000706	+0.0001412	+0.0003606	+0.0005789	+0.0007854	+0.0009867	+0.0011746	+0.0013499	+0.0015175	+0.0016716	+0.0018118	+0.0019383	+0.0020448	+0.0021352	+0.0022241	+0.0023059
2015-02	-0.004	-0.0011775	-0.0009663	-0.0007674	-0.0005713	-0.0003829	-0.0001760	+0.0000494	+0.0002763	+0.0004918	+0.0006968	+0.0008977	+0.0010839	+0.0012586	+0.0014245	+0.0015776	+0.0017143	+0.0018446	+0.0019644	+0.0020725	+0.0021795	+0.0022626
