2013-01	0.060	-0.0010934	-0.0009843	-0.0008545	-0.0007294	-0.0005966	-0.0004543	-0.0002985	-0.0001430	+0.0000192	+0.0001879	+0.0003603	+0.0005273	+0.0006896	+0.0008474	+0.0009960	+0.0011343	+0.0012596	+0.0013759	+0.0014779	+0.0015705	+0.0016616
2013-02	0.017	-0.0011043	-0.0009687	-0.0008351	-0.0006961	-0.0005432	-0.0003879	-0.0002315	-0.0000686	+0.0000937	+0.0002620	+0.0004341	+0.0006014	+0.0007647	+0.0009174	+0.0010691	+0.0012077	+0.0013307	+0.0014462	+0.0015536	+0.0016484	+0.0017445
2013-03	0.027	-0.0010383	-0.0009289	-0.0008015	-0.0006646	-0.0005214	-0.0003776	-0.0002213	-0.0000606	+0.0001110	+0.0002851	+0.0004654	+0.0006408	+0.0008015	+0.0009547	+0.0010985	+0.0012312	+0.0013539	+0.0014706	+0.0015844	+0.0016985	+0.0017968
2013-04	0.067	-0.0010545	-0.0009015	-0.0007573	-0.0006256	-0.0004954	-0.0003574	-0.0002112	-0.0000642	+0.0000913	+0.0002494	+0.0004150	+0.0005815	+0.0007386	+0.0008899	+0.0010271	+0.0011580	+0.0012806	+0.0013905	+0.0014904	+0.0015770	+0.0016613
2013-05	-0.016	-0.0008859	-0.0007575	-0.0006129	-0.0004743	-0.0003405	-0.0001954	-0.0000418	+0.0001132	+0.0002810	+0.0004489	+0.0006219	+0.0007907	+0.0009485	+0.0010940	+0.0012277	+0.0013519	+0.0014647	+0.0015707	+0.0016649	+0.0017584	+0.0018586
2013-06	-0.053	-0.0009575	-0.0008429	-0.0007008	-0.0005546	-0.0004049	-0.0002577	-0.0000996	+0.0000660	+0.0002412	+0.0004155	+0.0005983	+0.0007759	+0.0009419	+0.0010955	+0.0012430	+0.0013802	+0.0015026	+0.0016140	+0.0017170	+0.0018104	+0.0019141
2013-07	0.008	-0.0010462	-0.0009272	-0.0008124	-0.0006991	-0.0005732	-0.0004378	-0.0002891	-0.0001236	+0.0000429	+0.0002126	+0.0003876	+0.0005585	+0.0007211	+0.0008730	+0.0010106	+0.0011387	+0.0012573	+0.0013636	+0.0014635	+0.0015521	+0.0016368
2013-08	-0.043	-0.0009390	-0.0008019	-0.0006584	-0.0005089	-0.0003558	-0.0001999	-0.0000420	+0.0001264	+0.0002997	+0.0004717	+0.0006475	+0.0008284	+0.0010001	+0.0011559	+0.0012983	+0.0014294	+0.0015457	+0.0016522	+0.0017508	+0.0018432	+0.0019212
2013-09	0.024	-0.0008685	-0.0007543	-0.0006233	-0.0004924	-0.0003444	-0.0001926	-0.0000462	+0.0001049	+0.0002600	+0.0004246	+0.0005896	+0.0007540	+0.0009093	+0.0010494	+0.0011769	+0.0012979	+0.0014100	+0.0015163	+0.0016249	+0.0017295	+0.0018285
2013-10	0.027	-0.0010770	-0.0008453	-0.0006188	-0.0004288	-0.0002469	-0.0000650	+0.0001301	+0.0003300	+0.0005222	+0.0006999	+0.0008679	+0.0010247	+0.0011732	+0.0013092	+0.0014369	+0.0015579	+0.0016713	+0.0017747	+0.0018708	+0.0019664	+0.0020411
2013-11	-0.003	-0.0007088	-0.0005744	-0.0004289	-0.0002899	-0.0001620	-0.0000218	+0.0001307	+0.0002765	+0.0004292	+0.0005786	+0.0007253	+0.0008624	+0.0009944	+0.0011222	+0.0012436	+0.0013577	+0.0014618	+0.0015572	+0.0016549	+0.0017514	+0.0018402
2013-12	0.010	-0.0007557	-0.0006053	-0.0004624	-0.0003190	-0.0001751	-0.0000236	+0.0001328	+0.0002966	+0.0004603	+0.0006127	+0.0007596	+0.0008977	+0.0010243	+0.0011401	+0.0012493	+0.0013525	+0.0014450	+0.0015253	+0.0016060	+0.0016787	+0.0017460
2014-01	-0.003	-0.0007738	-0.0006444	-0.0004952	-0.0003340	-0.0001863	-0.0000284	+0.0001259	+0.0002890	+0.0004515	+0.0006052	+0.0007520	+0.0008877	+0.0010130	+0.0011279	+0.0012346	+0.0013356	+0.0014258	+0.0015097	+0.0015875	+0.0016643	+0.0017392
2014-02	0.021	-0.0008457	-0.0007099	-0.0005561	-0.0004070	-0.0002630	-0.0001121	+0.0000455	+0.0001981	+0.0003517	+0.0005020	+0.0006438	+0.0007764	+0.0008982	+0.0010095	+0.0011100	+0.0012065	+0.0013035	+0.0013911	+0.0014747	+0.0015479	+0.0016168
2014-03	0.009	-0.0008129	-0.0006867	-0.0005561	-0.0004245	-0.0002704	-0.0001274	+0.0000246	+0.0001735	+0.0003223	+0.0004722	+0.0006132	+0.0007462	+0.0008697	+0.0009833	+0.0010856	+0.0011813	+0.0012709	+0.0013525	+0.0014245	+0.0014917	+0.0015571
2014-04	0.026	-0.0006276	-0.0005406	-0.0004450	-0.0003318	-0.0002128	-0.0000939	+0.0000297	+0.0001598	+0.0002928	+0.0004268	+0.0005594	+0.0006872	+0.0008083	+0.0009212	+0.0010258	+0.0011204	+0.0012072	+0.0012874	+0.0013617	+0.0014269	+0.0014886
2014-05	0.010	-0.0007579	-0.0006272	-0.0004845	-0.0003482	-0.0002155	-0.0000765	+0.0000635	+0.0001940	+0.0003280	+0.0004688	+0.0006058	+0.0007378	+0.0008613	+0.0009745	+0.0010806	+0.0011725	+0.0012570	+0.0013348	+0.0014094	+0.0014777	+0.0015503
2014-06	0.007	-0.0006761	-0.0005591	-0.0004182	-0.0002802	-0.0001211	+0.0000293	+0.0001757	+0.0003321	+0.0004918	+0.0006377	+0.0007678	+0.0008917	+0.0010127	+0.0011259	+0.0012306	+0.0013234	+0.0014082	+0.0014850	+0.0015586	+0.0016317	+0.0017018
2014-07	0.013	-0.0007626	-0.0006270	-0.0005058	-0.0003666	-0.0002186	-0.0000758	+0.0000677	+0.0002161	+0.0003665	+0.0005106	+0.0006477	+0.0007776	+0.0008966	+0.0010029	+0.0010981	+0.0011897	+0.0012771	+0.0013562	+0.0014314	+0.0014985	+0.0015633
2014-08	0.008	-0.0006789	-0.0005542	-0.0004356	-0.0003113	-0.0001839	-0.0000504	+0.0000850	+0.0002253	+0.0003659	+0.0005034	+0.0006334	+0.0007530	+0.0008687	+0.0009758	+0.0010805	+0.0011775	+0.0012654	+0.0013496	+0.0014232	+0.0014956	+0.0015591
2014-09	-0.005	-0.0007766	-0.0006336	-0.0004955	-0.0003657	-0.0002188	-0.0000690	+0.0000837	+0.0002414	+0.0003957	+0.0005365	+0.0006676	+0.0007925	+0.0009107	+0.0010231	+0.0011222	+0.0012126	+0.0012984	+0.0013726	+0.0014428	+0.0015094	+0.0015717
2014-10	0.031	-0.0007316	-0.0006139	-0.0004798	-0.0003311	-0.0001905	-0.0000486	+0.0000953	+0.0002544	+0.0004118	+0.0005554	+0.0006872	+0.0008124	+0.0009282	+0.0010340	+0.0011333	+0.0012230	+0.0013051	+0.0013829	+0.0014557	+0.0015206	+0.0015893
2014-11	0.061	-0.0007208	-0.0005983	-0.0004607	-0.0003162	-0.0001729	-0.0000311	+0.0001145	+0.0002548	+0.0003966	+0.0005320	+0.0006623	+0.0007874	+0.0009055	+0.0010186	+0.0011189	+0.0012067	+0.0012908	+0.0013712	+0.0014505	+0.0015272	+0.0015980
2014-12	0.022	-0.0008478	-0.0006729	-0.0005206	-0.0003727	-0.0002294	-0.0000677	+0.0001071	+0.0002815	+0.0004521	+0.0006113	+0.0007588	+0.0008925	+0.0010131	+0.0011259	+0.0012323	+0.0013341	+0.0014308	+0.0015147	+0.0015822	+0.0016438	+0.0017015
2015-01	0.018	-0.0007513	-0.0006000	-0.0004674	-0.0003313	-0.0001973	-0.0000617	+0.0000764	+0.0002193	+0.0003636	+0.0005032	+0.0006372	+0.0007646	+0.0008830	+0.0009958	+0.0011003	+0.0011936	+0.0012799	+0.0013525	+0.0014149	+0.0014772	+0.0015371
2015-02	-0.002	-0.0007893	-0.0006518	-0.0005216	-0.0003942	-0.0002722	-0.0001381	+0.0000060	+0.0001541	+0.0002936	+0.0004291	+0.0005625	+0.0006876	+0.0008049	+0.0009174	+0.0010209	+0.0011124	+0.0012011	+0.0012820	+0.0013553	+0.0014234	+0.0014832
