2013-01	0.038	-0.0006022	-0.0005188	-0.0004284	-0.0003328	-0.0002250	-0.0001109	+0.0000039	+0.0001229	+0.0002456	+0.0003646	+0.0004842	+0.0005960	+0.0007030	+0.0008030	+0.0008950	+0.0009787	+0.0010580	+0.0011351	+0.0012100	+0.0012728	+0.0013269
2013-02	0.007	-0.0006351	-0.0005208	-0.0004127	-0.0002809	-0.0001507	-0.0000177	+0.0001132	+0.0002544	+0.0003990	+0.0005331	+0.0006546	+0.0007694	+0.0008784	+0.0009778	+0.0010699	+0.0011570	+0.0012391	+0.0013178	+0.0013899	+0.0014543	+0.0015133
2013-03	0.012	-0.0007617	-0.0006307	-0.0004865	-0.0003404	-0.0002025	-0.0000639	+0.0000931	+0.0002616	+0.0004186	+0.0005585	+0.0006850	+0.0008009	+0.0009057	+0.0010050	+0.0010957	+0.0011824	+0.0012671	+0.0013448	+0.0014135	+0.0014772	+0.0015311
2013-04	0.068	-0.0006880	-0.0005690	-0.0004585	-0.0003378	-0.0002113	-0.0000631	+0.0000866	+0.0002334	+0.0003625	+0.0004883	+0.0006082	+0.0007200	+0.0008239	+0.0009212	+0.0010166	+0.0011034	+0.0011845	+0.0012568	+0.0013203	+0.0013815	+0.0014447
2013-05	-0.003	-0.0008340	-0.0006703	-0.0004889	-0.0003079	-0.0001366	+0.0000192	+0.0002026	+0.0004023	+0.0005764	+0.0007300	+0.0008646	+0.0009910	+0.0011094	+0.0012181	+0.0013220	+0.0014210	+0.0015137	+0.0016037	+0.0016844	+0.0017604	+0.0018336
2013-06	-0.081	-0.0006845	-0.0005486	-0.0004063	-0.0002544	-0.0001098	+0.0000440	+0.0002134	+0.0003876	+0.0005463	+0.0006903	+0.0008305	+0.0009608	+0.0010828	+0.0012005	+0.0013070	+0.0013996	+0.0014862	+0.0015687	+0.0016403	+0.0017079	+0.0017755
2013-07	0.011	-0.0008021	-0.0006605	-0.0005310	-0.0004070	-0.0002904	-0.0001630	-0.0000303	+0.0001068	+0.0002533	+0.0003961	+0.0005429	+0.0006842	+0.0008179	+0.0009442	+0.0010636	+0.0011778	+0.0012846	+0.0013909	+0.0014810	+0.0015576	+0.0016299
2013-08	-0.029	-0.0007565	-0.0006372	-0.0005224	-0.0003943	-0.0002584	-0.0001090	+0.0000471	+0.0001995	+0.0003525	+0.0005076	+0.0006579	+0.0008023	+0.0009392	+0.0010682	+0.0011913	+0.0013057	+0.0014056	+0.0014956	+0.0015798	+0.0016492	+0.0017125
2013-09	0.025	-0.0008482	-0.0007112	-0.0005866	-0.0004611	-0.0003161	-0.0001619	-0.0000138	+0.0001375	+0.0002940	+0.0004505	+0.0006041	+0.0007497	+0.0008898	+0.0010160	+0.0011275	+0.0012326	+0.0013270	+0.0014146	+0.0014928	+0.0015682	+0.0016441
2013-10	0.030	-0.0009388	-0.0007493	-0.0005576	-0.0004083	-0.0002448	-0.0000729	+0.0001099	+0.0002980	+0.0004757	+0.0006390	+0.0007904	+0.0009276	+0.0010581	+0.0011860	+0.0013034	+0.0014094	+0.0015062	+0.0015982	+0.0016870	+0.0017696	+0.0018571
2013-11	0.018	-0.0006853	-0.0005742	-0.0004489	-0.0003115	-0.0001763	-0.0000335	+0.0001133	+0.0002653	+0.0004185	+0.0005628	+0.0006992	+0.0008325	+0.0009584	+0.0010802	+0.0011936	+0.0013014	+0.0014043	+0.0014974	+0.0015848	+0.0016645	+0.0017390
2013-12	0.034	-0.0007607	-0.0006173	-0.0004602	-0.0003163	-0.0001731	-0.0000241	+0.0001423	+0.0003097	+0.0004700	+0.0006205	+0.0007667	+0.0009055	+0.0010350	+0.0011525	+0.0012597	+0.0013582	+0.0014541	+0.0015377	+0.0016224	+0.0017010	+0.0017758
2014-01	-0.029	-0.0008224	-0.0006673	-0.0005119	-0.0003508	-0.0001793	+0.0000008	+0.0001779	+0.0003590	+0.0005400	+0.0007002	+0.0008526	+0.0009931	+0.0011257	+0.0012493	+0.0013593	+0.0014603	+0.0015536	+0.0016446	+0.0017266	+0.0018055	+0.0018752
2014-02	0.014	-0.0008921	-0.0007253	-0.0005638	-0.0004031	-0.0002466	-0.0000847	+0.0000923	+0.0002696	+0.0004456	+0.0006149	+0.0007721	+0.0009107	+0.0010364	+0.0011556	+0.0012637	+0.0013663	+0.0014595	+0.0015495	+0.0016341	+0.0017136	+0.0017942
2014-03	0.021	-0.0008167	-0.0007024	-0.0005816	-0.0004384	-0.0002886	-0.0001387	+0.0000133	+0.0001607	+0.0003094	+0.0004596	+0.0006004	+0.0007338	+0.0008590	+0.0009754	+0.0010846	+0.0011883	+0.0012847	+0.0013722	+0.0014557	+0.0015363	+0.0016094
2014-04	0.008	-0.0006589	-0.0005465	-0.0004344	-0.0003220	-0.0002043	-0.0000786	+0.0000595	+0.0001986	+0.0003336	+0.0004703	+0.0006083	+0.0007438	+0.0008707	+0.0009851	+0.0010934	+0.0011957	+0.0012912	+0.0013761	+0.0014530	+0.0015177	+0.0015778
2014-05	0.021	-0.0007821	-0.0006623	-0.0005282	-0.0003875	-0.0002287	-0.0000775	+0.0000732	+0.0002193	+0.0003656	+0.0005145	+0.0006587	+0.0007960	+0.0009245	+0.0010485	+0.0011625	+0.0012627	+0.0013532	+0.0014376	+0.0015162	+0.0015954	+0.0016830
2014-06	0.002	-0.0007803	-0.0006328	-0.0004829	-0.0003276	-0.0001615	+0.0000022	+0.0001714	+0.0003379	+0.0005036	+0.0006565	+0.0008031	+0.0009404	+0.0010684	+0.0011862	+0.0012971	+0.0013966	+0.0014876	+0.0015730	+0.0016580	+0.0017301	+0.0017964
2014-07	0.020	-0.0008149	-0.0006588	-0.0005320	-0.0003837	-0.0002292	-0.0000627	+0.0001081	+0.0002724	+0.0004279	+0.0005785	+0.0007230	+0.0008589	+0.0009895	+0.0011123	+0.0012233	+0.0013262	+0.0014241	+0.0015152	+0.0016014	+0.0016879	+0.0017753
2014-08	0.012	-0.0007516	-0.0006279	-0.0004957	-0.0003748	-0.0002367	-0.0000806	+0.0000779	+0.0002399	+0.0003899	+0.0005374	+0.0006794	+0.0008111	+0.0009417	+0.0010641	+0.0011777	+0.0012820	+0.0013773	+0.0014649	+0.0015375	+0.0016064	+0.0016764
2014-09	0.035	-0.0008299	-0.0006889	-0.0005343	-0.0003915	-0.0002323	-0.0000682	+0.0000968	+0.0002608	+0.0004199	+0.0005709	+0.0007154	+0.0008512	+0.0009755	+0.0010952	+0.0012086	+0.0013137	+0.0014045	+0.0014942	+0.0015768	+0.0016572	+0.0017281
2014-10	0.012	-0.0007752	-0.0006279	-0.0004821	-0.0003396	-0.0001811	-0.0000158	+0.0001524	+0.0003229	+0.0004925	+0.0006483	+0.0007950	+0.0009296	+0.0010552	+0.0011731	+0.0012848	+0.0013814	+0.0014727	+0.0015614	+0.0016398	+0.0017152	+0.0017916
2014-11	0.081	-0.0007585	-0.0006399	-0.0004981	-0.0003460	-0.0001903	-0.0000407	+0.0001181	+0.0002728	+0.0004234	+0.0005657	+0.0007040	+0.0008370	+0.0009669	+0.0010893	+0.0011999	+0.0013041	+0.0014041	+0.0014924	+0.0015827	+0.0016709	+0.0017653
2014-12	0.007	-0.0008976	-0.0007410	-0.0005544	-0.0003983	-0.0002295	-0.0000651	+0.0001143	+0.0003083	+0.0004875	+0.0006513	+0.0008109	+0.0009666	+0.0011100	+0.0012408	+0.0013623	+0.0014754	+0.0015718	+0.0016619	+0.0017459	+0.0018195	+0.0018869
2015-01	-0.009	-0.0008519	-0.0006942	-0.0005357	-0.0003830	-0.0002407	-0.0000980	+0.0000551	+0.0002115	+0.0003625	+0.0005178	+0.0006711	+0.0008171	+0.0009543	+0.0010806	+0.0012005	+0.0013103	+0.0014089	+0.0015034	+0.0015940	+0.0016755	+0.0017557
2015-02	0.004	-0.0008903	-0.0007503	-0.0006135	-0.0004875	-0.0003536	-0.0002150	-0.0000704	+0.0000847	+0.0002414	+0.0003940	+0.0005490	+0.0007003	+0.0008459	+0.0009812	+0.0011068	+0.0012222	+0.0013239	+0.0014176	+0.0014979	+0.0015782	+0.0016510
