2013-01	0.050	-0.0004631	-0.0004037	-0.0003419	-0.0002766	-0.0002110	-0.0001366	-0.0000579	+0.0000247	+0.0001093	+0.0001984	+0.0002899	+0.0003781	+0.0004644	+0.0005461	+0.0006213	+0.0006934	+0.0007597	+0.0008216	+0.0008781	+0.0009329	+0.0009837
2013-02	0.001	-0.0004715	-0.0004010	-0.0003228	-0.0002460	-0.0001624	-0.0000706	+0.0000234	+0.0001199	+0.0002176	+0.0003136	+0.0004117	+0.0005085	+0.0006019	+0.0006893	+0.0007722	+0.0008457	+0.0009122	+0.0009701	+0.0010243	+0.0010762	+0.0011287
2013-03	0.012	-0.0006043	-0.0005119	-0.0004203	-0.0003186	-0.0002174	-0.0001083	-0.0000021	+0.0001048	+0.0002143	+0.0003237	+0.0004299	+0.0005313	+0.0006257	+0.0007130	+0.0007958	+0.0008702	+0.0009401	+0.0010076	+0.0010714	+0.0011280	+0.0011765
2013-04	0.065	-0.0005755	-0.0004913	-0.0004030	-0.0003156	-0.0002251	-0.0001374	-0.0000449	+0.0000552	+0.0001548	+0.0002573	+0.0003559	+0.0004493	+0.0005405	+0.0006252	+0.0007043	+0.0007752	+0.0008413	+0.0009047	+0.0009637	+0.0010227	+0.0010785
2013-05	0.010	-0.0006010	-0.0004795	-0.0003771	-0.0002648	-0.0001455	-0.0000173	+0.0001009	+0.0002174	+0.0003339	+0.0004522	+0.0005673	+0.0006798	+0.0007859	+0.0008864	+0.0009808	+0.0010678	+0.0011495	+0.0012239	+0.0012932	+0.0013619	+0.0014304
2013-06	-0.045	-0.0005727	-0.0004693	-0.0003716	-0.0002678	-0.0001526	-0.0000325	+0.0000826	+0.0001976	+0.0003132	+0.0004322	+0.0005472	+0.0006590	+0.0007662	+0.0008719	+0.0009680	+0.0010555	+0.0011313	+0.0012040	+0.0012708	+0.0013364	+0.0013950
2013-07	0.007	-0.0006613	-0.0005541	-0.0004420	-0.0003431	-0.0002450	-0.0001403	-0.0000318	+0.0000789	+0.0001931	+0.0003138	+0.0004312	+0.0005463	+0.0006590	+0.0007727	+0.0008801	+0.0009826	+0.0010750	+0.0011629	+0.0012387	+0.0013111	+0.0013830
2013-08	-0.005	-0.0005776	-0.0004906	-0.0003917	-0.0002912	-0.0001843	-0.0000681	+0.0000552	+0.0001799	+0.0003037	+0.0004280	+0.0005467	+0.0006646	+0.0007770	+0.0008839	+0.0009810	+0.0010712	+0.0011586	+0.0012436	+0.0013206	+0.0013910	+0.0014578
2013-09	0.013	-0.0007032	-0.0005794	-0.0004710	-0.0003597	-0.0002392	-0.0001143	+0.0000106	+0.0001401	+0.0002663	+0.0003933	+0.0005160	+0.0006360	+0.0007515	+0.0008584	+0.0009552	+0.0010484	+0.0011328	+0.0012116	+0.0012835	+0.0013479	+0.0014038
2013-10	0.024	-0.0007560	-0.0006020	-0.0004504	-0.0003180	-0.0001938	-0.0000652	+0.0000824	+0.0002251	+0.0003677	+0.0005017	+0.0006225	+0.0007369	+0.0008439	+0.0009449	+0.0010413	+0.0011292	+0.0012162	+0.0012969	+0.0013794	+0.0014644	+0.0015373
2013-11	0.033	-0.0005648	-0.0004572	-0.0003442	-0.0002351	-0.0001229	-0.0000014	+0.0001263	+0.0002469	+0.0003711	+0.0004925	+0.0006079	+0.0007153	+0.0008183	+0.0009201	+0.0010188	+0.0011091	+0.0011926	+0.0012674	+0.0013418	+0.0014140	+0.0014813
2013-12	0.024	-0.0006272	-0.0004999	-0.0003707	-0.0002381	-0.0001161	+0.0000242	+0.0001764	+0.0003246	+0.0004640	+0.0005928	+0.0007136	+0.0008289	+0.0009358	+0.0010357	+0.0011260	+0.0012094	+0.0012898	+0.0013650	+0.0014351	+0.0015035	+0.0015720
2014-01	-0.017	-0.0007355	-0.0005610	-0.0004026	-0.0002506	-0.0001051	+0.0000453	+0.0002064	+0.0003863	+0.0005602	+0.0007058	+0.0008338	+0.0009513	+0.0010607	+0.0011617	+0.0012535	+0.0013417	+0.0014231	+0.0014925	+0.0015577	+0.0016200	+0.0016755
2014-02	0.006	-0.0007578	-0.0006165	-0.0004629	-0.0003190	-0.0001674	-0.0000198	+0.0001371	+0.0003146	+0.0004798	+0.0006202	+0.0007490	+0.0008648	+0.0009742	+0.0010742	+0.0011666	+0.0012463	+0.0013218	+0.0013946	+0.0014701	+0.0015395	+0.0016048
2014-03	0.014	-0.0007202	-0.0005885	-0.0004439	-0.0003058	-0.0001847	-0.0000462	+0.0000894	+0.0002284	+0.0003623	+0.0004932	+0.0006135	+0.0007227	+0.0008267	+0.0009233	+0.0010133	+0.0010941	+0.0011697	+0.0012455	+0.0013196	+0.0013922	+0.0014592
2014-04	0.003	-0.0005334	-0.0004284	-0.0003193	-0.0002048	-0.0000981	+0.0000213	+0.0001464	+0.0002720	+0.0003897	+0.0005092	+0.0006223	+0.0007302	+0.0008336	+0.0009298	+0.0010225	+0.0011080	+0.0011841	+0.0012573	+0.0013240	+0.0013920	+0.0014558
2014-05	-0.003	-0.0006543	-0.0005414	-0.0004055	-0.0002692	-0.0001330	+0.0000135	+0.0001648	+0.0003114	+0.0004480	+0.0005745	+0.0006946	+0.0008058	+0.0009075	+0.0010029	+0.0010941	+0.0011793	+0.0012566	+0.0013288	+0.0014004	+0.0014715	+0.0015441
2014-06	0.003	-0.0007220	-0.0005642	-0.0003929	-0.0002490	-0.0001192	+0.0000277	+0.0001930	+0.0003578	+0.0005105	+0.0006405	+0.0007563	+0.0008642	+0.0009673	+0.0010622	+0.0011511	+0.0012345	+0.0013121	+0.0013852	+0.0014539	+0.0015185	+0.0015792
2014-07	0.010	-0.0006819	-0.0005324	-0.0004113	-0.0002750	-0.0001356	+0.0000096	+0.0001830	+0.0003536	+0.0004997	+0.0006248	+0.0007408	+0.0008492	+0.0009527	+0.0010494	+0.0011406	+0.0012253	+0.0013083	+0.0013852	+0.0014560	+0.0015281	+0.0015942
2014-08	0.014	-0.0006996	-0.0005490	-0.0003983	-0.0002504	-0.0001220	+0.0000201	+0.0001901	+0.0003703	+0.0005191	+0.0006517	+0.0007685	+0.0008765	+0.0009851	+0.0010813	+0.0011669	+0.0012468	+0.0013218	+0.0013950	+0.0014657	+0.0015376	+0.0016066
2014-09	0.026	-0.0007861	-0.0005923	-0.0004315	-0.0003004	-0.0001659	-0.0000190	+0.0001584	+0.0003571	+0.0005248	+0.0006608	+0.0007831	+0.0008939	+0.0009950	+0.0010927	+0.0011817	+0.0012608	+0.0013376	+0.0014073	+0.0014738	+0.0015441	+0.0016127
2014-10	0.000	-0.0007633	-0.0005849	-0.0003770	-0.0002290	-0.0000942	+0.0000394	+0.0002154	+0.0004114	+0.0005816	+0.0007137	+0.0008300	+0.0009379	+0.0010385	+0.0011332	+0.0012225	+0.0013077	+0.0013812	+0.0014511	+0.0015207	+0.0015849	+0.0016483
2014-11	0.078	-0.0006646	-0.0005404	-0.0003848	-0.0002267	-0.0000951	+0.0000500	+0.0002169	+0.0003837	+0.0005209	+0.0006426	+0.0007545	+0.0008582	+0.0009598	+0.0010546	+0.0011464	+0.0012311	+0.0013079	+0.0013816	+0.0014489	+0.0015128	+0.0015761
2014-12	0.010	-0.0008135	-0.0006545	-0.0004650	-0.0002954	-0.0001401	+0.0000137	+0.0001992	+0.0004052	+0.0005729	+0.0007112	+0.0008413	+0.0009582	+0.0010672	+0.0011688	+0.0012626	+0.0013447	+0.0014183	+0.0014890	+0.0015523	+0.0016174	+0.0016781
2015-01	-0.026	-0.0007607	-0.0005783	-0.0004218	-0.0002779	-0.0001377	-0.0000059	+0.0001452	+0.0003089	+0.0004595	+0.0005858	+0.0007042	+0.0008184	+0.0009240	+0.0010189	+0.0011081	+0.0011939	+0.0012743	+0.0013477	+0.0014140	+0.0014743	+0.0015283
2015-02	0.003	-0.0006411	-0.0005440	-0.0004382	-0.0003298	-0.0002244	-0.0001081	+0.0000052	+0.0001271	+0.0002499	+0.0003671	+0.0004799	+0.0005884	+0.0006948	+0.0007944	+0.0008853	+0.0009698	+0.0010473	+0.0011196	+0.0011821	+0.0012380	+0.0012955
