2013-01	0.038	-0.0003899	-0.0003425	-0.0002942	-0.0002413	-0.0001825	-0.0001235	-0.0000600	+0.0000096	+0.0000852	+0.0001655	+0.0002448	+0.0003208	+0.0003924	+0.0004614	+0.0005259	+0.0005880	+0.0006464	+0.0006991	+0.0007467	+0.0007923	+0.0008302
2013-02	0.019	-0.0003499	-0.0002934	-0.0002370	-0.0001765	-0.0001039	-0.0000293	+0.0000554	+0.0001406	+0.0002257	+0.0003098	+0.0003967	+0.0004806	+0.0005592	+0.0006319	+0.0006972	+0.0007597	+0.0008173	+0.0008702	+0.0009204	+0.0009686	+0.0010116
2013-03	0.017	-0.0004752	-0.0003993	-0.0003059	-0.0002209	-0.0001311	-0.0000363	+0.0000632	+0.0001663	+0.0002662	+0.0003642	+0.0004555	+0.0005399	+0.0006181	+0.0006914	+0.0007617	+0.0008276	+0.0008911	+0.0009481	+0.0009995	+0.0010442	+0.0010857
2013-04	0.046	-0.0004727	-0.0003906	-0.0003073	-0.0002273	-0.0001424	-0.0000517	+0.0000478	+0.0001471	+0.0002380	+0.0003243	+0.0004099	+0.0004924	+0.0005691	+0.0006388	+0.0007033	+0.0007652	+0.0008240	+0.0008789	+0.0009261	+0.0009707	+0.0010121
2013-05	0.012	-0.0006069	-0.0004854	-0.0003780	-0.0002526	-0.0001290	-0.0000057	+0.0001354	+0.0002725	+0.0003947	+0.0005049	+0.0006056	+0.0006998	+0.0007913	+0.0008750	+0.0009517	+0.0010220	+0.0010898	+0.0011557	+0.0012110	+0.0012630	+0.0013083
2013-06	-0.037	-0.0005149	-0.0003915	-0.0002900	-0.0001871	-0.0000768	+0.0000356	+0.0001549	+0.0002731	+0.0003891	+0.0004967	+0.0005983	+0.0006952	+0.0007860	+0.0008698	+0.0009459	+0.0010129	+0.0010738	+0.0011291	+0.0011814	+0.0012335	+0.0012799
2013-07	-0.006	-0.0006085	-0.0005062	-0.0003936	-0.0002721	-0.0001691	-0.0000711	+0.0000342	+0.0001409	+0.0002502	+0.0003629	+0.0004684	+0.0005709	+0.0006663	+0.0007598	+0.0008505	+0.0009342	+0.0010109	+0.0010790	+0.0011432	+0.0012033	+0.0012673
2013-08	-0.002	-0.0005651	-0.0004725	-0.0003740	-0.0002672	-0.0001616	-0.0000480	+0.0000706	+0.0001876	+0.0003021	+0.0004173	+0.0005259	+0.0006299	+0.0007278	+0.0008187	+0.0009042	+0.0009830	+0.0010574	+0.0011277	+0.0011923	+0.0012510	+0.0012996
2013-09	0.001	-0.0006000	-0.0005238	-0.0004312	-0.0003187	-0.0002036	-0.0000987	+0.0000147	+0.0001321	+0.0002501	+0.0003652	+0.0004742	+0.0005784	+0.0006788	+0.0007688	+0.0008509	+0.0009317	+0.0010059	+0.0010716	+0.0011369	+0.0012036	+0.0012590
2013-10	0.011	-0.0006398	-0.0005289	-0.0004141	-0.0002883	-0.0001791	-0.0000692	+0.0000442	+0.0001621	+0.0002765	+0.0003847	+0.0004866	+0.0005848	+0.0006780	+0.0007705	+0.0008527	+0.0009313	+0.0010048	+0.0010772	+0.0011466	+0.0012130	+0.0012714
2013-11	0.034	-0.0004991	-0.0004110	-0.0003282	-0.0002339	-0.0001366	-0.0000325	+0.0000698	+0.0001722	+0.0002736	+0.0003763	+0.0004747	+0.0005693	+0.0006580	+0.0007438	+0.0008257	+0.0009065	+0.0009788	+0.0010445	+0.0011012	+0.0011576	+0.0012037
2013-12	0.018	-0.0005051	-0.0004248	-0.0003376	-0.0002326	-0.0001174	-0.0000068	+0.0001033	+0.0002262	+0.0003422	+0.0004515	+0.0005557	+0.0006561	+0.0007469	+0.0008327	+0.0009117	+0.0009851	+0.0010494	+0.0011072	+0.0011628	+0.0012150	+0.0012672
2014-01	-0.011	-0.0005945	-0.0004907	-0.0003684	-0.0002534	-0.0001313	-0.0000069	+0.0001223	+0.0002548	+0.0003843	+0.0005042	+0.0006146	+0.0007187	+0.0008137	+0.0008989	+0.0009812	+0.0010569	+0.0011290	+0.0011943	+0.0012595	+0.0013117	+0.0013595
2014-02	-0.005	-0.0006163	-0.0005061	-0.0003881	-0.0002636	-0.0001450	-0.0000262	+0.0000982	+0.0002297	+0.0003589	+0.0004775	+0.0005910	+0.0006951	+0.0007903	+0.0008807	+0.0009634	+0.0010375	+0.0011047	+0.0011660	+0.0012232	+0.0012774	+0.0013279
2014-03	0.005	-0.0005866	-0.0004904	-0.0003864	-0.0002795	-0.0001792	-0.0000733	+0.0000370	+0.0001436	+0.0002508	+0.0003589	+0.0004643	+0.0005602	+0.0006490	+0.0007357	+0.0008152	+0.0008858	+0.0009511	+0.0010144	+0.0010746	+0.0011323	+0.0011893
2014-04	-0.000	-0.0004753	-0.0003996	-0.0003202	-0.0002258	-0.0001377	-0.0000434	+0.0000542	+0.0001572	+0.0002576	+0.0003584	+0.0004557	+0.0005515	+0.0006415	+0.0007260	+0.0008026	+0.0008731	+0.0009357	+0.0009999	+0.0010595	+0.0011202	+0.0011771
2014-05	0.000	-0.0005610	-0.0004743	-0.0003764	-0.0002621	-0.0001514	-0.0000461	+0.0000635	+0.0001719	+0.0002800	+0.0003871	+0.0004940	+0.0005924	+0.0006821	+0.0007657	+0.0008442	+0.0009184	+0.0009883	+0.0010544	+0.0011181	+0.0011794	+0.0012405
2014-06	-0.005	-0.0005258	-0.0004322	-0.0003341	-0.0002395	-0.0001346	-0.0000289	+0.0000787	+0.0001839	+0.0002925	+0.0003990	+0.0004972	+0.0005937	+0.0006848	+0.0007697	+0.0008487	+0.0009239	+0.0009941	+0.0010561	+0.0011124	+0.0011653	+0.0012160
2014-07	0.011	-0.0005565	-0.0004617	-0.0003729	-0.0002704	-0.0001694	-0.0000623	+0.0000538	+0.0001668	+0.0002698	+0.0003700	+0.0004678	+0.0005655	+0.0006595	+0.0007483	+0.0008329	+0.0009113	+0.0009820	+0.0010473	+0.0011088	+0.0011647	+0.0012213
2014-08	0.017	-0.0005326	-0.0004402	-0.0003506	-0.0002568	-0.0001509	-0.0000376	+0.0000716	+0.0001794	+0.0002882	+0.0003956	+0.0004998	+0.0005981	+0.0006890	+0.0007773	+0.0008584	+0.0009305	+0.0009983	+0.0010607	+0.0011234	+0.0011790	+0.0012339
2014-09	0.045	-0.0005916	-0.0004732	-0.0003694	-0.0002673	-0.0001511	-0.0000349	+0.0000943	+0.0002207	+0.0003392	+0.0004497	+0.0005547	+0.0006545	+0.0007471	+0.0008323	+0.0009133	+0.0009863	+0.0010521	+0.0011198	+0.0011810	+0.0012491	+0.0013134
2014-10	0.007	-0.0006457	-0.0005003	-0.0003372	-0.0002103	-0.0000920	+0.0000272	+0.0001609	+0.0003110	+0.0004473	+0.0005690	+0.0006765	+0.0007743	+0.0008648	+0.0009485	+0.0010301	+0.0011035	+0.0011719	+0.0012336	+0.0012899	+0.0013443	+0.0014028
2014-11	0.075	-0.0006012	-0.0004975	-0.0003756	-0.0002328	-0.0001089	+0.0000214	+0.0001583	+0.0002913	+0.0004100	+0.0005244	+0.0006296	+0.0007290	+0.0008216	+0.0009105	+0.0009935	+0.0010698	+0.0011397	+0.0012017	+0.0012659	+0.0013306	+0.0013843
2014-12	0.019	-0.0007584	-0.0006032	-0.0004425	-0.0002962	-0.0001556	-0.0000038	+0.0001542	+0.0003319	+0.0004857	+0.0006172	+0.0007358	+0.0008486	+0.0009555	+0.0010546	+0.0011443	+0.0012248	+0.0012963	+0.0013611	+0.0014229	+0.0014765	+0.0015355
2015-01	-0.002	-0.0007285	-0.0005439	-0.0003941	-0.0002683	-0.0001422	-0.0000119	+0.0001364	+0.0002805	+0.0004117	+0.0005334	+0.0006481	+0.0007576	+0.0008568	+0.0009466	+0.0010300	+0.0011123	+0.0011888	+0.0012570	+0.0013189	+0.0013806	+0.0014405
2015-02	-0.004	-0.0006629	-0.0005452	-0.0004346	-0.0003329	-0.0002145	-0.0000954	+0.0000219	+0.0001479	+0.0002786	+0.0003990	+0.0005160	+0.0006232	+0.0007236	+0.0008171	+0.0009055	+0.0009821	+0.0010521	+0.0011214	+0.0011868	+0.0012437	+0.0012972
