2013-01	0.043	-0.0004320	-0.0003747	-0.0003114	-0.0002484	-0.0001843	-0.0001153	-0.0000412	+0.0000377	+0.0001235	+0.0002088	+0.0002951	+0.0003761	+0.0004543	+0.0005279	+0.0005976	+0.0006643	+0.0007259	+0.0007799	+0.0008315	+0.0008791	+0.0009262
2013-02	0.018	-0.0004188	-0.0003429	-0.0002735	-0.0001999	-0.0001209	-0.0000310	+0.0000629	+0.0001589	+0.0002564	+0.0003506	+0.0004447	+0.0005339	+0.0006185	+0.0006938	+0.0007643	+0.0008302	+0.0008893	+0.0009467	+0.0010022	+0.0010545	+0.0011047
2013-03	0.017	-0.0005342	-0.0004462	-0.0003411	-0.0002486	-0.0001468	-0.0000371	+0.0000748	+0.0001878	+0.0002964	+0.0004022	+0.0005001	+0.0005882	+0.0006699	+0.0007488	+0.0008230	+0.0008925	+0.0009549	+0.0010142	+0.0010658	+0.0011143	+0.0011583
2013-04	0.049	-0.0004978	-0.0004075	-0.0003323	-0.0002532	-0.0001610	-0.0000579	+0.0000576	+0.0001673	+0.0002670	+0.0003616	+0.0004517	+0.0005384	+0.0006209	+0.0006959	+0.0007637	+0.0008294	+0.0008900	+0.0009478	+0.0010007	+0.0010500	+0.0010955
2013-05	0.017	-0.0006364	-0.0005117	-0.0003901	-0.0002601	-0.0001286	-0.0000035	+0.0001450	+0.0002966	+0.0004296	+0.0005465	+0.0006504	+0.0007487	+0.0008425	+0.0009272	+0.0010061	+0.0010791	+0.0011535	+0.0012192	+0.0012784	+0.0013348	+0.0013899
2013-06	-0.049	-0.0005274	-0.0003998	-0.0002965	-0.0001857	-0.0000730	+0.0000497	+0.0001850	+0.0003241	+0.0004476	+0.0005613	+0.0006680	+0.0007698	+0.0008642	+0.0009513	+0.0010295	+0.0010978	+0.0011632	+0.0012247	+0.0012816	+0.0013341	+0.0013829
2013-07	-0.001	-0.0006397	-0.0005341	-0.0004130	-0.0002882	-0.0001772	-0.0000651	+0.0000500	+0.0001628	+0.0002801	+0.0004002	+0.0005163	+0.0006239	+0.0007244	+0.0008214	+0.0009156	+0.0010052	+0.0010853	+0.0011599	+0.0012306	+0.0012941	+0.0013494
2013-08	-0.002	-0.0005827	-0.0004939	-0.0003876	-0.0002700	-0.0001512	-0.0000286	+0.0000990	+0.0002259	+0.0003541	+0.0004769	+0.0005944	+0.0007044	+0.0008085	+0.0009048	+0.0009954	+0.0010787	+0.0011549	+0.0012243	+0.0012872	+0.0013466	+0.0013998
2013-09	0.001	-0.0006698	-0.0005675	-0.0004472	-0.0003166	-0.0001878	-0.0000582	+0.0000805	+0.0002150	+0.0003522	+0.0004798	+0.0005999	+0.0007111	+0.0008137	+0.0009067	+0.0009927	+0.0010755	+0.0011511	+0.0012207	+0.0012834	+0.0013424	+0.0014051
2013-10	0.015	-0.0007260	-0.0005659	-0.0004122	-0.0002763	-0.0001488	-0.0000231	+0.0001225	+0.0002744	+0.0004123	+0.0005373	+0.0006494	+0.0007529	+0.0008510	+0.0009441	+0.0010303	+0.0011070	+0.0011807	+0.0012534	+0.0013260	+0.0013956	+0.0014557
2013-11	0.034	-0.0005432	-0.0004298	-0.0003285	-0.0002176	-0.0001025	+0.0000208	+0.0001443	+0.0002681	+0.0003903	+0.0005027	+0.0006102	+0.0007097	+0.0008030	+0.0008943	+0.0009808	+0.0010628	+0.0011371	+0.0012057	+0.0012658	+0.0013212	+0.0013688
2013-12	0.021	-0.0005710	-0.0004642	-0.0003465	-0.0002242	-0.0000927	+0.0000395	+0.0001812	+0.0003385	+0.0004786	+0.0006030	+0.0007146	+0.0008198	+0.0009169	+0.0010058	+0.0010877	+0.0011640	+0.0012286	+0.0012862	+0.0013432	+0.0013973	+0.0014521
2014-01	-0.008	-0.0006718	-0.0005505	-0.0004010	-0.0002558	-0.0001163	+0.0000303	+0.0001860	+0.0003528	+0.0005178	+0.0006544	+0.0007753	+0.0008804	+0.0009795	+0.0010717	+0.0011567	+0.0012346	+0.0013096	+0.0013811	+0.0014486	+0.0015046	+0.0015545
2014-02	-0.001	-0.0007149	-0.0005809	-0.0004344	-0.0002823	-0.0001440	-0.0000045	+0.0001446	+0.0003144	+0.0004772	+0.0006107	+0.0007342	+0.0008431	+0.0009407	+0.0010334	+0.0011181	+0.0011953	+0.0012645	+0.0013303	+0.0013923	+0.0014515	+0.0015015
2014-03	0.008	-0.0006440	-0.0005357	-0.0004107	-0.0002852	-0.0001651	-0.0000395	+0.0000961	+0.0002279	+0.0003535	+0.0004765	+0.0005910	+0.0006940	+0.0007888	+0.0008781	+0.0009595	+0.0010301	+0.0010976	+0.0011635	+0.0012278	+0.0012885	+0.0013518
2014-04	0.004	-0.0005234	-0.0004237	-0.0003309	-0.0002165	-0.0001064	+0.0000058	+0.0001256	+0.0002445	+0.0003621	+0.0004732	+0.0005765	+0.0006790	+0.0007743	+0.0008612	+0.0009415	+0.0010147	+0.0010800	+0.0011430	+0.0012009	+0.0012566	+0.0013135
2014-05	0.004	-0.0006154	-0.0005163	-0.0003934	-0.0002570	-0.0001309	-0.0000007	+0.0001341	+0.0002725	+0.0003954	+0.0005136	+0.0006285	+0.0007329	+0.0008254	+0.0009134	+0.0009935	+0.0010708	+0.0011433	+0.0012097	+0.0012721	+0.0013325	+0.0013972
2014-06	-0.001	-0.0006141	-0.0004828	-0.0003401	-0.0002244	-0.0000988	+0.0000329	+0.0001752	+0.0003146	+0.0004433	+0.0005681	+0.0006758	+0.0007755	+0.0008704	+0.0009590	+0.0010413	+0.0011152	+0.0011846	+0.0012467	+0.0013053	+0.0013568	+0.0014076
2014-07	0.011	-0.0006373	-0.0005069	-0.0003711	-0.0002648	-0.0001396	-0.0000101	+0.0001378	+0.0002884	+0.0004147	+0.0005271	+0.0006339	+0.0007375	+0.0008339	+0.0009250	+0.0010110	+0.0010904	+0.0011610	+0.0012280	+0.0012906	+0.0013506	+0.0014065
2014-08	0.017	-0.0006174	-0.0004993	-0.0003697	-0.0002450	-0.0001274	-0.0000002	+0.0001439	+0.0002826	+0.0004088	+0.0005288	+0.0006394	+0.0007430	+0.0008394	+0.0009312	+0.0010153	+0.0010888	+0.0011572	+0.0012239	+0.0012848	+0.0013464	+0.0014021
2014-09	0.043	-0.0006833	-0.0005307	-0.0003944	-0.0002731	-0.0001418	-0.0000115	+0.0001430	+0.0003003	+0.0004459	+0.0005701	+0.0006812	+0.0007853	+0.0008819	+0.0009699	+0.0010523	+0.0011253	+0.0011973	+0.0012622	+0.0013230	+0.0013881	+0.0014576
2014-10	0.005	-0.0007117	-0.0005457	-0.0003606	-0.0002115	-0.0000845	+0.0000446	+0.0002007	+0.0003772	+0.0005398	+0.0006701	+0.0007820	+0.0008829	+0.0009759	+0.0010620	+0.0011446	+0.0012207	+0.0012899	+0.0013515	+0.0014063	+0.0014664	+0.0015282
2014-11	0.075	-0.0006563	-0.0005374	-0.0003998	-0.0002341	-0.0001045	+0.0000342	+0.0001914	+0.0003417	+0.0004739	+0.0005955	+0.0007056	+0.0008084	+0.0009029	+0.0009953	+0.0010796	+0.0011574	+0.0012268	+0.0012911	+0.0013580	+0.0014218	+0.0014806
2014-12	0.018	-0.0008139	-0.0006402	-0.0004599	-0.0002944	-0.0001503	+0.0000078	+0.0001812	+0.0003791	+0.0005506	+0.0006888	+0.0008145	+0.0009305	+0.0010381	+0.0011387	+0.0012293	+0.0013120	+0.0013831	+0.0014491	+0.0015132	+0.0015710	+0.0016274
2015-01	-0.001	-0.0007661	-0.0005711	-0.0004113	-0.0002736	-0.0001386	-0.0000050	+0.0001546	+0.0003133	+0.0004593	+0.0005897	+0.0007077	+0.0008197	+0.0009200	+0.0010113	+0.0010962	+0.0011781	+0.0012572	+0.0013259	+0.0013870	+0.0014482	+0.0015050
2015-02	-0.004	-0.0006967	-0.0005619	-0.0004438	-0.0003350	-0.0002105	-0.0000825	+0.0000441	+0.0001880	+0.0003277	+0.0004548	+0.0005756	+0.0006845	+0.0007881	+0.0008839	+0.0009735	+0.0010504	+0.0011202	+0.0011903	+0.0012540	+0.0013104	+0.0013638
