2013-01	0.077	-0.0011296	-0.0010348	-0.0009321	-0.0008211	-0.0007038	-0.0005768	-0.0004386	-0.0002900	-0.0001312	+0.0000366	+0.0002051	+0.0003677	+0.0005290	+0.0006783	+0.0008193	+0.0009477	+0.0010713	+0.0011894	+0.0013069	+0.0014154	+0.0015181
2013-02	0.030	-0.0010836	-0.0009715	-0.0008512	-0.0007265	-0.0005946	-0.0004604	-0.0003135	-0.0001537	+0.0000103	+0.0001818	+0.0003518	+0.0005231	+0.0006880	+0.0008448	+0.0009931	+0.0011354	+0.0012628	+0.0013798	+0.0014950	+0.0015959	+0.0016813
2013-03	0.051	-0.0010962	-0.0009751	-0.0008436	-0.0007101	-0.0005713	-0.0004163	-0.0002520	-0.0000756	+0.0001055	+0.0002889	+0.0004744	+0.0006545	+0.0008289	+0.0009916	+0.0011376	+0.0012737	+0.0014049	+0.0015243	+0.0016400	+0.0017540	+0.0018664
2013-04	0.063	-0.0010607	-0.0009165	-0.0007689	-0.0006134	-0.0004617	-0.0003035	-0.0001512	+0.0000127	+0.0001837	+0.0003493	+0.0005170	+0.0006880	+0.0008508	+0.0010068	+0.0011546	+0.0012882	+0.0014088	+0.0015261	+0.0016344	+0.0017339	+0.0018252
2013-05	-0.011	-0.0009138	-0.0007608	-0.0006072	-0.0004580	-0.0003059	-0.0001466	+0.0000190	+0.0002003	+0.0003853	+0.0005649	+0.0007442	+0.0009158	+0.0010799	+0.0012302	+0.0013699	+0.0014975	+0.0016199	+0.0017424	+0.0018557	+0.0019638	+0.0020705
2013-06	-0.075	-0.0009078	-0.0007692	-0.0006167	-0.0004484	-0.0002997	-0.0001495	+0.0000099	+0.0001800	+0.0003593	+0.0005483	+0.0007388	+0.0009256	+0.0011008	+0.0012679	+0.0014168	+0.0015482	+0.0016678	+0.0017805	+0.0018915	+0.0019877	+0.0020831
2013-07	0.008	-0.0010499	-0.0009327	-0.0008064	-0.0006798	-0.0005339	-0.0003795	-0.0002123	-0.0000427	+0.0001358	+0.0003216	+0.0005095	+0.0006936	+0.0008691	+0.0010335	+0.0011875	+0.0013283	+0.0014550	+0.0015684	+0.0016781	+0.0017835	+0.0018765
2013-08	-0.019	-0.0009705	-0.0008288	-0.0006888	-0.0005462	-0.0003951	-0.0002236	-0.0000573	+0.0001185	+0.0003019	+0.0004914	+0.0006851	+0.0008770	+0.0010619	+0.0012325	+0.0013908	+0.0015362	+0.0016646	+0.0017781	+0.0018758	+0.0019600	+0.0020373
2013-09	0.062	-0.0010611	-0.0008964	-0.0007237	-0.0005432	-0.0003654	-0.0001861	-0.0000007	+0.0001888	+0.0003791	+0.0005665	+0.0007582	+0.0009457	+0.0011175	+0.0012741	+0.0014213	+0.0015601	+0.0016941	+0.0018121	+0.0019299	+0.0020546	+0.0021585
2013-10	0.029	-0.0011710	-0.0009280	-0.0006568	-0.0004059	-0.0001722	+0.0000776	+0.0003218	+0.0005926	+0.0008442	+0.0010627	+0.0012510	+0.0014252	+0.0015873	+0.0017372	+0.0018717	+0.0019939	+0.0021127	+0.0022302	+0.0023439	+0.0024450	+0.0025386
2013-11	0.022	-0.0008224	-0.0006443	-0.0004559	-0.0002579	-0.0000742	+0.0001075	+0.0003133	+0.0005241	+0.0007176	+0.0009012	+0.0010708	+0.0012234	+0.0013671	+0.0015058	+0.0016391	+0.0017574	+0.0018632	+0.0019651	+0.0020574	+0.0021421	+0.0022304
2013-12	0.030	-0.0009527	-0.0007288	-0.0004865	-0.0002989	-0.0001250	+0.0000743	+0.0003023	+0.0005610	+0.0007846	+0.0009792	+0.0011522	+0.0013124	+0.0014549	+0.0015815	+0.0016998	+0.0018077	+0.0019097	+0.0020117	+0.0021008	+0.0021838	+0.0022580
2014-01	-0.031	-0.0010466	-0.0008449	-0.0006147	-0.0004010	-0.0001791	+0.0000469	+0.0003012	+0.0005772	+0.0008358	+0.0010500	+0.0012292	+0.0013852	+0.0015313	+0.0016633	+0.0017874	+0.0018935	+0.0019901	+0.0020790	+0.0021632	+0.0022373	+0.0023038
2014-02	0.015	-0.0011835	-0.0009670	-0.0007367	-0.0004827	-0.0002682	-0.0000570	+0.0001726	+0.0004393	+0.0006939	+0.0009014	+0.0010777	+0.0012345	+0.0013788	+0.0015070	+0.0016297	+0.0017425	+0.0018490	+0.0019455	+0.0020293	+0.0021116	+0.0021869
2014-03	0.013	-0.0009663	-0.0007901	-0.0006029	-0.0004132	-0.0002329	-0.0000436	+0.0001676	+0.0003681	+0.0005623	+0.0007495	+0.0009213	+0.0010764	+0.0012201	+0.0013531	+0.0014698	+0.0015698	+0.0016609	+0.0017518	+0.0018379	+0.0019202	+0.0019991
2014-04	0.006	-0.0007707	-0.0006445	-0.0004986	-0.0003314	-0.0001504	+0.0000274	+0.0002056	+0.0003909	+0.0005725	+0.0007436	+0.0009033	+0.0010548	+0.0012030	+0.0013380	+0.0014604	+0.0015713	+0.0016740	+0.0017633	+0.0018411	+0.0019137	+0.0019753
2014-05	0.014	-0.0009575	-0.0007621	-0.0005786	-0.0003822	-0.0001735	+0.0000353	+0.0002446	+0.0004403	+0.0006265	+0.0008103	+0.0009835	+0.0011438	+0.0012872	+0.0014207	+0.0015439	+0.0016530	+0.0017536	+0.0018483	+0.0019313	+0.0020056	+0.0020811
2014-06	0.017	-0.0009837	-0.0007937	-0.0005266	-0.0003053	-0.0000905	+0.0001159	+0.0003566	+0.0006127	+0.0008390	+0.0010251	+0.0011912	+0.0013427	+0.0014832	+0.0016105	+0.0017271	+0.0018312	+0.0019271	+0.0020179	+0.0021018	+0.0021898	+0.0022705
2014-07	0.028	-0.0010165	-0.0008017	-0.0005884	-0.0003809	-0.0001828	+0.0000225	+0.0002578	+0.0005111	+0.0007374	+0.0009223	+0.0010833	+0.0012339	+0.0013704	+0.0014957	+0.0016105	+0.0017170	+0.0018175	+0.0019106	+0.0019953	+0.0020735	+0.0021524
2014-08	0.022	-0.0009898	-0.0007870	-0.0005427	-0.0003371	-0.0001457	+0.0000571	+0.0002950	+0.0005433	+0.0007515	+0.0009435	+0.0011113	+0.0012627	+0.0014000	+0.0015230	+0.0016330	+0.0017361	+0.0018349	+0.0019249	+0.0020067	+0.0020839	+0.0021617
2014-09	0.011	-0.0010862	-0.0008863	-0.0005990	-0.0003727	-0.0001809	+0.0000227	+0.0002540	+0.0005386	+0.0007969	+0.0010021	+0.0011705	+0.0013167	+0.0014573	+0.0015824	+0.0016997	+0.0018064	+0.0019049	+0.0019977	+0.0020753	+0.0021530	+0.0022347
2014-10	0.010	-0.0009822	-0.0007709	-0.0005471	-0.0003399	-0.0001451	+0.0000479	+0.0002746	+0.0005405	+0.0007835	+0.0009705	+0.0011286	+0.0012743	+0.0014106	+0.0015348	+0.0016491	+0.0017509	+0.0018469	+0.0019374	+0.0020212	+0.0020982	+0.0021779
2014-11	0.076	-0.0009824	-0.0007722	-0.0005421	-0.0003382	-0.0001556	+0.0000354	+0.0002479	+0.0004692	+0.0006570	+0.0008319	+0.0009933	+0.0011453	+0.0012858	+0.0014198	+0.0015431	+0.0016535	+0.0017577	+0.0018522	+0.0019439	+0.0020318	+0.0021130
2014-12	0.012	-0.0011319	-0.0009016	-0.0006386	-0.0004042	-0.0002078	-0.0000104	+0.0002179	+0.0004850	+0.0007290	+0.0009267	+0.0011041	+0.0012733	+0.0014268	+0.0015621	+0.0016864	+0.0018045	+0.0019080	+0.0019996	+0.0020837	+0.0021675	+0.0022375
2015-01	-0.011	-0.0009815	-0.0007268	-0.0005524	-0.0003685	-0.0001867	-0.0000205	+0.0001697	+0.0003770	+0.0005685	+0.0007462	+0.0009116	+0.0010705	+0.0012176	+0.0013494	+0.0014686	+0.0015781	+0.0016770	+0.0017677	+0.0018536	+0.0019285	+0.0020012
2015-02	-0.005	-0.0009805	-0.0008043	-0.0006226	-0.0004654	-0.0003133	-0.0001467	+0.0000401	+0.0002342	+0.0004204	+0.0005870	+0.0007424	+0.0009023	+0.0010550	+0.0011891	+0.0013110	+0.0014226	+0.0015248	+0.0016234	+0.0017126	+0.0017861	+0.0018508
