2013-01	0.114	-0.0019807	-0.0018814	-0.0017620	-0.0016304	-0.0014930	-0.0013368	-0.0011736	-0.0009929	-0.0007987	-0.0006007	-0.0003980	-0.0002012	-0.0000090	+0.0001732	+0.0003485	+0.0005149	+0.0006695	+0.0008125	+0.0009381	+0.0010633	+0.0011861
2013-02	-0.019	-0.0015763	-0.0014565	-0.0013324	-0.0012119	-0.0010860	-0.0009434	-0.0007816	-0.0006027	-0.0004175	-0.0002220	-0.0000227	+0.0001764	+0.0003765	+0.0005676	+0.0007452	+0.0009038	+0.0010558	+0.0012045	+0.0013315	+0.0014481	+0.0015645
2013-03	-0.008	-0.0016094	-0.0015020	-0.0013860	-0.0012573	-0.0011224	-0.0009752	-0.0008215	-0.0006498	-0.0004643	-0.0002690	-0.0000662	+0.0001397	+0.0003403	+0.0005228	+0.0006950	+0.0008588	+0.0010111	+0.0011532	+0.0012848	+0.0014182	+0.0015538
2013-04	0.054	-0.0017830	-0.0016432	-0.0015030	-0.0013711	-0.0012249	-0.0010706	-0.0009099	-0.0007375	-0.0005564	-0.0003697	-0.0001751	+0.0000220	+0.0002116	+0.0003907	+0.0005624	+0.0007310	+0.0008824	+0.0010293	+0.0011693	+0.0012974	+0.0014090
2013-05	0.086	-0.0014261	-0.0013140	-0.0011976	-0.0010683	-0.0009280	-0.0007761	-0.0006206	-0.0004561	-0.0002748	-0.0000880	+0.0001011	+0.0002898	+0.0004784	+0.0006706	+0.0008510	+0.0010185	+0.0011772	+0.0013256	+0.0014707	+0.0016051	+0.0017226
2013-06	-0.171	-0.0013100	-0.0011920	-0.0010710	-0.0009475	-0.0008132	-0.0006605	-0.0004894	-0.0003052	-0.0001126	+0.0000843	+0.0002815	+0.0004819	+0.0006833	+0.0008765	+0.0010544	+0.0012189	+0.0013673	+0.0015042	+0.0016399	+0.0017616	+0.0018788
2013-07	0.024	-0.0017888	-0.0016663	-0.0015379	-0.0014033	-0.0012630	-0.0011096	-0.0009386	-0.0007433	-0.0005410	-0.0003268	-0.0001094	+0.0001020	+0.0003033	+0.0004931	+0.0006745	+0.0008505	+0.0010164	+0.0011691	+0.0013009	+0.0014193	+0.0015252
2013-08	0.019	-0.0015481	-0.0014347	-0.0013123	-0.0011895	-0.0010503	-0.0008878	-0.0007157	-0.0005280	-0.0003282	-0.0001213	+0.0000907	+0.0002991	+0.0005029	+0.0006923	+0.0008696	+0.0010360	+0.0011923	+0.0013339	+0.0014677	+0.0015971	+0.0017212
2013-09	0.062	-0.0014221	-0.0013105	-0.0011869	-0.0010518	-0.0009005	-0.0007345	-0.0005626	-0.0003792	-0.0001843	+0.0000267	+0.0002427	+0.0004557	+0.0006588	+0.0008524	+0.0010382	+0.0012136	+0.0013691	+0.0015117	+0.0016518	+0.0017826	+0.0018968
2013-10	0.039	-0.0012755	-0.0011220	-0.0009639	-0.0008022	-0.0006340	-0.0004442	-0.0002492	-0.0000432	+0.0001659	+0.0003794	+0.0005950	+0.0008066	+0.0010135	+0.0012093	+0.0013915	+0.0015558	+0.0017141	+0.0018608	+0.0019994	+0.0021177	+0.0022337
2013-11	0.023	-0.0011550	-0.0010226	-0.0008872	-0.0007539	-0.0006123	-0.0004554	-0.0002832	-0.0000993	+0.0000934	+0.0002907	+0.0004935	+0.0006995	+0.0008937	+0.0010776	+0.0012507	+0.0014140	+0.0015635	+0.0016987	+0.0018290	+0.0019537	+0.0020794
2013-12	0.033	-0.0010800	-0.0009397	-0.0007957	-0.0006356	-0.0004689	-0.0002947	-0.0001020	+0.0000999	+0.0003167	+0.0005398	+0.0007525	+0.0009576	+0.0011545	+0.0013413	+0.0015144	+0.0016742	+0.0018173	+0.0019505	+0.0020757	+0.0022013	+0.0023313
2014-01	-0.101	-0.0011999	-0.0010061	-0.0008084	-0.0006103	-0.0004118	-0.0002032	+0.0000148	+0.0002434	+0.0004705	+0.0006986	+0.0009219	+0.0011379	+0.0013441	+0.0015342	+0.0017119	+0.0018731	+0.0020161	+0.0021519	+0.0022760	+0.0023853	+0.0024858
2014-02	0.040	-0.0013041	-0.0011421	-0.0009654	-0.0007897	-0.0006034	-0.0004048	-0.0002007	+0.0000115	+0.0002265	+0.0004522	+0.0006744	+0.0008915	+0.0010965	+0.0012800	+0.0014517	+0.0016103	+0.0017585	+0.0018982	+0.0020332	+0.0021675	+0.0022885
2014-03	0.006	-0.0012510	-0.0011156	-0.0009692	-0.0008191	-0.0006623	-0.0004974	-0.0003204	-0.0001385	+0.0000517	+0.0002532	+0.0004599	+0.0006623	+0.0008553	+0.0010355	+0.0012034	+0.0013525	+0.0014910	+0.0016228	+0.0017419	+0.0018583	+0.0019737
2014-04	0.003	-0.0011643	-0.0010310	-0.0008899	-0.0007374	-0.0005744	-0.0004085	-0.0002325	-0.0000549	+0.0001406	+0.0003418	+0.0005357	+0.0007287	+0.0009185	+0.0010962	+0.0012613	+0.0014202	+0.0015673	+0.0016979	+0.0018175	+0.0019583	+0.0020900
2014-05	0.023	-0.0011868	-0.0010405	-0.0008991	-0.0007473	-0.0005842	-0.0004243	-0.0002476	-0.0000653	+0.0001345	+0.0003386	+0.0005427	+0.0007510	+0.0009493	+0.0011333	+0.0013101	+0.0014698	+0.0016139	+0.0017551	+0.0018927	+0.0020091	+0.0021059
2014-06	0.025	-0.0011075	-0.0009562	-0.0007783	-0.0006229	-0.0004663	-0.0002898	-0.0000940	+0.0001172	+0.0003403	+0.0005598	+0.0007753	+0.0009853	+0.0011796	+0.0013595	+0.0015252	+0.0016872	+0.0018378	+0.0019777	+0.0021043	+0.0022220	+0.0023352
2014-07	0.049	-0.0012554	-0.0010871	-0.0008892	-0.0007061	-0.0005168	-0.0003183	-0.0001024	+0.0001108	+0.0003300	+0.0005542	+0.0007767	+0.0009926	+0.0012023	+0.0013947	+0.0015741	+0.0017416	+0.0018976	+0.0020411	+0.0021814	+0.0023078	+0.0024183
2014-08	0.035	-0.0012050	-0.0010101	-0.0008059	-0.0005787	-0.0003589	-0.0001544	+0.0000627	+0.0002913	+0.0005263	+0.0007558	+0.0009873	+0.0012065	+0.0014125	+0.0016078	+0.0017804	+0.0019295	+0.0020707	+0.0022050	+0.0023345	+0.0024589	+0.0025638
2014-09	0.008	-0.0014632	-0.0012426	-0.0009521	-0.0006493	-0.0003695	-0.0001168	+0.0001498	+0.0004283	+0.0006981	+0.0009418	+0.0011702	+0.0013825	+0.0015839	+0.0017707	+0.0019476	+0.0021051	+0.0022488	+0.0023830	+0.0025005	+0.0026167	+0.0027175
2014-10	0.006	-0.0012222	-0.0010031	-0.0007996	-0.0005775	-0.0003351	-0.0000909	+0.0001627	+0.0004260	+0.0006814	+0.0009174	+0.0011404	+0.0013522	+0.0015493	+0.0017293	+0.0019041	+0.0020690	+0.0022185	+0.0023615	+0.0024938	+0.0026121	+0.0027369
2014-11	0.196	-0.0012093	-0.0010085	-0.0008033	-0.0006044	-0.0003959	-0.0001777	+0.0000495	+0.0002864	+0.0005233	+0.0007530	+0.0009742	+0.0011843	+0.0013846	+0.0015666	+0.0017308	+0.0018851	+0.0020394	+0.0021800	+0.0023187	+0.0024543	+0.0025741
2014-12	-0.007	-0.0015009	-0.0012372	-0.0009518	-0.0006565	-0.0003390	-0.0000280	+0.0002892	+0.0006108	+0.0009122	+0.0011978	+0.0014617	+0.0017145	+0.0019480	+0.0021593	+0.0023597	+0.0025489	+0.0027241	+0.0028744	+0.0030149	+0.0031415	+0.0032640
2015-01	0.015	-0.0012956	-0.0010655	-0.0008525	-0.0006464	-0.0004374	-0.0002082	+0.0000306	+0.0002782	+0.0005287	+0.0007799	+0.0010287	+0.0012605	+0.0014801	+0.0016899	+0.0018848	+0.0020595	+0.0022179	+0.0023711	+0.0025168	+0.0026588	+0.0027921
2015-02	-0.018	-0.0013615	-0.0011651	-0.0009696	-0.0007615	-0.0005394	-0.0003129	-0.0000859	+0.0001556	+0.0003899	+0.0006269	+0.0008689	+0.0011126	+0.0013382	+0.0015481	+0.0017456	+0.0019230	+0.0020842	+0.0022414	+0.0023803	+0.0025085	+0.0026343
