2014-04	0.004	-0.0008166	-0.0006747	-0.0005243	-0.0003707	-0.0002024	-0.0000349	+0.0001439	+0.0003094	+0.0004626	+0.0006164	+0.0007645	+0.0009062	+0.0010363	+0.0011550	+0.0012638	+0.0013649	+0.0014572	+0.0015456	+0.0016251	+0.0016956	+0.0017557
2014-05	0.015	-0.0008343	-0.0006815	-0.0005159	-0.0003595	-0.0001929	-0.0000153	+0.0001553	+0.0003203	+0.0004799	+0.0006322	+0.0007838	+0.0009249	+0.0010536	+0.0011720	+0.0012790	+0.0013752	+0.0014665	+0.0015504	+0.0016255	+0.0016980	+0.0017697
2014-06	0.009	-0.0008298	-0.0006218	-0.0004409	-0.0002766	-0.0000948	+0.0000910	+0.0002848	+0.0004918	+0.0006746	+0.0008352	+0.0009777	+0.0011096	+0.0012361	+0.0013546	+0.0014595	+0.0015523	+0.0016371	+0.0017185	+0.0017908	+0.0018565	+0.0019121
2014-07	0.007	-0.0009141	-0.0006793	-0.0005111	-0.0003493	-0.0001832	-0.0000010	+0.0002044	+0.0004063	+0.0005872	+0.0007476	+0.0008900	+0.0010190	+0.0011443	+0.0012587	+0.0013593	+0.0014521	+0.0015428	+0.0016302	+0.0017138	+0.0017993	+0.0018870
2014-08	0.015	-0.0008273	-0.0006600	-0.0004866	-0.0003215	-0.0001478	+0.0000144	+0.0001994	+0.0003797	+0.0005527	+0.0007107	+0.0008562	+0.0009907	+0.0011194	+0.0012310	+0.0013344	+0.0014303	+0.0015208	+0.0016006	+0.0016800	+0.0017475	+0.0018119
2014-09	0.030	-0.0008966	-0.0006960	-0.0005409	-0.0003730	-0.0002077	-0.0000290	+0.0001674	+0.0003674	+0.0005497	+0.0007091	+0.0008495	+0.0009811	+0.0011043	+0.0012203	+0.0013260	+0.0014204	+0.0015098	+0.0015901	+0.0016629	+0.0017326	+0.0017994
2014-10	0.001	-0.0007995	-0.0006353	-0.0004634	-0.0002886	-0.0001257	+0.0000402	+0.0002315	+0.0004343	+0.0006197	+0.0007757	+0.0009147	+0.0010423	+0.0011605	+0.0012734	+0.0013726	+0.0014615	+0.0015461	+0.0016244	+0.0016986	+0.0017699	+0.0018380
2014-11	0.044	-0.0007862	-0.0006554	-0.0005092	-0.0003449	-0.0001783	-0.0000094	+0.0001588	+0.0003220	+0.0004708	+0.0006148	+0.0007521	+0.0008791	+0.0010033	+0.0011168	+0.0012241	+0.0013217	+0.0014134	+0.0014971	+0.0015724	+0.0016467	+0.0017197
2014-12	0.001	-0.0008612	-0.0006989	-0.0005326	-0.0003777	-0.0002280	-0.0000522	+0.0001213	+0.0003015	+0.0004657	+0.0006264	+0.0007729	+0.0009127	+0.0010455	+0.0011685	+0.0012771	+0.0013781	+0.0014765	+0.0015661	+0.0016525	+0.0017278	+0.0017924
2015-01	-0.036	-0.0007649	-0.0006335	-0.0005123	-0.0003923	-0.0002652	-0.0001405	-0.0000084	+0.0001234	+0.0002605	+0.0003951	+0.0005277	+0.0006552	+0.0007721	+0.0008821	+0.0009859	+0.0010831	+0.0011735	+0.0012579	+0.0013358	+0.0014058	+0.0014725
2015-02	-0.001	-0.0007590	-0.0006725	-0.0005801	-0.0004856	-0.0003888	-0.0002813	-0.0001637	-0.0000469	+0.0000747	+0.0001998	+0.0003294	+0.0004600	+0.0005883	+0.0007073	+0.0008198	+0.0009191	+0.0010087	+0.0010890	+0.0011633	+0.0012288	+0.0012898
