2013-01	0.121	-0.0026500	-0.0024832	-0.0022997	-0.0021084	-0.0019094	-0.0017070	-0.0014995	-0.0012780	-0.0010318	-0.0007742	-0.0004946	-0.0002193	+0.0000420	+0.0002953	+0.0005306	+0.0007522	+0.0009692	+0.0011728	+0.0013577	+0.0015229	+0.0016718
2013-02	-0.041	-0.0021244	-0.0019844	-0.0018234	-0.0016472	-0.0014508	-0.0012558	-0.0010420	-0.0008148	-0.0005788	-0.0003264	-0.0000743	+0.0001812	+0.0004332	+0.0006749	+0.0009020	+0.0011042	+0.0012904	+0.0014661	+0.0016414	+0.0018002	+0.0019710
2013-03	-0.010	-0.0021715	-0.0020297	-0.0018620	-0.0016869	-0.0014948	-0.0012973	-0.0010863	-0.0008687	-0.0006309	-0.0003809	-0.0001234	+0.0001375	+0.0003884	+0.0006241	+0.0008441	+0.0010455	+0.0012368	+0.0014229	+0.0016084	+0.0017792	+0.0019283
2013-04	0.080	-0.0024443	-0.0022854	-0.0021184	-0.0019389	-0.0017538	-0.0015616	-0.0013534	-0.0011346	-0.0008957	-0.0006510	-0.0003896	-0.0001324	+0.0001244	+0.0003694	+0.0006053	+0.0008328	+0.0010408	+0.0012139	+0.0013774	+0.0015214	+0.0016542
2013-05	0.035	-0.0019072	-0.0017569	-0.0016012	-0.0014447	-0.0012782	-0.0011017	-0.0009073	-0.0006877	-0.0004498	-0.0002064	+0.0000456	+0.0002950	+0.0005365	+0.0007630	+0.0009732	+0.0011641	+0.0013486	+0.0015195	+0.0016778	+0.0018188	+0.0019798
2013-06	-0.152	-0.0019242	-0.0017874	-0.0016326	-0.0014630	-0.0012819	-0.0010835	-0.0008764	-0.0006536	-0.0004123	-0.0001555	+0.0000959	+0.0003411	+0.0005838	+0.0008152	+0.0010356	+0.0012316	+0.0014089	+0.0015782	+0.0017346	+0.0018808	+0.0020157
2013-07	0.014	-0.0024178	-0.0022715	-0.0021079	-0.0019265	-0.0017224	-0.0015031	-0.0012777	-0.0010370	-0.0007789	-0.0005284	-0.0002722	-0.0000097	+0.0002474	+0.0004874	+0.0007159	+0.0009143	+0.0010961	+0.0012618	+0.0014168	+0.0015655	+0.0017247
2013-08	-0.154	-0.0019699	-0.0018147	-0.0016622	-0.0014994	-0.0013216	-0.0011349	-0.0009302	-0.0007154	-0.0004786	-0.0002219	+0.0000398	+0.0002971	+0.0005547	+0.0007987	+0.0010269	+0.0012292	+0.0014154	+0.0015884	+0.0017481	+0.0019008	+0.0020343
2013-09	0.130	-0.0021568	-0.0020043	-0.0018430	-0.0016783	-0.0015069	-0.0013185	-0.0011034	-0.0008719	-0.0006177	-0.0003489	-0.0000851	+0.0001725	+0.0004232	+0.0006656	+0.0008937	+0.0011046	+0.0013023	+0.0014910	+0.0016628	+0.0018351	+0.0019950
2013-10	0.086	-0.0018182	-0.0016441	-0.0014544	-0.0012655	-0.0010614	-0.0008430	-0.0006149	-0.0003794	-0.0001301	+0.0001333	+0.0003988	+0.0006639	+0.0009160	+0.0011488	+0.0013708	+0.0015858	+0.0017975	+0.0020056	+0.0021962	+0.0023588	+0.0024973
2013-11	-0.005	-0.0016841	-0.0015423	-0.0013919	-0.0012241	-0.0010320	-0.0008259	-0.0006104	-0.0003837	-0.0001448	+0.0001034	+0.0003640	+0.0006295	+0.0008813	+0.0011245	+0.0013544	+0.0015625	+0.0017533	+0.0019376	+0.0021171	+0.0022765	+0.0024243
2013-12	0.065	-0.0016535	-0.0014880	-0.0012915	-0.0010847	-0.0008799	-0.0006548	-0.0004278	-0.0001950	+0.0000482	+0.0002991	+0.0005543	+0.0008067	+0.0010461	+0.0012768	+0.0015004	+0.0017061	+0.0019020	+0.0020849	+0.0022690	+0.0024293	+0.0025659
2014-01	-0.061	-0.0015517	-0.0013833	-0.0011902	-0.0009788	-0.0007471	-0.0004958	-0.0002450	+0.0000039	+0.0002656	+0.0005391	+0.0008253	+0.0010963	+0.0013498	+0.0015800	+0.0017966	+0.0019967	+0.0021811	+0.0023477	+0.0025019	+0.0026538	+0.0027977
2014-02	0.024	-0.0016762	-0.0014986	-0.0013225	-0.0011477	-0.0009566	-0.0007554	-0.0005387	-0.0003016	-0.0000589	+0.0001929	+0.0004510	+0.0007151	+0.0009664	+0.0012005	+0.0014142	+0.0016118	+0.0017907	+0.0019603	+0.0021261	+0.0022779	+0.0024275
2014-03	0.096	-0.0016274	-0.0014868	-0.0013330	-0.0011698	-0.0009895	-0.0007888	-0.0005703	-0.0003469	-0.0001057	+0.0001394	+0.0003875	+0.0006381	+0.0008773	+0.0011045	+0.0013217	+0.0015116	+0.0016938	+0.0018713	+0.0020403	+0.0021936	+0.0023175
2014-04	-0.005	-0.0014783	-0.0013366	-0.0011803	-0.0010033	-0.0008105	-0.0006083	-0.0003953	-0.0001783	+0.0000563	+0.0003092	+0.0005630	+0.0008171	+0.0010631	+0.0012903	+0.0015004	+0.0016980	+0.0018737	+0.0020301	+0.0021782	+0.0023134	+0.0024353
2014-05	0.087	-0.0013036	-0.0011599	-0.0010063	-0.0008315	-0.0006197	-0.0003929	-0.0001620	+0.0000851	+0.0003455	+0.0006021	+0.0008571	+0.0011014	+0.0013393	+0.0015642	+0.0017827	+0.0019830	+0.0021782	+0.0023557	+0.0025213	+0.0026684	+0.0028048
2014-06	0.016	-0.0014634	-0.0012229	-0.0009664	-0.0007042	-0.0004264	-0.0001371	+0.0001615	+0.0004607	+0.0007453	+0.0010215	+0.0012920	+0.0015511	+0.0018068	+0.0020443	+0.0022612	+0.0024589	+0.0026483	+0.0028250	+0.0029892	+0.0031399	+0.0032716
2014-07	0.051	-0.0014065	-0.0012197	-0.0010087	-0.0007895	-0.0005510	-0.0002902	-0.0000200	+0.0002634	+0.0005502	+0.0008440	+0.0011083	+0.0013648	+0.0016152	+0.0018568	+0.0020793	+0.0022914	+0.0024847	+0.0026543	+0.0028132	+0.0029517	+0.0030828
2014-08	0.027	-0.0015915	-0.0013169	-0.0010253	-0.0007237	-0.0004524	-0.0001836	+0.0000970	+0.0003864	+0.0006648	+0.0009444	+0.0012124	+0.0014663	+0.0017050	+0.0019397	+0.0021540	+0.0023579	+0.0025343	+0.0027019	+0.0028521	+0.0029983	+0.0031425
2014-09	0.042	-0.0015843	-0.0013433	-0.0010536	-0.0007588	-0.0004400	-0.0001543	+0.0001338	+0.0004219	+0.0007011	+0.0009906	+0.0012787	+0.0015497	+0.0018020	+0.0020415	+0.0022688	+0.0024714	+0.0026536	+0.0028139	+0.0029688	+0.0031107	+0.0032523
2014-10	0.009	-0.0014015	-0.0012208	-0.0010014	-0.0007596	-0.0005093	-0.0002319	+0.0000359	+0.0003088	+0.0005814	+0.0008556	+0.0011276	+0.0013834	+0.0016186	+0.0018468	+0.0020717	+0.0022892	+0.0024855	+0.0026689	+0.0028332	+0.0029841	+0.0031411
2014-11	0.112	-0.0014050	-0.0011832	-0.0009603	-0.0007247	-0.0004809	-0.0002353	+0.0000205	+0.0002792	+0.0005440	+0.0008081	+0.0010845	+0.0013462	+0.0016017	+0.0018407	+0.0020649	+0.0022655	+0.0024586	+0.0026360	+0.0027949	+0.0029504	+0.0031015
2014-12	-0.029	-0.0015869	-0.0013074	-0.0010266	-0.0007768	-0.0004991	-0.0002120	+0.0000895	+0.0003816	+0.0006765	+0.0009685	+0.0012533	+0.0015342	+0.0018095	+0.0020585	+0.0022835	+0.0024928	+0.0026816	+0.0028517	+0.0030101	+0.0031581	+0.0032947
2015-01	0.083	-0.0015186	-0.0012778	-0.0010502	-0.0008146	-0.0005770	-0.0003230	-0.0000508	+0.0002058	+0.0004690	+0.0007416	+0.0010116	+0.0012750	+0.0015243	+0.0017552	+0.0019629	+0.0021552	+0.0023347	+0.0025057	+0.0026589	+0.0028158	+0.0029674
2015-02	-0.018	-0.0016323	-0.0014002	-0.0011461	-0.0008785	-0.0006175	-0.0003735	-0.0001266	+0.0001384	+0.0004133	+0.0006962	+0.0009839	+0.0012671	+0.0015381	+0.0017873	+0.0020132	+0.0022175	+0.0024139	+0.0026029	+0.0027689	+0.0029226	+0.0030640
