2013-07	0.009	-0.0013672	-0.0012152	-0.0010661	-0.0009104	-0.0007433	-0.0005566	-0.0003552	-0.0001415	+0.0000809	+0.0003050	+0.0005376	+0.0007620	+0.0009785	+0.0011783	+0.0013695	+0.0015494	+0.0017135	+0.0018676	+0.0020157	+0.0021502	+0.0022646
2013-08	-0.049	-0.0012268	-0.0010820	-0.0009240	-0.0007645	-0.0005895	-0.0004038	-0.0002094	-0.0000061	+0.0002091	+0.0004316	+0.0006626	+0.0008970	+0.0011165	+0.0013169	+0.0015056	+0.0016809	+0.0018370	+0.0019813	+0.0021078	+0.0022191	+0.0023119
2013-09	0.050	-0.0012767	-0.0011091	-0.0009338	-0.0007348	-0.0005406	-0.0003403	-0.0001394	+0.0000651	+0.0002810	+0.0005062	+0.0007319	+0.0009506	+0.0011569	+0.0013541	+0.0015325	+0.0016925	+0.0018433	+0.0019863	+0.0021373	+0.0022683	+0.0023911
2013-10	0.040	-0.0013408	-0.0010509	-0.0007968	-0.0005570	-0.0003113	-0.0000559	+0.0002000	+0.0004730	+0.0007356	+0.0009738	+0.0012053	+0.0014120	+0.0016025	+0.0017882	+0.0019616	+0.0021185	+0.0022601	+0.0023952	+0.0025215	+0.0026342	+0.0027436
2013-11	0.016	-0.0010049	-0.0008167	-0.0006027	-0.0003905	-0.0001934	+0.0000081	+0.0002180	+0.0004208	+0.0006358	+0.0008489	+0.0010555	+0.0012498	+0.0014296	+0.0016021	+0.0017674	+0.0019149	+0.0020526	+0.0021766	+0.0022968	+0.0024159	+0.0025297
2013-12	0.017	-0.0010621	-0.0008685	-0.0006702	-0.0004444	-0.0002180	+0.0000056	+0.0002435	+0.0005028	+0.0007396	+0.0009522	+0.0011594	+0.0013498	+0.0015271	+0.0016911	+0.0018390	+0.0019783	+0.0021086	+0.0022266	+0.0023309	+0.0024252	+0.0025241
2014-01	-0.060	-0.0011913	-0.0009891	-0.0007586	-0.0005122	-0.0002831	-0.0000462	+0.0002288	+0.0005098	+0.0007741	+0.0010100	+0.0012240	+0.0014240	+0.0016066	+0.0017674	+0.0019114	+0.0020445	+0.0021660	+0.0022779	+0.0023870	+0.0024922	+0.0025861
2014-02	0.018	-0.0012379	-0.0010381	-0.0008360	-0.0006262	-0.0004218	-0.0002118	+0.0000122	+0.0002325	+0.0004542	+0.0006753	+0.0008799	+0.0010633	+0.0012286	+0.0013841	+0.0015258	+0.0016634	+0.0017896	+0.0019062	+0.0020158	+0.0021243	+0.0022233
2014-03	0.016	-0.0010206	-0.0009007	-0.0007371	-0.0005665	-0.0004065	-0.0002389	-0.0000558	+0.0001297	+0.0003181	+0.0005074	+0.0006936	+0.0008770	+0.0010486	+0.0012048	+0.0013517	+0.0014843	+0.0016054	+0.0017216	+0.0018247	+0.0019214	+0.0020067
2014-04	0.011	-0.0009097	-0.0007803	-0.0006416	-0.0004986	-0.0003413	-0.0001700	-0.0000082	+0.0001587	+0.0003263	+0.0005035	+0.0006824	+0.0008598	+0.0010309	+0.0011879	+0.0013294	+0.0014584	+0.0015781	+0.0016932	+0.0017955	+0.0018900	+0.0019787
2014-05	0.010	-0.0010216	-0.0008787	-0.0006956	-0.0005127	-0.0003278	-0.0001359	+0.0000484	+0.0002247	+0.0004118	+0.0006026	+0.0007897	+0.0009740	+0.0011460	+0.0013028	+0.0014462	+0.0015808	+0.0017015	+0.0018131	+0.0019163	+0.0020039	+0.0020877
2014-06	0.010	-0.0010499	-0.0008513	-0.0006208	-0.0004166	-0.0001954	+0.0000342	+0.0002535	+0.0004835	+0.0007062	+0.0009119	+0.0010975	+0.0012678	+0.0014298	+0.0015846	+0.0017241	+0.0018437	+0.0019579	+0.0020602	+0.0021492	+0.0022420	+0.0023262
2014-07	0.024	-0.0010362	-0.0008596	-0.0006959	-0.0005029	-0.0003097	-0.0000989	+0.0001213	+0.0003456	+0.0005519	+0.0007413	+0.0009226	+0.0010899	+0.0012517	+0.0014033	+0.0015386	+0.0016641	+0.0017808	+0.0018863	+0.0019877	+0.0020727	+0.0021529
2014-08	0.027	-0.0009861	-0.0008156	-0.0006435	-0.0004457	-0.0002408	-0.0000424	+0.0001573	+0.0003577	+0.0005570	+0.0007464	+0.0009303	+0.0011011	+0.0012592	+0.0014032	+0.0015375	+0.0016572	+0.0017684	+0.0018700	+0.0019672	+0.0020569	+0.0021381
2014-09	0.025	-0.0010778	-0.0008924	-0.0006605	-0.0004477	-0.0002556	-0.0000511	+0.0001741	+0.0004029	+0.0006154	+0.0008147	+0.0009948	+0.0011616	+0.0013225	+0.0014700	+0.0016052	+0.0017250	+0.0018376	+0.0019433	+0.0020377	+0.0021313	+0.0022188
2014-10	-0.006	-0.0009829	-0.0007979	-0.0006122	-0.0004200	-0.0002319	-0.0000187	+0.0002105	+0.0004395	+0.0006539	+0.0008548	+0.0010354	+0.0011999	+0.0013537	+0.0015002	+0.0016297	+0.0017526	+0.0018652	+0.0019725	+0.0020749	+0.0021744	+0.0022615
2014-11	0.063	-0.0009925	-0.0008287	-0.0006492	-0.0004509	-0.0002642	-0.0000664	+0.0001368	+0.0003348	+0.0005223	+0.0007015	+0.0008741	+0.0010413	+0.0012042	+0.0013522	+0.0014909	+0.0016164	+0.0017378	+0.0018470	+0.0019473	+0.0020379	+0.0021217
2014-12	-0.008	-0.0011266	-0.0009436	-0.0007253	-0.0005174	-0.0002979	-0.0000904	+0.0001059	+0.0003276	+0.0005432	+0.0007404	+0.0009316	+0.0011080	+0.0012711	+0.0014286	+0.0015684	+0.0016955	+0.0018149	+0.0019191	+0.0020150	+0.0021044	+0.0021905
2015-01	0.018	-0.0008571	-0.0007146	-0.0005776	-0.0004411	-0.0003061	-0.0001729	-0.0000346	+0.0001081	+0.0002576	+0.0004113	+0.0005647	+0.0007182	+0.0008674	+0.0010071	+0.0011330	+0.0012526	+0.0013619	+0.0014579	+0.0015496	+0.0016362	+0.0017186
2015-02	-0.002	-0.0009276	-0.0007881	-0.0006583	-0.0005314	-0.0004092	-0.0002725	-0.0001335	+0.0000089	+0.0001603	+0.0003139	+0.0004652	+0.0006174	+0.0007671	+0.0009080	+0.0010358	+0.0011515	+0.0012617	+0.0013571	+0.0014481	+0.0015298	+0.0015992
