2013-01	0.068	-0.0016563	-0.0015165	-0.0013689	-0.0012280	-0.0010792	-0.0009208	-0.0007562	-0.0005820	-0.0003970	-0.0002047	-0.0000052	+0.0001934	+0.0003843	+0.0005628	+0.0007246	+0.0008835	+0.0010331	+0.0011743	+0.0013038	+0.0014224	+0.0015308
2013-02	0.037	-0.0016677	-0.0015052	-0.0013472	-0.0011932	-0.0010293	-0.0008583	-0.0006810	-0.0004936	-0.0003029	-0.0001079	+0.0000973	+0.0003010	+0.0005035	+0.0006886	+0.0008610	+0.0010226	+0.0011659	+0.0013017	+0.0014278	+0.0015377	+0.0016338
2013-03	0.077	-0.0014379	-0.0013138	-0.0011725	-0.0010267	-0.0008659	-0.0007014	-0.0005298	-0.0003487	-0.0001525	+0.0000490	+0.0002472	+0.0004450	+0.0006374	+0.0008261	+0.0010020	+0.0011630	+0.0013155	+0.0014598	+0.0016038	+0.0017409	+0.0018605
2013-04	0.111	-0.0011006	-0.0009491	-0.0008047	-0.0006566	-0.0004867	-0.0003184	-0.0001474	+0.0000261	+0.0002102	+0.0003967	+0.0005867	+0.0007746	+0.0009596	+0.0011324	+0.0012964	+0.0014450	+0.0015836	+0.0017101	+0.0018290	+0.0019475	+0.0020552
2013-05	-0.007	-0.0010382	-0.0008730	-0.0007020	-0.0005167	-0.0003500	-0.0001892	-0.0000114	+0.0001783	+0.0003714	+0.0005745	+0.0007737	+0.0009703	+0.0011573	+0.0013322	+0.0014995	+0.0016591	+0.0018014	+0.0019304	+0.0020572	+0.0021800	+0.0022991
2013-06	-0.007	-0.0012129	-0.0010151	-0.0008221	-0.0006321	-0.0004310	-0.0002243	-0.0000131	+0.0002129	+0.0004413	+0.0006649	+0.0008921	+0.0011107	+0.0013307	+0.0015346	+0.0017194	+0.0018869	+0.0020412	+0.0021811	+0.0023128	+0.0024413	+0.0025732
2013-07	-0.001	-0.0012918	-0.0011510	-0.0009895	-0.0008204	-0.0006354	-0.0004392	-0.0002382	-0.0000330	+0.0001853	+0.0004091	+0.0006398	+0.0008633	+0.0010838	+0.0012882	+0.0014844	+0.0016685	+0.0018313	+0.0019846	+0.0021317	+0.0022727	+0.0024016
2013-08	-0.021	-0.0011764	-0.0010085	-0.0008449	-0.0006698	-0.0004663	-0.0002553	-0.0000382	+0.0001840	+0.0004097	+0.0006432	+0.0008750	+0.0011122	+0.0013458	+0.0015558	+0.0017539	+0.0019285	+0.0020916	+0.0022430	+0.0023822	+0.0025132	+0.0026378
2013-09	0.082	-0.0013489	-0.0011516	-0.0009528	-0.0007418	-0.0004902	-0.0002432	-0.0000058	+0.0002358	+0.0004837	+0.0007342	+0.0009762	+0.0012078	+0.0014282	+0.0016407	+0.0018376	+0.0020170	+0.0021829	+0.0023297	+0.0024705	+0.0026094	+0.0027374
2013-10	-0.010	-0.0015009	-0.0012278	-0.0009209	-0.0006638	-0.0003976	-0.0001292	+0.0001445	+0.0004267	+0.0006999	+0.0009638	+0.0012174	+0.0014471	+0.0016568	+0.0018556	+0.0020461	+0.0022282	+0.0023979	+0.0025532	+0.0026957	+0.0028326	+0.0029740
2013-11	0.088	-0.0011259	-0.0009683	-0.0007717	-0.0005538	-0.0003096	-0.0000688	+0.0001699	+0.0004177	+0.0006635	+0.0009076	+0.0011446	+0.0013788	+0.0015962	+0.0017984	+0.0019911	+0.0021728	+0.0023430	+0.0024995	+0.0026512	+0.0027991	+0.0029370
2013-12	0.039	-0.0012388	-0.0010098	-0.0007652	-0.0005070	-0.0002674	-0.0000087	+0.0002644	+0.0005532	+0.0008279	+0.0010917	+0.0013477	+0.0015837	+0.0018045	+0.0020144	+0.0022143	+0.0023953	+0.0025654	+0.0027162	+0.0028574	+0.0029839	+0.0030945
2014-01	-0.089	-0.0013583	-0.0011233	-0.0008647	-0.0005925	-0.0003124	-0.0000156	+0.0002744	+0.0005914	+0.0009039	+0.0011978	+0.0014666	+0.0017193	+0.0019489	+0.0021522	+0.0023350	+0.0025031	+0.0026504	+0.0027924	+0.0029194	+0.0030412	+0.0031596
2014-02	-0.005	-0.0014071	-0.0012101	-0.0009980	-0.0007420	-0.0004668	-0.0001805	+0.0001069	+0.0003851	+0.0006579	+0.0009308	+0.0011930	+0.0014397	+0.0016685	+0.0018802	+0.0020769	+0.0022510	+0.0024078	+0.0025536	+0.0027058	+0.0028505	+0.0029756
2014-03	0.005	-0.0014175	-0.0012322	-0.0010184	-0.0007908	-0.0005387	-0.0002918	-0.0000437	+0.0002024	+0.0004615	+0.0007190	+0.0009689	+0.0012073	+0.0014322	+0.0016448	+0.0018418	+0.0020220	+0.0021942	+0.0023610	+0.0025184	+0.0026730	+0.0028038
2014-04	-0.037	-0.0011954	-0.0010348	-0.0008438	-0.0006483	-0.0004493	-0.0002421	-0.0000290	+0.0001933	+0.0004231	+0.0006543	+0.0008891	+0.0011252	+0.0013478	+0.0015645	+0.0017719	+0.0019569	+0.0021222	+0.0022684	+0.0023974	+0.0025215	+0.0026366
2014-05	0.023	-0.0013689	-0.0011835	-0.0009567	-0.0007008	-0.0004579	-0.0002253	+0.0000158	+0.0002564	+0.0005088	+0.0007573	+0.0010068	+0.0012460	+0.0014769	+0.0016935	+0.0018936	+0.0020778	+0.0022497	+0.0024023	+0.0025454	+0.0026764	+0.0027999
2014-06	0.036	-0.0012552	-0.0010787	-0.0008687	-0.0006088	-0.0003526	-0.0000881	+0.0001819	+0.0004537	+0.0007246	+0.0010007	+0.0012677	+0.0015220	+0.0017507	+0.0019627	+0.0021637	+0.0023460	+0.0025110	+0.0026687	+0.0028253	+0.0029782	+0.0030988
2014-07	0.029	-0.0014186	-0.0011771	-0.0009508	-0.0007043	-0.0004546	-0.0001795	+0.0001080	+0.0003948	+0.0006761	+0.0009550	+0.0012234	+0.0014750	+0.0017053	+0.0019180	+0.0021194	+0.0023038	+0.0024716	+0.0026297	+0.0027780	+0.0029181	+0.0030460
2014-08	-0.013	-0.0013352	-0.0011023	-0.0008416	-0.0005800	-0.0003208	-0.0000600	+0.0002039	+0.0004761	+0.0007513	+0.0010261	+0.0012918	+0.0015461	+0.0017837	+0.0019984	+0.0021932	+0.0023712	+0.0025288	+0.0026777	+0.0028152	+0.0029410	+0.0030506
2014-09	0.052	-0.0013914	-0.0011455	-0.0009250	-0.0007074	-0.0004576	-0.0001843	+0.0001142	+0.0004235	+0.0007138	+0.0009974	+0.0012623	+0.0015093	+0.0017441	+0.0019585	+0.0021591	+0.0023339	+0.0025011	+0.0026588	+0.0028039	+0.0029473	+0.0030869
2014-10	0.014	-0.0013614	-0.0010743	-0.0007928	-0.0005435	-0.0003096	-0.0000309	+0.0002822	+0.0005852	+0.0008743	+0.0011507	+0.0014029	+0.0016453	+0.0018721	+0.0020817	+0.0022796	+0.0024647	+0.0026328	+0.0027896	+0.0029334	+0.0030582	+0.0031768
2014-11	0.062	-0.0013218	-0.0010911	-0.0008549	-0.0006103	-0.0003273	-0.0000658	+0.0001965	+0.0004675	+0.0007347	+0.0009925	+0.0012406	+0.0014868	+0.0017290	+0.0019513	+0.0021544	+0.0023381	+0.0025053	+0.0026680	+0.0028121	+0.0029368	+0.0030704
2014-12	0.000	-0.0016716	-0.0014072	-0.0010548	-0.0007539	-0.0004528	-0.0001498	+0.0001443	+0.0004682	+0.0007791	+0.0010700	+0.0013522	+0.0016155	+0.0018706	+0.0021000	+0.0023155	+0.0025104	+0.0026830	+0.0028534	+0.0030125	+0.0031565	+0.0032929
2015-01	0.012	-0.0014478	-0.0012089	-0.0009614	-0.0007121	-0.0004537	-0.0002032	+0.0000577	+0.0003260	+0.0005946	+0.0008622	+0.0011221	+0.0013724	+0.0016158	+0.0018390	+0.0020388	+0.0022242	+0.0023884	+0.0025443	+0.0026958	+0.0028373	+0.0029711
2015-02	0.000	-0.0014636	-0.0012723	-0.0010418	-0.0008161	-0.0005773	-0.0003413	-0.0000897	+0.0001734	+0.0004339	+0.0007018	+0.0009641	+0.0012243	+0.0014689	+0.0016923	+0.0018999	+0.0020937	+0.0022680	+0.0024233	+0.0025693	+0.0026922	+0.0028079
