2013-01	0.089	-0.0011193	-0.0010061	-0.0008870	-0.0007516	-0.0006088	-0.0004660	-0.0003178	-0.0001642	-0.0000070	+0.0001613	+0.0003352	+0.0005054	+0.0006678	+0.0008292	+0.0009833	+0.0011226	+0.0012570	+0.0013848	+0.0015089	+0.0016282	+0.0017265
2013-02	0.007	-0.0010791	-0.0009596	-0.0008295	-0.0006852	-0.0005391	-0.0003919	-0.0002366	-0.0000738	+0.0000996	+0.0002748	+0.0004517	+0.0006259	+0.0007975	+0.0009672	+0.0011240	+0.0012691	+0.0014014	+0.0015174	+0.0016196	+0.0017118	+0.0018067
2013-03	0.038	-0.0011055	-0.0009735	-0.0008241	-0.0006811	-0.0005396	-0.0003840	-0.0002145	-0.0000441	+0.0001306	+0.0003167	+0.0005027	+0.0006851	+0.0008653	+0.0010307	+0.0011821	+0.0013233	+0.0014525	+0.0015731	+0.0016807	+0.0017904	+0.0019005
2013-04	0.077	-0.0011065	-0.0009672	-0.0008147	-0.0006572	-0.0005076	-0.0003575	-0.0002055	-0.0000501	+0.0001124	+0.0002812	+0.0004523	+0.0006200	+0.0007837	+0.0009368	+0.0010841	+0.0012251	+0.0013584	+0.0014781	+0.0015876	+0.0016845	+0.0017830
2013-05	0.008	-0.0009298	-0.0007730	-0.0006279	-0.0004712	-0.0003246	-0.0001756	-0.0000184	+0.0001431	+0.0003151	+0.0004872	+0.0006631	+0.0008368	+0.0010031	+0.0011545	+0.0012924	+0.0014231	+0.0015378	+0.0016478	+0.0017612	+0.0018740	+0.0019813
2013-06	-0.058	-0.0009617	-0.0008110	-0.0006653	-0.0005160	-0.0003595	-0.0001954	-0.0000321	+0.0001401	+0.0003243	+0.0005133	+0.0007036	+0.0008955	+0.0010691	+0.0012333	+0.0013882	+0.0015259	+0.0016536	+0.0017733	+0.0018846	+0.0019811	+0.0020687
2013-07	0.029	-0.0010063	-0.0008891	-0.0007614	-0.0006267	-0.0004822	-0.0003283	-0.0001666	+0.0000025	+0.0001825	+0.0003667	+0.0005487	+0.0007266	+0.0008998	+0.0010662	+0.0012213	+0.0013618	+0.0014866	+0.0015972	+0.0017012	+0.0017991	+0.0018902
2013-08	-0.013	-0.0008604	-0.0007095	-0.0005660	-0.0004201	-0.0002526	-0.0000841	+0.0000964	+0.0002801	+0.0004627	+0.0006464	+0.0008355	+0.0010267	+0.0012030	+0.0013649	+0.0015162	+0.0016487	+0.0017709	+0.0018804	+0.0019772	+0.0020643	+0.0021448
2013-09	0.039	-0.0010646	-0.0008889	-0.0006965	-0.0004894	-0.0002797	-0.0000739	+0.0001242	+0.0003241	+0.0005301	+0.0007267	+0.0009214	+0.0010997	+0.0012651	+0.0014155	+0.0015523	+0.0016762	+0.0017917	+0.0019041	+0.0020121	+0.0021188	+0.0022081
2013-10	0.049	-0.0011944	-0.0009099	-0.0006756	-0.0004544	-0.0002412	-0.0000196	+0.0002165	+0.0004590	+0.0006969	+0.0008973	+0.0010814	+0.0012527	+0.0014106	+0.0015565	+0.0016985	+0.0018289	+0.0019505	+0.0020680	+0.0021763	+0.0022776	+0.0023743
2013-11	0.025	-0.0007890	-0.0006274	-0.0004417	-0.0002638	-0.0000902	+0.0000945	+0.0002941	+0.0004897	+0.0006749	+0.0008541	+0.0010243	+0.0011853	+0.0013362	+0.0014788	+0.0016133	+0.0017421	+0.0018582	+0.0019657	+0.0020657	+0.0021608	+0.0022439
2013-12	0.033	-0.0009070	-0.0007011	-0.0004888	-0.0003157	-0.0001384	+0.0000683	+0.0003097	+0.0005527	+0.0007655	+0.0009536	+0.0011250	+0.0012814	+0.0014247	+0.0015577	+0.0016813	+0.0017974	+0.0018991	+0.0019925	+0.0020750	+0.0021515	+0.0022266
2014-01	-0.043	-0.0009658	-0.0007609	-0.0005593	-0.0003284	-0.0001231	+0.0000984	+0.0003255	+0.0005801	+0.0008234	+0.0010266	+0.0012037	+0.0013578	+0.0015010	+0.0016321	+0.0017536	+0.0018707	+0.0019727	+0.0020657	+0.0021622	+0.0022483	+0.0023288
2014-02	0.037	-0.0012234	-0.0009933	-0.0007570	-0.0005048	-0.0002902	-0.0000646	+0.0001826	+0.0004583	+0.0007161	+0.0009246	+0.0011036	+0.0012601	+0.0014027	+0.0015387	+0.0016633	+0.0017750	+0.0018790	+0.0019734	+0.0020530	+0.0021270	+0.0022006
2014-03	0.025	-0.0010316	-0.0008306	-0.0006200	-0.0004242	-0.0002281	-0.0000268	+0.0001968	+0.0004307	+0.0006489	+0.0008399	+0.0010178	+0.0011776	+0.0013268	+0.0014595	+0.0015849	+0.0016976	+0.0018028	+0.0018984	+0.0019863	+0.0020607	+0.0021362
2014-04	0.022	-0.0007790	-0.0006226	-0.0004696	-0.0003116	-0.0001211	+0.0000737	+0.0002640	+0.0004662	+0.0006540	+0.0008317	+0.0009997	+0.0011580	+0.0013014	+0.0014310	+0.0015570	+0.0016749	+0.0017838	+0.0018792	+0.0019632	+0.0020382	+0.0021064
2014-05	0.001	-0.0010410	-0.0007686	-0.0005556	-0.0003315	-0.0001164	+0.0000918	+0.0003289	+0.0005567	+0.0007690	+0.0009554	+0.0011294	+0.0012917	+0.0014366	+0.0015695	+0.0016883	+0.0017983	+0.0018998	+0.0019894	+0.0020785	+0.0021546	+0.0022203
2014-06	0.011	-0.0010740	-0.0008805	-0.0005450	-0.0002927	-0.0000879	+0.0001297	+0.0004056	+0.0007204	+0.0009792	+0.0011766	+0.0013428	+0.0014934	+0.0016346	+0.0017621	+0.0018786	+0.0019841	+0.0020796	+0.0021678	+0.0022538	+0.0023342	+0.0024102
2014-07	0.005	-0.0011010	-0.0008649	-0.0006031	-0.0003773	-0.0001676	+0.0000523	+0.0002958	+0.0005953	+0.0008450	+0.0010314	+0.0011996	+0.0013502	+0.0014865	+0.0016097	+0.0017258	+0.0018340	+0.0019377	+0.0020338	+0.0021303	+0.0022177	+0.0023003
2014-08	0.006	-0.0009957	-0.0008150	-0.0005609	-0.0003167	-0.0001370	+0.0000555	+0.0003057	+0.0005876	+0.0008198	+0.0010137	+0.0011752	+0.0013264	+0.0014637	+0.0015890	+0.0016990	+0.0017991	+0.0018888	+0.0019718	+0.0020524	+0.0021276	+0.0021957
2014-09	0.014	-0.0011245	-0.0008232	-0.0006168	-0.0004106	-0.0002062	-0.0000001	+0.0002468	+0.0005336	+0.0007852	+0.0009860	+0.0011561	+0.0013100	+0.0014485	+0.0015725	+0.0016861	+0.0017927	+0.0018905	+0.0019827	+0.0020656	+0.0021417	+0.0022133
2014-10	0.004	-0.0010170	-0.0007937	-0.0005338	-0.0003247	-0.0001441	+0.0000498	+0.0002824	+0.0005815	+0.0008326	+0.0010172	+0.0011741	+0.0013198	+0.0014592	+0.0015839	+0.0017005	+0.0018075	+0.0019095	+0.0020039	+0.0020868	+0.0021686	+0.0022450
2014-11	0.079	-0.0009793	-0.0007999	-0.0005361	-0.0003150	-0.0001259	+0.0000764	+0.0003041	+0.0005407	+0.0007441	+0.0009237	+0.0010878	+0.0012371	+0.0013750	+0.0015012	+0.0016186	+0.0017292	+0.0018367	+0.0019352	+0.0020284	+0.0021067	+0.0021728
2014-12	0.000	-0.0011715	-0.0009153	-0.0006381	-0.0003944	-0.0001907	+0.0000131	+0.0002548	+0.0005478	+0.0008173	+0.0010272	+0.0012047	+0.0013687	+0.0015194	+0.0016564	+0.0017844	+0.0019068	+0.0020166	+0.0021159	+0.0022022	+0.0022744	+0.0023409
2015-01	-0.017	-0.0010285	-0.0008067	-0.0005866	-0.0003890	-0.0002032	-0.0000128	+0.0001818	+0.0004039	+0.0006139	+0.0008075	+0.0009829	+0.0011441	+0.0012945	+0.0014293	+0.0015519	+0.0016688	+0.0017709	+0.0018651	+0.0019499	+0.0020389	+0.0021065
2015-02	0.002	-0.0009296	-0.0007922	-0.0006296	-0.0004628	-0.0002931	-0.0001314	+0.0000473	+0.0002387	+0.0004250	+0.0005970	+0.0007627	+0.0009239	+0.0010751	+0.0012141	+0.0013401	+0.0014526	+0.0015532	+0.0016443	+0.0017282	+0.0018068	+0.0018843
