2013-01	0.107	-0.0015162	-0.0013725	-0.0012189	-0.0010592	-0.0009013	-0.0007293	-0.0005479	-0.0003515	-0.0001524	+0.0000573	+0.0002764	+0.0004917	+0.0006951	+0.0008901	+0.0010846	+0.0012651	+0.0014366	+0.0015976	+0.0017503	+0.0018913	+0.0020173
2013-02	0.009	-0.0014964	-0.0013539	-0.0011850	-0.0010007	-0.0008233	-0.0006367	-0.0004418	-0.0002442	-0.0000303	+0.0001882	+0.0004093	+0.0006294	+0.0008490	+0.0010569	+0.0012550	+0.0014337	+0.0016027	+0.0017633	+0.0018986	+0.0020219	+0.0021485
2013-03	0.039	-0.0013972	-0.0012653	-0.0011190	-0.0009642	-0.0007901	-0.0006101	-0.0004208	-0.0002160	+0.0000024	+0.0002317	+0.0004653	+0.0006904	+0.0009106	+0.0011168	+0.0013100	+0.0014937	+0.0016636	+0.0018175	+0.0019632	+0.0021125	+0.0022519
2013-04	0.061	-0.0015025	-0.0013285	-0.0011287	-0.0009416	-0.0007599	-0.0005717	-0.0003907	-0.0001995	-0.0000038	+0.0002095	+0.0004372	+0.0006540	+0.0008665	+0.0010653	+0.0012564	+0.0014459	+0.0016168	+0.0017794	+0.0019184	+0.0020391	+0.0021404
2013-05	0.058	-0.0012211	-0.0010498	-0.0008881	-0.0007136	-0.0005461	-0.0003701	-0.0001880	+0.0000120	+0.0002212	+0.0004404	+0.0006626	+0.0008762	+0.0010867	+0.0012798	+0.0014583	+0.0016281	+0.0017878	+0.0019370	+0.0020773	+0.0022197	+0.0023570
2013-06	-0.064	-0.0012609	-0.0010938	-0.0009169	-0.0007223	-0.0005213	-0.0003200	-0.0001136	+0.0001104	+0.0003391	+0.0005754	+0.0008204	+0.0010659	+0.0012963	+0.0015069	+0.0016970	+0.0018777	+0.0020415	+0.0021909	+0.0023353	+0.0024682	+0.0025880
2013-07	0.045	-0.0013071	-0.0011600	-0.0010001	-0.0008381	-0.0006663	-0.0004844	-0.0002815	-0.0000600	+0.0001675	+0.0004050	+0.0006395	+0.0008686	+0.0010901	+0.0013006	+0.0014893	+0.0016630	+0.0018230	+0.0019643	+0.0020986	+0.0022385	+0.0023586
2013-08	-0.012	-0.0010790	-0.0009148	-0.0007382	-0.0005529	-0.0003465	-0.0001295	+0.0000911	+0.0003177	+0.0005478	+0.0007850	+0.0010208	+0.0012602	+0.0014839	+0.0016929	+0.0018878	+0.0020652	+0.0022189	+0.0023586	+0.0024919	+0.0026077	+0.0027090
2013-09	0.039	-0.0013359	-0.0011238	-0.0008700	-0.0006225	-0.0003484	-0.0000918	+0.0001638	+0.0004174	+0.0006642	+0.0009217	+0.0011689	+0.0013983	+0.0016124	+0.0018022	+0.0019774	+0.0021376	+0.0022872	+0.0024299	+0.0025681	+0.0027069	+0.0028234
2013-10	0.048	-0.0015826	-0.0012268	-0.0008868	-0.0005834	-0.0003222	-0.0000451	+0.0002686	+0.0005933	+0.0009129	+0.0011784	+0.0014113	+0.0016280	+0.0018316	+0.0020236	+0.0021995	+0.0023676	+0.0025270	+0.0026670	+0.0028005	+0.0029312	+0.0030601
2013-11	0.052	-0.0010420	-0.0008193	-0.0005795	-0.0003513	-0.0001374	+0.0000925	+0.0003392	+0.0005808	+0.0008098	+0.0010360	+0.0012595	+0.0014691	+0.0016590	+0.0018387	+0.0020046	+0.0021641	+0.0023100	+0.0024450	+0.0025660	+0.0026747	+0.0027806
2013-12	0.046	-0.0011601	-0.0009263	-0.0006358	-0.0004061	-0.0001762	+0.0000889	+0.0003893	+0.0006844	+0.0009557	+0.0011961	+0.0014109	+0.0016036	+0.0017834	+0.0019559	+0.0021112	+0.0022525	+0.0023793	+0.0025023	+0.0026191	+0.0027194	+0.0028197
2014-01	-0.051	-0.0012574	-0.0010082	-0.0007279	-0.0004572	-0.0001877	+0.0000918	+0.0003718	+0.0006914	+0.0010120	+0.0012693	+0.0014962	+0.0016919	+0.0018719	+0.0020404	+0.0022014	+0.0023434	+0.0024711	+0.0025821	+0.0026911	+0.0027951	+0.0029031
2014-02	0.034	-0.0014907	-0.0012246	-0.0009542	-0.0006459	-0.0003733	-0.0001100	+0.0001932	+0.0005099	+0.0008220	+0.0010822	+0.0013059	+0.0015047	+0.0016887	+0.0018609	+0.0020196	+0.0021613	+0.0022918	+0.0024134	+0.0025178	+0.0026116	+0.0027028
2014-03	0.010	-0.0012478	-0.0010083	-0.0007677	-0.0005350	-0.0002924	-0.0000395	+0.0002252	+0.0004978	+0.0007486	+0.0009819	+0.0011973	+0.0014004	+0.0015830	+0.0017533	+0.0019076	+0.0020470	+0.0021784	+0.0023085	+0.0024280	+0.0025365	+0.0026400
2014-04	0.013	-0.0009923	-0.0007984	-0.0006190	-0.0004360	-0.0002029	+0.0000242	+0.0002561	+0.0004850	+0.0007090	+0.0009288	+0.0011323	+0.0013270	+0.0015069	+0.0016742	+0.0018291	+0.0019811	+0.0021144	+0.0022306	+0.0023366	+0.0024337	+0.0025223
2014-05	0.011	-0.0011882	-0.0009243	-0.0006813	-0.0004458	-0.0001735	+0.0000690	+0.0003398	+0.0006056	+0.0008499	+0.0010762	+0.0012974	+0.0014938	+0.0016734	+0.0018430	+0.0019932	+0.0021299	+0.0022485	+0.0023598	+0.0024652	+0.0025649	+0.0026618
2014-06	0.012	-0.0012436	-0.0009918	-0.0006562	-0.0003671	-0.0001099	+0.0001563	+0.0004828	+0.0008202	+0.0011253	+0.0013650	+0.0015749	+0.0017707	+0.0019448	+0.0021003	+0.0022437	+0.0023747	+0.0024936	+0.0026046	+0.0027068	+0.0028009	+0.0028952
2014-07	0.014	-0.0013492	-0.0010531	-0.0007482	-0.0004748	-0.0002283	+0.0000367	+0.0003429	+0.0007065	+0.0010116	+0.0012403	+0.0014476	+0.0016354	+0.0018052	+0.0019615	+0.0021085	+0.0022471	+0.0023697	+0.0024877	+0.0026067	+0.0027132	+0.0028070
2014-08	0.015	-0.0012532	-0.0010105	-0.0007065	-0.0003984	-0.0001710	+0.0000831	+0.0003804	+0.0007074	+0.0009955	+0.0012310	+0.0014307	+0.0016194	+0.0017964	+0.0019510	+0.0020933	+0.0022211	+0.0023385	+0.0024516	+0.0025569	+0.0026455	+0.0027312
2014-09	0.028	-0.0013916	-0.0010401	-0.0007661	-0.0005072	-0.0002654	-0.0000251	+0.0002987	+0.0006346	+0.0009404	+0.0011913	+0.0013982	+0.0015861	+0.0017676	+0.0019310	+0.0020753	+0.0022063	+0.0023301	+0.0024449	+0.0025504	+0.0026538	+0.0027414
2014-10	-0.006	-0.0012180	-0.0009643	-0.0006638	-0.0004198	-0.0001868	+0.0000550	+0.0003529	+0.0007142	+0.0010183	+0.0012506	+0.0014508	+0.0016334	+0.0018010	+0.0019612	+0.0021097	+0.0022460	+0.0023721	+0.0024886	+0.0025936	+0.0026884	+0.0027828
2014-11	0.114	-0.0012679	-0.0010353	-0.0007339	-0.0004529	-0.0001981	+0.0000673	+0.0003498	+0.0006361	+0.0008950	+0.0011243	+0.0013305	+0.0015235	+0.0016976	+0.0018645	+0.0020169	+0.0021557	+0.0022891	+0.0024110	+0.0025207	+0.0026206	+0.0027105
2014-12	0.013	-0.0014644	-0.0011434	-0.0008054	-0.0004655	-0.0002064	+0.0000496	+0.0003432	+0.0007005	+0.0010299	+0.0012992	+0.0015226	+0.0017310	+0.0019280	+0.0021042	+0.0022687	+0.0024212	+0.0025542	+0.0026810	+0.0027960	+0.0029000	+0.0029985
2015-01	-0.044	-0.0013602	-0.0010566	-0.0007859	-0.0005095	-0.0002536	-0.0000162	+0.0002454	+0.0005354	+0.0008067	+0.0010601	+0.0012823	+0.0014914	+0.0016835	+0.0018599	+0.0020185	+0.0021646	+0.0022961	+0.0024203	+0.0025305	+0.0026274	+0.0027132
2015-02	0.012	-0.0012315	-0.0010270	-0.0008361	-0.0005975	-0.0003920	-0.0001840	+0.0000404	+0.0002900	+0.0005324	+0.0007603	+0.0009782	+0.0011856	+0.0013880	+0.0015702	+0.0017319	+0.0018761	+0.0020027	+0.0021233	+0.0022302	+0.0023360	+0.0024306
