2013-01	0.073	-0.0008304	-0.0007472	-0.0006622	-0.0005747	-0.0004848	-0.0003857	-0.0002821	-0.0001727	-0.0000557	+0.0000619	+0.0001821	+0.0003036	+0.0004168	+0.0005259	+0.0006325	+0.0007336	+0.0008298	+0.0009191	+0.0010037	+0.0010799	+0.0011457
2013-02	0.021	-0.0008129	-0.0007248	-0.0006245	-0.0005226	-0.0004164	-0.0003066	-0.0001962	-0.0000801	+0.0000451	+0.0001708	+0.0002983	+0.0004245	+0.0005516	+0.0006712	+0.0007825	+0.0008841	+0.0009816	+0.0010724	+0.0011488	+0.0012203	+0.0012908
2013-03	0.058	-0.0007830	-0.0006837	-0.0005745	-0.0004737	-0.0003738	-0.0002660	-0.0001473	-0.0000252	+0.0001058	+0.0002365	+0.0003687	+0.0005007	+0.0006269	+0.0007451	+0.0008578	+0.0009623	+0.0010574	+0.0011474	+0.0012425	+0.0013315	+0.0014185
2013-04	0.056	-0.0007563	-0.0006334	-0.0005016	-0.0003833	-0.0002567	-0.0001405	-0.0000156	+0.0001099	+0.0002375	+0.0003673	+0.0004980	+0.0006275	+0.0007519	+0.0008661	+0.0009772	+0.0010836	+0.0011830	+0.0012726	+0.0013543	+0.0014226	+0.0014861
2013-05	-0.010	-0.0007195	-0.0005732	-0.0004422	-0.0003141	-0.0001848	-0.0000514	+0.0000851	+0.0002289	+0.0003728	+0.0005158	+0.0006533	+0.0007858	+0.0009114	+0.0010298	+0.0011384	+0.0012423	+0.0013377	+0.0014247	+0.0015086	+0.0015935	+0.0016796
2013-06	-0.027	-0.0007260	-0.0006024	-0.0004782	-0.0003462	-0.0002081	-0.0000643	+0.0000816	+0.0002243	+0.0003690	+0.0005178	+0.0006673	+0.0008143	+0.0009563	+0.0010877	+0.0012056	+0.0013108	+0.0014055	+0.0014972	+0.0015827	+0.0016612	+0.0017347
2013-07	0.006	-0.0007649	-0.0006653	-0.0005601	-0.0004435	-0.0003250	-0.0001950	-0.0000615	+0.0000817	+0.0002264	+0.0003737	+0.0005209	+0.0006641	+0.0008044	+0.0009343	+0.0010570	+0.0011710	+0.0012760	+0.0013727	+0.0014571	+0.0015332	+0.0016014
2013-08	-0.015	-0.0007282	-0.0006060	-0.0004690	-0.0003391	-0.0002020	-0.0000520	+0.0001058	+0.0002607	+0.0004155	+0.0005733	+0.0007245	+0.0008751	+0.0010199	+0.0011537	+0.0012753	+0.0013873	+0.0014889	+0.0015762	+0.0016548	+0.0017286	+0.0018001
2013-09	0.049	-0.0008664	-0.0007316	-0.0005957	-0.0004229	-0.0002336	-0.0000650	+0.0001023	+0.0002624	+0.0004330	+0.0005990	+0.0007563	+0.0009041	+0.0010423	+0.0011687	+0.0012881	+0.0013922	+0.0014905	+0.0015857	+0.0016766	+0.0017659	+0.0018414
2013-10	0.018	-0.0010003	-0.0007684	-0.0005630	-0.0003681	-0.0001756	+0.0000077	+0.0002150	+0.0004352	+0.0006347	+0.0008056	+0.0009626	+0.0011069	+0.0012369	+0.0013564	+0.0014722	+0.0015826	+0.0016865	+0.0017815	+0.0018721	+0.0019573	+0.0020405
2013-11	0.028	-0.0006970	-0.0005500	-0.0004021	-0.0002424	-0.0000802	+0.0000923	+0.0002670	+0.0004422	+0.0006065	+0.0007647	+0.0009175	+0.0010544	+0.0011786	+0.0013002	+0.0014168	+0.0015266	+0.0016347	+0.0017350	+0.0018202	+0.0018924	+0.0019583
2013-12	0.026	-0.0008092	-0.0006246	-0.0004289	-0.0002694	-0.0001056	+0.0000602	+0.0002699	+0.0004903	+0.0006794	+0.0008486	+0.0010015	+0.0011400	+0.0012663	+0.0013808	+0.0014862	+0.0015861	+0.0016816	+0.0017662	+0.0018430	+0.0019172	+0.0019908
2014-01	-0.028	-0.0009076	-0.0007330	-0.0005125	-0.0003094	-0.0001239	+0.0000677	+0.0002670	+0.0005024	+0.0007184	+0.0008983	+0.0010574	+0.0011967	+0.0013233	+0.0014411	+0.0015478	+0.0016449	+0.0017318	+0.0018191	+0.0019022	+0.0019715	+0.0020341
2014-02	0.012	-0.0010064	-0.0008342	-0.0006448	-0.0004257	-0.0002214	-0.0000344	+0.0001632	+0.0003931	+0.0006106	+0.0007921	+0.0009480	+0.0010827	+0.0012117	+0.0013322	+0.0014392	+0.0015389	+0.0016271	+0.0017132	+0.0017927	+0.0018685	+0.0019399
2014-03	0.004	-0.0008880	-0.0007087	-0.0005310	-0.0003596	-0.0001987	-0.0000315	+0.0001463	+0.0003296	+0.0005117	+0.0006768	+0.0008278	+0.0009662	+0.0010897	+0.0012049	+0.0013124	+0.0014127	+0.0015041	+0.0015897	+0.0016748	+0.0017483	+0.0018184
2014-04	0.003	-0.0006611	-0.0005337	-0.0004131	-0.0002840	-0.0001328	+0.0000253	+0.0001763	+0.0003310	+0.0004794	+0.0006269	+0.0007691	+0.0009014	+0.0010259	+0.0011478	+0.0012618	+0.0013666	+0.0014574	+0.0015386	+0.0016134	+0.0016831	+0.0017473
2014-05	0.015	-0.0008460	-0.0006831	-0.0005000	-0.0003364	-0.0001527	+0.0000289	+0.0002093	+0.0003834	+0.0005477	+0.0007029	+0.0008545	+0.0009937	+0.0011236	+0.0012409	+0.0013500	+0.0014526	+0.0015458	+0.0016297	+0.0017038	+0.0017735	+0.0018426
2014-06	0.018	-0.0008310	-0.0006740	-0.0004414	-0.0002645	-0.0000944	+0.0000949	+0.0003102	+0.0005349	+0.0007296	+0.0008951	+0.0010443	+0.0011813	+0.0013033	+0.0014164	+0.0015186	+0.0016134	+0.0017070	+0.0017892	+0.0018692	+0.0019478	+0.0020297
2014-07	0.013	-0.0008898	-0.0007110	-0.0005086	-0.0003297	-0.0001593	+0.0000336	+0.0002329	+0.0004539	+0.0006589	+0.0008212	+0.0009692	+0.0011102	+0.0012362	+0.0013489	+0.0014508	+0.0015466	+0.0016354	+0.0017170	+0.0017935	+0.0018643	+0.0019426
2014-08	0.009	-0.0008792	-0.0007040	-0.0004594	-0.0002843	-0.0001243	+0.0000531	+0.0002673	+0.0004883	+0.0006887	+0.0008553	+0.0010027	+0.0011372	+0.0012593	+0.0013714	+0.0014740	+0.0015697	+0.0016579	+0.0017388	+0.0018138	+0.0018839	+0.0019548
2014-09	0.021	-0.0009222	-0.0007221	-0.0005285	-0.0003488	-0.0001929	-0.0000106	+0.0002103	+0.0004616	+0.0006762	+0.0008554	+0.0010082	+0.0011437	+0.0012694	+0.0013825	+0.0014853	+0.0015822	+0.0016735	+0.0017553	+0.0018299	+0.0019003	+0.0019687
2014-10	0.010	-0.0008705	-0.0006964	-0.0004461	-0.0002689	-0.0001036	+0.0000631	+0.0002656	+0.0005223	+0.0007360	+0.0009025	+0.0010425	+0.0011705	+0.0012915	+0.0014050	+0.0015083	+0.0016062	+0.0016943	+0.0017761	+0.0018534	+0.0019233	+0.0019925
2014-11	0.070	-0.0008512	-0.0006850	-0.0004841	-0.0002854	-0.0001214	+0.0000599	+0.0002744	+0.0004755	+0.0006547	+0.0008107	+0.0009587	+0.0010920	+0.0012170	+0.0013355	+0.0014441	+0.0015437	+0.0016413	+0.0017298	+0.0018142	+0.0018972	+0.0019707
2014-12	0.015	-0.0010742	-0.0008358	-0.0005722	-0.0003597	-0.0001733	+0.0000171	+0.0002254	+0.0004871	+0.0007286	+0.0009135	+0.0010758	+0.0012230	+0.0013593	+0.0014831	+0.0015990	+0.0017089	+0.0018067	+0.0018938	+0.0019668	+0.0020309	+0.0020914
2015-01	-0.010	-0.0009119	-0.0007071	-0.0005282	-0.0003359	-0.0001684	-0.0000047	+0.0001910	+0.0004022	+0.0005926	+0.0007660	+0.0009242	+0.0010655	+0.0011954	+0.0013186	+0.0014275	+0.0015277	+0.0016122	+0.0016905	+0.0017669	+0.0018497	+0.0019250
2015-02	-0.002	-0.0009253	-0.0007273	-0.0005533	-0.0003986	-0.0002478	-0.0001043	+0.0000684	+0.0002530	+0.0004348	+0.0005901	+0.0007392	+0.0008841	+0.0010188	+0.0011402	+0.0012512	+0.0013557	+0.0014535	+0.0015393	+0.0016182	+0.0016870	+0.0017490
