2013-01	0.107	-0.0032052	-0.0029974	-0.0027819	-0.0025534	-0.0023023	-0.0020321	-0.0017536	-0.0014487	-0.0011283	-0.0007956	-0.0004643	-0.0001278	+0.0002061	+0.0005227	+0.0008188	+0.0010876	+0.0013431	+0.0015779	+0.0018022	+0.0019994	+0.0021855
2013-02	-0.030	-0.0032238	-0.0029753	-0.0027364	-0.0024940	-0.0022339	-0.0019559	-0.0016584	-0.0013563	-0.0010455	-0.0007255	-0.0003954	-0.0000613	+0.0002681	+0.0005828	+0.0008839	+0.0011544	+0.0013995	+0.0016255	+0.0018255	+0.0020296	+0.0022210
2013-03	-0.035	-0.0032004	-0.0030066	-0.0027954	-0.0025624	-0.0023164	-0.0020388	-0.0017472	-0.0014439	-0.0011218	-0.0007841	-0.0004377	-0.0000997	+0.0002254	+0.0005351	+0.0008206	+0.0010936	+0.0013435	+0.0015736	+0.0017900	+0.0020261	+0.0022441
2013-04	-0.011	-0.0035712	-0.0033190	-0.0030690	-0.0028105	-0.0025526	-0.0022766	-0.0019835	-0.0016846	-0.0013684	-0.0010229	-0.0006800	-0.0003376	-0.0000060	+0.0003123	+0.0006115	+0.0008835	+0.0011486	+0.0014054	+0.0016315	+0.0018614	+0.0020850
2013-05	0.027	-0.0032248	-0.0030223	-0.0027901	-0.0025511	-0.0022886	-0.0020152	-0.0017252	-0.0014115	-0.0010808	-0.0007488	-0.0004107	-0.0000856	+0.0002254	+0.0005364	+0.0008395	+0.0011257	+0.0013928	+0.0016424	+0.0018668	+0.0020633	+0.0022507
2013-06	-0.078	-0.0031662	-0.0029568	-0.0027337	-0.0025015	-0.0022322	-0.0019547	-0.0016663	-0.0013531	-0.0010166	-0.0006776	-0.0003275	+0.0000122	+0.0003331	+0.0006381	+0.0009247	+0.0011844	+0.0014054	+0.0016321	+0.0018318	+0.0020347	+0.0022214
2013-07	0.011	-0.0035160	-0.0032711	-0.0030331	-0.0027665	-0.0024982	-0.0022265	-0.0019289	-0.0016250	-0.0012917	-0.0009479	-0.0005927	-0.0002427	+0.0000872	+0.0004047	+0.0006955	+0.0009558	+0.0011907	+0.0014047	+0.0016010	+0.0017644	+0.0019095
2013-08	-0.030	-0.0031069	-0.0028847	-0.0026791	-0.0024511	-0.0021965	-0.0019301	-0.0016465	-0.0013467	-0.0010282	-0.0006929	-0.0003630	-0.0000367	+0.0002863	+0.0005853	+0.0008642	+0.0011307	+0.0013753	+0.0015874	+0.0017866	+0.0019815	+0.0021807
2013-09	0.077	-0.0025547	-0.0023686	-0.0021582	-0.0019472	-0.0017181	-0.0014852	-0.0012287	-0.0009465	-0.0006568	-0.0003540	-0.0000474	+0.0002558	+0.0005474	+0.0008193	+0.0010751	+0.0013163	+0.0015558	+0.0017799	+0.0019905	+0.0021741	+0.0023668
2013-10	0.030	-0.0017526	-0.0015569	-0.0013396	-0.0011244	-0.0009015	-0.0006680	-0.0004220	-0.0001666	+0.0001092	+0.0003902	+0.0006713	+0.0009450	+0.0012163	+0.0014737	+0.0017150	+0.0019399	+0.0021534	+0.0023567	+0.0025413	+0.0027103	+0.0028595
2013-11	0.029	-0.0016898	-0.0015469	-0.0013852	-0.0012296	-0.0010548	-0.0008670	-0.0006694	-0.0004453	-0.0002080	+0.0000418	+0.0002937	+0.0005462	+0.0007961	+0.0010367	+0.0012596	+0.0014673	+0.0016526	+0.0018295	+0.0019956	+0.0021420	+0.0022851
2013-12	0.037	-0.0017463	-0.0015615	-0.0013807	-0.0011939	-0.0010011	-0.0007963	-0.0005798	-0.0003530	-0.0001137	+0.0001289	+0.0003747	+0.0006206	+0.0008608	+0.0010919	+0.0013085	+0.0015089	+0.0016860	+0.0018506	+0.0020044	+0.0021651	+0.0023115
2014-01	-0.133	-0.0014730	-0.0013016	-0.0011196	-0.0009361	-0.0007468	-0.0005427	-0.0003260	-0.0001056	+0.0001270	+0.0003710	+0.0006223	+0.0008705	+0.0011045	+0.0013278	+0.0015280	+0.0017121	+0.0018767	+0.0020326	+0.0021815	+0.0023233	+0.0024470
2014-02	-0.021	-0.0018243	-0.0016747	-0.0015235	-0.0013654	-0.0012030	-0.0010174	-0.0008131	-0.0005890	-0.0003517	-0.0001119	+0.0001304	+0.0003624	+0.0005855	+0.0007998	+0.0010069	+0.0011949	+0.0013622	+0.0015116	+0.0016509	+0.0017836	+0.0019215
2014-03	-0.082	-0.0020630	-0.0019163	-0.0017537	-0.0015862	-0.0014036	-0.0012218	-0.0010300	-0.0008268	-0.0006038	-0.0003755	-0.0001387	+0.0001063	+0.0003386	+0.0005527	+0.0007586	+0.0009496	+0.0011268	+0.0012864	+0.0014223	+0.0015504	+0.0016704
2014-04	-0.065	-0.0024864	-0.0023300	-0.0021657	-0.0019910	-0.0017917	-0.0015782	-0.0013485	-0.0011140	-0.0008520	-0.0005879	-0.0003215	-0.0000612	+0.0001879	+0.0004266	+0.0006534	+0.0008597	+0.0010527	+0.0012315	+0.0013890	+0.0015429	+0.0016941
2014-05	0.174	-0.0023150	-0.0021584	-0.0019825	-0.0017887	-0.0015959	-0.0013931	-0.0011765	-0.0009432	-0.0006907	-0.0004240	-0.0001619	+0.0001055	+0.0003569	+0.0005871	+0.0008074	+0.0010120	+0.0012025	+0.0013868	+0.0015674	+0.0017396	+0.0018892
2014-06	0.048	-0.0016795	-0.0015259	-0.0013549	-0.0011625	-0.0009558	-0.0007427	-0.0005094	-0.0002688	-0.0000143	+0.0002531	+0.0005220	+0.0007900	+0.0010462	+0.0012914	+0.0015134	+0.0017261	+0.0019210	+0.0021009	+0.0022574	+0.0024091	+0.0025739
2014-07	-0.084	-0.0018329	-0.0016579	-0.0014627	-0.0012497	-0.0010395	-0.0008285	-0.0006035	-0.0003661	-0.0001095	+0.0001662	+0.0004452	+0.0007127	+0.0009631	+0.0011969	+0.0014169	+0.0016225	+0.0018212	+0.0020133	+0.0021794	+0.0023420	+0.0024860
2014-08	-0.011	-0.0019063	-0.0017718	-0.0016173	-0.0014324	-0.0012311	-0.0010187	-0.0007998	-0.0005577	-0.0003031	-0.0000403	+0.0002240	+0.0004806	+0.0007305	+0.0009667	+0.0011878	+0.0013926	+0.0015805	+0.0017618	+0.0019249	+0.0020731	+0.0022181
2014-09	-0.002	-0.0019782	-0.0018123	-0.0016314	-0.0014424	-0.0012339	-0.0010284	-0.0008069	-0.0005684	-0.0003150	-0.0000478	+0.0002241	+0.0004838	+0.0007334	+0.0009729	+0.0012030	+0.0014179	+0.0016245	+0.0018207	+0.0019995	+0.0021766	+0.0023452
2014-10	-0.047	-0.0019984	-0.0018180	-0.0016381	-0.0014504	-0.0012687	-0.0010693	-0.0008602	-0.0006326	-0.0003856	-0.0001230	+0.0001374	+0.0004032	+0.0006604	+0.0009089	+0.0011410	+0.0013589	+0.0015553	+0.0017346	+0.0018973	+0.0020578	+0.0022130
2014-11	-0.013	-0.0021808	-0.0020012	-0.0018332	-0.0016533	-0.0014587	-0.0012538	-0.0010321	-0.0007925	-0.0005424	-0.0002840	-0.0000190	+0.0002420	+0.0004953	+0.0007365	+0.0009618	+0.0011669	+0.0013696	+0.0015508	+0.0017135	+0.0018521	+0.0019892
2014-12	-0.246	-0.0022270	-0.0020390	-0.0018531	-0.0016574	-0.0014545	-0.0012535	-0.0010361	-0.0007908	-0.0005314	-0.0002682	-0.0000027	+0.0002609	+0.0005274	+0.0007896	+0.0010279	+0.0012527	+0.0014634	+0.0016535	+0.0018125	+0.0019623	+0.0020972
2015-01	-0.060	-0.0036039	-0.0034021	-0.0031609	-0.0029036	-0.0026447	-0.0023693	-0.0020820	-0.0017904	-0.0014779	-0.0011500	-0.0008221	-0.0004859	-0.0001551	+0.0001658	+0.0004575	+0.0007270	+0.0009907	+0.0012315	+0.0014850	+0.0017197	+0.0019363
2015-02	0.033	-0.0038498	-0.0036657	-0.0034612	-0.0032332	-0.0029754	-0.0027048	-0.0024085	-0.0020884	-0.0017540	-0.0014043	-0.0010518	-0.0006993	-0.0003536	-0.0000271	+0.0002898	+0.0005924	+0.0008760	+0.0011667	+0.0014594	+0.0017204	+0.0019950
