2011-03	0.034	-0.0045433	-0.0041417	-0.0037252	-0.0032742	-0.0028009	-0.0022941	-0.0017531	-0.0011758	-0.0005705	+0.0000598	+0.0006977	+0.0013317	+0.0019432	+0.0025214	+0.0030611	+0.0035582	+0.0040200	+0.0044443	+0.0048390	+0.0052078	+0.0055502
2011-04	0.024	-0.0072360	-0.0066380	-0.0059827	-0.0052939	-0.0045486	-0.0037556	-0.0028955	-0.0019894	-0.0010166	+0.0000002	+0.0010288	+0.0020370	+0.0030194	+0.0039453	+0.0048046	+0.0056039	+0.0063532	+0.0070609	+0.0077292	+0.0083650	+0.0089827
2011-05	-0.043	-0.0071671	-0.0065330	-0.0058645	-0.0051520	-0.0043899	-0.0035594	-0.0026641	-0.0017103	-0.0006963	+0.0003566	+0.0014188	+0.0024713	+0.0034959	+0.0044683	+0.0053756	+0.0062188	+0.0070120	+0.0077499	+0.0084517	+0.0091487	+0.0098187
2011-06	-0.021	-0.0078291	-0.0073395	-0.0068024	-0.0062316	-0.0056087	-0.0049468	-0.0042379	-0.0034825	-0.0026884	-0.0018604	-0.0010216	-0.0001986	+0.0006016	+0.0013532	+0.0020469	+0.0026911	+0.0032958	+0.0038514	+0.0043713	+0.0048738	+0.0053575
2011-07	-0.040	-0.0071147	-0.0066677	-0.0061719	-0.0056474	-0.0050822	-0.0044649	-0.0037958	-0.0030665	-0.0022715	-0.0014279	-0.0005422	+0.0003536	+0.0012460	+0.0021177	+0.0029442	+0.0037284	+0.0044800	+0.0052044	+0.0059039	+0.0065473	+0.0071793
2011-08	-0.109	-0.0086877	-0.0082768	-0.0078002	-0.0072389	-0.0066097	-0.0059154	-0.0051618	-0.0043304	-0.0034413	-0.0024984	-0.0015079	-0.0005098	+0.0004886	+0.0014583	+0.0023858	+0.0032723	+0.0041234	+0.0049443	+0.0057327	+0.0065458	+0.0074752
2011-09	-0.073	-0.0098524	-0.0097612	-0.0096099	-0.0093761	-0.0090168	-0.0084889	-0.0077375	-0.0067286	-0.0054251	-0.0038483	-0.0019560	+0.0003435	+0.0032457	+0.0085409	+0.0100000	+0.0100000	+0.0100000	+0.0100000	+0.0100000	+0.0100000	+0.0100000
2011-10	0.128	-0.0098471	-0.0097507	-0.0095967	-0.0093565	-0.0089795	-0.0084125	-0.0075998	-0.0064720	-0.0049913	-0.0031464	-0.0008655	+0.0019611	+0.0059370	+0.0100000	+0.0100000	+0.0100000	+0.0100000	+0.0100000	+0.0100000	+0.0100000	+0.0100000
2011-11	-0.089	-0.0091213	-0.0086948	-0.0081349	-0.0074225	-0.0065568	-0.0055510	-0.0044101	-0.0031479	-0.0017595	-0.0002910	+0.0012313	+0.0027655	+0.0042796	+0.0057477	+0.0071402	+0.0084791	+0.0098039	+0.0100000	+0.0100000	+0.0100000	+0.0100000
2011-12	0.029	-0.0083881	-0.0077854	-0.0070504	-0.0062079	-0.0052536	-0.0042076	-0.0030556	-0.0018034	-0.0004675	+0.0009436	+0.0024174	+0.0038893	+0.0053254	+0.0067080	+0.0080298	+0.0092720	+0.0100000	+0.0100000	+0.0100000	+0.0100000	+0.0100000
2012-01	0.039	-0.0084986	-0.0079931	-0.0074190	-0.0067665	-0.0060349	-0.0052187	-0.0043266	-0.0033691	-0.0023315	-0.0012326	-0.0001007	+0.0010395	+0.0021541	+0.0032167	+0.0042284	+0.0051801	+0.0060888	+0.0069531	+0.0078186	+0.0086894	+0.0096009
2012-02	0.108	-0.0054717	-0.0049883	-0.0044799	-0.0039302	-0.0033500	-0.0027450	-0.0020948	-0.0014001	-0.0006722	+0.0000788	+0.0008349	+0.0015859	+0.0023116	+0.0030018	+0.0036380	+0.0042215	+0.0047682	+0.0052720	+0.0057238	+0.0061516	+0.0065644
2012-03	0.017	-0.0072582	-0.0064366	-0.0054846	-0.0044553	-0.0033552	-0.0021975	-0.0009763	+0.0002536	+0.0015435	+0.0028325	+0.0040342	+0.0051963	+0.0062596	+0.0071391	+0.0078635	+0.0084797	+0.0090172	+0.0094947	+0.0099304	+0.0100000	+0.0100000
2012-04	-0.019	-0.0083090	-0.0076144	-0.0067467	-0.0057314	-0.0046507	-0.0034823	-0.0022352	-0.0008957	+0.0004795	+0.0018627	+0.0032182	+0.0045079	+0.0056747	+0.0067304	+0.0076601	+0.0084902	+0.0092140	+0.0099031	+0.0100000	+0.0100000	+0.0100000
2012-05	-0.119	-0.0072566	-0.0067535	-0.0062286	-0.0056528	-0.0050325	-0.0043588	-0.0036379	-0.0028604	-0.0020355	-0.0011710	-0.0002795	+0.0006087	+0.0014687	+0.0022956	+0.0030747	+0.0037933	+0.0044748	+0.0051083	+0.0057081	+0.0062712	+0.0068079
2012-06	0.020	-0.0098077	-0.0096935	-0.0095218	-0.0092671	-0.0089008	-0.0084005	-0.0077484	-0.0069296	-0.0059418	-0.0048006	-0.0035231	-0.0020982	-0.0005815	+0.0010810	+0.0029653	+0.0055248	+0.0100000	+0.0100000	+0.0100000	+0.0100000	+0.0100000
2012-07	0.036	-0.0093981	-0.0091138	-0.0087386	-0.0082766	-0.0077001	-0.0070276	-0.0062554	-0.0053801	-0.0044126	-0.0033811	-0.0022955	-0.0011705	-0.0000550	+0.0010461	+0.0021100	+0.0031697	+0.0042362	+0.0053729	+0.0066997	+0.0090936	+0.0100000
2012-08	0.019	-0.0064233	-0.0057633	-0.0050739	-0.0043447	-0.0035597	-0.0027142	-0.0018163	-0.0008727	+0.0001314	+0.0011813	+0.0022586	+0.0033241	+0.0043550	+0.0053336	+0.0062559	+0.0071155	+0.0079025	+0.0086310	+0.0093158	+0.0099727	+0.0100000
2012-09	0.032	-0.0054653	-0.0050209	-0.0045697	-0.0040817	-0.0035581	-0.0029975	-0.0024009	-0.0017627	-0.0010746	-0.0003457	+0.0004027	+0.0011485	+0.0018754	+0.0025639	+0.0032183	+0.0038299	+0.0043976	+0.0049200	+0.0054093	+0.0058568	+0.0062823
2012-10	0.015	-0.0043396	-0.0038846	-0.0034306	-0.0029566	-0.0024490	-0.0019005	-0.0013191	-0.0006944	-0.0000415	+0.0006352	+0.0013309	+0.0020177	+0.0026850	+0.0033182	+0.0039105	+0.0044578	+0.0049701	+0.0054439	+0.0058886	+0.0062849	+0.0066812
2012-11	0.040	-0.0047369	-0.0043102	-0.0038455	-0.0033524	-0.0028187	-0.0022733	-0.0016891	-0.0010618	-0.0003970	+0.0002897	+0.0009915	+0.0016968	+0.0023910	+0.0030507	+0.0036773	+0.0042586	+0.0048020	+0.0053039	+0.0057586	+0.0061970	+0.0066030
2012-12	0.072	-0.0050422	-0.0045472	-0.0040265	-0.0034717	-0.0029012	-0.0022833	-0.0016378	-0.0009541	-0.0002420	+0.0004866	+0.0012196	+0.0019490	+0.0026475	+0.0033049	+0.0039265	+0.0044984	+0.0050234	+0.0055056	+0.0059511	+0.0063621	+0.0067468
2013-01	0.101	-0.0067252	-0.0059991	-0.0051872	-0.0043190	-0.0033994	-0.0024322	-0.0014420	-0.0004038	+0.0006465	+0.0017134	+0.0027606	+0.0037409	+0.0046349	+0.0054445	+0.0061541	+0.0067810	+0.0073381	+0.0078322	+0.0082793	+0.0086811	+0.0090598
2013-02	0.007	-0.0085038	-0.0078038	-0.0069308	-0.0058462	-0.0045124	-0.0029879	-0.0014384	+0.0002187	+0.0020239	+0.0037385	+0.0054177	+0.0070532	+0.0085147	+0.0097502	+0.0100000	+0.0100000	+0.0100000	+0.0100000	+0.0100000	+0.0100000	+0.0100000
2013-03	0.034	-0.0057440	-0.0051559	-0.0045242	-0.0038578	-0.0031709	-0.0024352	-0.0016551	-0.0008186	+0.0000440	+0.0009315	+0.0018377	+0.0027247	+0.0035791	+0.0043880	+0.0051359	+0.0058360	+0.0064853	+0.0070936	+0.0076511	+0.0081714	+0.0086617
2013-04	0.058	-0.0053033	-0.0048674	-0.0044035	-0.0039053	-0.0033842	-0.0028188	-0.0022099	-0.0015663	-0.0008987	-0.0001994	+0.0005142	+0.0012211	+0.0019070	+0.0025492	+0.0031495	+0.0037128	+0.0042319	+0.0047156	+0.0051702	+0.0055877	+0.0059976
2013-05	0.054	-0.0077904	-0.0070996	-0.0063060	-0.0054534	-0.0045360	-0.0035314	-0.0024665	-0.0013479	-0.0001917	+0.0009997	+0.0021748	+0.0033076	+0.0043899	+0.0054085	+0.0063407	+0.0072058	+0.0080089	+0.0087526	+0.0094619	+0.0100000	+0.0100000
2013-06	-0.072	-0.0074633	-0.0067076	-0.0058575	-0.0049121	-0.0039056	-0.0028348	-0.0017232	-0.0005506	+0.0006812	+0.0019598	+0.0032279	+0.0044579	+0.0056192	+0.0067016	+0.0077006	+0.0085991	+0.0094159	+0.0100000	+0.0100000	+0.0100000	+0.0100000
2013-07	0.043	-0.0081246	-0.0076062	-0.0070237	-0.0063796	-0.0056761	-0.0049016	-0.0040589	-0.0031656	-0.0022175	-0.0012210	-0.0002093	+0.0007990	+0.0017805	+0.0027118	+0.0035713	+0.0043745	+0.0051241	+0.0058369	+0.0065177	+0.0071749	+0.0078568
2013-08	-0.015	-0.0069020	-0.0063654	-0.0057905	-0.0051994	-0.0045687	-0.0038974	-0.0031792	-0.0024171	-0.0016114	-0.0007815	+0.0000605	+0.0008946	+0.0016894	+0.0024407	+0.0031408	+0.0037857	+0.0043754	+0.0049282	+0.0054369	+0.0059155	+0.0063590
2013-09	0.043	-0.0052747	-0.0048546	-0.0044172	-0.0039551	-0.0034660	-0.0029359	-0.0023700	-0.0017634	-0.0011104	-0.0004189	+0.0002957	+0.0010049	+0.0016923	+0.0023489	+0.0029624	+0.0035282	+0.0040653	+0.0045541	+0.0050060	+0.0054358	+0.0058239
2013-10	0.049	-0.0065169	-0.0060233	-0.0055040	-0.0049338	-0.0043278	-0.0036759	-0.0029756	-0.0022368	-0.0014641	-0.0006574	+0.0001631	+0.0009756	+0.0017591	+0.0025081	+0.0031969	+0.0038354	+0.0044275	+0.0049787	+0.0054900	+0.0059503	+0.0063760
2013-11	0.048	-0.0066512	-0.0059465	-0.0052079	-0.0044046	-0.0035586	-0.0026722	-0.0017509	-0.0007915	+0.0001808	+0.0011685	+0.0021470	+0.0030692	+0.0039175	+0.0046868	+0.0053905	+0.0060215	+0.0065925	+0.0071288	+0.0076323	+0.0080825	+0.0085264
2013-12	0.042	-0.0057501	-0.0050829	-0.0043541	-0.0035931	-0.0028070	-0.0019831	-0.0011241	-0.0002310	+0.0006699	+0.0015847	+0.0024742	+0.0033138	+0.0040897	+0.0047920	+0.0054186	+0.0059808	+0.0064888	+0.0069547	+0.0073893	+0.0077835	+0.0081475
2014-01	-0.055	-0.0060606	-0.0053710	-0.0046258	-0.0038217	-0.0029904	-0.0021230	-0.0012180	-0.0002696	+0.0007108	+0.0016874	+0.0026385	+0.0035399	+0.0043649	+0.0051050	+0.0057613	+0.0063306	+0.0068446	+0.0073059	+0.0077269	+0.0081185	+0.0084753
2014-02	0.033	-0.0071757	-0.0066376	-0.0060771	-0.0054794	-0.0048492	-0.0041826	-0.0034739	-0.0027315	-0.0019450	-0.0011325	-0.0003035	+0.0005098	+0.0012931	+0.0020362	+0.0027223	+0.0033549	+0.0039424	+0.0044803	+0.0049727	+0.0054504	+0.0059107
2014-03	0.012	-0.0071756	-0.0066285	-0.0060354	-0.0054134	-0.0047639	-0.0040716	-0.0033293	-0.0025364	-0.0016962	-0.0008378	+0.0000261	+0.0008733	+0.0016770	+0.0024256	+0.0031291	+0.0037806	+0.0043791	+0.0049356	+0.0054513	+0.0059421	+0.0064041
2014-04	0.013	-0.0039496	-0.0034532	-0.0029570	-0.0024312	-0.0018727	-0.0012839	-0.0006495	+0.0000343	+0.0007566	+0.0015054	+0.0022635	+0.0030090	+0.0037251	+0.0044115	+0.0050502	+0.0056374	+0.0061738	+0.0066692	+0.0071285	+0.0075355	+0.0079245
2014-05	0.013	-0.0044141	-0.0039953	-0.0035742	-0.0031184	-0.0026268	-0.0021012	-0.0015395	-0.0009408	-0.0003065	+0.0003532	+0.0010241	+0.0016929	+0.0023442	+0.0029525	+0.0035183	+0.0040395	+0.0045237	+0.0049680	+0.0053864	+0.0057599	+0.0061246
2014-06	0.012	-0.0041547	-0.0038308	-0.0034752	-0.0031032	-0.0027087	-0.0022923	-0.0018499	-0.0013864	-0.0008946	-0.0003802	+0.0001428	+0.0006654	+0.0011670	+0.0016411	+0.0020845	+0.0024912	+0.0028648	+0.0032100	+0.0035330	+0.0038329	+0.0041206
2014-07	0.018	-0.0025859	-0.0023279	-0.0020712	-0.0017930	-0.0014957	-0.0011838	-0.0008558	-0.0005080	-0.0001426	+0.0002356	+0.0006179	+0.0009966	+0.0013581	+0.0016967	+0.0020123	+0.0023024	+0.0025736	+0.0028279	+0.0030557	+0.0032600	+0.0034525
2014-08	0.015	-0.0026182	-0.0023758	-0.0021150	-0.0018388	-0.0015563	-0.0012528	-0.0009298	-0.0005881	-0.0002238	+0.0001511	+0.0005361	+0.0009183	+0.0012896	+0.0016379	+0.0019644	+0.0022603	+0.0025330	+0.0027860	+0.0030234	+0.0032536	+0.0034714
2014-09	0.022	-0.0039151	-0.0035418	-0.0031554	-0.0027541	-0.0023410	-0.0019088	-0.0014446	-0.0009500	-0.0004321	+0.0000967	+0.0006283	+0.0011507	+0.0016541	+0.0021371	+0.0025819	+0.0029848	+0.0033547	+0.0036989	+0.0040217	+0.0043222	+0.0046093
2014-10	-0.005	-0.0042132	-0.0037167	-0.0032110	-0.0026941	-0.0021351	-0.0015526	-0.0009456	-0.0003039	+0.0003494	+0.0010080	+0.0016517	+0.0022703	+0.0028553	+0.0033927	+0.0038861	+0.0043261	+0.0047300	+0.0051020	+0.0054318	+0.0057321	+0.0060188
2014-11	0.110	-0.0062127	-0.0057186	-0.0051920	-0.0046336	-0.0040414	-0.0034137	-0.0027440	-0.0020414	-0.0012989	-0.0005296	+0.0002569	+0.0010293	+0.0017767	+0.0024800	+0.0031344	+0.0037333	+0.0042913	+0.0048014	+0.0052742	+0.0057019	+0.0061119
2014-12	0.007	-0.0072743	-0.0065196	-0.0057094	-0.0048004	-0.0038159	-0.0027453	-0.0016378	-0.0004577	+0.0007621	+0.0020040	+0.0032477	+0.0044774	+0.0056389	+0.0067161	+0.0077022	+0.0086005	+0.0094246	+0.0100000	+0.0100000	+0.0100000	+0.0100000
2015-01	-0.040	-0.0068265	-0.0061567	-0.0054454	-0.0046913	-0.0038655	-0.0029920	-0.0020772	-0.0010924	-0.0000555	+0.0010143	+0.0020881	+0.0031415	+0.0041494	+0.0050903	+0.0059653	+0.0067679	+0.0075179	+0.0082161	+0.0088699	+0.0094680	+0.0100000
2015-02	0.011	-0.0088673	-0.0084128	-0.0078741	-0.0072359	-0.0065082	-0.0056833	-0.0047812	-0.0037820	-0.0027140	-0.0015997	-0.0004599	+0.0006907	+0.0018078	+0.0028742	+0.0038842	+0.0048414	+0.0057507	+0.0066393	+0.0075356	+0.0085477	+0.0099115
