2011-03	-0.043	-0.0058634	-0.0055047	-0.0051251	-0.0047116	-0.0042706	-0.0038026	-0.0032972	-0.0027512	-0.0021605	-0.0015318	-0.0008728	-0.0002045	+0.0004511	+0.0010895	+0.0017014	+0.0022745	+0.0028099	+0.0033190	+0.0037981	+0.0042449	+0.0046788
2011-04	0.017	-0.0096606	-0.0094596	-0.0091533	-0.0087049	-0.0080533	-0.0071966	-0.0061162	-0.0048252	-0.0033726	-0.0017923	-0.0001227	+0.0015920	+0.0033316	+0.0050963	+0.0070818	+0.0100000	+0.0100000	+0.0100000	+0.0100000	+0.0100000	+0.0100000
2011-05	-0.004	-0.0095479	-0.0092810	-0.0088990	-0.0083674	-0.0076321	-0.0066952	-0.0055607	-0.0042620	-0.0028313	-0.0013108	+0.0002486	+0.0018192	+0.0033671	+0.0048704	+0.0064206	+0.0081647	+0.0100000	+0.0100000	+0.0100000	+0.0100000	+0.0100000
2011-06	-0.031	-0.0032463	-0.0030009	-0.0027410	-0.0024647	-0.0021695	-0.0018533	-0.0015184	-0.0011571	-0.0007770	-0.0003809	+0.0000276	+0.0004369	+0.0008317	+0.0012068	+0.0015566	+0.0018858	+0.0021861	+0.0024690	+0.0027206	+0.0029649	+0.0031996
2011-07	-0.024	-0.0041138	-0.0039157	-0.0037061	-0.0034769	-0.0032272	-0.0029550	-0.0026551	-0.0023224	-0.0019531	-0.0015473	-0.0011123	-0.0006582	-0.0001901	+0.0002678	+0.0007152	+0.0011501	+0.0015582	+0.0019526	+0.0023331	+0.0027027	+0.0030736
2011-08	-0.008	-0.0044730	-0.0042914	-0.0040970	-0.0038854	-0.0036472	-0.0033863	-0.0030919	-0.0027501	-0.0023503	-0.0018856	-0.0013719	-0.0008315	-0.0002685	+0.0002888	+0.0008340	+0.0013738	+0.0018933	+0.0023944	+0.0028808	+0.0033578	+0.0037991
2011-09	-0.049	-0.0061685	-0.0057655	-0.0053413	-0.0048915	-0.0044222	-0.0039204	-0.0033816	-0.0028011	-0.0021854	-0.0015374	-0.0008696	-0.0001926	+0.0004731	+0.0011091	+0.0017049	+0.0022637	+0.0027816	+0.0032778	+0.0037307	+0.0041549	+0.0045631
2011-10	-0.026	-0.0077213	-0.0072932	-0.0068348	-0.0063434	-0.0058148	-0.0052377	-0.0046054	-0.0039147	-0.0031713	-0.0023716	-0.0015329	-0.0006658	+0.0001965	+0.0010312	+0.0018318	+0.0026076	+0.0033366	+0.0040293	+0.0046939	+0.0052962	+0.0058819
2011-11	-0.052	-0.0086269	-0.0081960	-0.0077183	-0.0071840	-0.0065952	-0.0059544	-0.0052640	-0.0045060	-0.0036904	-0.0028361	-0.0019471	-0.0010288	-0.0001280	+0.0007432	+0.0015742	+0.0023727	+0.0031319	+0.0038736	+0.0045763	+0.0052730	+0.0060201
2011-12	-0.009	-0.0092160	-0.0088785	-0.0084530	-0.0079426	-0.0073504	-0.0066604	-0.0058770	-0.0050051	-0.0040385	-0.0029753	-0.0018395	-0.0006549	+0.0005478	+0.0017621	+0.0029516	+0.0041492	+0.0053000	+0.0064407	+0.0076828	+0.0092686	+0.0100000
2012-01	0.018	-0.0075647	-0.0071781	-0.0067720	-0.0063300	-0.0058491	-0.0053282	-0.0047412	-0.0040809	-0.0033478	-0.0025554	-0.0017027	-0.0008257	+0.0000778	+0.0009552	+0.0018182	+0.0026500	+0.0034542	+0.0042135	+0.0049574	+0.0056260	+0.0062942
2012-02	0.103	-0.0036174	-0.0033457	-0.0030608	-0.0027570	-0.0024337	-0.0020825	-0.0016967	-0.0012788	-0.0008299	-0.0003526	+0.0001416	+0.0006425	+0.0011367	+0.0016051	+0.0020465	+0.0024595	+0.0028439	+0.0031990	+0.0035317	+0.0038382	+0.0041446
2012-03	0.030	-0.0073190	-0.0064871	-0.0055773	-0.0046283	-0.0035932	-0.0025059	-0.0013726	-0.0001905	+0.0010271	+0.0022390	+0.0034129	+0.0045287	+0.0055431	+0.0064412	+0.0072419	+0.0079586	+0.0085951	+0.0091814	+0.0097175	+0.0100000	+0.0100000
2012-04	-0.016	-0.0076193	-0.0068622	-0.0059877	-0.0049567	-0.0038904	-0.0027800	-0.0015609	-0.0003044	+0.0009814	+0.0022885	+0.0035551	+0.0047501	+0.0058501	+0.0068284	+0.0076830	+0.0084392	+0.0091230	+0.0097638	+0.0100000	+0.0100000	+0.0100000
2012-05	-0.038	-0.0047540	-0.0043403	-0.0039141	-0.0034567	-0.0029764	-0.0024739	-0.0019300	-0.0013553	-0.0007519	-0.0001232	+0.0005150	+0.0011509	+0.0017704	+0.0023477	+0.0028912	+0.0033971	+0.0038608	+0.0042919	+0.0046919	+0.0050684	+0.0054288
2012-06	0.030	-0.0064933	-0.0061913	-0.0058669	-0.0055054	-0.0051178	-0.0046807	-0.0041972	-0.0036492	-0.0030359	-0.0023597	-0.0016227	-0.0008523	-0.0000682	+0.0007269	+0.0014985	+0.0022451	+0.0029689	+0.0036664	+0.0043482	+0.0049824	+0.0055863
2012-07	-0.010	-0.0053313	-0.0049337	-0.0045112	-0.0040726	-0.0036085	-0.0031123	-0.0025802	-0.0020196	-0.0014257	-0.0008157	-0.0001985	+0.0004126	+0.0010019	+0.0015558	+0.0020706	+0.0025427	+0.0029736	+0.0033580	+0.0037237	+0.0040574	+0.0043695
2012-08	0.029	-0.0031306	-0.0027783	-0.0024158	-0.0020251	-0.0016018	-0.0011453	-0.0006578	-0.0001409	+0.0004049	+0.0009670	+0.0015420	+0.0021068	+0.0026525	+0.0031637	+0.0036353	+0.0040708	+0.0044700	+0.0048411	+0.0051908	+0.0055203	+0.0058395
2012-09	0.044	-0.0028088	-0.0025799	-0.0023404	-0.0020786	-0.0018038	-0.0015099	-0.0011924	-0.0008521	-0.0004909	-0.0001123	+0.0002805	+0.0006728	+0.0010552	+0.0014198	+0.0017584	+0.0020709	+0.0023602	+0.0026288	+0.0028793	+0.0031159	+0.0033394
2012-10	0.027	-0.0043706	-0.0038146	-0.0032479	-0.0026509	-0.0020389	-0.0014099	-0.0007626	-0.0000960	+0.0005851	+0.0012643	+0.0019181	+0.0025345	+0.0030936	+0.0035837	+0.0040086	+0.0043795	+0.0047026	+0.0049890	+0.0052455	+0.0054768	+0.0056980
2012-11	0.012	-0.0041333	-0.0035742	-0.0030062	-0.0024383	-0.0018310	-0.0011995	-0.0005380	+0.0001278	+0.0008189	+0.0014948	+0.0021418	+0.0027568	+0.0033123	+0.0037906	+0.0041930	+0.0045314	+0.0048243	+0.0050843	+0.0053237	+0.0055422	+0.0057492
2012-12	0.044	-0.0025760	-0.0022716	-0.0019606	-0.0016362	-0.0012965	-0.0009406	-0.0005587	-0.0001568	+0.0002646	+0.0006975	+0.0011359	+0.0015674	+0.0019807	+0.0023718	+0.0027328	+0.0030636	+0.0033723	+0.0036516	+0.0039064	+0.0041514	+0.0043852
2013-01	0.090	-0.0039359	-0.0035162	-0.0030897	-0.0026316	-0.0021608	-0.0016682	-0.0011414	-0.0005694	+0.0000208	+0.0006303	+0.0012399	+0.0018369	+0.0024093	+0.0029428	+0.0034394	+0.0039011	+0.0043236	+0.0047113	+0.0050661	+0.0053883	+0.0056866
2013-02	0.058	-0.0066163	-0.0058020	-0.0049139	-0.0039723	-0.0029357	-0.0018429	-0.0007221	+0.0004411	+0.0016483	+0.0028514	+0.0040090	+0.0051046	+0.0060977	+0.0069743	+0.0077432	+0.0084241	+0.0090127	+0.0095387	+0.0100000	+0.0100000	+0.0100000
2013-03	0.189	-0.0073327	-0.0065202	-0.0055933	-0.0046271	-0.0035832	-0.0024355	-0.0012107	+0.0000470	+0.0013264	+0.0026156	+0.0038476	+0.0050121	+0.0060634	+0.0069852	+0.0077687	+0.0084419	+0.0090468	+0.0095910	+0.0100000	+0.0100000	+0.0100000
2013-04	-0.019	-0.0089974	-0.0084773	-0.0076952	-0.0065817	-0.0050778	-0.0032956	-0.0013245	+0.0008600	+0.0032622	+0.0056225	+0.0079228	+0.0100000	+0.0100000	+0.0100000	+0.0100000	+0.0100000	+0.0100000	+0.0100000	+0.0100000	+0.0100000	+0.0100000
2013-05	-0.134	-0.0090967	-0.0086213	-0.0079495	-0.0070923	-0.0060143	-0.0047246	-0.0032464	-0.0016318	+0.0000704	+0.0018415	+0.0036517	+0.0054418	+0.0071769	+0.0088655	+0.0100000	+0.0100000	+0.0100000	+0.0100000	+0.0100000	+0.0100000	+0.0100000
2013-06	0.026	-0.0097823	-0.0096453	-0.0094321	-0.0091064	-0.0086324	-0.0079620	-0.0070717	-0.0059283	-0.0045585	-0.0029751	-0.0012153	+0.0006970	+0.0027583	+0.0051122	+0.0083167	+0.0100000	+0.0100000	+0.0100000	+0.0100000	+0.0100000	+0.0100000
2013-07	-0.050	-0.0098010	-0.0096825	-0.0094894	-0.0091924	-0.0087382	-0.0080809	-0.0071828	-0.0060136	-0.0045451	-0.0027788	-0.0007576	+0.0015463	+0.0042284	+0.0077149	+0.0100000	+0.0100000	+0.0100000	+0.0100000	+0.0100000	+0.0100000	+0.0100000
2013-08	-0.003	-0.0076629	-0.0071676	-0.0066403	-0.0060475	-0.0054084	-0.0047210	-0.0039870	-0.0031968	-0.0023322	-0.0014124	-0.0004682	+0.0004833	+0.0014216	+0.0023339	+0.0032030	+0.0040297	+0.0048244	+0.0055617	+0.0062577	+0.0069166	+0.0076031
2013-09	0.125	-0.0063762	-0.0060222	-0.0056581	-0.0052665	-0.0048276	-0.0043562	-0.0038456	-0.0032936	-0.0026873	-0.0020343	-0.0013531	-0.0006578	+0.0000318	+0.0007020	+0.0013471	+0.0019471	+0.0025278	+0.0030701	+0.0035691	+0.0040632	+0.0045486
2013-10	-0.019	-0.0064217	-0.0057103	-0.0049541	-0.0041508	-0.0033100	-0.0024169	-0.0014665	-0.0004826	+0.0005335	+0.0015634	+0.0025790	+0.0035551	+0.0044653	+0.0053093	+0.0060887	+0.0067948	+0.0074499	+0.0080484	+0.0085983	+0.0091160	+0.0096290
2013-11	-0.000	-0.0075771	-0.0068446	-0.0060214	-0.0051184	-0.0041521	-0.0031280	-0.0020512	-0.0009415	+0.0002084	+0.0013736	+0.0025352	+0.0036303	+0.0046497	+0.0055865	+0.0064387	+0.0072014	+0.0079062	+0.0085566	+0.0091626	+0.0097633	+0.0100000
2013-12	0.032	-0.0030800	-0.0028084	-0.0025227	-0.0022258	-0.0019021	-0.0015489	-0.0011692	-0.0007571	-0.0003221	+0.0001371	+0.0006113	+0.0010874	+0.0015460	+0.0019861	+0.0023977	+0.0027808	+0.0031380	+0.0034692	+0.0037764	+0.0040730	+0.0043523
2014-01	-0.005	-0.0033447	-0.0030429	-0.0027196	-0.0023714	-0.0019976	-0.0016011	-0.0011641	-0.0006976	-0.0001923	+0.0003453	+0.0008947	+0.0014505	+0.0020016	+0.0025292	+0.0030308	+0.0034961	+0.0039409	+0.0043509	+0.0047391	+0.0051152	+0.0054663
2014-02	0.007	-0.0040595	-0.0037251	-0.0033897	-0.0030239	-0.0026274	-0.0021986	-0.0017300	-0.0012166	-0.0006696	-0.0000840	+0.0005274	+0.0011469	+0.0017541	+0.0023397	+0.0028966	+0.0034250	+0.0039109	+0.0043783	+0.0048166	+0.0052360	+0.0056477
2014-03	-0.020	-0.0039406	-0.0035937	-0.0032366	-0.0028591	-0.0024640	-0.0020382	-0.0015829	-0.0011073	-0.0006045	-0.0000852	+0.0004393	+0.0009547	+0.0014498	+0.0019153	+0.0023507	+0.0027547	+0.0031280	+0.0034665	+0.0037804	+0.0040758	+0.0043561
2014-04	0.017	-0.0025849	-0.0023604	-0.0021234	-0.0018770	-0.0016115	-0.0013186	-0.0009992	-0.0006593	-0.0002957	+0.0000841	+0.0004685	+0.0008507	+0.0012207	+0.0015744	+0.0019085	+0.0022153	+0.0025011	+0.0027613	+0.0030109	+0.0032466	+0.0034706
2014-05	0.037	-0.0028596	-0.0026279	-0.0023910	-0.0021330	-0.0018615	-0.0015703	-0.0012575	-0.0009261	-0.0005749	-0.0002021	+0.0001804	+0.0005568	+0.0009211	+0.0012661	+0.0015869	+0.0018873	+0.0021679	+0.0024275	+0.0026679	+0.0028984	+0.0031149
2014-06	0.018	-0.0026897	-0.0023935	-0.0020774	-0.0017395	-0.0013858	-0.0010187	-0.0006286	-0.0002231	+0.0002065	+0.0006388	+0.0010614	+0.0014708	+0.0018534	+0.0022085	+0.0025290	+0.0028166	+0.0030790	+0.0033189	+0.0035412	+0.0037458	+0.0039255
2014-07	0.011	-0.0030866	-0.0026946	-0.0022929	-0.0018597	-0.0014136	-0.0009559	-0.0004765	+0.0000140	+0.0005212	+0.0010281	+0.0015198	+0.0019842	+0.0024096	+0.0027940	+0.0031372	+0.0034417	+0.0037114	+0.0039538	+0.0041790	+0.0043878	+0.0045694
2014-08	0.022	-0.0025333	-0.0022703	-0.0019843	-0.0016897	-0.0013817	-0.0010589	-0.0007189	-0.0003633	+0.0000013	+0.0003667	+0.0007304	+0.0010800	+0.0014149	+0.0017218	+0.0019992	+0.0022504	+0.0024828	+0.0026962	+0.0028923	+0.0030795	+0.0032601
2014-09	0.015	-0.0021574	-0.0018852	-0.0016033	-0.0013272	-0.0010305	-0.0007263	-0.0004089	-0.0000804	+0.0002578	+0.0006017	+0.0009421	+0.0012674	+0.0015708	+0.0018479	+0.0020972	+0.0023267	+0.0025345	+0.0027273	+0.0029020	+0.0030648	+0.0032097
2014-10	0.023	-0.0026725	-0.0023685	-0.0020552	-0.0017178	-0.0013697	-0.0010058	-0.0006247	-0.0002221	+0.0001868	+0.0006030	+0.0010123	+0.0014059	+0.0017724	+0.0021080	+0.0024136	+0.0026880	+0.0029352	+0.0031630	+0.0033708	+0.0035592	+0.0037369
2014-11	0.058	-0.0023118	-0.0020884	-0.0018452	-0.0015820	-0.0012949	-0.0009897	-0.0006590	-0.0003004	+0.0000859	+0.0004989	+0.0009288	+0.0013692	+0.0018038	+0.0022245	+0.0026246	+0.0029979	+0.0033515	+0.0036863	+0.0040065	+0.0043131	+0.0046038
2014-12	0.034	-0.0048511	-0.0042610	-0.0036292	-0.0029534	-0.0022555	-0.0015249	-0.0007547	+0.0000533	+0.0008940	+0.0017497	+0.0025991	+0.0034272	+0.0042056	+0.0049314	+0.0056024	+0.0062131	+0.0067812	+0.0073039	+0.0077811	+0.0082399	+0.0086598
2015-01	-0.003	-0.0051698	-0.0045308	-0.0038659	-0.0031575	-0.0024091	-0.0016423	-0.0008452	-0.0000258	+0.0008395	+0.0017137	+0.0025729	+0.0033994	+0.0041741	+0.0048849	+0.0055246	+0.0061055	+0.0066168	+0.0070842	+0.0075048	+0.0078919	+0.0082455
2015-02	-0.026	-0.0037577	-0.0034736	-0.0031672	-0.0028401	-0.0024914	-0.0021163	-0.0017072	-0.0012660	-0.0007900	-0.0002893	+0.0002263	+0.0007367	+0.0012336	+0.0017065	+0.0021475	+0.0025572	+0.0029406	+0.0032933	+0.0036201	+0.0039306	+0.0042241
