2011-03	0.056	-0.0088118	-0.0084373	-0.0080109	-0.0075334	-0.0069858	-0.0063908	-0.0057269	-0.0049882	-0.0041813	-0.0033066	-0.0023655	-0.0013762	-0.0003841	+0.0006038	+0.0015700	+0.0025117	+0.0034122	+0.0042668	+0.0051140	+0.0059903	+0.0069493
2011-04	0.016	-0.0067697	-0.0061985	-0.0055751	-0.0049316	-0.0042536	-0.0035202	-0.0027363	-0.0018984	-0.0010228	-0.0001095	+0.0008200	+0.0017330	+0.0026177	+0.0034435	+0.0042124	+0.0049208	+0.0055777	+0.0061763	+0.0067454	+0.0072868	+0.0078093
2011-05	-0.060	-0.0074414	-0.0068129	-0.0061120	-0.0053653	-0.0045535	-0.0036912	-0.0027554	-0.0017650	-0.0007010	+0.0004077	+0.0015345	+0.0026340	+0.0036990	+0.0047003	+0.0056386	+0.0065039	+0.0073292	+0.0080922	+0.0087989	+0.0094609	+0.0100000
2011-06	-0.013	-0.0091810	-0.0088268	-0.0083752	-0.0078297	-0.0072049	-0.0064949	-0.0057092	-0.0048556	-0.0039405	-0.0029751	-0.0019860	-0.0009882	-0.0000134	+0.0009190	+0.0018125	+0.0026634	+0.0034927	+0.0043209	+0.0052495	+0.0064633	+0.0100000
2011-07	-0.029	-0.0069672	-0.0065169	-0.0060377	-0.0055114	-0.0049448	-0.0043436	-0.0036895	-0.0029745	-0.0021994	-0.0013814	-0.0005209	+0.0003522	+0.0012163	+0.0020619	+0.0028613	+0.0036237	+0.0043542	+0.0050426	+0.0057015	+0.0063209	+0.0069327
2011-08	-0.130	-0.0079206	-0.0074539	-0.0069589	-0.0064112	-0.0058188	-0.0051861	-0.0045008	-0.0037625	-0.0029776	-0.0021528	-0.0013012	-0.0004478	+0.0003844	+0.0011824	+0.0019420	+0.0026604	+0.0033311	+0.0039632	+0.0045801	+0.0051611	+0.0057193
2011-09	-0.120	-0.0098545	-0.0097624	-0.0096178	-0.0093856	-0.0090379	-0.0085157	-0.0077772	-0.0067917	-0.0054980	-0.0038930	-0.0019500	+0.0004025	+0.0034770	+0.0094788	+0.0100000	+0.0100000	+0.0100000	+0.0100000	+0.0100000	+0.0100000	+0.0100000
2011-10	0.132	-0.0098573	-0.0097671	-0.0096217	-0.0093849	-0.0090179	-0.0084431	-0.0075708	-0.0062849	-0.0044221	-0.0018166	+0.0019127	+0.0091721	+0.0100000	+0.0100000	+0.0100000	+0.0100000	+0.0100000	+0.0100000	+0.0100000	+0.0100000	+0.0100000
2011-11	-0.090	-0.0096399	-0.0094251	-0.0090997	-0.0086198	-0.0079514	-0.0070639	-0.0059489	-0.0046093	-0.0030750	-0.0013991	+0.0003845	+0.0022322	+0.0041112	+0.0060477	+0.0080876	+0.0100000	+0.0100000	+0.0100000	+0.0100000	+0.0100000	+0.0100000
2011-12	-0.015	-0.0086386	-0.0080733	-0.0073846	-0.0065496	-0.0055979	-0.0045349	-0.0033505	-0.0020466	-0.0006565	+0.0008114	+0.0023238	+0.0038624	+0.0053686	+0.0068308	+0.0082226	+0.0095492	+0.0100000	+0.0100000	+0.0100000	+0.0100000	+0.0100000
2012-01	0.082	-0.0095973	-0.0093725	-0.0090464	-0.0085971	-0.0080129	-0.0072973	-0.0064320	-0.0054215	-0.0042909	-0.0030383	-0.0017093	-0.0003340	+0.0010646	+0.0024899	+0.0039253	+0.0054291	+0.0071928	+0.0099730	+0.0100000	+0.0100000	+0.0100000
2012-02	0.122	-0.0072259	-0.0066619	-0.0060405	-0.0053845	-0.0046732	-0.0038995	-0.0030761	-0.0021988	-0.0012795	-0.0003286	+0.0006277	+0.0015739	+0.0024986	+0.0033778	+0.0041891	+0.0049405	+0.0056425	+0.0062885	+0.0068850	+0.0074393	+0.0079818
2012-03	-0.013	-0.0081861	-0.0073448	-0.0063286	-0.0052116	-0.0039498	-0.0024138	-0.0008908	+0.0006275	+0.0023928	+0.0040765	+0.0055737	+0.0071144	+0.0085513	+0.0096584	+0.0100000	+0.0100000	+0.0100000	+0.0100000	+0.0100000	+0.0100000	+0.0100000
2012-04	-0.033	-0.0082253	-0.0075501	-0.0067354	-0.0057893	-0.0047670	-0.0036724	-0.0025130	-0.0012792	+0.0000055	+0.0013079	+0.0025893	+0.0038296	+0.0049864	+0.0060475	+0.0069947	+0.0078578	+0.0086469	+0.0093800	+0.0100000	+0.0100000	+0.0100000
2012-05	-0.145	-0.0085646	-0.0081220	-0.0076344	-0.0070837	-0.0064682	-0.0057822	-0.0050380	-0.0042335	-0.0033715	-0.0024547	-0.0014950	-0.0005319	+0.0004199	+0.0013454	+0.0022356	+0.0030788	+0.0038798	+0.0046407	+0.0054022	+0.0061599	+0.0069604
2012-06	0.005	-0.0098934	-0.0098269	-0.0097171	-0.0095457	-0.0092779	-0.0088738	-0.0082901	-0.0074782	-0.0063721	-0.0049957	-0.0033557	-0.0013309	+0.0011529	+0.0049995	+0.0100000	+0.0100000	+0.0100000	+0.0100000	+0.0100000	+0.0100000	+0.0100000
2012-07	0.030	-0.0097682	-0.0096260	-0.0094194	-0.0091191	-0.0086964	-0.0081221	-0.0073960	-0.0065135	-0.0054793	-0.0042972	-0.0029803	-0.0015766	-0.0000799	+0.0014941	+0.0032187	+0.0053414	+0.0100000	+0.0100000	+0.0100000	+0.0100000	+0.0100000
2012-08	0.013	-0.0067477	-0.0061308	-0.0054799	-0.0047727	-0.0040020	-0.0031853	-0.0023166	-0.0013986	-0.0004209	+0.0006001	+0.0016477	+0.0026926	+0.0037065	+0.0046840	+0.0055997	+0.0064542	+0.0072452	+0.0079784	+0.0086567	+0.0093029	+0.0099261
2012-09	0.044	-0.0057090	-0.0052617	-0.0048070	-0.0043257	-0.0038098	-0.0032459	-0.0026466	-0.0019992	-0.0013021	-0.0005698	+0.0001823	+0.0009235	+0.0016420	+0.0023296	+0.0029787	+0.0035908	+0.0041512	+0.0046774	+0.0051707	+0.0056223	+0.0060524
2012-10	0.016	-0.0044856	-0.0040421	-0.0035731	-0.0030848	-0.0025616	-0.0019992	-0.0014034	-0.0007611	-0.0000904	+0.0006134	+0.0013297	+0.0020481	+0.0027484	+0.0034022	+0.0040301	+0.0046083	+0.0051478	+0.0056616	+0.0061367	+0.0065682	+0.0069870
2012-11	0.048	-0.0053711	-0.0048562	-0.0043327	-0.0037659	-0.0031509	-0.0024967	-0.0017983	-0.0010676	-0.0003150	+0.0004684	+0.0012618	+0.0020389	+0.0027948	+0.0035187	+0.0041945	+0.0048163	+0.0053927	+0.0059268	+0.0064388	+0.0069199	+0.0073835
2012-12	0.093	-0.0041702	-0.0037407	-0.0032902	-0.0028163	-0.0023149	-0.0017911	-0.0012323	-0.0006435	-0.0000315	+0.0005961	+0.0012365	+0.0018600	+0.0024596	+0.0030267	+0.0035524	+0.0040448	+0.0044946	+0.0049084	+0.0052944	+0.0056467	+0.0059766
2013-01	0.079	-0.0071232	-0.0063082	-0.0054110	-0.0044529	-0.0034171	-0.0022973	-0.0011604	+0.0000001	+0.0012046	+0.0024107	+0.0035563	+0.0046386	+0.0056233	+0.0064725	+0.0071814	+0.0077852	+0.0083028	+0.0087732	+0.0092019	+0.0096002	+0.0100000
2013-02	-0.010	-0.0085998	-0.0079367	-0.0070823	-0.0059867	-0.0046713	-0.0032014	-0.0016354	+0.0000515	+0.0018093	+0.0035619	+0.0052772	+0.0069168	+0.0084123	+0.0097076	+0.0100000	+0.0100000	+0.0100000	+0.0100000	+0.0100000	+0.0100000	+0.0100000
2013-03	-0.003	-0.0049267	-0.0045374	-0.0041155	-0.0036688	-0.0031829	-0.0026651	-0.0020978	-0.0014900	-0.0008385	-0.0001545	+0.0005489	+0.0012563	+0.0019488	+0.0026146	+0.0032423	+0.0038334	+0.0043882	+0.0049152	+0.0054114	+0.0058688	+0.0063179
2013-04	0.044	-0.0064225	-0.0060043	-0.0055702	-0.0051090	-0.0046204	-0.0040954	-0.0035278	-0.0029134	-0.0022598	-0.0015717	-0.0008729	-0.0001766	+0.0005097	+0.0011711	+0.0017927	+0.0023733	+0.0029022	+0.0033996	+0.0038582	+0.0042918	+0.0046972
2013-05	0.028	-0.0076490	-0.0070875	-0.0064608	-0.0057687	-0.0050168	-0.0041954	-0.0033224	-0.0024017	-0.0014376	-0.0004250	+0.0006084	+0.0016302	+0.0026174	+0.0035634	+0.0044466	+0.0052619	+0.0060153	+0.0067285	+0.0074087	+0.0080578	+0.0086766
2013-06	-0.132	-0.0072767	-0.0065963	-0.0058676	-0.0050636	-0.0041981	-0.0032817	-0.0023177	-0.0012797	-0.0001844	+0.0009516	+0.0020945	+0.0032180	+0.0042968	+0.0053048	+0.0062381	+0.0070978	+0.0078996	+0.0086201	+0.0093041	+0.0099395	+0.0100000
2013-07	0.029	-0.0097675	-0.0096296	-0.0094131	-0.0090913	-0.0086343	-0.0080119	-0.0072072	-0.0062071	-0.0050277	-0.0036612	-0.0021400	-0.0004814	+0.0012790	+0.0032215	+0.0055122	+0.0090110	+0.0100000	+0.0100000	+0.0100000	+0.0100000	+0.0100000
2013-08	-0.026	-0.0095099	-0.0092524	-0.0088859	-0.0084007	-0.0077828	-0.0070340	-0.0061387	-0.0051297	-0.0040170	-0.0028088	-0.0015422	-0.0002392	+0.0010712	+0.0023693	+0.0036647	+0.0049983	+0.0064538	+0.0083798	+0.0100000	+0.0100000	+0.0100000
2013-09	0.073	-0.0078851	-0.0073781	-0.0068565	-0.0062711	-0.0056341	-0.0049393	-0.0041942	-0.0033749	-0.0025023	-0.0015838	-0.0006438	+0.0003006	+0.0012274	+0.0021084	+0.0029360	+0.0037075	+0.0044320	+0.0051073	+0.0057624	+0.0063858	+0.0069885
2013-10	0.036	-0.0080516	-0.0074602	-0.0067885	-0.0060604	-0.0052582	-0.0043959	-0.0034737	-0.0024890	-0.0014545	-0.0003772	+0.0007283	+0.0018276	+0.0028902	+0.0038973	+0.0048320	+0.0056983	+0.0064945	+0.0072527	+0.0079862	+0.0086793	+0.0093822
2013-11	0.035	-0.0068119	-0.0061141	-0.0053307	-0.0045040	-0.0036142	-0.0027104	-0.0017855	-0.0008111	+0.0002033	+0.0012202	+0.0022238	+0.0031877	+0.0040874	+0.0049065	+0.0056654	+0.0063573	+0.0069964	+0.0075869	+0.0081281	+0.0086263	+0.0090781
2013-12	0.025	-0.0051559	-0.0045973	-0.0040099	-0.0033781	-0.0027294	-0.0020241	-0.0012891	-0.0005304	+0.0002482	+0.0010502	+0.0018521	+0.0026368	+0.0033753	+0.0040615	+0.0046936	+0.0052756	+0.0058104	+0.0062976	+0.0067568	+0.0071923	+0.0075969
2014-01	-0.078	-0.0052699	-0.0047307	-0.0041446	-0.0035238	-0.0028722	-0.0021861	-0.0014617	-0.0006999	+0.0000890	+0.0009094	+0.0017313	+0.0025362	+0.0033059	+0.0040266	+0.0046857	+0.0052895	+0.0058596	+0.0063897	+0.0068693	+0.0073286	+0.0077771
2014-02	0.019	-0.0087727	-0.0083405	-0.0078240	-0.0072616	-0.0066332	-0.0059474	-0.0051972	-0.0043830	-0.0035049	-0.0025804	-0.0016379	-0.0006937	+0.0002296	+0.0011222	+0.0019712	+0.0027933	+0.0035859	+0.0043498	+0.0051285	+0.0059434	+0.0069015
2014-03	-0.011	-0.0079686	-0.0074531	-0.0068951	-0.0062974	-0.0056475	-0.0049386	-0.0041735	-0.0033536	-0.0024913	-0.0015966	-0.0006876	+0.0002048	+0.0010621	+0.0018684	+0.0026247	+0.0033261	+0.0039800	+0.0046076	+0.0052047	+0.0057666	+0.0063135
2014-04	0.012	-0.0051909	-0.0047200	-0.0042239	-0.0036996	-0.0031496	-0.0025508	-0.0019117	-0.0012368	-0.0005212	+0.0002203	+0.0009823	+0.0017376	+0.0024693	+0.0031726	+0.0038170	+0.0044128	+0.0049685	+0.0054863	+0.0059568	+0.0063908	+0.0067969
2014-05	0.031	-0.0047041	-0.0043027	-0.0038739	-0.0034159	-0.0029350	-0.0024075	-0.0018485	-0.0012483	-0.0006113	+0.0000566	+0.0007318	+0.0014063	+0.0020658	+0.0026854	+0.0032590	+0.0037901	+0.0042766	+0.0047337	+0.0051498	+0.0055376	+0.0059021
2014-06	0.018	-0.0043833	-0.0039947	-0.0036052	-0.0031901	-0.0027418	-0.0022661	-0.0017562	-0.0012201	-0.0006616	-0.0000926	+0.0004817	+0.0010522	+0.0016040	+0.0021254	+0.0026103	+0.0030591	+0.0034687	+0.0038473	+0.0041988	+0.0045352	+0.0048584
2014-07	0.039	-0.0041175	-0.0036251	-0.0031387	-0.0026334	-0.0021124	-0.0015657	-0.0009929	-0.0004001	+0.0002088	+0.0008124	+0.0014157	+0.0019786	+0.0025056	+0.0029855	+0.0034175	+0.0038123	+0.0041719	+0.0045024	+0.0047985	+0.0050674	+0.0053109
2014-08	0.017	-0.0036185	-0.0032005	-0.0027761	-0.0023343	-0.0018606	-0.0013801	-0.0008700	-0.0003313	+0.0002157	+0.0007760	+0.0013348	+0.0018768	+0.0023887	+0.0028634	+0.0032912	+0.0036795	+0.0040354	+0.0043552	+0.0046529	+0.0049298	+0.0051936
2014-09	-0.016	-0.0044371	-0.0039567	-0.0034729	-0.0029487	-0.0024155	-0.0018578	-0.0012746	-0.0006735	-0.0000560	+0.0005720	+0.0012061	+0.0018178	+0.0023919	+0.0029263	+0.0034115	+0.0038542	+0.0042651	+0.0046438	+0.0049958	+0.0053244	+0.0056311
2014-10	-0.014	-0.0043291	-0.0039746	-0.0035864	-0.0031682	-0.0027257	-0.0022624	-0.0017718	-0.0012506	-0.0007063	-0.0001389	+0.0004427	+0.0010197	+0.0015785	+0.0021103	+0.0026033	+0.0030644	+0.0034907	+0.0038833	+0.0042395	+0.0045667	+0.0048640
2014-11	0.077	-0.0070018	-0.0065749	-0.0061096	-0.0056160	-0.0050936	-0.0045256	-0.0039089	-0.0032526	-0.0025520	-0.0018207	-0.0010655	-0.0003080	+0.0004307	+0.0011366	+0.0017996	+0.0024222	+0.0030051	+0.0035478	+0.0040628	+0.0045501	+0.0049958
2014-12	-0.033	-0.0059321	-0.0053221	-0.0047018	-0.0040299	-0.0033252	-0.0025574	-0.0017285	-0.0008551	+0.0000619	+0.0010124	+0.0019865	+0.0029511	+0.0038889	+0.0047820	+0.0056151	+0.0063820	+0.0070867	+0.0077498	+0.0083609	+0.0089461	+0.0094783
2015-01	-0.003	-0.0071680	-0.0066311	-0.0060573	-0.0054640	-0.0048141	-0.0041242	-0.0033649	-0.0025600	-0.0017115	-0.0008299	+0.0000611	+0.0009491	+0.0018037	+0.0026176	+0.0033818	+0.0040880	+0.0047375	+0.0053464	+0.0059102	+0.0064391	+0.0069421
2015-02	-0.002	-0.0081699	-0.0076587	-0.0070840	-0.0064445	-0.0057500	-0.0049991	-0.0041804	-0.0033045	-0.0023728	-0.0014021	-0.0004034	+0.0005834	+0.0015373	+0.0024407	+0.0032901	+0.0040811	+0.0048211	+0.0055164	+0.0061795	+0.0068263	+0.0074835
