2013-08	-0.017	-0.0079012	-0.0073975	-0.0068544	-0.0062732	-0.0056435	-0.0049785	-0.0042604	-0.0035012	-0.0027024	-0.0018673	-0.0010179	-0.0001781	+0.0006367	+0.0014099	+0.0021261	+0.0027940	+0.0034144	+0.0039925	+0.0045287	+0.0050348	+0.0055076
2013-09	0.014	-0.0049067	-0.0045654	-0.0042110	-0.0038450	-0.0034593	-0.0030372	-0.0025786	-0.0020817	-0.0015478	-0.0009887	-0.0004174	+0.0001528	+0.0007111	+0.0012447	+0.0017458	+0.0022083	+0.0026398	+0.0030389	+0.0034082	+0.0037474	+0.0040614
2013-10	0.034	-0.0043953	-0.0041145	-0.0038084	-0.0034763	-0.0031226	-0.0027462	-0.0023426	-0.0019051	-0.0014449	-0.0009625	-0.0004695	+0.0000275	+0.0005126	+0.0009771	+0.0014138	+0.0018197	+0.0021950	+0.0025447	+0.0028767	+0.0031885	+0.0034844
2013-11	0.036	-0.0035799	-0.0032213	-0.0028383	-0.0024329	-0.0020057	-0.0015574	-0.0010902	-0.0006034	-0.0000995	+0.0004122	+0.0009238	+0.0014212	+0.0018911	+0.0023338	+0.0027387	+0.0031129	+0.0034509	+0.0037627	+0.0040521	+0.0043206	+0.0045663
2013-12	0.036	-0.0036824	-0.0032257	-0.0027190	-0.0022004	-0.0016725	-0.0011045	-0.0005169	+0.0000852	+0.0007066	+0.0013224	+0.0019183	+0.0024727	+0.0029751	+0.0034188	+0.0038029	+0.0041382	+0.0044371	+0.0047051	+0.0049537	+0.0051751	+0.0053845
2014-01	-0.030	-0.0042728	-0.0037411	-0.0031640	-0.0025915	-0.0019541	-0.0013055	-0.0006426	+0.0000409	+0.0007533	+0.0014607	+0.0021291	+0.0027611	+0.0033348	+0.0038289	+0.0042347	+0.0045779	+0.0048791	+0.0051486	+0.0053938	+0.0056211	+0.0058262
2014-02	0.009	-0.0040342	-0.0037109	-0.0033646	-0.0029929	-0.0026118	-0.0022168	-0.0017959	-0.0013496	-0.0008831	-0.0004027	+0.0000838	+0.0005649	+0.0010265	+0.0014643	+0.0018671	+0.0022390	+0.0025814	+0.0028916	+0.0031803	+0.0034495	+0.0037004
2014-03	0.013	-0.0044946	-0.0041692	-0.0038253	-0.0034565	-0.0030651	-0.0026564	-0.0022236	-0.0017652	-0.0012847	-0.0007947	-0.0003025	+0.0001771	+0.0006329	+0.0010621	+0.0014566	+0.0018183	+0.0021481	+0.0024510	+0.0027261	+0.0029851	+0.0032252
2014-04	0.007	-0.0020586	-0.0018334	-0.0016007	-0.0013450	-0.0010705	-0.0007773	-0.0004584	-0.0001160	+0.0002453	+0.0006213	+0.0010061	+0.0013863	+0.0017530	+0.0021016	+0.0024228	+0.0027213	+0.0029994	+0.0032546	+0.0034874	+0.0037027	+0.0039008
2014-05	0.005	-0.0023584	-0.0021359	-0.0019017	-0.0016554	-0.0013897	-0.0011006	-0.0007919	-0.0004616	-0.0001164	+0.0002461	+0.0006124	+0.0009768	+0.0013316	+0.0016700	+0.0019867	+0.0022811	+0.0025496	+0.0027963	+0.0030240	+0.0032375	+0.0034363
2014-06	0.005	-0.0019888	-0.0018376	-0.0016747	-0.0015035	-0.0013211	-0.0011259	-0.0009156	-0.0006932	-0.0004571	-0.0002111	+0.0000403	+0.0002906	+0.0005373	+0.0007701	+0.0009885	+0.0011905	+0.0013747	+0.0015465	+0.0017088	+0.0018616	+0.0020089
2014-07	0.015	-0.0016302	-0.0014824	-0.0013326	-0.0011681	-0.0009931	-0.0008096	-0.0006148	-0.0004044	-0.0001823	+0.0000461	+0.0002798	+0.0005113	+0.0007367	+0.0009504	+0.0011494	+0.0013341	+0.0015072	+0.0016654	+0.0018112	+0.0019491	+0.0020809
2014-08	0.012	-0.0014496	-0.0013198	-0.0011796	-0.0010321	-0.0008763	-0.0007093	-0.0005326	-0.0003435	-0.0001420	+0.0000704	+0.0002869	+0.0005031	+0.0007127	+0.0009132	+0.0011009	+0.0012743	+0.0014332	+0.0015818	+0.0017244	+0.0018575	+0.0019847
2014-09	0.032	-0.0023283	-0.0020828	-0.0018179	-0.0015509	-0.0012776	-0.0009909	-0.0006918	-0.0003764	-0.0000514	+0.0002821	+0.0006165	+0.0009429	+0.0012553	+0.0015456	+0.0018170	+0.0020626	+0.0022872	+0.0024939	+0.0026833	+0.0028582	+0.0030242
2014-10	0.003	-0.0029541	-0.0025797	-0.0021801	-0.0017661	-0.0013367	-0.0008904	-0.0004234	+0.0000600	+0.0005540	+0.0010425	+0.0015179	+0.0019683	+0.0023813	+0.0027471	+0.0030771	+0.0033689	+0.0036337	+0.0038712	+0.0040820	+0.0042688	+0.0044447
2014-11	0.083	-0.0029497	-0.0026690	-0.0023661	-0.0020418	-0.0016998	-0.0013453	-0.0009696	-0.0005727	-0.0001573	+0.0002732	+0.0007105	+0.0011389	+0.0015501	+0.0019345	+0.0022918	+0.0026202	+0.0029211	+0.0031988	+0.0034549	+0.0036949	+0.0039230
2014-12	-0.003	-0.0053521	-0.0046967	-0.0040066	-0.0033043	-0.0025698	-0.0017922	-0.0009770	-0.0001300	+0.0007471	+0.0016312	+0.0025055	+0.0033466	+0.0041285	+0.0048604	+0.0055220	+0.0061260	+0.0066833	+0.0071946	+0.0076809	+0.0081308	+0.0085507
2015-01	-0.010	-0.0045108	-0.0040661	-0.0036104	-0.0031251	-0.0026086	-0.0020599	-0.0014813	-0.0008565	-0.0002011	+0.0004697	+0.0011391	+0.0018008	+0.0024301	+0.0030134	+0.0035485	+0.0040389	+0.0044909	+0.0049167	+0.0052994	+0.0056593	+0.0059865
2015-02	-0.009	-0.0053085	-0.0049163	-0.0045024	-0.0040660	-0.0036106	-0.0031223	-0.0026006	-0.0020377	-0.0014391	-0.0008217	-0.0001984	+0.0004233	+0.0010165	+0.0015830	+0.0021112	+0.0026016	+0.0030579	+0.0034813	+0.0038722	+0.0042356	+0.0045887
