2011-03	-0.044	-0.0058466	-0.0054890	-0.0050994	-0.0046832	-0.0042425	-0.0037689	-0.0032612	-0.0027037	-0.0021016	-0.0014652	-0.0007987	-0.0001204	+0.0005541	+0.0012044	+0.0018281	+0.0024162	+0.0029687	+0.0034873	+0.0039799	+0.0044488	+0.0048964
2011-04	0.019	-0.0096500	-0.0094402	-0.0091169	-0.0086558	-0.0080045	-0.0071392	-0.0060556	-0.0047793	-0.0033437	-0.0017876	-0.0001399	+0.0015493	+0.0032548	+0.0049835	+0.0068580	+0.0094203	+0.0100000	+0.0100000	+0.0100000	+0.0100000	+0.0100000
2011-05	-0.004	-0.0095248	-0.0092537	-0.0088588	-0.0083027	-0.0075667	-0.0066258	-0.0055073	-0.0042205	-0.0028118	-0.0013127	+0.0002169	+0.0017722	+0.0032928	+0.0047860	+0.0062893	+0.0079359	+0.0100000	+0.0100000	+0.0100000	+0.0100000	+0.0100000
2011-06	-0.038	-0.0034398	-0.0031848	-0.0029062	-0.0026166	-0.0023096	-0.0019765	-0.0016182	-0.0012333	-0.0008267	-0.0004033	+0.0000337	+0.0004716	+0.0008963	+0.0012974	+0.0016771	+0.0020312	+0.0023558	+0.0026546	+0.0029404	+0.0032083	+0.0034621
2011-07	-0.027	-0.0046408	-0.0044278	-0.0041967	-0.0039434	-0.0036709	-0.0033744	-0.0030447	-0.0026757	-0.0022642	-0.0018058	-0.0013113	-0.0007941	-0.0002578	+0.0002687	+0.0007868	+0.0012838	+0.0017578	+0.0022086	+0.0026490	+0.0030784	+0.0035030
2011-08	-0.013	-0.0050051	-0.0048057	-0.0046025	-0.0043786	-0.0041281	-0.0038508	-0.0035379	-0.0031720	-0.0027290	-0.0022015	-0.0016192	-0.0010118	-0.0003731	+0.0002616	+0.0008807	+0.0015005	+0.0020938	+0.0026569	+0.0032181	+0.0037723	+0.0042674
2011-09	-0.054	-0.0066334	-0.0062264	-0.0057906	-0.0053448	-0.0048611	-0.0043432	-0.0037808	-0.0031687	-0.0025163	-0.0018234	-0.0011020	-0.0003668	+0.0003627	+0.0010645	+0.0017320	+0.0023520	+0.0029330	+0.0034925	+0.0040114	+0.0045119	+0.0049775
2011-10	-0.035	-0.0084653	-0.0080409	-0.0075665	-0.0070610	-0.0065002	-0.0058871	-0.0052019	-0.0044400	-0.0036170	-0.0027288	-0.0017832	-0.0008107	+0.0001672	+0.0011209	+0.0020353	+0.0029294	+0.0037774	+0.0045869	+0.0053846	+0.0061347	+0.0068922
2011-11	-0.061	-0.0093179	-0.0090017	-0.0085918	-0.0080999	-0.0075080	-0.0068206	-0.0060549	-0.0051964	-0.0042586	-0.0032644	-0.0022182	-0.0011386	-0.0000597	+0.0009825	+0.0020135	+0.0030283	+0.0040483	+0.0051044	+0.0063087	+0.0082129	+0.0100000
2011-12	-0.009	-0.0094766	-0.0092199	-0.0088507	-0.0083791	-0.0078040	-0.0071149	-0.0063108	-0.0054013	-0.0043788	-0.0032488	-0.0020257	-0.0007409	+0.0005755	+0.0019130	+0.0032778	+0.0046679	+0.0060915	+0.0077034	+0.0100000	+0.0100000	+0.0100000
2012-01	0.027	-0.0077881	-0.0074002	-0.0069780	-0.0065151	-0.0060164	-0.0054722	-0.0048685	-0.0041928	-0.0034526	-0.0026430	-0.0017797	-0.0008796	+0.0000403	+0.0009333	+0.0018099	+0.0026534	+0.0034688	+0.0042375	+0.0049944	+0.0057149	+0.0063928
2012-02	0.125	-0.0036369	-0.0033537	-0.0030443	-0.0027219	-0.0023705	-0.0019908	-0.0015874	-0.0011492	-0.0006805	-0.0001840	+0.0003276	+0.0008430	+0.0013432	+0.0018220	+0.0022719	+0.0026962	+0.0030901	+0.0034521	+0.0037870	+0.0041030	+0.0043952
2012-03	0.036	-0.0081314	-0.0073292	-0.0064183	-0.0053489	-0.0041519	-0.0028630	-0.0014928	-0.0000610	+0.0014450	+0.0029161	+0.0043574	+0.0057329	+0.0069662	+0.0080372	+0.0089884	+0.0098306	+0.0100000	+0.0100000	+0.0100000	+0.0100000	+0.0100000
2012-04	-0.018	-0.0083281	-0.0076184	-0.0067124	-0.0056380	-0.0044474	-0.0031581	-0.0017292	-0.0002374	+0.0013121	+0.0028826	+0.0044006	+0.0058403	+0.0071651	+0.0083292	+0.0093496	+0.0100000	+0.0100000	+0.0100000	+0.0100000	+0.0100000	+0.0100000
2012-05	-0.042	-0.0050614	-0.0046205	-0.0041535	-0.0036583	-0.0031349	-0.0025823	-0.0019915	-0.0013695	-0.0007126	-0.0000263	+0.0006691	+0.0013616	+0.0020336	+0.0026669	+0.0032555	+0.0038065	+0.0043162	+0.0047913	+0.0052255	+0.0056265	+0.0060271
2012-06	0.029	-0.0072045	-0.0068790	-0.0065302	-0.0061438	-0.0057222	-0.0052463	-0.0047155	-0.0041176	-0.0034437	-0.0026852	-0.0018635	-0.0010003	-0.0001110	+0.0007796	+0.0016631	+0.0025141	+0.0033324	+0.0041232	+0.0048940	+0.0056176	+0.0063212
2012-07	-0.011	-0.0060155	-0.0055747	-0.0051138	-0.0046122	-0.0040866	-0.0035127	-0.0029117	-0.0022769	-0.0016127	-0.0009162	-0.0002125	+0.0004769	+0.0011435	+0.0017725	+0.0023545	+0.0028908	+0.0033894	+0.0038380	+0.0042500	+0.0046380	+0.0049952
2012-08	0.030	-0.0033891	-0.0030078	-0.0026125	-0.0021915	-0.0017382	-0.0012487	-0.0007242	-0.0001682	+0.0004192	+0.0010309	+0.0016501	+0.0022649	+0.0028613	+0.0034199	+0.0039381	+0.0044174	+0.0048542	+0.0052680	+0.0056594	+0.0060233	+0.0063624
2012-09	0.050	-0.0028888	-0.0026584	-0.0024096	-0.0021438	-0.0018637	-0.0015591	-0.0012320	-0.0008833	-0.0005103	-0.0001218	+0.0002808	+0.0006848	+0.0010776	+0.0014495	+0.0017982	+0.0021196	+0.0024214	+0.0026974	+0.0029566	+0.0031991	+0.0034326
2012-10	0.023	-0.0046030	-0.0040151	-0.0034125	-0.0027765	-0.0021355	-0.0014544	-0.0007681	-0.0000554	+0.0006766	+0.0013976	+0.0020989	+0.0027614	+0.0033571	+0.0038864	+0.0043482	+0.0047538	+0.0051134	+0.0054289	+0.0057131	+0.0059771	+0.0062182
2012-11	0.021	-0.0047335	-0.0041337	-0.0035047	-0.0028762	-0.0022084	-0.0015006	-0.0007666	-0.0000252	+0.0007426	+0.0014924	+0.0022185	+0.0029080	+0.0035328	+0.0040750	+0.0045380	+0.0049389	+0.0052923	+0.0056109	+0.0059025	+0.0061615	+0.0064109
2012-12	0.049	-0.0031656	-0.0028023	-0.0024240	-0.0020391	-0.0016298	-0.0012013	-0.0007448	-0.0002588	+0.0002456	+0.0007678	+0.0012939	+0.0018126	+0.0023127	+0.0027889	+0.0032291	+0.0036362	+0.0040165	+0.0043632	+0.0046885	+0.0049927	+0.0052935
2013-01	0.104	-0.0045659	-0.0040739	-0.0035663	-0.0030300	-0.0024604	-0.0018748	-0.0012434	-0.0005712	+0.0001296	+0.0008510	+0.0015755	+0.0022833	+0.0029572	+0.0035845	+0.0041733	+0.0047083	+0.0052016	+0.0056524	+0.0060602	+0.0064379	+0.0068043
2013-02	0.063	-0.0075649	-0.0067297	-0.0057657	-0.0047078	-0.0035423	-0.0022882	-0.0009773	+0.0003867	+0.0018075	+0.0032227	+0.0045843	+0.0058736	+0.0070399	+0.0080641	+0.0089572	+0.0097391	+0.0100000	+0.0100000	+0.0100000	+0.0100000	+0.0100000
2013-03	0.193	-0.0081076	-0.0073463	-0.0064182	-0.0053801	-0.0042187	-0.0028932	-0.0014926	-0.0000123	+0.0015084	+0.0030350	+0.0045102	+0.0059090	+0.0071746	+0.0082863	+0.0092383	+0.0100000	+0.0100000	+0.0100000	+0.0100000	+0.0100000	+0.0100000
2013-04	-0.043	-0.0090234	-0.0084897	-0.0077077	-0.0065881	-0.0050973	-0.0032828	-0.0012605	+0.0009996	+0.0034568	+0.0058990	+0.0082917	+0.0100000	+0.0100000	+0.0100000	+0.0100000	+0.0100000	+0.0100000	+0.0100000	+0.0100000	+0.0100000	+0.0100000
2013-05	-0.113	-0.0091094	-0.0086485	-0.0080238	-0.0072022	-0.0061682	-0.0049489	-0.0035708	-0.0020339	-0.0004004	+0.0013033	+0.0030507	+0.0048046	+0.0065128	+0.0081847	+0.0098029	+0.0100000	+0.0100000	+0.0100000	+0.0100000	+0.0100000	+0.0100000
2013-06	0.007	-0.0097770	-0.0096407	-0.0094334	-0.0091127	-0.0086410	-0.0079802	-0.0070929	-0.0059588	-0.0046002	-0.0030271	-0.0012663	+0.0006442	+0.0027059	+0.0050693	+0.0082666	+0.0100000	+0.0100000	+0.0100000	+0.0100000	+0.0100000	+0.0100000
2013-07	-0.041	-0.0098024	-0.0096765	-0.0094809	-0.0091806	-0.0087285	-0.0080814	-0.0071887	-0.0060389	-0.0046123	-0.0029155	-0.0009790	+0.0011943	+0.0036684	+0.0067043	+0.0100000	+0.0100000	+0.0100000	+0.0100000	+0.0100000	+0.0100000	+0.0100000
2013-08	-0.013	-0.0075996	-0.0071033	-0.0065691	-0.0059969	-0.0053714	-0.0047018	-0.0039857	-0.0032109	-0.0023712	-0.0014788	-0.0005646	+0.0003558	+0.0012627	+0.0021472	+0.0029860	+0.0037840	+0.0045538	+0.0052640	+0.0059253	+0.0065640	+0.0072078
2013-09	0.132	-0.0060380	-0.0057271	-0.0053947	-0.0050334	-0.0046411	-0.0042104	-0.0037415	-0.0032313	-0.0026742	-0.0020697	-0.0014366	-0.0007906	-0.0001401	+0.0004937	+0.0011017	+0.0016826	+0.0022295	+0.0027507	+0.0032461	+0.0037280	+0.0041846
2013-10	-0.024	-0.0062071	-0.0054941	-0.0047476	-0.0039545	-0.0031313	-0.0022565	-0.0013337	-0.0003752	+0.0006151	+0.0016220	+0.0026170	+0.0035693	+0.0044611	+0.0052962	+0.0060652	+0.0067729	+0.0074151	+0.0080107	+0.0085697	+0.0090800	+0.0095776
2013-11	0.001	-0.0076743	-0.0069559	-0.0061089	-0.0052053	-0.0042364	-0.0031906	-0.0020731	-0.0009290	+0.0002542	+0.0014517	+0.0026376	+0.0037661	+0.0048213	+0.0057834	+0.0066512	+0.0074372	+0.0081561	+0.0088249	+0.0094481	+0.0100000	+0.0100000
2013-12	0.034	-0.0027922	-0.0025353	-0.0022673	-0.0019777	-0.0016700	-0.0013390	-0.0009794	-0.0005960	-0.0001900	+0.0002427	+0.0006897	+0.0011344	+0.0015686	+0.0019840	+0.0023739	+0.0027379	+0.0030742	+0.0033958	+0.0036893	+0.0039709	+0.0042411
2014-01	-0.005	-0.0030917	-0.0028034	-0.0024818	-0.0021533	-0.0017987	-0.0014177	-0.0009988	-0.0005435	-0.0000517	+0.0004689	+0.0010075	+0.0015534	+0.0020886	+0.0026076	+0.0030986	+0.0035626	+0.0040008	+0.0044103	+0.0047898	+0.0051580	+0.0054996
2014-02	0.004	-0.0039698	-0.0036308	-0.0032828	-0.0029001	-0.0024953	-0.0020565	-0.0015784	-0.0010550	-0.0004951	+0.0001011	+0.0007276	+0.0013592	+0.0019756	+0.0025689	+0.0031383	+0.0036773	+0.0041784	+0.0046519	+0.0050898	+0.0055166	+0.0059272
2014-03	-0.016	-0.0040399	-0.0036906	-0.0033204	-0.0029295	-0.0025239	-0.0020915	-0.0016310	-0.0011509	-0.0006457	-0.0001271	+0.0003965	+0.0009111	+0.0014084	+0.0018729	+0.0023026	+0.0027047	+0.0030744	+0.0034143	+0.0037241	+0.0040187	+0.0042979
2014-04	0.012	-0.0026003	-0.0023704	-0.0021240	-0.0018649	-0.0015856	-0.0012846	-0.0009566	-0.0006024	-0.0002256	+0.0001604	+0.0005544	+0.0009458	+0.0013270	+0.0016853	+0.0020251	+0.0023436	+0.0026315	+0.0028973	+0.0031520	+0.0033843	+0.0036068
2014-05	0.029	-0.0029640	-0.0027308	-0.0024908	-0.0022280	-0.0019497	-0.0016497	-0.0013288	-0.0009852	-0.0006178	-0.0002323	+0.0001645	+0.0005573	+0.0009362	+0.0012981	+0.0016382	+0.0019547	+0.0022494	+0.0025236	+0.0027817	+0.0030278	+0.0032550
2014-06	0.016	-0.0023237	-0.0021065	-0.0018751	-0.0016306	-0.0013638	-0.0010800	-0.0007734	-0.0004409	-0.0000942	+0.0002619	+0.0006199	+0.0009706	+0.0013105	+0.0016288	+0.0019233	+0.0021935	+0.0024440	+0.0026762	+0.0028917	+0.0030917	+0.0032755
2014-07	0.017	-0.0024563	-0.0021472	-0.0018398	-0.0015118	-0.0011639	-0.0008013	-0.0004243	-0.0000297	+0.0003795	+0.0007939	+0.0012034	+0.0015957	+0.0019634	+0.0023019	+0.0026143	+0.0028998	+0.0031609	+0.0034028	+0.0036253	+0.0038324	+0.0040189
2014-08	0.021	-0.0026337	-0.0023415	-0.0020322	-0.0017186	-0.0013842	-0.0010356	-0.0006690	-0.0002961	+0.0000859	+0.0004681	+0.0008466	+0.0012065	+0.0015459	+0.0018578	+0.0021378	+0.0023923	+0.0026216	+0.0028422	+0.0030445	+0.0032308	+0.0034072
2014-09	0.019	-0.0025496	-0.0022159	-0.0018932	-0.0015487	-0.0012065	-0.0008436	-0.0004674	-0.0000798	+0.0003129	+0.0007025	+0.0010832	+0.0014424	+0.0017679	+0.0020540	+0.0023093	+0.0025312	+0.0027320	+0.0029131	+0.0030747	+0.0032265	+0.0033675
2014-10	0.018	-0.0030068	-0.0026544	-0.0022918	-0.0019084	-0.0015124	-0.0011018	-0.0006672	-0.0002227	+0.0002318	+0.0006930	+0.0011406	+0.0015635	+0.0019496	+0.0022964	+0.0026095	+0.0028880	+0.0031365	+0.0033628	+0.0035641	+0.0037502	+0.0039214
2014-11	0.042	-0.0024121	-0.0021837	-0.0019409	-0.0016729	-0.0013815	-0.0010698	-0.0007302	-0.0003621	+0.0000347	+0.0004570	+0.0008974	+0.0013508	+0.0017964	+0.0022291	+0.0026417	+0.0030267	+0.0033952	+0.0037415	+0.0040722	+0.0043909	+0.0046899
2014-12	0.043	-0.0047005	-0.0041713	-0.0036274	-0.0030439	-0.0024380	-0.0017964	-0.0011166	-0.0003994	+0.0003601	+0.0011451	+0.0019437	+0.0027309	+0.0035002	+0.0042195	+0.0048876	+0.0055103	+0.0060944	+0.0066330	+0.0071405	+0.0076053	+0.0080384
2015-01	0.006	-0.0046974	-0.0041331	-0.0035310	-0.0028804	-0.0022099	-0.0015020	-0.0007698	-0.0000006	+0.0007921	+0.0016087	+0.0024180	+0.0032031	+0.0039423	+0.0046264	+0.0052520	+0.0058149	+0.0063157	+0.0067710	+0.0071831	+0.0075624	+0.0079097
2015-02	-0.031	-0.0040250	-0.0036645	-0.0032756	-0.0028757	-0.0024420	-0.0019795	-0.0014765	-0.0009471	-0.0003827	+0.0002048	+0.0008055	+0.0013985	+0.0019656	+0.0024989	+0.0029909	+0.0034476	+0.0038800	+0.0042730	+0.0046352	+0.0049838	+0.0052975
