2011-03	0.036	-0.0034059	-0.0031278	-0.0028198	-0.0024980	-0.0021547	-0.0017849	-0.0013893	-0.0009663	-0.0005257	-0.0000684	+0.0003903	+0.0008461	+0.0012846	+0.0016951	+0.0020783	+0.0024322	+0.0027635	+0.0030678	+0.0033509	+0.0036101	+0.0038540
2011-04	0.036	-0.0031704	-0.0028558	-0.0025147	-0.0021625	-0.0017964	-0.0014090	-0.0009923	-0.0005492	-0.0000797	+0.0004077	+0.0009014	+0.0013970	+0.0018790	+0.0023460	+0.0027912	+0.0032101	+0.0036114	+0.0039916	+0.0043437	+0.0046817	+0.0050065
2011-05	-0.026	-0.0039358	-0.0034920	-0.0030467	-0.0025692	-0.0020620	-0.0015188	-0.0009351	-0.0003117	+0.0003375	+0.0010105	+0.0016876	+0.0023531	+0.0029829	+0.0035815	+0.0041388	+0.0046618	+0.0051490	+0.0055935	+0.0060167	+0.0064190	+0.0067973
2011-06	0.000	-0.0054246	-0.0050001	-0.0045704	-0.0041104	-0.0036223	-0.0031113	-0.0025618	-0.0019811	-0.0013728	-0.0007407	-0.0000934	+0.0005395	+0.0011447	+0.0017153	+0.0022437	+0.0027325	+0.0031830	+0.0036034	+0.0039987	+0.0043670	+0.0047278
2011-07	-0.026	-0.0036347	-0.0033279	-0.0029980	-0.0026611	-0.0023057	-0.0019252	-0.0015203	-0.0010984	-0.0006476	-0.0001855	+0.0002852	+0.0007488	+0.0011976	+0.0016218	+0.0020203	+0.0023922	+0.0027386	+0.0030600	+0.0033633	+0.0036432	+0.0039032
2011-08	0.023	-0.0036456	-0.0034298	-0.0032004	-0.0029455	-0.0026723	-0.0023830	-0.0020710	-0.0017399	-0.0013825	-0.0010069	-0.0006199	-0.0002284	+0.0001588	+0.0005304	+0.0008850	+0.0012206	+0.0015355	+0.0018332	+0.0021169	+0.0023965	+0.0026729
2011-09	-0.050	-0.0033481	-0.0031175	-0.0028717	-0.0026122	-0.0023349	-0.0020297	-0.0017041	-0.0013508	-0.0009704	-0.0005745	-0.0001678	+0.0002452	+0.0006464	+0.0010320	+0.0014003	+0.0017472	+0.0020758	+0.0023810	+0.0026614	+0.0029226	+0.0031701
2011-10	0.036	-0.0043812	-0.0041300	-0.0038548	-0.0035625	-0.0032437	-0.0028985	-0.0025184	-0.0021028	-0.0016480	-0.0011602	-0.0006492	-0.0001265	+0.0003971	+0.0009137	+0.0014091	+0.0018825	+0.0023341	+0.0027557	+0.0031568	+0.0035424	+0.0039170
2011-11	-0.051	-0.0037763	-0.0035131	-0.0032361	-0.0029397	-0.0026179	-0.0022662	-0.0018885	-0.0014864	-0.0010553	-0.0006045	-0.0001374	+0.0003322	+0.0007894	+0.0012281	+0.0016469	+0.0020453	+0.0024140	+0.0027580	+0.0030740	+0.0033798	+0.0036650
2011-12	-0.005	-0.0039921	-0.0036837	-0.0033672	-0.0030290	-0.0026635	-0.0022706	-0.0018525	-0.0014085	-0.0009343	-0.0004420	+0.0000562	+0.0005503	+0.0010314	+0.0014895	+0.0019173	+0.0023148	+0.0026809	+0.0030208	+0.0033449	+0.0036402	+0.0039134
2012-01	0.002	-0.0056860	-0.0053679	-0.0050433	-0.0046996	-0.0043306	-0.0039276	-0.0034875	-0.0030139	-0.0025000	-0.0019438	-0.0013594	-0.0007473	-0.0001279	+0.0004808	+0.0010736	+0.0016393	+0.0021798	+0.0026956	+0.0031758	+0.0036451	+0.0040815
2012-02	0.077	-0.0033385	-0.0031230	-0.0028973	-0.0026486	-0.0023860	-0.0021029	-0.0017938	-0.0014639	-0.0011129	-0.0007443	-0.0003631	+0.0000201	+0.0003949	+0.0007482	+0.0010803	+0.0013954	+0.0016891	+0.0019709	+0.0022331	+0.0024818	+0.0027192
2012-03	0.010	-0.0048638	-0.0042590	-0.0036241	-0.0029433	-0.0022027	-0.0014446	-0.0006479	+0.0001728	+0.0010082	+0.0018547	+0.0026828	+0.0034630	+0.0041863	+0.0048309	+0.0054172	+0.0059359	+0.0063983	+0.0068208	+0.0072098	+0.0075569	+0.0078719
2012-04	-0.015	-0.0063528	-0.0056317	-0.0048455	-0.0040375	-0.0031828	-0.0022738	-0.0013427	-0.0003991	+0.0005728	+0.0015336	+0.0024654	+0.0033539	+0.0041480	+0.0048314	+0.0054186	+0.0059335	+0.0063915	+0.0068005	+0.0071780	+0.0075220	+0.0078521
2012-05	-0.061	-0.0035117	-0.0032623	-0.0029953	-0.0027132	-0.0024134	-0.0020912	-0.0017431	-0.0013652	-0.0009665	-0.0005412	-0.0000994	+0.0003465	+0.0007737	+0.0011815	+0.0015594	+0.0019151	+0.0022495	+0.0025646	+0.0028608	+0.0031466	+0.0034116
2012-06	-0.001	-0.0063428	-0.0060957	-0.0058292	-0.0055320	-0.0052084	-0.0048449	-0.0044358	-0.0039545	-0.0033965	-0.0027517	-0.0020430	-0.0013044	-0.0005267	+0.0002582	+0.0010184	+0.0017598	+0.0024803	+0.0031731	+0.0038612	+0.0045187	+0.0051418
2012-07	-0.011	-0.0052032	-0.0049338	-0.0046435	-0.0043427	-0.0040226	-0.0036678	-0.0032833	-0.0028600	-0.0023992	-0.0019066	-0.0013895	-0.0008510	-0.0003099	+0.0002238	+0.0007412	+0.0012284	+0.0016987	+0.0021550	+0.0025832	+0.0029833	+0.0033453
2012-08	0.026	-0.0039513	-0.0036931	-0.0034144	-0.0031094	-0.0027835	-0.0024377	-0.0020658	-0.0016593	-0.0012261	-0.0007772	-0.0003192	+0.0001370	+0.0005816	+0.0010123	+0.0014143	+0.0017876	+0.0021342	+0.0024550	+0.0027519	+0.0030257	+0.0032870
2012-09	0.012	-0.0029040	-0.0026883	-0.0024571	-0.0022107	-0.0019489	-0.0016663	-0.0013589	-0.0010288	-0.0006742	-0.0003009	+0.0000833	+0.0004701	+0.0008442	+0.0012041	+0.0015386	+0.0018527	+0.0021449	+0.0024186	+0.0026781	+0.0029262	+0.0031550
2012-10	0.027	-0.0024849	-0.0022376	-0.0019586	-0.0016559	-0.0013425	-0.0010092	-0.0006602	-0.0002911	+0.0000945	+0.0004890	+0.0008913	+0.0012928	+0.0016815	+0.0020495	+0.0023921	+0.0027103	+0.0030050	+0.0032780	+0.0035271	+0.0037670	+0.0040063
2012-11	0.035	-0.0032276	-0.0028839	-0.0025218	-0.0021512	-0.0017573	-0.0013356	-0.0008902	-0.0004323	+0.0000394	+0.0005179	+0.0009971	+0.0014626	+0.0019086	+0.0023220	+0.0027011	+0.0030434	+0.0033568	+0.0036475	+0.0039185	+0.0041704	+0.0044003
2012-12	0.074	-0.0041996	-0.0037081	-0.0032021	-0.0026569	-0.0021126	-0.0015411	-0.0009394	-0.0003136	+0.0003151	+0.0009454	+0.0015618	+0.0021537	+0.0026981	+0.0031955	+0.0036413	+0.0040414	+0.0044006	+0.0047306	+0.0050383	+0.0053252	+0.0055979
2013-01	0.050	-0.0056506	-0.0049433	-0.0041904	-0.0033834	-0.0025471	-0.0016726	-0.0007639	+0.0001510	+0.0011052	+0.0020299	+0.0029400	+0.0037961	+0.0045743	+0.0052319	+0.0057891	+0.0062765	+0.0067011	+0.0070730	+0.0074105	+0.0077275	+0.0080199
2013-02	-0.006	-0.0071147	-0.0063427	-0.0054866	-0.0045177	-0.0034697	-0.0023688	-0.0012057	+0.0000203	+0.0012475	+0.0024608	+0.0036547	+0.0047809	+0.0058036	+0.0067139	+0.0075120	+0.0082099	+0.0088329	+0.0094080	+0.0099537	+0.0100000	+0.0100000
2013-03	0.002	-0.0051668	-0.0046594	-0.0041253	-0.0035470	-0.0029511	-0.0023175	-0.0016331	-0.0009106	-0.0001489	+0.0006557	+0.0014827	+0.0023084	+0.0031075	+0.0038602	+0.0045680	+0.0052368	+0.0058700	+0.0064564	+0.0069963	+0.0074947	+0.0079687
2013-04	0.065	-0.0048785	-0.0045725	-0.0042434	-0.0039021	-0.0035430	-0.0031481	-0.0027208	-0.0022599	-0.0017711	-0.0012636	-0.0007438	-0.0002230	+0.0002842	+0.0007686	+0.0012258	+0.0016478	+0.0020384	+0.0024013	+0.0027328	+0.0030405	+0.0033287
2013-05	0.012	-0.0068902	-0.0062664	-0.0055882	-0.0048661	-0.0040812	-0.0032641	-0.0023847	-0.0014642	-0.0005102	+0.0004933	+0.0015232	+0.0025655	+0.0035759	+0.0045529	+0.0054937	+0.0063715	+0.0072034	+0.0080015	+0.0087626	+0.0094683	+0.0100000
2013-06	-0.038	-0.0058220	-0.0051873	-0.0045453	-0.0038636	-0.0031386	-0.0023865	-0.0015961	-0.0007544	+0.0001332	+0.0010644	+0.0020226	+0.0029902	+0.0039392	+0.0048625	+0.0057382	+0.0065604	+0.0073370	+0.0080640	+0.0087506	+0.0093910	+0.0100000
2013-07	0.013	-0.0047442	-0.0044570	-0.0041416	-0.0038072	-0.0034465	-0.0030589	-0.0026380	-0.0021903	-0.0017115	-0.0012065	-0.0006827	-0.0001522	+0.0003750	+0.0008853	+0.0013685	+0.0018316	+0.0022596	+0.0026580	+0.0030353	+0.0033906	+0.0037325
2013-08	-0.007	-0.0040087	-0.0037221	-0.0034172	-0.0030959	-0.0027464	-0.0023791	-0.0019894	-0.0015762	-0.0011407	-0.0006856	-0.0002196	+0.0002429	+0.0006882	+0.0011139	+0.0015095	+0.0018753	+0.0022095	+0.0025203	+0.0028129	+0.0030841	+0.0033353
2013-09	0.019	-0.0029521	-0.0027431	-0.0025216	-0.0022874	-0.0020387	-0.0017674	-0.0014786	-0.0011680	-0.0008388	-0.0004942	-0.0001450	+0.0001998	+0.0005351	+0.0008543	+0.0011507	+0.0014269	+0.0016817	+0.0019203	+0.0021383	+0.0023431	+0.0025331
2013-10	0.027	-0.0030361	-0.0028092	-0.0025656	-0.0023047	-0.0020352	-0.0017420	-0.0014223	-0.0010793	-0.0007199	-0.0003445	+0.0000347	+0.0004142	+0.0007800	+0.0011287	+0.0014499	+0.0017505	+0.0020259	+0.0022824	+0.0025213	+0.0027465	+0.0029569
2013-11	0.029	-0.0030300	-0.0026741	-0.0023227	-0.0019576	-0.0015569	-0.0011439	-0.0007167	-0.0002803	+0.0001738	+0.0006307	+0.0010786	+0.0015086	+0.0019015	+0.0022579	+0.0025788	+0.0028713	+0.0031310	+0.0033679	+0.0035851	+0.0037821	+0.0039742
2013-12	0.025	-0.0026816	-0.0023554	-0.0020151	-0.0016582	-0.0012671	-0.0008651	-0.0004498	-0.0000120	+0.0004359	+0.0008889	+0.0013415	+0.0017846	+0.0022026	+0.0025864	+0.0029344	+0.0032492	+0.0035400	+0.0038008	+0.0040450	+0.0042718	+0.0044796
2014-01	-0.019	-0.0041166	-0.0036186	-0.0030946	-0.0025423	-0.0019491	-0.0013248	-0.0006937	-0.0000481	+0.0006132	+0.0012820	+0.0019204	+0.0025251	+0.0030744	+0.0035503	+0.0039572	+0.0043069	+0.0046190	+0.0048965	+0.0051508	+0.0053899	+0.0056074
2014-02	0.009	-0.0024724	-0.0022651	-0.0020574	-0.0018312	-0.0015911	-0.0013317	-0.0010573	-0.0007628	-0.0004502	-0.0001212	+0.0002154	+0.0005526	+0.0008784	+0.0011927	+0.0014864	+0.0017629	+0.0020206	+0.0022606	+0.0024796	+0.0026878	+0.0028831
2014-03	0.013	-0.0021047	-0.0019367	-0.0017595	-0.0015729	-0.0013693	-0.0011499	-0.0009178	-0.0006661	-0.0003989	-0.0001189	+0.0001681	+0.0004533	+0.0007320	+0.0009996	+0.0012504	+0.0014845	+0.0017012	+0.0019082	+0.0020960	+0.0022711	+0.0024323
2014-04	0.004	-0.0018285	-0.0016173	-0.0013932	-0.0011565	-0.0009025	-0.0006331	-0.0003487	-0.0000475	+0.0002732	+0.0006096	+0.0009527	+0.0012927	+0.0016236	+0.0019379	+0.0022314	+0.0025011	+0.0027494	+0.0029815	+0.0031982	+0.0033980	+0.0035827
2014-05	-0.009	-0.0020829	-0.0018797	-0.0016675	-0.0014416	-0.0012067	-0.0009594	-0.0006991	-0.0004193	-0.0001244	+0.0001828	+0.0004965	+0.0008100	+0.0011142	+0.0014034	+0.0016750	+0.0019267	+0.0021612	+0.0023793	+0.0025846	+0.0027786	+0.0029571
2014-06	0.004	-0.0016898	-0.0015888	-0.0014805	-0.0013643	-0.0012414	-0.0011098	-0.0009684	-0.0008153	-0.0006527	-0.0004811	-0.0003064	-0.0001313	+0.0000396	+0.0002034	+0.0003574	+0.0005011	+0.0006336	+0.0007559	+0.0008710	+0.0009782	+0.0010804
2014-07	0.007	-0.0018024	-0.0016762	-0.0015455	-0.0014055	-0.0012584	-0.0011044	-0.0009385	-0.0007648	-0.0005803	-0.0003875	-0.0001943	-0.0000028	+0.0001820	+0.0003576	+0.0005200	+0.0006710	+0.0008128	+0.0009432	+0.0010609	+0.0011717	+0.0012791
2014-08	0.013	-0.0013790	-0.0012610	-0.0011358	-0.0010027	-0.0008614	-0.0007110	-0.0005512	-0.0003783	-0.0001963	-0.0000075	+0.0001862	+0.0003777	+0.0005607	+0.0007341	+0.0008956	+0.0010441	+0.0011807	+0.0013055	+0.0014230	+0.0015320	+0.0016327
2014-09	0.010	-0.0012787	-0.0011388	-0.0009968	-0.0008527	-0.0007005	-0.0005381	-0.0003676	-0.0001883	+0.0000014	+0.0001962	+0.0003925	+0.0005847	+0.0007708	+0.0009466	+0.0011090	+0.0012582	+0.0013961	+0.0015259	+0.0016436	+0.0017568	+0.0018618
2014-10	-0.001	-0.0020693	-0.0018529	-0.0016268	-0.0013867	-0.0011318	-0.0008674	-0.0005848	-0.0002879	+0.0000152	+0.0003250	+0.0006353	+0.0009352	+0.0012174	+0.0014784	+0.0017138	+0.0019288	+0.0021233	+0.0022999	+0.0024620	+0.0026154	+0.0027589
2014-11	0.074	-0.0020793	-0.0019077	-0.0017127	-0.0015134	-0.0013057	-0.0010870	-0.0008515	-0.0006037	-0.0003435	-0.0000719	+0.0002034	+0.0004763	+0.0007376	+0.0009869	+0.0012175	+0.0014320	+0.0016303	+0.0018150	+0.0019815	+0.0021348	+0.0022798
2014-12	0.008	-0.0046782	-0.0040938	-0.0034995	-0.0028776	-0.0022392	-0.0015672	-0.0008582	-0.0001327	+0.0006179	+0.0013770	+0.0021184	+0.0028282	+0.0034862	+0.0040979	+0.0046576	+0.0051582	+0.0056200	+0.0060471	+0.0064361	+0.0068117	+0.0071728
2015-01	-0.058	-0.0038396	-0.0033855	-0.0029141	-0.0024330	-0.0019383	-0.0014232	-0.0008743	-0.0003097	+0.0002633	+0.0008342	+0.0013870	+0.0019126	+0.0023943	+0.0028209	+0.0031953	+0.0035351	+0.0038414	+0.0041185	+0.0043666	+0.0045895	+0.0047965
2015-02	0.010	-0.0061769	-0.0058541	-0.0055110	-0.0051328	-0.0047262	-0.0042868	-0.0038045	-0.0032760	-0.0027044	-0.0020861	-0.0014302	-0.0007510	-0.0000660	+0.0006118	+0.0012674	+0.0019047	+0.0025082	+0.0030778	+0.0036208	+0.0041572	+0.0046657
