2011-03	0.024	-0.0048700	-0.0043926	-0.0039017	-0.0033894	-0.0028447	-0.0022611	-0.0016386	-0.0009746	-0.0002763	+0.0004532	+0.0011932	+0.0019318	+0.0026458	+0.0033287	+0.0039655	+0.0045543	+0.0051066	+0.0056191	+0.0060936	+0.0065439	+0.0069664
2011-04	0.002	-0.0073674	-0.0067625	-0.0060991	-0.0054000	-0.0046560	-0.0038377	-0.0029570	-0.0020065	-0.0010047	+0.0000475	+0.0011206	+0.0021915	+0.0032336	+0.0042208	+0.0051423	+0.0060027	+0.0068141	+0.0075981	+0.0083279	+0.0090565	+0.0097753
2011-05	-0.059	-0.0080938	-0.0075288	-0.0068928	-0.0062004	-0.0054402	-0.0046062	-0.0036863	-0.0026917	-0.0016345	-0.0005252	+0.0006028	+0.0017331	+0.0028325	+0.0038833	+0.0048747	+0.0057874	+0.0066631	+0.0075027	+0.0083351	+0.0091601	+0.0100000
2011-06	-0.019	-0.0095341	-0.0092870	-0.0089363	-0.0084594	-0.0078484	-0.0070993	-0.0062162	-0.0052234	-0.0041301	-0.0029652	-0.0017556	-0.0005389	+0.0006648	+0.0018416	+0.0029995	+0.0041711	+0.0054856	+0.0075160	+0.0100000	+0.0100000	+0.0100000
2011-07	-0.033	-0.0083547	-0.0078653	-0.0072973	-0.0066649	-0.0059644	-0.0051936	-0.0043512	-0.0034232	-0.0024302	-0.0013800	-0.0002794	+0.0008338	+0.0019441	+0.0030187	+0.0040476	+0.0050307	+0.0059702	+0.0068899	+0.0078151	+0.0087352	+0.0097650
2011-08	-0.124	-0.0084183	-0.0079635	-0.0074550	-0.0068781	-0.0062455	-0.0055473	-0.0047833	-0.0039573	-0.0030773	-0.0021549	-0.0012010	-0.0002407	+0.0007058	+0.0016192	+0.0024847	+0.0033010	+0.0040683	+0.0048030	+0.0055045	+0.0062044	+0.0069208
2011-09	-0.119	-0.0098528	-0.0097616	-0.0096130	-0.0093797	-0.0090190	-0.0084861	-0.0077295	-0.0066936	-0.0053443	-0.0036838	-0.0016583	+0.0008516	+0.0041934	+0.0100000	+0.0100000	+0.0100000	+0.0100000	+0.0100000	+0.0100000	+0.0100000	+0.0100000
2011-10	0.145	-0.0098557	-0.0097634	-0.0096139	-0.0093753	-0.0089943	-0.0084096	-0.0075372	-0.0062747	-0.0045112	-0.0021004	+0.0012145	+0.0065633	+0.0100000	+0.0100000	+0.0100000	+0.0100000	+0.0100000	+0.0100000	+0.0100000	+0.0100000	+0.0100000
2011-11	-0.094	-0.0095457	-0.0092906	-0.0089096	-0.0083604	-0.0076186	-0.0066598	-0.0054957	-0.0041176	-0.0025563	-0.0008631	+0.0009229	+0.0027496	+0.0046002	+0.0064558	+0.0083311	+0.0100000	+0.0100000	+0.0100000	+0.0100000	+0.0100000	+0.0100000
2011-12	0.011	-0.0088412	-0.0083082	-0.0076080	-0.0067603	-0.0057678	-0.0046234	-0.0033468	-0.0019469	-0.0004309	+0.0011794	+0.0028670	+0.0045521	+0.0062114	+0.0078221	+0.0093608	+0.0100000	+0.0100000	+0.0100000	+0.0100000	+0.0100000	+0.0100000
2012-01	0.047	-0.0092638	-0.0089117	-0.0084416	-0.0078378	-0.0071018	-0.0062454	-0.0052649	-0.0041852	-0.0030045	-0.0017315	-0.0004051	+0.0009366	+0.0022526	+0.0035366	+0.0047864	+0.0060019	+0.0072181	+0.0085352	+0.0100000	+0.0100000	+0.0100000
2012-02	0.086	-0.0060641	-0.0055806	-0.0050669	-0.0045173	-0.0039336	-0.0033129	-0.0026381	-0.0019264	-0.0011701	-0.0003832	+0.0004172	+0.0012242	+0.0020021	+0.0027471	+0.0034488	+0.0040909	+0.0046771	+0.0052292	+0.0057400	+0.0062286	+0.0066803
2012-03	-0.044	-0.0064528	-0.0056834	-0.0048569	-0.0039580	-0.0030184	-0.0020316	-0.0009964	+0.0000564	+0.0011341	+0.0022284	+0.0032880	+0.0042783	+0.0051897	+0.0059891	+0.0066838	+0.0072872	+0.0078213	+0.0082972	+0.0087294	+0.0091243	+0.0094919
2012-04	-0.028	-0.0068414	-0.0062513	-0.0056279	-0.0049606	-0.0042492	-0.0034960	-0.0026980	-0.0018594	-0.0009760	-0.0000706	+0.0008521	+0.0017640	+0.0026407	+0.0034623	+0.0042174	+0.0049167	+0.0055458	+0.0061152	+0.0066382	+0.0071230	+0.0075827
2012-05	-0.164	-0.0093382	-0.0090317	-0.0086239	-0.0081051	-0.0074883	-0.0067607	-0.0059431	-0.0050248	-0.0040246	-0.0029569	-0.0018386	-0.0007061	+0.0004153	+0.0015126	+0.0025798	+0.0036179	+0.0046741	+0.0058049	+0.0071986	+0.0100000	+0.0100000
2012-06	0.022	-0.0098918	-0.0098223	-0.0097098	-0.0095306	-0.0092486	-0.0088221	-0.0081926	-0.0073082	-0.0061396	-0.0046167	-0.0026586	-0.0001288	+0.0037357	+0.0100000	+0.0100000	+0.0100000	+0.0100000	+0.0100000	+0.0100000	+0.0100000	+0.0100000
2012-07	0.022	-0.0098183	-0.0097048	-0.0095325	-0.0092662	-0.0088739	-0.0083208	-0.0075933	-0.0066572	-0.0055312	-0.0042144	-0.0027197	-0.0010707	+0.0007362	+0.0028178	+0.0056403	+0.0100000	+0.0100000	+0.0100000	+0.0100000	+0.0100000	+0.0100000
2012-08	0.011	-0.0071781	-0.0065395	-0.0058424	-0.0050988	-0.0042781	-0.0034077	-0.0024690	-0.0014649	-0.0004027	+0.0007199	+0.0018775	+0.0030273	+0.0041389	+0.0051986	+0.0061988	+0.0071232	+0.0079860	+0.0087847	+0.0095545	+0.0100000	+0.0100000
2012-09	0.037	-0.0065855	-0.0061037	-0.0055930	-0.0050666	-0.0044939	-0.0038818	-0.0032269	-0.0025244	-0.0017680	-0.0009712	-0.0001461	+0.0006723	+0.0014679	+0.0022237	+0.0029329	+0.0036040	+0.0042184	+0.0047890	+0.0053188	+0.0058233	+0.0063076
2012-10	0.021	-0.0052519	-0.0047622	-0.0042520	-0.0036998	-0.0031264	-0.0025040	-0.0018413	-0.0011141	-0.0003516	+0.0004432	+0.0012615	+0.0020768	+0.0028863	+0.0036543	+0.0043703	+0.0050339	+0.0056635	+0.0062450	+0.0067891	+0.0072927	+0.0077789
2012-11	0.020	-0.0054702	-0.0049585	-0.0044102	-0.0038382	-0.0032306	-0.0025810	-0.0018835	-0.0011549	-0.0003723	+0.0004421	+0.0012734	+0.0021099	+0.0029290	+0.0037223	+0.0044709	+0.0051803	+0.0058415	+0.0064570	+0.0070288	+0.0075679	+0.0080703
2012-12	0.086	-0.0048844	-0.0044549	-0.0039945	-0.0034991	-0.0029738	-0.0024147	-0.0018181	-0.0011878	-0.0005288	+0.0001506	+0.0008445	+0.0015333	+0.0021974	+0.0028400	+0.0034463	+0.0040130	+0.0045426	+0.0050316	+0.0054823	+0.0058943	+0.0062917
2013-01	0.085	-0.0065985	-0.0058673	-0.0050833	-0.0042609	-0.0033833	-0.0024625	-0.0015034	-0.0005031	+0.0005188	+0.0015581	+0.0025865	+0.0035597	+0.0044565	+0.0052747	+0.0060146	+0.0066818	+0.0072765	+0.0077975	+0.0082786	+0.0087241	+0.0091452
2013-02	-0.014	-0.0085001	-0.0077971	-0.0068667	-0.0057875	-0.0044934	-0.0030329	-0.0014563	+0.0001933	+0.0019354	+0.0036552	+0.0053241	+0.0069198	+0.0083697	+0.0096258	+0.0100000	+0.0100000	+0.0100000	+0.0100000	+0.0100000	+0.0100000	+0.0100000
2013-03	0.009	-0.0056034	-0.0051380	-0.0046441	-0.0041033	-0.0035181	-0.0028911	-0.0022229	-0.0015081	-0.0007449	+0.0000552	+0.0008743	+0.0016901	+0.0024785	+0.0032334	+0.0039385	+0.0046006	+0.0052193	+0.0057964	+0.0063339	+0.0068404	+0.0073306
2013-04	0.041	-0.0062385	-0.0058298	-0.0053916	-0.0049302	-0.0044289	-0.0038992	-0.0033386	-0.0027339	-0.0020966	-0.0014386	-0.0007606	-0.0000963	+0.0005453	+0.0011547	+0.0017318	+0.0022691	+0.0027667	+0.0032300	+0.0036509	+0.0040438	+0.0044074
2013-05	0.037	-0.0078902	-0.0072634	-0.0065735	-0.0058137	-0.0050006	-0.0041028	-0.0031399	-0.0021109	-0.0010414	+0.0000733	+0.0011966	+0.0023037	+0.0033760	+0.0043989	+0.0053511	+0.0062320	+0.0070647	+0.0078509	+0.0086095	+0.0093497	+0.0100000
2013-06	-0.096	-0.0076541	-0.0069807	-0.0062118	-0.0053485	-0.0044309	-0.0034521	-0.0024080	-0.0012938	-0.0001166	+0.0011132	+0.0023570	+0.0035916	+0.0047689	+0.0058843	+0.0069155	+0.0078678	+0.0087478	+0.0095837	+0.0100000	+0.0100000	+0.0100000
2013-07	0.048	-0.0092012	-0.0088247	-0.0083529	-0.0077874	-0.0071140	-0.0063438	-0.0054779	-0.0045191	-0.0034929	-0.0023958	-0.0012472	-0.0000831	+0.0010708	+0.0021992	+0.0032948	+0.0043563	+0.0054048	+0.0064709	+0.0076585	+0.0094203	+0.0100000
2013-08	-0.004	-0.0078155	-0.0072914	-0.0067086	-0.0060867	-0.0054271	-0.0047119	-0.0039436	-0.0031246	-0.0022607	-0.0013620	-0.0004480	+0.0004522	+0.0013144	+0.0021272	+0.0028882	+0.0036001	+0.0042560	+0.0048633	+0.0054343	+0.0059691	+0.0064923
2013-09	0.036	-0.0056686	-0.0052180	-0.0047303	-0.0042196	-0.0036633	-0.0030698	-0.0024294	-0.0017419	-0.0010032	-0.0002275	+0.0005669	+0.0013594	+0.0021309	+0.0028612	+0.0035389	+0.0041721	+0.0047502	+0.0052948	+0.0057999	+0.0062689	+0.0067115
2013-10	0.053	-0.0066449	-0.0061471	-0.0056089	-0.0050213	-0.0043964	-0.0037146	-0.0029971	-0.0022345	-0.0014341	-0.0006060	+0.0002380	+0.0010822	+0.0018989	+0.0026702	+0.0033844	+0.0040505	+0.0046648	+0.0052328	+0.0057595	+0.0062444	+0.0067045
2013-11	0.037	-0.0065151	-0.0058421	-0.0051288	-0.0043421	-0.0035227	-0.0026715	-0.0017743	-0.0008462	+0.0000996	+0.0010559	+0.0020065	+0.0029059	+0.0037394	+0.0044940	+0.0051806	+0.0058055	+0.0063723	+0.0068914	+0.0073781	+0.0078298	+0.0082595
2013-12	0.032	-0.0053158	-0.0046878	-0.0040198	-0.0033066	-0.0025583	-0.0017808	-0.0009755	-0.0001294	+0.0007360	+0.0016055	+0.0024515	+0.0032586	+0.0040112	+0.0047067	+0.0053408	+0.0059122	+0.0064235	+0.0068834	+0.0073096	+0.0077145	+0.0080994
2014-01	-0.057	-0.0051671	-0.0046022	-0.0039845	-0.0033317	-0.0026486	-0.0019384	-0.0011874	-0.0003993	+0.0004143	+0.0012431	+0.0020579	+0.0028471	+0.0035786	+0.0042517	+0.0048537	+0.0053996	+0.0058870	+0.0063340	+0.0067463	+0.0071298	+0.0074851
2014-02	0.037	-0.0069137	-0.0064264	-0.0058999	-0.0053549	-0.0047677	-0.0041506	-0.0035019	-0.0028129	-0.0020837	-0.0013254	-0.0005541	+0.0002008	+0.0009290	+0.0016150	+0.0022628	+0.0028651	+0.0034298	+0.0039426	+0.0044285	+0.0048702	+0.0052891
2014-03	0.030	-0.0069286	-0.0063893	-0.0058106	-0.0051961	-0.0045548	-0.0038776	-0.0031602	-0.0023852	-0.0015668	-0.0007136	+0.0001463	+0.0009884	+0.0017988	+0.0025687	+0.0032832	+0.0039476	+0.0045600	+0.0051240	+0.0056543	+0.0061451	+0.0066311
2014-04	0.033	-0.0048009	-0.0041813	-0.0035416	-0.0028685	-0.0021603	-0.0014063	-0.0006183	+0.0002148	+0.0010971	+0.0019902	+0.0028825	+0.0037570	+0.0045942	+0.0053833	+0.0061055	+0.0067741	+0.0073823	+0.0079463	+0.0084542	+0.0089163	+0.0093629
2014-05	0.005	-0.0047638	-0.0042432	-0.0036936	-0.0031113	-0.0025050	-0.0018576	-0.0011703	-0.0004340	+0.0003294	+0.0011074	+0.0018888	+0.0026514	+0.0033735	+0.0040427	+0.0046594	+0.0052192	+0.0057336	+0.0062051	+0.0066373	+0.0070321	+0.0073890
2014-06	0.023	-0.0037370	-0.0034033	-0.0030533	-0.0026975	-0.0023179	-0.0019053	-0.0014688	-0.0010005	-0.0005058	+0.0000140	+0.0005469	+0.0010747	+0.0015908	+0.0020767	+0.0025250	+0.0029392	+0.0033264	+0.0036886	+0.0040310	+0.0043453	+0.0046386
2014-07	0.005	-0.0030085	-0.0027221	-0.0024310	-0.0021140	-0.0017800	-0.0014243	-0.0010456	-0.0006393	-0.0002140	+0.0002365	+0.0006955	+0.0011464	+0.0015796	+0.0019891	+0.0023687	+0.0027176	+0.0030381	+0.0033306	+0.0035980	+0.0038464	+0.0040792
2014-08	0.001	-0.0033960	-0.0030967	-0.0027740	-0.0024302	-0.0020636	-0.0016831	-0.0012747	-0.0008470	-0.0003948	+0.0000783	+0.0005569	+0.0010283	+0.0014852	+0.0019115	+0.0023019	+0.0026624	+0.0029915	+0.0032971	+0.0035808	+0.0038417	+0.0040853
2014-09	-0.005	-0.0038069	-0.0035226	-0.0032187	-0.0028951	-0.0025562	-0.0021911	-0.0017966	-0.0013749	-0.0009240	-0.0004584	+0.0000113	+0.0004785	+0.0009331	+0.0013664	+0.0017732	+0.0021488	+0.0024965	+0.0028167	+0.0031133	+0.0033947	+0.0036498
2014-10	-0.040	-0.0035252	-0.0032148	-0.0028749	-0.0025244	-0.0021590	-0.0017700	-0.0013516	-0.0009093	-0.0004413	+0.0000413	+0.0005270	+0.0010073	+0.0014698	+0.0019059	+0.0023127	+0.0026943	+0.0030419	+0.0033661	+0.0036596	+0.0039423	+0.0042018
2014-11	0.078	-0.0090434	-0.0086433	-0.0081437	-0.0075370	-0.0068510	-0.0060809	-0.0052396	-0.0043387	-0.0033773	-0.0023630	-0.0013150	-0.0002619	+0.0007637	+0.0017498	+0.0026769	+0.0035611	+0.0044277	+0.0053033	+0.0062396	+0.0073022	+0.0093903
2014-12	-0.033	-0.0073521	-0.0066849	-0.0059759	-0.0052225	-0.0044096	-0.0035299	-0.0025950	-0.0015860	-0.0005293	+0.0005697	+0.0016874	+0.0027927	+0.0038686	+0.0048780	+0.0058117	+0.0066763	+0.0074832	+0.0082380	+0.0089475	+0.0096375	+0.0100000
2015-01	-0.073	-0.0085028	-0.0079618	-0.0073288	-0.0066148	-0.0058137	-0.0049247	-0.0039565	-0.0029028	-0.0017726	-0.0005854	+0.0006428	+0.0018667	+0.0030705	+0.0042240	+0.0053107	+0.0063350	+0.0073032	+0.0082373	+0.0091530	+0.0100000	+0.0100000
2015-02	0.042	-0.0096819	-0.0094927	-0.0092113	-0.0087958	-0.0082283	-0.0074643	-0.0065038	-0.0053540	-0.0040207	-0.0025637	-0.0009937	+0.0006267	+0.0022897	+0.0040175	+0.0058630	+0.0081232	+0.0100000	+0.0100000	+0.0100000	+0.0100000	+0.0100000
