2011-03	-0.003	-0.0022930	-0.0020765	-0.0018487	-0.0016099	-0.0013553	-0.0010851	-0.0007985	-0.0004957	-0.0001787	+0.0001518	+0.0004878	+0.0008207	+0.0011440	+0.0014449	+0.0017232	+0.0019815	+0.0022195	+0.0024409	+0.0026427	+0.0028342	+0.0030141
2011-04	0.006	-0.0055086	-0.0050442	-0.0045645	-0.0040595	-0.0035393	-0.0029752	-0.0023894	-0.0017751	-0.0011360	-0.0004778	+0.0001827	+0.0008278	+0.0014396	+0.0020141	+0.0025563	+0.0030555	+0.0035193	+0.0039462	+0.0043644	+0.0047426	+0.0051026
2011-05	-0.016	-0.0056490	-0.0051916	-0.0047198	-0.0042179	-0.0036838	-0.0031263	-0.0025334	-0.0019129	-0.0012639	-0.0005941	+0.0000860	+0.0007440	+0.0013801	+0.0019812	+0.0025514	+0.0030881	+0.0035835	+0.0040426	+0.0044665	+0.0048666	+0.0052237
2011-06	0.000	-0.0038856	-0.0036305	-0.0033592	-0.0030678	-0.0027496	-0.0024165	-0.0020635	-0.0016871	-0.0012874	-0.0008636	-0.0004305	+0.0000057	+0.0004302	+0.0008324	+0.0012100	+0.0015620	+0.0018985	+0.0022083	+0.0024993	+0.0027691	+0.0030283
2011-07	-0.026	-0.0029479	-0.0027273	-0.0025005	-0.0022560	-0.0019970	-0.0017170	-0.0014218	-0.0010980	-0.0007506	-0.0003861	-0.0000142	+0.0003558	+0.0007135	+0.0010528	+0.0013757	+0.0016790	+0.0019615	+0.0022267	+0.0024778	+0.0027156	+0.0029455
2011-08	-0.012	-0.0034989	-0.0032926	-0.0030704	-0.0028311	-0.0025704	-0.0022926	-0.0019939	-0.0016722	-0.0013278	-0.0009629	-0.0005883	-0.0002119	+0.0001580	+0.0005132	+0.0008486	+0.0011706	+0.0014732	+0.0017542	+0.0020197	+0.0022639	+0.0025038
2011-09	-0.023	-0.0046942	-0.0044302	-0.0041559	-0.0038611	-0.0035491	-0.0032168	-0.0028518	-0.0024571	-0.0020350	-0.0015858	-0.0011196	-0.0006424	-0.0001690	+0.0002915	+0.0007304	+0.0011543	+0.0015509	+0.0019260	+0.0022940	+0.0026409	+0.0029683
2011-10	0.018	-0.0047354	-0.0044707	-0.0041909	-0.0038924	-0.0035725	-0.0032172	-0.0028325	-0.0024107	-0.0019522	-0.0014620	-0.0009421	-0.0004061	+0.0001382	+0.0006822	+0.0012031	+0.0016989	+0.0021739	+0.0026166	+0.0030437	+0.0034479	+0.0038390
2011-11	-0.032	-0.0033709	-0.0031315	-0.0028735	-0.0025969	-0.0023040	-0.0019908	-0.0016522	-0.0012900	-0.0009060	-0.0005009	-0.0000842	+0.0003352	+0.0007441	+0.0011330	+0.0014922	+0.0018243	+0.0021302	+0.0024159	+0.0026867	+0.0029495	+0.0031938
2011-12	0.003	-0.0033662	-0.0031166	-0.0028663	-0.0025929	-0.0023006	-0.0019813	-0.0016369	-0.0012648	-0.0008694	-0.0004591	-0.0000383	+0.0003792	+0.0007885	+0.0011774	+0.0015458	+0.0018870	+0.0022058	+0.0025012	+0.0027782	+0.0030378	+0.0032733
2012-01	0.010	-0.0038054	-0.0035819	-0.0033348	-0.0030700	-0.0027860	-0.0024803	-0.0021507	-0.0017964	-0.0014083	-0.0009975	-0.0005710	-0.0001357	+0.0002968	+0.0007191	+0.0011241	+0.0015037	+0.0018677	+0.0022089	+0.0025234	+0.0028198	+0.0030951
2012-02	0.077	-0.0023650	-0.0021905	-0.0020074	-0.0018061	-0.0015952	-0.0013688	-0.0011248	-0.0008638	-0.0005793	-0.0002806	+0.0000266	+0.0003368	+0.0006427	+0.0009385	+0.0012177	+0.0014792	+0.0017235	+0.0019562	+0.0021746	+0.0023836	+0.0025819
2012-03	0.015	-0.0050759	-0.0044484	-0.0037201	-0.0029970	-0.0022561	-0.0014484	-0.0006103	+0.0002113	+0.0010869	+0.0019416	+0.0027450	+0.0035205	+0.0042359	+0.0048153	+0.0052861	+0.0056848	+0.0060287	+0.0063323	+0.0066126	+0.0068590	+0.0070892
2012-04	-0.026	-0.0060476	-0.0053439	-0.0045950	-0.0037769	-0.0029576	-0.0020677	-0.0011736	-0.0002796	+0.0006768	+0.0016039	+0.0024829	+0.0033405	+0.0041063	+0.0047285	+0.0052379	+0.0056663	+0.0060360	+0.0063605	+0.0066510	+0.0069229	+0.0071777
2012-05	-0.065	-0.0036805	-0.0034442	-0.0031885	-0.0029122	-0.0026232	-0.0023083	-0.0019706	-0.0016048	-0.0012123	-0.0008018	-0.0003709	+0.0000606	+0.0004781	+0.0008753	+0.0012495	+0.0015977	+0.0019262	+0.0022321	+0.0025188	+0.0027912	+0.0030457
2012-06	0.023	-0.0069753	-0.0067512	-0.0065058	-0.0062326	-0.0059247	-0.0055802	-0.0051748	-0.0046908	-0.0040837	-0.0033225	-0.0025038	-0.0016787	-0.0007623	+0.0001780	+0.0010441	+0.0019292	+0.0027921	+0.0035833	+0.0043952	+0.0051964	+0.0059261
2012-07	-0.017	-0.0041553	-0.0039284	-0.0036863	-0.0034174	-0.0031296	-0.0028166	-0.0024723	-0.0020933	-0.0016888	-0.0012582	-0.0008090	-0.0003570	+0.0000944	+0.0005322	+0.0009507	+0.0013389	+0.0017112	+0.0020580	+0.0023803	+0.0026924	+0.0029928
2012-08	0.009	-0.0030055	-0.0027614	-0.0024967	-0.0022176	-0.0019163	-0.0015857	-0.0012308	-0.0008517	-0.0004462	-0.0000171	+0.0004243	+0.0008644	+0.0012913	+0.0016984	+0.0020789	+0.0024314	+0.0027601	+0.0030583	+0.0033386	+0.0036063	+0.0038528
2012-09	0.009	-0.0032543	-0.0030525	-0.0028352	-0.0026108	-0.0023662	-0.0021015	-0.0018141	-0.0015040	-0.0011747	-0.0008282	-0.0004717	-0.0001146	+0.0002331	+0.0005665	+0.0008779	+0.0011728	+0.0014486	+0.0017004	+0.0019426	+0.0021697	+0.0023850
2012-10	0.019	-0.0022338	-0.0020282	-0.0018085	-0.0015819	-0.0013388	-0.0010800	-0.0008050	-0.0005100	-0.0002002	+0.0001215	+0.0004523	+0.0007817	+0.0011022	+0.0014075	+0.0016954	+0.0019622	+0.0022067	+0.0024335	+0.0026454	+0.0028462	+0.0030459
2012-11	0.041	-0.0025598	-0.0022885	-0.0020161	-0.0017230	-0.0014191	-0.0010947	-0.0007510	-0.0003882	-0.0000107	+0.0003776	+0.0007719	+0.0011629	+0.0015416	+0.0018960	+0.0022232	+0.0025291	+0.0028125	+0.0030686	+0.0033106	+0.0035379	+0.0037498
2012-12	0.070	-0.0041068	-0.0036117	-0.0031166	-0.0025998	-0.0020681	-0.0015104	-0.0009230	-0.0003217	+0.0002983	+0.0009199	+0.0015292	+0.0021157	+0.0026572	+0.0031545	+0.0036156	+0.0040363	+0.0044079	+0.0047526	+0.0050752	+0.0053741	+0.0056649
2013-01	0.059	-0.0060405	-0.0053176	-0.0045081	-0.0036818	-0.0028270	-0.0018974	-0.0009409	+0.0000112	+0.0010219	+0.0020034	+0.0029370	+0.0038394	+0.0046542	+0.0053310	+0.0058974	+0.0063868	+0.0068154	+0.0071980	+0.0075393	+0.0078567	+0.0081506
2013-02	0.011	-0.0073608	-0.0065650	-0.0056694	-0.0046910	-0.0035762	-0.0024030	-0.0011520	+0.0000923	+0.0014010	+0.0026871	+0.0038966	+0.0050775	+0.0061455	+0.0070418	+0.0077938	+0.0084336	+0.0089941	+0.0095027	+0.0099686	+0.0100000	+0.0100000
2013-03	0.028	-0.0047059	-0.0041986	-0.0036606	-0.0031031	-0.0025164	-0.0018995	-0.0012385	-0.0005468	+0.0001757	+0.0009234	+0.0016825	+0.0024377	+0.0031630	+0.0038481	+0.0044763	+0.0050620	+0.0056080	+0.0061194	+0.0065872	+0.0070313	+0.0074501
2013-04	0.079	-0.0040863	-0.0037428	-0.0033711	-0.0029732	-0.0025524	-0.0020911	-0.0016097	-0.0010996	-0.0005604	-0.0000038	+0.0005640	+0.0011284	+0.0016743	+0.0021871	+0.0026708	+0.0031156	+0.0035269	+0.0039122	+0.0042732	+0.0046155	+0.0049338
2013-05	-0.000	-0.0075711	-0.0068757	-0.0060924	-0.0051849	-0.0042183	-0.0031856	-0.0020964	-0.0009430	+0.0002344	+0.0014138	+0.0025831	+0.0037265	+0.0047993	+0.0058082	+0.0067461	+0.0076176	+0.0084334	+0.0092127	+0.0099385	+0.0100000	+0.0100000
2013-06	-0.030	-0.0066289	-0.0059113	-0.0051531	-0.0043677	-0.0035257	-0.0026467	-0.0017102	-0.0007168	+0.0003253	+0.0013901	+0.0024697	+0.0035294	+0.0045608	+0.0055379	+0.0064437	+0.0072802	+0.0080598	+0.0087736	+0.0094383	+0.0100000	+0.0100000
2013-07	0.003	-0.0067842	-0.0063280	-0.0058549	-0.0053541	-0.0048103	-0.0042199	-0.0035894	-0.0029113	-0.0021818	-0.0014205	-0.0006333	+0.0001581	+0.0009369	+0.0016808	+0.0023740	+0.0030214	+0.0036238	+0.0041814	+0.0047151	+0.0052205	+0.0057007
2013-08	-0.010	-0.0056666	-0.0052438	-0.0048080	-0.0043501	-0.0038619	-0.0033509	-0.0028040	-0.0022157	-0.0015906	-0.0009474	-0.0002967	+0.0003471	+0.0009699	+0.0015578	+0.0021049	+0.0026108	+0.0030791	+0.0035098	+0.0038984	+0.0042519	+0.0045886
2013-09	0.033	-0.0047397	-0.0044322	-0.0041041	-0.0037518	-0.0033762	-0.0029774	-0.0025550	-0.0020986	-0.0016156	-0.0011110	-0.0005969	-0.0000880	+0.0004063	+0.0008802	+0.0013231	+0.0017300	+0.0021097	+0.0024609	+0.0027794	+0.0030858	+0.0033696
2013-10	0.015	-0.0042911	-0.0039653	-0.0036210	-0.0032580	-0.0028782	-0.0024644	-0.0020195	-0.0015438	-0.0010446	-0.0005266	+0.0000056	+0.0005392	+0.0010539	+0.0015383	+0.0019945	+0.0024148	+0.0028003	+0.0031548	+0.0034912	+0.0038080	+0.0040972
2013-11	0.037	-0.0037500	-0.0033784	-0.0029806	-0.0025597	-0.0021208	-0.0016721	-0.0011965	-0.0007051	-0.0001891	+0.0003306	+0.0008417	+0.0013346	+0.0018026	+0.0022322	+0.0026238	+0.0029767	+0.0032959	+0.0035867	+0.0038512	+0.0040964	+0.0043240
2013-12	0.025	-0.0029110	-0.0025371	-0.0021582	-0.0017803	-0.0013891	-0.0009723	-0.0005268	-0.0000608	+0.0004137	+0.0008944	+0.0013755	+0.0018422	+0.0022792	+0.0026841	+0.0030488	+0.0033795	+0.0036812	+0.0039595	+0.0042200	+0.0044542	+0.0046713
2014-01	-0.031	-0.0042405	-0.0037205	-0.0031715	-0.0026002	-0.0019907	-0.0013542	-0.0007112	-0.0000421	+0.0006498	+0.0013399	+0.0020037	+0.0026333	+0.0032034	+0.0037039	+0.0041414	+0.0045243	+0.0048651	+0.0051656	+0.0054361	+0.0056840	+0.0059051
2014-02	0.001	-0.0037118	-0.0034455	-0.0031547	-0.0028448	-0.0025169	-0.0021724	-0.0018086	-0.0014234	-0.0010125	-0.0005821	-0.0001434	+0.0002929	+0.0007185	+0.0011234	+0.0015044	+0.0018522	+0.0021749	+0.0024825	+0.0027699	+0.0030414	+0.0032948
2014-03	0.009	-0.0047567	-0.0044378	-0.0041028	-0.0037403	-0.0033482	-0.0029285	-0.0024796	-0.0020084	-0.0015066	-0.0009870	-0.0004559	+0.0000668	+0.0005701	+0.0010480	+0.0014938	+0.0019107	+0.0022931	+0.0026553	+0.0029865	+0.0032989	+0.0035915
2014-04	-0.007	-0.0024344	-0.0021834	-0.0019223	-0.0016366	-0.0013296	-0.0009936	-0.0006289	-0.0002428	+0.0001701	+0.0005925	+0.0010274	+0.0014586	+0.0018801	+0.0022817	+0.0026624	+0.0030168	+0.0033489	+0.0036475	+0.0039240	+0.0041755	+0.0044154
2014-05	0.006	-0.0030260	-0.0027922	-0.0025407	-0.0022724	-0.0019883	-0.0016850	-0.0013576	-0.0010070	-0.0006358	-0.0002479	+0.0001442	+0.0005337	+0.0009142	+0.0012756	+0.0016120	+0.0019256	+0.0022161	+0.0024817	+0.0027315	+0.0029593	+0.0031768
2014-06	0.016	-0.0027692	-0.0025693	-0.0023591	-0.0021371	-0.0019043	-0.0016560	-0.0013935	-0.0011179	-0.0008249	-0.0005205	-0.0002087	+0.0001053	+0.0004113	+0.0006995	+0.0009667	+0.0012181	+0.0014499	+0.0016632	+0.0018588	+0.0020406	+0.0022116
2014-07	0.011	-0.0016959	-0.0015331	-0.0013634	-0.0011870	-0.0009975	-0.0007960	-0.0005788	-0.0003490	-0.0001077	+0.0001417	+0.0003955	+0.0006490	+0.0008934	+0.0011263	+0.0013451	+0.0015468	+0.0017339	+0.0019072	+0.0020652	+0.0022148	+0.0023525
2014-08	0.007	-0.0015154	-0.0013535	-0.0011810	-0.0009994	-0.0008112	-0.0006148	-0.0004126	-0.0001997	+0.0000210	+0.0002449	+0.0004668	+0.0006811	+0.0008831	+0.0010695	+0.0012397	+0.0013969	+0.0015408	+0.0016706	+0.0017885	+0.0018989	+0.0020045
2014-09	0.030	-0.0014637	-0.0013292	-0.0011871	-0.0010349	-0.0008728	-0.0006996	-0.0005167	-0.0003252	-0.0001253	+0.0000817	+0.0002932	+0.0005051	+0.0007089	+0.0009012	+0.0010803	+0.0012464	+0.0013985	+0.0015381	+0.0016689	+0.0017905	+0.0019027
2014-10	0.002	-0.0026522	-0.0023550	-0.0020258	-0.0016763	-0.0013195	-0.0009369	-0.0005319	-0.0001226	+0.0003007	+0.0007246	+0.0011279	+0.0015100	+0.0018599	+0.0021716	+0.0024439	+0.0026856	+0.0029040	+0.0031002	+0.0032829	+0.0034500	+0.0036047
2014-11	0.068	-0.0024696	-0.0022432	-0.0019990	-0.0017335	-0.0014505	-0.0011515	-0.0008302	-0.0004889	-0.0001303	+0.0002410	+0.0006218	+0.0010002	+0.0013638	+0.0017068	+0.0020277	+0.0023294	+0.0026107	+0.0028686	+0.0031067	+0.0033282	+0.0035346
2014-12	0.006	-0.0044178	-0.0038781	-0.0033174	-0.0027410	-0.0021408	-0.0014985	-0.0008102	-0.0000910	+0.0006516	+0.0014063	+0.0021615	+0.0028975	+0.0036066	+0.0042636	+0.0048727	+0.0054378	+0.0059601	+0.0064430	+0.0069013	+0.0073392	+0.0077430
2015-01	-0.019	-0.0038839	-0.0034742	-0.0030418	-0.0025792	-0.0020761	-0.0015693	-0.0010345	-0.0004780	+0.0000898	+0.0006661	+0.0012285	+0.0017690	+0.0022754	+0.0027338	+0.0031459	+0.0035111	+0.0038406	+0.0041342	+0.0043945	+0.0046275	+0.0048498
2015-02	0.003	-0.0043357	-0.0040548	-0.0037509	-0.0034241	-0.0030755	-0.0027006	-0.0023001	-0.0018721	-0.0014165	-0.0009431	-0.0004572	+0.0000253	+0.0004964	+0.0009438	+0.0013694	+0.0017635	+0.0021293	+0.0024761	+0.0028013	+0.0031104	+0.0033890
