2011-03	-0.075	-0.0048942	-0.0044243	-0.0039227	-0.0034064	-0.0028484	-0.0022507	-0.0016199	-0.0009474	-0.0002476	+0.0004711	+0.0011970	+0.0019214	+0.0026208	+0.0032799	+0.0038901	+0.0044513	+0.0049758	+0.0054522	+0.0058952	+0.0063105	+0.0067042
2011-04	-0.010	-0.0097177	-0.0095449	-0.0092643	-0.0088296	-0.0082023	-0.0073182	-0.0061670	-0.0047491	-0.0031020	-0.0012679	+0.0007065	+0.0027414	+0.0048642	+0.0072329	+0.0100000	+0.0100000	+0.0100000	+0.0100000	+0.0100000	+0.0100000	+0.0100000
2011-05	0.003	-0.0097415	-0.0095793	-0.0093292	-0.0089497	-0.0083837	-0.0075812	-0.0065125	-0.0051596	-0.0035125	-0.0016279	+0.0004282	+0.0026368	+0.0050581	+0.0080390	+0.0100000	+0.0100000	+0.0100000	+0.0100000	+0.0100000	+0.0100000	+0.0100000
2011-06	0.015	-0.0054230	-0.0050328	-0.0046030	-0.0041265	-0.0036166	-0.0030806	-0.0025103	-0.0018910	-0.0012247	-0.0005217	+0.0002075	+0.0009467	+0.0016734	+0.0023688	+0.0030290	+0.0036485	+0.0042339	+0.0047705	+0.0052733	+0.0057426	+0.0061804
2011-07	-0.020	-0.0047206	-0.0043373	-0.0039453	-0.0035254	-0.0030700	-0.0025886	-0.0020670	-0.0015010	-0.0009027	-0.0002741	+0.0003698	+0.0010063	+0.0016240	+0.0022079	+0.0027513	+0.0032588	+0.0037247	+0.0041585	+0.0045682	+0.0049539	+0.0053162
2011-08	-0.126	-0.0042930	-0.0039606	-0.0036054	-0.0032237	-0.0028109	-0.0023693	-0.0018945	-0.0013956	-0.0008699	-0.0003273	+0.0002300	+0.0007889	+0.0013283	+0.0018396	+0.0023174	+0.0027555	+0.0031635	+0.0035384	+0.0038899	+0.0042253	+0.0045475
2011-09	-0.027	-0.0098295	-0.0097237	-0.0095606	-0.0093103	-0.0089482	-0.0084385	-0.0077471	-0.0068626	-0.0057830	-0.0044898	-0.0030141	-0.0013470	+0.0005066	+0.0026530	+0.0055940	+0.0100000	+0.0100000	+0.0100000	+0.0100000	+0.0100000	+0.0100000
2011-10	-0.001	-0.0098393	-0.0097368	-0.0095765	-0.0093245	-0.0089522	-0.0084016	-0.0076424	-0.0066371	-0.0053662	-0.0038409	-0.0020555	+0.0000286	+0.0025209	+0.0058424	+0.0100000	+0.0100000	+0.0100000	+0.0100000	+0.0100000	+0.0100000	+0.0100000
2011-11	-0.053	-0.0092804	-0.0089245	-0.0084525	-0.0078497	-0.0071178	-0.0062563	-0.0052904	-0.0042194	-0.0030478	-0.0017971	-0.0005062	+0.0007818	+0.0020427	+0.0032661	+0.0044230	+0.0055362	+0.0066416	+0.0078434	+0.0094594	+0.0100000	+0.0100000
2011-12	-0.011	-0.0078427	-0.0073178	-0.0067368	-0.0061085	-0.0054251	-0.0046962	-0.0039035	-0.0030415	-0.0021321	-0.0011747	-0.0001911	+0.0008012	+0.0017764	+0.0027065	+0.0035823	+0.0044024	+0.0051652	+0.0058617	+0.0065352	+0.0071733	+0.0077963
2012-01	0.037	-0.0076317	-0.0071813	-0.0066852	-0.0061329	-0.0055389	-0.0048826	-0.0041646	-0.0033889	-0.0025505	-0.0016611	-0.0007382	+0.0001906	+0.0011071	+0.0019920	+0.0028397	+0.0036332	+0.0043897	+0.0051000	+0.0057700	+0.0064089	+0.0070168
2012-02	0.099	-0.0050984	-0.0047288	-0.0043338	-0.0039086	-0.0034479	-0.0029446	-0.0024159	-0.0018526	-0.0012548	-0.0006235	+0.0000178	+0.0006621	+0.0012939	+0.0019015	+0.0024723	+0.0030033	+0.0034962	+0.0039572	+0.0043833	+0.0047806	+0.0051416
2012-03	0.036	-0.0072060	-0.0063737	-0.0054593	-0.0044773	-0.0034164	-0.0022947	-0.0011399	+0.0000517	+0.0012978	+0.0025213	+0.0036876	+0.0048171	+0.0058381	+0.0066826	+0.0073846	+0.0079873	+0.0085170	+0.0089968	+0.0094250	+0.0098427	+0.0100000
2012-04	-0.054	-0.0077027	-0.0069325	-0.0060579	-0.0050521	-0.0039865	-0.0028283	-0.0015893	-0.0003394	+0.0009711	+0.0022803	+0.0035353	+0.0047550	+0.0058447	+0.0067818	+0.0075858	+0.0082734	+0.0088905	+0.0094606	+0.0100000	+0.0100000	+0.0100000
2012-05	-0.111	-0.0059070	-0.0055100	-0.0050888	-0.0046306	-0.0041372	-0.0036006	-0.0030270	-0.0024135	-0.0017505	-0.0010369	-0.0003000	+0.0004417	+0.0011623	+0.0018566	+0.0025061	+0.0031203	+0.0036958	+0.0042220	+0.0047210	+0.0051858	+0.0056420
2012-06	0.041	-0.0098768	-0.0098012	-0.0096824	-0.0095012	-0.0092268	-0.0088282	-0.0082647	-0.0074810	-0.0064307	-0.0051371	-0.0036821	-0.0020269	-0.0000669	+0.0021595	+0.0053302	+0.0100000	+0.0100000	+0.0100000	+0.0100000	+0.0100000	+0.0100000
2012-07	-0.041	-0.0084895	-0.0080541	-0.0075641	-0.0070134	-0.0064034	-0.0057330	-0.0049864	-0.0041710	-0.0032948	-0.0023613	-0.0013853	-0.0003978	+0.0005763	+0.0015220	+0.0024263	+0.0032670	+0.0040668	+0.0048324	+0.0055788	+0.0063114	+0.0070687
2012-08	-0.004	-0.0052474	-0.0047812	-0.0042779	-0.0037583	-0.0032104	-0.0026085	-0.0019632	-0.0012696	-0.0005205	+0.0002717	+0.0010820	+0.0018986	+0.0026935	+0.0034532	+0.0041625	+0.0048199	+0.0054310	+0.0060067	+0.0065439	+0.0070297	+0.0074828
2012-09	-0.000	-0.0070227	-0.0066058	-0.0061587	-0.0056871	-0.0051787	-0.0046347	-0.0040397	-0.0033969	-0.0027110	-0.0019977	-0.0012589	-0.0005272	+0.0001897	+0.0008757	+0.0015260	+0.0021353	+0.0027044	+0.0032443	+0.0037563	+0.0042338	+0.0046882
2012-10	0.001	-0.0047993	-0.0044446	-0.0040667	-0.0036627	-0.0032275	-0.0027557	-0.0022433	-0.0016868	-0.0010908	-0.0004642	+0.0001797	+0.0008318	+0.0014749	+0.0020931	+0.0026789	+0.0032197	+0.0037267	+0.0042021	+0.0046464	+0.0050390	+0.0054311
2012-11	0.061	-0.0055537	-0.0051422	-0.0047045	-0.0042189	-0.0036998	-0.0031579	-0.0025721	-0.0019480	-0.0012865	-0.0005847	+0.0001457	+0.0008755	+0.0015824	+0.0022558	+0.0028899	+0.0034734	+0.0040194	+0.0045227	+0.0049989	+0.0054535	+0.0059013
2012-12	0.061	-0.0059824	-0.0053680	-0.0047060	-0.0040143	-0.0032856	-0.0025150	-0.0016880	-0.0008227	+0.0000778	+0.0009962	+0.0019293	+0.0028540	+0.0037335	+0.0045586	+0.0053386	+0.0060537	+0.0067193	+0.0073361	+0.0079113	+0.0084315	+0.0089198
2013-01	0.078	-0.0072432	-0.0065125	-0.0056636	-0.0047460	-0.0037632	-0.0027152	-0.0016080	-0.0004792	+0.0006936	+0.0018747	+0.0030290	+0.0041368	+0.0051582	+0.0060830	+0.0069191	+0.0076748	+0.0083675	+0.0090046	+0.0095807	+0.0100000	+0.0100000
2013-02	0.040	-0.0083530	-0.0076455	-0.0067564	-0.0057198	-0.0045448	-0.0032494	-0.0018444	-0.0003616	+0.0011620	+0.0027128	+0.0042268	+0.0056808	+0.0070226	+0.0082256	+0.0093072	+0.0100000	+0.0100000	+0.0100000	+0.0100000	+0.0100000	+0.0100000
2013-03	0.044	-0.0057400	-0.0050910	-0.0044027	-0.0036768	-0.0029089	-0.0020895	-0.0012316	-0.0003223	+0.0006263	+0.0016157	+0.0026300	+0.0036364	+0.0046072	+0.0055369	+0.0063995	+0.0071965	+0.0079289	+0.0086088	+0.0092437	+0.0098541	+0.0100000
2013-04	0.099	-0.0064813	-0.0058458	-0.0051495	-0.0044081	-0.0036229	-0.0027827	-0.0019047	-0.0009881	-0.0000386	+0.0009264	+0.0018953	+0.0028402	+0.0037409	+0.0045737	+0.0053388	+0.0060511	+0.0066969	+0.0072985	+0.0078707	+0.0083924	+0.0088934
2013-05	0.001	-0.0084644	-0.0078139	-0.0069875	-0.0060150	-0.0048749	-0.0036017	-0.0022050	-0.0007443	+0.0008031	+0.0023537	+0.0038782	+0.0053461	+0.0067348	+0.0080350	+0.0092060	+0.0100000	+0.0100000	+0.0100000	+0.0100000	+0.0100000	+0.0100000
2013-06	-0.021	-0.0086368	-0.0079880	-0.0071857	-0.0062267	-0.0051266	-0.0038654	-0.0024647	-0.0009524	+0.0006436	+0.0022781	+0.0039436	+0.0055738	+0.0071364	+0.0085937	+0.0099506	+0.0100000	+0.0100000	+0.0100000	+0.0100000	+0.0100000	+0.0100000
2013-07	0.001	-0.0094645	-0.0091694	-0.0087472	-0.0081705	-0.0074234	-0.0064958	-0.0054017	-0.0041638	-0.0027889	-0.0013118	+0.0002375	+0.0018022	+0.0033618	+0.0048633	+0.0063388	+0.0078336	+0.0094441	+0.0100000	+0.0100000	+0.0100000	+0.0100000
2013-08	-0.018	-0.0091321	-0.0087283	-0.0082159	-0.0075587	-0.0067812	-0.0058877	-0.0048767	-0.0037626	-0.0025583	-0.0012948	-0.0000014	+0.0012864	+0.0025440	+0.0037542	+0.0049123	+0.0060292	+0.0071146	+0.0082184	+0.0094908	+0.0100000	+0.0100000
2013-09	0.072	-0.0084704	-0.0079864	-0.0074446	-0.0068379	-0.0061704	-0.0054474	-0.0046607	-0.0038151	-0.0029234	-0.0019971	-0.0010530	-0.0001238	+0.0007763	+0.0016492	+0.0024726	+0.0032379	+0.0039529	+0.0046153	+0.0052442	+0.0058736	+0.0065594
2013-10	0.009	-0.0073846	-0.0068085	-0.0062197	-0.0055732	-0.0048942	-0.0041675	-0.0033761	-0.0025339	-0.0016398	-0.0007144	+0.0002355	+0.0011767	+0.0020860	+0.0029529	+0.0037685	+0.0045273	+0.0052160	+0.0058538	+0.0064570	+0.0070312	+0.0075787
2013-11	0.050	-0.0068210	-0.0061830	-0.0055206	-0.0048068	-0.0040408	-0.0032315	-0.0023901	-0.0015000	-0.0005711	+0.0003704	+0.0013049	+0.0022176	+0.0030926	+0.0039019	+0.0046448	+0.0053230	+0.0059505	+0.0065135	+0.0070435	+0.0075388	+0.0080067
2013-12	0.035	-0.0046356	-0.0041049	-0.0035429	-0.0029666	-0.0023620	-0.0017179	-0.0010319	-0.0003038	+0.0004502	+0.0012194	+0.0019932	+0.0027480	+0.0034659	+0.0041332	+0.0047450	+0.0053098	+0.0058147	+0.0062815	+0.0067040	+0.0071034	+0.0074802
2014-01	-0.040	-0.0058510	-0.0051407	-0.0043598	-0.0035547	-0.0027296	-0.0018692	-0.0009655	-0.0000140	+0.0009616	+0.0019359	+0.0028938	+0.0038131	+0.0046527	+0.0054182	+0.0061113	+0.0067360	+0.0072973	+0.0078096	+0.0082695	+0.0086964	+0.0090912
2014-02	0.003	-0.0067716	-0.0062879	-0.0057640	-0.0051955	-0.0045906	-0.0039392	-0.0032540	-0.0025283	-0.0017655	-0.0009660	-0.0001495	+0.0006643	+0.0014515	+0.0022026	+0.0029006	+0.0035560	+0.0041674	+0.0047431	+0.0052707	+0.0057811	+0.0062518
2014-03	-0.017	-0.0090504	-0.0086214	-0.0080909	-0.0074419	-0.0066986	-0.0058526	-0.0049257	-0.0039106	-0.0028320	-0.0016997	-0.0005525	+0.0005888	+0.0016976	+0.0027577	+0.0037558	+0.0046926	+0.0056087	+0.0065323	+0.0075579	+0.0089565	+0.0100000
2014-04	-0.027	-0.0066311	-0.0060437	-0.0054193	-0.0047240	-0.0039925	-0.0031952	-0.0023466	-0.0014412	-0.0004800	+0.0005077	+0.0015185	+0.0025099	+0.0034747	+0.0043860	+0.0052385	+0.0060337	+0.0067525	+0.0074084	+0.0080088	+0.0085895	+0.0091220
2014-05	0.022	-0.0078987	-0.0073983	-0.0068598	-0.0062662	-0.0056144	-0.0049082	-0.0041547	-0.0033477	-0.0024979	-0.0016086	-0.0007075	+0.0001869	+0.0010484	+0.0018580	+0.0026042	+0.0033025	+0.0039572	+0.0045663	+0.0051316	+0.0056866	+0.0062190
2014-06	0.045	-0.0066021	-0.0061138	-0.0055940	-0.0050623	-0.0044971	-0.0038988	-0.0032580	-0.0025733	-0.0018596	-0.0011156	-0.0003535	+0.0004101	+0.0011513	+0.0018514	+0.0025133	+0.0031270	+0.0036821	+0.0041992	+0.0046833	+0.0051257	+0.0055295
2014-07	0.036	-0.0043875	-0.0039458	-0.0034956	-0.0030005	-0.0024829	-0.0019362	-0.0013424	-0.0007147	-0.0000508	+0.0006415	+0.0013373	+0.0020188	+0.0026803	+0.0033060	+0.0038930	+0.0044407	+0.0049480	+0.0054124	+0.0058447	+0.0062389	+0.0066055
2014-08	-0.011	-0.0047333	-0.0041845	-0.0036135	-0.0030055	-0.0023943	-0.0017726	-0.0011230	-0.0004525	+0.0002385	+0.0009357	+0.0016052	+0.0022384	+0.0028191	+0.0033392	+0.0038149	+0.0042399	+0.0046210	+0.0049656	+0.0052838	+0.0055774	+0.0058572
2014-09	0.054	-0.0032363	-0.0029823	-0.0027081	-0.0024150	-0.0021038	-0.0017643	-0.0014034	-0.0010155	-0.0006084	-0.0001787	+0.0002612	+0.0006987	+0.0011273	+0.0015374	+0.0019168	+0.0022717	+0.0025959	+0.0028977	+0.0031852	+0.0034441	+0.0037025
2014-10	-0.004	-0.0044069	-0.0039529	-0.0034849	-0.0029664	-0.0024261	-0.0018488	-0.0012399	-0.0006044	+0.0000437	+0.0006997	+0.0013487	+0.0019692	+0.0025473	+0.0030796	+0.0035645	+0.0040068	+0.0044040	+0.0047633	+0.0050967	+0.0054084	+0.0056991
2014-11	0.078	-0.0064329	-0.0058721	-0.0052911	-0.0046704	-0.0040076	-0.0033007	-0.0025421	-0.0017372	-0.0008854	-0.0000038	+0.0008879	+0.0017747	+0.0026256	+0.0034239	+0.0041728	+0.0048671	+0.0054940	+0.0060904	+0.0066593	+0.0071822	+0.0076681
2014-12	0.001	-0.0065394	-0.0058528	-0.0051061	-0.0043009	-0.0034271	-0.0025125	-0.0015299	-0.0004801	+0.0006219	+0.0017656	+0.0029272	+0.0040827	+0.0051953	+0.0062471	+0.0072290	+0.0081362	+0.0089683	+0.0097528	+0.0100000	+0.0100000	+0.0100000
2015-01	0.029	-0.0070395	-0.0064193	-0.0057487	-0.0050073	-0.0042245	-0.0033800	-0.0025079	-0.0015820	-0.0006208	+0.0003710	+0.0013645	+0.0023388	+0.0032684	+0.0041393	+0.0049485	+0.0056825	+0.0063665	+0.0069895	+0.0075483	+0.0080862	+0.0086003
2015-02	-0.005	-0.0068304	-0.0062853	-0.0057165	-0.0050963	-0.0044389	-0.0037404	-0.0029924	-0.0021868	-0.0013338	-0.0004549	+0.0004387	+0.0013246	+0.0021838	+0.0030053	+0.0037641	+0.0044792	+0.0051391	+0.0057507	+0.0063219	+0.0068522	+0.0073469
