2012-03	-0.002	-0.0061245	-0.0053306	-0.0045253	-0.0036776	-0.0027884	-0.0018362	-0.0008541	+0.0001560	+0.0011949	+0.0022322	+0.0032050	+0.0041289	+0.0049897	+0.0057199	+0.0063250	+0.0068322	+0.0072723	+0.0076640	+0.0080215	+0.0083451	+0.0086585
2012-04	-0.014	-0.0063350	-0.0056855	-0.0049698	-0.0042131	-0.0034280	-0.0026150	-0.0017730	-0.0008926	+0.0000171	+0.0009376	+0.0018434	+0.0027073	+0.0035036	+0.0042276	+0.0048772	+0.0054483	+0.0059591	+0.0064144	+0.0068256	+0.0072060	+0.0075709
2012-05	-0.093	-0.0057319	-0.0053667	-0.0049815	-0.0045631	-0.0040997	-0.0036058	-0.0030806	-0.0025135	-0.0019024	-0.0012671	-0.0006108	+0.0000387	+0.0006750	+0.0012851	+0.0018578	+0.0023910	+0.0028887	+0.0033482	+0.0037824	+0.0041938	+0.0046035
2012-06	0.014	-0.0090556	-0.0087609	-0.0084238	-0.0080298	-0.0075908	-0.0070840	-0.0065027	-0.0058300	-0.0050472	-0.0041689	-0.0031991	-0.0021537	-0.0010773	-0.0000039	+0.0010539	+0.0021156	+0.0031314	+0.0041218	+0.0051271	+0.0061398	+0.0071676
2012-07	0.027	-0.0076294	-0.0072751	-0.0068624	-0.0064228	-0.0059311	-0.0053890	-0.0047872	-0.0041310	-0.0034199	-0.0026545	-0.0018520	-0.0010178	-0.0001905	+0.0006146	+0.0013847	+0.0021262	+0.0028337	+0.0034931	+0.0041371	+0.0047597	+0.0053311
2012-08	0.006	-0.0046227	-0.0041430	-0.0036327	-0.0030955	-0.0025197	-0.0019056	-0.0012559	-0.0005705	+0.0001542	+0.0009166	+0.0016935	+0.0024564	+0.0032023	+0.0039038	+0.0045670	+0.0051763	+0.0057467	+0.0062737	+0.0067599	+0.0072206	+0.0076608
2012-09	0.019	-0.0039368	-0.0036323	-0.0033104	-0.0029804	-0.0026278	-0.0022460	-0.0018399	-0.0014040	-0.0009359	-0.0004429	+0.0000646	+0.0005712	+0.0010610	+0.0015315	+0.0019781	+0.0023931	+0.0027819	+0.0031451	+0.0034782	+0.0037850	+0.0040712
2012-10	0.012	-0.0027877	-0.0025264	-0.0022564	-0.0019794	-0.0016756	-0.0013487	-0.0009983	-0.0006238	-0.0002256	+0.0001926	+0.0006219	+0.0010536	+0.0014734	+0.0018762	+0.0022555	+0.0026082	+0.0029379	+0.0032483	+0.0035388	+0.0038136	+0.0040698
2012-11	0.031	-0.0030302	-0.0027434	-0.0024336	-0.0021045	-0.0017566	-0.0013921	-0.0010033	-0.0005899	-0.0001585	+0.0002864	+0.0007390	+0.0011890	+0.0016233	+0.0020394	+0.0024283	+0.0027903	+0.0031249	+0.0034319	+0.0037172	+0.0039923	+0.0042433
2012-12	0.058	-0.0032822	-0.0029375	-0.0025761	-0.0021939	-0.0017957	-0.0013801	-0.0009425	-0.0004824	-0.0000090	+0.0004753	+0.0009590	+0.0014296	+0.0018776	+0.0022955	+0.0026804	+0.0030331	+0.0033591	+0.0036544	+0.0039273	+0.0041745	+0.0044106
2013-01	0.062	-0.0049119	-0.0043309	-0.0036992	-0.0030201	-0.0023173	-0.0015902	-0.0008423	-0.0000775	+0.0007076	+0.0014906	+0.0022384	+0.0029488	+0.0035858	+0.0041388	+0.0046015	+0.0049915	+0.0053266	+0.0056244	+0.0058879	+0.0061210	+0.0063243
2013-02	0.004	-0.0071763	-0.0063776	-0.0054923	-0.0045549	-0.0034970	-0.0023336	-0.0011757	+0.0000102	+0.0012725	+0.0024808	+0.0036422	+0.0047657	+0.0057744	+0.0066160	+0.0073179	+0.0079251	+0.0084532	+0.0089394	+0.0093938	+0.0098435	+0.0100000
2013-03	0.018	-0.0037324	-0.0033586	-0.0029684	-0.0025588	-0.0021283	-0.0016631	-0.0011688	-0.0006448	-0.0000943	+0.0004758	+0.0010592	+0.0016361	+0.0021941	+0.0027271	+0.0032208	+0.0036819	+0.0041102	+0.0045014	+0.0048677	+0.0052152	+0.0055580
2013-04	0.045	-0.0035119	-0.0032414	-0.0029465	-0.0026443	-0.0023181	-0.0019709	-0.0015953	-0.0011964	-0.0007713	-0.0003291	+0.0001265	+0.0005815	+0.0010208	+0.0014388	+0.0018341	+0.0022080	+0.0025529	+0.0028720	+0.0031731	+0.0034587	+0.0037238
2013-05	0.006	-0.0064859	-0.0058500	-0.0051697	-0.0044677	-0.0037340	-0.0029538	-0.0021232	-0.0012551	-0.0003521	+0.0005686	+0.0014996	+0.0023996	+0.0032656	+0.0040843	+0.0048412	+0.0055383	+0.0061834	+0.0067849	+0.0073482	+0.0078747	+0.0083840
2013-06	-0.071	-0.0058085	-0.0052365	-0.0046419	-0.0040007	-0.0033326	-0.0026246	-0.0018704	-0.0010627	-0.0001991	+0.0006940	+0.0015984	+0.0024902	+0.0033550	+0.0041723	+0.0049435	+0.0056477	+0.0062931	+0.0068953	+0.0074507	+0.0079570	+0.0084551
2013-07	0.019	-0.0084663	-0.0080425	-0.0075631	-0.0070265	-0.0064344	-0.0057819	-0.0050643	-0.0042847	-0.0034359	-0.0025217	-0.0015595	-0.0005671	+0.0004275	+0.0014052	+0.0023509	+0.0032611	+0.0041328	+0.0049633	+0.0057766	+0.0065710	+0.0074034
2013-08	-0.023	-0.0064273	-0.0059977	-0.0055538	-0.0050788	-0.0045732	-0.0040223	-0.0034320	-0.0028104	-0.0021576	-0.0014723	-0.0007729	-0.0000886	+0.0005818	+0.0012100	+0.0017983	+0.0023382	+0.0028399	+0.0033114	+0.0037567	+0.0041642	+0.0045400
2013-09	0.038	-0.0049371	-0.0045922	-0.0042323	-0.0038583	-0.0034609	-0.0030293	-0.0025691	-0.0020751	-0.0015478	-0.0009930	-0.0004315	+0.0001306	+0.0006724	+0.0011870	+0.0016694	+0.0021165	+0.0025280	+0.0029081	+0.0032717	+0.0036160	+0.0039372
2013-10	0.029	-0.0054409	-0.0050504	-0.0046330	-0.0041691	-0.0036772	-0.0031451	-0.0025848	-0.0019811	-0.0013380	-0.0006738	+0.0000097	+0.0006924	+0.0013599	+0.0019864	+0.0025716	+0.0031133	+0.0036194	+0.0040814	+0.0044957	+0.0048976	+0.0052728
2013-11	0.011	-0.0050919	-0.0045631	-0.0039972	-0.0033922	-0.0027618	-0.0020939	-0.0014152	-0.0006972	+0.0000391	+0.0007901	+0.0015319	+0.0022522	+0.0029251	+0.0035512	+0.0041166	+0.0046300	+0.0051018	+0.0055271	+0.0059230	+0.0063106	+0.0066653
2013-12	0.022	-0.0033480	-0.0030220	-0.0026698	-0.0022967	-0.0019035	-0.0014834	-0.0010427	-0.0005748	-0.0000918	+0.0004102	+0.0009251	+0.0014339	+0.0019264	+0.0023931	+0.0028244	+0.0032266	+0.0036019	+0.0039498	+0.0042754	+0.0045810	+0.0048626
2014-01	-0.041	-0.0032075	-0.0028750	-0.0025437	-0.0021789	-0.0017888	-0.0013776	-0.0009453	-0.0004817	+0.0000077	+0.0005132	+0.0010230	+0.0015335	+0.0020264	+0.0024871	+0.0029136	+0.0033074	+0.0036625	+0.0039936	+0.0042980	+0.0045896	+0.0048704
2014-02	0.023	-0.0050500	-0.0046896	-0.0043089	-0.0039110	-0.0034867	-0.0030432	-0.0025706	-0.0020668	-0.0015352	-0.0009750	-0.0004121	+0.0001448	+0.0006850	+0.0011996	+0.0016825	+0.0021328	+0.0025583	+0.0029517	+0.0033288	+0.0036818	+0.0040255
2014-03	0.013	-0.0046514	-0.0042858	-0.0038919	-0.0034879	-0.0030631	-0.0026096	-0.0021292	-0.0016165	-0.0010804	-0.0005306	+0.0000270	+0.0005686	+0.0010828	+0.0015637	+0.0020140	+0.0024261	+0.0028085	+0.0031551	+0.0034815	+0.0037777	+0.0040564
2014-04	0.008	-0.0026546	-0.0023092	-0.0019472	-0.0015680	-0.0011735	-0.0007604	-0.0003198	+0.0001529	+0.0006467	+0.0011530	+0.0016615	+0.0021608	+0.0026424	+0.0030994	+0.0035195	+0.0039026	+0.0042600	+0.0045887	+0.0048902	+0.0051584	+0.0054113
2014-05	0.012	-0.0026103	-0.0023572	-0.0020894	-0.0018057	-0.0015108	-0.0011920	-0.0008521	-0.0004886	-0.0001021	+0.0003037	+0.0007196	+0.0011360	+0.0015405	+0.0019203	+0.0022769	+0.0026077	+0.0029194	+0.0032111	+0.0034751	+0.0037158	+0.0039444
2014-06	0.016	-0.0020586	-0.0018940	-0.0017176	-0.0015322	-0.0013342	-0.0011237	-0.0008988	-0.0006550	-0.0003950	-0.0001227	+0.0001548	+0.0004353	+0.0007100	+0.0009712	+0.0012137	+0.0014410	+0.0016524	+0.0018496	+0.0020297	+0.0022021	+0.0023630
2014-07	0.012	-0.0020431	-0.0018073	-0.0015686	-0.0013172	-0.0010535	-0.0007773	-0.0004890	-0.0001880	+0.0001226	+0.0004402	+0.0007524	+0.0010511	+0.0013314	+0.0015901	+0.0018231	+0.0020354	+0.0022294	+0.0024085	+0.0025735	+0.0027256	+0.0028680
2014-08	0.010	-0.0019824	-0.0017558	-0.0015205	-0.0012770	-0.0010260	-0.0007629	-0.0004880	-0.0002030	+0.0000919	+0.0003894	+0.0006815	+0.0009618	+0.0012288	+0.0014740	+0.0016983	+0.0019024	+0.0020865	+0.0022548	+0.0024102	+0.0025501	+0.0026833
2014-09	-0.003	-0.0022571	-0.0020297	-0.0017985	-0.0015526	-0.0013019	-0.0010367	-0.0007589	-0.0004684	-0.0001662	+0.0001430	+0.0004534	+0.0007575	+0.0010466	+0.0013209	+0.0015750	+0.0018048	+0.0020154	+0.0022057	+0.0023850	+0.0025548	+0.0027140
2014-10	0.007	-0.0023171	-0.0020949	-0.0018623	-0.0016125	-0.0013495	-0.0010703	-0.0007765	-0.0004681	-0.0001467	+0.0001809	+0.0005092	+0.0008281	+0.0011346	+0.0014200	+0.0016891	+0.0019360	+0.0021591	+0.0023630	+0.0025566	+0.0027346	+0.0028965
2014-11	0.064	-0.0031463	-0.0029055	-0.0026548	-0.0023891	-0.0021077	-0.0018095	-0.0014881	-0.0011490	-0.0007894	-0.0004158	-0.0000346	+0.0003412	+0.0007063	+0.0010528	+0.0013761	+0.0016766	+0.0019570	+0.0022198	+0.0024625	+0.0026894	+0.0029032
2014-12	-0.017	-0.0043818	-0.0038301	-0.0032556	-0.0026755	-0.0020505	-0.0013928	-0.0007006	+0.0000270	+0.0007685	+0.0015118	+0.0022394	+0.0029441	+0.0036063	+0.0042055	+0.0047463	+0.0052282	+0.0056644	+0.0060611	+0.0064330	+0.0067774	+0.0070991
2015-01	-0.001	-0.0044001	-0.0040285	-0.0036279	-0.0032112	-0.0027616	-0.0022818	-0.0017649	-0.0012187	-0.0006385	-0.0000384	+0.0005722	+0.0011809	+0.0017676	+0.0023232	+0.0028372	+0.0033151	+0.0037613	+0.0041834	+0.0045653	+0.0049292	+0.0052609
2015-02	0.003	-0.0053346	-0.0049687	-0.0045609	-0.0041290	-0.0036748	-0.0031828	-0.0026534	-0.0020843	-0.0014764	-0.0008500	-0.0002072	+0.0004335	+0.0010574	+0.0016511	+0.0022062	+0.0027207	+0.0032048	+0.0036510	+0.0040689	+0.0044584	+0.0048339
