2011-03	0.025	-0.0032426	-0.0029551	-0.0026469	-0.0023257	-0.0019832	-0.0016117	-0.0012135	-0.0007923	-0.0003492	+0.0001116	+0.0005821	+0.0010468	+0.0014937	+0.0019190	+0.0023139	+0.0026840	+0.0030242	+0.0033355	+0.0036291	+0.0039061	+0.0041623
2011-04	0.021	-0.0063214	-0.0057912	-0.0052159	-0.0046067	-0.0039641	-0.0032792	-0.0025409	-0.0017610	-0.0009388	-0.0000730	+0.0008049	+0.0016674	+0.0025057	+0.0032928	+0.0040278	+0.0047158	+0.0053563	+0.0059688	+0.0065465	+0.0070928	+0.0076161
2011-05	-0.040	-0.0064122	-0.0058309	-0.0052245	-0.0045962	-0.0039155	-0.0031915	-0.0024124	-0.0015817	-0.0007076	+0.0002071	+0.0011204	+0.0020322	+0.0029171	+0.0037679	+0.0045555	+0.0052869	+0.0059754	+0.0066212	+0.0072312	+0.0078240	+0.0083920
2011-06	-0.013	-0.0073030	-0.0068172	-0.0063036	-0.0057603	-0.0051765	-0.0045610	-0.0038999	-0.0032019	-0.0024706	-0.0017199	-0.0009531	-0.0002053	+0.0005146	+0.0011909	+0.0018177	+0.0023988	+0.0029326	+0.0034279	+0.0038850	+0.0043081	+0.0047157
2011-07	-0.033	-0.0059471	-0.0055198	-0.0050894	-0.0046287	-0.0041266	-0.0035853	-0.0029973	-0.0023632	-0.0016795	-0.0009640	-0.0002206	+0.0005296	+0.0012628	+0.0019731	+0.0026513	+0.0032930	+0.0038967	+0.0044687	+0.0050212	+0.0055410	+0.0060320
2011-08	-0.068	-0.0072966	-0.0068557	-0.0064135	-0.0059239	-0.0053823	-0.0047935	-0.0041635	-0.0034821	-0.0027455	-0.0019703	-0.0011630	-0.0003461	+0.0004618	+0.0012457	+0.0019977	+0.0027117	+0.0033802	+0.0040182	+0.0046147	+0.0051793	+0.0057337
2011-09	-0.062	-0.0097191	-0.0095535	-0.0092983	-0.0089364	-0.0084569	-0.0078142	-0.0070187	-0.0060705	-0.0049746	-0.0037560	-0.0024552	-0.0010914	+0.0003484	+0.0018375	+0.0034447	+0.0053800	+0.0090588	+0.0100000	+0.0100000	+0.0100000	+0.0100000
2011-10	0.100	-0.0097931	-0.0096690	-0.0094727	-0.0091750	-0.0087476	-0.0081540	-0.0073713	-0.0063881	-0.0051932	-0.0038056	-0.0022655	-0.0005719	+0.0012829	+0.0033503	+0.0059456	+0.0100000	+0.0100000	+0.0100000	+0.0100000	+0.0100000	+0.0100000
2011-11	-0.071	-0.0076060	-0.0070153	-0.0063726	-0.0056770	-0.0049362	-0.0041257	-0.0032488	-0.0022980	-0.0012837	-0.0002075	+0.0008873	+0.0019942	+0.0030672	+0.0040918	+0.0050483	+0.0059469	+0.0067816	+0.0075665	+0.0083116	+0.0090194	+0.0097185
2011-12	0.024	-0.0070771	-0.0064338	-0.0057373	-0.0049946	-0.0041930	-0.0033282	-0.0024000	-0.0014112	-0.0003514	+0.0007621	+0.0019098	+0.0030564	+0.0041725	+0.0052377	+0.0062540	+0.0071954	+0.0080823	+0.0089146	+0.0097112	+0.0100000	+0.0100000
2012-01	0.021	-0.0070924	-0.0066024	-0.0060617	-0.0054960	-0.0048783	-0.0042239	-0.0035102	-0.0027489	-0.0019331	-0.0010726	-0.0001902	+0.0006959	+0.0015617	+0.0023857	+0.0031554	+0.0038806	+0.0045512	+0.0051680	+0.0057667	+0.0063185	+0.0068435
2012-02	0.093	-0.0041082	-0.0037538	-0.0033786	-0.0029893	-0.0025747	-0.0021323	-0.0016575	-0.0011496	-0.0006100	-0.0000493	+0.0005217	+0.0010964	+0.0016527	+0.0021796	+0.0026767	+0.0031376	+0.0035622	+0.0039601	+0.0043289	+0.0046747	+0.0049880
2012-03	0.011	-0.0062623	-0.0055008	-0.0046721	-0.0037975	-0.0028667	-0.0019046	-0.0008924	+0.0001331	+0.0011937	+0.0022508	+0.0032573	+0.0042191	+0.0050904	+0.0058284	+0.0064541	+0.0069835	+0.0074478	+0.0078599	+0.0082356	+0.0085795	+0.0088950
2012-04	-0.012	-0.0074205	-0.0067007	-0.0058500	-0.0049076	-0.0039401	-0.0029050	-0.0018446	-0.0007249	+0.0004230	+0.0015785	+0.0027029	+0.0037681	+0.0047341	+0.0055999	+0.0063589	+0.0070283	+0.0076083	+0.0081343	+0.0086190	+0.0090904	+0.0095590
2012-05	-0.103	-0.0058874	-0.0054634	-0.0050331	-0.0045670	-0.0040549	-0.0035102	-0.0029286	-0.0022980	-0.0016292	-0.0009258	-0.0002022	+0.0005183	+0.0012180	+0.0018872	+0.0025142	+0.0030999	+0.0036541	+0.0041756	+0.0046561	+0.0051083	+0.0055316
2012-06	0.018	-0.0095169	-0.0092878	-0.0089848	-0.0086046	-0.0081495	-0.0075981	-0.0069544	-0.0061983	-0.0053317	-0.0043639	-0.0033113	-0.0021792	-0.0010131	+0.0001668	+0.0013407	+0.0025455	+0.0037622	+0.0050761	+0.0066594	+0.0093540	+0.0100000
2012-07	0.031	-0.0084395	-0.0080558	-0.0076123	-0.0071148	-0.0065738	-0.0059667	-0.0052955	-0.0045604	-0.0037542	-0.0028946	-0.0019998	-0.0010745	-0.0001600	+0.0007246	+0.0015801	+0.0023974	+0.0031895	+0.0039284	+0.0046581	+0.0053677	+0.0060512
2012-08	0.016	-0.0052746	-0.0047194	-0.0041310	-0.0035141	-0.0028503	-0.0021503	-0.0014097	-0.0006282	+0.0002062	+0.0010762	+0.0019669	+0.0028432	+0.0036920	+0.0044934	+0.0052433	+0.0059472	+0.0065911	+0.0071976	+0.0077554	+0.0082788	+0.0087610
2012-09	0.016	-0.0043425	-0.0039848	-0.0036183	-0.0032300	-0.0028102	-0.0023626	-0.0018796	-0.0013632	-0.0008138	-0.0002309	+0.0003591	+0.0009503	+0.0015252	+0.0020686	+0.0025845	+0.0030637	+0.0035106	+0.0039286	+0.0043049	+0.0046624	+0.0049957
2012-10	0.012	-0.0032144	-0.0029038	-0.0025857	-0.0022495	-0.0018885	-0.0015040	-0.0010895	-0.0006428	-0.0001709	+0.0003244	+0.0008325	+0.0013389	+0.0018328	+0.0023039	+0.0027453	+0.0031559	+0.0035411	+0.0038962	+0.0042241	+0.0045320	+0.0048298
2012-11	0.040	-0.0035832	-0.0032699	-0.0029326	-0.0025738	-0.0021884	-0.0017859	-0.0013561	-0.0008960	-0.0004072	+0.0000993	+0.0006136	+0.0011347	+0.0016439	+0.0021307	+0.0025872	+0.0030149	+0.0034104	+0.0037745	+0.0041168	+0.0044356	+0.0047436
2012-12	0.068	-0.0041943	-0.0037442	-0.0032874	-0.0028075	-0.0023017	-0.0017651	-0.0012005	-0.0006136	-0.0000014	+0.0006218	+0.0012454	+0.0018572	+0.0024422	+0.0029860	+0.0034938	+0.0039604	+0.0043837	+0.0047759	+0.0051364	+0.0054732	+0.0057873
2013-01	0.079	-0.0060311	-0.0053477	-0.0045982	-0.0037724	-0.0029162	-0.0020326	-0.0011110	-0.0001652	+0.0007943	+0.0017634	+0.0027063	+0.0035876	+0.0043829	+0.0050904	+0.0057007	+0.0062254	+0.0066776	+0.0070844	+0.0074349	+0.0077554	+0.0080444
2013-02	0.006	-0.0080599	-0.0072769	-0.0063704	-0.0053205	-0.0040929	-0.0027275	-0.0013558	+0.0000766	+0.0016099	+0.0030786	+0.0045044	+0.0058794	+0.0071185	+0.0081560	+0.0090353	+0.0097998	+0.0100000	+0.0100000	+0.0100000	+0.0100000	+0.0100000
2013-03	0.026	-0.0052091	-0.0046862	-0.0041305	-0.0035445	-0.0029358	-0.0022907	-0.0016011	-0.0008631	-0.0000964	+0.0006966	+0.0015041	+0.0023050	+0.0030747	+0.0038029	+0.0044829	+0.0051182	+0.0057059	+0.0062538	+0.0067574	+0.0072302	+0.0076840
2013-04	0.060	-0.0046069	-0.0042343	-0.0038443	-0.0034266	-0.0029818	-0.0025087	-0.0019969	-0.0014534	-0.0008818	-0.0002917	+0.0003107	+0.0009096	+0.0014856	+0.0020309	+0.0025394	+0.0030184	+0.0034531	+0.0038639	+0.0042446	+0.0046051	+0.0049443
2013-05	0.023	-0.0075276	-0.0068432	-0.0060582	-0.0052094	-0.0043300	-0.0033741	-0.0023598	-0.0012892	-0.0001965	+0.0009316	+0.0020528	+0.0031398	+0.0041770	+0.0051591	+0.0060728	+0.0069128	+0.0076960	+0.0084320	+0.0091339	+0.0098179	+0.0100000
2013-06	-0.062	-0.0068435	-0.0061436	-0.0053864	-0.0045717	-0.0037053	-0.0028024	-0.0018560	-0.0008432	+0.0002334	+0.0013478	+0.0024676	+0.0035717	+0.0046296	+0.0056358	+0.0065689	+0.0074300	+0.0082096	+0.0089269	+0.0096026	+0.0100000	+0.0100000
2013-07	0.025	-0.0082679	-0.0077622	-0.0072134	-0.0065883	-0.0059213	-0.0051835	-0.0043864	-0.0035275	-0.0026188	-0.0016642	-0.0006824	+0.0003028	+0.0012659	+0.0021848	+0.0030500	+0.0038589	+0.0046099	+0.0053266	+0.0060029	+0.0067111	+0.0074410
2013-08	-0.015	-0.0067665	-0.0062674	-0.0057364	-0.0051767	-0.0045826	-0.0039506	-0.0032706	-0.0025551	-0.0018113	-0.0010356	-0.0002496	+0.0005270	+0.0012696	+0.0019729	+0.0026239	+0.0032270	+0.0037748	+0.0042803	+0.0047410	+0.0051805	+0.0055936
2013-09	0.031	-0.0051216	-0.0047546	-0.0043621	-0.0039469	-0.0035049	-0.0030279	-0.0025124	-0.0019568	-0.0013649	-0.0007365	-0.0000956	+0.0005510	+0.0011771	+0.0017726	+0.0023243	+0.0028425	+0.0033203	+0.0037647	+0.0041853	+0.0045826	+0.0049521
2013-10	0.033	-0.0057703	-0.0053640	-0.0049196	-0.0044379	-0.0039274	-0.0033754	-0.0027892	-0.0021620	-0.0014993	-0.0008106	-0.0001030	+0.0005967	+0.0012811	+0.0019291	+0.0025282	+0.0030829	+0.0036017	+0.0040772	+0.0045109	+0.0049142	+0.0053006
2013-11	0.030	-0.0052927	-0.0047479	-0.0041747	-0.0035513	-0.0028989	-0.0022241	-0.0015233	-0.0007869	-0.0000318	+0.0007466	+0.0015191	+0.0022666	+0.0029623	+0.0036090	+0.0042058	+0.0047519	+0.0052473	+0.0057030	+0.0061317	+0.0065363	+0.0069085
2013-12	0.034	-0.0042536	-0.0037805	-0.0032873	-0.0027872	-0.0022392	-0.0016601	-0.0010599	-0.0004344	+0.0002076	+0.0008667	+0.0015339	+0.0021772	+0.0027931	+0.0033690	+0.0038983	+0.0043865	+0.0048396	+0.0052540	+0.0056451	+0.0060016	+0.0063418
2014-01	-0.042	-0.0046754	-0.0041496	-0.0035804	-0.0029857	-0.0023493	-0.0016974	-0.0010118	-0.0003034	+0.0004415	+0.0011949	+0.0019326	+0.0026379	+0.0032956	+0.0038973	+0.0044392	+0.0049251	+0.0053632	+0.0057685	+0.0061312	+0.0064649	+0.0067835
2014-02	0.022	-0.0058099	-0.0053644	-0.0048999	-0.0043982	-0.0038750	-0.0033162	-0.0027402	-0.0021308	-0.0014864	-0.0008140	-0.0001293	+0.0005384	+0.0011838	+0.0017963	+0.0023634	+0.0028896	+0.0033748	+0.0038179	+0.0042285	+0.0046224	+0.0049963
2014-03	0.011	-0.0058163	-0.0053476	-0.0048648	-0.0043464	-0.0038086	-0.0032368	-0.0026353	-0.0019954	-0.0013201	-0.0006263	+0.0000703	+0.0007523	+0.0013982	+0.0020016	+0.0025614	+0.0030811	+0.0035578	+0.0039956	+0.0044057	+0.0047886	+0.0051402
2014-04	0.011	-0.0030485	-0.0026635	-0.0022747	-0.0018645	-0.0014331	-0.0009682	-0.0004723	+0.0000617	+0.0006274	+0.0012116	+0.0018011	+0.0023838	+0.0029452	+0.0034866	+0.0039840	+0.0044412	+0.0048567	+0.0052481	+0.0056091	+0.0059382	+0.0062435
2014-05	0.010	-0.0033842	-0.0030682	-0.0027364	-0.0023897	-0.0020149	-0.0016133	-0.0011803	-0.0007229	-0.0002343	+0.0002731	+0.0007918	+0.0013102	+0.0018119	+0.0022831	+0.0027196	+0.0031230	+0.0034995	+0.0038466	+0.0041732	+0.0044773	+0.0047510
2014-06	0.008	-0.0027924	-0.0025643	-0.0023212	-0.0020682	-0.0018007	-0.0015153	-0.0012135	-0.0008948	-0.0005562	-0.0002004	+0.0001663	+0.0005294	+0.0008803	+0.0012141	+0.0015288	+0.0018160	+0.0020834	+0.0023258	+0.0025547	+0.0027662	+0.0029706
2014-07	0.010	-0.0020140	-0.0018265	-0.0016251	-0.0014134	-0.0011900	-0.0009527	-0.0007000	-0.0004325	-0.0001508	+0.0001402	+0.0004350	+0.0007268	+0.0010056	+0.0012673	+0.0015118	+0.0017396	+0.0019516	+0.0021443	+0.0023214	+0.0024808	+0.0026300
2014-08	0.007	-0.0019288	-0.0017616	-0.0015805	-0.0013855	-0.0011806	-0.0009672	-0.0007392	-0.0004953	-0.0002376	+0.0000323	+0.0003080	+0.0005822	+0.0008463	+0.0010982	+0.0013344	+0.0015518	+0.0017525	+0.0019396	+0.0021135	+0.0022787	+0.0024351
2014-09	0.017	-0.0027629	-0.0025160	-0.0022535	-0.0019870	-0.0017028	-0.0014052	-0.0010872	-0.0007505	-0.0003935	-0.0000282	+0.0003434	+0.0007070	+0.0010579	+0.0013933	+0.0017035	+0.0019859	+0.0022457	+0.0024867	+0.0027125	+0.0029224	+0.0031143
2014-10	-0.003	-0.0030672	-0.0027164	-0.0023512	-0.0019706	-0.0015703	-0.0011539	-0.0007100	-0.0002465	+0.0002263	+0.0007003	+0.0011672	+0.0016168	+0.0020387	+0.0024272	+0.0027819	+0.0031024	+0.0033939	+0.0036641	+0.0039070	+0.0041318	+0.0043468
2014-11	0.087	-0.0044495	-0.0040876	-0.0037065	-0.0032988	-0.0028668	-0.0024094	-0.0019326	-0.0014277	-0.0008929	-0.0003404	+0.0002270	+0.0007833	+0.0013181	+0.0018252	+0.0022999	+0.0027335	+0.0031332	+0.0035028	+0.0038443	+0.0041653	+0.0044824
2014-12	-0.013	-0.0058239	-0.0051435	-0.0044587	-0.0037251	-0.0029318	-0.0020871	-0.0012057	-0.0002739	+0.0006867	+0.0016570	+0.0026368	+0.0035978	+0.0045072	+0.0053563	+0.0061315	+0.0068426	+0.0074858	+0.0080853	+0.0086429	+0.0091581	+0.0096544
2015-01	-0.026	-0.0056803	-0.0051730	-0.0046375	-0.0040670	-0.0034733	-0.0028313	-0.0021412	-0.0013968	-0.0006218	+0.0001903	+0.0010137	+0.0018310	+0.0026175	+0.0033597	+0.0040528	+0.0046928	+0.0052867	+0.0058478	+0.0063585	+0.0068288	+0.0072825
2015-02	0.011	-0.0081761	-0.0076808	-0.0071362	-0.0065252	-0.0058584	-0.0051373	-0.0043534	-0.0034998	-0.0025926	-0.0016404	-0.0006644	+0.0003109	+0.0012617	+0.0021710	+0.0030193	+0.0038249	+0.0045723	+0.0052704	+0.0059379	+0.0065904	+0.0072518
