2011-02	0.044	-0.0010820	-0.0010820	-0.0010820	-0.0010820	-0.0010820	-0.0010820	-0.0010820	-0.0010820	-0.0010622	-0.0010622	-0.0010622	+0.0005506	+0.0005506	+0.0012661	+0.0012661	+0.0012661	+0.0012661	+0.0012661	+0.0012661	+0.0012661	+0.0012661
2011-03	-0.081	-0.0015510	-0.0015510	-0.0015510	-0.0015510	-0.0015510	-0.0015510	-0.0015510	-0.0015510	+0.0008755	+0.0008755	+0.0008755	+0.0014837	+0.0014837	+0.0016608	+0.0016608	+0.0016608	+0.0016608	+0.0016608	+0.0016608	+0.0016608	+0.0016608
2011-04	-0.020	-0.0081471	-0.0081471	-0.0081471	-0.0081471	-0.0081471	-0.0081471	-0.0081471	-0.0071487	-0.0071487	-0.0067973	-0.0064342	-0.0049494	-0.0045491	-0.0045491	+0.0013713	+0.0013713	+0.0013713	+0.0013713	+0.0013713	+0.0013713	+0.0013713
2011-05	-0.016	-0.0021030	-0.0021030	-0.0021030	-0.0021030	-0.0021030	-0.0021030	-0.0021030	-0.0021030	-0.0017421	-0.0017421	-0.0006109	+0.0009418	+0.0009418	+0.0016866	+0.0016866	+0.0016866	+0.0016866	+0.0016866	+0.0016866	+0.0016866	+0.0016866
2011-06	0.013	-0.0032165	-0.0032165	-0.0032165	-0.0032165	-0.0032165	-0.0032165	-0.0032165	-0.0032165	-0.0026226	-0.0026226	-0.0011822	-0.0011822	-0.0011822	+0.0007259	+0.0007259	+0.0007259	+0.0007259	+0.0007259	+0.0007259	+0.0007259	+0.0007259
2011-07	-0.010	-0.0011264	-0.0011264	-0.0011264	-0.0011264	-0.0011264	-0.0011264	-0.0011264	+0.0005842	+0.0005842	+0.0007044	+0.0018502	+0.0021377	+0.0024692	+0.0024692	+0.0028174	+0.0028174	+0.0028174	+0.0028174	+0.0028174	+0.0028174	+0.0028174
2011-08	-0.088	-0.0025145	-0.0025145	-0.0025145	-0.0025145	-0.0025145	-0.0025145	-0.0025145	-0.0025145	-0.0013313	-0.0013313	-0.0012684	-0.0004170	-0.0004170	+0.0009267	+0.0009267	+0.0009267	+0.0009267	+0.0009267	+0.0009267	+0.0009267	+0.0009267
2011-09	-0.003	-0.0085642	-0.0085642	-0.0085642	-0.0085642	-0.0085642	-0.0085642	-0.0085642	-0.0084396	-0.0063426	-0.0059504	-0.0059504	-0.0036087	-0.0013712	+0.0000204	+0.0061471	+0.0061471	+0.0061471	+0.0061471	+0.0061471	+0.0061471	+0.0061471
2011-10	0.002	-0.0026010	-0.0026010	-0.0026010	-0.0026010	-0.0026010	-0.0026010	-0.0026010	-0.0026010	-0.0007555	-0.0007555	+0.0011891	+0.0021225	+0.0021225	+0.0024028	+0.0024028	+0.0024028	+0.0024028	+0.0024028	+0.0024028	+0.0024028	+0.0024028
2011-11	-0.047	-0.0001036	-0.0001036	-0.0001036	-0.0001036	-0.0001036	-0.0001036	-0.0001036	-0.0001036	+0.0004995	+0.0004995	+0.0022945	+0.0023337	+0.0023337	+0.0039526	+0.0039526	+0.0039526	+0.0039526	+0.0039526	+0.0039526	+0.0039526	+0.0039526
2011-12	0.001	-0.0043710	-0.0043710	-0.0043710	-0.0043710	-0.0043710	-0.0043710	-0.0043710	-0.0043710	-0.0021097	-0.0021097	-0.0020082	-0.0019701	-0.0019701	+0.0014745	+0.0014745	+0.0014745	+0.0014745	+0.0014745	+0.0014745	+0.0014745	+0.0014745
2012-01	0.035	-0.0023822	-0.0023822	-0.0023822	-0.0023822	-0.0023822	-0.0023822	-0.0023822	-0.0018236	-0.0018236	-0.0018161	-0.0014008	-0.0014008	-0.0012472	-0.0012472	-0.0004383	-0.0004383	-0.0004383	-0.0004383	-0.0004383	-0.0004383	-0.0004383
2012-02	0.100	+0.0010086	+0.0010086	+0.0010086	+0.0010086	+0.0010086	+0.0010086	+0.0010086	+0.0010086	+0.0015664	+0.0015664	+0.0015664	+0.0018057	+0.0018057	+0.0022538	+0.0022538	+0.0022538	+0.0022538	+0.0022538	+0.0022538	+0.0022538	+0.0022538
2012-03	0.032	-0.0020538	-0.0020538	-0.0020538	-0.0020538	-0.0020538	-0.0020538	-0.0020538	+0.0051910	+0.0051910	+0.0056748	+0.0056748	+0.0059064	+0.0059312	+0.0059312	+0.0061667	+0.0061667	+0.0061667	+0.0061667	+0.0061667	+0.0061667	+0.0061667
2012-04	-0.060	-0.0003535	-0.0003535	-0.0003535	-0.0003535	-0.0003535	-0.0003535	-0.0003535	+0.0015493	+0.0015493	+0.0026148	+0.0030613	+0.0030613	+0.0031124	+0.0031124	+0.0031494	+0.0031494	+0.0031494	+0.0031494	+0.0031494	+0.0031494	+0.0031494
2012-05	-0.111	-0.0041482	-0.0041482	-0.0041482	-0.0041482	-0.0041482	-0.0041482	-0.0041482	-0.0041482	-0.0033330	-0.0033330	-0.0023097	-0.0020548	-0.0020548	+0.0023947	+0.0023947	+0.0023947	+0.0023947	+0.0023947	+0.0023947	+0.0023947	+0.0023947
2012-06	0.067	-0.0062745	-0.0062745	-0.0062745	-0.0062745	-0.0062745	-0.0062745	-0.0062745	-0.0059175	-0.0059175	-0.0046503	-0.0046503	-0.0041369	-0.0039558	-0.0039558	+0.0020552	+0.0020552	+0.0020552	+0.0020552	+0.0020552	+0.0020552	+0.0020552
2012-07	-0.045	-0.0008179	-0.0008179	-0.0008179	-0.0008179	-0.0008179	-0.0008179	-0.0008179	+0.0032755	+0.0032755	+0.0034012	+0.0034806	+0.0034806	+0.0036181	+0.0036181	+0.0039625	+0.0039625	+0.0039625	+0.0039625	+0.0039625	+0.0039625	+0.0039625
2012-08	-0.007	-0.0056629	-0.0056629	-0.0056629	-0.0056629	-0.0056629	-0.0056629	-0.0056629	-0.0055406	-0.0055406	-0.0046135	-0.0039328	-0.0039328	-0.0031572	-0.0031572	+0.0004809	+0.0004809	+0.0004809	+0.0004809	+0.0004809	+0.0004809	+0.0004809
2012-09	0.017	-0.0018225	-0.0018225	-0.0018225	-0.0018225	-0.0018225	-0.0018225	-0.0018225	-0.0014981	-0.0001649	+0.0005556	+0.0009331	+0.0009331	+0.0021448	+0.0027835	+0.0030641	+0.0030641	+0.0030641	+0.0030641	+0.0030641	+0.0030641	+0.0030641
2012-10	0.006	+0.0008913	+0.0008913	+0.0008913	+0.0008913	+0.0008913	+0.0008913	+0.0008913	+0.0008913	+0.0018705	+0.0018705	+0.0018705	+0.0023468	+0.0023468	+0.0023948	+0.0023948	+0.0023948	+0.0023948	+0.0023948	+0.0023948	+0.0023948	+0.0023948
2012-11	0.050	-0.0003726	-0.0003726	-0.0003726	-0.0003726	-0.0003726	-0.0003726	-0.0003726	+0.0003922	+0.0003922	+0.0009493	+0.0012025	+0.0012842	+0.0014072	+0.0014072	+0.0017457	+0.0017457	+0.0017457	+0.0017457	+0.0017457	+0.0017457	+0.0017457
2012-12	0.094	+0.0007006	+0.0007006	+0.0007006	+0.0007006	+0.0007006	+0.0007006	+0.0007006	+0.0020071	+0.0020071	+0.0024854	+0.0024854	+0.0029404	+0.0030550	+0.0030550	+0.0031033	+0.0031033	+0.0031033	+0.0031033	+0.0031033	+0.0031033	+0.0031033
2013-01	0.087	-0.0005828	-0.0005828	-0.0005828	-0.0005828	-0.0005828	-0.0005828	-0.0005828	-0.0005828	+0.0053603	+0.0053603	+0.0053603	+0.0058431	+0.0058431	+0.0062707	+0.0062707	+0.0062707	+0.0062707	+0.0062707	+0.0062707	+0.0062707	+0.0062707
2013-02	0.036	+0.0007262	+0.0007262	+0.0007262	+0.0007262	+0.0007262	+0.0007262	+0.0007262	+0.0007262	+0.0022986	+0.0022986	+0.0022986	+0.0038405	+0.0038405	+0.0049306	+0.0049306	+0.0049306	+0.0049306	+0.0049306	+0.0049306	+0.0049306	+0.0049306
2013-03	0.066	-0.0017940	-0.0017940	-0.0017940	-0.0017940	-0.0017940	-0.0017940	-0.0017940	-0.0017940	-0.0001442	-0.0001442	-0.0001442	+0.0016677	+0.0016677	+0.0024461	+0.0024461	+0.0024461	+0.0024461	+0.0024461	+0.0024461	+0.0024461	+0.0024461
2013-04	0.117	-0.0013091	-0.0013091	-0.0013091	-0.0013091	-0.0013091	-0.0013091	-0.0013091	-0.0013091	+0.0025907	+0.0025907	+0.0036763	+0.0038383	+0.0038383	+0.0040426	+0.0040426	+0.0040426	+0.0040426	+0.0040426	+0.0040426	+0.0040426	+0.0040426
2013-05	-0.026	-0.0063111	-0.0063111	-0.0063111	-0.0063111	-0.0063111	-0.0063111	-0.0063111	+0.0058413	+0.0058413	+0.0073689	+0.0073689	+0.0087654	+0.0097743	+0.0097743	+0.0100000	+0.0100000	+0.0100000	+0.0100000	+0.0100000	+0.0100000	+0.0100000
2013-06	-0.001	-0.0034013	-0.0034013	-0.0034013	-0.0034013	-0.0034013	-0.0034013	-0.0034013	-0.0029188	-0.0029188	-0.0026682	-0.0026682	-0.0005663	-0.0002897	-0.0002897	+0.0008266	+0.0008266	+0.0008266	+0.0008266	+0.0008266	+0.0008266	+0.0008266
2013-07	-0.002	-0.0033568	-0.0033568	-0.0033568	-0.0033568	-0.0033568	-0.0033568	-0.0033568	-0.0033568	-0.0011615	-0.0011615	+0.0005564	+0.0024878	+0.0024878	+0.0037988	+0.0037988	+0.0037988	+0.0037988	+0.0037988	+0.0037988	+0.0037988	+0.0037988
2013-08	-0.023	-0.0025698	-0.0025698	-0.0025698	-0.0025698	-0.0025698	-0.0025698	-0.0025698	-0.0024384	-0.0024384	-0.0023537	-0.0022949	-0.0004034	+0.0016561	+0.0016561	+0.0038187	+0.0038187	+0.0038187	+0.0038187	+0.0038187	+0.0038187	+0.0038187
2013-09	0.082	-0.0045447	-0.0045447	-0.0045447	-0.0045447	-0.0045447	-0.0045447	-0.0045447	-0.0031844	-0.0031844	-0.0028926	-0.0022536	-0.0019674	-0.0012559	-0.0012559	+0.0012962	+0.0012962	+0.0012962	+0.0012962	+0.0012962	+0.0012962	+0.0012962
2013-10	-0.000	-0.0023172	-0.0023172	-0.0023172	-0.0023172	-0.0023172	-0.0023172	-0.0023172	-0.0023172	+0.0025347	+0.0025347	+0.0025347	+0.0042264	+0.0042264	+0.0062288	+0.0062288	+0.0062288	+0.0062288	+0.0062288	+0.0062288	+0.0062288	+0.0062288
2013-11	0.051	+0.0001417	+0.0001417	+0.0001417	+0.0001417	+0.0001417	+0.0001417	+0.0001417	+0.0005186	+0.0005186	+0.0013160	+0.0014634	+0.0016326	+0.0024429	+0.0024429	+0.0031308	+0.0031308	+0.0031308	+0.0031308	+0.0031308	+0.0031308	+0.0031308
2013-12	0.033	+0.0003726	+0.0003726	+0.0003726	+0.0003726	+0.0003726	+0.0003726	+0.0003726	+0.0003726	+0.0034459	+0.0034459	+0.0036487	+0.0037359	+0.0037359	+0.0039484	+0.0039484	+0.0039484	+0.0039484	+0.0039484	+0.0039484	+0.0039484	+0.0039484
2014-01	-0.064	-0.0000602	-0.0000602	-0.0000602	-0.0000602	-0.0000602	-0.0000602	-0.0000602	-0.0000602	+0.0008837	+0.0008837	+0.0012167	+0.0025546	+0.0025546	+0.0037654	+0.0037654	+0.0037654	+0.0037654	+0.0037654	+0.0037654	+0.0037654	+0.0037654
2014-02	-0.007	-0.0044468	-0.0044468	-0.0044468	-0.0044468	-0.0044468	-0.0044468	-0.0044468	-0.0044468	-0.0030995	-0.0030995	-0.0018588	-0.0018588	-0.0018588	-0.0002345	-0.0002345	-0.0002345	-0.0002345	-0.0002345	-0.0002345	-0.0002345	-0.0002345
2014-03	0.002	+0.0015535	+0.0015535	+0.0015535	+0.0015535	+0.0015535	+0.0015535	+0.0015535	+0.0015535	+0.0018767	+0.0018767	+0.0018767	+0.0026955	+0.0026955	+0.0043376	+0.0043376	+0.0043376	+0.0043376	+0.0043376	+0.0043376	+0.0043376	+0.0043376
2014-04	-0.034	-0.0021573	-0.0021573	-0.0021573	-0.0021573	-0.0021573	-0.0021573	-0.0021573	-0.0021573	-0.0013830	-0.0013830	-0.0009002	-0.0008432	-0.0008432	-0.0007703	-0.0007703	-0.0007703	-0.0007703	-0.0007703	-0.0007703	-0.0007703	-0.0007703
2014-05	0.032	-0.0030624	-0.0030624	-0.0030624	-0.0030624	-0.0030624	-0.0030624	-0.0030624	-0.0025830	-0.0025830	-0.0025814	-0.0025814	-0.0019372	-0.0016942	-0.0016942	+0.0016432	+0.0016432	+0.0016432	+0.0016432	+0.0016432	+0.0016432	+0.0016432
2014-06	0.049	+0.0006959	+0.0006959	+0.0006959	+0.0006959	+0.0006959	+0.0006959	+0.0006959	+0.0006959	+0.0008466	+0.0008466	+0.0009350	+0.0022801	+0.0022801	+0.0026845	+0.0026845	+0.0026845	+0.0026845	+0.0026845	+0.0026845	+0.0026845	+0.0026845
2014-07	0.020	-0.0007478	-0.0007478	-0.0007478	-0.0007478	-0.0007478	-0.0007478	-0.0007478	+0.0010902	+0.0010902	+0.0014834	+0.0014834	+0.0015796	+0.0016699	+0.0016699	+0.0024810	+0.0024810	+0.0024810	+0.0024810	+0.0024810	+0.0024810	+0.0024810
2014-08	-0.009	-0.0003549	-0.0003549	-0.0003549	-0.0003549	-0.0003549	-0.0003549	-0.0003549	+0.0000001	+0.0000001	+0.0002341	+0.0002839	+0.0003526	+0.0006094	+0.0006094	+0.0006697	+0.0006697	+0.0006697	+0.0006697	+0.0006697	+0.0006697	+0.0006697
2014-09	0.043	+0.0004356	+0.0004356	+0.0004356	+0.0004356	+0.0004356	+0.0004356	+0.0004356	+0.0004805	+0.0004805	+0.0010101	+0.0011351	+0.0011351	+0.0015234	+0.0015234	+0.0027735	+0.0027735	+0.0027735	+0.0027735	+0.0027735	+0.0027735	+0.0027735
2014-10	0.005	-0.0005031	-0.0005031	-0.0005031	-0.0005031	-0.0005031	-0.0005031	-0.0005031	-0.0005031	+0.0019260	+0.0019260	+0.0021730	+0.0021995	+0.0021995	+0.0031212	+0.0031212	+0.0031212	+0.0031212	+0.0031212	+0.0031212	+0.0031212	+0.0031212
2014-11	0.054	-0.0038606	-0.0038606	-0.0038606	-0.0038606	-0.0038606	-0.0038606	-0.0038606	-0.0015947	-0.0015947	-0.0013467	-0.0013302	-0.0006294	+0.0028923	+0.0028923	+0.0028956	+0.0028956	+0.0028956	+0.0028956	+0.0028956	+0.0028956	+0.0028956
2014-12	-0.002	+0.0005508	+0.0005508	+0.0005508	+0.0005508	+0.0005508	+0.0005508	+0.0005508	+0.0005508	+0.0005508	+0.0010988	+0.0010988	+0.0010988	+0.0017921	+0.0017921	+0.0017921	+0.0017921	+0.0017921	+0.0017921	+0.0017921	+0.0017921	+0.0017921
2015-01	0.005	-0.0017062	-0.0017062	-0.0017062	-0.0017062	-0.0017062	-0.0017062	-0.0017062	-0.0011628	-0.0011628	-0.0006816	-0.0006816	-0.0003270	-0.0000630	-0.0000630	+0.0001690	+0.0001690	+0.0001690	+0.0001690	+0.0001690	+0.0001690	+0.0001690
2015-02	0.001	+0.0011022	+0.0011022	+0.0011022	+0.0011022	+0.0011022	+0.0011022	+0.0011022	+0.0011022	+0.0012948	+0.0012948	+0.0012948	+0.0024246	+0.0024246	+0.0025651	+0.0025651	+0.0025651	+0.0025651	+0.0025651	+0.0025651	+0.0025651	+0.0025651
