2013-12	-0.026	2014-01	0.009	-0.0026592	-0.0026592	-0.0026592	-0.0026592	-0.0026592	-0.0026592	-0.0026592	-0.0026592	-0.0018677	-0.0018677	-0.0017464	+0.0000754	+0.0000754	+0.0025762	+0.0025762	+0.0025762	+0.0025762	+0.0025762	+0.0025762	+0.0025762	+0.0025762
2014-02	0.004	-0.0001698	-0.0001698	-0.0001698	-0.0001698	-0.0001698	-0.0001698	-0.0001698	-0.0001698	+0.0005133	+0.0005133	+0.0008058	+0.0008058	+0.0008058	+0.0011984	+0.0011984	+0.0011984	+0.0011984	+0.0011984	+0.0011984	+0.0011984	+0.0011984
2014-03	-0.003	-0.0008126	-0.0008126	-0.0008126	-0.0008126	-0.0008126	-0.0008126	-0.0008126	-0.0008126	+0.0005674	+0.0005674	+0.0006183	+0.0006183	+0.0006183	+0.0008741	+0.0008741	+0.0008741	+0.0008741	+0.0008741	+0.0008741	+0.0008741	+0.0008741
2014-04	0.036	-0.0005759	-0.0005759	-0.0005759	-0.0005759	-0.0005759	-0.0005759	-0.0005759	-0.0005759	-0.0005358	-0.0005358	-0.0005135	-0.0003197	-0.0003197	-0.0002455	-0.0002455	-0.0002455	-0.0002455	-0.0002455	-0.0002455	-0.0002455	-0.0002455
2014-05	0.031	-0.0006103	-0.0006103	-0.0006103	-0.0006103	-0.0006103	-0.0006103	-0.0006103	+0.0004022	+0.0004022	+0.0006907	+0.0006907	+0.0011896	+0.0013954	+0.0013954	+0.0028944	+0.0028944	+0.0028944	+0.0028944	+0.0028944	+0.0028944	+0.0028944
2014-06	0.049	-0.0008908	-0.0008908	-0.0008908	-0.0008908	-0.0008908	-0.0008908	-0.0008908	-0.0008908	-0.0002721	-0.0002721	+0.0008940	+0.0016054	+0.0016054	+0.0017321	+0.0017321	+0.0017321	+0.0017321	+0.0017321	+0.0017321	+0.0017321	+0.0017321
2014-07	-0.015	-0.0011070	-0.0011070	-0.0011070	-0.0011070	-0.0011070	-0.0011070	-0.0011070	+0.0011568	+0.0011568	+0.0018858	+0.0020739	+0.0020739	+0.0021613	+0.0021613	+0.0023831	+0.0023831	+0.0023831	+0.0023831	+0.0023831	+0.0023831	+0.0023831
2014-08	0.049	-0.0004374	-0.0004374	-0.0004374	-0.0004374	-0.0004374	-0.0004374	-0.0004374	-0.0002531	-0.0002531	+0.0000729	+0.0000901	+0.0002582	+0.0002728	+0.0002728	+0.0020105	+0.0020105	+0.0020105	+0.0020105	+0.0020105	+0.0020105	+0.0020105
2014-09	-0.004	+0.0005145	+0.0005145	+0.0005145	+0.0005145	+0.0005145	+0.0005145	+0.0005145	+0.0034085	+0.0034085	+0.0035533	+0.0043769	+0.0043769	+0.0048544	+0.0048544	+0.0052278	+0.0052278	+0.0052278	+0.0052278	+0.0052278	+0.0052278	+0.0052278
2014-10	-0.044	-0.0016967	-0.0016967	-0.0016967	-0.0016967	-0.0016967	-0.0016967	-0.0016967	-0.0016967	-0.0013231	-0.0013231	-0.0007489	-0.0005431	-0.0005431	+0.0005765	+0.0005765	+0.0005765	+0.0005765	+0.0005765	+0.0005765	+0.0005765	+0.0005765
2014-11	0.033	-0.0023306	-0.0023306	-0.0023306	-0.0023306	-0.0023306	-0.0023306	-0.0023306	-0.0017746	-0.0017746	-0.0016465	-0.0015360	-0.0014466	-0.0011120	-0.0011120	+0.0021139	+0.0021139	+0.0021139	+0.0021139	+0.0021139	+0.0021139	+0.0021139
2014-12	-0.079	+0.0005153	+0.0005153	+0.0005153	+0.0005153	+0.0005153	+0.0005153	+0.0005153	+0.0005153	+0.0005153	+0.0020221	+0.0020221	+0.0020221	+0.0028833	+0.0028833	+0.0028833	+0.0028833	+0.0028833	+0.0028833	+0.0028833	+0.0028833	+0.0028833
2015-01	-0.055	-0.0035275	-0.0035275	-0.0035275	-0.0035275	-0.0035275	-0.0035275	-0.0035275	-0.0033162	-0.0033162	-0.0024693	-0.0024693	-0.0023692	-0.0008590	-0.0008590	+0.0006620	+0.0006620	+0.0006620	+0.0006620	+0.0006620	+0.0006620	+0.0006620
2015-02	0.034	-0.0022744	-0.0022744	-0.0022744	-0.0022744	-0.0022744	-0.0022744	-0.0022744	-0.0022744	-0.0015381	-0.0015381	-0.0003582	-0.0003582	-0.0003582	+0.0036003	+0.0036003	+0.0036003	+0.0036003	+0.0036003	+0.0036003	+0.0036003	+0.0036003
