2011-02	0.073	-0.0007352	-0.0007352	-0.0007352	-0.0007352	-0.0007352	-0.0007352	-0.0007352	-0.0007352	+0.0011138	+0.0011138	+0.0011138	+0.0014331	+0.0014331	+0.0017065	+0.0017065	+0.0017065	+0.0017065	+0.0017065	+0.0017065	+0.0017065	+0.0017065
2011-03	0.042	-0.0018454	-0.0018454	-0.0018454	-0.0018454	-0.0018454	-0.0018454	-0.0018454	-0.0018454	+0.0005599	+0.0005599	+0.0005599	+0.0017059	+0.0017059	+0.0028493	+0.0028493	+0.0028493	+0.0028493	+0.0028493	+0.0028493	+0.0028493	+0.0028493
2011-04	0.048	-0.0018377	-0.0018377	-0.0018377	-0.0018377	-0.0018377	-0.0018377	-0.0018377	-0.0018031	-0.0018031	-0.0005743	-0.0005677	-0.0002821	+0.0003804	+0.0003804	+0.0027335	+0.0027335	+0.0027335	+0.0027335	+0.0027335	+0.0027335	+0.0027335
2011-05	-0.085	-0.0037568	-0.0037568	-0.0037568	-0.0037568	-0.0037568	-0.0037568	-0.0037568	-0.0037568	-0.0006198	-0.0006198	-0.0001983	-0.0000362	-0.0000362	+0.0019988	+0.0019988	+0.0019988	+0.0019988	+0.0019988	+0.0019988	+0.0019988	+0.0019988
2011-06	0.004	-0.0059280	-0.0059280	-0.0059280	-0.0059280	-0.0059280	-0.0059280	-0.0059280	-0.0059280	+0.0012156	+0.0012156	+0.0024883	+0.0024883	+0.0024883	+0.0058146	+0.0058146	+0.0058146	+0.0058146	+0.0058146	+0.0058146	+0.0058146	+0.0058146
2011-07	-0.006	-0.0042828	-0.0042828	-0.0042828	-0.0042828	-0.0042828	-0.0042828	-0.0042828	-0.0038276	-0.0038276	-0.0026735	-0.0026717	+0.0007181	+0.0016327	+0.0016327	+0.0037193	+0.0037193	+0.0037193	+0.0037193	+0.0037193	+0.0037193	+0.0037193
2011-08	-0.110	-0.0024739	-0.0024739	-0.0024739	-0.0024739	-0.0024739	-0.0024739	-0.0024739	-0.0024739	-0.0018283	-0.0018283	-0.0007701	+0.0011259	+0.0011259	+0.0019010	+0.0019010	+0.0019010	+0.0019010	+0.0019010	+0.0019010	+0.0019010	+0.0019010
2011-09	-0.282	-0.0084551	-0.0084551	-0.0084551	-0.0084551	-0.0084551	-0.0084551	-0.0084551	-0.0079513	-0.0041574	-0.0003462	+0.0061970	+0.0100000	+0.0100000	+0.0100000	+0.0100000	+0.0100000	+0.0100000	+0.0100000	+0.0100000	+0.0100000	+0.0100000
2011-10	0.203	+0.0045554	+0.0045554	+0.0045554	+0.0045554	+0.0045554	+0.0045554	+0.0045554	+0.0045554	+0.0100000	+0.0100000	+0.0100000	+0.0100000	+0.0100000	+0.0100000	+0.0100000	+0.0100000	+0.0100000	+0.0100000	+0.0100000	+0.0100000	+0.0100000
2011-11	-0.139	-0.0045763	-0.0045763	-0.0045763	-0.0045763	-0.0045763	-0.0045763	-0.0045763	-0.0045763	+0.0096142	+0.0096142	+0.0100000	+0.0100000	+0.0100000	+0.0100000	+0.0100000	+0.0100000	+0.0100000	+0.0100000	+0.0100000	+0.0100000	+0.0100000
2011-12	-0.004	-0.0085680	-0.0085680	-0.0085680	-0.0085680	-0.0085680	-0.0085680	-0.0085680	-0.0085680	-0.0082771	-0.0082771	-0.0076620	+0.0000898	+0.0000898	+0.0100000	+0.0100000	+0.0100000	+0.0100000	+0.0100000	+0.0100000	+0.0100000	+0.0100000
2012-01	0.105	-0.0062732	-0.0062732	-0.0062732	-0.0062732	-0.0062732	-0.0062732	-0.0062732	-0.0052414	-0.0052414	-0.0037242	-0.0037242	-0.0035971	-0.0034949	-0.0034949	-0.0002843	-0.0002843	-0.0002843	-0.0002843	-0.0002843	-0.0002843	-0.0002843
2012-02	0.098	+0.0002567	+0.0002567	+0.0002567	+0.0002567	+0.0002567	+0.0002567	+0.0002567	+0.0002567	+0.0042613	+0.0042613	+0.0042613	+0.0046016	+0.0046016	+0.0055468	+0.0055468	+0.0055468	+0.0055468	+0.0055468	+0.0055468	+0.0055468	+0.0055468
2012-03	-0.105	-0.0029993	-0.0029993	-0.0029993	-0.0029993	-0.0029993	-0.0029993	-0.0029993	+0.0036128	+0.0036128	+0.0036889	+0.0036889	+0.0049845	+0.0050999	+0.0050999	+0.0059538	+0.0059538	+0.0059538	+0.0059538	+0.0059538	+0.0059538	+0.0059538
2012-04	-0.040	-0.0045350	-0.0045350	-0.0045350	-0.0045350	-0.0045350	-0.0045350	-0.0045350	-0.0042990	-0.0042990	-0.0040444	-0.0039920	-0.0039920	-0.0022083	-0.0022083	+0.0037885	+0.0037885	+0.0037885	+0.0037885	+0.0037885	+0.0037885	+0.0037885
2012-05	-0.151	-0.0044976	-0.0044976	-0.0044976	-0.0044976	-0.0044976	-0.0044976	-0.0044976	-0.0044976	-0.0043635	-0.0043635	-0.0031296	-0.0022960	-0.0022960	+0.0012842	+0.0012842	+0.0012842	+0.0012842	+0.0012842	+0.0012842	+0.0012842	+0.0012842
2012-06	-0.022	-0.0091359	-0.0091359	-0.0091359	-0.0091359	-0.0091359	-0.0091359	-0.0091359	-0.0086786	-0.0086786	-0.0055083	-0.0054867	-0.0054867	-0.0046501	-0.0046501	+0.0050366	+0.0050366	+0.0050366	+0.0050366	+0.0050366	+0.0050366	+0.0050366
2012-07	0.052	-0.0019490	-0.0019490	-0.0019490	-0.0019490	-0.0019490	-0.0019490	-0.0019490	-0.0013560	-0.0013560	-0.0001134	-0.0001134	+0.0000886	+0.0003536	+0.0003536	+0.0006341	+0.0006341	+0.0006341	+0.0006341	+0.0006341	+0.0006341	+0.0006341
2012-08	-0.003	-0.0025383	-0.0025383	-0.0025383	-0.0025383	-0.0025383	-0.0025383	-0.0025383	-0.0023259	-0.0023259	-0.0021068	-0.0009868	-0.0009868	-0.0003745	-0.0003745	+0.0005375	+0.0005375	+0.0005375	+0.0005375	+0.0005375	+0.0005375	+0.0005375
2012-09	0.042	-0.0027214	-0.0027214	-0.0027214	-0.0027214	-0.0027214	-0.0027214	-0.0027214	-0.0013104	-0.0007174	+0.0004726	+0.0011185	+0.0011185	+0.0019053	+0.0029282	+0.0032479	+0.0032479	+0.0032479	+0.0032479	+0.0032479	+0.0032479	+0.0032479
2012-10	0.001	+0.0004986	+0.0004986	+0.0004986	+0.0004986	+0.0004986	+0.0004986	+0.0004986	+0.0004986	+0.0013359	+0.0013359	+0.0013359	+0.0019014	+0.0019014	+0.0026293	+0.0026293	+0.0026293	+0.0026293	+0.0026293	+0.0026293	+0.0026293	+0.0026293
2012-11	-0.011	-0.0002242	-0.0002242	-0.0002242	-0.0002242	-0.0002242	-0.0002242	-0.0002242	-0.0001439	-0.0001439	-0.0000961	-0.0000402	+0.0003135	+0.0004473	+0.0004473	+0.0004819	+0.0004819	+0.0004819	+0.0004819	+0.0004819	+0.0004819	+0.0004819
2012-12	0.056	-0.0017212	-0.0017212	-0.0017212	-0.0017212	-0.0017212	-0.0017212	-0.0017212	-0.0014949	-0.0014949	-0.0013303	-0.0013303	-0.0013037	-0.0006903	-0.0006903	+0.0005293	+0.0005293	+0.0005293	+0.0005293	+0.0005293	+0.0005293	+0.0005293
2013-01	0.087	+0.0002518	+0.0002518	+0.0002518	+0.0002518	+0.0002518	+0.0002518	+0.0002518	+0.0002518	+0.0025758	+0.0025758	+0.0025758	+0.0040609	+0.0040609	+0.0043006	+0.0043006	+0.0043006	+0.0043006	+0.0043006	+0.0043006	+0.0043006	+0.0043006
2013-02	-0.013	-0.0001194	-0.0001194	-0.0001194	-0.0001194	-0.0001194	-0.0001194	-0.0001194	-0.0001194	+0.0032239	+0.0032239	+0.0032239	+0.0032577	+0.0032577	+0.0032577	+0.0032577	+0.0032577	+0.0032577	+0.0032577	+0.0032577	+0.0032577	+0.0032577
2013-03	0.003	-0.0028027	-0.0028027	-0.0028027	-0.0028027	-0.0028027	-0.0028027	-0.0028027	-0.0028027	-0.0015210	-0.0015210	-0.0012319	-0.0012319	-0.0012319	-0.0006281	-0.0006281	-0.0006281	-0.0006281	-0.0006281	-0.0006281	-0.0006281	-0.0006281
2013-04	0.016	-0.0010023	-0.0010023	-0.0010023	-0.0010023	-0.0010023	-0.0010023	-0.0010023	-0.0010023	-0.0004106	-0.0004106	-0.0001637	+0.0001560	+0.0001560	+0.0004759	+0.0004759	+0.0004759	+0.0004759	+0.0004759	+0.0004759	+0.0004759	+0.0004759
2013-05	-0.001	-0.0006080	-0.0006080	-0.0006080	-0.0006080	-0.0006080	-0.0006080	-0.0006080	-0.0003203	-0.0003203	+0.0006213	+0.0012420	+0.0012420	+0.0015218	+0.0015218	+0.0030184	+0.0030184	+0.0030184	+0.0030184	+0.0030184	+0.0030184	+0.0030184
2013-06	-0.081	-0.0016860	-0.0016860	-0.0016860	-0.0016860	-0.0016860	-0.0016860	-0.0016860	-0.0015828	-0.0015828	-0.0010544	-0.0010544	+0.0001517	+0.0006890	+0.0006890	+0.0013992	+0.0013992	+0.0013992	+0.0013992	+0.0013992	+0.0013992	+0.0013992
2013-07	0.004	-0.0059286	-0.0059286	-0.0059286	-0.0059286	-0.0059286	-0.0059286	-0.0059286	-0.0059286	-0.0048739	-0.0048739	-0.0046832	-0.0029538	-0.0029538	+0.0010139	+0.0010139	+0.0010139	+0.0010139	+0.0010139	+0.0010139	+0.0010139	+0.0010139
2013-08	-0.012	-0.0002121	-0.0002121	-0.0002121	-0.0002121	-0.0002121	-0.0002121	-0.0002121	+0.0004627	+0.0004627	+0.0015590	+0.0019689	+0.0020343	+0.0021947	+0.0021947	+0.0028314	+0.0028314	+0.0028314	+0.0028314	+0.0028314	+0.0028314	+0.0028314
2013-09	0.041	-0.0017737	-0.0017737	-0.0017737	-0.0017737	-0.0017737	-0.0017737	-0.0017737	-0.0016195	-0.0016195	-0.0009105	-0.0006757	+0.0002526	+0.0004258	+0.0004258	+0.0006145	+0.0006145	+0.0006145	+0.0006145	+0.0006145	+0.0006145	+0.0006145
2013-10	0.039	-0.0015467	-0.0015467	-0.0015467	-0.0015467	-0.0015467	-0.0015467	-0.0015467	-0.0015467	+0.0023749	+0.0023749	+0.0023749	+0.0039510	+0.0039510	+0.0040889	+0.0040889	+0.0040889	+0.0040889	+0.0040889	+0.0040889	+0.0040889	+0.0040889
2013-11	-0.017	+0.0003378	+0.0003378	+0.0003378	+0.0003378	+0.0003378	+0.0003378	+0.0003378	+0.0013488	+0.0013488	+0.0017834	+0.0017847	+0.0023385	+0.0024006	+0.0024006	+0.0024657	+0.0024657	+0.0024657	+0.0024657	+0.0024657	+0.0024657	+0.0024657
2013-12	0.020	-0.0005075	-0.0005075	-0.0005075	-0.0005075	-0.0005075	-0.0005075	-0.0005075	-0.0005075	+0.0001007	+0.0001007	+0.0002429	+0.0003456	+0.0003456	+0.0009076	+0.0009076	+0.0009076	+0.0009076	+0.0009076	+0.0009076	+0.0009076	+0.0009076
2014-01	-0.042	+0.0006573	+0.0006573	+0.0006573	+0.0006573	+0.0006573	+0.0006573	+0.0006573	+0.0006573	+0.0008745	+0.0008745	+0.0010823	+0.0017050	+0.0017050	+0.0020799	+0.0020799	+0.0020799	+0.0020799	+0.0020799	+0.0020799	+0.0020799	+0.0020799
2014-02	0.038	-0.0023238	-0.0023238	-0.0023238	-0.0023238	-0.0023238	-0.0023238	-0.0023238	-0.0023238	-0.0020313	-0.0020313	-0.0019733	-0.0019733	-0.0019733	+0.0002213	+0.0002213	+0.0002213	+0.0002213	+0.0002213	+0.0002213	+0.0002213	+0.0002213
2014-03	0.026	+0.0003560	+0.0003560	+0.0003560	+0.0003560	+0.0003560	+0.0003560	+0.0003560	+0.0003560	+0.0030285	+0.0030285	+0.0030285	+0.0034435	+0.0034435	+0.0036675	+0.0036675	+0.0036675	+0.0036675	+0.0036675	+0.0036675	+0.0036675	+0.0036675
2014-04	0.026	-0.0010288	-0.0010288	-0.0010288	-0.0010288	-0.0010288	-0.0010288	-0.0010288	-0.0010288	+0.0004430	+0.0004430	+0.0007423	+0.0009663	+0.0009663	+0.0015044	+0.0015044	+0.0015044	+0.0015044	+0.0015044	+0.0015044	+0.0015044	+0.0015044
2014-05	0.002	-0.0005059	-0.0005059	-0.0005059	-0.0005059	-0.0005059	-0.0005059	-0.0005059	+0.0006524	+0.0006524	+0.0007560	+0.0007560	+0.0007753	+0.0008407	+0.0008407	+0.0009610	+0.0009610	+0.0009610	+0.0009610	+0.0009610	+0.0009610	+0.0009610
2014-06	0.023	-0.0001209	-0.0001209	-0.0001209	-0.0001209	-0.0001209	-0.0001209	-0.0001209	-0.0001209	-0.0000538	-0.0000538	+0.0000403	+0.0001951	+0.0001951	+0.0003624	+0.0003624	+0.0003624	+0.0003624	+0.0003624	+0.0003624	+0.0003624	+0.0003624
2014-07	0.002	-0.0006307	-0.0006307	-0.0006307	-0.0006307	-0.0006307	-0.0006307	-0.0006307	+0.0018009	+0.0018009	+0.0019490	+0.0019490	+0.0020002	+0.0020779	+0.0020779	+0.0021194	+0.0021194	+0.0021194	+0.0021194	+0.0021194	+0.0021194	+0.0021194
2014-08	0.002	-0.0001502	-0.0001502	-0.0001502	-0.0001502	-0.0001502	-0.0001502	-0.0001502	-0.0000780	-0.0000780	-0.0000717	-0.0000389	+0.0001173	+0.0003061	+0.0003061	+0.0003329	+0.0003329	+0.0003329	+0.0003329	+0.0003329	+0.0003329	+0.0003329
2014-09	-0.044	+0.0003761	+0.0003761	+0.0003761	+0.0003761	+0.0003761	+0.0003761	+0.0003761	+0.0006048	+0.0006048	+0.0006631	+0.0006656	+0.0006656	+0.0011767	+0.0011767	+0.0012107	+0.0012107	+0.0012107	+0.0012107	+0.0012107	+0.0012107	+0.0012107
2014-10	-0.023	-0.0035039	-0.0035039	-0.0035039	-0.0035039	-0.0035039	-0.0035039	-0.0035039	-0.0035039	-0.0030120	-0.0030120	-0.0028194	-0.0024107	-0.0024107	+0.0001560	+0.0001560	+0.0001560	+0.0001560	+0.0001560	+0.0001560	+0.0001560	+0.0001560
2014-11	0.023	-0.0023435	-0.0023435	-0.0023435	-0.0023435	-0.0023435	-0.0023435	-0.0023435	-0.0019566	-0.0019566	-0.0014357	-0.0011333	-0.0005831	-0.0004977	-0.0004977	+0.0006111	+0.0006111	+0.0006111	+0.0006111	+0.0006111	+0.0006111	+0.0006111
2014-12	-0.044	+0.0001323	+0.0001323	+0.0001323	+0.0001323	+0.0001323	+0.0001323	+0.0001323	+0.0001323	+0.0001323	+0.0013424	+0.0013424	+0.0013424	+0.0020556	+0.0020556	+0.0020556	+0.0020556	+0.0020556	+0.0020556	+0.0020556	+0.0020556	+0.0020556
2015-01	-0.008	-0.0018263	-0.0018263	-0.0018263	-0.0018263	-0.0018263	-0.0018263	-0.0018263	-0.0014701	-0.0014701	-0.0012951	-0.0012951	-0.0012906	-0.0012022	-0.0012022	-0.0002517	-0.0002517	-0.0002517	-0.0002517	-0.0002517	-0.0002517	-0.0002517
2015-02	0.007	+0.0005555	+0.0005555	+0.0005555	+0.0005555	+0.0005555	+0.0005555	+0.0005555	+0.0005555	+0.0008854	+0.0008854	+0.0008854	+0.0009105	+0.0009105	+0.0009540	+0.0009540	+0.0009540	+0.0009540	+0.0009540	+0.0009540	+0.0009540	+0.0009540
