2011-02	0.004	-0.0001764	-0.0001764	-0.0001764	-0.0001764	-0.0001764	-0.0001764	-0.0001764	-0.0001764	-0.0000784	-0.0000784	-0.0000784	+0.0000980	+0.0000980	+0.0001047	+0.0001047	+0.0001047	+0.0001047	+0.0001047	+0.0001047	+0.0001047	+0.0001047
2011-03	-0.009	-0.0001896	-0.0001896	-0.0001896	-0.0001896	-0.0001896	-0.0001896	-0.0001896	-0.0001896	+0.0001631	+0.0001631	+0.0001631	+0.0002550	+0.0002550	+0.0003919	+0.0003919	+0.0003919	+0.0003919	+0.0003919	+0.0003919	+0.0003919	+0.0003919
2011-04	-0.001	-0.0011983	-0.0011983	-0.0011983	-0.0011983	-0.0011983	-0.0011983	-0.0011983	-0.0011331	-0.0011331	-0.0009841	-0.0009769	-0.0009565	-0.0005433	-0.0005433	+0.0002669	+0.0002669	+0.0002669	+0.0002669	+0.0002669	+0.0002669	+0.0002669
2011-05	0.003	-0.0001973	-0.0001973	-0.0001973	-0.0001973	-0.0001973	-0.0001973	-0.0001973	-0.0001973	-0.0001710	-0.0001710	-0.0001117	+0.0000198	+0.0000198	+0.0001843	+0.0001843	+0.0001843	+0.0001843	+0.0001843	+0.0001843	+0.0001843	+0.0001843
2011-06	0.001	-0.0000852	-0.0000852	-0.0000852	-0.0000852	-0.0000852	-0.0000852	-0.0000852	-0.0000852	-0.0000654	-0.0000654	-0.0000458	-0.0000458	-0.0000458	-0.0000392	-0.0000392	-0.0000392	-0.0000392	-0.0000392	-0.0000392	-0.0000392	-0.0000392
2011-07	0.005	-0.0003145	-0.0003145	-0.0003145	-0.0003145	-0.0003145	-0.0003145	-0.0003145	-0.0002162	-0.0002162	+0.0000263	+0.0000658	+0.0002894	+0.0003680	+0.0003680	+0.0005055	+0.0005055	+0.0005055	+0.0005055	+0.0005055	+0.0005055	+0.0005055
2011-08	-0.012	-0.0003850	-0.0003850	-0.0003850	-0.0003850	-0.0003850	-0.0003850	-0.0003850	-0.0003850	+0.0000327	+0.0000327	+0.0001435	+0.0003131	+0.0003131	+0.0003657	+0.0003657	+0.0003657	+0.0003657	+0.0003657	+0.0003657	+0.0003657	+0.0003657
2011-09	-0.000	-0.0013477	-0.0013477	-0.0013477	-0.0013477	-0.0013477	-0.0013477	-0.0013477	-0.0013002	-0.0012003	-0.0011363	-0.0011298	-0.0011298	-0.0006450	-0.0000725	+0.0009315	+0.0009315	+0.0009315	+0.0009315	+0.0009315	+0.0009315	+0.0009315
2011-10	0.005	-0.0006224	-0.0006224	-0.0006224	-0.0006224	-0.0006224	-0.0006224	-0.0006224	-0.0006224	-0.0004491	-0.0004491	-0.0002509	+0.0000397	+0.0000397	+0.0002775	+0.0002775	+0.0002775	+0.0002775	+0.0002775	+0.0002775	+0.0002775	+0.0002775
2011-11	-0.016	-0.0001387	-0.0001387	-0.0001387	-0.0001387	-0.0001387	-0.0001387	-0.0001387	-0.0001387	+0.0002383	+0.0002383	+0.0003112	+0.0005092	+0.0005092	+0.0008527	+0.0008527	+0.0008527	+0.0008527	+0.0008527	+0.0008527	+0.0008527	+0.0008527
2011-12	0.010	-0.0014615	-0.0014615	-0.0014615	-0.0014615	-0.0014615	-0.0014615	-0.0014615	-0.0014615	-0.0012729	-0.0012729	-0.0010558	-0.0010462	-0.0010462	+0.0000395	+0.0000395	+0.0000395	+0.0000395	+0.0000395	+0.0000395	+0.0000395	+0.0000395
2012-01	0.013	-0.0006499	-0.0006499	-0.0006499	-0.0006499	-0.0006499	-0.0006499	-0.0006499	-0.0000462	-0.0000462	+0.0000200	+0.0000200	+0.0001721	+0.0002653	+0.0002653	+0.0004319	+0.0004319	+0.0004319	+0.0004319	+0.0004319	+0.0004319	+0.0004319
2012-02	0.025	-0.0000527	-0.0000527	-0.0000527	-0.0000527	-0.0000527	-0.0000527	-0.0000527	-0.0000527	+0.0007081	+0.0007081	+0.0007081	+0.0007144	+0.0007144	+0.0008855	+0.0008855	+0.0008855	+0.0008855	+0.0008855	+0.0008855	+0.0008855	+0.0008855
2012-03	0.006	-0.0002537	-0.0002537	-0.0002537	-0.0002537	-0.0002537	-0.0002537	-0.0002537	+0.0011677	+0.0011677	+0.0012019	+0.0013326	+0.0013326	+0.0013942	+0.0013942	+0.0014168	+0.0014168	+0.0014168	+0.0014168	+0.0014168	+0.0014168	+0.0014168
2012-04	-0.007	+0.0001275	+0.0001275	+0.0001275	+0.0001275	+0.0001275	+0.0001275	+0.0001275	+0.0001844	+0.0001844	+0.0003051	+0.0004435	+0.0004435	+0.0005705	+0.0005705	+0.0006161	+0.0006161	+0.0006161	+0.0006161	+0.0006161	+0.0006161	+0.0006161
2012-05	-0.021	-0.0005900	-0.0005900	-0.0005900	-0.0005900	-0.0005900	-0.0005900	-0.0005900	-0.0005900	-0.0005840	-0.0005840	-0.0003809	-0.0000699	-0.0000699	+0.0004120	+0.0004120	+0.0004120	+0.0004120	+0.0004120	+0.0004120	+0.0004120	+0.0004120
2012-06	0.009	-0.0012500	-0.0012500	-0.0012500	-0.0012500	-0.0012500	-0.0012500	-0.0012500	-0.0012478	-0.0012478	-0.0012046	-0.0010190	-0.0010190	-0.0008827	-0.0008827	+0.0005055	+0.0005055	+0.0005055	+0.0005055	+0.0005055	+0.0005055	+0.0005055
2012-07	0.005	-0.0001881	-0.0001881	-0.0001881	-0.0001881	-0.0001881	-0.0001881	-0.0001881	+0.0005436	+0.0005436	+0.0005450	+0.0005920	+0.0005920	+0.0006036	+0.0006036	+0.0006082	+0.0006082	+0.0006082	+0.0006082	+0.0006082	+0.0006082	+0.0006082
2012-08	0.004	-0.0006945	-0.0006945	-0.0006945	-0.0006945	-0.0006945	-0.0006945	-0.0006945	-0.0005317	-0.0005317	-0.0004501	-0.0003965	-0.0003965	-0.0002814	-0.0002814	-0.0002111	-0.0002111	-0.0002111	-0.0002111	-0.0002111	-0.0002111	-0.0002111
2012-09	0.009	-0.0002557	-0.0002557	-0.0002557	-0.0002557	-0.0002557	-0.0002557	-0.0002557	+0.0000640	+0.0001406	+0.0001724	+0.0004027	+0.0004027	+0.0004216	+0.0004795	+0.0005368	+0.0005368	+0.0005368	+0.0005368	+0.0005368	+0.0005368	+0.0005368
2012-10	0.001	+0.0000449	+0.0000449	+0.0000449	+0.0000449	+0.0000449	+0.0000449	+0.0000449	+0.0000449	+0.0006429	+0.0006429	+0.0006429	+0.0006808	+0.0006808	+0.0007254	+0.0007254	+0.0007254	+0.0007254	+0.0007254	+0.0007254	+0.0007254	+0.0007254
2012-11	0.017	+0.0000760	+0.0000760	+0.0000760	+0.0000760	+0.0000760	+0.0000760	+0.0000760	+0.0000762	+0.0000762	+0.0001202	+0.0002027	+0.0002343	+0.0002784	+0.0002784	+0.0003038	+0.0003038	+0.0003038	+0.0003038	+0.0003038	+0.0003038	+0.0003038
2012-12	0.018	-0.0000756	-0.0000756	-0.0000756	-0.0000756	-0.0000756	-0.0000756	-0.0000756	+0.0006641	+0.0006641	+0.0006958	+0.0006958	+0.0007274	+0.0007906	+0.0007906	+0.0008956	+0.0008956	+0.0008956	+0.0008956	+0.0008956	+0.0008956	+0.0008956
2013-01	0.020	-0.0000372	-0.0000372	-0.0000372	-0.0000372	-0.0000372	-0.0000372	-0.0000372	-0.0000372	+0.0008767	+0.0008767	+0.0008767	+0.0010302	+0.0010302	+0.0011582	+0.0011582	+0.0011582	+0.0011582	+0.0011582	+0.0011582	+0.0011582	+0.0011582
2013-02	0.010	-0.0000791	-0.0000791	-0.0000791	-0.0000791	-0.0000791	-0.0000791	-0.0000791	-0.0000791	+0.0008445	+0.0008445	+0.0008445	+0.0010407	+0.0010407	+0.0010615	+0.0010615	+0.0010615	+0.0010615	+0.0010615	+0.0010615	+0.0010615	+0.0010615
2013-03	0.023	-0.0000953	-0.0000953	-0.0000953	-0.0000953	-0.0000953	-0.0000953	-0.0000953	-0.0000953	+0.0003267	+0.0003267	+0.0003267	+0.0003505	+0.0003505	+0.0006412	+0.0006412	+0.0006412	+0.0006412	+0.0006412	+0.0006412	+0.0006412	+0.0006412
2013-04	0.024	-0.0004410	-0.0004410	-0.0004410	-0.0004410	-0.0004410	-0.0004410	-0.0004410	-0.0004410	+0.0009552	+0.0009552	+0.0009632	+0.0009855	+0.0009855	+0.0011698	+0.0011698	+0.0011698	+0.0011698	+0.0011698	+0.0011698	+0.0011698	+0.0011698
2013-05	-0.012	-0.0008112	-0.0008112	-0.0008112	-0.0008112	-0.0008112	-0.0008112	-0.0008112	+0.0011231	+0.0011231	+0.0013355	+0.0018793	+0.0018793	+0.0020866	+0.0020866	+0.0021349	+0.0021349	+0.0021349	+0.0021349	+0.0021349	+0.0021349	+0.0021349
2013-06	-0.017	-0.0012246	-0.0012246	-0.0012246	-0.0012246	-0.0012246	-0.0012246	-0.0012246	-0.0008039	-0.0008039	-0.0004986	-0.0004986	-0.0004366	-0.0004169	-0.0004169	-0.0001640	-0.0001640	-0.0001640	-0.0001640	-0.0001640	-0.0001640	-0.0001640
2013-07	0.011	-0.0015642	-0.0015642	-0.0015642	-0.0015642	-0.0015642	-0.0015642	-0.0015642	-0.0015642	-0.0013974	-0.0013974	-0.0012654	-0.0005736	-0.0005736	+0.0008009	+0.0008009	+0.0008009	+0.0008009	+0.0008009	+0.0008009	+0.0008009	+0.0008009
2013-08	-0.007	-0.0004040	-0.0004040	-0.0004040	-0.0004040	-0.0004040	-0.0004040	-0.0004040	-0.0002246	-0.0002246	-0.0001206	+0.0002071	+0.0005447	+0.0010489	+0.0010489	+0.0012448	+0.0012448	+0.0012448	+0.0012448	+0.0012448	+0.0012448	+0.0012448
2013-09	0.020	-0.0009738	-0.0009738	-0.0009738	-0.0009738	-0.0009738	-0.0009738	-0.0009738	-0.0008850	-0.0008850	-0.0008575	-0.0005538	-0.0005354	-0.0003757	-0.0003757	-0.0001554	-0.0001554	-0.0001554	-0.0001554	-0.0001554	-0.0001554	-0.0001554
2013-10	0.006	-0.0003183	-0.0003183	-0.0003183	-0.0003183	-0.0003183	-0.0003183	-0.0003183	-0.0003183	+0.0011802	+0.0011802	+0.0011802	+0.0014125	+0.0014125	+0.0014615	+0.0014615	+0.0014615	+0.0014615	+0.0014615	+0.0014615	+0.0014615	+0.0014615
2013-11	0.010	+0.0003809	+0.0003809	+0.0003809	+0.0003809	+0.0003809	+0.0003809	+0.0003809	+0.0004256	+0.0004256	+0.0004311	+0.0004455	+0.0005339	+0.0006593	+0.0006593	+0.0009665	+0.0009665	+0.0009665	+0.0009665	+0.0009665	+0.0009665	+0.0009665
2013-12	0.002	+0.0001643	+0.0001643	+0.0001643	+0.0001643	+0.0001643	+0.0001643	+0.0001643	+0.0001643	+0.0006248	+0.0006248	+0.0007379	+0.0008792	+0.0008792	+0.0009339	+0.0009339	+0.0009339	+0.0009339	+0.0009339	+0.0009339	+0.0009339	+0.0009339
2014-01	-0.003	-0.0001341	-0.0001341	-0.0001341	-0.0001341	-0.0001341	-0.0001341	-0.0001341	-0.0001341	-0.0000502	-0.0000502	+0.0001342	+0.0004365	+0.0004365	+0.0004991	+0.0004991	+0.0004991	+0.0004991	+0.0004991	+0.0004991	+0.0004991	+0.0004991
2014-02	0.004	-0.0002678	-0.0002678	-0.0002678	-0.0002678	-0.0002678	-0.0002678	-0.0002678	-0.0002678	-0.0002510	-0.0002510	-0.0001779	-0.0001779	-0.0001779	-0.0000780	-0.0000780	-0.0000780	-0.0000780	-0.0000780	-0.0000780	-0.0000780	-0.0000780
2014-03	-0.001	+0.0003796	+0.0003796	+0.0003796	+0.0003796	+0.0003796	+0.0003796	+0.0003796	+0.0003796	+0.0004888	+0.0004888	+0.0004888	+0.0005931	+0.0005931	+0.0009711	+0.0009711	+0.0009711	+0.0009711	+0.0009711	+0.0009711	+0.0009711	+0.0009711
2014-04	-0.002	-0.0004028	-0.0004028	-0.0004028	-0.0004028	-0.0004028	-0.0004028	-0.0004028	-0.0004028	-0.0002406	-0.0002406	-0.0002338	-0.0002177	-0.0002177	-0.0001281	-0.0001281	-0.0001281	-0.0001281	-0.0001281	-0.0001281	-0.0001281	-0.0001281
2014-05	0.010	-0.0004402	-0.0004402	-0.0004402	-0.0004402	-0.0004402	-0.0004402	-0.0004402	-0.0004233	-0.0004233	-0.0003787	-0.0003787	-0.0002616	-0.0002285	-0.0002285	+0.0000057	+0.0000057	+0.0000057	+0.0000057	+0.0000057	+0.0000057	+0.0000057
2014-06	0.009	-0.0001116	-0.0001116	-0.0001116	-0.0001116	-0.0001116	-0.0001116	-0.0001116	-0.0001116	+0.0002727	+0.0002727	+0.0003558	+0.0004514	+0.0004514	+0.0006010	+0.0006010	+0.0006010	+0.0006010	+0.0006010	+0.0006010	+0.0006010	+0.0006010
2014-07	0.007	-0.0004472	-0.0004472	-0.0004472	-0.0004472	-0.0004472	-0.0004472	-0.0004472	+0.0004020	+0.0004020	+0.0004462	+0.0004955	+0.0004955	+0.0005288	+0.0005288	+0.0006232	+0.0006232	+0.0006232	+0.0006232	+0.0006232	+0.0006232	+0.0006232
2014-08	0.004	-0.0000985	-0.0000985	-0.0000985	-0.0000985	-0.0000985	-0.0000985	-0.0000985	+0.0000767	+0.0000767	+0.0001313	+0.0001420	+0.0001586	+0.0002027	+0.0002027	+0.0002295	+0.0002295	+0.0002295	+0.0002295	+0.0002295	+0.0002295	+0.0002295
2014-09	0.008	+0.0002944	+0.0002944	+0.0002944	+0.0002944	+0.0002944	+0.0002944	+0.0002944	+0.0003451	+0.0003451	+0.0005122	+0.0005287	+0.0005287	+0.0007198	+0.0007198	+0.0007755	+0.0007755	+0.0007755	+0.0007755	+0.0007755	+0.0007755	+0.0007755
2014-10	-0.006	-0.0001192	-0.0001192	-0.0001192	-0.0001192	-0.0001192	-0.0001192	-0.0001192	-0.0001192	+0.0004107	+0.0004107	+0.0004160	+0.0004168	+0.0004168	+0.0004650	+0.0004650	+0.0004650	+0.0004650	+0.0004650	+0.0004650	+0.0004650	+0.0004650
2014-11	0.029	-0.0008459	-0.0008459	-0.0008459	-0.0008459	-0.0008459	-0.0008459	-0.0008459	-0.0006723	-0.0006723	-0.0003418	-0.0002824	-0.0002491	-0.0000487	-0.0000487	+0.0003892	+0.0003892	+0.0003892	+0.0003892	+0.0003892	+0.0003892	+0.0003892
2014-12	0.007	-0.0003583	-0.0003583	-0.0003583	-0.0003583	-0.0003583	-0.0003583	-0.0003583	-0.0003583	-0.0003583	+0.0008747	+0.0008747	+0.0008747	+0.0012226	+0.0012226	+0.0012226	+0.0012226	+0.0012226	+0.0012226	+0.0012226	+0.0012226	+0.0012226
2015-01	0.004	-0.0002725	-0.0002725	-0.0002725	-0.0002725	-0.0002725	-0.0002725	-0.0002725	+0.0001257	+0.0001257	+0.0001362	+0.0001362	+0.0001416	+0.0001785	+0.0001785	+0.0001836	+0.0001836	+0.0001836	+0.0001836	+0.0001836	+0.0001836	+0.0001836
2015-02	-0.002	+0.0002306	+0.0002306	+0.0002306	+0.0002306	+0.0002306	+0.0002306	+0.0002306	+0.0002306	+0.0003704	+0.0003704	+0.0003704	+0.0005116	+0.0005116	+0.0006170	+0.0006170	+0.0006170	+0.0006170	+0.0006170	+0.0006170	+0.0006170	+0.0006170
