2011-02	0.009	-0.0009171	-0.0009171	-0.0009171	-0.0009171	-0.0009171	-0.0009171	-0.0009171	-0.0009171	-0.0000757	-0.0000757	-0.0000757	-0.0000674	-0.0000674	+0.0002361	+0.0002361	+0.0002361	+0.0002361	+0.0002361	+0.0002361	+0.0002361	+0.0002361
2011-03	0.039	-0.0004611	-0.0004611	-0.0004611	-0.0004611	-0.0004611	-0.0004611	-0.0004611	-0.0004611	-0.0002938	-0.0002938	-0.0002938	-0.0002012	-0.0002012	-0.0000757	-0.0000757	-0.0000757	-0.0000757	-0.0000757	-0.0000757	-0.0000757	-0.0000757
2011-04	0.043	-0.0008304	-0.0008304	-0.0008304	-0.0008304	-0.0008304	-0.0008304	-0.0008304	+0.0001092	+0.0001092	+0.0001754	+0.0004676	+0.0007511	+0.0016896	+0.0016896	+0.0025273	+0.0025273	+0.0025273	+0.0025273	+0.0025273	+0.0025273	+0.0025273
2011-05	-0.001	-0.0023760	-0.0023760	-0.0023760	-0.0023760	-0.0023760	-0.0023760	-0.0023760	-0.0023760	+0.0002853	+0.0002853	+0.0008612	+0.0010924	+0.0010924	+0.0019939	+0.0019939	+0.0019939	+0.0019939	+0.0019939	+0.0019939	+0.0019939	+0.0019939
2011-06	0.003	-0.0006941	-0.0006941	-0.0006941	-0.0006941	-0.0006941	-0.0006941	-0.0006941	-0.0006941	+0.0017669	+0.0017669	+0.0018013	+0.0018013	+0.0018013	+0.0019844	+0.0019844	+0.0019844	+0.0019844	+0.0019844	+0.0019844	+0.0019844	+0.0019844
2011-07	0.004	-0.0010519	-0.0010519	-0.0010519	-0.0010519	-0.0010519	-0.0010519	-0.0010519	-0.0008787	-0.0008787	-0.0002979	-0.0000548	+0.0004535	+0.0011297	+0.0011297	+0.0012015	+0.0012015	+0.0012015	+0.0012015	+0.0012015	+0.0012015	+0.0012015
2011-08	-0.016	-0.0001004	-0.0001004	-0.0001004	-0.0001004	-0.0001004	-0.0001004	-0.0001004	-0.0001004	+0.0000465	+0.0000465	+0.0002776	+0.0003549	+0.0003549	+0.0005386	+0.0005386	+0.0005386	+0.0005386	+0.0005386	+0.0005386	+0.0005386	+0.0005386
2011-09	-0.074	-0.0032317	-0.0032317	-0.0032317	-0.0032317	-0.0032317	-0.0032317	-0.0032317	-0.0021685	-0.0021286	-0.0010874	-0.0010874	-0.0002751	+0.0005168	+0.0027779	+0.0034637	+0.0034637	+0.0034637	+0.0034637	+0.0034637	+0.0034637	+0.0034637
2011-10	0.077	-0.0050278	-0.0050278	-0.0050278	-0.0050278	-0.0050278	-0.0050278	-0.0050278	-0.0050278	-0.0048987	-0.0048987	-0.0046572	-0.0044601	-0.0044601	+0.0003899	+0.0003899	+0.0003899	+0.0003899	+0.0003899	+0.0003899	+0.0003899	+0.0003899
2011-11	-0.033	-0.0003459	-0.0003459	-0.0003459	-0.0003459	-0.0003459	-0.0003459	-0.0003459	-0.0003459	+0.0024914	+0.0024914	+0.0045755	+0.0052178	+0.0052178	+0.0053850	+0.0053850	+0.0053850	+0.0053850	+0.0053850	+0.0053850	+0.0053850	+0.0053850
2011-12	0.014	-0.0046017	-0.0046017	-0.0046017	-0.0046017	-0.0046017	-0.0046017	-0.0046017	-0.0046017	-0.0023308	-0.0023308	-0.0023219	-0.0014816	-0.0014816	+0.0008006	+0.0008006	+0.0008006	+0.0008006	+0.0008006	+0.0008006	+0.0008006	+0.0008006
2012-01	0.026	-0.0006380	-0.0006380	-0.0006380	-0.0006380	-0.0006380	-0.0006380	-0.0006380	-0.0003181	-0.0003181	-0.0001984	-0.0001984	-0.0001744	+0.0002621	+0.0002621	+0.0003341	+0.0003341	+0.0003341	+0.0003341	+0.0003341	+0.0003341	+0.0003341
2012-02	0.062	+0.0001429	+0.0001429	+0.0001429	+0.0001429	+0.0001429	+0.0001429	+0.0001429	+0.0001429	+0.0017803	+0.0017803	+0.0017803	+0.0018141	+0.0018141	+0.0018153	+0.0018153	+0.0018153	+0.0018153	+0.0018153	+0.0018153	+0.0018153	+0.0018153
2012-03	-0.011	-0.0012430	-0.0012430	-0.0012430	-0.0012430	-0.0012430	-0.0012430	-0.0012430	+0.0024118	+0.0024118	+0.0025277	+0.0025277	+0.0026946	+0.0030802	+0.0030802	+0.0033186	+0.0033186	+0.0033186	+0.0033186	+0.0033186	+0.0033186	+0.0033186
2012-04	0.000	-0.0004306	-0.0004306	-0.0004306	-0.0004306	-0.0004306	-0.0004306	-0.0004306	-0.0003591	-0.0003591	-0.0002032	-0.0002032	-0.0001752	+0.0009307	+0.0009307	+0.0010450	+0.0010450	+0.0010450	+0.0010450	+0.0010450	+0.0010450	+0.0010450
2012-05	-0.062	-0.0013908	-0.0013908	-0.0013908	-0.0013908	-0.0013908	-0.0013908	-0.0013908	-0.0013908	-0.0001466	-0.0001466	-0.0000514	+0.0003317	+0.0003317	+0.0011400	+0.0011400	+0.0011400	+0.0011400	+0.0011400	+0.0011400	+0.0011400	+0.0011400
2012-06	0.041	-0.0027691	-0.0027691	-0.0027691	-0.0027691	-0.0027691	-0.0027691	-0.0027691	-0.0027593	-0.0027593	-0.0024185	-0.0021372	-0.0021372	-0.0014118	-0.0014118	+0.0013769	+0.0013769	+0.0013769	+0.0013769	+0.0013769	+0.0013769	+0.0013769
2012-07	0.022	-0.0014816	-0.0014816	-0.0014816	-0.0014816	-0.0014816	-0.0014816	-0.0014816	+0.0010898	+0.0010898	+0.0024052	+0.0026324	+0.0026324	+0.0032131	+0.0032131	+0.0032219	+0.0032219	+0.0032219	+0.0032219	+0.0032219	+0.0032219	+0.0032219
2012-08	-0.009	-0.0009409	-0.0009409	-0.0009409	-0.0009409	-0.0009409	-0.0009409	-0.0009409	-0.0001833	-0.0001833	-0.0000664	+0.0001763	+0.0001763	+0.0004032	+0.0004032	+0.0004727	+0.0004727	+0.0004727	+0.0004727	+0.0004727	+0.0004727	+0.0004727
2012-09	0.016	-0.0011066	-0.0011066	-0.0011066	-0.0011066	-0.0011066	-0.0011066	-0.0011066	-0.0007357	-0.0006561	-0.0004638	-0.0002206	-0.0001541	-0.0001541	-0.0000072	+0.0002210	+0.0002210	+0.0002210	+0.0002210	+0.0002210	+0.0002210	+0.0002210
2012-10	0.016	+0.0000670	+0.0000670	+0.0000670	+0.0000670	+0.0000670	+0.0000670	+0.0000670	+0.0000670	+0.0005479	+0.0005479	+0.0005479	+0.0007542	+0.0007542	+0.0012964	+0.0012964	+0.0012964	+0.0012964	+0.0012964	+0.0012964	+0.0012964	+0.0012964
2012-11	0.026	+0.0005526	+0.0005526	+0.0005526	+0.0005526	+0.0005526	+0.0005526	+0.0005526	+0.0006088	+0.0006088	+0.0006538	+0.0008844	+0.0008901	+0.0011597	+0.0011597	+0.0015616	+0.0015616	+0.0015616	+0.0015616	+0.0015616	+0.0015616	+0.0015616
2012-12	0.039	+0.0000144	+0.0000144	+0.0000144	+0.0000144	+0.0000144	+0.0000144	+0.0000144	+0.0010934	+0.0010934	+0.0011877	+0.0011877	+0.0013351	+0.0014767	+0.0014767	+0.0018718	+0.0018718	+0.0018718	+0.0018718	+0.0018718	+0.0018718	+0.0018718
2013-01	0.047	-0.0005643	-0.0005643	-0.0005643	-0.0005643	-0.0005643	-0.0005643	-0.0005643	-0.0005643	+0.0017815	+0.0017815	+0.0017815	+0.0019296	+0.0019296	+0.0024944	+0.0024944	+0.0024944	+0.0024944	+0.0024944	+0.0024944	+0.0024944	+0.0024944
2013-02	0.005	-0.0000529	-0.0000529	-0.0000529	-0.0000529	-0.0000529	-0.0000529	-0.0000529	-0.0000529	+0.0018424	+0.0018424	+0.0018424	+0.0019002	+0.0019002	+0.0019712	+0.0019712	+0.0019712	+0.0019712	+0.0019712	+0.0019712	+0.0019712	+0.0019712
2013-03	0.027	-0.0011476	-0.0011476	-0.0011476	-0.0011476	-0.0011476	-0.0011476	-0.0011476	-0.0011476	-0.0007582	-0.0007582	-0.0007582	-0.0004325	-0.0004325	-0.0002418	-0.0002418	-0.0002418	-0.0002418	-0.0002418	-0.0002418	-0.0002418	-0.0002418
2013-04	0.048	-0.0007503	-0.0007503	-0.0007503	-0.0007503	-0.0007503	-0.0007503	-0.0007503	-0.0007503	+0.0012865	+0.0012865	+0.0014243	+0.0015051	+0.0015051	+0.0016308	+0.0016308	+0.0016308	+0.0016308	+0.0016308	+0.0016308	+0.0016308	+0.0016308
2013-05	-0.032	-0.0025164	-0.0025164	-0.0025164	-0.0025164	-0.0025164	-0.0025164	-0.0025164	+0.0014367	+0.0014367	+0.0028617	+0.0036438	+0.0036438	+0.0038537	+0.0038537	+0.0039605	+0.0039605	+0.0039605	+0.0039605	+0.0039605	+0.0039605	+0.0039605
2013-06	-0.072	-0.0023612	-0.0023612	-0.0023612	-0.0023612	-0.0023612	-0.0023612	-0.0023612	-0.0021696	-0.0021696	-0.0021071	-0.0021071	-0.0019998	-0.0011906	-0.0011906	-0.0006034	-0.0006034	-0.0006034	-0.0006034	-0.0006034	-0.0006034	-0.0006034
2013-07	-0.005	-0.0049609	-0.0049609	-0.0049609	-0.0049609	-0.0049609	-0.0049609	-0.0049609	-0.0049609	-0.0043981	-0.0043981	-0.0043727	-0.0027308	-0.0027308	+0.0019073	+0.0019073	+0.0019073	+0.0019073	+0.0019073	+0.0019073	+0.0019073	+0.0019073
2013-08	-0.017	-0.0008468	-0.0008468	-0.0008468	-0.0008468	-0.0008468	-0.0008468	-0.0008468	-0.0004970	-0.0004970	-0.0002803	+0.0002873	+0.0004077	+0.0007380	+0.0007380	+0.0015703	+0.0015703	+0.0015703	+0.0015703	+0.0015703	+0.0015703	+0.0015703
2013-09	0.035	-0.0011685	-0.0011685	-0.0011685	-0.0011685	-0.0011685	-0.0011685	-0.0011685	-0.0011063	-0.0011063	-0.0005886	-0.0004420	-0.0004086	-0.0002531	-0.0002531	-0.0001726	-0.0001726	-0.0001726	-0.0001726	-0.0001726	-0.0001726	-0.0001726
2013-10	0.021	-0.0014844	-0.0014844	-0.0014844	-0.0014844	-0.0014844	-0.0014844	-0.0014844	-0.0014844	+0.0012650	+0.0012650	+0.0012650	+0.0020680	+0.0020680	+0.0026089	+0.0026089	+0.0026089	+0.0026089	+0.0026089	+0.0026089	+0.0026089	+0.0026089
2013-11	-0.004	+0.0005087	+0.0005087	+0.0005087	+0.0005087	+0.0005087	+0.0005087	+0.0005087	+0.0005134	+0.0005134	+0.0005630	+0.0008101	+0.0009151	+0.0010920	+0.0010920	+0.0015375	+0.0015375	+0.0015375	+0.0015375	+0.0015375	+0.0015375	+0.0015375
2013-12	0.012	-0.0003641	-0.0003641	-0.0003641	-0.0003641	-0.0003641	-0.0003641	-0.0003641	-0.0003641	-0.0001338	-0.0001338	-0.0000254	+0.0002051	+0.0002051	+0.0002364	+0.0002364	+0.0002364	+0.0002364	+0.0002364	+0.0002364	+0.0002364	+0.0002364
2014-01	-0.010	+0.0003360	+0.0003360	+0.0003360	+0.0003360	+0.0003360	+0.0003360	+0.0003360	+0.0003360	+0.0003729	+0.0003729	+0.0006258	+0.0007733	+0.0007733	+0.0008704	+0.0008704	+0.0008704	+0.0008704	+0.0008704	+0.0008704	+0.0008704	+0.0008704
2014-02	0.009	-0.0014411	-0.0014411	-0.0014411	-0.0014411	-0.0014411	-0.0014411	-0.0014411	-0.0014411	-0.0008987	-0.0008987	-0.0007892	-0.0007892	-0.0007892	+0.0000755	+0.0000755	+0.0000755	+0.0000755	+0.0000755	+0.0000755	+0.0000755	+0.0000755
2014-03	0.032	-0.0006910	-0.0006910	-0.0006910	-0.0006910	-0.0006910	-0.0006910	-0.0006910	-0.0006910	+0.0008005	+0.0008005	+0.0008005	+0.0011226	+0.0011226	+0.0017515	+0.0017515	+0.0017515	+0.0017515	+0.0017515	+0.0017515	+0.0017515	+0.0017515
2014-04	0.004	-0.0017051	-0.0017051	-0.0017051	-0.0017051	-0.0017051	-0.0017051	-0.0017051	-0.0017051	+0.0014092	+0.0014092	+0.0015099	+0.0016163	+0.0016163	+0.0018419	+0.0018419	+0.0018419	+0.0018419	+0.0018419	+0.0018419	+0.0018419	+0.0018419
2014-05	0.004	-0.0001712	-0.0001712	-0.0001712	-0.0001712	-0.0001712	-0.0001712	-0.0001712	-0.0001345	-0.0001345	+0.0000794	+0.0000794	+0.0001588	+0.0001771	+0.0001771	+0.0002071	+0.0002071	+0.0002071	+0.0002071	+0.0002071	+0.0002071	+0.0002071
2014-06	0.014	-0.0003592	-0.0003592	-0.0003592	-0.0003592	-0.0003592	-0.0003592	-0.0003592	-0.0003592	-0.0003107	-0.0003107	+0.0000305	+0.0001037	+0.0001037	+0.0002500	+0.0002500	+0.0002500	+0.0002500	+0.0002500	+0.0002500	+0.0002500	+0.0002500
2014-07	0.003	-0.0002844	-0.0002844	-0.0002844	-0.0002844	-0.0002844	-0.0002844	-0.0002844	+0.0006164	+0.0006164	+0.0007420	+0.0007648	+0.0007648	+0.0008980	+0.0008980	+0.0009285	+0.0009285	+0.0009285	+0.0009285	+0.0009285	+0.0009285	+0.0009285
2014-08	0.010	-0.0002568	-0.0002568	-0.0002568	-0.0002568	-0.0002568	-0.0002568	-0.0002568	-0.0000417	-0.0000417	+0.0000360	+0.0000419	+0.0000420	+0.0002032	+0.0002032	+0.0003410	+0.0003410	+0.0003410	+0.0003410	+0.0003410	+0.0003410	+0.0003410
2014-09	-0.018	+0.0004563	+0.0004563	+0.0004563	+0.0004563	+0.0004563	+0.0004563	+0.0004563	+0.0004829	+0.0004829	+0.0005254	+0.0007083	+0.0007083	+0.0010250	+0.0010250	+0.0011082	+0.0011082	+0.0011082	+0.0011082	+0.0011082	+0.0011082	+0.0011082
2014-10	0.016	-0.0014457	-0.0014457	-0.0014457	-0.0014457	-0.0014457	-0.0014457	-0.0014457	-0.0014457	-0.0012352	-0.0012352	-0.0011093	-0.0004615	-0.0004615	-0.0003294	-0.0003294	-0.0003294	-0.0003294	-0.0003294	-0.0003294	-0.0003294	-0.0003294
2014-11	0.048	-0.0001975	-0.0001975	-0.0001975	-0.0001975	-0.0001975	-0.0001975	-0.0001975	-0.0001433	-0.0001433	+0.0000598	+0.0003953	+0.0004479	+0.0008342	+0.0008342	+0.0008593	+0.0008593	+0.0008593	+0.0008593	+0.0008593	+0.0008593	+0.0008593
2014-12	0.000	+0.0001338	+0.0001338	+0.0001338	+0.0001338	+0.0001338	+0.0001338	+0.0001338	+0.0001338	+0.0001338	+0.0015646	+0.0015646	+0.0015646	+0.0017537	+0.0017537	+0.0017537	+0.0017537	+0.0017537	+0.0017537	+0.0017537	+0.0017537	+0.0017537
2015-01	-0.033	-0.0005987	-0.0005987	-0.0005987	-0.0005987	-0.0005987	-0.0005987	-0.0005987	-0.0003834	-0.0003834	-0.0003820	-0.0003820	-0.0002200	-0.0002139	-0.0002139	-0.0001866	-0.0001866	-0.0001866	-0.0001866	-0.0001866	-0.0001866	-0.0001866
2015-02	0.007	-0.0016840	-0.0016840	-0.0016840	-0.0016840	-0.0016840	-0.0016840	-0.0016840	-0.0016840	-0.0015849	-0.0015849	-0.0012115	-0.0012115	-0.0012115	-0.0001978	-0.0001978	-0.0001978	-0.0001978	-0.0001978	-0.0001978	-0.0001978	-0.0001978
