2011-02	0.039	-0.0015292	-0.0015292	-0.0015292	-0.0015292	-0.0015292	-0.0015292	-0.0015292	-0.0015292	-0.0010448	-0.0010448	-0.0010448	+0.0001990	+0.0001990	+0.0009198	+0.0009198	+0.0009198	+0.0009198	+0.0009198	+0.0009198	+0.0009198	+0.0009198
2011-03	-0.078	-0.0013909	-0.0013909	-0.0013909	-0.0013909	-0.0013909	-0.0013909	-0.0013909	-0.0013909	+0.0005892	+0.0005892	+0.0005892	+0.0012658	+0.0012658	+0.0013694	+0.0013694	+0.0013694	+0.0013694	+0.0013694	+0.0013694	+0.0013694	+0.0013694
2011-04	-0.023	-0.0081094	-0.0081094	-0.0081094	-0.0081094	-0.0081094	-0.0081094	-0.0081094	-0.0069072	-0.0069072	-0.0064231	-0.0063972	-0.0050061	-0.0041942	-0.0041942	+0.0017653	+0.0017653	+0.0017653	+0.0017653	+0.0017653	+0.0017653	+0.0017653
2011-05	-0.002	-0.0023486	-0.0023486	-0.0023486	-0.0023486	-0.0023486	-0.0023486	-0.0023486	-0.0023486	-0.0022843	-0.0022843	-0.0009933	+0.0008825	+0.0008825	+0.0020815	+0.0020815	+0.0020815	+0.0020815	+0.0020815	+0.0020815	+0.0020815	+0.0020815
2011-06	0.014	-0.0021487	-0.0021487	-0.0021487	-0.0021487	-0.0021487	-0.0021487	-0.0021487	-0.0021487	-0.0016509	-0.0016509	-0.0003503	-0.0003503	-0.0003503	+0.0004534	+0.0004534	+0.0004534	+0.0004534	+0.0004534	+0.0004534	+0.0004534	+0.0004534
2011-07	0.001	-0.0009336	-0.0009336	-0.0009336	-0.0009336	-0.0009336	-0.0009336	-0.0009336	+0.0005723	+0.0005723	+0.0008769	+0.0016028	+0.0016902	+0.0021448	+0.0021448	+0.0023402	+0.0023402	+0.0023402	+0.0023402	+0.0023402	+0.0023402	+0.0023402
2011-08	-0.083	-0.0019140	-0.0019140	-0.0019140	-0.0019140	-0.0019140	-0.0019140	-0.0019140	-0.0019140	-0.0014190	-0.0014190	-0.0007496	+0.0002078	+0.0002078	+0.0012974	+0.0012974	+0.0012974	+0.0012974	+0.0012974	+0.0012974	+0.0012974	+0.0012974
2011-09	-0.001	-0.0088272	-0.0088272	-0.0088272	-0.0088272	-0.0088272	-0.0088272	-0.0088272	-0.0083314	-0.0067212	-0.0061820	-0.0061820	-0.0040390	-0.0017211	-0.0002189	+0.0055473	+0.0055473	+0.0055473	+0.0055473	+0.0055473	+0.0055473	+0.0055473
2011-10	-0.016	-0.0029831	-0.0029831	-0.0029831	-0.0029831	-0.0029831	-0.0029831	-0.0029831	-0.0029831	-0.0009885	-0.0009885	+0.0010891	+0.0025412	+0.0025412	+0.0028729	+0.0028729	+0.0028729	+0.0028729	+0.0028729	+0.0028729	+0.0028729	+0.0028729
2011-11	-0.043	-0.0006817	-0.0006817	-0.0006817	-0.0006817	-0.0006817	-0.0006817	-0.0006817	-0.0006817	+0.0005428	+0.0005428	+0.0007801	+0.0016263	+0.0016263	+0.0025829	+0.0025829	+0.0025829	+0.0025829	+0.0025829	+0.0025829	+0.0025829	+0.0025829
2011-12	0.002	-0.0039031	-0.0039031	-0.0039031	-0.0039031	-0.0039031	-0.0039031	-0.0039031	-0.0039031	-0.0021272	-0.0021272	-0.0017203	-0.0016726	-0.0016726	+0.0012760	+0.0012760	+0.0012760	+0.0012760	+0.0012760	+0.0012760	+0.0012760	+0.0012760
2012-01	0.036	-0.0027514	-0.0027514	-0.0027514	-0.0027514	-0.0027514	-0.0027514	-0.0027514	-0.0022042	-0.0022042	-0.0020255	-0.0014884	-0.0014884	-0.0013416	-0.0013416	-0.0006069	-0.0006069	-0.0006069	-0.0006069	-0.0006069	-0.0006069	-0.0006069
2012-02	0.089	+0.0009633	+0.0009633	+0.0009633	+0.0009633	+0.0009633	+0.0009633	+0.0009633	+0.0009633	+0.0018646	+0.0018646	+0.0018646	+0.0019520	+0.0019520	+0.0022782	+0.0022782	+0.0022782	+0.0022782	+0.0022782	+0.0022782	+0.0022782	+0.0022782
2012-03	0.031	-0.0017850	-0.0017850	-0.0017850	-0.0017850	-0.0017850	-0.0017850	-0.0017850	+0.0041357	+0.0041357	+0.0045635	+0.0045635	+0.0049928	+0.0050337	+0.0050337	+0.0054826	+0.0054826	+0.0054826	+0.0054826	+0.0054826	+0.0054826	+0.0054826
2012-04	-0.053	-0.0006157	-0.0006157	-0.0006157	-0.0006157	-0.0006157	-0.0006157	-0.0006157	+0.0016010	+0.0016010	+0.0025291	+0.0027763	+0.0027763	+0.0029206	+0.0029206	+0.0029584	+0.0029584	+0.0029584	+0.0029584	+0.0029584	+0.0029584	+0.0029584
2012-05	-0.110	-0.0039784	-0.0039784	-0.0039784	-0.0039784	-0.0039784	-0.0039784	-0.0039784	-0.0039784	-0.0031383	-0.0031383	-0.0021075	-0.0018990	-0.0018990	+0.0024330	+0.0024330	+0.0024330	+0.0024330	+0.0024330	+0.0024330	+0.0024330	+0.0024330
2012-06	0.060	-0.0060912	-0.0060912	-0.0060912	-0.0060912	-0.0060912	-0.0060912	-0.0060912	-0.0052511	-0.0052511	-0.0046635	-0.0046635	-0.0044722	-0.0036808	-0.0036808	+0.0015899	+0.0015899	+0.0015899	+0.0015899	+0.0015899	+0.0015899	+0.0015899
2012-07	-0.036	-0.0003937	-0.0003937	-0.0003937	-0.0003937	-0.0003937	-0.0003937	-0.0003937	+0.0026439	+0.0026439	+0.0029650	+0.0031542	+0.0031542	+0.0032575	+0.0032575	+0.0033184	+0.0033184	+0.0033184	+0.0033184	+0.0033184	+0.0033184	+0.0033184
2012-08	-0.010	-0.0051638	-0.0051638	-0.0051638	-0.0051638	-0.0051638	-0.0051638	-0.0051638	-0.0045666	-0.0045666	-0.0035315	-0.0029842	-0.0029842	-0.0025288	-0.0025288	+0.0004005	+0.0004005	+0.0004005	+0.0004005	+0.0004005	+0.0004005	+0.0004005
2012-09	0.013	-0.0019924	-0.0019924	-0.0019924	-0.0019924	-0.0019924	-0.0019924	-0.0019924	-0.0019261	-0.0003769	+0.0004089	+0.0006396	+0.0006396	+0.0018727	+0.0024187	+0.0030194	+0.0030194	+0.0030194	+0.0030194	+0.0030194	+0.0030194	+0.0030194
2012-10	0.007	+0.0007984	+0.0007984	+0.0007984	+0.0007984	+0.0007984	+0.0007984	+0.0007984	+0.0007984	+0.0018800	+0.0018800	+0.0018800	+0.0020698	+0.0020698	+0.0021843	+0.0021843	+0.0021843	+0.0021843	+0.0021843	+0.0021843	+0.0021843	+0.0021843
2012-11	0.046	-0.0002280	-0.0002280	-0.0002280	-0.0002280	-0.0002280	-0.0002280	-0.0002280	+0.0004658	+0.0004658	+0.0010479	+0.0011716	+0.0011733	+0.0014951	+0.0014951	+0.0019483	+0.0019483	+0.0019483	+0.0019483	+0.0019483	+0.0019483	+0.0019483
2012-12	0.094	+0.0006370	+0.0006370	+0.0006370	+0.0006370	+0.0006370	+0.0006370	+0.0006370	+0.0018172	+0.0018172	+0.0023121	+0.0023121	+0.0024002	+0.0026325	+0.0026325	+0.0030144	+0.0030144	+0.0030144	+0.0030144	+0.0030144	+0.0030144	+0.0030144
2013-01	0.090	-0.0004295	-0.0004295	-0.0004295	-0.0004295	-0.0004295	-0.0004295	-0.0004295	-0.0004295	+0.0049333	+0.0049333	+0.0049333	+0.0053930	+0.0053930	+0.0061429	+0.0061429	+0.0061429	+0.0061429	+0.0061429	+0.0061429	+0.0061429	+0.0061429
2013-02	0.029	+0.0007925	+0.0007925	+0.0007925	+0.0007925	+0.0007925	+0.0007925	+0.0007925	+0.0007925	+0.0025232	+0.0025232	+0.0025232	+0.0038512	+0.0038512	+0.0052473	+0.0052473	+0.0052473	+0.0052473	+0.0052473	+0.0052473	+0.0052473	+0.0052473
2013-03	0.062	-0.0020269	-0.0020269	-0.0020269	-0.0020269	-0.0020269	-0.0020269	-0.0020269	-0.0020269	-0.0004235	-0.0004235	-0.0004235	+0.0016182	+0.0016182	+0.0019140	+0.0019140	+0.0019140	+0.0019140	+0.0019140	+0.0019140	+0.0019140	+0.0019140
2013-04	0.123	-0.0009659	-0.0009659	-0.0009659	-0.0009659	-0.0009659	-0.0009659	-0.0009659	-0.0009659	+0.0023708	+0.0023708	+0.0032321	+0.0033528	+0.0033528	+0.0035005	+0.0035005	+0.0035005	+0.0035005	+0.0035005	+0.0035005	+0.0035005	+0.0035005
2013-05	-0.039	-0.0070982	-0.0070982	-0.0070982	-0.0070982	-0.0070982	-0.0070982	-0.0070982	+0.0057657	+0.0057657	+0.0082341	+0.0082341	+0.0090807	+0.0100000	+0.0100000	+0.0100000	+0.0100000	+0.0100000	+0.0100000	+0.0100000	+0.0100000	+0.0100000
2013-06	-0.001	-0.0042107	-0.0042107	-0.0042107	-0.0042107	-0.0042107	-0.0042107	-0.0042107	-0.0035264	-0.0035264	-0.0030293	-0.0030293	-0.0012214	-0.0010104	-0.0010104	+0.0001820	+0.0001820	+0.0001820	+0.0001820	+0.0001820	+0.0001820	+0.0001820
2013-07	-0.006	-0.0031384	-0.0031384	-0.0031384	-0.0031384	-0.0031384	-0.0031384	-0.0031384	-0.0031384	-0.0008078	-0.0008078	+0.0004828	+0.0022458	+0.0022458	+0.0035982	+0.0035982	+0.0035982	+0.0035982	+0.0035982	+0.0035982	+0.0035982	+0.0035982
2013-08	-0.025	-0.0027132	-0.0027132	-0.0027132	-0.0027132	-0.0027132	-0.0027132	-0.0027132	-0.0025790	-0.0025790	-0.0022545	-0.0022305	-0.0006317	+0.0016900	+0.0016900	+0.0035004	+0.0035004	+0.0035004	+0.0035004	+0.0035004	+0.0035004	+0.0035004
2013-09	0.077	-0.0041809	-0.0041809	-0.0041809	-0.0041809	-0.0041809	-0.0041809	-0.0041809	-0.0030182	-0.0030182	-0.0026497	-0.0020015	-0.0019220	-0.0012407	-0.0012407	+0.0013490	+0.0013490	+0.0013490	+0.0013490	+0.0013490	+0.0013490	+0.0013490
2013-10	-0.008	-0.0026798	-0.0026798	-0.0026798	-0.0026798	-0.0026798	-0.0026798	-0.0026798	-0.0026798	+0.0021849	+0.0021849	+0.0021849	+0.0041296	+0.0041296	+0.0063642	+0.0063642	+0.0063642	+0.0063642	+0.0063642	+0.0063642	+0.0063642	+0.0063642
2013-11	0.044	-0.0001120	-0.0001120	-0.0001120	-0.0001120	-0.0001120	-0.0001120	-0.0001120	+0.0001238	+0.0001238	+0.0013664	+0.0015232	+0.0018974	+0.0025556	+0.0025556	+0.0033176	+0.0033176	+0.0033176	+0.0033176	+0.0033176	+0.0033176	+0.0033176
2013-12	0.035	+0.0005555	+0.0005555	+0.0005555	+0.0005555	+0.0005555	+0.0005555	+0.0005555	+0.0005555	+0.0029520	+0.0029520	+0.0032121	+0.0034515	+0.0034515	+0.0036027	+0.0036027	+0.0036027	+0.0036027	+0.0036027	+0.0036027	+0.0036027	+0.0036027
2014-01	-0.081	+0.0002184	+0.0002184	+0.0002184	+0.0002184	+0.0002184	+0.0002184	+0.0002184	+0.0002184	+0.0011546	+0.0011546	+0.0012104	+0.0027850	+0.0027850	+0.0037734	+0.0037734	+0.0037734	+0.0037734	+0.0037734	+0.0037734	+0.0037734	+0.0037734
2014-02	-0.026	-0.0053003	-0.0053003	-0.0053003	-0.0053003	-0.0053003	-0.0053003	-0.0053003	-0.0053003	-0.0038668	-0.0038668	-0.0023986	-0.0023986	-0.0023986	+0.0001876	+0.0001876	+0.0001876	+0.0001876	+0.0001876	+0.0001876	+0.0001876	+0.0001876
2014-03	-0.016	+0.0009036	+0.0009036	+0.0009036	+0.0009036	+0.0009036	+0.0009036	+0.0009036	+0.0009036	+0.0014804	+0.0014804	+0.0014804	+0.0017102	+0.0017102	+0.0035016	+0.0035016	+0.0035016	+0.0035016	+0.0035016	+0.0035016	+0.0035016	+0.0035016
2014-04	-0.040	-0.0026790	-0.0026790	-0.0026790	-0.0026790	-0.0026790	-0.0026790	-0.0026790	-0.0026790	-0.0026069	-0.0026069	-0.0024807	-0.0023600	-0.0023600	-0.0020669	-0.0020669	-0.0020669	-0.0020669	-0.0020669	-0.0020669	-0.0020669	-0.0020669
2014-05	0.033	-0.0033077	-0.0033077	-0.0033077	-0.0033077	-0.0033077	-0.0033077	-0.0033077	-0.0027468	-0.0027468	-0.0023926	-0.0023926	-0.0023313	-0.0018542	-0.0018542	+0.0016096	+0.0016096	+0.0016096	+0.0016096	+0.0016096	+0.0016096	+0.0016096
2014-06	0.041	+0.0007058	+0.0007058	+0.0007058	+0.0007058	+0.0007058	+0.0007058	+0.0007058	+0.0007058	+0.0008330	+0.0008330	+0.0008512	+0.0020796	+0.0020796	+0.0029939	+0.0029939	+0.0029939	+0.0029939	+0.0029939	+0.0029939	+0.0029939	+0.0029939
2014-07	0.023	-0.0008058	-0.0008058	-0.0008058	-0.0008058	-0.0008058	-0.0008058	-0.0008058	+0.0007845	+0.0007845	+0.0008091	+0.0008091	+0.0011942	+0.0012465	+0.0012465	+0.0023892	+0.0023892	+0.0023892	+0.0023892	+0.0023892	+0.0023892	+0.0023892
2014-08	-0.013	-0.0005269	-0.0005269	-0.0005269	-0.0005269	-0.0005269	-0.0005269	-0.0005269	-0.0000206	-0.0000206	-0.0000205	+0.0001107	+0.0002964	+0.0005285	+0.0005285	+0.0005686	+0.0005686	+0.0005686	+0.0005686	+0.0005686	+0.0005686	+0.0005686
2014-09	0.049	+0.0002952	+0.0002952	+0.0002952	+0.0002952	+0.0002952	+0.0002952	+0.0002952	+0.0004720	+0.0004720	+0.0005842	+0.0010360	+0.0010360	+0.0011888	+0.0011888	+0.0026747	+0.0026747	+0.0026747	+0.0026747	+0.0026747	+0.0026747	+0.0026747
2014-10	-0.016	-0.0004457	-0.0004457	-0.0004457	-0.0004457	-0.0004457	-0.0004457	-0.0004457	-0.0004457	+0.0023365	+0.0023365	+0.0023821	+0.0025345	+0.0025345	+0.0035905	+0.0035905	+0.0035905	+0.0035905	+0.0035905	+0.0035905	+0.0035905	+0.0035905
2014-11	0.064	-0.0041231	-0.0041231	-0.0041231	-0.0041231	-0.0041231	-0.0041231	-0.0041231	-0.0019626	-0.0019626	-0.0018428	-0.0015017	-0.0013459	+0.0019641	+0.0019641	+0.0031956	+0.0031956	+0.0031956	+0.0031956	+0.0031956	+0.0031956	+0.0031956
2014-12	-0.006	+0.0004827	+0.0004827	+0.0004827	+0.0004827	+0.0004827	+0.0004827	+0.0004827	+0.0004827	+0.0004827	+0.0014083	+0.0014083	+0.0014083	+0.0022024	+0.0022024	+0.0022024	+0.0022024	+0.0022024	+0.0022024	+0.0022024	+0.0022024	+0.0022024
2015-01	-0.008	-0.0024312	-0.0024312	-0.0024312	-0.0024312	-0.0024312	-0.0024312	-0.0024312	-0.0013460	-0.0013460	-0.0011281	-0.0011281	-0.0009385	-0.0007362	-0.0007362	-0.0002803	-0.0002803	-0.0002803	-0.0002803	-0.0002803	-0.0002803	-0.0002803
2015-02	-0.002	+0.0003109	+0.0003109	+0.0003109	+0.0003109	+0.0003109	+0.0003109	+0.0003109	+0.0003109	+0.0010769	+0.0010769	+0.0010769	+0.0017368	+0.0017368	+0.0018983	+0.0018983	+0.0018983	+0.0018983	+0.0018983	+0.0018983	+0.0018983	+0.0018983
