2011-02	0.010	-0.0003644	-0.0003644	-0.0003644	-0.0003644	-0.0003644	-0.0003644	-0.0003644	-0.0003644	-0.0002853	-0.0002853	-0.0002853	+0.0000859	+0.0000859	+0.0002855	+0.0002855	+0.0002855	+0.0002855	+0.0002855	+0.0002855	+0.0002855	+0.0002855
2011-03	-0.011	-0.0004067	-0.0004067	-0.0004067	-0.0004067	-0.0004067	-0.0004067	-0.0004067	-0.0004067	+0.0001140	+0.0001140	+0.0001140	+0.0002573	+0.0002573	+0.0003200	+0.0003200	+0.0003200	+0.0003200	+0.0003200	+0.0003200	+0.0003200	+0.0003200
2011-04	-0.002	-0.0010688	-0.0010688	-0.0010688	-0.0010688	-0.0010688	-0.0010688	-0.0010688	-0.0008784	-0.0008784	-0.0007646	-0.0006644	-0.0005645	-0.0004714	-0.0004714	+0.0004185	+0.0004185	+0.0004185	+0.0004185	+0.0004185	+0.0004185	+0.0004185
2011-05	0.001	-0.0001148	-0.0001148	-0.0001148	-0.0001148	-0.0001148	-0.0001148	-0.0001148	-0.0001148	-0.0000359	-0.0000359	-0.0000143	+0.0000936	+0.0000936	+0.0001582	+0.0001582	+0.0001582	+0.0001582	+0.0001582	+0.0001582	+0.0001582	+0.0001582
2011-06	0.001	-0.0001578	-0.0001578	-0.0001578	-0.0001578	-0.0001578	-0.0001578	-0.0001578	-0.0001578	-0.0000859	-0.0000859	-0.0000859	-0.0000214	-0.0000214	+0.0000934	+0.0000934	+0.0000934	+0.0000934	+0.0000934	+0.0000934	+0.0000934	+0.0000934
2011-07	-0.005	+0.0000360	+0.0000360	+0.0000360	+0.0000360	+0.0000360	+0.0000360	+0.0000360	+0.0000574	+0.0000574	+0.0000575	+0.0001077	+0.0001580	+0.0001722	+0.0001722	+0.0001794	+0.0001794	+0.0001794	+0.0001794	+0.0001794	+0.0001794	+0.0001794
2011-08	-0.014	-0.0003304	-0.0003304	-0.0003304	-0.0003304	-0.0003304	-0.0003304	-0.0003304	-0.0003304	-0.0001865	-0.0001865	-0.0000214	+0.0000574	+0.0000574	+0.0000645	+0.0000645	+0.0000645	+0.0000645	+0.0000645	+0.0000645	+0.0000645	+0.0000645
2011-09	0.001	-0.0012759	-0.0012759	-0.0012759	-0.0012759	-0.0012759	-0.0012759	-0.0012759	-0.0012481	-0.0009739	-0.0009448	-0.0009448	-0.0005462	-0.0001895	+0.0000659	+0.0010641	+0.0010641	+0.0010641	+0.0010641	+0.0010641	+0.0010641	+0.0010641
2011-10	-0.000	-0.0000949	-0.0000949	-0.0000949	-0.0000949	-0.0000949	-0.0000949	-0.0000949	-0.0000949	-0.0000072	-0.0000072	+0.0000659	+0.0000731	+0.0000731	+0.0001681	+0.0001681	+0.0001681	+0.0001681	+0.0001681	+0.0001681	+0.0001681	+0.0001681
2011-11	-0.006	-0.0000583	-0.0000583	-0.0000583	-0.0000583	-0.0000583	-0.0000583	-0.0000583	-0.0000583	+0.0000147	+0.0000147	+0.0000585	+0.0000731	+0.0000731	+0.0000731	+0.0000731	+0.0000731	+0.0000731	+0.0000731	+0.0000731	+0.0000731	+0.0000731
2011-12	0.002	-0.0003662	-0.0003662	-0.0003662	-0.0003662	-0.0003662	-0.0003662	-0.0003662	-0.0003662	-0.0003002	-0.0003002	-0.0002786	-0.0002343	-0.0002343	+0.0000220	+0.0000220	+0.0000220	+0.0000220	+0.0000220	+0.0000220	+0.0000220	+0.0000220
2012-01	-0.001	-0.0001099	-0.0001099	-0.0001099	-0.0001099	-0.0001099	-0.0001099	-0.0001099	-0.0001098	-0.0001098	-0.0000586	-0.0000586	-0.0000365	+0.0000001	+0.0000001	+0.0001174	+0.0001174	+0.0001174	+0.0001174	+0.0001174	+0.0001174	+0.0001174
2012-02	0.026	-0.0000146	-0.0000146	-0.0000146	-0.0000146	-0.0000146	-0.0000146	-0.0000146	-0.0000146	+0.0000001	+0.0000001	+0.0000001	+0.0000001	+0.0000001	+0.0000514	+0.0000514	+0.0000514	+0.0000514	+0.0000514	+0.0000514	+0.0000514	+0.0000514
2012-03	0.005	-0.0003360	-0.0003360	-0.0003360	-0.0003360	-0.0003360	-0.0003360	-0.0003360	+0.0014494	+0.0014494	+0.0014527	+0.0015417	+0.0015417	+0.0015606	+0.0015606	+0.0015778	+0.0015778	+0.0015778	+0.0015778	+0.0015778	+0.0015778	+0.0015778
2012-04	-0.008	-0.0000929	-0.0000929	-0.0000929	-0.0000929	-0.0000929	-0.0000929	-0.0000929	+0.0002786	+0.0002786	+0.0003847	+0.0004708	+0.0004708	+0.0004773	+0.0004773	+0.0004997	+0.0004997	+0.0004997	+0.0004997	+0.0004997	+0.0004997	+0.0004997
2012-05	-0.004	-0.0006571	-0.0006571	-0.0006571	-0.0006571	-0.0006571	-0.0006571	-0.0006571	-0.0006571	-0.0004499	-0.0004499	-0.0002575	-0.0002360	-0.0002360	+0.0003851	+0.0003851	+0.0003851	+0.0003851	+0.0003851	+0.0003851	+0.0003851	+0.0003851
2012-06	-0.001	-0.0003024	-0.0003024	-0.0003024	-0.0003024	-0.0003024	-0.0003024	-0.0003024	-0.0002808	-0.0002808	-0.0001223	-0.0001151	-0.0001151	-0.0000143	-0.0000143	+0.0001224	+0.0001224	+0.0001224	+0.0001224	+0.0001224	+0.0001224	+0.0001224
2012-07	-0.003	-0.0001007	-0.0001007	-0.0001007	-0.0001007	-0.0001007	-0.0001007	-0.0001007	-0.0000504	-0.0000504	+0.0000289	+0.0000721	+0.0000721	+0.0001082	+0.0001082	+0.0001588	+0.0001588	+0.0001588	+0.0001588	+0.0001588	+0.0001588	+0.0001588
2012-08	-0.007	-0.0002740	-0.0002740	-0.0002740	-0.0002740	-0.0002740	-0.0002740	-0.0002740	-0.0002668	-0.0002668	-0.0002089	-0.0002089	-0.0001945	-0.0000936	-0.0000936	-0.0000503	-0.0000503	-0.0000503	-0.0000503	-0.0000503	-0.0000503	-0.0000503
2012-09	0.001	-0.0004493	-0.0004493	-0.0004493	-0.0004493	-0.0004493	-0.0004493	-0.0004493	-0.0003835	-0.0003557	-0.0003188	-0.0002822	-0.0002757	-0.0002757	-0.0002750	+0.0001158	+0.0001158	+0.0001158	+0.0001158	+0.0001158	+0.0001158	+0.0001158
2012-10	-0.004	+0.0001166	+0.0001166	+0.0001166	+0.0001166	+0.0001166	+0.0001166	+0.0001166	+0.0001166	+0.0001387	+0.0001387	+0.0001387	+0.0001458	+0.0001458	+0.0002113	+0.0002113	+0.0002113	+0.0002113	+0.0002113	+0.0002113	+0.0002113	+0.0002113
2012-11	0.002	-0.0001967	-0.0001967	-0.0001967	-0.0001967	-0.0001967	-0.0001967	-0.0001967	-0.0001751	-0.0001751	-0.0001603	-0.0001384	-0.0001384	-0.0001092	-0.0001092	+0.0000438	+0.0000438	+0.0000438	+0.0000438	+0.0000438	+0.0000438	+0.0000438
2012-12	0.026	-0.0000729	-0.0000729	-0.0000729	-0.0000729	-0.0000729	-0.0000729	-0.0000729	+0.0000658	+0.0000658	+0.0000950	+0.0001023	+0.0001023	+0.0001094	+0.0001094	+0.0001314	+0.0001314	+0.0001314	+0.0001314	+0.0001314	+0.0001314	+0.0001314
2013-01	0.025	-0.0002543	-0.0002543	-0.0002543	-0.0002543	-0.0002543	-0.0002543	-0.0002543	-0.0002543	+0.0015264	+0.0015264	+0.0015264	+0.0016473	+0.0016473	+0.0017464	+0.0017464	+0.0017464	+0.0017464	+0.0017464	+0.0017464	+0.0017464	+0.0017464
2013-02	0.014	+0.0002534	+0.0002534	+0.0002534	+0.0002534	+0.0002534	+0.0002534	+0.0002534	+0.0002534	+0.0006153	+0.0006153	+0.0006153	+0.0010761	+0.0010761	+0.0014543	+0.0014543	+0.0014543	+0.0014543	+0.0014543	+0.0014543	+0.0014543	+0.0014543
2013-03	0.026	-0.0005299	-0.0005299	-0.0005299	-0.0005299	-0.0005299	-0.0005299	-0.0005299	-0.0005299	+0.0001239	+0.0001239	+0.0001239	+0.0006055	+0.0006055	+0.0009551	+0.0009551	+0.0009551	+0.0009551	+0.0009551	+0.0009551	+0.0009551	+0.0009551
2013-04	0.031	-0.0003254	-0.0003254	-0.0003254	-0.0003254	-0.0003254	-0.0003254	-0.0003254	-0.0003254	+0.0011530	+0.0011530	+0.0014665	+0.0014835	+0.0014835	+0.0014859	+0.0014859	+0.0014859	+0.0014859	+0.0014859	+0.0014859	+0.0014859	+0.0014859
2013-05	-0.012	-0.0020697	-0.0020697	-0.0020697	-0.0020697	-0.0020697	-0.0020697	-0.0020697	+0.0012488	+0.0012488	+0.0014933	+0.0014933	+0.0024400	+0.0026704	+0.0026704	+0.0029047	+0.0029047	+0.0029047	+0.0029047	+0.0029047	+0.0029047	+0.0029047
2013-06	-0.007	-0.0012026	-0.0012026	-0.0012026	-0.0012026	-0.0012026	-0.0012026	-0.0012026	-0.0009514	-0.0009514	-0.0005474	-0.0005474	-0.0005268	-0.0004725	-0.0004725	-0.0002521	-0.0002521	-0.0002521	-0.0002521	-0.0002521	-0.0002521	-0.0002521
2013-07	0.003	-0.0004009	-0.0004009	-0.0004009	-0.0004009	-0.0004009	-0.0004009	-0.0004009	-0.0004009	-0.0003747	-0.0003747	-0.0002501	-0.0001115	-0.0001115	-0.0000654	-0.0000654	-0.0000654	-0.0000654	-0.0000654	-0.0000654	-0.0000654	-0.0000654
2013-08	-0.002	-0.0003079	-0.0003079	-0.0003079	-0.0003079	-0.0003079	-0.0003079	-0.0003079	-0.0001243	-0.0001243	+0.0000263	+0.0000591	+0.0001246	+0.0004124	+0.0004124	+0.0006277	+0.0006277	+0.0006277	+0.0006277	+0.0006277	+0.0006277	+0.0006277
2013-09	0.008	-0.0002036	-0.0002036	-0.0002036	-0.0002036	-0.0002036	-0.0002036	-0.0002036	-0.0001970	-0.0001970	-0.0001509	-0.0000721	+0.0000592	+0.0001183	+0.0001183	+0.0001380	+0.0001380	+0.0001380	+0.0001380	+0.0001380	+0.0001380	+0.0001380
2013-10	-0.003	-0.0000130	-0.0000130	-0.0000130	-0.0000130	-0.0000130	-0.0000130	-0.0000130	-0.0000130	+0.0007064	+0.0007064	+0.0007064	+0.0007965	+0.0007965	+0.0008682	+0.0008682	+0.0008682	+0.0008682	+0.0008682	+0.0008682	+0.0008682	+0.0008682
2013-11	0.018	-0.0001692	-0.0001692	-0.0001692	-0.0001692	-0.0001692	-0.0001692	-0.0001692	-0.0001237	-0.0001237	-0.0001042	-0.0000846	-0.0000521	+0.0000326	+0.0000326	+0.0001563	+0.0001563	+0.0001563	+0.0001563	+0.0001563	+0.0001563	+0.0001563
2013-12	0.008	+0.0000588	+0.0000588	+0.0000588	+0.0000588	+0.0000588	+0.0000588	+0.0000588	+0.0000588	+0.0009969	+0.0009969	+0.0010222	+0.0010460	+0.0010460	+0.0010855	+0.0010855	+0.0010855	+0.0010855	+0.0010855	+0.0010855	+0.0010855	+0.0010855
2014-01	-0.017	-0.0000384	-0.0000384	-0.0000384	-0.0000384	-0.0000384	-0.0000384	-0.0000384	-0.0000384	+0.0002687	+0.0002687	+0.0003794	+0.0006725	+0.0006725	+0.0010183	+0.0010183	+0.0010183	+0.0010183	+0.0010183	+0.0010183	+0.0010183	+0.0010183
2014-02	-0.008	-0.0012363	-0.0012363	-0.0012363	-0.0012363	-0.0012363	-0.0012363	-0.0012363	-0.0012363	-0.0008027	-0.0008027	-0.0004730	-0.0004730	-0.0004730	-0.0001017	-0.0001017	-0.0001017	-0.0001017	-0.0001017	-0.0001017	-0.0001017	-0.0001017
2014-03	-0.010	-0.0002337	-0.0002337	-0.0002337	-0.0002337	-0.0002337	-0.0002337	-0.0002337	-0.0002337	-0.0001952	-0.0001952	+0.0000522	+0.0000522	+0.0000522	+0.0002469	+0.0002469	+0.0002469	+0.0002469	+0.0002469	+0.0002469	+0.0002469	+0.0002469
2014-04	-0.009	-0.0006223	-0.0006223	-0.0006223	-0.0006223	-0.0006223	-0.0006223	-0.0006223	-0.0006223	-0.0006158	-0.0006158	-0.0006093	-0.0005571	-0.0005571	+0.0000654	+0.0000654	+0.0000654	+0.0000654	+0.0000654	+0.0000654	+0.0000654	+0.0000654
2014-05	0.001	-0.0007932	-0.0007932	-0.0007932	-0.0007932	-0.0007932	-0.0007932	-0.0007932	-0.0007014	-0.0007014	-0.0006680	-0.0006680	-0.0006546	-0.0004830	-0.0004830	+0.0004352	+0.0004352	+0.0004352	+0.0004352	+0.0004352	+0.0004352	+0.0004352
2014-06	0.009	+0.0000001	+0.0000001	+0.0000001	+0.0000001	+0.0000001	+0.0000001	+0.0000001	+0.0000001	+0.0000798	+0.0000798	+0.0000799	+0.0000997	+0.0000997	+0.0001529	+0.0001529	+0.0001529	+0.0001529	+0.0001529	+0.0001529	+0.0001529	+0.0001529
2014-07	0.003	-0.0001124	-0.0001124	-0.0001124	-0.0001124	-0.0001124	-0.0001124	-0.0001124	+0.0003433	+0.0003433	+0.0003759	+0.0003893	+0.0003893	+0.0003960	+0.0003960	+0.0004359	+0.0004359	+0.0004359	+0.0004359	+0.0004359	+0.0004359	+0.0004359
2014-08	-0.003	+0.0000001	+0.0000001	+0.0000001	+0.0000001	+0.0000001	+0.0000001	+0.0000001	+0.0000395	+0.0000395	+0.0000526	+0.0001377	+0.0001378	+0.0001443	+0.0001443	+0.0001902	+0.0001902	+0.0001902	+0.0001902	+0.0001902	+0.0001902	+0.0001902
2014-09	0.004	-0.0001115	-0.0001115	-0.0001115	-0.0001115	-0.0001115	-0.0001115	-0.0001115	-0.0000983	-0.0000983	-0.0000065	+0.0000264	+0.0000264	+0.0000395	+0.0000395	+0.0002037	+0.0002037	+0.0002037	+0.0002037	+0.0002037	+0.0002037	+0.0002037
2014-10	-0.002	+0.0000132	+0.0000132	+0.0000132	+0.0000132	+0.0000132	+0.0000132	+0.0000132	+0.0000132	+0.0001837	+0.0001837	+0.0002098	+0.0002162	+0.0002162	+0.0003148	+0.0003148	+0.0003148	+0.0003148	+0.0003148	+0.0003148	+0.0003148	+0.0003148
2014-11	0.011	-0.0000655	-0.0000655	-0.0000655	-0.0000655	-0.0000655	-0.0000655	-0.0000655	+0.0001051	+0.0001051	+0.0001182	+0.0001315	+0.0001643	+0.0001907	+0.0001907	+0.0002234	+0.0002234	+0.0002234	+0.0002234	+0.0002234	+0.0002234	+0.0002234
2014-12	-0.005	+0.0001237	+0.0001237	+0.0001237	+0.0001237	+0.0001237	+0.0001237	+0.0001237	+0.0001237	+0.0001237	+0.0002872	+0.0002872	+0.0002872	+0.0004034	+0.0004034	+0.0004034	+0.0004034	+0.0004034	+0.0004034	+0.0004034	+0.0004034	+0.0004034
2015-01	-0.006	-0.0007518	-0.0007518	-0.0007518	-0.0007518	-0.0007518	-0.0007518	-0.0007518	-0.0004661	-0.0004661	-0.0003631	-0.0003631	-0.0003109	-0.0003100	-0.0003100	-0.0002465	-0.0002465	-0.0002465	-0.0002465	-0.0002465	-0.0002465	-0.0002465
2015-02	-0.001	-0.0002223	-0.0002223	-0.0002223	-0.0002223	-0.0002223	-0.0002223	-0.0002223	-0.0002223	+0.0000001	+0.0000001	+0.0000854	+0.0000854	+0.0000854	+0.0002028	+0.0002028	+0.0002028	+0.0002028	+0.0002028	+0.0002028	+0.0002028	+0.0002028
