2011-02	-0.007	-0.0018211	-0.0018211	-0.0018211	-0.0018211	-0.0018211	-0.0018211	-0.0018211	-0.0018211	-0.0013523	-0.0013523	-0.0009180	-0.0009180	-0.0009180	+0.0011362	+0.0011362	+0.0011362	+0.0011362	+0.0011362	+0.0011362	+0.0011362	+0.0011362
2011-03	-0.049	-0.0013993	-0.0013993	-0.0013993	-0.0013993	-0.0013993	-0.0013993	-0.0013993	-0.0013993	-0.0005401	-0.0005401	-0.0000499	-0.0000499	-0.0000499	+0.0009264	+0.0009264	+0.0009264	+0.0009264	+0.0009264	+0.0009264	+0.0009264	+0.0009264
2011-04	0.017	-0.0044823	-0.0044823	-0.0044823	-0.0044823	-0.0044823	-0.0044823	-0.0044823	-0.0041447	-0.0041447	-0.0039244	-0.0033342	-0.0032391	-0.0024968	-0.0024968	+0.0006638	+0.0006638	+0.0006638	+0.0006638	+0.0006638	+0.0006638	+0.0006638
2011-05	-0.002	-0.0009953	-0.0009953	-0.0009953	-0.0009953	-0.0009953	-0.0009953	-0.0009953	-0.0009953	-0.0005434	-0.0005434	-0.0004587	+0.0004046	+0.0004046	+0.0005331	+0.0005331	+0.0005331	+0.0005331	+0.0005331	+0.0005331	+0.0005331	+0.0005331
2011-06	-0.032	-0.0009848	-0.0009848	-0.0009848	-0.0009848	-0.0009848	-0.0009848	-0.0009848	-0.0009848	-0.0008178	-0.0008178	-0.0001965	-0.0001965	-0.0001965	+0.0008702	+0.0008702	+0.0008702	+0.0008702	+0.0008702	+0.0008702	+0.0008702	+0.0008702
2011-07	-0.023	-0.0025516	-0.0025516	-0.0025516	-0.0025516	-0.0025516	-0.0025516	-0.0025516	-0.0025476	-0.0025476	-0.0023862	-0.0018318	-0.0012653	-0.0002883	-0.0002883	+0.0015601	+0.0015601	+0.0015601	+0.0015601	+0.0015601	+0.0015601	+0.0015601
2011-08	-0.004	-0.0024623	-0.0024623	-0.0024623	-0.0024623	-0.0024623	-0.0024623	-0.0024623	-0.0024623	-0.0019713	-0.0019713	-0.0016962	-0.0014733	-0.0014733	+0.0004821	+0.0004821	+0.0004821	+0.0004821	+0.0004821	+0.0004821	+0.0004821	+0.0004821
2011-09	-0.053	-0.0018913	-0.0018913	-0.0018913	-0.0018913	-0.0018913	-0.0018913	-0.0018913	-0.0017131	-0.0012425	-0.0012425	-0.0010784	+0.0003659	+0.0017117	+0.0026021	+0.0033973	+0.0033973	+0.0033973	+0.0033973	+0.0033973	+0.0033973	+0.0033973
2011-10	-0.019	-0.0049311	-0.0049311	-0.0049311	-0.0049311	-0.0049311	-0.0049311	-0.0049311	-0.0049311	-0.0042518	-0.0042518	-0.0036891	-0.0027260	-0.0027260	+0.0014763	+0.0014763	+0.0014763	+0.0014763	+0.0014763	+0.0014763	+0.0014763	+0.0014763
2011-11	-0.045	-0.0031434	-0.0031434	-0.0031434	-0.0031434	-0.0031434	-0.0031434	-0.0031434	-0.0031434	-0.0010071	-0.0010071	+0.0013737	+0.0021518	+0.0021518	+0.0032643	+0.0032643	+0.0032643	+0.0032643	+0.0032643	+0.0032643	+0.0032643	+0.0032643
2011-12	-0.003	-0.0060950	-0.0060950	-0.0060950	-0.0060950	-0.0060950	-0.0060950	-0.0060950	-0.0060950	-0.0056993	-0.0056993	-0.0038404	-0.0021532	-0.0021532	+0.0016654	+0.0016654	+0.0016654	+0.0016654	+0.0016654	+0.0016654	+0.0016654	+0.0016654
2012-01	0.014	-0.0010902	-0.0010902	-0.0010902	-0.0010902	-0.0010902	-0.0010902	-0.0010902	-0.0010333	-0.0010333	-0.0007521	-0.0007521	-0.0006784	-0.0006203	-0.0006203	-0.0004334	-0.0004334	-0.0004334	-0.0004334	-0.0004334	-0.0004334	-0.0004334
2012-02	0.103	-0.0003082	-0.0003082	-0.0003082	-0.0003082	-0.0003082	-0.0003082	-0.0003082	-0.0003082	-0.0000494	-0.0000494	-0.0000494	+0.0002573	+0.0002573	+0.0004201	+0.0004201	+0.0004201	+0.0004201	+0.0004201	+0.0004201	+0.0004201	+0.0004201
2012-03	0.034	-0.0005735	-0.0005735	-0.0005735	-0.0005735	-0.0005735	-0.0005735	-0.0005735	+0.0042038	+0.0042038	+0.0050632	+0.0060765	+0.0060765	+0.0064424	+0.0064424	+0.0067002	+0.0067002	+0.0067002	+0.0067002	+0.0067002	+0.0067002	+0.0067002
2012-04	-0.010	-0.0011742	-0.0011742	-0.0011742	-0.0011742	-0.0011742	-0.0011742	-0.0011742	+0.0012951	+0.0012951	+0.0014793	+0.0016265	+0.0016265	+0.0025500	+0.0025500	+0.0027402	+0.0027402	+0.0027402	+0.0027402	+0.0027402	+0.0027402	+0.0027402
2012-05	-0.036	-0.0018978	-0.0018978	-0.0018978	-0.0018978	-0.0018978	-0.0018978	-0.0018978	-0.0018978	-0.0008531	-0.0008531	-0.0007218	+0.0004861	+0.0004861	+0.0016174	+0.0016174	+0.0016174	+0.0016174	+0.0016174	+0.0016174	+0.0016174	+0.0016174
2012-06	0.034	-0.0036833	-0.0036833	-0.0036833	-0.0036833	-0.0036833	-0.0036833	-0.0036833	-0.0035877	-0.0035877	-0.0018880	-0.0018880	-0.0017678	-0.0015434	-0.0015434	+0.0012712	+0.0012712	+0.0012712	+0.0012712	+0.0012712	+0.0012712	+0.0012712
2012-07	-0.007	+0.0006374	+0.0006374	+0.0006374	+0.0006374	+0.0006374	+0.0006374	+0.0006374	+0.0022277	+0.0022277	+0.0034614	+0.0035061	+0.0035061	+0.0039764	+0.0039764	+0.0040065	+0.0040065	+0.0040065	+0.0040065	+0.0040065	+0.0040065	+0.0040065
2012-08	0.030	-0.0020344	-0.0020344	-0.0020344	-0.0020344	-0.0020344	-0.0020344	-0.0020344	-0.0012978	-0.0012978	-0.0007234	-0.0007234	-0.0005191	-0.0005065	-0.0005065	+0.0015310	+0.0015310	+0.0015310	+0.0015310	+0.0015310	+0.0015310	+0.0015310
2012-09	0.047	-0.0001193	-0.0001193	-0.0001193	-0.0001193	-0.0001193	-0.0001193	-0.0001193	+0.0013763	+0.0014267	+0.0014267	+0.0014311	+0.0017519	+0.0017729	+0.0019010	+0.0020974	+0.0020974	+0.0020974	+0.0020974	+0.0020974	+0.0020974	+0.0020974
2012-10	0.028	+0.0000001	+0.0000001	+0.0000001	+0.0000001	+0.0000001	+0.0000001	+0.0000001	+0.0000001	+0.0021677	+0.0021677	+0.0021677	+0.0031553	+0.0031553	+0.0032669	+0.0032669	+0.0032669	+0.0032669	+0.0032669	+0.0032669	+0.0032669	+0.0032669
2012-11	0.016	+0.0004544	+0.0004544	+0.0004544	+0.0004544	+0.0004544	+0.0004544	+0.0004544	+0.0013546	+0.0013546	+0.0020565	+0.0020663	+0.0023174	+0.0025232	+0.0025232	+0.0025726	+0.0025726	+0.0025726	+0.0025726	+0.0025726	+0.0025726	+0.0025726
2012-12	0.045	-0.0001452	-0.0001452	-0.0001452	-0.0001452	-0.0001452	-0.0001452	-0.0001452	+0.0002923	+0.0002923	+0.0004369	+0.0004584	+0.0004584	+0.0005281	+0.0005281	+0.0009506	+0.0009506	+0.0009506	+0.0009506	+0.0009506	+0.0009506	+0.0009506
2013-01	0.093	+0.0003757	+0.0003757	+0.0003757	+0.0003757	+0.0003757	+0.0003757	+0.0003757	+0.0003757	+0.0025531	+0.0025531	+0.0025531	+0.0025989	+0.0025989	+0.0031080	+0.0031080	+0.0031080	+0.0031080	+0.0031080	+0.0031080	+0.0031080	+0.0031080
2013-02	0.060	+0.0007813	+0.0007813	+0.0007813	+0.0007813	+0.0007813	+0.0007813	+0.0007813	+0.0007813	+0.0030624	+0.0030624	+0.0030624	+0.0033480	+0.0033480	+0.0058527	+0.0058527	+0.0058527	+0.0058527	+0.0058527	+0.0058527	+0.0058527	+0.0058527
2013-03	0.197	-0.0000669	-0.0000669	-0.0000669	-0.0000669	-0.0000669	-0.0000669	-0.0000669	-0.0000669	+0.0024826	+0.0024826	+0.0024826	+0.0037896	+0.0037896	+0.0049005	+0.0049005	+0.0049005	+0.0049005	+0.0049005	+0.0049005	+0.0049005	+0.0049005
2013-04	-0.019	-0.0013813	-0.0013813	-0.0013813	-0.0013813	-0.0013813	-0.0013813	-0.0013813	-0.0013813	+0.0100000	+0.0100000	+0.0100000	+0.0100000	+0.0100000	+0.0100000	+0.0100000	+0.0100000	+0.0100000	+0.0100000	+0.0100000	+0.0100000	+0.0100000
2013-05	-0.138	-0.0057954	-0.0057954	-0.0057954	-0.0057954	-0.0057954	-0.0057954	-0.0057954	-0.0021914	-0.0021914	+0.0003480	+0.0003480	+0.0031553	+0.0036916	+0.0036916	+0.0037057	+0.0037057	+0.0037057	+0.0037057	+0.0037057	+0.0037057	+0.0037057
2013-06	0.027	-0.0081417	-0.0081417	-0.0081417	-0.0081417	-0.0081417	-0.0081417	-0.0081417	-0.0077508	-0.0077508	-0.0070626	-0.0070626	-0.0068584	-0.0066494	-0.0066494	+0.0043093	+0.0043093	+0.0043093	+0.0043093	+0.0043093	+0.0043093	+0.0043093
2013-07	-0.053	-0.0027898	-0.0027898	-0.0027898	-0.0027898	-0.0027898	-0.0027898	-0.0027898	-0.0027898	-0.0020705	-0.0020705	+0.0006354	+0.0025504	+0.0025504	+0.0056405	+0.0056405	+0.0056405	+0.0056405	+0.0056405	+0.0056405	+0.0056405	+0.0056405
2013-08	-0.003	-0.0029772	-0.0029772	-0.0029772	-0.0029772	-0.0029772	-0.0029772	-0.0029772	-0.0028243	-0.0028243	-0.0018915	-0.0012431	-0.0009430	-0.0004776	-0.0004776	+0.0003805	+0.0003805	+0.0003805	+0.0003805	+0.0003805	+0.0003805	+0.0003805
2013-09	0.128	-0.0027872	-0.0027872	-0.0027872	-0.0027872	-0.0027872	-0.0027872	-0.0027872	-0.0026519	-0.0026519	-0.0018566	-0.0017698	-0.0016935	-0.0011770	-0.0011770	+0.0004249	+0.0004249	+0.0004249	+0.0004249	+0.0004249	+0.0004249	+0.0004249
2013-10	-0.018	-0.0010592	-0.0010592	-0.0010592	-0.0010592	-0.0010592	-0.0010592	-0.0010592	-0.0010592	+0.0070487	+0.0070487	+0.0070487	+0.0072031	+0.0072031	+0.0075163	+0.0075163	+0.0075163	+0.0075163	+0.0075163	+0.0075163	+0.0075163	+0.0075163
2013-11	0.001	-0.0003218	-0.0003218	-0.0003218	-0.0003218	-0.0003218	-0.0003218	-0.0003218	+0.0005609	+0.0005609	+0.0006787	+0.0010328	+0.0013458	+0.0016652	+0.0016652	+0.0021117	+0.0021117	+0.0021117	+0.0021117	+0.0021117	+0.0021117	+0.0021117
2013-12	0.034	-0.0009961	-0.0009961	-0.0009961	-0.0009961	-0.0009961	-0.0009961	-0.0009961	-0.0009961	-0.0003735	-0.0003735	+0.0003754	+0.0015681	+0.0015681	+0.0017287	+0.0017287	+0.0017287	+0.0017287	+0.0017287	+0.0017287	+0.0017287	+0.0017287
2014-01	-0.009	-0.0018960	-0.0018960	-0.0018960	-0.0018960	-0.0018960	-0.0018960	-0.0018960	-0.0018960	-0.0005723	-0.0005723	-0.0000139	+0.0011285	+0.0011285	+0.0028806	+0.0028806	+0.0028806	+0.0028806	+0.0028806	+0.0028806	+0.0028806	+0.0028806
2014-02	0.009	-0.0001764	-0.0001764	-0.0001764	-0.0001764	-0.0001764	-0.0001764	-0.0001764	-0.0001764	+0.0000412	+0.0000412	+0.0008858	+0.0008858	+0.0008858	+0.0015151	+0.0015151	+0.0015151	+0.0015151	+0.0015151	+0.0015151	+0.0015151	+0.0015151
2014-03	-0.020	+0.0006280	+0.0006280	+0.0006280	+0.0006280	+0.0006280	+0.0006280	+0.0006280	+0.0006280	+0.0017005	+0.0017005	+0.0017005	+0.0026748	+0.0026748	+0.0027697	+0.0027697	+0.0027697	+0.0027697	+0.0027697	+0.0027697	+0.0027697	+0.0027697
2014-04	0.018	-0.0015242	-0.0015242	-0.0015242	-0.0015242	-0.0015242	-0.0015242	-0.0015242	-0.0015242	-0.0005357	-0.0005357	-0.0005082	-0.0002185	-0.0002185	+0.0000748	+0.0000748	+0.0000748	+0.0000748	+0.0000748	+0.0000748	+0.0000748	+0.0000748
2014-05	0.037	+0.0000952	+0.0000952	+0.0000952	+0.0000952	+0.0000952	+0.0000952	+0.0000952	+0.0001087	+0.0001087	+0.0001426	+0.0002398	+0.0002398	+0.0004362	+0.0004362	+0.0007585	+0.0007585	+0.0007585	+0.0007585	+0.0007585	+0.0007585	+0.0007585
2014-06	0.020	+0.0001353	+0.0001353	+0.0001353	+0.0001353	+0.0001353	+0.0001353	+0.0001353	+0.0001353	+0.0011253	+0.0011253	+0.0017129	+0.0017978	+0.0017978	+0.0025775	+0.0025775	+0.0025775	+0.0025775	+0.0025775	+0.0025775	+0.0025775	+0.0025775
2014-07	0.012	-0.0000985	-0.0000985	-0.0000985	-0.0000985	-0.0000985	-0.0000985	-0.0000985	+0.0009980	+0.0009980	+0.0011354	+0.0011469	+0.0011469	+0.0016889	+0.0016889	+0.0018372	+0.0018372	+0.0018372	+0.0018372	+0.0018372	+0.0018372	+0.0018372
2014-08	0.017	+0.0000129	+0.0000129	+0.0000129	+0.0000129	+0.0000129	+0.0000129	+0.0000129	+0.0001280	+0.0001280	+0.0003964	+0.0005311	+0.0005380	+0.0005745	+0.0005745	+0.0011425	+0.0011425	+0.0011425	+0.0011425	+0.0011425	+0.0011425	+0.0011425
2014-09	0.013	+0.0006754	+0.0006754	+0.0006754	+0.0006754	+0.0006754	+0.0006754	+0.0006754	+0.0007497	+0.0007497	+0.0007784	+0.0007784	+0.0008378	+0.0011824	+0.0011824	+0.0017844	+0.0017844	+0.0017844	+0.0017844	+0.0017844	+0.0017844	+0.0017844
2014-10	0.023	+0.0001246	+0.0001246	+0.0001246	+0.0001246	+0.0001246	+0.0001246	+0.0001246	+0.0001246	+0.0001439	+0.0001439	+0.0002743	+0.0008857	+0.0008857	+0.0010465	+0.0010465	+0.0010465	+0.0010465	+0.0010465	+0.0010465	+0.0010465	+0.0010465
2014-11	0.057	-0.0011927	-0.0011927	-0.0011927	-0.0011927	-0.0011927	-0.0011927	-0.0011927	-0.0003966	-0.0003966	-0.0001309	+0.0000438	+0.0004835	+0.0012306	+0.0012306	+0.0024328	+0.0024328	+0.0024328	+0.0024328	+0.0024328	+0.0024328	+0.0024328
2014-12	0.033	+0.0020837	+0.0020837	+0.0020837	+0.0020837	+0.0020837	+0.0020837	+0.0020837	+0.0020837	+0.0020837	+0.0021999	+0.0021999	+0.0021999	+0.0038524	+0.0038524	+0.0038524	+0.0038524	+0.0038524	+0.0038524	+0.0038524	+0.0038524	+0.0038524
2015-01	-0.001	-0.0003781	-0.0003781	-0.0003781	-0.0003781	-0.0003781	-0.0003781	-0.0003781	+0.0000001	+0.0000001	+0.0003287	+0.0003360	+0.0003360	+0.0010707	+0.0010707	+0.0014416	+0.0014416	+0.0014416	+0.0014416	+0.0014416	+0.0014416	+0.0014416
2015-02	-0.026	-0.0006002	-0.0006002	-0.0006002	-0.0006002	-0.0006002	-0.0006002	-0.0006002	-0.0006002	-0.0000548	-0.0000548	-0.0000548	+0.0000604	+0.0000604	+0.0006330	+0.0006330	+0.0006330	+0.0006330	+0.0006330	+0.0006330	+0.0006330	+0.0006330
