2013-08	-0.011	-0.0100000	-0.0100000	-0.0100000	-0.0100000	-0.0100000	-0.0100000	-0.0100000	-0.0100000	-0.0100000	-0.0100000	-0.0100000	-0.0100000	-0.0100000	-0.0100000	-0.0100000	-0.0100000	-0.0100000	-0.0100000	-0.0100000	-0.0100000	-0.0100000
2013-09	0.076	-0.0023400	-0.0023400	-0.0023400	-0.0023400	-0.0023400	-0.0023400	-0.0023400	-0.0017211	-0.0017211	-0.0005328	-0.0004282	-0.0001885	-0.0000464	-0.0000464	+0.0010113	+0.0010113	+0.0010113	+0.0010113	+0.0010113	+0.0010113	+0.0010113
2013-10	0.032	-0.0016314	-0.0016314	-0.0016314	-0.0016314	-0.0016314	-0.0016314	-0.0016314	-0.0016314	+0.0037548	+0.0037548	+0.0037548	+0.0047608	+0.0047608	+0.0053669	+0.0053669	+0.0053669	+0.0053669	+0.0053669	+0.0053669	+0.0053669	+0.0053669
2013-11	0.045	-0.0001567	-0.0001567	-0.0001567	-0.0001567	-0.0001567	-0.0001567	-0.0001567	+0.0007493	+0.0007493	+0.0009097	+0.0009644	+0.0011575	+0.0011667	+0.0011667	+0.0020606	+0.0020606	+0.0020606	+0.0020606	+0.0020606	+0.0020606	+0.0020606
2013-12	0.060	-0.0001594	-0.0001594	-0.0001594	-0.0001594	-0.0001594	-0.0001594	-0.0001594	-0.0001594	+0.0031270	+0.0031270	+0.0034998	+0.0035313	+0.0035313	+0.0039784	+0.0039784	+0.0039784	+0.0039784	+0.0039784	+0.0039784	+0.0039784	+0.0039784
2014-01	0.028	+0.0006774	+0.0006774	+0.0006774	+0.0006774	+0.0006774	+0.0006774	+0.0006774	+0.0006774	+0.0020249	+0.0020249	+0.0022260	+0.0023761	+0.0023761	+0.0045876	+0.0045876	+0.0045876	+0.0045876	+0.0045876	+0.0045876	+0.0045876	+0.0045876
2014-02	0.045	-0.0008891	-0.0008891	-0.0008891	-0.0008891	-0.0008891	-0.0008891	-0.0008891	-0.0008891	+0.0008882	+0.0008882	+0.0008882	+0.0013937	+0.0013937	+0.0016051	+0.0016051	+0.0016051	+0.0016051	+0.0016051	+0.0016051	+0.0016051	+0.0016051
2014-03	-0.033	+0.0016014	+0.0016014	+0.0016014	+0.0016014	+0.0016014	+0.0016014	+0.0016014	+0.0016014	+0.0036526	+0.0036526	+0.0036526	+0.0039481	+0.0039481	+0.0047879	+0.0047879	+0.0047879	+0.0047879	+0.0047879	+0.0047879	+0.0047879	+0.0047879
2014-04	-0.027	-0.0028766	-0.0028766	-0.0028766	-0.0028766	-0.0028766	-0.0028766	-0.0028766	-0.0028766	-0.0026565	-0.0026565	-0.0023420	-0.0010177	-0.0010177	-0.0006764	-0.0006764	-0.0006764	-0.0006764	-0.0006764	-0.0006764	-0.0006764	-0.0006764
2014-05	0.012	-0.0030518	-0.0030518	-0.0030518	-0.0030518	-0.0030518	-0.0030518	-0.0030518	-0.0028458	-0.0028458	-0.0024571	-0.0024571	-0.0020045	-0.0015362	-0.0015362	+0.0014137	+0.0014137	+0.0014137	+0.0014137	+0.0014137	+0.0014137	+0.0014137
2014-06	0.031	+0.0000487	+0.0000487	+0.0000487	+0.0000487	+0.0000487	+0.0000487	+0.0000487	+0.0000487	+0.0002525	+0.0002525	+0.0002706	+0.0004609	+0.0004609	+0.0014959	+0.0014959	+0.0014959	+0.0014959	+0.0014959	+0.0014959	+0.0014959	+0.0014959
2014-07	0.020	-0.0009205	-0.0009205	-0.0009205	-0.0009205	-0.0009205	-0.0009205	-0.0009205	+0.0014873	+0.0014873	+0.0014999	+0.0014999	+0.0019129	+0.0024429	+0.0024429	+0.0025159	+0.0025159	+0.0025159	+0.0025159	+0.0025159	+0.0025159	+0.0025159
2014-08	0.028	-0.0012790	-0.0012790	-0.0012790	-0.0012790	-0.0012790	-0.0012790	-0.0012790	-0.0008908	-0.0008908	-0.0006143	-0.0002574	+0.0001071	+0.0002056	+0.0002056	+0.0004347	+0.0004347	+0.0004347	+0.0004347	+0.0004347	+0.0004347	+0.0004347
2014-09	0.058	+0.0012011	+0.0012011	+0.0012011	+0.0012011	+0.0012011	+0.0012011	+0.0012011	+0.0013794	+0.0013794	+0.0025034	+0.0029642	+0.0029642	+0.0029696	+0.0029696	+0.0035508	+0.0035508	+0.0035508	+0.0035508	+0.0035508	+0.0035508	+0.0035508
2014-10	0.011	-0.0008880	-0.0008880	-0.0008880	-0.0008880	-0.0008880	-0.0008880	-0.0008880	-0.0008880	+0.0027196	+0.0027196	+0.0030988	+0.0036092	+0.0036092	+0.0040594	+0.0040594	+0.0040594	+0.0040594	+0.0040594	+0.0040594	+0.0040594	+0.0040594
2014-11	0.085	-0.0019083	-0.0019083	-0.0019083	-0.0019083	-0.0019083	-0.0019083	-0.0019083	-0.0006512	-0.0006512	+0.0001164	+0.0002327	+0.0002403	+0.0025168	+0.0025168	+0.0025394	+0.0025394	+0.0025394	+0.0025394	+0.0025394	+0.0025394	+0.0025394
2014-12	0.019	-0.0005498	-0.0005498	-0.0005498	-0.0005498	-0.0005498	-0.0005498	-0.0005498	-0.0005498	-0.0005498	+0.0030501	+0.0030501	+0.0030501	+0.0030986	+0.0030986	+0.0030986	+0.0030986	+0.0030986	+0.0030986	+0.0030986	+0.0030986	+0.0030986
2015-01	-0.007	-0.0013103	-0.0013103	-0.0013103	-0.0013103	-0.0013103	-0.0013103	-0.0013103	-0.0000537	-0.0000537	-0.0000330	-0.0000330	+0.0000084	+0.0003156	+0.0003156	+0.0006661	+0.0006661	+0.0006661	+0.0006661	+0.0006661	+0.0006661	+0.0006661
2015-02	-0.002	-0.0000206	-0.0000206	-0.0000206	-0.0000206	-0.0000206	-0.0000206	-0.0000206	-0.0000206	+0.0002923	+0.0002923	+0.0008485	+0.0008485	+0.0008485	+0.0012247	+0.0012247	+0.0012247	+0.0012247	+0.0012247	+0.0012247	+0.0012247	+0.0012247
