2011-02	0.009	-0.0003676	-0.0003676	-0.0003676	-0.0003676	-0.0003676	-0.0003676	-0.0003676	-0.0003676	+0.0010361	+0.0010361	+0.0010361	+0.0010879	+0.0010879	+0.0011734	+0.0011734	+0.0011734	+0.0011734	+0.0011734	+0.0011734	+0.0011734	+0.0011734
2011-03	-0.002	-0.0001963	-0.0001963	-0.0001963	-0.0001963	-0.0001963	-0.0001963	-0.0001963	-0.0001963	+0.0004172	+0.0004172	+0.0004172	+0.0004419	+0.0004419	+0.0005750	+0.0005750	+0.0005750	+0.0005750	+0.0005750	+0.0005750	+0.0005750	+0.0005750
2011-04	0.011	-0.0003018	-0.0003018	-0.0003018	-0.0003018	-0.0003018	-0.0003018	-0.0003018	-0.0002769	-0.0002769	-0.0002704	-0.0002582	-0.0002263	-0.0001950	-0.0001950	-0.0000565	-0.0000565	-0.0000565	-0.0000565	-0.0000565	-0.0000565	-0.0000565
2011-05	0.001	-0.0003330	-0.0003330	-0.0003330	-0.0003330	-0.0003330	-0.0003330	-0.0003330	-0.0003330	+0.0004571	+0.0004571	+0.0004631	+0.0005266	+0.0005266	+0.0006085	+0.0006085	+0.0006085	+0.0006085	+0.0006085	+0.0006085	+0.0006085	+0.0006085
2011-06	-0.018	-0.0002299	-0.0002299	-0.0002299	-0.0002299	-0.0002299	-0.0002299	-0.0002299	-0.0002299	-0.0001738	-0.0001738	-0.0001738	-0.0001554	-0.0001554	-0.0001306	-0.0001306	-0.0001306	-0.0001306	-0.0001306	-0.0001306	-0.0001306	-0.0001306
2011-07	0.015	-0.0013960	-0.0013960	-0.0013960	-0.0013960	-0.0013960	-0.0013960	-0.0013960	-0.0013065	-0.0013065	-0.0012900	-0.0012793	-0.0011974	-0.0008502	-0.0008502	+0.0005686	+0.0005686	+0.0005686	+0.0005686	+0.0005686	+0.0005686	+0.0005686
2011-08	-0.055	-0.0003208	-0.0003208	-0.0003208	-0.0003208	-0.0003208	-0.0003208	-0.0003208	-0.0003208	+0.0003383	+0.0003383	+0.0005326	+0.0005950	+0.0005950	+0.0007652	+0.0007652	+0.0007652	+0.0007652	+0.0007652	+0.0007652	+0.0007652	+0.0007652
2011-09	-0.018	-0.0039857	-0.0039857	-0.0039857	-0.0039857	-0.0039857	-0.0039857	-0.0039857	-0.0039302	-0.0036339	-0.0035047	-0.0035047	-0.0029755	-0.0023046	-0.0006373	+0.0036275	+0.0036275	+0.0036275	+0.0036275	+0.0036275	+0.0036275	+0.0036275
2011-10	0.049	-0.0019485	-0.0019485	-0.0019485	-0.0019485	-0.0019485	-0.0019485	-0.0019485	-0.0019485	-0.0016867	-0.0016867	-0.0014729	-0.0013172	-0.0013172	+0.0004011	+0.0004011	+0.0004011	+0.0004011	+0.0004011	+0.0004011	+0.0004011	+0.0004011
2011-11	-0.027	+0.0007216	+0.0007216	+0.0007216	+0.0007216	+0.0007216	+0.0007216	+0.0007216	+0.0007216	+0.0027392	+0.0027392	+0.0033644	+0.0049036	+0.0049036	+0.0049589	+0.0049589	+0.0049589	+0.0049589	+0.0049589	+0.0049589	+0.0049589	+0.0049589
2011-12	0.022	-0.0017948	-0.0017948	-0.0017948	-0.0017948	-0.0017948	-0.0017948	-0.0017948	-0.0017948	-0.0015355	-0.0015355	-0.0015038	-0.0013330	-0.0013330	+0.0002057	+0.0002057	+0.0002057	+0.0002057	+0.0002057	+0.0002057	+0.0002057	+0.0002057
2012-01	0.029	-0.0008073	-0.0008073	-0.0008073	-0.0008073	-0.0008073	-0.0008073	-0.0008073	+0.0004846	+0.0004846	+0.0004914	+0.0004914	+0.0006866	+0.0009154	+0.0009154	+0.0010594	+0.0010594	+0.0010594	+0.0010594	+0.0010594	+0.0010594	+0.0010594
2012-02	0.016	-0.0002618	-0.0002618	-0.0002618	-0.0002618	-0.0002618	-0.0002618	-0.0002618	-0.0002618	+0.0014352	+0.0014352	+0.0014352	+0.0015627	+0.0015627	+0.0015676	+0.0015676	+0.0015676	+0.0015676	+0.0015676	+0.0015676	+0.0015676	+0.0015676
2012-03	0.000	-0.0004047	-0.0004047	-0.0004047	-0.0004047	-0.0004047	-0.0004047	-0.0004047	+0.0005200	+0.0005200	+0.0005400	+0.0005400	+0.0005628	+0.0005971	+0.0005971	+0.0006259	+0.0006259	+0.0006259	+0.0006259	+0.0006259	+0.0006259	+0.0006259
2012-04	0.005	-0.0000306	-0.0000306	-0.0000306	-0.0000306	-0.0000306	-0.0000306	-0.0000306	-0.0000061	-0.0000061	+0.0000001	+0.0000739	+0.0000739	+0.0002961	+0.0002961	+0.0003025	+0.0003025	+0.0003025	+0.0003025	+0.0003025	+0.0003025	+0.0003025
2012-05	-0.014	-0.0001600	-0.0001600	-0.0001600	-0.0001600	-0.0001600	-0.0001600	-0.0001600	-0.0001600	-0.0000491	-0.0000491	+0.0001109	+0.0001352	+0.0001352	+0.0003378	+0.0003378	+0.0003378	+0.0003378	+0.0003378	+0.0003378	+0.0003378	+0.0003378
2012-06	0.015	-0.0014375	-0.0014375	-0.0014375	-0.0014375	-0.0014375	-0.0014375	-0.0014375	-0.0013340	-0.0013340	-0.0013277	-0.0012627	-0.0012627	-0.0012584	-0.0012584	+0.0000062	+0.0000062	+0.0000062	+0.0000062	+0.0000062	+0.0000062	+0.0000062
2012-07	0.017	-0.0002047	-0.0002047	-0.0002047	-0.0002047	-0.0002047	-0.0002047	-0.0002047	+0.0011647	+0.0011647	+0.0012783	+0.0013541	+0.0013541	+0.0015221	+0.0015221	+0.0016218	+0.0016218	+0.0016218	+0.0016218	+0.0016218	+0.0016218	+0.0016218
2012-08	0.011	-0.0003277	-0.0003277	-0.0003277	-0.0003277	-0.0003277	-0.0003277	-0.0003277	+0.0002058	+0.0002058	+0.0002305	+0.0002305	+0.0003945	+0.0003988	+0.0003988	+0.0005190	+0.0005190	+0.0005190	+0.0005190	+0.0005190	+0.0005190	+0.0005190
2012-09	0.011	-0.0004482	-0.0004482	-0.0004482	-0.0004482	-0.0004482	-0.0004482	-0.0004482	+0.0001429	+0.0001488	+0.0002086	+0.0003221	+0.0003221	+0.0004360	+0.0004659	+0.0005139	+0.0005139	+0.0005139	+0.0005139	+0.0005139	+0.0005139	+0.0005139
2012-10	0.007	-0.0000948	-0.0000948	-0.0000948	-0.0000948	-0.0000948	-0.0000948	-0.0000948	-0.0000948	+0.0006090	+0.0006090	+0.0006090	+0.0006438	+0.0006438	+0.0009728	+0.0009728	+0.0009728	+0.0009728	+0.0009728	+0.0009728	+0.0009728	+0.0009728
2012-11	0.004	-0.0002812	-0.0002812	-0.0002812	-0.0002812	-0.0002812	-0.0002812	-0.0002812	+0.0001403	+0.0001403	+0.0002573	+0.0004094	+0.0004969	+0.0004970	+0.0004970	+0.0005849	+0.0005849	+0.0005849	+0.0005849	+0.0005849	+0.0005849	+0.0005849
2012-12	0.013	-0.0001863	-0.0001863	-0.0001863	-0.0001863	-0.0001863	-0.0001863	-0.0001863	-0.0000875	-0.0000875	-0.0000582	-0.0000290	-0.0000290	-0.0000057	-0.0000057	+0.0000466	+0.0000466	+0.0000466	+0.0000466	+0.0000466	+0.0000466	+0.0000466
2013-01	0.011	-0.0003239	-0.0003239	-0.0003239	-0.0003239	-0.0003239	-0.0003239	-0.0003239	-0.0003239	+0.0006222	+0.0006222	+0.0006222	+0.0007262	+0.0007262	+0.0008016	+0.0008016	+0.0008016	+0.0008016	+0.0008016	+0.0008016	+0.0008016	+0.0008016
2013-02	-0.002	-0.0001480	-0.0001480	-0.0001480	-0.0001480	-0.0001480	-0.0001480	-0.0001480	-0.0001480	+0.0003070	+0.0003070	+0.0003070	+0.0004489	+0.0004489	+0.0005850	+0.0005850	+0.0005850	+0.0005850	+0.0005850	+0.0005850	+0.0005850	+0.0005850
2013-03	0.007	-0.0001817	-0.0001817	-0.0001817	-0.0001817	-0.0001817	-0.0001817	-0.0001817	-0.0001817	-0.0000056	-0.0000056	+0.0000854	+0.0000854	+0.0000854	+0.0001480	+0.0001480	+0.0001480	+0.0001480	+0.0001480	+0.0001480	+0.0001480	+0.0001480
2013-04	0.013	-0.0001927	-0.0001927	-0.0001927	-0.0001927	-0.0001927	-0.0001927	-0.0001927	-0.0001927	+0.0002546	+0.0002546	+0.0003227	+0.0003793	+0.0003793	+0.0004020	+0.0004020	+0.0004020	+0.0004020	+0.0004020	+0.0004020	+0.0004020	+0.0004020
2013-05	-0.005	-0.0002084	-0.0002084	-0.0002084	-0.0002084	-0.0002084	-0.0002084	-0.0002084	+0.0004215	+0.0004215	+0.0004716	+0.0004716	+0.0004950	+0.0005498	+0.0005498	+0.0006607	+0.0006607	+0.0006607	+0.0006607	+0.0006607	+0.0006607	+0.0006607
2013-06	-0.029	-0.0008957	-0.0008957	-0.0008957	-0.0008957	-0.0008957	-0.0008957	-0.0008957	-0.0008120	-0.0008120	-0.0004656	-0.0004656	-0.0003832	-0.0001556	-0.0001556	-0.0000611	-0.0000611	-0.0000611	-0.0000611	-0.0000611	-0.0000611	-0.0000611
2013-07	0.019	-0.0023125	-0.0023125	-0.0023125	-0.0023125	-0.0023125	-0.0023125	-0.0023125	-0.0023125	-0.0021118	-0.0021118	-0.0017952	-0.0011039	-0.0011039	+0.0008473	+0.0008473	+0.0008473	+0.0008473	+0.0008473	+0.0008473	+0.0008473	+0.0008473
2013-08	-0.004	-0.0000172	-0.0000172	-0.0000172	-0.0000172	-0.0000172	-0.0000172	-0.0000172	+0.0010263	+0.0010263	+0.0010668	+0.0010781	+0.0011071	+0.0013211	+0.0013211	+0.0015651	+0.0015651	+0.0015651	+0.0015651	+0.0015651	+0.0015651	+0.0015651
2013-09	0.012	-0.0004142	-0.0004142	-0.0004142	-0.0004142	-0.0004142	-0.0004142	-0.0004142	-0.0003686	-0.0003686	-0.0003516	-0.0003461	-0.0003289	-0.0002099	-0.0002099	+0.0000454	+0.0000454	+0.0000454	+0.0000454	+0.0000454	+0.0000454	+0.0000454
2013-10	0.017	-0.0000794	-0.0000794	-0.0000794	-0.0000794	-0.0000794	-0.0000794	-0.0000794	-0.0000794	+0.0006660	+0.0006660	+0.0006660	+0.0007792	+0.0007792	+0.0008128	+0.0008128	+0.0008128	+0.0008128	+0.0008128	+0.0008128	+0.0008128	+0.0008128
2013-11	0.002	-0.0002862	-0.0002862	-0.0002862	-0.0002862	-0.0002862	-0.0002862	-0.0002862	+0.0008794	+0.0008794	+0.0009021	+0.0009400	+0.0009529	+0.0010262	+0.0010262	+0.0010548	+0.0010548	+0.0010548	+0.0010548	+0.0010548	+0.0010548	+0.0010548
2013-12	0.005	+0.0000056	+0.0000056	+0.0000056	+0.0000056	+0.0000056	+0.0000056	+0.0000056	+0.0000056	+0.0000442	+0.0000442	+0.0000498	+0.0001325	+0.0001325	+0.0001491	+0.0001491	+0.0001491	+0.0001491	+0.0001491	+0.0001491	+0.0001491	+0.0001491
2014-01	0.004	+0.0000387	+0.0000387	+0.0000387	+0.0000387	+0.0000387	+0.0000387	+0.0000387	+0.0000387	+0.0002146	+0.0002146	+0.0002256	+0.0002311	+0.0002311	+0.0002861	+0.0002861	+0.0002861	+0.0002861	+0.0002861	+0.0002861	+0.0002861	+0.0002861
2014-02	0.011	-0.0001859	-0.0001859	-0.0001859	-0.0001859	-0.0001859	-0.0001859	-0.0001859	-0.0001859	+0.0000220	+0.0000220	+0.0000220	+0.0000548	+0.0000548	+0.0001752	+0.0001752	+0.0001752	+0.0001752	+0.0001752	+0.0001752	+0.0001752	+0.0001752
2014-03	0.002	+0.0001150	+0.0001150	+0.0001150	+0.0001150	+0.0001150	+0.0001150	+0.0001150	+0.0001150	+0.0006855	+0.0006855	+0.0006855	+0.0008055	+0.0008055	+0.0008926	+0.0008926	+0.0008926	+0.0008926	+0.0008926	+0.0008926	+0.0008926	+0.0008926
2014-04	0.004	-0.0000485	-0.0000485	-0.0000485	-0.0000485	-0.0000485	-0.0000485	-0.0000485	-0.0000485	-0.0000107	-0.0000107	+0.0000001	+0.0000109	+0.0000109	+0.0000595	+0.0000595	+0.0000595	+0.0000595	+0.0000595	+0.0000595	+0.0000595	+0.0000595
2014-05	0.007	-0.0002044	-0.0002044	-0.0002044	-0.0002044	-0.0002044	-0.0002044	-0.0002044	-0.0000160	-0.0000160	+0.0000001	+0.0000001	+0.0000431	+0.0000592	+0.0000592	+0.0001885	+0.0001885	+0.0001885	+0.0001885	+0.0001885	+0.0001885	+0.0001885
2014-06	0.007	-0.0001661	-0.0001661	-0.0001661	-0.0001661	-0.0001661	-0.0001661	-0.0001661	-0.0001661	+0.0003048	+0.0003048	+0.0003264	+0.0003480	+0.0003480	+0.0003535	+0.0003535	+0.0003535	+0.0003535	+0.0003535	+0.0003535	+0.0003535	+0.0003535
2014-07	-0.009	-0.0001596	-0.0001596	-0.0001596	-0.0001596	-0.0001596	-0.0001596	-0.0001596	+0.0003666	+0.0003666	+0.0003879	+0.0003879	+0.0004092	+0.0004250	+0.0004250	+0.0004357	+0.0004357	+0.0004357	+0.0004357	+0.0004357	+0.0004357	+0.0004357
2014-08	0.006	-0.0006385	-0.0006385	-0.0006385	-0.0006385	-0.0006385	-0.0006385	-0.0006385	-0.0005689	-0.0005689	-0.0005154	-0.0004569	-0.0004409	-0.0003345	-0.0003345	-0.0000052	-0.0000052	-0.0000052	-0.0000052	-0.0000052	-0.0000052	-0.0000052
2014-09	-0.025	+0.0000861	+0.0000861	+0.0000861	+0.0000861	+0.0000861	+0.0000861	+0.0000861	+0.0006468	+0.0006468	+0.0007913	+0.0007913	+0.0008667	+0.0008723	+0.0008723	+0.0009262	+0.0009262	+0.0009262	+0.0009262	+0.0009262	+0.0009262	+0.0009262
2014-10	0.006	-0.0014019	-0.0014019	-0.0014019	-0.0014019	-0.0014019	-0.0014019	-0.0014019	-0.0014019	-0.0012915	-0.0012915	-0.0012767	-0.0010603	-0.0010603	+0.0003410	+0.0003410	+0.0003410	+0.0003410	+0.0003410	+0.0003410	+0.0003410	+0.0003410
2014-11	-0.002	-0.0000759	-0.0000759	-0.0000759	-0.0000759	-0.0000759	-0.0000759	-0.0000759	-0.0000432	-0.0000432	+0.0000326	+0.0000759	+0.0002115	+0.0002279	+0.0002279	+0.0002333	+0.0002333	+0.0002333	+0.0002333	+0.0002333	+0.0002333	+0.0002333
2014-12	-0.016	-0.0001950	-0.0001950	-0.0001950	-0.0001950	-0.0001950	-0.0001950	-0.0001950	-0.0001950	-0.0001950	-0.0000704	-0.0000704	-0.0000704	+0.0000759	+0.0000759	+0.0000759	+0.0000759	+0.0000759	+0.0000759	+0.0000759	+0.0000759	+0.0000759
2015-01	0.005	-0.0009421	-0.0009421	-0.0009421	-0.0009421	-0.0009421	-0.0009421	-0.0009421	-0.0005163	-0.0005163	-0.0004505	-0.0004287	-0.0004287	-0.0004123	-0.0004123	+0.0004915	+0.0004915	+0.0004915	+0.0004915	+0.0004915	+0.0004915	+0.0004915
2015-02	0.002	+0.0002422	+0.0002422	+0.0002422	+0.0002422	+0.0002422	+0.0002422	+0.0002422	+0.0002422	+0.0002431	+0.0002431	+0.0002431	+0.0005013	+0.0005013	+0.0007006	+0.0007006	+0.0007006	+0.0007006	+0.0007006	+0.0007006	+0.0007006	+0.0007006
