2011-02	0.044	-0.0010603	-0.0010603	-0.0010603	-0.0010603	-0.0010603	-0.0010603	-0.0010603	-0.0010603	-0.0010492	-0.0010492	-0.0010492	+0.0005714	+0.0005714	+0.0012784	+0.0012784	+0.0012784	+0.0012784	+0.0012784	+0.0012784	+0.0012784	+0.0012784
2011-03	-0.080	-0.0015740	-0.0015740	-0.0015740	-0.0015740	-0.0015740	-0.0015740	-0.0015740	-0.0015740	+0.0008824	+0.0008824	+0.0008824	+0.0014955	+0.0014955	+0.0016710	+0.0016710	+0.0016710	+0.0016710	+0.0016710	+0.0016710	+0.0016710	+0.0016710
2011-04	-0.020	-0.0080805	-0.0080805	-0.0080805	-0.0080805	-0.0080805	-0.0080805	-0.0080805	-0.0070981	-0.0070981	-0.0067506	-0.0063635	-0.0048803	-0.0044826	-0.0044826	+0.0013542	+0.0013542	+0.0013542	+0.0013542	+0.0013542	+0.0013542	+0.0013542
2011-05	-0.016	-0.0020937	-0.0020937	-0.0020937	-0.0020937	-0.0020937	-0.0020937	-0.0020937	-0.0020937	-0.0017296	-0.0017296	-0.0005852	+0.0009570	+0.0009570	+0.0016817	+0.0016817	+0.0016817	+0.0016817	+0.0016817	+0.0016817	+0.0016817	+0.0016817
2011-06	0.013	-0.0032180	-0.0032180	-0.0032180	-0.0032180	-0.0032180	-0.0032180	-0.0032180	-0.0032180	-0.0025923	-0.0025923	-0.0011675	-0.0011675	-0.0011675	+0.0007334	+0.0007334	+0.0007334	+0.0007334	+0.0007334	+0.0007334	+0.0007334	+0.0007334
2011-07	-0.010	-0.0011184	-0.0011184	-0.0011184	-0.0011184	-0.0011184	-0.0011184	-0.0011184	+0.0005662	+0.0005662	+0.0007199	+0.0018576	+0.0021266	+0.0024704	+0.0024704	+0.0028221	+0.0028221	+0.0028221	+0.0028221	+0.0028221	+0.0028221	+0.0028221
2011-08	-0.088	-0.0025202	-0.0025202	-0.0025202	-0.0025202	-0.0025202	-0.0025202	-0.0025202	-0.0025202	-0.0013319	-0.0013319	-0.0012764	-0.0004132	-0.0004132	+0.0009224	+0.0009224	+0.0009224	+0.0009224	+0.0009224	+0.0009224	+0.0009224	+0.0009224
2011-09	-0.003	-0.0085561	-0.0085561	-0.0085561	-0.0085561	-0.0085561	-0.0085561	-0.0085561	-0.0084500	-0.0063539	-0.0059496	-0.0059496	-0.0036027	-0.0013579	+0.0000211	+0.0061491	+0.0061491	+0.0061491	+0.0061491	+0.0061491	+0.0061491	+0.0061491
2011-10	0.003	-0.0026092	-0.0026092	-0.0026092	-0.0026092	-0.0026092	-0.0026092	-0.0026092	-0.0026092	-0.0007615	-0.0007615	+0.0011998	+0.0021351	+0.0021351	+0.0024031	+0.0024031	+0.0024031	+0.0024031	+0.0024031	+0.0024031	+0.0024031	+0.0024031
2011-11	-0.048	-0.0000859	-0.0000859	-0.0000859	-0.0000859	-0.0000859	-0.0000859	-0.0000859	-0.0000859	+0.0004958	+0.0004958	+0.0023448	+0.0023951	+0.0023951	+0.0040287	+0.0040287	+0.0040287	+0.0040287	+0.0040287	+0.0040287	+0.0040287	+0.0040287
2011-12	0.001	-0.0043940	-0.0043940	-0.0043940	-0.0043940	-0.0043940	-0.0043940	-0.0043940	-0.0043940	-0.0021294	-0.0021294	-0.0020143	-0.0019966	-0.0019966	+0.0014836	+0.0014836	+0.0014836	+0.0014836	+0.0014836	+0.0014836	+0.0014836	+0.0014836
2012-01	0.036	-0.0024125	-0.0024125	-0.0024125	-0.0024125	-0.0024125	-0.0024125	-0.0024125	-0.0018256	-0.0018256	-0.0018232	-0.0013845	-0.0013845	-0.0012698	-0.0012698	-0.0004430	-0.0004430	-0.0004430	-0.0004430	-0.0004430	-0.0004430	-0.0004430
2012-02	0.101	+0.0010116	+0.0010116	+0.0010116	+0.0010116	+0.0010116	+0.0010116	+0.0010116	+0.0010116	+0.0015788	+0.0015788	+0.0015788	+0.0018373	+0.0018373	+0.0023012	+0.0023012	+0.0023012	+0.0023012	+0.0023012	+0.0023012	+0.0023012	+0.0023012
2012-03	0.032	-0.0021046	-0.0021046	-0.0021046	-0.0021046	-0.0021046	-0.0021046	-0.0021046	+0.0052300	+0.0052300	+0.0057209	+0.0057209	+0.0059797	+0.0059953	+0.0059953	+0.0062389	+0.0062389	+0.0062389	+0.0062389	+0.0062389	+0.0062389	+0.0062389
2012-04	-0.061	-0.0003752	-0.0003752	-0.0003752	-0.0003752	-0.0003752	-0.0003752	-0.0003752	+0.0015829	+0.0015829	+0.0026656	+0.0030891	+0.0030891	+0.0031421	+0.0031421	+0.0031993	+0.0031993	+0.0031993	+0.0031993	+0.0031993	+0.0031993	+0.0031993
2012-05	-0.111	-0.0041931	-0.0041931	-0.0041931	-0.0041931	-0.0041931	-0.0041931	-0.0041931	-0.0041931	-0.0033497	-0.0033497	-0.0023202	-0.0020567	-0.0020567	+0.0024188	+0.0024188	+0.0024188	+0.0024188	+0.0024188	+0.0024188	+0.0024188	+0.0024188
2012-06	0.068	-0.0063229	-0.0063229	-0.0063229	-0.0063229	-0.0063229	-0.0063229	-0.0063229	-0.0059435	-0.0059435	-0.0047047	-0.0047047	-0.0041629	-0.0040081	-0.0040081	+0.0020544	+0.0020544	+0.0020544	+0.0020544	+0.0020544	+0.0020544	+0.0020544
2012-07	-0.045	-0.0008243	-0.0008243	-0.0008243	-0.0008243	-0.0008243	-0.0008243	-0.0008243	+0.0033237	+0.0033237	+0.0034651	+0.0035376	+0.0035376	+0.0036686	+0.0036686	+0.0040122	+0.0040122	+0.0040122	+0.0040122	+0.0040122	+0.0040122	+0.0040122
2012-08	-0.006	-0.0057078	-0.0057078	-0.0057078	-0.0057078	-0.0057078	-0.0057078	-0.0057078	-0.0055827	-0.0055827	-0.0046461	-0.0039732	-0.0039732	-0.0031718	-0.0031718	+0.0004974	+0.0004974	+0.0004974	+0.0004974	+0.0004974	+0.0004974	+0.0004974
2012-09	0.018	-0.0018212	-0.0018212	-0.0018212	-0.0018212	-0.0018212	-0.0018212	-0.0018212	-0.0015283	-0.0001493	+0.0005745	+0.0009438	+0.0009438	+0.0021651	+0.0028260	+0.0030955	+0.0030955	+0.0030955	+0.0030955	+0.0030955	+0.0030955	+0.0030955
2012-10	0.006	+0.0008782	+0.0008782	+0.0008782	+0.0008782	+0.0008782	+0.0008782	+0.0008782	+0.0008782	+0.0019027	+0.0019027	+0.0019027	+0.0023734	+0.0023734	+0.0024230	+0.0024230	+0.0024230	+0.0024230	+0.0024230	+0.0024230	+0.0024230	+0.0024230
2012-11	0.051	-0.0003853	-0.0003853	-0.0003853	-0.0003853	-0.0003853	-0.0003853	-0.0003853	+0.0004268	+0.0004268	+0.0009815	+0.0012220	+0.0013173	+0.0014338	+0.0014338	+0.0017836	+0.0017836	+0.0017836	+0.0017836	+0.0017836	+0.0017836	+0.0017836
2012-12	0.096	+0.0007243	+0.0007243	+0.0007243	+0.0007243	+0.0007243	+0.0007243	+0.0007243	+0.0020426	+0.0020426	+0.0025471	+0.0025471	+0.0030072	+0.0031048	+0.0031048	+0.0031549	+0.0031549	+0.0031549	+0.0031549	+0.0031549	+0.0031549	+0.0031549
2013-01	0.089	-0.0005918	-0.0005918	-0.0005918	-0.0005918	-0.0005918	-0.0005918	-0.0005918	-0.0005918	+0.0054633	+0.0054633	+0.0054633	+0.0059527	+0.0059527	+0.0064026	+0.0064026	+0.0064026	+0.0064026	+0.0064026	+0.0064026	+0.0064026	+0.0064026
2013-02	0.037	+0.0007304	+0.0007304	+0.0007304	+0.0007304	+0.0007304	+0.0007304	+0.0007304	+0.0007304	+0.0023496	+0.0023496	+0.0023496	+0.0039118	+0.0039118	+0.0050077	+0.0050077	+0.0050077	+0.0050077	+0.0050077	+0.0050077	+0.0050077	+0.0050077
2013-03	0.067	-0.0018292	-0.0018292	-0.0018292	-0.0018292	-0.0018292	-0.0018292	-0.0018292	-0.0018292	-0.0001401	-0.0001401	-0.0001401	+0.0017074	+0.0017074	+0.0025084	+0.0025084	+0.0025084	+0.0025084	+0.0025084	+0.0025084	+0.0025084	+0.0025084
2013-04	0.119	-0.0013381	-0.0013381	-0.0013381	-0.0013381	-0.0013381	-0.0013381	-0.0013381	-0.0013381	+0.0026163	+0.0026163	+0.0037323	+0.0039066	+0.0039066	+0.0041080	+0.0041080	+0.0041080	+0.0041080	+0.0041080	+0.0041080	+0.0041080	+0.0041080
2013-05	-0.026	-0.0064078	-0.0064078	-0.0064078	-0.0064078	-0.0064078	-0.0064078	-0.0064078	+0.0059320	+0.0059320	+0.0074785	+0.0074785	+0.0088846	+0.0098993	+0.0098993	+0.0100000	+0.0100000	+0.0100000	+0.0100000	+0.0100000	+0.0100000	+0.0100000
2013-06	-0.001	-0.0034067	-0.0034067	-0.0034067	-0.0034067	-0.0034067	-0.0034067	-0.0034067	-0.0029666	-0.0029666	-0.0026749	-0.0026749	-0.0005210	-0.0002295	-0.0002295	+0.0008744	+0.0008744	+0.0008744	+0.0008744	+0.0008744	+0.0008744	+0.0008744
2013-07	-0.002	-0.0034136	-0.0034136	-0.0034136	-0.0034136	-0.0034136	-0.0034136	-0.0034136	-0.0034136	-0.0011482	-0.0011482	+0.0005706	+0.0025013	+0.0025013	+0.0038394	+0.0038394	+0.0038394	+0.0038394	+0.0038394	+0.0038394	+0.0038394	+0.0038394
2013-08	-0.023	-0.0026068	-0.0026068	-0.0026068	-0.0026068	-0.0026068	-0.0026068	-0.0026068	-0.0024652	-0.0024652	-0.0023786	-0.0022983	-0.0004068	+0.0016968	+0.0016968	+0.0038732	+0.0038732	+0.0038732	+0.0038732	+0.0038732	+0.0038732	+0.0038732
2013-09	0.083	-0.0046032	-0.0046032	-0.0046032	-0.0046032	-0.0046032	-0.0046032	-0.0046032	-0.0032294	-0.0032294	-0.0029304	-0.0022754	-0.0019959	-0.0012871	-0.0012871	+0.0013146	+0.0013146	+0.0013146	+0.0013146	+0.0013146	+0.0013146	+0.0013146
2013-10	-0.000	-0.0023405	-0.0023405	-0.0023405	-0.0023405	-0.0023405	-0.0023405	-0.0023405	-0.0023405	+0.0025834	+0.0025834	+0.0025834	+0.0042899	+0.0042899	+0.0063077	+0.0063077	+0.0063077	+0.0063077	+0.0063077	+0.0063077	+0.0063077	+0.0063077
2013-11	0.053	+0.0001649	+0.0001649	+0.0001649	+0.0001649	+0.0001649	+0.0001649	+0.0001649	+0.0005375	+0.0005375	+0.0013413	+0.0014990	+0.0016593	+0.0024961	+0.0024961	+0.0032138	+0.0032138	+0.0032138	+0.0032138	+0.0032138	+0.0032138	+0.0032138
2013-12	0.034	+0.0003751	+0.0003751	+0.0003751	+0.0003751	+0.0003751	+0.0003751	+0.0003751	+0.0003751	+0.0035337	+0.0035337	+0.0037470	+0.0038307	+0.0038307	+0.0040414	+0.0040414	+0.0040414	+0.0040414	+0.0040414	+0.0040414	+0.0040414	+0.0040414
2014-01	-0.065	-0.0000369	-0.0000369	-0.0000369	-0.0000369	-0.0000369	-0.0000369	-0.0000369	-0.0000369	+0.0009402	+0.0009402	+0.0012383	+0.0026304	+0.0026304	+0.0038689	+0.0038689	+0.0038689	+0.0038689	+0.0038689	+0.0038689	+0.0038689	+0.0038689
2014-02	-0.007	-0.0045337	-0.0045337	-0.0045337	-0.0045337	-0.0045337	-0.0045337	-0.0045337	-0.0045337	-0.0031629	-0.0031629	-0.0018876	-0.0018876	-0.0018876	-0.0002396	-0.0002396	-0.0002396	-0.0002396	-0.0002396	-0.0002396	-0.0002396	-0.0002396
2014-03	0.002	+0.0015895	+0.0015895	+0.0015895	+0.0015895	+0.0015895	+0.0015895	+0.0015895	+0.0015895	+0.0019080	+0.0019080	+0.0019080	+0.0027456	+0.0027456	+0.0044137	+0.0044137	+0.0044137	+0.0044137	+0.0044137	+0.0044137	+0.0044137	+0.0044137
2014-04	-0.035	-0.0022066	-0.0022066	-0.0022066	-0.0022066	-0.0022066	-0.0022066	-0.0022066	-0.0022066	-0.0014022	-0.0014022	-0.0009276	-0.0008498	-0.0008498	-0.0007879	-0.0007879	-0.0007879	-0.0007879	-0.0007879	-0.0007879	-0.0007879	-0.0007879
2014-05	0.033	-0.0031196	-0.0031196	-0.0031196	-0.0031196	-0.0031196	-0.0031196	-0.0031196	-0.0026419	-0.0026419	-0.0026342	-0.0026342	-0.0019883	-0.0017076	-0.0017076	+0.0016488	+0.0016488	+0.0016488	+0.0016488	+0.0016488	+0.0016488	+0.0016488
2014-06	0.050	+0.0007312	+0.0007312	+0.0007312	+0.0007312	+0.0007312	+0.0007312	+0.0007312	+0.0007312	+0.0008917	+0.0008917	+0.0009435	+0.0023519	+0.0023519	+0.0027662	+0.0027662	+0.0027662	+0.0027662	+0.0027662	+0.0027662	+0.0027662	+0.0027662
2014-07	0.021	-0.0007705	-0.0007705	-0.0007705	-0.0007705	-0.0007705	-0.0007705	-0.0007705	+0.0011322	+0.0011322	+0.0015213	+0.0015213	+0.0016073	+0.0017058	+0.0017058	+0.0025530	+0.0025530	+0.0025530	+0.0025530	+0.0025530	+0.0025530	+0.0025530
2014-08	-0.009	-0.0003442	-0.0003442	-0.0003442	-0.0003442	-0.0003442	-0.0003442	-0.0003442	+0.0000061	+0.0000061	+0.0002449	+0.0002778	+0.0003659	+0.0006279	+0.0006279	+0.0007015	+0.0007015	+0.0007015	+0.0007015	+0.0007015	+0.0007015	+0.0007015
2014-09	0.044	+0.0004505	+0.0004505	+0.0004505	+0.0004505	+0.0004505	+0.0004505	+0.0004505	+0.0004963	+0.0004963	+0.0010433	+0.0011705	+0.0011705	+0.0015552	+0.0015552	+0.0028319	+0.0028319	+0.0028319	+0.0028319	+0.0028319	+0.0028319	+0.0028319
2014-10	0.006	-0.0005313	-0.0005313	-0.0005313	-0.0005313	-0.0005313	-0.0005313	-0.0005313	-0.0005313	+0.0019701	+0.0019701	+0.0022276	+0.0022600	+0.0022600	+0.0032068	+0.0032068	+0.0032068	+0.0032068	+0.0032068	+0.0032068	+0.0032068	+0.0032068
2014-11	0.056	-0.0039446	-0.0039446	-0.0039446	-0.0039446	-0.0039446	-0.0039446	-0.0039446	-0.0015974	-0.0015974	-0.0013502	-0.0013152	-0.0005944	+0.0029865	+0.0029865	+0.0030344	+0.0030344	+0.0030344	+0.0030344	+0.0030344	+0.0030344	+0.0030344
2014-12	-0.001	+0.0005774	+0.0005774	+0.0005774	+0.0005774	+0.0005774	+0.0005774	+0.0005774	+0.0005774	+0.0005774	+0.0011400	+0.0011400	+0.0011400	+0.0018447	+0.0018447	+0.0018447	+0.0018447	+0.0018447	+0.0018447	+0.0018447	+0.0018447	+0.0018447
2015-01	0.005	-0.0017392	-0.0017392	-0.0017392	-0.0017392	-0.0017392	-0.0017392	-0.0017392	-0.0012083	-0.0012083	-0.0006980	-0.0006980	-0.0003377	-0.0000587	-0.0000587	+0.0001825	+0.0001825	+0.0001825	+0.0001825	+0.0001825	+0.0001825	+0.0001825
2015-02	0.001	+0.0011263	+0.0011263	+0.0011263	+0.0011263	+0.0011263	+0.0011263	+0.0011263	+0.0011263	+0.0013429	+0.0013429	+0.0013429	+0.0025039	+0.0025039	+0.0026468	+0.0026468	+0.0026468	+0.0026468	+0.0026468	+0.0026468	+0.0026468	+0.0026468
