2011-02	0.010	-0.0007255	-0.0007255	-0.0007255	-0.0007255	-0.0007255	-0.0007255	-0.0007255	-0.0007255	+0.0013005	+0.0013005	+0.0013005	+0.0032463	+0.0032463	+0.0035645	+0.0035645	+0.0035645	+0.0035645	+0.0035645	+0.0035645	+0.0035645	+0.0035645
2011-03	0.036	-0.0008481	-0.0008481	-0.0008481	-0.0008481	-0.0008481	-0.0008481	-0.0008481	-0.0008481	-0.0007859	-0.0007859	-0.0005558	-0.0005558	-0.0005558	+0.0009084	+0.0009084	+0.0009084	+0.0009084	+0.0009084	+0.0009084	+0.0009084	+0.0009084
2011-04	0.060	-0.0013359	-0.0013359	-0.0013359	-0.0013359	-0.0013359	-0.0013359	-0.0013359	-0.0011042	-0.0011042	-0.0004393	-0.0003748	-0.0003519	-0.0002079	-0.0002079	+0.0011601	+0.0011601	+0.0011601	+0.0011601	+0.0011601	+0.0011601	+0.0011601
2011-05	-0.042	-0.0034047	-0.0034047	-0.0034047	-0.0034047	-0.0034047	-0.0034047	-0.0034047	-0.0034047	+0.0003109	+0.0003109	+0.0006719	+0.0011795	+0.0011795	+0.0023917	+0.0023917	+0.0023917	+0.0023917	+0.0023917	+0.0023917	+0.0023917	+0.0023917
2011-06	-0.012	-0.0036461	-0.0036461	-0.0036461	-0.0036461	-0.0036461	-0.0036461	-0.0036461	-0.0036461	-0.0002128	-0.0002128	+0.0000896	+0.0000896	+0.0000896	+0.0033864	+0.0033864	+0.0033864	+0.0033864	+0.0033864	+0.0033864	+0.0033864	+0.0033864
2011-07	-0.036	-0.0033000	-0.0033000	-0.0033000	-0.0033000	-0.0033000	-0.0033000	-0.0033000	-0.0032939	-0.0032939	-0.0031368	-0.0028159	-0.0016641	-0.0007204	-0.0007204	+0.0019582	+0.0019582	+0.0019582	+0.0019582	+0.0019582	+0.0019582	+0.0019582
2011-08	-0.100	-0.0040181	-0.0040181	-0.0040181	-0.0040181	-0.0040181	-0.0040181	-0.0040181	-0.0040181	-0.0038222	-0.0038222	-0.0025955	-0.0024505	-0.0024505	-0.0004016	-0.0004016	-0.0004016	-0.0004016	-0.0004016	-0.0004016	-0.0004016	-0.0004016
2011-09	-0.071	-0.0090525	-0.0090525	-0.0090525	-0.0090525	-0.0090525	-0.0090525	-0.0090525	-0.0069007	-0.0055166	-0.0045724	-0.0045724	-0.0034751	-0.0005455	+0.0035405	+0.0094287	+0.0094287	+0.0094287	+0.0094287	+0.0094287	+0.0094287	+0.0094287
2011-10	0.122	-0.0085187	-0.0085187	-0.0085187	-0.0085187	-0.0085187	-0.0085187	-0.0085187	-0.0085187	-0.0059602	-0.0059602	-0.0050297	-0.0020547	-0.0020547	+0.0044755	+0.0044755	+0.0044755	+0.0044755	+0.0044755	+0.0044755	+0.0044755	+0.0044755
2011-11	-0.103	-0.0000702	-0.0000702	-0.0000702	-0.0000702	-0.0000702	-0.0000702	-0.0000702	-0.0000702	+0.0051835	+0.0051835	+0.0072776	+0.0100000	+0.0100000	+0.0100000	+0.0100000	+0.0100000	+0.0100000	+0.0100000	+0.0100000	+0.0100000	+0.0100000
2011-12	0.007	-0.0092546	-0.0092546	-0.0092546	-0.0092546	-0.0092546	-0.0092546	-0.0092546	-0.0092546	-0.0061678	-0.0061678	-0.0055471	-0.0046140	-0.0046140	+0.0024693	+0.0024693	+0.0024693	+0.0024693	+0.0024693	+0.0024693	+0.0024693	+0.0024693
2012-01	0.035	-0.0017634	-0.0017634	-0.0017634	-0.0017634	-0.0017634	-0.0017634	-0.0017634	-0.0012094	-0.0012094	-0.0012064	-0.0009233	-0.0009233	-0.0008044	-0.0008044	-0.0000796	-0.0000796	-0.0000796	-0.0000796	-0.0000796	-0.0000796	-0.0000796
2012-02	0.108	+0.0020515	+0.0020515	+0.0020515	+0.0020515	+0.0020515	+0.0020515	+0.0020515	+0.0020515	+0.0022478	+0.0022478	+0.0022478	+0.0025620	+0.0025620	+0.0025704	+0.0025704	+0.0025704	+0.0025704	+0.0025704	+0.0025704	+0.0025704	+0.0025704
2012-03	0.019	-0.0031138	-0.0031138	-0.0031138	-0.0031138	-0.0031138	-0.0031138	-0.0031138	+0.0044818	+0.0044818	+0.0046133	+0.0046133	+0.0048241	+0.0059090	+0.0059090	+0.0064872	+0.0064872	+0.0064872	+0.0064872	+0.0064872	+0.0064872	+0.0064872
2012-04	-0.020	+0.0013412	+0.0013412	+0.0013412	+0.0013412	+0.0013412	+0.0013412	+0.0013412	+0.0020366	+0.0020366	+0.0021937	+0.0021937	+0.0027426	+0.0029595	+0.0029595	+0.0037578	+0.0037578	+0.0037578	+0.0037578	+0.0037578	+0.0037578	+0.0037578
2012-05	-0.123	-0.0036800	-0.0036800	-0.0036800	-0.0036800	-0.0036800	-0.0036800	-0.0036800	-0.0036800	-0.0023633	-0.0023633	-0.0021114	-0.0005038	-0.0005038	+0.0025523	+0.0025523	+0.0025523	+0.0025523	+0.0025523	+0.0025523	+0.0025523	+0.0025523
2012-06	0.034	-0.0061764	-0.0061764	-0.0061764	-0.0061764	-0.0061764	-0.0061764	-0.0061764	-0.0057780	-0.0057780	-0.0055597	-0.0049136	-0.0049136	-0.0043437	-0.0043437	+0.0023943	+0.0023943	+0.0023943	+0.0023943	+0.0023943	+0.0023943	+0.0023943
2012-07	0.037	-0.0017566	-0.0017566	-0.0017566	-0.0017566	-0.0017566	-0.0017566	-0.0017566	+0.0016791	+0.0016791	+0.0037486	+0.0040630	+0.0040630	+0.0042950	+0.0042950	+0.0044361	+0.0044361	+0.0044361	+0.0044361	+0.0044361	+0.0044361	+0.0044361
2012-08	0.029	-0.0039103	-0.0039103	-0.0039103	-0.0039103	-0.0039103	-0.0039103	-0.0039103	-0.0033771	-0.0033771	-0.0024907	-0.0011208	-0.0011208	-0.0003456	-0.0003456	+0.0008849	+0.0008849	+0.0008849	+0.0008849	+0.0008849	+0.0008849	+0.0008849
2012-09	0.041	-0.0020562	-0.0020562	-0.0020562	-0.0020562	-0.0020562	-0.0020562	-0.0020562	+0.0000121	+0.0005991	+0.0011291	+0.0011291	+0.0012514	+0.0026129	+0.0028472	+0.0038428	+0.0038428	+0.0038428	+0.0038428	+0.0038428	+0.0038428	+0.0038428
2012-10	0.031	-0.0001435	-0.0001435	-0.0001435	-0.0001435	-0.0001435	-0.0001435	-0.0001435	-0.0001435	+0.0014793	+0.0014793	+0.0014793	+0.0024336	+0.0024336	+0.0031706	+0.0031706	+0.0031706	+0.0031706	+0.0031706	+0.0031706	+0.0031706	+0.0031706
2012-11	0.042	-0.0010409	-0.0010409	-0.0010409	-0.0010409	-0.0010409	-0.0010409	-0.0010409	-0.0000788	-0.0000788	+0.0008482	+0.0010155	+0.0015653	+0.0017690	+0.0017690	+0.0024492	+0.0024492	+0.0024492	+0.0024492	+0.0024492	+0.0024492	+0.0024492
2012-12	0.086	+0.0005726	+0.0005726	+0.0005726	+0.0005726	+0.0005726	+0.0005726	+0.0005726	+0.0006798	+0.0006798	+0.0010773	+0.0010773	+0.0018439	+0.0022855	+0.0022855	+0.0023503	+0.0023503	+0.0023503	+0.0023503	+0.0023503	+0.0023503	+0.0023503
2013-01	0.098	-0.0009039	-0.0009039	-0.0009039	-0.0009039	-0.0009039	-0.0009039	-0.0009039	-0.0009039	+0.0044224	+0.0044224	+0.0044224	+0.0045641	+0.0045641	+0.0052362	+0.0052362	+0.0052362	+0.0052362	+0.0052362	+0.0052362	+0.0052362	+0.0052362
2013-02	-0.025	+0.0001262	+0.0001262	+0.0001262	+0.0001262	+0.0001262	+0.0001262	+0.0001262	+0.0001262	+0.0045446	+0.0045446	+0.0045446	+0.0046700	+0.0046700	+0.0050369	+0.0050369	+0.0050369	+0.0050369	+0.0050369	+0.0050369	+0.0050369	+0.0050369
2013-03	0.037	-0.0043526	-0.0043526	-0.0043526	-0.0043526	-0.0043526	-0.0043526	-0.0043526	-0.0043526	-0.0018747	-0.0018747	-0.0013416	-0.0013416	-0.0013416	-0.0006103	-0.0006103	-0.0006103	-0.0006103	-0.0006103	-0.0006103	-0.0006103	-0.0006103
2013-04	0.095	-0.0017747	-0.0017747	-0.0017747	-0.0017747	-0.0017747	-0.0017747	-0.0017747	-0.0017747	+0.0009779	+0.0009779	+0.0013224	+0.0022002	+0.0022002	+0.0024669	+0.0024669	+0.0024669	+0.0024669	+0.0024669	+0.0024669	+0.0024669	+0.0024669
2013-05	0.050	-0.0027633	-0.0027633	-0.0027633	-0.0027633	-0.0027633	-0.0027633	-0.0027633	+0.0041381	+0.0041381	+0.0047634	+0.0058403	+0.0058403	+0.0061074	+0.0061074	+0.0070046	+0.0070046	+0.0070046	+0.0070046	+0.0070046	+0.0070046	+0.0070046
2013-06	-0.068	-0.0030939	-0.0030939	-0.0030939	-0.0030939	-0.0030939	-0.0030939	-0.0030939	+0.0012091	+0.0012091	+0.0014081	+0.0014081	+0.0024366	+0.0029709	+0.0029709	+0.0033682	+0.0033682	+0.0033682	+0.0033682	+0.0033682	+0.0033682	+0.0033682
2013-07	0.047	-0.0060003	-0.0060003	-0.0060003	-0.0060003	-0.0060003	-0.0060003	-0.0060003	-0.0060003	-0.0043618	-0.0043618	-0.0042383	-0.0017726	-0.0017726	+0.0026976	+0.0026976	+0.0026976	+0.0026976	+0.0026976	+0.0026976	+0.0026976	+0.0026976
2013-08	0.003	-0.0013497	-0.0013497	-0.0013497	-0.0013497	-0.0013497	-0.0013497	-0.0013497	+0.0014756	+0.0014756	+0.0020805	+0.0023822	+0.0025306	+0.0031568	+0.0031568	+0.0034326	+0.0034326	+0.0034326	+0.0034326	+0.0034326	+0.0034326	+0.0034326
2013-09	0.056	-0.0014565	-0.0014565	-0.0014565	-0.0014565	-0.0014565	-0.0014565	-0.0014565	-0.0007903	-0.0007903	-0.0007476	-0.0003345	+0.0001400	+0.0004949	+0.0004949	+0.0016478	+0.0016478	+0.0016478	+0.0016478	+0.0016478	+0.0016478	+0.0016478
2013-10	0.057	-0.0015395	-0.0015395	-0.0015395	-0.0015395	-0.0015395	-0.0015395	-0.0015395	-0.0015395	+0.0031133	+0.0031133	+0.0031133	+0.0031983	+0.0031983	+0.0046257	+0.0046257	+0.0046257	+0.0046257	+0.0046257	+0.0046257	+0.0046257	+0.0046257
2013-11	0.042	+0.0011223	+0.0011223	+0.0011223	+0.0011223	+0.0011223	+0.0011223	+0.0011223	+0.0025568	+0.0025568	+0.0027429	+0.0031640	+0.0035080	+0.0041234	+0.0041234	+0.0044625	+0.0044625	+0.0044625	+0.0044625	+0.0044625	+0.0044625	+0.0044625
2013-12	0.053	+0.0006487	+0.0006487	+0.0006487	+0.0006487	+0.0006487	+0.0006487	+0.0006487	+0.0006487	+0.0018875	+0.0018875	+0.0023100	+0.0029202	+0.0029202	+0.0030637	+0.0030637	+0.0030637	+0.0030637	+0.0030637	+0.0030637	+0.0030637	+0.0030637
2014-01	-0.034	+0.0020193	+0.0020193	+0.0020193	+0.0020193	+0.0020193	+0.0020193	+0.0020193	+0.0020193	+0.0020343	+0.0020343	+0.0024939	+0.0037426	+0.0037426	+0.0051384	+0.0051384	+0.0051384	+0.0051384	+0.0051384	+0.0051384	+0.0051384	+0.0051384
2014-02	0.047	-0.0016114	-0.0016114	-0.0016114	-0.0016114	-0.0016114	-0.0016114	-0.0016114	-0.0016114	-0.0013765	-0.0013765	-0.0006013	-0.0006013	-0.0006013	-0.0003995	-0.0003995	-0.0003995	-0.0003995	-0.0003995	-0.0003995	-0.0003995	-0.0003995
2014-03	0.005	+0.0009208	+0.0009208	+0.0009208	+0.0009208	+0.0009208	+0.0009208	+0.0009208	+0.0009208	+0.0045148	+0.0045148	+0.0045148	+0.0051493	+0.0051493	+0.0052839	+0.0052839	+0.0052839	+0.0052839	+0.0052839	+0.0052839	+0.0052839	+0.0052839
2014-04	0.028	-0.0013603	-0.0013603	-0.0013603	-0.0013603	-0.0013603	-0.0013603	-0.0013603	-0.0013603	-0.0004867	-0.0004867	-0.0004613	+0.0000187	+0.0000187	+0.0010139	+0.0010139	+0.0010139	+0.0010139	+0.0010139	+0.0010139	+0.0010139	+0.0010139
2014-05	-0.002	-0.0002822	-0.0002822	-0.0002822	-0.0002822	-0.0002822	-0.0002822	-0.0002822	-0.0002567	-0.0002567	+0.0000245	+0.0000245	+0.0002413	+0.0006206	+0.0006206	+0.0013563	+0.0013563	+0.0013563	+0.0013563	+0.0013563	+0.0013563	+0.0013563
2014-06	-0.001	-0.0002889	-0.0002889	-0.0002889	-0.0002889	-0.0002889	-0.0002889	-0.0002889	-0.0002889	-0.0002709	-0.0002709	-0.0002655	-0.0001504	-0.0001504	+0.0001388	+0.0001388	+0.0001388	+0.0001388	+0.0001388	+0.0001388	+0.0001388	+0.0001388
2014-07	-0.012	-0.0012782	-0.0012782	-0.0012782	-0.0012782	-0.0012782	-0.0012782	-0.0012782	-0.0009715	-0.0009715	-0.0006447	-0.0006384	-0.0006384	-0.0002933	-0.0002933	+0.0001979	+0.0001979	+0.0001979	+0.0001979	+0.0001979	+0.0001979	+0.0001979
2014-08	-0.008	-0.0024560	-0.0024560	-0.0024560	-0.0024560	-0.0024560	-0.0024560	-0.0024560	-0.0020250	-0.0020250	-0.0019587	-0.0012413	-0.0010739	-0.0010728	-0.0010728	+0.0006777	+0.0006777	+0.0006777	+0.0006777	+0.0006777	+0.0006777	+0.0006777
2014-09	0.017	-0.0000864	-0.0000864	-0.0000864	-0.0000864	-0.0000864	-0.0000864	-0.0000864	+0.0009361	+0.0009361	+0.0010688	+0.0014295	+0.0014295	+0.0017475	+0.0017475	+0.0021980	+0.0021980	+0.0021980	+0.0021980	+0.0021980	+0.0021980	+0.0021980
2014-10	-0.021	-0.0008163	-0.0008163	-0.0008163	-0.0008163	-0.0008163	-0.0008163	-0.0008163	-0.0008163	-0.0001027	-0.0001027	+0.0004017	+0.0004786	+0.0004786	+0.0014792	+0.0014792	+0.0014792	+0.0014792	+0.0014792	+0.0014792	+0.0014792	+0.0014792
2014-11	0.112	-0.0026732	-0.0026732	-0.0026732	-0.0026732	-0.0026732	-0.0026732	-0.0026732	-0.0016422	-0.0016422	-0.0007421	-0.0005399	-0.0004290	+0.0008400	+0.0008400	+0.0022840	+0.0022840	+0.0022840	+0.0022840	+0.0022840	+0.0022840	+0.0022840
2014-12	0.001	-0.0008805	-0.0008805	-0.0008805	-0.0008805	-0.0008805	-0.0008805	-0.0008805	-0.0008805	-0.0008805	+0.0044694	+0.0044694	+0.0044694	+0.0049819	+0.0049819	+0.0049819	+0.0049819	+0.0049819	+0.0049819	+0.0049819	+0.0049819	+0.0049819
2015-01	-0.018	-0.0013204	-0.0013204	-0.0013204	-0.0013204	-0.0013204	-0.0013204	-0.0013204	-0.0003687	-0.0003687	-0.0001820	-0.0001820	-0.0000330	-0.0000109	-0.0000109	+0.0001108	+0.0001108	+0.0001108	+0.0001108	+0.0001108	+0.0001108	+0.0001108
2015-02	0.013	+0.0001186	+0.0001186	+0.0001186	+0.0001186	+0.0001186	+0.0001186	+0.0001186	+0.0001186	+0.0017933	+0.0017933	+0.0024508	+0.0024508	+0.0024508	+0.0032823	+0.0032823	+0.0032823	+0.0032823	+0.0032823	+0.0032823	+0.0032823	+0.0032823
