2011-02	0.011	-0.0032151	-0.0032151	-0.0032151	-0.0032151	-0.0032151	-0.0032151	-0.0032151	-0.0032151	-0.0017027	-0.0017027	-0.0017027	+0.0003345	+0.0003345	+0.0004067	+0.0004067	+0.0004067	+0.0004067	+0.0004067	+0.0004067	+0.0004067	+0.0004067
2011-03	0.056	-0.0008332	-0.0008332	-0.0008332	-0.0008332	-0.0008332	-0.0008332	-0.0008332	-0.0008332	-0.0002178	-0.0002178	+0.0000001	+0.0000001	+0.0000001	+0.0001174	+0.0001174	+0.0001174	+0.0001174	+0.0001174	+0.0001174	+0.0001174	+0.0001174
2011-04	0.038	-0.0021625	-0.0021625	-0.0021625	-0.0021625	-0.0021625	-0.0021625	-0.0021625	-0.0016106	-0.0016106	-0.0011393	-0.0002623	+0.0004503	+0.0004656	+0.0004656	+0.0021707	+0.0021707	+0.0021707	+0.0021707	+0.0021707	+0.0021707	+0.0021707
2011-05	-0.041	-0.0024695	-0.0024695	-0.0024695	-0.0024695	-0.0024695	-0.0024695	-0.0024695	-0.0024695	-0.0010491	-0.0010491	-0.0010193	-0.0000055	-0.0000055	+0.0005486	+0.0005486	+0.0005486	+0.0005486	+0.0005486	+0.0005486	+0.0005486	+0.0005486
2011-06	-0.013	-0.0017625	-0.0017625	-0.0017625	-0.0017625	-0.0017625	-0.0017625	-0.0017625	-0.0017625	-0.0001227	-0.0001227	+0.0009740	+0.0009740	+0.0009740	+0.0011158	+0.0011158	+0.0011158	+0.0011158	+0.0011158	+0.0011158	+0.0011158	+0.0011158
2011-07	-0.073	-0.0044395	-0.0044395	-0.0044395	-0.0044395	-0.0044395	-0.0044395	-0.0044395	-0.0034901	-0.0034901	-0.0029649	-0.0016645	+0.0000001	+0.0001790	+0.0001790	+0.0029247	+0.0029247	+0.0029247	+0.0029247	+0.0029247	+0.0029247	+0.0029247
2011-08	-0.143	-0.0057161	-0.0057161	-0.0057161	-0.0057161	-0.0057161	-0.0057161	-0.0057161	-0.0057161	-0.0054724	-0.0054724	-0.0032029	-0.0017795	-0.0017795	-0.0012285	-0.0012285	-0.0012285	-0.0012285	-0.0012285	-0.0012285	-0.0012285	-0.0012285
2011-09	-0.030	-0.0089182	-0.0089182	-0.0089182	-0.0089182	-0.0089182	-0.0089182	-0.0089182	-0.0027795	+0.0014268	+0.0068853	+0.0100000	+0.0100000	+0.0100000	+0.0100000	+0.0100000	+0.0100000	+0.0100000	+0.0100000	+0.0100000	+0.0100000	+0.0100000
2011-10	0.090	-0.0023121	-0.0023121	-0.0023121	-0.0023121	-0.0023121	-0.0023121	-0.0023121	-0.0023121	-0.0001182	-0.0001182	+0.0001743	+0.0003878	+0.0003878	+0.0020722	+0.0020722	+0.0020722	+0.0020722	+0.0020722	+0.0020722	+0.0020722	+0.0020722
2011-11	-0.006	-0.0016575	-0.0016575	-0.0016575	-0.0016575	-0.0016575	-0.0016575	-0.0016575	-0.0016575	+0.0020527	+0.0020527	+0.0065611	+0.0065685	+0.0065685	+0.0067525	+0.0067525	+0.0067525	+0.0067525	+0.0067525	+0.0067525	+0.0067525	+0.0067525
2011-12	0.028	-0.0021652	-0.0021652	-0.0021652	-0.0021652	-0.0021652	-0.0021652	-0.0021652	-0.0021652	-0.0008660	-0.0008660	+0.0000142	+0.0003100	+0.0003100	+0.0009408	+0.0009408	+0.0009408	+0.0009408	+0.0009408	+0.0009408	+0.0009408	+0.0009408
2012-01	0.039	-0.0006517	-0.0006517	-0.0006517	-0.0006517	-0.0006517	-0.0006517	-0.0006517	-0.0003866	-0.0003866	-0.0003515	-0.0003515	+0.0002171	+0.0002717	+0.0002717	+0.0005406	+0.0005406	+0.0005406	+0.0005406	+0.0005406	+0.0005406	+0.0005406
2012-02	0.084	-0.0011454	-0.0011454	-0.0011454	-0.0011454	-0.0011454	-0.0011454	-0.0011454	-0.0011454	+0.0029245	+0.0029245	+0.0029245	+0.0038585	+0.0038585	+0.0041363	+0.0041363	+0.0041363	+0.0041363	+0.0041363	+0.0041363	+0.0041363	+0.0041363
2012-03	0.018	-0.0022626	-0.0022626	-0.0022626	-0.0022626	-0.0022626	-0.0022626	-0.0022626	+0.0029784	+0.0029784	+0.0030535	+0.0030535	+0.0035849	+0.0036166	+0.0036166	+0.0043118	+0.0043118	+0.0043118	+0.0043118	+0.0043118	+0.0043118	+0.0043118
2012-04	-0.012	+0.0011805	+0.0011805	+0.0011805	+0.0011805	+0.0011805	+0.0011805	+0.0011805	+0.0012814	+0.0012814	+0.0017824	+0.0019176	+0.0019176	+0.0019795	+0.0019795	+0.0035232	+0.0035232	+0.0035232	+0.0035232	+0.0035232	+0.0035232	+0.0035232
2012-05	-0.038	-0.0029440	-0.0029440	-0.0029440	-0.0029440	-0.0029440	-0.0029440	-0.0029440	-0.0029440	-0.0019931	-0.0019931	-0.0019297	-0.0005928	-0.0005928	+0.0007859	+0.0007859	+0.0007859	+0.0007859	+0.0007859	+0.0007859	+0.0007859	+0.0007859
2012-06	0.019	-0.0017825	-0.0017825	-0.0017825	-0.0017825	-0.0017825	-0.0017825	-0.0017825	-0.0015432	-0.0015432	-0.0013984	-0.0006847	-0.0006847	+0.0000552	+0.0000552	+0.0010934	+0.0010934	+0.0010934	+0.0010934	+0.0010934	+0.0010934	+0.0010934
2012-07	0.019	-0.0002426	-0.0002426	-0.0002426	-0.0002426	-0.0002426	-0.0002426	-0.0002426	+0.0014925	+0.0014925	+0.0030286	+0.0032279	+0.0032279	+0.0033711	+0.0033711	+0.0034455	+0.0034455	+0.0034455	+0.0034455	+0.0034455	+0.0034455	+0.0034455
2012-08	0.010	-0.0020886	-0.0020886	-0.0020886	-0.0020886	-0.0020886	-0.0020886	-0.0020886	-0.0018209	-0.0018209	-0.0016936	-0.0013504	-0.0013504	-0.0008838	-0.0008838	-0.0004622	-0.0004622	-0.0004622	-0.0004622	-0.0004622	-0.0004622	-0.0004622
2012-09	0.026	-0.0002464	-0.0002464	-0.0002464	-0.0002464	-0.0002464	-0.0002464	-0.0002464	+0.0008084	+0.0012692	+0.0012692	+0.0013073	+0.0013825	+0.0015085	+0.0015996	+0.0025719	+0.0025719	+0.0025719	+0.0025719	+0.0025719	+0.0025719	+0.0025719
2012-10	-0.024	-0.0014509	-0.0014509	-0.0014509	-0.0014509	-0.0014509	-0.0014509	-0.0014509	-0.0014509	+0.0005654	+0.0005654	+0.0005654	+0.0013448	+0.0013448	+0.0021363	+0.0021363	+0.0021363	+0.0021363	+0.0021363	+0.0021363	+0.0021363	+0.0021363
2012-11	0.039	-0.0036877	-0.0036877	-0.0036877	-0.0036877	-0.0036877	-0.0036877	-0.0036877	-0.0035852	-0.0035852	-0.0031034	-0.0025461	-0.0022899	-0.0014648	-0.0014648	-0.0002343	-0.0002343	-0.0002343	-0.0002343	-0.0002343	-0.0002343	-0.0002343
2012-12	0.039	-0.0000534	-0.0000534	-0.0000534	-0.0000534	-0.0000534	-0.0000534	-0.0000534	+0.0017384	+0.0017384	+0.0017413	+0.0017413	+0.0019468	+0.0025106	+0.0025106	+0.0032768	+0.0032768	+0.0032768	+0.0032768	+0.0032768	+0.0032768	+0.0032768
2013-01	0.101	+0.0005001	+0.0005001	+0.0005001	+0.0005001	+0.0005001	+0.0005001	+0.0005001	+0.0005001	+0.0023581	+0.0023581	+0.0023581	+0.0024919	+0.0024919	+0.0031362	+0.0031362	+0.0031362	+0.0031362	+0.0031362	+0.0031362	+0.0031362	+0.0031362
2013-02	0.029	-0.0005171	-0.0005171	-0.0005171	-0.0005171	-0.0005171	-0.0005171	-0.0005171	-0.0005171	+0.0037690	+0.0037690	+0.0037690	+0.0039622	+0.0039622	+0.0040245	+0.0040245	+0.0040245	+0.0040245	+0.0040245	+0.0040245	+0.0040245	+0.0040245
2013-03	0.073	-0.0015945	-0.0015945	-0.0015945	-0.0015945	-0.0015945	-0.0015945	-0.0015945	-0.0015945	-0.0011638	-0.0011638	-0.0011638	+0.0003782	+0.0003782	+0.0008127	+0.0008127	+0.0008127	+0.0008127	+0.0008127	+0.0008127	+0.0008127	+0.0008127
2013-04	0.079	-0.0029227	-0.0029227	-0.0029227	-0.0029227	-0.0029227	-0.0029227	-0.0029227	-0.0029227	+0.0024756	+0.0024756	+0.0025120	+0.0025444	+0.0025444	+0.0033398	+0.0033398	+0.0033398	+0.0033398	+0.0033398	+0.0033398	+0.0033398	+0.0033398
2013-05	0.080	-0.0016147	-0.0016147	-0.0016147	-0.0016147	-0.0016147	-0.0016147	-0.0016147	+0.0041326	+0.0041326	+0.0055311	+0.0059056	+0.0059056	+0.0071821	+0.0071821	+0.0075389	+0.0075389	+0.0075389	+0.0075389	+0.0075389	+0.0075389	+0.0075389
2013-06	-0.054	-0.0021566	-0.0021566	-0.0021566	-0.0021566	-0.0021566	-0.0021566	-0.0021566	+0.0046045	+0.0046045	+0.0046491	+0.0046491	+0.0049561	+0.0051149	+0.0051149	+0.0059361	+0.0059361	+0.0059361	+0.0059361	+0.0059361	+0.0059361	+0.0059361
2013-07	0.075	-0.0043751	-0.0043751	-0.0043751	-0.0043751	-0.0043751	-0.0043751	-0.0043751	-0.0043751	-0.0031951	-0.0031951	-0.0022243	+0.0003208	+0.0003208	+0.0029237	+0.0029237	+0.0029237	+0.0029237	+0.0029237	+0.0029237	+0.0029237	+0.0029237
2013-08	0.005	-0.0033394	-0.0033394	-0.0033394	-0.0033394	-0.0033394	-0.0033394	-0.0033394	+0.0014440	+0.0014440	+0.0026595	+0.0031836	+0.0031935	+0.0036547	+0.0036547	+0.0047296	+0.0047296	+0.0047296	+0.0047296	+0.0047296	+0.0047296	+0.0047296
2013-09	0.026	-0.0023449	-0.0023449	-0.0023449	-0.0023449	-0.0023449	-0.0023449	-0.0023449	-0.0019596	-0.0019596	-0.0013992	-0.0007191	-0.0003062	+0.0006402	+0.0006402	+0.0006826	+0.0006826	+0.0006826	+0.0006826	+0.0006826	+0.0006826	+0.0006826
2013-10	0.016	-0.0019794	-0.0019794	-0.0019794	-0.0019794	-0.0019794	-0.0019794	-0.0019794	-0.0019794	+0.0013177	+0.0013177	+0.0013177	+0.0020663	+0.0020663	+0.0025652	+0.0025652	+0.0025652	+0.0025652	+0.0025652	+0.0025652	+0.0025652	+0.0025652
2013-11	0.117	+0.0001413	+0.0001413	+0.0001413	+0.0001413	+0.0001413	+0.0001413	+0.0001413	+0.0006000	+0.0006000	+0.0009772	+0.0015099	+0.0017177	+0.0018282	+0.0018282	+0.0023809	+0.0023809	+0.0023809	+0.0023809	+0.0023809	+0.0023809	+0.0023809
2013-12	0.032	+0.0002497	+0.0002497	+0.0002497	+0.0002497	+0.0002497	+0.0002497	+0.0002497	+0.0002497	+0.0067983	+0.0067983	+0.0069186	+0.0074028	+0.0074028	+0.0078448	+0.0078448	+0.0078448	+0.0078448	+0.0078448	+0.0078448	+0.0078448	+0.0078448
2014-01	0.049	+0.0011530	+0.0011530	+0.0011530	+0.0011530	+0.0011530	+0.0011530	+0.0011530	+0.0011530	+0.0014292	+0.0014292	+0.0016021	+0.0026186	+0.0026186	+0.0028905	+0.0028905	+0.0028905	+0.0028905	+0.0028905	+0.0028905	+0.0028905	+0.0028905
2014-02	0.062	-0.0010307	-0.0010307	-0.0010307	-0.0010307	-0.0010307	-0.0010307	-0.0010307	-0.0010307	+0.0025541	+0.0025541	+0.0025541	+0.0030459	+0.0030459	+0.0037728	+0.0037728	+0.0037728	+0.0037728	+0.0037728	+0.0037728	+0.0037728	+0.0037728
2014-03	-0.110	+0.0020762	+0.0020762	+0.0020762	+0.0020762	+0.0020762	+0.0020762	+0.0020762	+0.0020762	+0.0055248	+0.0055248	+0.0055248	+0.0070556	+0.0070556	+0.0072574	+0.0072574	+0.0072574	+0.0072574	+0.0072574	+0.0072574	+0.0072574	+0.0072574
2014-04	0.032	-0.0067063	-0.0067063	-0.0067063	-0.0067063	-0.0067063	-0.0067063	-0.0067063	-0.0067063	-0.0057277	-0.0057277	-0.0046539	-0.0039471	-0.0039471	-0.0000055	-0.0000055	-0.0000055	-0.0000055	-0.0000055	-0.0000055	-0.0000055	-0.0000055
2014-05	0.016	-0.0017879	-0.0017879	-0.0017879	-0.0017879	-0.0017879	-0.0017879	-0.0017879	-0.0014527	-0.0014527	-0.0010778	-0.0010778	+0.0004774	+0.0012958	+0.0012958	+0.0019301	+0.0019301	+0.0019301	+0.0019301	+0.0019301	+0.0019301	+0.0019301
2014-06	0.047	+0.0006408	+0.0006408	+0.0006408	+0.0006408	+0.0006408	+0.0006408	+0.0006408	+0.0006408	+0.0010457	+0.0010457	+0.0013425	+0.0015846	+0.0015846	+0.0016611	+0.0016611	+0.0016611	+0.0016611	+0.0016611	+0.0016611	+0.0016611	+0.0016611
2014-07	-0.010	-0.0014633	-0.0014633	-0.0014633	-0.0014633	-0.0014633	-0.0014633	-0.0014633	+0.0023023	+0.0023023	+0.0023394	+0.0023394	+0.0028565	+0.0028753	+0.0028753	+0.0030533	+0.0030533	+0.0030533	+0.0030533	+0.0030533	+0.0030533	+0.0030533
2014-08	0.025	-0.0034427	-0.0034427	-0.0034427	-0.0034427	-0.0034427	-0.0034427	-0.0034427	-0.0029496	-0.0029496	-0.0024842	-0.0018564	-0.0007141	-0.0004291	-0.0004291	+0.0012060	+0.0012060	+0.0012060	+0.0012060	+0.0012060	+0.0012060	+0.0012060
2014-09	0.053	+0.0012923	+0.0012923	+0.0012923	+0.0012923	+0.0012923	+0.0012923	+0.0012923	+0.0030143	+0.0030143	+0.0037541	+0.0037541	+0.0037709	+0.0038778	+0.0038778	+0.0039869	+0.0039869	+0.0039869	+0.0039869	+0.0039869	+0.0039869	+0.0039869
2014-10	0.043	+0.0002502	+0.0002502	+0.0002502	+0.0002502	+0.0002502	+0.0002502	+0.0002502	+0.0002502	+0.0013472	+0.0013472	+0.0018123	+0.0023333	+0.0023333	+0.0028405	+0.0028405	+0.0028405	+0.0028405	+0.0028405	+0.0028405	+0.0028405	+0.0028405
2014-11	0.065	+0.0000234	+0.0000234	+0.0000234	+0.0000234	+0.0000234	+0.0000234	+0.0000234	+0.0003081	+0.0003081	+0.0013124	+0.0016345	+0.0020778	+0.0025498	+0.0025498	+0.0046860	+0.0046860	+0.0046860	+0.0046860	+0.0046860	+0.0046860	+0.0046860
2014-12	0.030	+0.0006607	+0.0006607	+0.0006607	+0.0006607	+0.0006607	+0.0006607	+0.0006607	+0.0006607	+0.0006607	+0.0019716	+0.0019716	+0.0019716	+0.0028416	+0.0028416	+0.0028416	+0.0028416	+0.0028416	+0.0028416	+0.0028416	+0.0028416	+0.0028416
2015-01	0.021	-0.0016691	-0.0016691	-0.0016691	-0.0016691	-0.0016691	-0.0016691	-0.0016691	-0.0001567	-0.0001567	+0.0001626	+0.0005912	+0.0005912	+0.0011208	+0.0011208	+0.0014687	+0.0014687	+0.0014687	+0.0014687	+0.0014687	+0.0014687	+0.0014687
2015-02	-0.020	-0.0004192	-0.0004192	-0.0004192	-0.0004192	-0.0004192	-0.0004192	-0.0004192	-0.0004192	+0.0019440	+0.0019440	+0.0019440	+0.0019782	+0.0019782	+0.0036502	+0.0036502	+0.0036502	+0.0036502	+0.0036502	+0.0036502	+0.0036502	+0.0036502
