2011-02	-0.102	-0.0086776	-0.0086776	-0.0086776	-0.0086776	-0.0086776	-0.0086776	-0.0086776	-0.0086776	-0.0076988	-0.0076988	+0.0012673	+0.0012673	+0.0012673	+0.0100000	+0.0100000	+0.0100000	+0.0100000	+0.0100000	+0.0100000	+0.0100000	+0.0100000
2011-03	0.092	-0.0052104	-0.0052104	-0.0052104	-0.0052104	-0.0052104	-0.0052104	-0.0052104	-0.0052104	-0.0045579	-0.0045579	-0.0033753	-0.0033753	-0.0033753	+0.0000413	+0.0000413	+0.0000413	+0.0000413	+0.0000413	+0.0000413	+0.0000413	+0.0000413
2011-04	0.014	-0.0021084	-0.0021084	-0.0021084	-0.0021084	-0.0021084	-0.0021084	-0.0021084	-0.0010896	-0.0010896	-0.0006449	-0.0002767	-0.0000356	+0.0010207	+0.0010207	+0.0043657	+0.0043657	+0.0043657	+0.0043657	+0.0043657	+0.0043657	+0.0043657
2011-05	-0.119	-0.0057399	-0.0057399	-0.0057399	-0.0057399	-0.0057399	-0.0057399	-0.0057399	-0.0057399	-0.0038213	-0.0038213	-0.0024812	-0.0005939	-0.0005939	+0.0017778	+0.0017778	+0.0017778	+0.0017778	+0.0017778	+0.0017778	+0.0017778	+0.0017778
2011-06	-0.056	-0.0074867	-0.0074867	-0.0074867	-0.0074867	-0.0074867	-0.0074867	-0.0074867	-0.0074867	-0.0016601	-0.0016601	-0.0012682	-0.0012682	-0.0012682	+0.0044638	+0.0044638	+0.0044638	+0.0044638	+0.0044638	+0.0044638	+0.0044638	+0.0044638
2011-07	-0.088	-0.0093143	-0.0093143	-0.0093143	-0.0093143	-0.0093143	-0.0093143	-0.0093143	-0.0088638	-0.0088638	-0.0068822	-0.0053087	-0.0048666	-0.0043218	-0.0043218	+0.0016866	+0.0016866	+0.0016866	+0.0016866	+0.0016866	+0.0016866	+0.0016866
2011-08	-0.237	-0.0072052	-0.0072052	-0.0072052	-0.0072052	-0.0072052	-0.0072052	-0.0072052	-0.0072052	-0.0062619	-0.0062619	-0.0053764	-0.0037048	-0.0037048	-0.0007548	-0.0007548	-0.0007548	-0.0007548	-0.0007548	-0.0007548	-0.0007548	-0.0007548
2011-09	-0.109	-0.0057616	-0.0057616	-0.0057616	-0.0057616	-0.0057616	-0.0057616	-0.0057616	+0.0099389	+0.0100000	+0.0100000	+0.0100000	+0.0100000	+0.0100000	+0.0100000	+0.0100000	+0.0100000	+0.0100000	+0.0100000	+0.0100000	+0.0100000	+0.0100000
2011-10	0.050	-0.0089548	-0.0089548	-0.0089548	-0.0089548	-0.0089548	-0.0089548	-0.0089548	-0.0089548	-0.0082571	-0.0082571	-0.0080574	-0.0074630	-0.0074630	-0.0008782	-0.0008782	-0.0008782	-0.0008782	-0.0008782	-0.0008782	-0.0008782	-0.0008782
2011-11	-0.206	-0.0014705	-0.0014705	-0.0014705	-0.0014705	-0.0014705	-0.0014705	-0.0014705	-0.0014705	+0.0022883	+0.0022883	+0.0027241	+0.0037632	+0.0037632	+0.0069831	+0.0069831	+0.0069831	+0.0069831	+0.0069831	+0.0069831	+0.0069831	+0.0069831
2011-12	-0.140	+0.0013388	+0.0013388	+0.0013388	+0.0013388	+0.0013388	+0.0013388	+0.0013388	+0.0013388	+0.0100000	+0.0100000	+0.0100000	+0.0100000	+0.0100000	+0.0100000	+0.0100000	+0.0100000	+0.0100000	+0.0100000	+0.0100000	+0.0100000	+0.0100000
2012-01	0.232	-0.0079342	-0.0079342	-0.0079342	-0.0079342	-0.0079342	-0.0079342	-0.0079342	-0.0075636	-0.0075636	-0.0031381	+0.0100000	+0.0100000	+0.0100000	+0.0100000	+0.0100000	+0.0100000	+0.0100000	+0.0100000	+0.0100000	+0.0100000	+0.0100000
2012-02	0.159	-0.0016674	-0.0016674	-0.0016674	-0.0016674	-0.0016674	-0.0016674	-0.0016674	-0.0016674	+0.0100000	+0.0100000	+0.0100000	+0.0100000	+0.0100000	+0.0100000	+0.0100000	+0.0100000	+0.0100000	+0.0100000	+0.0100000	+0.0100000	+0.0100000
2012-03	-0.055	-0.0035822	-0.0035822	-0.0035822	-0.0035822	-0.0035822	-0.0035822	-0.0035822	+0.0026862	+0.0026862	+0.0048425	+0.0048425	+0.0064791	+0.0068677	+0.0068677	+0.0100000	+0.0100000	+0.0100000	+0.0100000	+0.0100000	+0.0100000	+0.0100000
2012-04	-0.069	-0.0030141	-0.0030141	-0.0030141	-0.0030141	-0.0030141	-0.0030141	-0.0030141	-0.0029173	-0.0029173	-0.0028105	-0.0019292	-0.0019292	+0.0002300	+0.0002300	+0.0046903	+0.0046903	+0.0046903	+0.0046903	+0.0046903	+0.0046903	+0.0046903
2012-05	-0.202	-0.0083118	-0.0083118	-0.0083118	-0.0083118	-0.0083118	-0.0083118	-0.0083118	-0.0083118	-0.0078589	-0.0078589	-0.0057768	-0.0056937	-0.0056937	-0.0007410	-0.0007410	-0.0007410	-0.0007410	-0.0007410	-0.0007410	-0.0007410	-0.0007410
2012-06	0.047	-0.0078166	-0.0078166	-0.0078166	-0.0078166	-0.0078166	-0.0078166	-0.0078166	-0.0072811	-0.0072811	-0.0053361	-0.0053361	+0.0068631	+0.0100000	+0.0100000	+0.0100000	+0.0100000	+0.0100000	+0.0100000	+0.0100000	+0.0100000	+0.0100000
2012-07	0.011	-0.0035915	-0.0035915	-0.0035915	-0.0035915	-0.0035915	-0.0035915	-0.0035915	+0.0001978	+0.0001978	+0.0034593	+0.0034593	+0.0038425	+0.0040046	+0.0040046	+0.0040185	+0.0040185	+0.0040185	+0.0040185	+0.0040185	+0.0040185	+0.0040185
2012-08	-0.049	-0.0079819	-0.0079819	-0.0079819	-0.0079819	-0.0079819	-0.0079819	-0.0079819	-0.0078133	-0.0078133	-0.0062004	-0.0062004	-0.0057275	-0.0044869	-0.0044869	-0.0015083	-0.0015083	-0.0015083	-0.0015083	-0.0015083	-0.0015083	-0.0015083
2012-09	0.177	-0.0048885	-0.0048885	-0.0048885	-0.0048885	-0.0048885	-0.0048885	-0.0048885	-0.0047843	-0.0027651	-0.0017811	-0.0014981	-0.0014981	+0.0004192	+0.0005640	+0.0016594	+0.0016594	+0.0016594	+0.0016594	+0.0016594	+0.0016594	+0.0016594
2012-10	-0.015	+0.0002065	+0.0002065	+0.0002065	+0.0002065	+0.0002065	+0.0002065	+0.0002065	+0.0002065	+0.0100000	+0.0100000	+0.0100000	+0.0100000	+0.0100000	+0.0100000	+0.0100000	+0.0100000	+0.0100000	+0.0100000	+0.0100000	+0.0100000	+0.0100000
2012-11	0.051	-0.0050420	-0.0050420	-0.0050420	-0.0050420	-0.0050420	-0.0050420	-0.0050420	-0.0033552	-0.0033552	-0.0029424	-0.0013216	-0.0005750	-0.0004372	-0.0004372	+0.0007477	+0.0007477	+0.0007477	+0.0007477	+0.0007477	+0.0007477	+0.0007477
2012-12	0.097	-0.0025943	-0.0025943	-0.0025943	-0.0025943	-0.0025943	-0.0025943	-0.0025943	-0.0015794	-0.0015794	-0.0012914	-0.0000779	-0.0000779	+0.0004264	+0.0004264	+0.0029252	+0.0029252	+0.0029252	+0.0029252	+0.0029252	+0.0029252	+0.0029252
2013-01	0.083	-0.0018585	-0.0018585	-0.0018585	-0.0018585	-0.0018585	-0.0018585	-0.0018585	-0.0018585	+0.0028879	+0.0028879	+0.0028879	+0.0042307	+0.0042307	+0.0044688	+0.0044688	+0.0044688	+0.0044688	+0.0044688	+0.0044688	+0.0044688	+0.0044688
2013-02	-0.090	-0.0001527	-0.0001527	-0.0001527	-0.0001527	-0.0001527	-0.0001527	-0.0001527	-0.0001527	-0.0000253	-0.0000253	+0.0010900	+0.0010900	+0.0010900	+0.0016683	+0.0016683	+0.0016683	+0.0016683	+0.0016683	+0.0016683	+0.0016683	+0.0016683
2013-03	-0.053	-0.0080023	-0.0080023	-0.0080023	-0.0080023	-0.0080023	-0.0080023	-0.0080023	-0.0080023	-0.0057847	-0.0057847	-0.0052905	-0.0052905	-0.0052905	+0.0003528	+0.0003528	+0.0003528	+0.0003528	+0.0003528	+0.0003528	+0.0003528	+0.0003528
2013-04	0.072	-0.0025360	-0.0025360	-0.0025360	-0.0025360	-0.0025360	-0.0025360	-0.0025360	-0.0025360	-0.0020869	-0.0020869	-0.0020361	-0.0009372	-0.0009372	-0.0007044	-0.0007044	-0.0007044	-0.0007044	-0.0007044	-0.0007044	-0.0007044	-0.0007044
2013-05	-0.034	-0.0014068	-0.0014068	-0.0014068	-0.0014068	-0.0014068	-0.0014068	-0.0014068	+0.0045987	+0.0045987	+0.0046291	+0.0059506	+0.0059506	+0.0059863	+0.0059863	+0.0065934	+0.0065934	+0.0065934	+0.0065934	+0.0065934	+0.0065934	+0.0065934
2013-06	-0.241	-0.0043409	-0.0043409	-0.0043409	-0.0043409	-0.0043409	-0.0043409	-0.0043409	-0.0035898	-0.0035898	-0.0030654	-0.0030654	-0.0012937	-0.0010125	-0.0010125	-0.0002302	-0.0002302	-0.0002302	-0.0002302	-0.0002302	-0.0002302	-0.0002302
2013-07	-0.132	+0.0025540	+0.0025540	+0.0025540	+0.0025540	+0.0025540	+0.0025540	+0.0025540	+0.0025540	+0.0100000	+0.0100000	+0.0100000	+0.0100000	+0.0100000	+0.0100000	+0.0100000	+0.0100000	+0.0100000	+0.0100000	+0.0100000	+0.0100000	+0.0100000
2013-08	-0.131	-0.0067283	-0.0067283	-0.0067283	-0.0067283	-0.0067283	-0.0067283	-0.0067283	-0.0063277	-0.0063277	-0.0047331	-0.0043255	-0.0018481	+0.0020220	+0.0020220	+0.0100000	+0.0100000	+0.0100000	+0.0100000	+0.0100000	+0.0100000	+0.0100000
2013-09	0.165	-0.0067627	-0.0067627	-0.0067627	-0.0067627	-0.0067627	-0.0067627	-0.0067627	-0.0066593	-0.0066593	-0.0039748	-0.0033684	-0.0011989	-0.0002370	-0.0002370	+0.0022054	+0.0022054	+0.0022054	+0.0022054	+0.0022054	+0.0022054	+0.0022054
2013-10	0.109	-0.0001145	-0.0001145	-0.0001145	-0.0001145	-0.0001145	-0.0001145	-0.0001145	-0.0001145	+0.0100000	+0.0100000	+0.0100000	+0.0100000	+0.0100000	+0.0100000	+0.0100000	+0.0100000	+0.0100000	+0.0100000	+0.0100000	+0.0100000	+0.0100000
2013-11	0.031	-0.0024737	-0.0024737	-0.0024737	-0.0024737	-0.0024737	-0.0024737	-0.0024737	+0.0039803	+0.0039803	+0.0055319	+0.0067900	+0.0073196	+0.0074667	+0.0074667	+0.0076296	+0.0076296	+0.0076296	+0.0076296	+0.0076296	+0.0076296	+0.0076296
2013-12	0.100	-0.0013329	-0.0013329	-0.0013329	-0.0013329	-0.0013329	-0.0013329	-0.0013329	-0.0013329	-0.0006911	-0.0006911	+0.0001405	+0.0004276	+0.0004276	+0.0016617	+0.0016617	+0.0016617	+0.0016617	+0.0016617	+0.0016617	+0.0016617	+0.0016617
2014-01	-0.148	-0.0027047	-0.0027047	-0.0027047	-0.0027047	-0.0027047	-0.0027047	-0.0027047	-0.0027047	+0.0029252	+0.0029252	+0.0034442	+0.0037349	+0.0037349	+0.0038261	+0.0038261	+0.0038261	+0.0038261	+0.0038261	+0.0038261	+0.0038261	+0.0038261
2014-02	0.018	-0.0068645	-0.0068645	-0.0068645	-0.0068645	-0.0068645	-0.0068645	-0.0068645	-0.0068645	-0.0067906	-0.0067906	-0.0067461	-0.0067461	-0.0067461	+0.0003843	+0.0003843	+0.0003843	+0.0003843	+0.0003843	+0.0003843	+0.0003843	+0.0003843
2014-03	0.170	+0.0007931	+0.0007931	+0.0007931	+0.0007931	+0.0007931	+0.0007931	+0.0007931	+0.0007931	+0.0015409	+0.0015409	+0.0015409	+0.0023992	+0.0023992	+0.0032983	+0.0032983	+0.0032983	+0.0032983	+0.0032983	+0.0032983	+0.0032983	+0.0032983
2014-04	0.059	-0.0043627	-0.0043627	-0.0043627	-0.0043627	-0.0043627	-0.0043627	-0.0043627	-0.0043627	+0.0070048	+0.0070048	+0.0079081	+0.0084819	+0.0084819	+0.0093999	+0.0093999	+0.0093999	+0.0093999	+0.0093999	+0.0093999	+0.0093999	+0.0093999
2014-05	0.256	-0.0019758	-0.0019758	-0.0019758	-0.0019758	-0.0019758	-0.0019758	-0.0019758	+0.0013071	+0.0013071	+0.0016379	+0.0016379	+0.0016715	+0.0028198	+0.0028198	+0.0047793	+0.0047793	+0.0047793	+0.0047793	+0.0047793	+0.0047793	+0.0047793
2014-06	0.038	+0.0000429	+0.0000429	+0.0000429	+0.0000429	+0.0000429	+0.0000429	+0.0000429	+0.0000429	+0.0100000	+0.0100000	+0.0100000	+0.0100000	+0.0100000	+0.0100000	+0.0100000	+0.0100000	+0.0100000	+0.0100000	+0.0100000	+0.0100000	+0.0100000
2014-07	-0.003	-0.0059949	-0.0059949	-0.0059949	-0.0059949	-0.0059949	-0.0059949	-0.0059949	-0.0030444	-0.0030444	-0.0017729	-0.0017729	-0.0001439	+0.0002800	+0.0002800	+0.0013949	+0.0013949	+0.0013949	+0.0013949	+0.0013949	+0.0013949	+0.0013949
2014-08	-0.013	-0.0048181	-0.0048181	-0.0048181	-0.0048181	-0.0048181	-0.0048181	-0.0048181	-0.0046669	-0.0046669	-0.0046092	-0.0037960	-0.0015772	-0.0008199	-0.0008199	+0.0010267	+0.0010267	+0.0010267	+0.0010267	+0.0010267	+0.0010267	+0.0010267
2014-09	0.004	-0.0005570	-0.0005570	-0.0005570	-0.0005570	-0.0005570	-0.0005570	-0.0005570	+0.0000635	+0.0000635	+0.0008950	+0.0008950	+0.0011401	+0.0021107	+0.0021107	+0.0026569	+0.0026569	+0.0026569	+0.0026569	+0.0026569	+0.0026569	+0.0026569
2014-10	0.036	-0.0035020	-0.0035020	-0.0035020	-0.0035020	-0.0035020	-0.0035020	-0.0035020	-0.0035020	-0.0025030	-0.0025030	-0.0021444	-0.0020912	-0.0020912	+0.0015712	+0.0015712	+0.0015712	+0.0015712	+0.0015712	+0.0015712	+0.0015712	+0.0015712
2014-11	0.102	+0.0012675	+0.0012675	+0.0012675	+0.0012675	+0.0012675	+0.0012675	+0.0012675	+0.0013130	+0.0013130	+0.0014800	+0.0016322	+0.0019399	+0.0026045	+0.0026045	+0.0048828	+0.0048828	+0.0048828	+0.0048828	+0.0048828	+0.0048828	+0.0048828
2014-12	-0.029	-0.0005787	-0.0005787	-0.0005787	-0.0005787	-0.0005787	-0.0005787	-0.0005787	-0.0005787	-0.0005787	+0.0009497	+0.0009497	+0.0009497	+0.0014384	+0.0014384	+0.0014384	+0.0014384	+0.0014384	+0.0014384	+0.0014384	+0.0014384	+0.0014384
2015-01	0.108	-0.0046660	-0.0046660	-0.0046660	-0.0046660	-0.0046660	-0.0046660	-0.0046660	-0.0043603	-0.0043603	-0.0038925	-0.0038925	-0.0031558	-0.0025862	-0.0025862	-0.0023230	-0.0023230	-0.0023230	-0.0023230	-0.0023230	-0.0023230	-0.0023230
2015-02	0.004	+0.0032062	+0.0032062	+0.0032062	+0.0032062	+0.0032062	+0.0032062	+0.0032062	+0.0032062	+0.0042665	+0.0042665	+0.0042665	+0.0053806	+0.0053806	+0.0082957	+0.0082957	+0.0082957	+0.0082957	+0.0082957	+0.0082957	+0.0082957	+0.0082957
