2011-02	0.011	-0.0100000	-0.0100000	-0.0100000	-0.0100000	-0.0100000	-0.0100000	-0.0100000	-0.0100000	-0.0100000	-0.0100000	-0.0100000	-0.0100000	-0.0100000	-0.0100000	-0.0100000	-0.0100000	-0.0100000	-0.0100000	-0.0100000	-0.0100000	-0.0100000
2011-03	0.046	+0.0008137	+0.0008137	+0.0008137	+0.0008137	+0.0008137	+0.0008137	+0.0008137	+0.0008137	+0.0014720	+0.0014720	+0.0014720	+0.0016444	+0.0016444	+0.0024699	+0.0024699	+0.0024699	+0.0024699	+0.0024699	+0.0024699	+0.0024699	+0.0024699
2011-04	0.013	-0.0009741	-0.0009741	-0.0009741	-0.0009741	-0.0009741	-0.0009741	-0.0009741	+0.0006796	+0.0006796	+0.0008489	+0.0009247	+0.0009309	+0.0016617	+0.0016617	+0.0021504	+0.0021504	+0.0021504	+0.0021504	+0.0021504	+0.0021504	+0.0021504
2011-05	0.007	-0.0022543	-0.0022543	-0.0022543	-0.0022543	-0.0022543	-0.0022543	-0.0022543	-0.0022543	-0.0015711	-0.0015711	-0.0015632	-0.0007419	-0.0007419	+0.0000887	+0.0000887	+0.0000887	+0.0000887	+0.0000887	+0.0000887	+0.0000887	+0.0000887
2011-06	-0.008	+0.0004664	+0.0004664	+0.0004664	+0.0004664	+0.0004664	+0.0004664	+0.0004664	+0.0004664	+0.0005866	+0.0005866	+0.0009051	+0.0009051	+0.0009051	+0.0019964	+0.0019964	+0.0019964	+0.0019964	+0.0019964	+0.0019964	+0.0019964	+0.0019964
2011-07	-0.008	-0.0013315	-0.0013315	-0.0013315	-0.0013315	-0.0013315	-0.0013315	-0.0013315	-0.0005174	-0.0005174	-0.0004604	-0.0000189	-0.0000062	+0.0001015	+0.0001015	+0.0013508	+0.0013508	+0.0013508	+0.0013508	+0.0013508	+0.0013508	+0.0013508
2011-08	-0.011	-0.0015752	-0.0015752	-0.0015752	-0.0015752	-0.0015752	-0.0015752	-0.0015752	-0.0015752	-0.0009688	-0.0009688	-0.0009108	-0.0009060	-0.0009060	-0.0008126	-0.0008126	-0.0008126	-0.0008126	-0.0008126	-0.0008126	-0.0008126	-0.0008126
2011-09	-0.043	-0.0019221	-0.0019221	-0.0019221	-0.0019221	-0.0019221	-0.0019221	-0.0019221	-0.0013865	-0.0010193	-0.0007892	-0.0006999	-0.0006998	-0.0006998	-0.0003671	+0.0007775	+0.0007775	+0.0007775	+0.0007775	+0.0007775	+0.0007775	+0.0007775
2011-10	0.040	-0.0047638	-0.0047638	-0.0047638	-0.0047638	-0.0047638	-0.0047638	-0.0047638	-0.0047638	-0.0037653	-0.0037653	-0.0037232	-0.0028302	-0.0028302	-0.0001289	-0.0001289	-0.0001289	-0.0001289	-0.0001289	-0.0001289	-0.0001289	-0.0001289
2011-11	-0.043	+0.0005686	+0.0005686	+0.0005686	+0.0005686	+0.0005686	+0.0005686	+0.0005686	+0.0005686	+0.0013845	+0.0013845	+0.0015054	+0.0016944	+0.0016944	+0.0036334	+0.0036334	+0.0036334	+0.0036334	+0.0036334	+0.0036334	+0.0036334	+0.0036334
2011-12	0.017	-0.0020467	-0.0020467	-0.0020467	-0.0020467	-0.0020467	-0.0020467	-0.0020467	-0.0020467	-0.0020321	-0.0020321	-0.0014973	-0.0013654	-0.0013654	+0.0006903	+0.0006903	+0.0006903	+0.0006903	+0.0006903	+0.0006903	+0.0006903	+0.0006903
2012-01	0.033	-0.0018108	-0.0018108	-0.0018108	-0.0018108	-0.0018108	-0.0018108	-0.0018108	-0.0004967	-0.0004967	-0.0001789	-0.0001789	-0.0001657	+0.0001065	+0.0001065	+0.0013413	+0.0013413	+0.0013413	+0.0013413	+0.0013413	+0.0013413	+0.0013413
2012-02	0.047	+0.0007235	+0.0007235	+0.0007235	+0.0007235	+0.0007235	+0.0007235	+0.0007235	+0.0007235	+0.0028243	+0.0028243	+0.0028243	+0.0032001	+0.0032001	+0.0037159	+0.0037159	+0.0037159	+0.0037159	+0.0037159	+0.0037159	+0.0037159	+0.0037159
2012-03	-0.018	-0.0015884	-0.0015884	-0.0015884	-0.0015884	-0.0015884	-0.0015884	-0.0015884	+0.0021317	+0.0021317	+0.0026476	+0.0026476	+0.0033902	+0.0034559	+0.0034559	+0.0042490	+0.0042490	+0.0042490	+0.0042490	+0.0042490	+0.0042490	+0.0042490
2012-04	-0.006	-0.0015746	-0.0015746	-0.0015746	-0.0015746	-0.0015746	-0.0015746	-0.0015746	-0.0015382	-0.0015382	-0.0012977	-0.0003550	-0.0003550	+0.0006340	+0.0006340	+0.0017738	+0.0017738	+0.0017738	+0.0017738	+0.0017738	+0.0017738	+0.0017738
2012-05	-0.059	-0.0015842	-0.0015842	-0.0015842	-0.0015842	-0.0015842	-0.0015842	-0.0015842	-0.0015842	-0.0012474	-0.0012474	-0.0006375	+0.0000630	+0.0000630	+0.0004465	+0.0004465	+0.0004465	+0.0004465	+0.0004465	+0.0004465	+0.0004465	+0.0004465
2012-06	0.018	-0.0031545	-0.0031545	-0.0031545	-0.0031545	-0.0031545	-0.0031545	-0.0031545	-0.0022567	-0.0022567	-0.0021821	-0.0019060	-0.0019060	-0.0014711	-0.0014711	+0.0008442	+0.0008442	+0.0008442	+0.0008442	+0.0008442	+0.0008442	+0.0008442
2012-07	0.013	-0.0010179	-0.0010179	-0.0010179	-0.0010179	-0.0010179	-0.0010179	-0.0010179	+0.0002623	+0.0002623	+0.0017495	+0.0017495	+0.0017824	+0.0020544	+0.0020544	+0.0022144	+0.0022144	+0.0022144	+0.0022144	+0.0022144	+0.0022144	+0.0022144
2012-08	-0.024	-0.0007832	-0.0007832	-0.0007832	-0.0007832	-0.0007832	-0.0007832	-0.0007832	-0.0007541	-0.0007541	-0.0006002	-0.0000259	-0.0000259	+0.0000065	+0.0000065	+0.0002576	+0.0002576	+0.0002576	+0.0002576	+0.0002576	+0.0002576	+0.0002576
2012-09	0.006	-0.0024492	-0.0024492	-0.0024492	-0.0024492	-0.0024492	-0.0024492	-0.0024492	-0.0023632	-0.0012554	-0.0010923	-0.0007762	-0.0007762	-0.0007378	-0.0001226	+0.0001162	+0.0001162	+0.0001162	+0.0001162	+0.0001162	+0.0001162	+0.0001162
2012-10	0.038	-0.0006112	-0.0006112	-0.0006112	-0.0006112	-0.0006112	-0.0006112	-0.0006112	-0.0006112	-0.0004457	-0.0004457	-0.0004457	-0.0003741	-0.0003741	+0.0003951	+0.0003951	+0.0003951	+0.0003951	+0.0003951	+0.0003951	+0.0003951	+0.0003951
2012-11	0.045	-0.0003404	-0.0003404	-0.0003404	-0.0003404	-0.0003404	-0.0003404	-0.0003404	+0.0013175	+0.0013175	+0.0013638	+0.0020448	+0.0020670	+0.0021077	+0.0021077	+0.0022655	+0.0022655	+0.0022655	+0.0022655	+0.0022655	+0.0022655	+0.0022655
2012-12	0.043	-0.0003718	-0.0003718	-0.0003718	-0.0003718	-0.0003718	-0.0003718	-0.0003718	+0.0023720	+0.0023720	+0.0025054	+0.0026155	+0.0026155	+0.0030775	+0.0030775	+0.0034794	+0.0034794	+0.0034794	+0.0034794	+0.0034794	+0.0034794	+0.0034794
2013-01	0.032	+0.0000001	+0.0000001	+0.0000001	+0.0000001	+0.0000001	+0.0000001	+0.0000001	+0.0000001	+0.0015735	+0.0015735	+0.0015735	+0.0027595	+0.0027595	+0.0027719	+0.0027719	+0.0027719	+0.0027719	+0.0027719	+0.0027719	+0.0027719	+0.0027719
2013-02	0.030	+0.0008959	+0.0008959	+0.0008959	+0.0008959	+0.0008959	+0.0008959	+0.0008959	+0.0008959	+0.0009071	+0.0009071	+0.0012874	+0.0012874	+0.0012874	+0.0013870	+0.0013870	+0.0013870	+0.0013870	+0.0013870	+0.0013870	+0.0013870	+0.0013870
2013-03	0.008	-0.0015525	-0.0015525	-0.0015525	-0.0015525	-0.0015525	-0.0015525	-0.0015525	-0.0015525	+0.0006189	+0.0006189	+0.0006189	+0.0006629	+0.0006629	+0.0014602	+0.0014602	+0.0014602	+0.0014602	+0.0014602	+0.0014602	+0.0014602	+0.0014602
2013-04	0.038	-0.0007147	-0.0007147	-0.0007147	-0.0007147	-0.0007147	-0.0007147	-0.0007147	-0.0007147	-0.0004891	-0.0004891	-0.0001351	-0.0000972	-0.0000972	-0.0000756	-0.0000756	-0.0000756	-0.0000756	-0.0000756	-0.0000756	-0.0000756	-0.0000756
2013-05	0.005	-0.0019024	-0.0019024	-0.0019024	-0.0019024	-0.0019024	-0.0019024	-0.0019024	+0.0011290	+0.0011290	+0.0035323	+0.0041346	+0.0041346	+0.0047138	+0.0047138	+0.0047293	+0.0047293	+0.0047293	+0.0047293	+0.0047293	+0.0047293	+0.0047293
2013-06	-0.100	-0.0023248	-0.0023248	-0.0023248	-0.0023248	-0.0023248	-0.0023248	-0.0023248	-0.0001914	-0.0001914	+0.0000260	+0.0000260	+0.0006484	+0.0009073	+0.0009073	+0.0015950	+0.0015950	+0.0015950	+0.0015950	+0.0015950	+0.0015950	+0.0015950
2013-07	-0.071	-0.0066639	-0.0066639	-0.0066639	-0.0066639	-0.0066639	-0.0066639	-0.0066639	-0.0066639	-0.0065322	-0.0065322	-0.0053009	-0.0050990	-0.0050990	+0.0022148	+0.0022148	+0.0022148	+0.0022148	+0.0022148	+0.0022148	+0.0022148	+0.0022148
2013-08	-0.081	-0.0055368	-0.0055368	-0.0055368	-0.0055368	-0.0055368	-0.0055368	-0.0055368	-0.0054980	-0.0054980	-0.0051914	-0.0051218	-0.0032619	-0.0028453	-0.0028453	+0.0008433	+0.0008433	+0.0008433	+0.0008433	+0.0008433	+0.0008433	+0.0008433
2013-09	-0.031	-0.0070347	-0.0070347	-0.0070347	-0.0070347	-0.0070347	-0.0070347	-0.0070347	-0.0067496	-0.0067496	-0.0064974	-0.0058362	-0.0057401	-0.0045863	-0.0045863	+0.0000184	+0.0000184	+0.0000184	+0.0000184	+0.0000184	+0.0000184	+0.0000184
2013-10	0.087	-0.0019719	-0.0019719	-0.0019719	-0.0019719	-0.0019719	-0.0019719	-0.0019719	-0.0019719	-0.0014960	-0.0014960	-0.0010980	-0.0010980	-0.0010980	+0.0013073	+0.0013073	+0.0013073	+0.0013073	+0.0013073	+0.0013073	+0.0013073	+0.0013073
2013-11	-0.095	-0.0003116	-0.0003116	-0.0003116	-0.0003116	-0.0003116	-0.0003116	-0.0003116	+0.0052577	+0.0052577	+0.0053004	+0.0059688	+0.0061427	+0.0063074	+0.0063074	+0.0063547	+0.0063547	+0.0063547	+0.0063547	+0.0063547	+0.0063547	+0.0063547
2013-12	0.012	-0.0042271	-0.0042271	-0.0042271	-0.0042271	-0.0042271	-0.0042271	-0.0042271	-0.0042271	-0.0032717	-0.0032717	-0.0029275	-0.0026594	-0.0026594	+0.0019046	+0.0019046	+0.0019046	+0.0019046	+0.0019046	+0.0019046	+0.0019046	+0.0019046
2014-01	-0.029	-0.0005389	-0.0005389	-0.0005389	-0.0005389	-0.0005389	-0.0005389	-0.0005389	-0.0005389	+0.0000417	+0.0000417	+0.0006755	+0.0007790	+0.0007790	+0.0008199	+0.0008199	+0.0008199	+0.0008199	+0.0008199	+0.0008199	+0.0008199	+0.0008199
2014-02	0.054	-0.0010978	-0.0010978	-0.0010978	-0.0010978	-0.0010978	-0.0010978	-0.0010978	-0.0010978	-0.0008040	-0.0008040	-0.0005615	-0.0005615	-0.0005615	+0.0005083	+0.0005083	+0.0005083	+0.0005083	+0.0005083	+0.0005083	+0.0005083	+0.0005083
2014-03	0.052	+0.0001925	+0.0001925	+0.0001925	+0.0001925	+0.0001925	+0.0001925	+0.0001925	+0.0001925	+0.0039840	+0.0039840	+0.0039840	+0.0043548	+0.0043548	+0.0047442	+0.0047442	+0.0047442	+0.0047442	+0.0047442	+0.0047442	+0.0047442	+0.0047442
2014-04	-0.009	-0.0022385	-0.0022385	-0.0022385	-0.0022385	-0.0022385	-0.0022385	-0.0022385	-0.0022385	+0.0014883	+0.0014883	+0.0015783	+0.0021374	+0.0021374	+0.0023609	+0.0023609	+0.0023609	+0.0023609	+0.0023609	+0.0023609	+0.0023609	+0.0023609
2014-05	-0.011	-0.0025114	-0.0025114	-0.0025114	-0.0025114	-0.0025114	-0.0025114	-0.0025114	-0.0018890	-0.0018890	-0.0018607	-0.0018607	-0.0017560	-0.0011444	-0.0011444	-0.0000126	-0.0000126	-0.0000126	-0.0000126	-0.0000126	-0.0000126	-0.0000126
2014-06	-0.034	-0.0006699	-0.0006699	-0.0006699	-0.0006699	-0.0006699	-0.0006699	-0.0006699	-0.0006699	-0.0005861	-0.0005861	-0.0005543	+0.0000065	+0.0000065	+0.0006834	+0.0006834	+0.0006834	+0.0006834	+0.0006834	+0.0006834	+0.0006834	+0.0006834
2014-07	0.049	-0.0024244	-0.0024244	-0.0024244	-0.0024244	-0.0024244	-0.0024244	-0.0024244	-0.0017448	-0.0017448	-0.0017233	-0.0013710	-0.0013710	-0.0011796	-0.0011796	+0.0005001	+0.0005001	+0.0005001	+0.0005001	+0.0005001	+0.0005001	+0.0005001
2014-08	-0.003	-0.0015133	-0.0015133	-0.0015133	-0.0015133	-0.0015133	-0.0015133	-0.0015133	+0.0015948	+0.0015948	+0.0016342	+0.0021795	+0.0022386	+0.0023058	+0.0023058	+0.0024653	+0.0024653	+0.0024653	+0.0024653	+0.0024653	+0.0024653	+0.0024653
2014-09	0.005	+0.0001785	+0.0001785	+0.0001785	+0.0001785	+0.0001785	+0.0001785	+0.0001785	+0.0003602	+0.0003602	+0.0004827	+0.0004827	+0.0007874	+0.0012792	+0.0012792	+0.0015879	+0.0015879	+0.0015879	+0.0015879	+0.0015879	+0.0015879	+0.0015879
2014-10	0.027	-0.0011265	-0.0011265	-0.0011265	-0.0011265	-0.0011265	-0.0011265	-0.0011265	-0.0011265	-0.0007345	-0.0007345	+0.0010022	+0.0013390	+0.0013390	+0.0019315	+0.0019315	+0.0019315	+0.0019315	+0.0019315	+0.0019315	+0.0019315	+0.0019315
2014-11	0.079	+0.0004172	+0.0004172	+0.0004172	+0.0004172	+0.0004172	+0.0004172	+0.0004172	+0.0010467	+0.0010467	+0.0016471	+0.0016531	+0.0016553	+0.0020897	+0.0020897	+0.0024940	+0.0024940	+0.0024940	+0.0024940	+0.0024940	+0.0024940	+0.0024940
2014-12	-0.016	-0.0007643	-0.0007643	-0.0007643	-0.0007643	-0.0007643	-0.0007643	-0.0007643	-0.0007643	-0.0007643	+0.0026093	+0.0026093	+0.0026093	+0.0030219	+0.0030219	+0.0030219	+0.0030219	+0.0030219	+0.0030219	+0.0030219	+0.0030219	+0.0030219
2015-01	0.034	-0.0011426	-0.0011426	-0.0011426	-0.0011426	-0.0011426	-0.0011426	-0.0011426	-0.0011300	-0.0011300	-0.0008034	-0.0007859	-0.0007859	-0.0006021	-0.0006021	-0.0002911	-0.0002911	-0.0002911	-0.0002911	-0.0002911	-0.0002911	-0.0002911
2015-02	0.004	+0.0013423	+0.0013423	+0.0013423	+0.0013423	+0.0013423	+0.0013423	+0.0013423	+0.0013423	+0.0023140	+0.0023140	+0.0023140	+0.0032435	+0.0032435	+0.0037997	+0.0037997	+0.0037997	+0.0037997	+0.0037997	+0.0037997	+0.0037997	+0.0037997
