2012-12	0.008	2013-01	-0.005	+0.0000001	+0.0000001	+0.0000001	+0.0000001	+0.0000001	+0.0000001	+0.0000001	+0.0000001	+0.0004519	+0.0004519	+0.0004519	+0.0005449	+0.0005449	+0.0005783	+0.0005783	+0.0005783	+0.0005783	+0.0005783	+0.0005783	+0.0005783	+0.0005783
2013-02	-0.003	-0.0006613	-0.0006613	-0.0006613	-0.0006613	-0.0006613	-0.0006613	-0.0006613	-0.0006613	-0.0004884	-0.0004884	-0.0002903	-0.0002903	-0.0002903	+0.0000001	+0.0000001	+0.0000001	+0.0000001	+0.0000001	+0.0000001	+0.0000001	+0.0000001
2013-03	-0.003	-0.0001066	-0.0001066	-0.0001066	-0.0001066	-0.0001066	-0.0001066	-0.0001066	-0.0001066	+0.0000068	+0.0000068	+0.0001002	+0.0001002	+0.0001002	+0.0003273	+0.0003273	+0.0003273	+0.0003273	+0.0003273	+0.0003273	+0.0003273	+0.0003273
2013-04	0.010	-0.0003600	-0.0003600	-0.0003600	-0.0003600	-0.0003600	-0.0003600	-0.0003600	-0.0003600	-0.0002735	-0.0002735	-0.0002068	-0.0002001	-0.0002001	-0.0001330	-0.0001330	-0.0001330	-0.0001330	-0.0001330	-0.0001330	-0.0001330	-0.0001330
2013-05	-0.021	-0.0006386	-0.0006386	-0.0006386	-0.0006386	-0.0006386	-0.0006386	-0.0006386	+0.0002855	+0.0002855	+0.0003003	+0.0003794	+0.0003794	+0.0004134	+0.0004134	+0.0004729	+0.0004729	+0.0004729	+0.0004729	+0.0004729	+0.0004729	+0.0004729
2013-06	-0.044	-0.0018537	-0.0018537	-0.0018537	-0.0018537	-0.0018537	-0.0018537	-0.0018537	-0.0016316	-0.0016316	-0.0012076	-0.0012076	-0.0006559	-0.0005371	-0.0005371	-0.0003556	-0.0003556	-0.0003556	-0.0003556	-0.0003556	-0.0003556	-0.0003556
2013-07	0.014	-0.0040339	-0.0040339	-0.0040339	-0.0040339	-0.0040339	-0.0040339	-0.0040339	-0.0040339	-0.0034342	-0.0034342	-0.0029968	-0.0020447	-0.0020447	+0.0009292	+0.0009292	+0.0009292	+0.0009292	+0.0009292	+0.0009292	+0.0009292	+0.0009292
2013-08	-0.021	+0.0004745	+0.0004745	+0.0004745	+0.0004745	+0.0004745	+0.0004745	+0.0004745	+0.0007755	+0.0007755	+0.0008752	+0.0010074	+0.0010896	+0.0011385	+0.0011385	+0.0014724	+0.0014724	+0.0014724	+0.0014724	+0.0014724	+0.0014724	+0.0014724
2013-09	0.022	-0.0012060	-0.0012060	-0.0012060	-0.0012060	-0.0012060	-0.0012060	-0.0012060	-0.0011764	-0.0011764	-0.0011700	-0.0010416	-0.0009704	-0.0009641	-0.0009641	+0.0000280	+0.0000280	+0.0000280	+0.0000280	+0.0000280	+0.0000280	+0.0000280
2013-10	0.025	+0.0005865	+0.0005865	+0.0005865	+0.0005865	+0.0005865	+0.0005865	+0.0005865	+0.0005865	+0.0016039	+0.0016039	+0.0016039	+0.0017902	+0.0017902	+0.0019138	+0.0019138	+0.0019138	+0.0019138	+0.0019138	+0.0019138	+0.0019138	+0.0019138
2013-11	-0.015	-0.0004171	-0.0004171	-0.0004171	-0.0004171	-0.0004171	-0.0004171	-0.0004171	+0.0014617	+0.0014617	+0.0014833	+0.0015394	+0.0016291	+0.0017473	+0.0017473	+0.0017963	+0.0017963	+0.0017963	+0.0017963	+0.0017963	+0.0017963	+0.0017963
2013-12	0.001	-0.0009229	-0.0009229	-0.0009229	-0.0009229	-0.0009229	-0.0009229	-0.0009229	-0.0009229	-0.0005830	-0.0005830	-0.0003642	-0.0003574	-0.0003574	+0.0006140	+0.0006140	+0.0006140	+0.0006140	+0.0006140	+0.0006140	+0.0006140	+0.0006140
2014-01	0.001	+0.0000346	+0.0000346	+0.0000346	+0.0000346	+0.0000346	+0.0000346	+0.0000346	+0.0000346	+0.0003247	+0.0003247	+0.0003593	+0.0005188	+0.0005188	+0.0006234	+0.0006234	+0.0006234	+0.0006234	+0.0006234	+0.0006234	+0.0006234	+0.0006234
2014-02	0.020	-0.0002403	-0.0002403	-0.0002403	-0.0002403	-0.0002403	-0.0002403	-0.0002403	-0.0002403	-0.0000892	-0.0000892	-0.0000892	-0.0000755	-0.0000755	+0.0000894	+0.0000894	+0.0000894	+0.0000894	+0.0000894	+0.0000894	+0.0000894	+0.0000894
2014-03	0.001	-0.0002821	-0.0002821	-0.0002821	-0.0002821	-0.0002821	-0.0002821	-0.0002821	-0.0002821	+0.0013293	+0.0013293	+0.0013293	+0.0013452	+0.0013452	+0.0013519	+0.0013519	+0.0013519	+0.0013519	+0.0013519	+0.0013519	+0.0013519	+0.0013519
2014-04	0.004	-0.0007311	-0.0007311	-0.0007311	-0.0007311	-0.0007311	-0.0007311	-0.0007311	-0.0007311	+0.0000069	+0.0000069	+0.0000338	+0.0000475	+0.0000475	+0.0002092	+0.0002092	+0.0002092	+0.0002092	+0.0002092	+0.0002092	+0.0002092	+0.0002092
2014-05	0.028	-0.0001811	-0.0001811	-0.0001811	-0.0001811	-0.0001811	-0.0001811	-0.0001811	-0.0001680	-0.0001680	-0.0000670	-0.0000268	-0.0000268	+0.0000270	+0.0000270	+0.0001615	+0.0001615	+0.0001615	+0.0001615	+0.0001615	+0.0001615	+0.0001615
2014-06	0.007	-0.0006547	-0.0006547	-0.0006547	-0.0006547	-0.0006547	-0.0006547	-0.0006547	-0.0006547	+0.0012891	+0.0012891	+0.0012936	+0.0013429	+0.0013429	+0.0013567	+0.0013567	+0.0013567	+0.0013567	+0.0013567	+0.0013567	+0.0013567	+0.0013567
2014-07	-0.008	-0.0001955	-0.0001955	-0.0001955	-0.0001955	-0.0001955	-0.0001955	-0.0001955	+0.0002088	+0.0002088	+0.0003975	+0.0004625	+0.0004625	+0.0005215	+0.0005215	+0.0005605	+0.0005605	+0.0005605	+0.0005605	+0.0005605	+0.0005605	+0.0005605
2014-08	0.011	-0.0005668	-0.0005668	-0.0005668	-0.0005668	-0.0005668	-0.0005668	-0.0005668	-0.0004298	-0.0004298	-0.0003385	-0.0001951	-0.0001885	-0.0001754	-0.0001754	-0.0001102	-0.0001102	-0.0001102	-0.0001102	-0.0001102	-0.0001102	-0.0001102
2014-09	-0.022	+0.0004543	+0.0004543	+0.0004543	+0.0004543	+0.0004543	+0.0004543	+0.0004543	+0.0007437	+0.0007437	+0.0009798	+0.0010247	+0.0010247	+0.0012266	+0.0012266	+0.0013466	+0.0013466	+0.0013466	+0.0013466	+0.0013466	+0.0013466	+0.0013466
2014-10	0.011	-0.0014778	-0.0014778	-0.0014778	-0.0014778	-0.0014778	-0.0014778	-0.0014778	-0.0014778	-0.0010003	-0.0010003	-0.0009325	-0.0007623	-0.0007623	-0.0001229	-0.0001229	-0.0001229	-0.0001229	-0.0001229	-0.0001229	-0.0001229	-0.0001229
2014-11	-0.026	-0.0001717	-0.0001717	-0.0001717	-0.0001717	-0.0001717	-0.0001717	-0.0001717	+0.0003754	+0.0003754	+0.0003958	+0.0004806	+0.0005259	+0.0005526	+0.0005526	+0.0005715	+0.0005715	+0.0005715	+0.0005715	+0.0005715	+0.0005715	+0.0005715
2014-12	-0.056	-0.0017758	-0.0017758	-0.0017758	-0.0017758	-0.0017758	-0.0017758	-0.0017758	-0.0017758	-0.0017758	-0.0016117	-0.0016117	-0.0016117	+0.0001507	+0.0001507	+0.0001507	+0.0001507	+0.0001507	+0.0001507	+0.0001507	+0.0001507	+0.0001507
2015-01	-0.023	-0.0035640	-0.0035640	-0.0035640	-0.0035640	-0.0035640	-0.0035640	-0.0035640	-0.0029377	-0.0029377	-0.0026648	-0.0024056	-0.0024056	-0.0021857	-0.0021857	+0.0019312	+0.0019312	+0.0019312	+0.0019312	+0.0019312	+0.0019312	+0.0019312
2015-02	0.007	-0.0015865	-0.0015865	-0.0015865	-0.0015865	-0.0015865	-0.0015865	-0.0015865	-0.0015865	-0.0006780	-0.0006780	-0.0004344	-0.0004344	-0.0004344	+0.0010152	+0.0010152	+0.0010152	+0.0010152	+0.0010152	+0.0010152	+0.0010152	+0.0010152
