2011-02	-0.002	-0.0002520	-0.0002520	-0.0002520	-0.0002520	-0.0002520	-0.0002520	-0.0002520	-0.0002520	-0.0002040	-0.0002040	+0.0000001	+0.0000001	+0.0000001	+0.0001741	+0.0001741	+0.0001741	+0.0001741	+0.0001741	+0.0001741	+0.0001741	+0.0001741
2011-03	-0.000	-0.0000661	-0.0000661	-0.0000661	-0.0000661	-0.0000661	-0.0000661	-0.0000661	-0.0000661	-0.0000481	-0.0000481	-0.0000119	-0.0000119	-0.0000119	+0.0001628	+0.0001628	+0.0001628	+0.0001628	+0.0001628	+0.0001628	+0.0001628	+0.0001628
2011-04	0.003	+0.0000303	+0.0000303	+0.0000303	+0.0000303	+0.0000303	+0.0000303	+0.0000303	+0.0000543	+0.0000543	+0.0000723	+0.0001026	+0.0001086	+0.0001448	+0.0001448	+0.0001989	+0.0001989	+0.0001989	+0.0001989	+0.0001989	+0.0001989	+0.0001989
2011-05	0.004	+0.0001752	+0.0001752	+0.0001752	+0.0001752	+0.0001752	+0.0001752	+0.0001752	+0.0001752	+0.0001988	+0.0001988	+0.0002891	+0.0002952	+0.0002952	+0.0003795	+0.0003795	+0.0003795	+0.0003795	+0.0003795	+0.0003795	+0.0003795	+0.0003795
2011-06	0.003	-0.0002875	-0.0002875	-0.0002875	-0.0002875	-0.0002875	-0.0002875	-0.0002875	-0.0002875	-0.0000059	-0.0000059	-0.0000059	+0.0001376	+0.0001376	+0.0003892	+0.0003892	+0.0003892	+0.0003892	+0.0003892	+0.0003892	+0.0003892	+0.0003892
2011-07	0.003	-0.0001733	-0.0001733	-0.0001733	-0.0001733	-0.0001733	-0.0001733	-0.0001733	+0.0001255	+0.0001255	+0.0001373	+0.0001432	+0.0001971	+0.0002148	+0.0002148	+0.0002570	+0.0002570	+0.0002570	+0.0002570	+0.0002570	+0.0002570	+0.0002570
2011-08	0.003	+0.0001614	+0.0001614	+0.0001614	+0.0001614	+0.0001614	+0.0001614	+0.0001614	+0.0001614	+0.0001848	+0.0001848	+0.0002743	+0.0003578	+0.0003578	+0.0003938	+0.0003938	+0.0003938	+0.0003938	+0.0003938	+0.0003938	+0.0003938	+0.0003938
2011-09	0.003	-0.0001363	-0.0001363	-0.0001363	-0.0001363	-0.0001363	-0.0001363	-0.0001363	-0.0001304	-0.0001246	-0.0000947	-0.0000769	-0.0000769	+0.0000654	+0.0001009	+0.0002079	+0.0002079	+0.0002079	+0.0002079	+0.0002079	+0.0002079	+0.0002079
2011-10	-0.002	-0.0002844	-0.0002844	-0.0002844	-0.0002844	-0.0002844	-0.0002844	-0.0002844	-0.0002844	-0.0000235	-0.0000235	+0.0001420	+0.0002903	+0.0002903	+0.0004087	+0.0004087	+0.0004087	+0.0004087	+0.0004087	+0.0004087	+0.0004087	+0.0004087
2011-11	-0.001	-0.0002777	-0.0002777	-0.0002777	-0.0002777	-0.0002777	-0.0002777	-0.0002777	-0.0002777	-0.0002660	-0.0002660	-0.0001180	-0.0001121	-0.0001121	+0.0000356	+0.0000356	+0.0000356	+0.0000356	+0.0000356	+0.0000356	+0.0000356	+0.0000356
2011-12	0.006	-0.0002780	-0.0002780	-0.0002780	-0.0002780	-0.0002780	-0.0002780	-0.0002780	-0.0002780	-0.0002543	-0.0002543	-0.0002366	-0.0001832	-0.0001832	+0.0000415	+0.0000415	+0.0000415	+0.0000415	+0.0000415	+0.0000415	+0.0000415	+0.0000415
2012-01	0.001	-0.0001656	-0.0001656	-0.0001656	-0.0001656	-0.0001656	-0.0001656	-0.0001656	+0.0001359	+0.0001359	+0.0001360	+0.0001360	+0.0002245	+0.0002718	+0.0002718	+0.0003488	+0.0003488	+0.0003488	+0.0003488	+0.0003488	+0.0003488	+0.0003488
2012-02	0.001	-0.0000529	-0.0000529	-0.0000529	-0.0000529	-0.0000529	-0.0000529	-0.0000529	-0.0000529	+0.0000943	+0.0000943	+0.0000943	+0.0000943	+0.0000943	+0.0001003	+0.0001003	+0.0001003	+0.0001003	+0.0001003	+0.0001003	+0.0001003	+0.0001003
2012-03	0.000	-0.0000588	-0.0000588	-0.0000588	-0.0000588	-0.0000588	-0.0000588	-0.0000588	-0.0000588	-0.0000588	-0.0000529	+0.0000178	+0.0000178	+0.0000825	+0.0000825	+0.0001179	+0.0001179	+0.0001179	+0.0001179	+0.0001179	+0.0001179	+0.0001179
2012-04	0.005	-0.0000941	-0.0000941	-0.0000941	-0.0000941	-0.0000941	-0.0000941	-0.0000941	-0.0000588	-0.0000588	-0.0000234	-0.0000117	-0.0000117	-0.0000117	-0.0000117	+0.0000236	+0.0000236	+0.0000236	+0.0000236	+0.0000236	+0.0000236	+0.0000236
2012-05	0.005	-0.0000529	-0.0000529	-0.0000529	-0.0000529	-0.0000529	-0.0000529	-0.0000529	-0.0000529	+0.0002881	+0.0002881	+0.0003941	+0.0004229	+0.0004229	+0.0004293	+0.0004293	+0.0004293	+0.0004293	+0.0004293	+0.0004293	+0.0004293	+0.0004293
2012-06	-0.001	-0.0000700	-0.0000700	-0.0000700	-0.0000700	-0.0000700	-0.0000700	-0.0000700	+0.0000235	+0.0000235	+0.0000760	+0.0000820	+0.0000820	+0.0001344	+0.0001344	+0.0001576	+0.0001576	+0.0001576	+0.0001576	+0.0001576	+0.0001576	+0.0001576
2012-07	0.003	-0.0000815	-0.0000815	-0.0000815	-0.0000815	-0.0000815	-0.0000815	-0.0000815	-0.0000232	-0.0000232	+0.0000817	+0.0000993	+0.0000993	+0.0001225	+0.0001225	+0.0001808	+0.0001808	+0.0001808	+0.0001808	+0.0001808	+0.0001808	+0.0001808
2012-08	-0.002	-0.0001046	-0.0001046	-0.0001046	-0.0001046	-0.0001046	-0.0001046	-0.0001046	+0.0000989	+0.0000989	+0.0001919	+0.0001919	+0.0003138	+0.0003311	+0.0003311	+0.0003776	+0.0003776	+0.0003776	+0.0003776	+0.0003776	+0.0003776	+0.0003776
2012-09	0.002	-0.0003368	-0.0003368	-0.0003368	-0.0003368	-0.0003368	-0.0003368	-0.0003368	-0.0003310	-0.0002791	-0.0002791	-0.0001918	-0.0001568	-0.0000872	-0.0000522	+0.0001047	+0.0001047	+0.0001047	+0.0001047	+0.0001047	+0.0001047	+0.0001047
2012-10	-0.001	+0.0000175	+0.0000175	+0.0000175	+0.0000175	+0.0000175	+0.0000175	+0.0000175	+0.0000175	+0.0000582	+0.0000582	+0.0000582	+0.0000814	+0.0000814	+0.0000931	+0.0000931	+0.0000931	+0.0000931	+0.0000931	+0.0000931	+0.0000931	+0.0000931
2012-11	0.002	-0.0001161	-0.0001161	-0.0001161	-0.0001161	-0.0001161	-0.0001161	-0.0001161	-0.0001045	-0.0001045	-0.0000406	-0.0000289	-0.0000173	+0.0000291	+0.0000291	+0.0000349	+0.0000349	+0.0000349	+0.0000349	+0.0000349	+0.0000349	+0.0000349
2012-12	-0.003	-0.0001102	-0.0001102	-0.0001102	-0.0001102	-0.0001102	-0.0001102	-0.0001102	+0.0000872	+0.0000872	+0.0001045	+0.0001045	+0.0001161	+0.0001162	+0.0001162	+0.0001394	+0.0001394	+0.0001394	+0.0001394	+0.0001394	+0.0001394	+0.0001394
2013-01	0.003	-0.0002611	-0.0002611	-0.0002611	-0.0002611	-0.0002611	-0.0002611	-0.0002611	-0.0002611	-0.0002380	-0.0002380	-0.0001740	-0.0001740	-0.0001740	-0.0001620	-0.0001620	-0.0001620	-0.0001620	-0.0001620	-0.0001620	-0.0001620	-0.0001620
2013-02	0.008	-0.0000174	-0.0000174	-0.0000174	-0.0000174	-0.0000174	-0.0000174	-0.0000174	-0.0000174	+0.0001804	+0.0001804	+0.0001804	+0.0002095	+0.0002095	+0.0002675	+0.0002675	+0.0002675	+0.0002675	+0.0002675	+0.0002675	+0.0002675	+0.0002675
2013-03	0.010	+0.0000349	+0.0000349	+0.0000349	+0.0000349	+0.0000349	+0.0000349	+0.0000349	+0.0000349	+0.0003706	+0.0003706	+0.0003706	+0.0005676	+0.0005676	+0.0006133	+0.0006133	+0.0006133	+0.0006133	+0.0006133	+0.0006133	+0.0006133	+0.0006133
2013-04	-0.005	+0.0000461	+0.0000461	+0.0000461	+0.0000461	+0.0000461	+0.0000461	+0.0000461	+0.0000461	+0.0003659	+0.0003659	+0.0005329	+0.0005835	+0.0005835	+0.0005897	+0.0005897	+0.0005897	+0.0005897	+0.0005897	+0.0005897	+0.0005897	+0.0005897
2013-05	-0.012	-0.0010567	-0.0010567	-0.0010567	-0.0010567	-0.0010567	-0.0010567	-0.0010567	-0.0008537	-0.0008537	-0.0003981	-0.0003981	-0.0003027	-0.0002856	-0.0002856	-0.0001713	-0.0001713	-0.0001713	-0.0001713	-0.0001713	-0.0001713	-0.0001713
2013-06	0.000	-0.0012109	-0.0012109	-0.0012109	-0.0012109	-0.0012109	-0.0012109	-0.0012109	-0.0011608	-0.0011608	-0.0009865	-0.0009865	-0.0009390	-0.0008011	-0.0008011	+0.0004190	+0.0004190	+0.0004190	+0.0004190	+0.0004190	+0.0004190	+0.0004190
2013-07	0.002	-0.0003707	-0.0003707	-0.0003707	-0.0003707	-0.0003707	-0.0003707	-0.0003707	-0.0003707	-0.0000868	-0.0000868	-0.0000637	+0.0000059	+0.0000059	+0.0001389	+0.0001389	+0.0001389	+0.0001389	+0.0001389	+0.0001389	+0.0001389	+0.0001389
2013-08	0.004	-0.0000231	-0.0000231	-0.0000231	-0.0000231	-0.0000231	-0.0000231	-0.0000231	+0.0002146	+0.0002146	+0.0002435	+0.0002671	+0.0003074	+0.0003249	+0.0003249	+0.0003423	+0.0003423	+0.0003423	+0.0003423	+0.0003423	+0.0003423	+0.0003423
2013-09	0.005	-0.0001328	-0.0001328	-0.0001328	-0.0001328	-0.0001328	-0.0001328	-0.0001328	+0.0000232	+0.0000232	+0.0000637	+0.0000927	+0.0001328	+0.0002309	+0.0002309	+0.0002427	+0.0002427	+0.0002427	+0.0002427	+0.0002427	+0.0002427	+0.0002427
2013-10	0.005	+0.0000982	+0.0000982	+0.0000982	+0.0000982	+0.0000982	+0.0000982	+0.0000982	+0.0000982	+0.0003453	+0.0003453	+0.0003453	+0.0004432	+0.0004432	+0.0004836	+0.0004836	+0.0004836	+0.0004836	+0.0004836	+0.0004836	+0.0004836	+0.0004836
2013-11	0.001	-0.0001029	-0.0001029	-0.0001029	-0.0001029	-0.0001029	-0.0001029	-0.0001029	+0.0000572	+0.0000572	+0.0000915	+0.0001201	+0.0001828	+0.0002058	+0.0002058	+0.0002745	+0.0002745	+0.0002745	+0.0002745	+0.0002745	+0.0002745	+0.0002745
2013-12	-0.005	-0.0000911	-0.0000911	-0.0000911	-0.0000911	-0.0000911	-0.0000911	-0.0000911	-0.0000911	-0.0000056	-0.0000056	+0.0000286	+0.0001085	+0.0001085	+0.0001085	+0.0001085	+0.0001085	+0.0001085	+0.0001085	+0.0001085	+0.0001085	+0.0001085
2014-01	0.007	-0.0002973	-0.0002973	-0.0002973	-0.0002973	-0.0002973	-0.0002973	-0.0002973	-0.0002973	-0.0002000	-0.0002000	-0.0001427	-0.0001314	-0.0001314	+0.0001429	+0.0001429	+0.0001429	+0.0001429	+0.0001429	+0.0001429	+0.0001429	+0.0001429
2014-02	0.002	-0.0001200	-0.0001200	-0.0001200	-0.0001200	-0.0001200	-0.0001200	-0.0001200	-0.0001200	+0.0003138	+0.0003138	+0.0003138	+0.0003424	+0.0003424	+0.0003485	+0.0003485	+0.0003485	+0.0003485	+0.0003485	+0.0003485	+0.0003485	+0.0003485
2014-03	-0.003	-0.0000624	-0.0000624	-0.0000624	-0.0000624	-0.0000624	-0.0000624	-0.0000624	-0.0000624	-0.0000169	-0.0000169	-0.0000169	-0.0000113	-0.0000113	+0.0000626	+0.0000626	+0.0000626	+0.0000626	+0.0000626	+0.0000626	+0.0000626	+0.0000626
2014-04	0.001	-0.0001818	-0.0001818	-0.0001818	-0.0001818	-0.0001818	-0.0001818	-0.0001818	-0.0001818	-0.0001761	-0.0001761	-0.0001421	-0.0001136	-0.0001136	+0.0001478	+0.0001478	+0.0001478	+0.0001478	+0.0001478	+0.0001478	+0.0001478	+0.0001478
2014-05	0.002	-0.0000568	-0.0000568	-0.0000568	-0.0000568	-0.0000568	-0.0000568	-0.0000568	-0.0000397	-0.0000397	+0.0000172	+0.0000513	+0.0000513	+0.0000513	+0.0000513	+0.0000570	+0.0000570	+0.0000570	+0.0000570	+0.0000570	+0.0000570	+0.0000570
2014-06	0.003	-0.0000454	-0.0000454	-0.0000454	-0.0000454	-0.0000454	-0.0000454	-0.0000454	-0.0000454	+0.0000853	+0.0000853	+0.0000909	+0.0000967	+0.0000967	+0.0001080	+0.0001080	+0.0001080	+0.0001080	+0.0001080	+0.0001080	+0.0001080	+0.0001080
2014-07	0.001	-0.0000056	-0.0000056	-0.0000056	-0.0000056	-0.0000056	-0.0000056	-0.0000056	+0.0000909	+0.0000909	+0.0001135	+0.0001872	+0.0001872	+0.0002042	+0.0002042	+0.0002893	+0.0002893	+0.0002893	+0.0002893	+0.0002893	+0.0002893	+0.0002893
2014-08	0.003	-0.0000112	-0.0000112	-0.0000112	-0.0000112	-0.0000112	-0.0000112	-0.0000112	+0.0000736	+0.0000736	+0.0001019	+0.0001132	+0.0001471	+0.0001472	+0.0001472	+0.0001528	+0.0001528	+0.0001528	+0.0001528	+0.0001528	+0.0001528	+0.0001528
2014-09	0.000	-0.0000846	-0.0000846	-0.0000846	-0.0000846	-0.0000846	-0.0000846	-0.0000846	+0.0001073	+0.0001073	+0.0001131	+0.0001300	+0.0001300	+0.0001412	+0.0001412	+0.0001751	+0.0001751	+0.0001751	+0.0001751	+0.0001751	+0.0001751	+0.0001751
2014-10	0.004	-0.0000055	-0.0000055	-0.0000055	-0.0000055	-0.0000055	-0.0000055	-0.0000055	-0.0000055	+0.0000678	+0.0000678	+0.0000734	+0.0000960	+0.0000960	+0.0000960	+0.0000960	+0.0000960	+0.0000960	+0.0000960	+0.0000960	+0.0000960	+0.0000960
2014-11	0.006	-0.0001520	-0.0001520	-0.0001520	-0.0001520	-0.0001520	-0.0001520	-0.0001520	+0.0001296	+0.0001296	+0.0001746	+0.0002081	+0.0002084	+0.0002196	+0.0002196	+0.0002252	+0.0002252	+0.0002252	+0.0002252	+0.0002252	+0.0002252	+0.0002252
2014-12	0.010	+0.0000671	+0.0000671	+0.0000671	+0.0000671	+0.0000671	+0.0000671	+0.0000671	+0.0000671	+0.0000671	+0.0002184	+0.0002184	+0.0002184	+0.0002573	+0.0002573	+0.0002573	+0.0002573	+0.0002573	+0.0002573	+0.0002573	+0.0002573	+0.0002573
2015-01	-0.000	+0.0000447	+0.0000447	+0.0000447	+0.0000447	+0.0000447	+0.0000447	+0.0000447	+0.0005055	+0.0005055	+0.0005280	+0.0005945	+0.0005945	+0.0006164	+0.0006164	+0.0006220	+0.0006220	+0.0006220	+0.0006220	+0.0006220	+0.0006220	+0.0006220
2015-02	-0.007	-0.0003691	-0.0003691	-0.0003691	-0.0003691	-0.0003691	-0.0003691	-0.0003691	-0.0003691	-0.0003365	-0.0003365	-0.0003365	-0.0002812	-0.0002812	-0.0000718	-0.0000718	-0.0000718	-0.0000718	-0.0000718	-0.0000718	-0.0000718	-0.0000718
