2011-02	0.032	-0.0009806	-0.0009806	-0.0009806	-0.0009806	-0.0009806	-0.0009806	-0.0009806	-0.0009806	-0.0009801	-0.0009801	-0.0009801	+0.0005853	+0.0005853	+0.0012863	+0.0012863	+0.0012863	+0.0012863	+0.0012863	+0.0012863	+0.0012863	+0.0012863
2011-03	-0.054	-0.0011515	-0.0011515	-0.0011515	-0.0011515	-0.0011515	-0.0011515	-0.0011515	-0.0011515	+0.0005218	+0.0005218	+0.0005218	+0.0009557	+0.0009557	+0.0013893	+0.0013893	+0.0013893	+0.0013893	+0.0013893	+0.0013893	+0.0013893	+0.0013893
2011-04	-0.019	-0.0069898	-0.0069898	-0.0069898	-0.0069898	-0.0069898	-0.0069898	-0.0069898	-0.0052424	-0.0052424	-0.0051612	-0.0051379	-0.0030624	-0.0025021	-0.0025021	+0.0015118	+0.0015118	+0.0015118	+0.0015118	+0.0015118	+0.0015118	+0.0015118
2011-05	-0.011	-0.0019678	-0.0019678	-0.0019678	-0.0019678	-0.0019678	-0.0019678	-0.0019678	-0.0019678	-0.0017960	-0.0017960	-0.0007704	+0.0008138	+0.0008138	+0.0015149	+0.0015149	+0.0015149	+0.0015149	+0.0015149	+0.0015149	+0.0015149	+0.0015149
2011-06	0.012	-0.0027323	-0.0027323	-0.0027323	-0.0027323	-0.0027323	-0.0027323	-0.0027323	-0.0027323	-0.0018589	-0.0018589	-0.0005469	-0.0005469	-0.0005469	+0.0008831	+0.0008831	+0.0008831	+0.0008831	+0.0008831	+0.0008831	+0.0008831	+0.0008831
2011-07	-0.005	-0.0008234	-0.0008234	-0.0008234	-0.0008234	-0.0008234	-0.0008234	-0.0008234	+0.0001788	+0.0001788	+0.0003068	+0.0011678	+0.0014300	+0.0016832	+0.0016832	+0.0021234	+0.0021234	+0.0021234	+0.0021234	+0.0021234	+0.0021234	+0.0021234
2011-08	-0.066	-0.0020116	-0.0020116	-0.0020116	-0.0020116	-0.0020116	-0.0020116	-0.0020116	-0.0020116	-0.0012067	-0.0012067	-0.0009161	-0.0000797	-0.0000797	+0.0007427	+0.0007427	+0.0007427	+0.0007427	+0.0007427	+0.0007427	+0.0007427	+0.0007427
2011-09	0.007	-0.0070701	-0.0070701	-0.0070701	-0.0070701	-0.0070701	-0.0070701	-0.0070701	-0.0069628	-0.0052246	-0.0047651	-0.0047651	-0.0027642	-0.0007690	+0.0007479	+0.0052552	+0.0052552	+0.0052552	+0.0052552	+0.0052552	+0.0052552	+0.0052552
2011-10	-0.003	-0.0015554	-0.0015554	-0.0015554	-0.0015554	-0.0015554	-0.0015554	-0.0015554	-0.0015554	-0.0000372	-0.0000372	+0.0018305	+0.0019978	+0.0019978	+0.0030346	+0.0030346	+0.0030346	+0.0030346	+0.0030346	+0.0030346	+0.0030346	+0.0030346
2011-11	-0.050	-0.0004648	-0.0004648	-0.0004648	-0.0004648	-0.0004648	-0.0004648	-0.0004648	-0.0004648	+0.0002636	+0.0002636	+0.0016376	+0.0019028	+0.0019028	+0.0033592	+0.0033592	+0.0033592	+0.0033592	+0.0033592	+0.0033592	+0.0033592	+0.0033592
2011-12	-0.003	-0.0046119	-0.0046119	-0.0046119	-0.0046119	-0.0046119	-0.0046119	-0.0046119	-0.0046119	-0.0023407	-0.0023407	-0.0020206	-0.0019269	-0.0019269	+0.0012255	+0.0012255	+0.0012255	+0.0012255	+0.0012255	+0.0012255	+0.0012255	+0.0012255
2012-01	0.035	-0.0024798	-0.0024798	-0.0024798	-0.0024798	-0.0024798	-0.0024798	-0.0024798	-0.0021702	-0.0021702	-0.0019763	-0.0015905	-0.0015905	-0.0015863	-0.0015863	-0.0002295	-0.0002295	-0.0002295	-0.0002295	-0.0002295	-0.0002295	-0.0002295
2012-02	0.094	+0.0014773	+0.0014773	+0.0014773	+0.0014773	+0.0014773	+0.0014773	+0.0014773	+0.0014773	+0.0015205	+0.0015205	+0.0015205	+0.0020402	+0.0020402	+0.0026561	+0.0026561	+0.0026561	+0.0026561	+0.0026561	+0.0026561	+0.0026561	+0.0026561
2012-03	0.025	-0.0017591	-0.0017591	-0.0017591	-0.0017591	-0.0017591	-0.0017591	-0.0017591	+0.0045588	+0.0045588	+0.0049091	+0.0049091	+0.0051588	+0.0052826	+0.0052826	+0.0055425	+0.0055425	+0.0055425	+0.0055425	+0.0055425	+0.0055425	+0.0055425
2012-04	-0.044	-0.0002640	-0.0002640	-0.0002640	-0.0002640	-0.0002640	-0.0002640	-0.0002640	+0.0012426	+0.0012426	+0.0021817	+0.0027919	+0.0027919	+0.0027934	+0.0027934	+0.0028030	+0.0028030	+0.0028030	+0.0028030	+0.0028030	+0.0028030	+0.0028030
2012-05	-0.112	-0.0032749	-0.0032749	-0.0032749	-0.0032749	-0.0032749	-0.0032749	-0.0032749	-0.0032749	-0.0023874	-0.0023874	-0.0011557	-0.0011387	-0.0011387	+0.0024151	+0.0024151	+0.0024151	+0.0024151	+0.0024151	+0.0024151	+0.0024151	+0.0024151
2012-06	0.060	-0.0070696	-0.0070696	-0.0070696	-0.0070696	-0.0070696	-0.0070696	-0.0070696	-0.0064153	-0.0064153	-0.0053441	-0.0053441	-0.0047277	-0.0046568	-0.0046568	+0.0016982	+0.0016982	+0.0016982	+0.0016982	+0.0016982	+0.0016982	+0.0016982
2012-07	-0.030	-0.0009491	-0.0009491	-0.0009491	-0.0009491	-0.0009491	-0.0009491	-0.0009491	+0.0030903	+0.0030903	+0.0031607	+0.0031607	+0.0032521	+0.0032642	+0.0032642	+0.0039182	+0.0039182	+0.0039182	+0.0039182	+0.0039182	+0.0039182	+0.0039182
2012-08	-0.004	-0.0045740	-0.0045740	-0.0045740	-0.0045740	-0.0045740	-0.0045740	-0.0045740	-0.0045699	-0.0045699	-0.0037441	-0.0031816	-0.0031816	-0.0024465	-0.0024465	+0.0003201	+0.0003201	+0.0003201	+0.0003201	+0.0003201	+0.0003201	+0.0003201
2012-09	0.024	-0.0015193	-0.0015193	-0.0015193	-0.0015193	-0.0015193	-0.0015193	-0.0015193	-0.0013776	-0.0000873	+0.0006348	+0.0006525	+0.0006525	+0.0020801	+0.0025970	+0.0028257	+0.0028257	+0.0028257	+0.0028257	+0.0028257	+0.0028257	+0.0028257
2012-10	0.012	+0.0007562	+0.0007562	+0.0007562	+0.0007562	+0.0007562	+0.0007562	+0.0007562	+0.0007562	+0.0021565	+0.0021565	+0.0021565	+0.0025152	+0.0025152	+0.0026183	+0.0026183	+0.0026183	+0.0026183	+0.0026183	+0.0026183	+0.0026183	+0.0026183
2012-11	0.043	+0.0000871	+0.0000871	+0.0000871	+0.0000871	+0.0000871	+0.0000871	+0.0000871	+0.0010797	+0.0010797	+0.0011658	+0.0013140	+0.0016748	+0.0018096	+0.0018096	+0.0022740	+0.0022740	+0.0022740	+0.0022740	+0.0022740	+0.0022740	+0.0022740
2012-12	0.089	+0.0008695	+0.0008695	+0.0008695	+0.0008695	+0.0008695	+0.0008695	+0.0008695	+0.0010564	+0.0010564	+0.0014259	+0.0014259	+0.0021782	+0.0022635	+0.0022635	+0.0023647	+0.0023647	+0.0023647	+0.0023647	+0.0023647	+0.0023647	+0.0023647
2013-01	0.090	-0.0007573	-0.0007573	-0.0007573	-0.0007573	-0.0007573	-0.0007573	-0.0007573	-0.0007573	+0.0050101	+0.0050101	+0.0050101	+0.0053002	+0.0053002	+0.0057150	+0.0057150	+0.0057150	+0.0057150	+0.0057150	+0.0057150	+0.0057150	+0.0057150
2013-02	0.021	+0.0007124	+0.0007124	+0.0007124	+0.0007124	+0.0007124	+0.0007124	+0.0007124	+0.0007124	+0.0024149	+0.0024149	+0.0024149	+0.0037687	+0.0037687	+0.0053085	+0.0053085	+0.0053085	+0.0053085	+0.0053085	+0.0053085	+0.0053085	+0.0053085
2013-03	0.069	-0.0015049	-0.0015049	-0.0015049	-0.0015049	-0.0015049	-0.0015049	-0.0015049	-0.0015049	-0.0007033	-0.0007033	-0.0007033	+0.0009459	+0.0009459	+0.0018115	+0.0018115	+0.0018115	+0.0018115	+0.0018115	+0.0018115	+0.0018115	+0.0018115
2013-04	0.121	-0.0008972	-0.0008972	-0.0008972	-0.0008972	-0.0008972	-0.0008972	-0.0008972	-0.0008972	+0.0029615	+0.0029615	+0.0037351	+0.0039450	+0.0039450	+0.0040484	+0.0040484	+0.0040484	+0.0040484	+0.0040484	+0.0040484	+0.0040484	+0.0040484
2013-05	-0.046	-0.0074745	-0.0074745	-0.0074745	-0.0074745	-0.0074745	-0.0074745	-0.0074745	+0.0050342	+0.0050342	+0.0075337	+0.0075337	+0.0089521	+0.0100000	+0.0100000	+0.0100000	+0.0100000	+0.0100000	+0.0100000	+0.0100000	+0.0100000	+0.0100000
2013-06	0.012	-0.0047062	-0.0047062	-0.0047062	-0.0047062	-0.0047062	-0.0047062	-0.0047062	-0.0036911	-0.0036911	-0.0026390	-0.0026390	-0.0019758	-0.0019520	-0.0019520	-0.0007524	-0.0007524	-0.0007524	-0.0007524	-0.0007524	-0.0007524	-0.0007524
2013-07	-0.007	-0.0023348	-0.0023348	-0.0023348	-0.0023348	-0.0023348	-0.0023348	-0.0023348	-0.0023348	-0.0003102	-0.0003102	+0.0008810	+0.0023721	+0.0023721	+0.0044476	+0.0044476	+0.0044476	+0.0044476	+0.0044476	+0.0044476	+0.0044476	+0.0044476
2013-08	-0.028	-0.0022075	-0.0022075	-0.0022075	-0.0022075	-0.0022075	-0.0022075	-0.0022075	-0.0021946	-0.0021946	-0.0021898	-0.0021643	-0.0002717	+0.0018319	+0.0018319	+0.0036136	+0.0036136	+0.0036136	+0.0036136	+0.0036136	+0.0036136	+0.0036136
2013-09	0.080	-0.0043173	-0.0043173	-0.0043173	-0.0043173	-0.0043173	-0.0043173	-0.0043173	-0.0029037	-0.0029037	-0.0028216	-0.0020112	-0.0019059	-0.0011773	-0.0011773	+0.0015165	+0.0015165	+0.0015165	+0.0015165	+0.0015165	+0.0015165	+0.0015165
2013-10	-0.002	-0.0021658	-0.0021658	-0.0021658	-0.0021658	-0.0021658	-0.0021658	-0.0021658	-0.0021658	+0.0026211	+0.0026211	+0.0026211	+0.0043936	+0.0043936	+0.0063434	+0.0063434	+0.0063434	+0.0063434	+0.0063434	+0.0063434	+0.0063434	+0.0063434
2013-11	0.040	+0.0003033	+0.0003033	+0.0003033	+0.0003033	+0.0003033	+0.0003033	+0.0003033	+0.0003998	+0.0003998	+0.0016475	+0.0016743	+0.0018287	+0.0025698	+0.0025698	+0.0034952	+0.0034952	+0.0034952	+0.0034952	+0.0034952	+0.0034952	+0.0034952
2013-12	0.027	+0.0004714	+0.0004714	+0.0004714	+0.0004714	+0.0004714	+0.0004714	+0.0004714	+0.0004714	+0.0030201	+0.0030201	+0.0030873	+0.0032800	+0.0032800	+0.0034001	+0.0034001	+0.0034001	+0.0034001	+0.0034001	+0.0034001	+0.0034001	+0.0034001
2014-01	-0.048	-0.0004633	-0.0004633	-0.0004633	-0.0004633	-0.0004633	-0.0004633	-0.0004633	-0.0004633	+0.0005802	+0.0005802	+0.0014543	+0.0024457	+0.0024457	+0.0035163	+0.0035163	+0.0035163	+0.0035163	+0.0035163	+0.0035163	+0.0035163	+0.0035163
2014-02	-0.017	-0.0035303	-0.0035303	-0.0035303	-0.0035303	-0.0035303	-0.0035303	-0.0035303	-0.0035303	-0.0023428	-0.0023428	-0.0012691	-0.0012691	-0.0012691	-0.0000886	-0.0000886	-0.0000886	-0.0000886	-0.0000886	-0.0000886	-0.0000886	-0.0000886
2014-03	0.002	+0.0003122	+0.0003122	+0.0003122	+0.0003122	+0.0003122	+0.0003122	+0.0003122	+0.0003122	+0.0019058	+0.0019058	+0.0024127	+0.0024127	+0.0024127	+0.0032704	+0.0032704	+0.0032704	+0.0032704	+0.0032704	+0.0032704	+0.0032704	+0.0032704
2014-04	-0.028	-0.0018102	-0.0018102	-0.0018102	-0.0018102	-0.0018102	-0.0018102	-0.0018102	-0.0018102	-0.0015348	-0.0015348	-0.0010444	-0.0007431	-0.0007431	-0.0004845	-0.0004845	-0.0004845	-0.0004845	-0.0004845	-0.0004845	-0.0004845	-0.0004845
2014-05	0.040	-0.0025422	-0.0025422	-0.0025422	-0.0025422	-0.0025422	-0.0025422	-0.0025422	-0.0023678	-0.0023678	-0.0022972	-0.0022972	-0.0018082	-0.0014369	-0.0014369	+0.0016719	+0.0016719	+0.0016719	+0.0016719	+0.0016719	+0.0016719	+0.0016719
2014-06	0.045	+0.0006315	+0.0006315	+0.0006315	+0.0006315	+0.0006315	+0.0006315	+0.0006315	+0.0006315	+0.0011827	+0.0011827	+0.0014075	+0.0028108	+0.0028108	+0.0031655	+0.0031655	+0.0031655	+0.0031655	+0.0031655	+0.0031655	+0.0031655	+0.0031655
2014-07	0.025	-0.0007437	-0.0007437	-0.0007437	-0.0007437	-0.0007437	-0.0007437	-0.0007437	+0.0008126	+0.0008126	+0.0011216	+0.0011216	+0.0012656	+0.0013602	+0.0013602	+0.0021183	+0.0021183	+0.0021183	+0.0021183	+0.0021183	+0.0021183	+0.0021183
2014-08	-0.014	-0.0002642	-0.0002642	-0.0002642	-0.0002642	-0.0002642	-0.0002642	-0.0002642	+0.0000585	+0.0000585	+0.0001983	+0.0004214	+0.0005258	+0.0009077	+0.0009077	+0.0009321	+0.0009321	+0.0009321	+0.0009321	+0.0009321	+0.0009321	+0.0009321
2014-09	0.031	+0.0002696	+0.0002696	+0.0002696	+0.0002696	+0.0002696	+0.0002696	+0.0002696	+0.0004212	+0.0004212	+0.0005154	+0.0008926	+0.0008926	+0.0011269	+0.0011269	+0.0025688	+0.0025688	+0.0025688	+0.0025688	+0.0025688	+0.0025688	+0.0025688
2014-10	-0.002	-0.0001238	-0.0001238	-0.0001238	-0.0001238	-0.0001238	-0.0001238	-0.0001238	-0.0001238	+0.0012024	+0.0012024	+0.0012844	+0.0013284	+0.0013284	+0.0020977	+0.0020977	+0.0020977	+0.0020977	+0.0020977	+0.0020977	+0.0020977	+0.0020977
2014-11	0.034	-0.0039871	-0.0039871	-0.0039871	-0.0039871	-0.0039871	-0.0039871	-0.0039871	-0.0019242	-0.0019242	-0.0016800	-0.0016644	-0.0009389	+0.0022393	+0.0022393	+0.0027927	+0.0027927	+0.0027927	+0.0027927	+0.0027927	+0.0027927	+0.0027927
2014-12	0.013	-0.0000487	-0.0000487	-0.0000487	-0.0000487	-0.0000487	-0.0000487	-0.0000487	-0.0000487	-0.0000487	+0.0007548	+0.0007548	+0.0007548	+0.0009467	+0.0009467	+0.0009467	+0.0009467	+0.0009467	+0.0009467	+0.0009467	+0.0009467	+0.0009467
2015-01	0.010	-0.0016516	-0.0016516	-0.0016516	-0.0016516	-0.0016516	-0.0016516	-0.0016516	-0.0010982	-0.0010982	-0.0002957	-0.0002957	+0.0001018	+0.0003579	+0.0003579	+0.0008209	+0.0008209	+0.0008209	+0.0008209	+0.0008209	+0.0008209	+0.0008209
2015-02	-0.000	+0.0011630	+0.0011630	+0.0011630	+0.0011630	+0.0011630	+0.0011630	+0.0011630	+0.0011630	+0.0015109	+0.0015109	+0.0015109	+0.0025908	+0.0025908	+0.0029773	+0.0029773	+0.0029773	+0.0029773	+0.0029773	+0.0029773	+0.0029773	+0.0029773
