2013-04	0.057	-0.0100000	-0.0100000	-0.0100000	-0.0100000	-0.0100000	-0.0100000	-0.0100000	-0.0100000	-0.0100000	-0.0100000	-0.0100000	-0.0100000	-0.0100000	-0.0100000	-0.0100000	-0.0100000	-0.0100000	-0.0100000	-0.0100000	-0.0100000	-0.0100000
2013-05	0.019	-0.0016839	-0.0016839	-0.0016839	-0.0016839	-0.0016839	-0.0016839	-0.0016839	+0.0023703	+0.0023703	+0.0044224	+0.0052046	+0.0052046	+0.0055351	+0.0055351	+0.0055768	+0.0055768	+0.0055768	+0.0055768	+0.0055768	+0.0055768	+0.0055768
2013-06	-0.120	-0.0033425	-0.0033425	-0.0033425	-0.0033425	-0.0033425	-0.0033425	-0.0033425	-0.0009073	-0.0009073	+0.0007148	+0.0007148	+0.0018069	+0.0019805	+0.0019805	+0.0028193	+0.0028193	+0.0028193	+0.0028193	+0.0028193	+0.0028193	+0.0028193
2013-07	-0.009	-0.0085743	-0.0085743	-0.0085743	-0.0085743	-0.0085743	-0.0085743	-0.0085743	-0.0085743	-0.0075526	-0.0075526	-0.0042446	+0.0033463	+0.0033463	+0.0100000	+0.0100000	+0.0100000	+0.0100000	+0.0100000	+0.0100000	+0.0100000	+0.0100000
2013-08	-0.136	-0.0017868	-0.0017868	-0.0017868	-0.0017868	-0.0017868	-0.0017868	-0.0017868	-0.0013825	-0.0013825	-0.0011067	-0.0001314	+0.0004230	+0.0004375	+0.0004375	+0.0028201	+0.0028201	+0.0028201	+0.0028201	+0.0028201	+0.0028201	+0.0028201
2013-09	0.058	-0.0099923	-0.0099923	-0.0099923	-0.0099923	-0.0099923	-0.0099923	-0.0099923	-0.0091834	-0.0091834	-0.0080817	-0.0075862	-0.0067751	+0.0006881	+0.0006881	+0.0100000	+0.0100000	+0.0100000	+0.0100000	+0.0100000	+0.0100000	+0.0100000
2013-10	0.063	+0.0008678	+0.0008678	+0.0008678	+0.0008678	+0.0008678	+0.0008678	+0.0008678	+0.0008678	+0.0028843	+0.0028843	+0.0028843	+0.0038269	+0.0038269	+0.0041281	+0.0041281	+0.0041281	+0.0041281	+0.0041281	+0.0041281	+0.0041281	+0.0041281
2013-11	-0.054	-0.0012038	-0.0012038	-0.0012038	-0.0012038	-0.0012038	-0.0012038	-0.0012038	+0.0037942	+0.0037942	+0.0039016	+0.0040750	+0.0040753	+0.0043360	+0.0043360	+0.0048837	+0.0048837	+0.0048837	+0.0048837	+0.0048837	+0.0048837	+0.0048837
2013-12	-0.007	-0.0023339	-0.0023339	-0.0023339	-0.0023339	-0.0023339	-0.0023339	-0.0023339	-0.0023339	-0.0018399	-0.0018399	-0.0017339	-0.0017229	-0.0017229	+0.0008814	+0.0008814	+0.0008814	+0.0008814	+0.0008814	+0.0008814	+0.0008814	+0.0008814
2014-01	-0.022	-0.0018105	-0.0018105	-0.0018105	-0.0018105	-0.0018105	-0.0018105	-0.0018105	-0.0018105	-0.0013352	-0.0013352	-0.0008990	-0.0002116	-0.0002116	+0.0010897	+0.0010897	+0.0010897	+0.0010897	+0.0010897	+0.0010897	+0.0010897	+0.0010897
2014-02	0.048	-0.0008240	-0.0008240	-0.0008240	-0.0008240	-0.0008240	-0.0008240	-0.0008240	-0.0008240	-0.0006263	-0.0006263	-0.0003320	-0.0003320	-0.0003320	-0.0003147	-0.0003147	-0.0003147	-0.0003147	-0.0003147	-0.0003147	-0.0003147	-0.0003147
2014-03	0.049	+0.0008001	+0.0008001	+0.0008001	+0.0008001	+0.0008001	+0.0008001	+0.0008001	+0.0008001	+0.0036042	+0.0036042	+0.0036042	+0.0043259	+0.0043259	+0.0047977	+0.0047977	+0.0047977	+0.0047977	+0.0047977	+0.0047977	+0.0047977	+0.0047977
2014-04	0.017	-0.0023469	-0.0023469	-0.0023469	-0.0023469	-0.0023469	-0.0023469	-0.0023469	-0.0023469	+0.0010051	+0.0010051	+0.0013462	+0.0016953	+0.0016953	+0.0017059	+0.0017059	+0.0017059	+0.0017059	+0.0017059	+0.0017059	+0.0017059	+0.0017059
2014-05	0.014	-0.0016582	-0.0016582	-0.0016582	-0.0016582	-0.0016582	-0.0016582	-0.0016582	-0.0009327	-0.0009327	-0.0007650	-0.0007650	-0.0005029	-0.0002600	-0.0002600	+0.0017334	+0.0017334	+0.0017334	+0.0017334	+0.0017334	+0.0017334	+0.0017334
2014-06	-0.019	+0.0004290	+0.0004290	+0.0004290	+0.0004290	+0.0004290	+0.0004290	+0.0004290	+0.0004290	+0.0007273	+0.0007273	+0.0008498	+0.0008861	+0.0008861	+0.0009172	+0.0009172	+0.0009172	+0.0009172	+0.0009172	+0.0009172	+0.0009172	+0.0009172
2014-07	0.064	-0.0014053	-0.0014053	-0.0014053	-0.0014053	-0.0014053	-0.0014053	-0.0014053	-0.0011805	-0.0011805	-0.0010626	-0.0009526	-0.0009526	-0.0006224	-0.0006224	-0.0002497	-0.0002497	-0.0002497	-0.0002497	-0.0002497	-0.0002497	-0.0002497
2014-08	0.021	-0.0025042	-0.0025042	-0.0025042	-0.0025042	-0.0025042	-0.0025042	-0.0025042	+0.0017450	+0.0017450	+0.0023349	+0.0028675	+0.0030155	+0.0037062	+0.0037062	+0.0038264	+0.0038264	+0.0038264	+0.0038264	+0.0038264	+0.0038264	+0.0038264
2014-09	0.020	+0.0008391	+0.0008391	+0.0008391	+0.0008391	+0.0008391	+0.0008391	+0.0008391	+0.0014597	+0.0014597	+0.0017986	+0.0017986	+0.0023162	+0.0025063	+0.0025063	+0.0026643	+0.0026643	+0.0026643	+0.0026643	+0.0026643	+0.0026643	+0.0026643
2014-10	-0.013	-0.0015438	-0.0015438	-0.0015438	-0.0015438	-0.0015438	-0.0015438	-0.0015438	-0.0015438	+0.0002258	+0.0002258	+0.0012466	+0.0018833	+0.0018833	+0.0029669	+0.0029669	+0.0029669	+0.0029669	+0.0029669	+0.0029669	+0.0029669	+0.0029669
2014-11	0.091	-0.0017891	-0.0017891	-0.0017891	-0.0017891	-0.0017891	-0.0017891	-0.0017891	-0.0014440	-0.0014440	-0.0008771	-0.0005535	+0.0006517	+0.0012933	+0.0012933	+0.0025460	+0.0025460	+0.0025460	+0.0025460	+0.0025460	+0.0025460	+0.0025460
2014-12	-0.019	-0.0001272	-0.0001272	-0.0001272	-0.0001272	-0.0001272	-0.0001272	-0.0001272	-0.0001272	-0.0001272	+0.0028108	+0.0028108	+0.0028108	+0.0034221	+0.0034221	+0.0034221	+0.0034221	+0.0034221	+0.0034221	+0.0034221	+0.0034221	+0.0034221
2015-01	-0.010	-0.0013232	-0.0013232	-0.0013232	-0.0013232	-0.0013232	-0.0013232	-0.0013232	-0.0010952	-0.0010952	-0.0009829	-0.0009829	-0.0009725	-0.0005668	-0.0005668	-0.0004939	-0.0004939	-0.0004939	-0.0004939	-0.0004939	-0.0004939	-0.0004939
2015-02	0.001	+0.0000239	+0.0000239	+0.0000239	+0.0000239	+0.0000239	+0.0000239	+0.0000239	+0.0000239	+0.0011894	+0.0011894	+0.0015626	+0.0015626	+0.0015626	+0.0021249	+0.0021249	+0.0021249	+0.0021249	+0.0021249	+0.0021249	+0.0021249	+0.0021249
