2012-01	0.048	-0.0100000	-0.0100000	-0.0100000	-0.0100000	-0.0100000	-0.0100000	-0.0100000	-0.0100000	-0.0100000	-0.0100000	-0.0100000	-0.0100000	-0.0100000	-0.0100000	-0.0100000	-0.0100000	-0.0100000	-0.0100000	-0.0100000	-0.0100000	-0.0100000
2012-02	-0.013	+0.0002611	+0.0002611	+0.0002611	+0.0002611	+0.0002611	+0.0002611	+0.0002611	+0.0002611	+0.0033227	+0.0033227	+0.0033227	+0.0033259	+0.0033259	+0.0038974	+0.0038974	+0.0038974	+0.0038974	+0.0038974	+0.0038974	+0.0038974	+0.0038974
2012-03	-0.052	-0.0007996	-0.0007996	-0.0007996	-0.0007996	-0.0007996	-0.0007996	-0.0007996	-0.0005159	-0.0005159	-0.0001404	-0.0001404	-0.0001278	-0.0001217	-0.0001217	+0.0004979	+0.0004979	+0.0004979	+0.0004979	+0.0004979	+0.0004979	+0.0004979
2012-04	0.006	-0.0035284	-0.0035284	-0.0035284	-0.0035284	-0.0035284	-0.0035284	-0.0035284	-0.0027460	-0.0027460	-0.0026973	-0.0026973	-0.0025455	-0.0021489	-0.0021489	+0.0019424	+0.0019424	+0.0019424	+0.0019424	+0.0019424	+0.0019424	+0.0019424
2012-05	-0.035	-0.0005632	-0.0005632	-0.0005632	-0.0005632	-0.0005632	-0.0005632	-0.0005632	-0.0005632	+0.0000680	+0.0000680	+0.0002435	+0.0003049	+0.0003049	+0.0006774	+0.0006774	+0.0006774	+0.0006774	+0.0006774	+0.0006774	+0.0006774	+0.0006774
2012-06	-0.047	-0.0038985	-0.0038985	-0.0038985	-0.0038985	-0.0038985	-0.0038985	-0.0038985	-0.0038401	-0.0038401	-0.0038116	-0.0035507	-0.0035507	-0.0019324	-0.0019324	+0.0002899	+0.0002899	+0.0002899	+0.0002899	+0.0002899	+0.0002899	+0.0002899
2012-07	0.046	-0.0019409	-0.0019409	-0.0019409	-0.0019409	-0.0019409	-0.0019409	-0.0019409	-0.0018465	-0.0018465	-0.0012159	-0.0009882	-0.0009882	-0.0001310	-0.0001310	+0.0016881	+0.0016881	+0.0016881	+0.0016881	+0.0016881	+0.0016881	+0.0016881
2012-08	-0.001	+0.0002661	+0.0002661	+0.0002661	+0.0002661	+0.0002661	+0.0002661	+0.0002661	+0.0004175	+0.0004175	+0.0004413	+0.0004413	+0.0005698	+0.0012423	+0.0012423	+0.0019025	+0.0019025	+0.0019025	+0.0019025	+0.0019025	+0.0019025	+0.0019025
2012-09	0.019	-0.0014777	-0.0014777	-0.0014777	-0.0014777	-0.0014777	-0.0014777	-0.0014777	-0.0006544	-0.0001881	-0.0001183	+0.0003207	+0.0003207	+0.0004826	+0.0009294	+0.0010630	+0.0010630	+0.0010630	+0.0010630	+0.0010630	+0.0010630	+0.0010630
2012-10	0.043	-0.0004923	-0.0004923	-0.0004923	-0.0004923	-0.0004923	-0.0004923	-0.0004923	-0.0004923	+0.0002271	+0.0002271	+0.0002271	+0.0007751	+0.0007751	+0.0009126	+0.0009126	+0.0009126	+0.0009126	+0.0009126	+0.0009126	+0.0009126	+0.0009126
2012-11	-0.029	-0.0012618	-0.0012618	-0.0012618	-0.0012618	-0.0012618	-0.0012618	-0.0012618	+0.0014234	+0.0014234	+0.0016589	+0.0019626	+0.0022991	+0.0025264	+0.0025264	+0.0028557	+0.0028557	+0.0028557	+0.0028557	+0.0028557	+0.0028557	+0.0028557
2012-12	0.040	-0.0023377	-0.0023377	-0.0023377	-0.0023377	-0.0023377	-0.0023377	-0.0023377	-0.0019231	-0.0019231	-0.0017810	-0.0016056	-0.0016056	-0.0012894	-0.0012894	+0.0001517	+0.0001517	+0.0001517	+0.0001517	+0.0001517	+0.0001517	+0.0001517
2013-01	0.039	-0.0005535	-0.0005535	-0.0005535	-0.0005535	-0.0005535	-0.0005535	-0.0005535	-0.0005535	+0.0014187	+0.0014187	+0.0014187	+0.0015745	+0.0015745	+0.0025419	+0.0025419	+0.0025419	+0.0025419	+0.0025419	+0.0025419	+0.0025419	+0.0025419
2013-02	-0.012	-0.0007952	-0.0007952	-0.0007952	-0.0007952	-0.0007952	-0.0007952	-0.0007952	-0.0007952	+0.0008826	+0.0008826	+0.0008826	+0.0016347	+0.0016347	+0.0017576	+0.0017576	+0.0017576	+0.0017576	+0.0017576	+0.0017576	+0.0017576	+0.0017576
2013-03	-0.023	-0.0009012	-0.0009012	-0.0009012	-0.0009012	-0.0009012	-0.0009012	-0.0009012	-0.0009012	-0.0008822	-0.0008822	-0.0005051	-0.0005051	-0.0005051	+0.0006355	+0.0006355	+0.0006355	+0.0006355	+0.0006355	+0.0006355	+0.0006355	+0.0006355
2013-04	0.008	-0.0022208	-0.0022208	-0.0022208	-0.0022208	-0.0022208	-0.0022208	-0.0022208	-0.0022208	-0.0020911	-0.0020911	-0.0020136	-0.0014187	-0.0014187	-0.0008411	-0.0008411	-0.0008411	-0.0008411	-0.0008411	-0.0008411	-0.0008411	-0.0008411
2013-05	-0.058	+0.0002721	+0.0002721	+0.0002721	+0.0002721	+0.0002721	+0.0002721	+0.0002721	+0.0003109	+0.0003109	+0.0012315	+0.0013503	+0.0013503	+0.0015614	+0.0015614	+0.0020200	+0.0020200	+0.0020200	+0.0020200	+0.0020200	+0.0020200	+0.0020200
2013-06	-0.064	-0.0043327	-0.0043327	-0.0043327	-0.0043327	-0.0043327	-0.0043327	-0.0043327	-0.0038965	-0.0038965	-0.0026252	-0.0026252	-0.0016593	-0.0016593	-0.0016593	-0.0005973	-0.0005973	-0.0005973	-0.0005973	-0.0005973	-0.0005973	-0.0005973
2013-07	-0.032	-0.0057175	-0.0057175	-0.0057175	-0.0057175	-0.0057175	-0.0057175	-0.0057175	-0.0057175	-0.0034061	-0.0034061	-0.0033903	-0.0029019	-0.0029019	+0.0001737	+0.0001737	+0.0001737	+0.0001737	+0.0001737	+0.0001737	+0.0001737	+0.0001737
2013-08	-0.038	+0.0002108	+0.0002108	+0.0002108	+0.0002108	+0.0002108	+0.0002108	+0.0002108	+0.0002201	+0.0002201	+0.0003733	+0.0007269	+0.0008701	+0.0013028	+0.0013028	+0.0015685	+0.0015685	+0.0015685	+0.0015685	+0.0015685	+0.0015685	+0.0015685
2013-09	0.025	-0.0043526	-0.0043526	-0.0043526	-0.0043526	-0.0043526	-0.0043526	-0.0043526	-0.0037136	-0.0037136	-0.0028663	-0.0026726	-0.0017098	-0.0012469	-0.0012469	-0.0000378	-0.0000378	-0.0000378	-0.0000378	-0.0000378	-0.0000378	-0.0000378
2013-10	0.029	-0.0000078	-0.0000078	-0.0000078	-0.0000078	-0.0000078	-0.0000078	-0.0000078	-0.0000078	+0.0032436	+0.0032436	+0.0032436	+0.0035959	+0.0035959	+0.0039086	+0.0039086	+0.0039086	+0.0039086	+0.0039086	+0.0039086	+0.0039086	+0.0039086
2013-11	-0.069	-0.0011120	-0.0011120	-0.0011120	-0.0011120	-0.0011120	-0.0011120	-0.0011120	+0.0004324	+0.0004324	+0.0007429	+0.0009317	+0.0009661	+0.0010203	+0.0010203	+0.0015505	+0.0015505	+0.0015505	+0.0015505	+0.0015505	+0.0015505	+0.0015505
2013-12	-0.014	-0.0038406	-0.0038406	-0.0038406	-0.0038406	-0.0038406	-0.0038406	-0.0038406	-0.0038406	-0.0028976	-0.0028976	-0.0015647	-0.0015493	-0.0015493	+0.0028946	+0.0028946	+0.0028946	+0.0028946	+0.0028946	+0.0028946	+0.0028946	+0.0028946
2014-01	-0.038	-0.0004719	-0.0004719	-0.0004719	-0.0004719	-0.0004719	-0.0004719	-0.0004719	-0.0004719	+0.0006293	+0.0006293	+0.0008404	+0.0016822	+0.0016822	+0.0018265	+0.0018265	+0.0018265	+0.0018265	+0.0018265	+0.0018265	+0.0018265	+0.0018265
2014-02	0.055	-0.0022983	-0.0022983	-0.0022983	-0.0022983	-0.0022983	-0.0022983	-0.0022983	-0.0022983	-0.0022703	-0.0022703	-0.0019220	-0.0019220	-0.0019220	+0.0000888	+0.0000888	+0.0000888	+0.0000888	+0.0000888	+0.0000888	+0.0000888	+0.0000888
2014-03	0.032	-0.0006913	-0.0006913	-0.0006913	-0.0006913	-0.0006913	-0.0006913	-0.0006913	-0.0006913	+0.0030588	+0.0030588	+0.0030588	+0.0033843	+0.0033843	+0.0037841	+0.0037841	+0.0037841	+0.0037841	+0.0037841	+0.0037841	+0.0037841	+0.0037841
2014-04	0.022	-0.0003696	-0.0003696	-0.0003696	-0.0003696	-0.0003696	-0.0003696	-0.0003696	-0.0003696	-0.0002348	-0.0002348	+0.0000785	+0.0007100	+0.0007100	+0.0021991	+0.0021991	+0.0021991	+0.0021991	+0.0021991	+0.0021991	+0.0021991	+0.0021991
2014-05	0.012	-0.0008500	-0.0008500	-0.0008500	-0.0008500	-0.0008500	-0.0008500	-0.0008500	+0.0010194	+0.0010194	+0.0012145	+0.0012297	+0.0012297	+0.0018668	+0.0018668	+0.0019467	+0.0019467	+0.0019467	+0.0019467	+0.0019467	+0.0019467	+0.0019467
2014-06	0.028	-0.0014191	-0.0014191	-0.0014191	-0.0014191	-0.0014191	-0.0014191	-0.0014191	-0.0014191	+0.0003109	+0.0003109	+0.0006157	+0.0015515	+0.0015515	+0.0017859	+0.0017859	+0.0017859	+0.0017859	+0.0017859	+0.0017859	+0.0017859	+0.0017859
2014-07	-0.007	-0.0000876	-0.0000876	-0.0000876	-0.0000876	-0.0000876	-0.0000876	-0.0000876	+0.0006509	+0.0006509	+0.0007784	+0.0014962	+0.0014962	+0.0019358	+0.0019358	+0.0023985	+0.0023985	+0.0023985	+0.0023985	+0.0023985	+0.0023985	+0.0023985
2014-08	0.021	+0.0000652	+0.0000652	+0.0000652	+0.0000652	+0.0000652	+0.0000652	+0.0000652	+0.0001159	+0.0001159	+0.0002819	+0.0009895	+0.0009904	+0.0012049	+0.0012049	+0.0012408	+0.0012408	+0.0012408	+0.0012408	+0.0012408	+0.0012408	+0.0012408
2014-09	-0.078	+0.0001907	+0.0001907	+0.0001907	+0.0001907	+0.0001907	+0.0001907	+0.0001907	+0.0003651	+0.0003651	+0.0009199	+0.0009829	+0.0009829	+0.0019154	+0.0019154	+0.0031615	+0.0031615	+0.0031615	+0.0031615	+0.0031615	+0.0031615	+0.0031615
2014-10	0.011	-0.0064131	-0.0064131	-0.0064131	-0.0064131	-0.0064131	-0.0064131	-0.0064131	-0.0064131	-0.0050805	-0.0050805	-0.0044806	-0.0040967	-0.0040967	-0.0008206	-0.0008206	-0.0008206	-0.0008206	-0.0008206	-0.0008206	-0.0008206	-0.0008206
2014-11	-0.009	-0.0030135	-0.0030135	-0.0030135	-0.0030135	-0.0030135	-0.0030135	-0.0030135	-0.0005508	-0.0005508	-0.0004335	-0.0001741	-0.0001401	-0.0001395	-0.0001395	+0.0007760	+0.0007760	+0.0007760	+0.0007760	+0.0007760	+0.0007760	+0.0007760
2014-12	-0.060	+0.0006698	+0.0006698	+0.0006698	+0.0006698	+0.0006698	+0.0006698	+0.0006698	+0.0006698	+0.0006698	+0.0008776	+0.0008776	+0.0008776	+0.0016413	+0.0016413	+0.0016413	+0.0016413	+0.0016413	+0.0016413	+0.0016413	+0.0016413	+0.0016413
2015-01	0.043	-0.0034248	-0.0034248	-0.0034248	-0.0034248	-0.0034248	-0.0034248	-0.0034248	-0.0032990	-0.0032990	-0.0028182	-0.0024183	-0.0024183	-0.0020789	-0.0020789	+0.0011316	+0.0011316	+0.0011316	+0.0011316	+0.0011316	+0.0011316	+0.0011316
2015-02	-0.028	-0.0010600	-0.0010600	-0.0010600	-0.0010600	-0.0010600	-0.0010600	-0.0010600	-0.0010600	+0.0025224	+0.0025224	+0.0025224	+0.0031984	+0.0031984	+0.0033486	+0.0033486	+0.0033486	+0.0033486	+0.0033486	+0.0033486	+0.0033486	+0.0033486
