2011-02	0.034	-0.0009681	-0.0009681	-0.0009681	-0.0009681	-0.0009681	-0.0009681	-0.0009681	-0.0009681	+0.0001109	+0.0001109	+0.0001109	+0.0019500	+0.0019500	+0.0024548	+0.0024548	+0.0024548	+0.0024548	+0.0024548	+0.0024548	+0.0024548	+0.0024548
2011-03	0.028	-0.0010498	-0.0010498	-0.0010498	-0.0010498	-0.0010498	-0.0010498	-0.0010498	-0.0010498	+0.0005878	+0.0005878	+0.0005878	+0.0010153	+0.0010153	+0.0016900	+0.0016900	+0.0016900	+0.0016900	+0.0016900	+0.0016900	+0.0016900	+0.0016900
2011-04	0.036	-0.0019215	-0.0019215	-0.0019215	-0.0019215	-0.0019215	-0.0019215	-0.0019215	-0.0015419	-0.0015419	-0.0007803	-0.0006692	-0.0005978	-0.0004372	-0.0004372	+0.0012870	+0.0012870	+0.0012870	+0.0012870	+0.0012870	+0.0012870	+0.0012870
2011-05	-0.027	-0.0023346	-0.0023346	-0.0023346	-0.0023346	-0.0023346	-0.0023346	-0.0023346	-0.0023346	-0.0007295	-0.0007295	-0.0005083	-0.0003959	-0.0003959	+0.0011861	+0.0011861	+0.0011861	+0.0011861	+0.0011861	+0.0011861	+0.0011861	+0.0011861
2011-06	-0.016	-0.0017766	-0.0017766	-0.0017766	-0.0017766	-0.0017766	-0.0017766	-0.0017766	-0.0017766	+0.0009091	+0.0009091	+0.0014887	+0.0014887	+0.0014887	+0.0022721	+0.0022721	+0.0022721	+0.0022721	+0.0022721	+0.0022721	+0.0022721	+0.0022721
2011-07	-0.037	-0.0033348	-0.0033348	-0.0033348	-0.0033348	-0.0033348	-0.0033348	-0.0033348	-0.0029375	-0.0029375	-0.0025699	-0.0015063	-0.0000530	+0.0008350	+0.0008350	+0.0034598	+0.0034598	+0.0034598	+0.0034598	+0.0034598	+0.0034598	+0.0034598
2011-08	-0.067	-0.0040357	-0.0040357	-0.0040357	-0.0040357	-0.0040357	-0.0040357	-0.0040357	-0.0040357	-0.0033390	-0.0033390	-0.0019025	-0.0010936	-0.0010936	-0.0008387	-0.0008387	-0.0008387	-0.0008387	-0.0008387	-0.0008387	-0.0008387	-0.0008387
2011-09	-0.081	-0.0078828	-0.0078828	-0.0078828	-0.0078828	-0.0078828	-0.0078828	-0.0078828	-0.0055790	-0.0051166	-0.0032436	-0.0032436	-0.0016878	+0.0007802	+0.0048937	+0.0070282	+0.0070282	+0.0070282	+0.0070282	+0.0070282	+0.0070282	+0.0070282
2011-10	0.109	-0.0070452	-0.0070452	-0.0070452	-0.0070452	-0.0070452	-0.0070452	-0.0070452	-0.0070452	-0.0051106	-0.0051106	-0.0050487	-0.0036281	-0.0036281	+0.0026378	+0.0026378	+0.0026378	+0.0026378	+0.0026378	+0.0026378	+0.0026378	+0.0026378
2011-11	-0.058	-0.0008270	-0.0008270	-0.0008270	-0.0008270	-0.0008270	-0.0008270	-0.0008270	-0.0008270	+0.0041070	+0.0041070	+0.0069413	+0.0087771	+0.0087771	+0.0091718	+0.0091718	+0.0091718	+0.0091718	+0.0091718	+0.0091718	+0.0091718	+0.0091718
2011-12	0.019	-0.0052284	-0.0052284	-0.0052284	-0.0052284	-0.0052284	-0.0052284	-0.0052284	-0.0052284	-0.0033216	-0.0033216	-0.0026997	-0.0022457	-0.0022457	+0.0005387	+0.0005387	+0.0005387	+0.0005387	+0.0005387	+0.0005387	+0.0005387	+0.0005387
2012-01	0.017	-0.0008725	-0.0008725	-0.0008725	-0.0008725	-0.0008725	-0.0008725	-0.0008725	-0.0003514	-0.0003514	-0.0001846	-0.0001846	+0.0001071	+0.0001168	+0.0001168	+0.0002237	+0.0002237	+0.0002237	+0.0002237	+0.0002237	+0.0002237	+0.0002237
2012-02	0.093	+0.0004310	+0.0004310	+0.0004310	+0.0004310	+0.0004310	+0.0004310	+0.0004310	+0.0004310	+0.0010284	+0.0010284	+0.0010284	+0.0017290	+0.0017290	+0.0020856	+0.0020856	+0.0020856	+0.0020856	+0.0020856	+0.0020856	+0.0020856	+0.0020856
2012-03	0.046	-0.0024919	-0.0024919	-0.0024919	-0.0024919	-0.0024919	-0.0024919	-0.0024919	+0.0042950	+0.0042950	+0.0046517	+0.0046517	+0.0050348	+0.0059042	+0.0059042	+0.0059445	+0.0059445	+0.0059445	+0.0059445	+0.0059445	+0.0059445	+0.0059445
2012-04	-0.004	+0.0010568	+0.0010568	+0.0010568	+0.0010568	+0.0010568	+0.0010568	+0.0010568	+0.0030065	+0.0030065	+0.0030079	+0.0030079	+0.0032363	+0.0032788	+0.0032788	+0.0046973	+0.0046973	+0.0046973	+0.0046973	+0.0046973	+0.0046973	+0.0046973
2012-05	-0.103	-0.0028064	-0.0028064	-0.0028064	-0.0028064	-0.0028064	-0.0028064	-0.0028064	-0.0028064	-0.0018711	-0.0018711	-0.0017487	-0.0004698	-0.0004698	+0.0014727	+0.0014727	+0.0014727	+0.0014727	+0.0014727	+0.0014727	+0.0014727	+0.0014727
2012-06	0.027	-0.0057914	-0.0057914	-0.0057914	-0.0057914	-0.0057914	-0.0057914	-0.0057914	-0.0052251	-0.0052251	-0.0045122	-0.0041741	-0.0041741	-0.0039276	-0.0039276	+0.0021718	+0.0021718	+0.0021718	+0.0021718	+0.0021718	+0.0021718	+0.0021718
2012-07	0.028	-0.0007569	-0.0007569	-0.0007569	-0.0007569	-0.0007569	-0.0007569	-0.0007569	+0.0018525	+0.0018525	+0.0021184	+0.0032804	+0.0032804	+0.0034081	+0.0034081	+0.0038448	+0.0038448	+0.0038448	+0.0038448	+0.0038448	+0.0038448	+0.0038448
2012-08	0.004	-0.0034259	-0.0034259	-0.0034259	-0.0034259	-0.0034259	-0.0034259	-0.0034259	-0.0034043	-0.0034043	-0.0025355	-0.0015789	-0.0015789	-0.0012351	-0.0012351	+0.0004915	+0.0004915	+0.0004915	+0.0004915	+0.0004915	+0.0004915	+0.0004915
2012-09	0.024	-0.0008465	-0.0008465	-0.0008465	-0.0008465	-0.0008465	-0.0008465	-0.0008465	-0.0004300	-0.0001048	+0.0001311	+0.0001311	+0.0003421	+0.0006256	+0.0011701	+0.0017150	+0.0017150	+0.0017150	+0.0017150	+0.0017150	+0.0017150	+0.0017150
2012-10	0.027	-0.0000966	-0.0000966	-0.0000966	-0.0000966	-0.0000966	-0.0000966	-0.0000966	-0.0000966	+0.0007411	+0.0007411	+0.0007411	+0.0013505	+0.0013505	+0.0013905	+0.0013905	+0.0013905	+0.0013905	+0.0013905	+0.0013905	+0.0013905	+0.0013905
2012-11	0.059	-0.0007796	-0.0007796	-0.0007796	-0.0007796	-0.0007796	-0.0007796	-0.0007796	+0.0005127	+0.0005127	+0.0005464	+0.0008709	+0.0008901	+0.0014073	+0.0014073	+0.0014224	+0.0014224	+0.0014224	+0.0014224	+0.0014224	+0.0014224	+0.0014224
2012-12	0.057	+0.0001593	+0.0001593	+0.0001593	+0.0001593	+0.0001593	+0.0001593	+0.0001593	+0.0021970	+0.0021970	+0.0026937	+0.0026937	+0.0030457	+0.0032599	+0.0032599	+0.0035204	+0.0035204	+0.0035204	+0.0035204	+0.0035204	+0.0035204	+0.0035204
2013-01	0.102	-0.0001651	-0.0001651	-0.0001651	-0.0001651	-0.0001651	-0.0001651	-0.0001651	-0.0001651	+0.0028683	+0.0028683	+0.0028683	+0.0032520	+0.0032520	+0.0040497	+0.0040497	+0.0040497	+0.0040497	+0.0040497	+0.0040497	+0.0040497	+0.0040497
2013-02	0.016	+0.0003349	+0.0003349	+0.0003349	+0.0003349	+0.0003349	+0.0003349	+0.0003349	+0.0003349	+0.0041093	+0.0041093	+0.0041093	+0.0042872	+0.0042872	+0.0050090	+0.0050090	+0.0050090	+0.0050090	+0.0050090	+0.0050090	+0.0050090	+0.0050090
2013-03	0.050	-0.0013851	-0.0013851	-0.0013851	-0.0013851	-0.0013851	-0.0013851	-0.0013851	-0.0013851	-0.0008209	-0.0008209	-0.0008209	+0.0006763	+0.0006763	+0.0009609	+0.0009609	+0.0009609	+0.0009609	+0.0009609	+0.0009609	+0.0009609	+0.0009609
2013-04	0.052	-0.0011913	-0.0011913	-0.0011913	-0.0011913	-0.0011913	-0.0011913	-0.0011913	-0.0011913	+0.0019230	+0.0019230	+0.0019393	+0.0020151	+0.0020151	+0.0021686	+0.0021686	+0.0021686	+0.0021686	+0.0021686	+0.0021686	+0.0021686	+0.0021686
2013-05	0.022	-0.0019699	-0.0019699	-0.0019699	-0.0019699	-0.0019699	-0.0019699	-0.0019699	+0.0017951	+0.0017951	+0.0030480	+0.0040819	+0.0040819	+0.0047867	+0.0047867	+0.0051182	+0.0051182	+0.0051182	+0.0051182	+0.0051182	+0.0051182	+0.0051182
2013-06	-0.050	-0.0019495	-0.0019495	-0.0019495	-0.0019495	-0.0019495	-0.0019495	-0.0019495	+0.0003347	+0.0003347	+0.0006769	+0.0006769	+0.0012474	+0.0013170	+0.0013170	+0.0020612	+0.0020612	+0.0020612	+0.0020612	+0.0020612	+0.0020612	+0.0020612
2013-07	0.020	-0.0037848	-0.0037848	-0.0037848	-0.0037848	-0.0037848	-0.0037848	-0.0037848	-0.0037848	-0.0033034	-0.0033034	-0.0028769	-0.0008922	-0.0008922	+0.0020934	+0.0020934	+0.0020934	+0.0020934	+0.0020934	+0.0020934	+0.0020934	+0.0020934
2013-08	-0.011	-0.0012924	-0.0012924	-0.0012924	-0.0012924	-0.0012924	-0.0012924	-0.0012924	+0.0000906	+0.0000906	+0.0007306	+0.0011650	+0.0011925	+0.0019281	+0.0019281	+0.0023953	+0.0023953	+0.0023953	+0.0023953	+0.0023953	+0.0023953	+0.0023953
2013-09	0.013	-0.0022055	-0.0022055	-0.0022055	-0.0022055	-0.0022055	-0.0022055	-0.0022055	-0.0018093	-0.0018093	-0.0015009	-0.0008421	-0.0007175	-0.0005098	-0.0005098	+0.0003904	+0.0003904	+0.0003904	+0.0003904	+0.0003904	+0.0003904	+0.0003904
2013-10	0.047	-0.0009686	-0.0009686	-0.0009686	-0.0009686	-0.0009686	-0.0009686	-0.0009686	-0.0009686	+0.0002293	+0.0002293	+0.0002293	+0.0009614	+0.0009614	+0.0014480	+0.0014480	+0.0014480	+0.0014480	+0.0014480	+0.0014480	+0.0014480	+0.0014480
2013-11	0.029	+0.0009859	+0.0009859	+0.0009859	+0.0009859	+0.0009859	+0.0009859	+0.0009859	+0.0021118	+0.0021118	+0.0022142	+0.0030458	+0.0032522	+0.0035559	+0.0035559	+0.0038654	+0.0038654	+0.0038654	+0.0038654	+0.0038654	+0.0038654	+0.0038654
2013-12	0.038	+0.0005523	+0.0005523	+0.0005523	+0.0005523	+0.0005523	+0.0005523	+0.0005523	+0.0005523	+0.0017130	+0.0017130	+0.0017821	+0.0021590	+0.0021590	+0.0021824	+0.0021824	+0.0021824	+0.0021824	+0.0021824	+0.0021824	+0.0021824	+0.0021824
2014-01	-0.052	+0.0006345	+0.0006345	+0.0006345	+0.0006345	+0.0006345	+0.0006345	+0.0006345	+0.0006345	+0.0015957	+0.0015957	+0.0016668	+0.0021677	+0.0021677	+0.0027907	+0.0027907	+0.0027907	+0.0027907	+0.0027907	+0.0027907	+0.0027907	+0.0027907
2014-02	0.022	-0.0026385	-0.0026385	-0.0026385	-0.0026385	-0.0026385	-0.0026385	-0.0026385	-0.0026385	-0.0025022	-0.0025022	-0.0018786	-0.0018786	-0.0018786	+0.0001633	+0.0001633	+0.0001633	+0.0001633	+0.0001633	+0.0001633	+0.0001633	+0.0001633
2014-03	0.031	+0.0012048	+0.0012048	+0.0012048	+0.0012048	+0.0012048	+0.0012048	+0.0012048	+0.0012048	+0.0024011	+0.0024011	+0.0024011	+0.0032257	+0.0032257	+0.0035684	+0.0035684	+0.0035684	+0.0035684	+0.0035684	+0.0035684	+0.0035684	+0.0035684
2014-04	0.006	-0.0017371	-0.0017371	-0.0017371	-0.0017371	-0.0017371	-0.0017371	-0.0017371	-0.0017371	+0.0004305	+0.0004305	+0.0011031	+0.0011361	+0.0011361	+0.0015426	+0.0015426	+0.0015426	+0.0015426	+0.0015426	+0.0015426	+0.0015426	+0.0015426
2014-05	0.006	-0.0010792	-0.0010792	-0.0010792	-0.0010792	-0.0010792	-0.0010792	-0.0010792	-0.0006557	-0.0006557	-0.0006347	-0.0006347	-0.0002668	+0.0002351	+0.0002351	+0.0005994	+0.0005994	+0.0005994	+0.0005994	+0.0005994	+0.0005994	+0.0005994
2014-06	0.000	+0.0000001	+0.0000001	+0.0000001	+0.0000001	+0.0000001	+0.0000001	+0.0000001	+0.0000001	+0.0001707	+0.0001707	+0.0001817	+0.0004097	+0.0004097	+0.0005580	+0.0005580	+0.0005580	+0.0005580	+0.0005580	+0.0005580	+0.0005580	+0.0005580
2014-07	-0.008	-0.0004807	-0.0004807	-0.0004807	-0.0004807	-0.0004807	-0.0004807	-0.0004807	-0.0003636	-0.0003636	-0.0003010	-0.0003010	-0.0001954	-0.0000790	-0.0000790	+0.0002164	+0.0002164	+0.0002164	+0.0002164	+0.0002164	+0.0002164	+0.0002164
2014-08	0.027	-0.0013087	-0.0013087	-0.0013087	-0.0013087	-0.0013087	-0.0013087	-0.0013087	-0.0012544	-0.0012544	-0.0012442	-0.0008334	-0.0002158	-0.0001796	-0.0001796	-0.0000790	-0.0000790	-0.0000790	-0.0000790	-0.0000790	-0.0000790	-0.0000790
2014-09	0.016	+0.0004341	+0.0004341	+0.0004341	+0.0004341	+0.0004341	+0.0004341	+0.0004341	+0.0022701	+0.0022701	+0.0027235	+0.0027952	+0.0027952	+0.0028031	+0.0028031	+0.0028604	+0.0028604	+0.0028604	+0.0028604	+0.0028604	+0.0028604	+0.0028604
2014-10	0.002	-0.0007113	-0.0007113	-0.0007113	-0.0007113	-0.0007113	-0.0007113	-0.0007113	-0.0007113	+0.0001641	+0.0001641	+0.0001743	+0.0002630	+0.0002630	+0.0016484	+0.0016484	+0.0016484	+0.0016484	+0.0016484	+0.0016484	+0.0016484	+0.0016484
2014-11	0.094	-0.0017359	-0.0017359	-0.0017359	-0.0017359	-0.0017359	-0.0017359	-0.0017359	-0.0005973	-0.0005973	-0.0000312	+0.0000621	+0.0003508	+0.0013238	+0.0013238	+0.0017436	+0.0017436	+0.0017436	+0.0017436	+0.0017436	+0.0017436	+0.0017436
2014-12	0.010	-0.0007633	-0.0007633	-0.0007633	-0.0007633	-0.0007633	-0.0007633	-0.0007633	-0.0007633	-0.0007633	+0.0034716	+0.0034716	+0.0034716	+0.0037833	+0.0037833	+0.0037833	+0.0037833	+0.0037833	+0.0037833	+0.0037833	+0.0037833	+0.0037833
2015-01	-0.003	-0.0006574	-0.0006574	-0.0006574	-0.0006574	-0.0006574	-0.0006574	-0.0006574	+0.0002910	+0.0002910	+0.0003556	+0.0003556	+0.0003687	+0.0005093	+0.0005093	+0.0005500	+0.0005500	+0.0005500	+0.0005500	+0.0005500	+0.0005500	+0.0005500
2015-02	-0.001	+0.0004968	+0.0004968	+0.0004968	+0.0004968	+0.0004968	+0.0004968	+0.0004968	+0.0004968	+0.0007660	+0.0007660	+0.0007660	+0.0012522	+0.0012522	+0.0021380	+0.0021380	+0.0021380	+0.0021380	+0.0021380	+0.0021380	+0.0021380	+0.0021380
