2011-04	0.033	-0.0100000	-0.0100000	-0.0100000	-0.0100000	-0.0100000	-0.0100000	-0.0100000	-0.0100000	-0.0100000	-0.0100000	-0.0100000	-0.0100000	-0.0100000	-0.0100000	-0.0100000	-0.0100000	-0.0100000	-0.0100000	-0.0100000	-0.0100000	-0.0100000
2011-05	-0.023	-0.0030575	-0.0030575	-0.0030575	-0.0030575	-0.0030575	-0.0030575	-0.0030575	-0.0030575	-0.0003243	-0.0003243	-0.0003011	+0.0011106	+0.0011106	+0.0016759	+0.0016759	+0.0016759	+0.0016759	+0.0016759	+0.0016759	+0.0016759	+0.0016759
2011-06	0.012	-0.0028182	-0.0028182	-0.0028182	-0.0028182	-0.0028182	-0.0028182	-0.0028182	-0.0028182	-0.0020967	-0.0020967	-0.0008270	-0.0008270	-0.0008270	+0.0007358	+0.0007358	+0.0007358	+0.0007358	+0.0007358	+0.0007358	+0.0007358	+0.0007358
2011-07	-0.031	-0.0019534	-0.0019534	-0.0019534	-0.0019534	-0.0019534	-0.0019534	-0.0019534	-0.0017788	-0.0017788	-0.0013901	-0.0011146	-0.0009178	+0.0005259	+0.0005259	+0.0010598	+0.0010598	+0.0010598	+0.0010598	+0.0010598	+0.0010598	+0.0010598
2011-08	-0.049	-0.0042007	-0.0042007	-0.0042007	-0.0042007	-0.0042007	-0.0042007	-0.0042007	-0.0042007	-0.0024666	-0.0024666	-0.0022369	-0.0018761	-0.0018761	-0.0012736	-0.0012736	-0.0012736	-0.0012736	-0.0012736	-0.0012736	-0.0012736	-0.0012736
2011-09	-0.103	-0.0057704	-0.0057704	-0.0057704	-0.0057704	-0.0057704	-0.0057704	-0.0057704	-0.0057324	-0.0053720	-0.0049574	-0.0033771	-0.0033771	-0.0014631	+0.0003176	+0.0068707	+0.0068707	+0.0068707	+0.0068707	+0.0068707	+0.0068707	+0.0068707
2011-10	0.070	-0.0087569	-0.0087569	-0.0087569	-0.0087569	-0.0087569	-0.0087569	-0.0087569	-0.0087569	-0.0074142	-0.0074142	-0.0070996	+0.0011756	+0.0011756	+0.0100000	+0.0100000	+0.0100000	+0.0100000	+0.0100000	+0.0100000	+0.0100000	+0.0100000
2011-11	-0.030	+0.0009001	+0.0009001	+0.0009001	+0.0009001	+0.0009001	+0.0009001	+0.0009001	+0.0009001	+0.0032046	+0.0032046	+0.0049546	+0.0075461	+0.0075461	+0.0076892	+0.0076892	+0.0076892	+0.0076892	+0.0076892	+0.0076892	+0.0076892	+0.0076892
2011-12	0.022	-0.0050662	-0.0050662	-0.0050662	-0.0050662	-0.0050662	-0.0050662	-0.0050662	-0.0050662	-0.0044673	-0.0044673	-0.0033987	-0.0029281	-0.0029281	+0.0003929	+0.0003929	+0.0003929	+0.0003929	+0.0003929	+0.0003929	+0.0003929	+0.0003929
2012-01	0.047	-0.0025190	-0.0025190	-0.0025190	-0.0025190	-0.0025190	-0.0025190	-0.0025190	-0.0012794	-0.0012794	-0.0008572	-0.0008572	-0.0007796	-0.0007013	-0.0007013	+0.0014463	+0.0014463	+0.0014463	+0.0014463	+0.0014463	+0.0014463	+0.0014463
2012-02	0.110	+0.0001373	+0.0001373	+0.0001373	+0.0001373	+0.0001373	+0.0001373	+0.0001373	+0.0001373	+0.0025222	+0.0025222	+0.0025222	+0.0030489	+0.0030489	+0.0037375	+0.0037375	+0.0037375	+0.0037375	+0.0037375	+0.0037375	+0.0037375	+0.0037375
2012-03	-0.002	-0.0015313	-0.0015313	-0.0015313	-0.0015313	-0.0015313	-0.0015313	-0.0015313	+0.0054781	+0.0054781	+0.0055074	+0.0055340	+0.0055340	+0.0059776	+0.0059776	+0.0060330	+0.0060330	+0.0060330	+0.0060330	+0.0060330	+0.0060330	+0.0060330
2012-04	-0.038	-0.0004875	-0.0004875	-0.0004875	-0.0004875	-0.0004875	-0.0004875	-0.0004875	-0.0002847	-0.0002847	-0.0000858	+0.0000176	+0.0000176	+0.0003813	+0.0003813	+0.0015421	+0.0015421	+0.0015421	+0.0015421	+0.0015421	+0.0015421	+0.0015421
2012-05	-0.105	-0.0041722	-0.0041722	-0.0041722	-0.0041722	-0.0041722	-0.0041722	-0.0041722	-0.0041722	-0.0033483	-0.0033483	-0.0030280	-0.0028770	-0.0028770	+0.0008171	+0.0008171	+0.0008171	+0.0008171	+0.0008171	+0.0008171	+0.0008171	+0.0008171
2012-06	0.028	-0.0077830	-0.0077830	-0.0077830	-0.0077830	-0.0077830	-0.0077830	-0.0077830	-0.0075858	-0.0075858	-0.0074385	-0.0054182	-0.0054182	-0.0045593	-0.0045593	+0.0023525	+0.0023525	+0.0023525	+0.0023525	+0.0023525	+0.0023525	+0.0023525
2012-07	0.012	-0.0011280	-0.0011280	-0.0011280	-0.0011280	-0.0011280	-0.0011280	-0.0011280	+0.0023280	+0.0023280	+0.0029181	+0.0033155	+0.0033155	+0.0040359	+0.0040359	+0.0040599	+0.0040599	+0.0040599	+0.0040599	+0.0040599	+0.0040599	+0.0040599
2012-08	0.027	-0.0030830	-0.0030830	-0.0030830	-0.0030830	-0.0030830	-0.0030830	-0.0030830	-0.0025815	-0.0025815	-0.0019800	-0.0019800	-0.0017609	-0.0014590	-0.0014590	-0.0012487	-0.0012487	-0.0012487	-0.0012487	-0.0012487	-0.0012487	-0.0012487
2012-09	0.005	-0.0011784	-0.0011784	-0.0011784	-0.0011784	-0.0011784	-0.0011784	-0.0011784	+0.0008931	+0.0009795	+0.0013332	+0.0021104	+0.0021104	+0.0026611	+0.0028243	+0.0029408	+0.0029408	+0.0029408	+0.0029408	+0.0029408	+0.0029408	+0.0029408
2012-10	0.011	-0.0000252	-0.0000252	-0.0000252	-0.0000252	-0.0000252	-0.0000252	-0.0000252	-0.0000252	+0.0002872	+0.0002872	+0.0002872	+0.0004000	+0.0004000	+0.0011488	+0.0011488	+0.0011488	+0.0011488	+0.0011488	+0.0011488	+0.0011488	+0.0011488
2012-11	0.037	-0.0003556	-0.0003556	-0.0003556	-0.0003556	-0.0003556	-0.0003556	-0.0003556	-0.0002371	-0.0002371	-0.0000250	+0.0002249	+0.0007810	+0.0009444	+0.0009444	+0.0015578	+0.0015578	+0.0015578	+0.0015578	+0.0015578	+0.0015578	+0.0015578
2012-12	0.076	-0.0006736	-0.0006736	-0.0006736	-0.0006736	-0.0006736	-0.0006736	-0.0006736	+0.0004706	+0.0004706	+0.0009623	+0.0010793	+0.0010793	+0.0011569	+0.0011569	+0.0016034	+0.0016034	+0.0016034	+0.0016034	+0.0016034	+0.0016034	+0.0016034
2013-01	0.058	+0.0001251	+0.0001251	+0.0001251	+0.0001251	+0.0001251	+0.0001251	+0.0001251	+0.0001251	+0.0022162	+0.0022162	+0.0022162	+0.0029215	+0.0029215	+0.0050215	+0.0050215	+0.0050215	+0.0050215	+0.0050215	+0.0050215	+0.0050215	+0.0050215
2013-02	-0.015	-0.0017580	-0.0017580	-0.0017580	-0.0017580	-0.0017580	-0.0017580	-0.0017580	-0.0017580	+0.0000322	+0.0000322	+0.0000322	+0.0012771	+0.0012771	+0.0028114	+0.0028114	+0.0028114	+0.0028114	+0.0028114	+0.0028114	+0.0028114	+0.0028114
2013-03	0.030	-0.0022350	-0.0022350	-0.0022350	-0.0022350	-0.0022350	-0.0022350	-0.0022350	-0.0022350	-0.0016887	-0.0016887	-0.0016887	-0.0015717	-0.0015717	+0.0012287	+0.0012287	+0.0012287	+0.0012287	+0.0012287	+0.0012287	+0.0012287	+0.0012287
2013-04	0.055	-0.0011836	-0.0011836	-0.0011836	-0.0011836	-0.0011836	-0.0011836	-0.0011836	-0.0011836	+0.0005354	+0.0005354	+0.0005370	+0.0009588	+0.0009588	+0.0010383	+0.0010383	+0.0010383	+0.0010383	+0.0010383	+0.0010383	+0.0010383	+0.0010383
2013-05	0.023	-0.0012753	-0.0012753	-0.0012753	-0.0012753	-0.0012753	-0.0012753	-0.0012753	+0.0023309	+0.0023309	+0.0031736	+0.0035416	+0.0035416	+0.0039198	+0.0039198	+0.0040002	+0.0040002	+0.0040002	+0.0040002	+0.0040002	+0.0040002	+0.0040002
2013-06	-0.110	-0.0026635	-0.0026635	-0.0026635	-0.0026635	-0.0026635	-0.0026635	-0.0026635	-0.0015295	-0.0015295	+0.0003308	+0.0003308	+0.0025791	+0.0025840	+0.0025840	+0.0030202	+0.0030202	+0.0030202	+0.0030202	+0.0030202	+0.0030202	+0.0030202
2013-07	0.033	-0.0078332	-0.0078332	-0.0078332	-0.0078332	-0.0078332	-0.0078332	-0.0078332	-0.0078332	-0.0073104	-0.0073104	-0.0062509	-0.0048246	-0.0048246	+0.0022530	+0.0022530	+0.0022530	+0.0022530	+0.0022530	+0.0022530	+0.0022530	+0.0022530
2013-08	-0.042	+0.0001143	+0.0001143	+0.0001143	+0.0001143	+0.0001143	+0.0001143	+0.0001143	+0.0002102	+0.0002102	+0.0005267	+0.0015163	+0.0017391	+0.0020831	+0.0020831	+0.0027075	+0.0027075	+0.0027075	+0.0027075	+0.0027075	+0.0027075	+0.0027075
2013-09	0.077	-0.0046462	-0.0046462	-0.0046462	-0.0046462	-0.0046462	-0.0046462	-0.0046462	-0.0031255	-0.0031255	-0.0025051	-0.0017238	-0.0011083	-0.0010641	-0.0010641	+0.0001722	+0.0001722	+0.0001722	+0.0001722	+0.0001722	+0.0001722	+0.0001722
2013-10	0.027	-0.0010273	-0.0010273	-0.0010273	-0.0010273	-0.0010273	-0.0010273	-0.0010273	-0.0010273	+0.0031007	+0.0031007	+0.0031007	+0.0051756	+0.0051756	+0.0052354	+0.0052354	+0.0052354	+0.0052354	+0.0052354	+0.0052354	+0.0052354	+0.0052354
2013-11	-0.015	-0.0007569	-0.0007569	-0.0007569	-0.0007569	-0.0007569	-0.0007569	-0.0007569	+0.0009758	+0.0009758	+0.0011623	+0.0013954	+0.0014867	+0.0019951	+0.0019951	+0.0022964	+0.0022964	+0.0022964	+0.0022964	+0.0022964	+0.0022964	+0.0022964
2013-12	-0.017	-0.0007032	-0.0007032	-0.0007032	-0.0007032	-0.0007032	-0.0007032	-0.0007032	-0.0007032	-0.0004860	-0.0004860	+0.0003673	+0.0005467	+0.0005467	+0.0012196	+0.0012196	+0.0012196	+0.0012196	+0.0012196	+0.0012196	+0.0012196	+0.0012196
2014-01	-0.085	-0.0019907	-0.0019907	-0.0019907	-0.0019907	-0.0019907	-0.0019907	-0.0019907	-0.0019907	-0.0015023	-0.0015023	-0.0014728	-0.0005513	-0.0005513	+0.0017292	+0.0017292	+0.0017292	+0.0017292	+0.0017292	+0.0017292	+0.0017292	+0.0017292
2014-02	0.016	-0.0048645	-0.0048645	-0.0048645	-0.0048645	-0.0048645	-0.0048645	-0.0048645	-0.0048645	-0.0048046	-0.0048046	-0.0029288	-0.0029288	-0.0029288	+0.0006238	+0.0006238	+0.0006238	+0.0006238	+0.0006238	+0.0006238	+0.0006238	+0.0006238
2014-03	0.034	+0.0008243	+0.0008243	+0.0008243	+0.0008243	+0.0008243	+0.0008243	+0.0008243	+0.0008243	+0.0010435	+0.0010435	+0.0010435	+0.0011719	+0.0011719	+0.0019475	+0.0019475	+0.0019475	+0.0019475	+0.0019475	+0.0019475	+0.0019475	+0.0019475
2014-04	0.023	-0.0010538	-0.0010538	-0.0010538	-0.0010538	-0.0010538	-0.0010538	-0.0010538	-0.0010538	+0.0003037	+0.0003037	+0.0011349	+0.0011806	+0.0011806	+0.0012834	+0.0012834	+0.0012834	+0.0012834	+0.0012834	+0.0012834	+0.0012834	+0.0012834
2014-05	0.024	-0.0008430	-0.0008430	-0.0008430	-0.0008430	-0.0008430	-0.0008430	-0.0008430	-0.0005272	-0.0005272	-0.0000303	-0.0000303	+0.0001462	+0.0006735	+0.0006735	+0.0011503	+0.0011503	+0.0011503	+0.0011503	+0.0011503	+0.0011503	+0.0011503
2014-06	0.007	-0.0001965	-0.0001965	-0.0001965	-0.0001965	-0.0001965	-0.0001965	-0.0001965	-0.0001965	+0.0006391	+0.0006391	+0.0011831	+0.0012407	+0.0012407	+0.0014189	+0.0014189	+0.0014189	+0.0014189	+0.0014189	+0.0014189	+0.0014189	+0.0014189
2014-07	0.028	-0.0003595	-0.0003595	-0.0003595	-0.0003595	-0.0003595	-0.0003595	-0.0003595	-0.0000985	-0.0000985	+0.0002017	+0.0005167	+0.0005167	+0.0006453	+0.0006453	+0.0007976	+0.0007976	+0.0007976	+0.0007976	+0.0007976	+0.0007976	+0.0007976
2014-08	0.014	-0.0007169	-0.0007169	-0.0007169	-0.0007169	-0.0007169	-0.0007169	-0.0007169	+0.0011893	+0.0011893	+0.0012379	+0.0014010	+0.0015064	+0.0016046	+0.0016046	+0.0016237	+0.0016237	+0.0016237	+0.0016237	+0.0016237	+0.0016237	+0.0016237
2014-09	-0.017	+0.0009940	+0.0009940	+0.0009940	+0.0009940	+0.0009940	+0.0009940	+0.0009940	+0.0012964	+0.0012964	+0.0014275	+0.0014589	+0.0014589	+0.0016324	+0.0016324	+0.0017917	+0.0017917	+0.0017917	+0.0017917	+0.0017917	+0.0017917	+0.0017917
2014-10	0.006	-0.0015732	-0.0015732	-0.0015732	-0.0015732	-0.0015732	-0.0015732	-0.0015732	-0.0015732	-0.0012698	-0.0012698	-0.0010974	-0.0001425	-0.0001425	+0.0000998	+0.0000998	+0.0000998	+0.0000998	+0.0000998	+0.0000998	+0.0000998	+0.0000998
2014-11	0.078	-0.0011027	-0.0011027	-0.0011027	-0.0011027	-0.0011027	-0.0011027	-0.0011027	-0.0006525	-0.0006525	+0.0001410	+0.0002280	+0.0005635	+0.0007594	+0.0007594	+0.0008096	+0.0008096	+0.0008096	+0.0008096	+0.0008096	+0.0008096	+0.0008096
2014-12	-0.017	-0.0005153	-0.0005153	-0.0005153	-0.0005153	-0.0005153	-0.0005153	-0.0005153	-0.0005153	-0.0005153	+0.0028782	+0.0028782	+0.0028782	+0.0035091	+0.0035091	+0.0035091	+0.0035091	+0.0035091	+0.0035091	+0.0035091	+0.0035091	+0.0035091
2015-01	-0.017	-0.0016230	-0.0016230	-0.0016230	-0.0016230	-0.0016230	-0.0016230	-0.0016230	-0.0015209	-0.0015209	-0.0014922	-0.0014304	-0.0014304	-0.0012753	-0.0012753	-0.0000926	-0.0000926	-0.0000926	-0.0000926	-0.0000926	-0.0000926	-0.0000926
2015-02	-0.004	-0.0003671	-0.0003671	-0.0003671	-0.0003671	-0.0003671	-0.0003671	-0.0003671	-0.0003671	+0.0001722	+0.0001722	+0.0003257	+0.0003257	+0.0003257	+0.0010006	+0.0010006	+0.0010006	+0.0010006	+0.0010006	+0.0010006	+0.0010006	+0.0010006
