2012-02	0.041	-0.0100000	-0.0100000	-0.0100000	-0.0100000	-0.0100000	-0.0100000	-0.0100000	-0.0100000	-0.0100000	-0.0100000	-0.0100000	-0.0100000	-0.0100000	-0.0100000	-0.0100000	-0.0100000	-0.0100000	-0.0100000	-0.0100000	-0.0100000	-0.0100000
2012-03	-0.002	-0.0009139	-0.0009139	-0.0009139	-0.0009139	-0.0009139	-0.0009139	-0.0009139	+0.0016198	+0.0016198	+0.0019234	+0.0019234	+0.0019294	+0.0022813	+0.0022813	+0.0023295	+0.0023295	+0.0023295	+0.0023295	+0.0023295	+0.0023295	+0.0023295
2012-04	-0.005	+0.0000193	+0.0000193	+0.0000193	+0.0000193	+0.0000193	+0.0000193	+0.0000193	+0.0000832	+0.0000832	+0.0001655	+0.0001655	+0.0001847	+0.0004813	+0.0004813	+0.0006189	+0.0006189	+0.0006189	+0.0006189	+0.0006189	+0.0006189	+0.0006189
2012-05	-0.043	-0.0011316	-0.0011316	-0.0011316	-0.0011316	-0.0011316	-0.0011316	-0.0011316	-0.0011316	-0.0008298	-0.0008298	-0.0006933	-0.0001803	-0.0001803	+0.0005250	+0.0005250	+0.0005250	+0.0005250	+0.0005250	+0.0005250	+0.0005250	+0.0005250
2012-06	0.005	-0.0026040	-0.0026040	-0.0026040	-0.0026040	-0.0026040	-0.0026040	-0.0026040	-0.0023016	-0.0023016	-0.0019529	-0.0018916	-0.0018916	-0.0017486	-0.0017486	+0.0008679	+0.0008679	+0.0008679	+0.0008679	+0.0008679	+0.0008679	+0.0008679
2012-07	0.017	-0.0004634	-0.0004634	-0.0004634	-0.0004634	-0.0004634	-0.0004634	-0.0004634	+0.0001879	+0.0001879	+0.0007774	+0.0009791	+0.0009791	+0.0009830	+0.0009830	+0.0010270	+0.0010270	+0.0010270	+0.0010270	+0.0010270	+0.0010270	+0.0010270
2012-08	0.003	-0.0006099	-0.0006099	-0.0006099	-0.0006099	-0.0006099	-0.0006099	-0.0006099	-0.0005931	-0.0005931	-0.0005577	-0.0001774	-0.0001774	-0.0001378	-0.0001378	-0.0000462	-0.0000462	-0.0000462	-0.0000462	-0.0000462	-0.0000462	-0.0000462
2012-09	0.010	-0.0008206	-0.0008206	-0.0008206	-0.0008206	-0.0008206	-0.0008206	-0.0008206	-0.0003077	-0.0001175	-0.0000522	+0.0000851	+0.0000851	+0.0005247	+0.0009056	+0.0009858	+0.0009858	+0.0009858	+0.0009858	+0.0009858	+0.0009858	+0.0009858
2012-10	0.005	+0.0000001	+0.0000001	+0.0000001	+0.0000001	+0.0000001	+0.0000001	+0.0000001	+0.0000001	+0.0003202	+0.0003202	+0.0003202	+0.0004833	+0.0004833	+0.0005156	+0.0005156	+0.0005156	+0.0005156	+0.0005156	+0.0005156	+0.0005156	+0.0005156
2012-11	0.015	-0.0001227	-0.0001227	-0.0001227	-0.0001227	-0.0001227	-0.0001227	-0.0001227	-0.0000324	-0.0000324	+0.0000972	+0.0001621	+0.0001749	+0.0002919	+0.0002919	+0.0003039	+0.0003039	+0.0003039	+0.0003039	+0.0003039	+0.0003039	+0.0003039
2012-12	0.024	+0.0000066	+0.0000066	+0.0000066	+0.0000066	+0.0000066	+0.0000066	+0.0000066	+0.0005579	+0.0005579	+0.0006417	+0.0006417	+0.0006676	+0.0006854	+0.0006854	+0.0009379	+0.0009379	+0.0009379	+0.0009379	+0.0009379	+0.0009379	+0.0009379
2013-01	0.030	-0.0001588	-0.0001588	-0.0001588	-0.0001588	-0.0001588	-0.0001588	-0.0001588	-0.0001588	+0.0011422	+0.0011422	+0.0011422	+0.0012613	+0.0012613	+0.0015801	+0.0015801	+0.0015801	+0.0015801	+0.0015801	+0.0015801	+0.0015801	+0.0015801
2013-02	0.005	+0.0002714	+0.0002714	+0.0002714	+0.0002714	+0.0002714	+0.0002714	+0.0002714	+0.0002714	+0.0010260	+0.0010260	+0.0010260	+0.0011950	+0.0011950	+0.0014159	+0.0014159	+0.0014159	+0.0014159	+0.0014159	+0.0014159	+0.0014159	+0.0014159
2013-03	0.016	-0.0004748	-0.0004748	-0.0004748	-0.0004748	-0.0004748	-0.0004748	-0.0004748	-0.0004748	-0.0004679	-0.0004679	-0.0004679	-0.0000059	-0.0000059	+0.0001083	+0.0001083	+0.0001083	+0.0001083	+0.0001083	+0.0001083	+0.0001083	+0.0001083
2013-04	0.018	-0.0005199	-0.0005199	-0.0005199	-0.0005199	-0.0005199	-0.0005199	-0.0005199	-0.0005199	+0.0006655	+0.0006655	+0.0007312	+0.0007790	+0.0007790	+0.0008231	+0.0008231	+0.0008231	+0.0008231	+0.0008231	+0.0008231	+0.0008231	+0.0008231
2013-05	-0.006	-0.0011671	-0.0011671	-0.0011671	-0.0011671	-0.0011671	-0.0011671	-0.0011671	+0.0005601	+0.0005601	+0.0010160	+0.0016141	+0.0016141	+0.0016164	+0.0016164	+0.0018570	+0.0018570	+0.0018570	+0.0018570	+0.0018570	+0.0018570	+0.0018570
2013-06	-0.031	-0.0010797	-0.0010797	-0.0010797	-0.0010797	-0.0010797	-0.0010797	-0.0010797	-0.0010608	-0.0010608	-0.0010439	-0.0010439	-0.0005145	-0.0001046	-0.0001046	+0.0001862	+0.0001862	+0.0001862	+0.0001862	+0.0001862	+0.0001862	+0.0001862
2013-07	0.009	-0.0024663	-0.0024663	-0.0024663	-0.0024663	-0.0024663	-0.0024663	-0.0024663	-0.0024663	-0.0022428	-0.0022428	-0.0019210	-0.0010226	-0.0010226	+0.0006870	+0.0006870	+0.0006870	+0.0006870	+0.0006870	+0.0006870	+0.0006870	+0.0006870
2013-08	-0.007	-0.0003176	-0.0003176	-0.0003176	-0.0003176	-0.0003176	-0.0003176	-0.0003176	+0.0001795	+0.0001795	+0.0002690	+0.0005142	+0.0006968	+0.0009995	+0.0009995	+0.0013151	+0.0013151	+0.0013151	+0.0013151	+0.0013151	+0.0013151	+0.0013151
2013-09	0.016	-0.0009293	-0.0009293	-0.0009293	-0.0009293	-0.0009293	-0.0009293	-0.0009293	-0.0006446	-0.0006446	-0.0005182	-0.0003424	-0.0002513	-0.0000540	-0.0000540	+0.0001077	+0.0001077	+0.0001077	+0.0001077	+0.0001077	+0.0001077	+0.0001077
2013-10	0.013	-0.0003537	-0.0003537	-0.0003537	-0.0003537	-0.0003537	-0.0003537	-0.0003537	-0.0003537	+0.0007084	+0.0007084	+0.0007084	+0.0010995	+0.0010995	+0.0012685	+0.0012685	+0.0012685	+0.0012685	+0.0012685	+0.0012685	+0.0012685	+0.0012685
2013-11	0.003	+0.0001722	+0.0001722	+0.0001722	+0.0001722	+0.0001722	+0.0001722	+0.0001722	+0.0006540	+0.0006540	+0.0007648	+0.0008129	+0.0008713	+0.0009355	+0.0009355	+0.0010421	+0.0010421	+0.0010421	+0.0010421	+0.0010421	+0.0010421	+0.0010421
2013-12	0.006	+0.0001055	+0.0001055	+0.0001055	+0.0001055	+0.0001055	+0.0001055	+0.0001055	+0.0001055	+0.0001582	+0.0001582	+0.0005000	+0.0006090	+0.0006090	+0.0006613	+0.0006613	+0.0006613	+0.0006613	+0.0006613	+0.0006613	+0.0006613	+0.0006613
2014-01	-0.013	+0.0000640	+0.0000640	+0.0000640	+0.0000640	+0.0000640	+0.0000640	+0.0000640	+0.0000640	+0.0003316	+0.0003316	+0.0004318	+0.0005006	+0.0005006	+0.0006571	+0.0006571	+0.0006571	+0.0006571	+0.0006571	+0.0006571	+0.0006571	+0.0006571
2014-02	0.010	-0.0006008	-0.0006008	-0.0006008	-0.0006008	-0.0006008	-0.0006008	-0.0006008	-0.0006008	-0.0005907	-0.0005907	-0.0003848	-0.0003848	-0.0003848	-0.0000290	-0.0000290	-0.0000290	-0.0000290	-0.0000290	-0.0000290	-0.0000290	-0.0000290
2014-03	0.003	+0.0001707	+0.0001707	+0.0001707	+0.0001707	+0.0001707	+0.0001707	+0.0001707	+0.0001707	+0.0008525	+0.0008525	+0.0008525	+0.0010703	+0.0010703	+0.0013131	+0.0013131	+0.0013131	+0.0013131	+0.0013131	+0.0013131	+0.0013131	+0.0013131
2014-04	0.003	-0.0005727	-0.0005727	-0.0005727	-0.0005727	-0.0005727	-0.0005727	-0.0005727	-0.0005727	-0.0001738	-0.0001738	-0.0000231	+0.0000001	+0.0000001	+0.0000756	+0.0000756	+0.0000756	+0.0000756	+0.0000756	+0.0000756	+0.0000756	+0.0000756
2014-05	0.006	-0.0003401	-0.0003401	-0.0003401	-0.0003401	-0.0003401	-0.0003401	-0.0003401	-0.0002473	-0.0002473	-0.0002360	-0.0002360	-0.0000460	-0.0000402	-0.0000402	+0.0001211	+0.0001211	+0.0001211	+0.0001211	+0.0001211	+0.0001211	+0.0001211
2014-06	0.009	-0.0001093	-0.0001093	-0.0001093	-0.0001093	-0.0001093	-0.0001093	-0.0001093	-0.0001093	+0.0003044	+0.0003044	+0.0003678	+0.0003967	+0.0003967	+0.0004997	+0.0004997	+0.0004997	+0.0004997	+0.0004997	+0.0004997	+0.0004997	+0.0004997
2014-07	0.005	-0.0004112	-0.0004112	-0.0004112	-0.0004112	-0.0004112	-0.0004112	-0.0004112	+0.0004271	+0.0004271	+0.0004731	+0.0004790	+0.0004790	+0.0005134	+0.0005134	+0.0005877	+0.0005877	+0.0005877	+0.0005877	+0.0005877	+0.0005877	+0.0005877
2014-08	0.005	-0.0000283	-0.0000283	-0.0000283	-0.0000283	-0.0000283	-0.0000283	-0.0000283	+0.0000792	+0.0000792	+0.0001188	+0.0001244	+0.0001867	+0.0001867	+0.0001867	+0.0002209	+0.0002209	+0.0002209	+0.0002209	+0.0002209	+0.0002209	+0.0002209
2014-09	-0.002	+0.0002673	+0.0002673	+0.0002673	+0.0002673	+0.0002673	+0.0002673	+0.0002673	+0.0005482	+0.0005482	+0.0005990	+0.0006151	+0.0006151	+0.0007627	+0.0007627	+0.0007631	+0.0007631	+0.0007631	+0.0007631	+0.0007631	+0.0007631	+0.0007631
2014-10	0.004	-0.0003480	-0.0003480	-0.0003480	-0.0003480	-0.0003480	-0.0003480	-0.0003480	-0.0003480	-0.0002978	-0.0002978	-0.0001290	-0.0001121	-0.0001121	-0.0000167	-0.0000167	-0.0000167	-0.0000167	-0.0000167	-0.0000167	-0.0000167	-0.0000167
2014-11	0.028	-0.0002200	-0.0002200	-0.0002200	-0.0002200	-0.0002200	-0.0002200	-0.0002200	+0.0001129	+0.0001129	+0.0001188	+0.0001526	+0.0002085	+0.0002707	+0.0002707	+0.0006031	+0.0006031	+0.0006031	+0.0006031	+0.0006031	+0.0006031	+0.0006031
2014-12	-0.001	-0.0001831	-0.0001831	-0.0001831	-0.0001831	-0.0001831	-0.0001831	-0.0001831	-0.0001831	-0.0001831	+0.0010110	+0.0010110	+0.0010110	+0.0011741	+0.0011741	+0.0011741	+0.0011741	+0.0011741	+0.0011741	+0.0011741	+0.0011741	+0.0011741
2015-01	0.000	-0.0002399	-0.0002399	-0.0002399	-0.0002399	-0.0002399	-0.0002399	-0.0002399	-0.0000926	-0.0000926	-0.0000707	-0.0000707	-0.0000436	-0.0000108	-0.0000108	-0.0000108	-0.0000108	-0.0000108	-0.0000108	-0.0000108	-0.0000108	-0.0000108
2015-02	-0.001	-0.0000382	-0.0000382	-0.0000382	-0.0000382	-0.0000382	-0.0000382	-0.0000382	-0.0000382	+0.0003119	+0.0003119	+0.0003119	+0.0003437	+0.0003437	+0.0003888	+0.0003888	+0.0003888	+0.0003888	+0.0003888	+0.0003888	+0.0003888	+0.0003888
