2014-04	-0.011	-0.0100000	-0.0100000	-0.0100000	-0.0100000	-0.0100000	-0.0100000	-0.0100000	-0.0100000	-0.0100000	-0.0100000	-0.0100000	-0.0100000	-0.0100000	-0.0100000	-0.0100000	-0.0100000	-0.0100000	-0.0100000	-0.0100000	-0.0100000	-0.0100000
2014-05	-0.011	-0.0026606	-0.0026606	-0.0026606	-0.0026606	-0.0026606	-0.0026606	-0.0026606	-0.0021374	-0.0021374	-0.0019642	-0.0019642	-0.0016724	-0.0005755	-0.0005755	+0.0000462	+0.0000462	+0.0000462	+0.0000462	+0.0000462	+0.0000462	+0.0000462
2014-06	-0.022	-0.0004908	-0.0004908	-0.0004908	-0.0004908	-0.0004908	-0.0004908	-0.0004908	-0.0004908	-0.0004037	-0.0004037	-0.0001823	-0.0001148	-0.0001148	+0.0002893	+0.0002893	+0.0002893	+0.0002893	+0.0002893	+0.0002893	+0.0002893	+0.0002893
2014-07	-0.043	-0.0030739	-0.0030739	-0.0030739	-0.0030739	-0.0030739	-0.0030739	-0.0030739	-0.0020728	-0.0020728	-0.0019751	-0.0019751	-0.0017733	-0.0009311	-0.0009311	-0.0001891	-0.0001891	-0.0001891	-0.0001891	-0.0001891	-0.0001891	-0.0001891
2014-08	-0.016	-0.0036217	-0.0036217	-0.0036217	-0.0036217	-0.0036217	-0.0036217	-0.0036217	-0.0031188	-0.0031188	-0.0029705	-0.0024994	-0.0015716	-0.0014665	-0.0014665	+0.0013308	+0.0013308	+0.0013308	+0.0013308	+0.0013308	+0.0013308	+0.0013308
2014-09	0.007	-0.0000661	-0.0000661	-0.0000661	-0.0000661	-0.0000661	-0.0000661	-0.0000661	+0.0015542	+0.0015542	+0.0018823	+0.0020864	+0.0020864	+0.0022059	+0.0022059	+0.0027844	+0.0027844	+0.0027844	+0.0027844	+0.0027844	+0.0027844	+0.0027844
2014-10	-0.060	-0.0011925	-0.0011925	-0.0011925	-0.0011925	-0.0011925	-0.0011925	-0.0011925	-0.0011925	-0.0005220	-0.0005220	+0.0001244	+0.0002615	+0.0002615	+0.0015091	+0.0015091	+0.0015091	+0.0015091	+0.0015091	+0.0015091	+0.0015091	+0.0015091
2014-11	0.114	-0.0047802	-0.0047802	-0.0047802	-0.0047802	-0.0047802	-0.0047802	-0.0047802	-0.0042683	-0.0042683	-0.0031277	-0.0031229	-0.0030874	-0.0008372	-0.0008372	+0.0038533	+0.0038533	+0.0038533	+0.0038533	+0.0038533	+0.0038533	+0.0038533
2014-12	-0.006	-0.0007028	-0.0007028	-0.0007028	-0.0007028	-0.0007028	-0.0007028	-0.0007028	-0.0007028	-0.0007028	+0.0046190	+0.0046190	+0.0046190	+0.0055100	+0.0055100	+0.0055100	+0.0055100	+0.0055100	+0.0055100	+0.0055100	+0.0055100	+0.0055100
2015-01	-0.017	-0.0017233	-0.0017233	-0.0017233	-0.0017233	-0.0017233	-0.0017233	-0.0017233	-0.0011011	-0.0011011	-0.0010297	-0.0010297	-0.0008194	-0.0007560	-0.0007560	-0.0004947	-0.0004947	-0.0004947	-0.0004947	-0.0004947	-0.0004947	-0.0004947
2015-02	0.010	-0.0003053	-0.0003053	-0.0003053	-0.0003053	-0.0003053	-0.0003053	-0.0003053	-0.0003053	+0.0014427	+0.0014427	+0.0029191	+0.0029191	+0.0029191	+0.0034710	+0.0034710	+0.0034710	+0.0034710	+0.0034710	+0.0034710	+0.0034710	+0.0034710
