2011-05	-0.059	-0.0039643	-0.0036740	-0.0033540	-0.0030106	-0.0026405	-0.0022347	-0.0017958	-0.0013151	-0.0007923	-0.0002333	+0.0003533	+0.0009487	+0.0015408	+0.0021064	+0.0026563	+0.0031801	+0.0036676	+0.0041253	+0.0045499	+0.0049750	+0.0053512
2011-06	-0.011	-0.0046071	-0.0042626	-0.0039257	-0.0035612	-0.0031617	-0.0027330	-0.0022547	-0.0017472	-0.0011998	-0.0006086	+0.0000040	+0.0006277	+0.0012324	+0.0018247	+0.0023883	+0.0029138	+0.0034069	+0.0038486	+0.0042874	+0.0046643	+0.0050410
2011-07	-0.026	-0.0046039	-0.0042810	-0.0039512	-0.0036048	-0.0032267	-0.0028245	-0.0023820	-0.0019036	-0.0013792	-0.0008111	-0.0002195	+0.0003770	+0.0009529	+0.0015102	+0.0020279	+0.0025401	+0.0030176	+0.0034532	+0.0038761	+0.0042714	+0.0046256
2011-08	-0.134	-0.0051186	-0.0048630	-0.0045987	-0.0042958	-0.0039767	-0.0036345	-0.0032691	-0.0028668	-0.0024362	-0.0019796	-0.0015027	-0.0010270	-0.0005660	-0.0001204	+0.0002973	+0.0006890	+0.0010573	+0.0013952	+0.0016978	+0.0019865	+0.0022608
2011-09	-0.126	-0.0086730	-0.0083072	-0.0078545	-0.0073401	-0.0067689	-0.0061528	-0.0055092	-0.0048226	-0.0040917	-0.0033393	-0.0025810	-0.0018292	-0.0010848	-0.0003318	+0.0004169	+0.0011695	+0.0019401	+0.0027231	+0.0034287	+0.0041728	+0.0050005
2011-10	0.131	-0.0095842	-0.0093852	-0.0091050	-0.0087497	-0.0083105	-0.0077638	-0.0071335	-0.0064300	-0.0056679	-0.0048599	-0.0040024	-0.0030968	-0.0021784	-0.0012318	-0.0002477	+0.0007675	+0.0018934	+0.0032209	+0.0059587	+0.0100000	+0.0100000
2011-11	-0.092	-0.0094652	-0.0091782	-0.0088239	-0.0083783	-0.0078666	-0.0072573	-0.0065620	-0.0057740	-0.0049170	-0.0039843	-0.0030076	-0.0019912	-0.0009501	+0.0000887	+0.0011099	+0.0021463	+0.0031923	+0.0043816	+0.0059958	+0.0100000	+0.0100000
2011-12	-0.001	-0.0094024	-0.0091392	-0.0087734	-0.0083159	-0.0077511	-0.0071203	-0.0063805	-0.0055710	-0.0046763	-0.0037259	-0.0027128	-0.0016765	-0.0006386	+0.0003731	+0.0013794	+0.0023667	+0.0033520	+0.0043907	+0.0056493	+0.0081607	+0.0100000
2012-01	0.079	-0.0076375	-0.0071729	-0.0066994	-0.0061788	-0.0056259	-0.0049977	-0.0043237	-0.0035798	-0.0027847	-0.0019352	-0.0010658	-0.0001706	+0.0007145	+0.0015595	+0.0023623	+0.0031273	+0.0038433	+0.0045185	+0.0051697	+0.0057670	+0.0063622
2012-02	0.116	-0.0044419	-0.0039367	-0.0034155	-0.0028558	-0.0022513	-0.0016106	-0.0009220	-0.0002066	+0.0005685	+0.0013703	+0.0021947	+0.0030252	+0.0038338	+0.0046030	+0.0053079	+0.0059623	+0.0065727	+0.0071193	+0.0076523	+0.0081608	+0.0086329
2012-03	-0.015	-0.0038724	-0.0034751	-0.0030325	-0.0025698	-0.0020880	-0.0015738	-0.0010324	-0.0004391	+0.0001814	+0.0008281	+0.0014858	+0.0021409	+0.0027722	+0.0033703	+0.0039138	+0.0044062	+0.0048641	+0.0052797	+0.0056533	+0.0060201	+0.0063601
2012-04	-0.027	-0.0033034	-0.0028260	-0.0023517	-0.0018540	-0.0013386	-0.0008223	-0.0002659	+0.0002967	+0.0008734	+0.0014506	+0.0020081	+0.0025399	+0.0030385	+0.0034796	+0.0038779	+0.0042368	+0.0045674	+0.0048720	+0.0051403	+0.0053832	+0.0056148
2012-05	-0.140	-0.0027934	-0.0024111	-0.0019952	-0.0015586	-0.0011194	-0.0006640	-0.0001788	+0.0003172	+0.0008299	+0.0013481	+0.0018511	+0.0023380	+0.0027989	+0.0032209	+0.0036106	+0.0039694	+0.0043043	+0.0045954	+0.0048668	+0.0051273	+0.0053465
2012-06	0.011	-0.0053839	-0.0050744	-0.0047424	-0.0043858	-0.0040179	-0.0036079	-0.0031788	-0.0027089	-0.0022175	-0.0017126	-0.0011854	-0.0006607	-0.0001565	+0.0003267	+0.0007859	+0.0012166	+0.0016111	+0.0019916	+0.0023422	+0.0026875	+0.0030021
2012-07	0.033	-0.0061707	-0.0058920	-0.0056060	-0.0052689	-0.0049260	-0.0045384	-0.0041245	-0.0036751	-0.0031934	-0.0026832	-0.0021396	-0.0015795	-0.0010328	-0.0004824	+0.0000504	+0.0005638	+0.0010546	+0.0015383	+0.0019823	+0.0024315	+0.0028828
2012-08	0.003	-0.0062541	-0.0059576	-0.0056582	-0.0053279	-0.0049753	-0.0046024	-0.0041916	-0.0037392	-0.0032396	-0.0027011	-0.0021289	-0.0015411	-0.0009374	-0.0003248	+0.0002758	+0.0008582	+0.0014195	+0.0019551	+0.0024536	+0.0029181	+0.0033859
2012-09	0.044	-0.0047452	-0.0044512	-0.0041361	-0.0037933	-0.0034349	-0.0030380	-0.0026176	-0.0021556	-0.0016661	-0.0011533	-0.0006267	-0.0000980	+0.0004161	+0.0009051	+0.0013636	+0.0017842	+0.0021670	+0.0025279	+0.0028506	+0.0031492	+0.0034313
2012-10	0.021	-0.0026570	-0.0023244	-0.0019986	-0.0016565	-0.0013051	-0.0009115	-0.0004948	-0.0000558	+0.0004089	+0.0008878	+0.0013759	+0.0018493	+0.0023117	+0.0027472	+0.0031462	+0.0035218	+0.0038579	+0.0041700	+0.0044592	+0.0047198	+0.0049713
2012-11	0.040	-0.0025652	-0.0023280	-0.0020581	-0.0017921	-0.0015022	-0.0011976	-0.0008670	-0.0005236	-0.0001517	+0.0002386	+0.0006382	+0.0010364	+0.0014235	+0.0017902	+0.0021338	+0.0024497	+0.0027479	+0.0030232	+0.0032957	+0.0035396	+0.0037608
2012-12	0.098	-0.0020140	-0.0017504	-0.0014712	-0.0011890	-0.0008953	-0.0005927	-0.0002766	+0.0000609	+0.0004170	+0.0007942	+0.0011717	+0.0015411	+0.0019008	+0.0022366	+0.0025467	+0.0028334	+0.0030952	+0.0033312	+0.0035670	+0.0037788	+0.0039805
2013-01	0.068	-0.0024487	-0.0019953	-0.0015275	-0.0010368	-0.0005593	-0.0000651	+0.0004603	+0.0010394	+0.0016090	+0.0021230	+0.0025731	+0.0029770	+0.0033350	+0.0036617	+0.0039589	+0.0042242	+0.0044715	+0.0046922	+0.0049053	+0.0050918	+0.0052714
2013-02	-0.004	-0.0026484	-0.0020946	-0.0015387	-0.0009720	-0.0004589	+0.0000796	+0.0006704	+0.0013584	+0.0019955	+0.0025324	+0.0029989	+0.0034292	+0.0038199	+0.0041856	+0.0045185	+0.0048219	+0.0050967	+0.0053574	+0.0055954	+0.0058209	+0.0060306
2013-03	0.002	-0.0038571	-0.0032671	-0.0024819	-0.0017563	-0.0011221	-0.0005228	+0.0001747	+0.0010197	+0.0017923	+0.0024106	+0.0029328	+0.0034010	+0.0038230	+0.0042082	+0.0045618	+0.0048897	+0.0051824	+0.0054540	+0.0057055	+0.0059414	+0.0061551
2013-04	0.037	-0.0029306	-0.0025163	-0.0020776	-0.0015912	-0.0010631	-0.0005374	-0.0000056	+0.0005382	+0.0011021	+0.0016580	+0.0021940	+0.0027061	+0.0031924	+0.0036407	+0.0040585	+0.0044399	+0.0047839	+0.0050975	+0.0054057	+0.0056932	+0.0059675
2013-05	0.023	-0.0025467	-0.0023083	-0.0020418	-0.0017646	-0.0014621	-0.0011360	-0.0007749	-0.0003962	+0.0000151	+0.0004478	+0.0008942	+0.0013400	+0.0017669	+0.0021678	+0.0025542	+0.0029028	+0.0032321	+0.0035363	+0.0038210	+0.0040973	+0.0043513
2013-06	-0.119	-0.0031799	-0.0029035	-0.0026059	-0.0022902	-0.0019531	-0.0015823	-0.0011884	-0.0007779	-0.0003399	+0.0001222	+0.0005968	+0.0010760	+0.0015482	+0.0019952	+0.0024124	+0.0027929	+0.0031493	+0.0034723	+0.0037760	+0.0040654	+0.0043364
2013-07	0.031	-0.0062931	-0.0059417	-0.0055493	-0.0051439	-0.0047058	-0.0042404	-0.0037300	-0.0031882	-0.0026048	-0.0020015	-0.0013793	-0.0007474	-0.0001307	+0.0004682	+0.0010173	+0.0015437	+0.0020368	+0.0024861	+0.0029162	+0.0033248	+0.0037019
2013-08	-0.029	-0.0053163	-0.0049368	-0.0045464	-0.0040879	-0.0036294	-0.0031276	-0.0025843	-0.0020141	-0.0014174	-0.0007924	-0.0001620	+0.0004675	+0.0010796	+0.0016587	+0.0021992	+0.0027116	+0.0031863	+0.0036220	+0.0040160	+0.0043893	+0.0047257
2013-09	0.077	-0.0063252	-0.0059855	-0.0056391	-0.0052445	-0.0048237	-0.0043715	-0.0038852	-0.0033709	-0.0028173	-0.0022338	-0.0016351	-0.0010345	-0.0004472	+0.0001182	+0.0006556	+0.0011584	+0.0016262	+0.0020477	+0.0024435	+0.0028232	+0.0031793
2013-10	0.051	-0.0045637	-0.0042106	-0.0038312	-0.0034225	-0.0029916	-0.0025152	-0.0020132	-0.0014757	-0.0009175	-0.0003393	+0.0002434	+0.0008348	+0.0014096	+0.0019617	+0.0024716	+0.0029579	+0.0034006	+0.0038178	+0.0042106	+0.0045613	+0.0048849
2013-11	0.011	-0.0025734	-0.0022892	-0.0019951	-0.0016830	-0.0013516	-0.0010021	-0.0006194	-0.0002093	+0.0002271	+0.0006842	+0.0011555	+0.0016193	+0.0020727	+0.0025037	+0.0029120	+0.0032926	+0.0036488	+0.0039829	+0.0043051	+0.0045826	+0.0048507
2013-12	0.013	-0.0025263	-0.0022514	-0.0019374	-0.0016038	-0.0012551	-0.0008803	-0.0004845	-0.0000816	+0.0003593	+0.0008160	+0.0012854	+0.0017522	+0.0022069	+0.0026409	+0.0030466	+0.0034183	+0.0037619	+0.0040836	+0.0043900	+0.0046874	+0.0049599
2014-01	-0.089	-0.0024551	-0.0021518	-0.0018271	-0.0014737	-0.0011017	-0.0007048	-0.0003023	+0.0001203	+0.0005478	+0.0009823	+0.0014200	+0.0018454	+0.0022494	+0.0026294	+0.0029883	+0.0033165	+0.0036270	+0.0039268	+0.0041880	+0.0044433	+0.0046908
2014-02	0.024	-0.0032328	-0.0030072	-0.0027718	-0.0025172	-0.0022507	-0.0019508	-0.0016297	-0.0012905	-0.0009260	-0.0005527	-0.0001736	+0.0002080	+0.0005766	+0.0009289	+0.0012556	+0.0015552	+0.0018321	+0.0020861	+0.0023241	+0.0025556	+0.0027629
2014-03	0.030	-0.0035332	-0.0032806	-0.0030179	-0.0027394	-0.0024392	-0.0021239	-0.0017820	-0.0014185	-0.0010271	-0.0006220	-0.0002100	+0.0001972	+0.0005935	+0.0009644	+0.0013112	+0.0016310	+0.0019295	+0.0022042	+0.0024688	+0.0027017	+0.0029156
2014-04	0.013	-0.0038307	-0.0035820	-0.0033261	-0.0030566	-0.0027601	-0.0024334	-0.0020763	-0.0017022	-0.0013037	-0.0008843	-0.0004579	-0.0000314	+0.0003792	+0.0007702	+0.0011374	+0.0014771	+0.0017938	+0.0020940	+0.0023695	+0.0026255	+0.0028718
2014-05	0.031	-0.0033071	-0.0030397	-0.0027557	-0.0024512	-0.0021367	-0.0017930	-0.0014327	-0.0010428	-0.0006415	-0.0002179	+0.0002163	+0.0006505	+0.0010781	+0.0014888	+0.0018699	+0.0022384	+0.0025799	+0.0028917	+0.0031821	+0.0034545	+0.0037160
2014-06	0.008	-0.0019826	-0.0016532	-0.0013220	-0.0009793	-0.0006421	-0.0002875	+0.0000896	+0.0004700	+0.0008622	+0.0012637	+0.0016627	+0.0020455	+0.0024122	+0.0027567	+0.0030815	+0.0033860	+0.0036663	+0.0039312	+0.0041865	+0.0044169	+0.0046391
2014-07	0.048	-0.0020056	-0.0017473	-0.0014821	-0.0011964	-0.0008954	-0.0005905	-0.0002736	+0.0000576	+0.0004048	+0.0007568	+0.0011119	+0.0014631	+0.0018021	+0.0021295	+0.0024382	+0.0027213	+0.0029868	+0.0032298	+0.0034615	+0.0036920	+0.0038903
2014-08	0.019	-0.0012716	-0.0010766	-0.0008597	-0.0006503	-0.0004298	-0.0002118	+0.0000137	+0.0002479	+0.0004868	+0.0007251	+0.0009533	+0.0011725	+0.0013833	+0.0015768	+0.0017552	+0.0019166	+0.0020660	+0.0022027	+0.0023313	+0.0024523	+0.0025638
2014-09	-0.020	-0.0015246	-0.0012333	-0.0009548	-0.0006712	-0.0003772	-0.0000639	+0.0002577	+0.0005951	+0.0009149	+0.0012217	+0.0015034	+0.0017630	+0.0020077	+0.0022289	+0.0024318	+0.0026169	+0.0027901	+0.0029486	+0.0030890	+0.0032194	+0.0033423
2014-10	-0.002	-0.0021093	-0.0018472	-0.0015798	-0.0013025	-0.0010126	-0.0007141	-0.0004042	-0.0000785	+0.0002544	+0.0005761	+0.0008797	+0.0011684	+0.0014369	+0.0016877	+0.0019195	+0.0021261	+0.0023110	+0.0024884	+0.0026473	+0.0027951	+0.0029361
2014-11	0.080	-0.0028254	-0.0025900	-0.0023604	-0.0021123	-0.0018452	-0.0015669	-0.0012758	-0.0009677	-0.0006410	-0.0002970	+0.0000509	+0.0003992	+0.0007338	+0.0010460	+0.0013283	+0.0015921	+0.0018328	+0.0020574	+0.0022637	+0.0024651	+0.0026448
2014-12	-0.034	-0.0024259	-0.0021720	-0.0019007	-0.0016071	-0.0012702	-0.0009130	-0.0005341	-0.0001254	+0.0003062	+0.0007486	+0.0012057	+0.0016650	+0.0021119	+0.0025390	+0.0029391	+0.0033138	+0.0036675	+0.0040093	+0.0043158	+0.0045981	+0.0048690
2015-01	-0.004	-0.0044952	-0.0041578	-0.0038077	-0.0034380	-0.0030554	-0.0026246	-0.0021563	-0.0016585	-0.0011290	-0.0005779	-0.0000191	+0.0005376	+0.0010819	+0.0015938	+0.0020718	+0.0025383	+0.0029654	+0.0033712	+0.0037391	+0.0040914	+0.0044337
2015-02	0.004	-0.0040038	-0.0036363	-0.0032604	-0.0028308	-0.0023893	-0.0019167	-0.0014109	-0.0008775	-0.0003149	+0.0002778	+0.0008746	+0.0014587	+0.0020211	+0.0025622	+0.0030619	+0.0035316	+0.0039635	+0.0043700	+0.0047358	+0.0050983	+0.0054138
