2011-05	-0.016	-0.0076923	-0.0071915	-0.0066360	-0.0059838	-0.0053061	-0.0045880	-0.0038459	-0.0030674	-0.0022431	-0.0014191	-0.0006098	+0.0001593	+0.0008606	+0.0015065	+0.0021039	+0.0026703	+0.0032296	+0.0037421	+0.0042150	+0.0047050	+0.0051762
2011-06	0.023	-0.0081579	-0.0076337	-0.0070366	-0.0063940	-0.0057004	-0.0049785	-0.0042080	-0.0034115	-0.0025866	-0.0017628	-0.0009392	-0.0001609	+0.0005708	+0.0012730	+0.0019110	+0.0025200	+0.0031105	+0.0036687	+0.0042115	+0.0047692	+0.0053397
2011-07	-0.007	-0.0078579	-0.0073204	-0.0067157	-0.0061039	-0.0053927	-0.0046491	-0.0039039	-0.0031293	-0.0023428	-0.0015448	-0.0007683	-0.0000306	+0.0006662	+0.0013267	+0.0019445	+0.0025323	+0.0031005	+0.0036395	+0.0041697	+0.0046716	+0.0051834
2011-08	-0.058	-0.0019158	-0.0017542	-0.0015773	-0.0013783	-0.0011734	-0.0009580	-0.0007336	-0.0004969	-0.0002462	+0.0000152	+0.0002806	+0.0005395	+0.0007905	+0.0010247	+0.0012437	+0.0014444	+0.0016309	+0.0018003	+0.0019625	+0.0021153	+0.0022666
2011-09	0.010	-0.0043242	-0.0040424	-0.0037644	-0.0034829	-0.0031782	-0.0028635	-0.0025241	-0.0021650	-0.0017827	-0.0013861	-0.0009778	-0.0005542	-0.0001423	+0.0002535	+0.0006239	+0.0009741	+0.0013171	+0.0016381	+0.0019560	+0.0022471	+0.0025178
2011-10	-0.017	-0.0038185	-0.0035596	-0.0032909	-0.0030024	-0.0027096	-0.0023974	-0.0020591	-0.0016928	-0.0013134	-0.0009169	-0.0005162	-0.0001197	+0.0002652	+0.0006333	+0.0009811	+0.0013006	+0.0016106	+0.0018959	+0.0021633	+0.0024035	+0.0026558
2011-11	-0.038	-0.0042966	-0.0040661	-0.0037986	-0.0035367	-0.0032512	-0.0029430	-0.0026119	-0.0022619	-0.0019002	-0.0015132	-0.0011274	-0.0007410	-0.0003611	+0.0000045	+0.0003406	+0.0006651	+0.0009714	+0.0012607	+0.0015308	+0.0017910	+0.0020365
2011-12	0.021	-0.0042215	-0.0039999	-0.0037631	-0.0035285	-0.0032696	-0.0029793	-0.0026703	-0.0023404	-0.0019935	-0.0016167	-0.0012230	-0.0008176	-0.0004070	+0.0000111	+0.0004213	+0.0008250	+0.0012118	+0.0015770	+0.0019444	+0.0022865	+0.0026338
2012-01	0.036	-0.0024256	-0.0022719	-0.0021153	-0.0019452	-0.0017636	-0.0015570	-0.0013263	-0.0010787	-0.0008129	-0.0005268	-0.0002268	+0.0000768	+0.0003805	+0.0006778	+0.0009538	+0.0012166	+0.0014685	+0.0017006	+0.0019258	+0.0021254	+0.0023241
2012-02	0.070	-0.0019137	-0.0017481	-0.0015676	-0.0013767	-0.0011674	-0.0009454	-0.0007039	-0.0004409	-0.0001560	+0.0001428	+0.0004566	+0.0007765	+0.0010887	+0.0013894	+0.0016701	+0.0019361	+0.0021874	+0.0024229	+0.0026454	+0.0028575	+0.0030421
2012-03	0.043	-0.0015544	-0.0013084	-0.0010427	-0.0007711	-0.0004945	-0.0001983	+0.0001089	+0.0004289	+0.0007587	+0.0011014	+0.0014426	+0.0017784	+0.0021014	+0.0023975	+0.0026735	+0.0029281	+0.0031642	+0.0033814	+0.0035842	+0.0037693	+0.0039454
2012-04	-0.042	-0.0017756	-0.0014063	-0.0009175	-0.0005039	-0.0001819	+0.0001445	+0.0005218	+0.0010229	+0.0014733	+0.0018103	+0.0020922	+0.0023449	+0.0025718	+0.0027827	+0.0029763	+0.0031544	+0.0033123	+0.0034586	+0.0035963	+0.0037227	+0.0038417
2012-05	-0.103	-0.0016808	-0.0014098	-0.0011381	-0.0008569	-0.0005613	-0.0002474	+0.0000816	+0.0004257	+0.0007803	+0.0011280	+0.0014665	+0.0017898	+0.0020851	+0.0023541	+0.0025963	+0.0028115	+0.0030065	+0.0031817	+0.0033534	+0.0035037	+0.0036430
2012-06	0.050	-0.0037643	-0.0035205	-0.0032583	-0.0029744	-0.0026857	-0.0023782	-0.0020445	-0.0016904	-0.0013188	-0.0009272	-0.0005270	-0.0001368	+0.0002395	+0.0005890	+0.0009079	+0.0011989	+0.0014655	+0.0017138	+0.0019528	+0.0021626	+0.0023533
2012-07	-0.034	-0.0040584	-0.0038231	-0.0035612	-0.0032891	-0.0029893	-0.0026785	-0.0023383	-0.0019785	-0.0016078	-0.0012092	-0.0008098	-0.0004126	-0.0000312	+0.0003336	+0.0006748	+0.0009936	+0.0012880	+0.0015666	+0.0018196	+0.0020551	+0.0022731
2012-08	0.008	-0.0048044	-0.0045680	-0.0043262	-0.0040666	-0.0037934	-0.0034957	-0.0031823	-0.0028316	-0.0024497	-0.0020389	-0.0016004	-0.0011465	-0.0006820	-0.0002176	+0.0002492	+0.0007028	+0.0011404	+0.0015642	+0.0019614	+0.0023440	+0.0027214
2012-09	0.019	-0.0037042	-0.0034686	-0.0032212	-0.0029578	-0.0026806	-0.0023855	-0.0020640	-0.0017167	-0.0013516	-0.0009731	-0.0005833	-0.0001940	+0.0001815	+0.0005283	+0.0008573	+0.0011495	+0.0014206	+0.0016788	+0.0019028	+0.0021221	+0.0023211
2012-10	-0.005	-0.0020631	-0.0018645	-0.0016344	-0.0014044	-0.0011541	-0.0008802	-0.0005919	-0.0002888	+0.0000338	+0.0003709	+0.0007134	+0.0010571	+0.0013778	+0.0016827	+0.0019552	+0.0022070	+0.0024324	+0.0026417	+0.0028309	+0.0030043	+0.0031707
2012-11	0.032	-0.0027306	-0.0025387	-0.0023445	-0.0021391	-0.0019188	-0.0016749	-0.0014157	-0.0011347	-0.0008364	-0.0005247	-0.0002034	+0.0001186	+0.0004294	+0.0007277	+0.0010027	+0.0012602	+0.0014942	+0.0017193	+0.0019224	+0.0021134	+0.0022894
2012-12	0.080	-0.0020187	-0.0018153	-0.0016148	-0.0013978	-0.0011615	-0.0009082	-0.0006330	-0.0003402	-0.0000208	+0.0003087	+0.0006475	+0.0009911	+0.0013206	+0.0016317	+0.0019221	+0.0021859	+0.0024259	+0.0026469	+0.0028558	+0.0030474	+0.0032349
2013-01	0.089	-0.0017543	-0.0014631	-0.0011806	-0.0008692	-0.0005265	-0.0001892	+0.0001598	+0.0005228	+0.0009057	+0.0012916	+0.0016741	+0.0020406	+0.0023801	+0.0026929	+0.0029788	+0.0032402	+0.0034800	+0.0036966	+0.0038936	+0.0040718	+0.0042312
2013-02	0.034	-0.0021441	-0.0016555	-0.0011872	-0.0006981	-0.0002178	+0.0002744	+0.0007938	+0.0013652	+0.0019235	+0.0024269	+0.0028722	+0.0032723	+0.0036350	+0.0039593	+0.0042497	+0.0045183	+0.0047491	+0.0049694	+0.0051632	+0.0053356	+0.0054969
2013-03	0.080	-0.0029343	-0.0023810	-0.0016718	-0.0009804	-0.0003821	+0.0001875	+0.0007940	+0.0015294	+0.0022994	+0.0028862	+0.0033589	+0.0037622	+0.0041156	+0.0044404	+0.0047316	+0.0049811	+0.0052101	+0.0054219	+0.0056165	+0.0057980	+0.0059422
2013-04	0.113	-0.0036164	-0.0030536	-0.0014070	-0.0005881	-0.0001197	+0.0003165	+0.0008389	+0.0019701	+0.0035162	+0.0040375	+0.0044238	+0.0047535	+0.0050490	+0.0053120	+0.0055460	+0.0057551	+0.0059479	+0.0061141	+0.0062705	+0.0064172	+0.0065565
2013-05	-0.026	-0.0035861	-0.0028015	-0.0017581	-0.0009638	-0.0003542	+0.0002723	+0.0010181	+0.0020673	+0.0029949	+0.0036389	+0.0041793	+0.0046511	+0.0050811	+0.0054798	+0.0058311	+0.0061714	+0.0064738	+0.0067489	+0.0070215	+0.0072677	+0.0074953
2013-06	-0.026	-0.0040767	-0.0034817	-0.0028907	-0.0022567	-0.0015974	-0.0008973	-0.0001670	+0.0005783	+0.0013162	+0.0020490	+0.0027513	+0.0034036	+0.0039921	+0.0045316	+0.0050058	+0.0054358	+0.0058179	+0.0061597	+0.0064745	+0.0067552	+0.0070307
2013-07	0.015	-0.0044233	-0.0040100	-0.0035624	-0.0030741	-0.0025539	-0.0019798	-0.0013829	-0.0007585	-0.0001088	+0.0005703	+0.0012588	+0.0019258	+0.0025617	+0.0031629	+0.0037035	+0.0042046	+0.0046483	+0.0050575	+0.0054383	+0.0057911	+0.0061168
2013-08	-0.022	-0.0048175	-0.0043462	-0.0038298	-0.0032752	-0.0027094	-0.0021041	-0.0014808	-0.0008125	-0.0001133	+0.0006162	+0.0013329	+0.0020341	+0.0027001	+0.0033178	+0.0038775	+0.0043965	+0.0048521	+0.0052825	+0.0056637	+0.0060273	+0.0063788
2013-09	0.105	-0.0054656	-0.0051167	-0.0047585	-0.0043657	-0.0039470	-0.0035030	-0.0030388	-0.0025343	-0.0020053	-0.0014526	-0.0008948	-0.0003432	+0.0001861	+0.0006830	+0.0011490	+0.0015797	+0.0019721	+0.0023383	+0.0026714	+0.0030043	+0.0033099
2013-10	0.013	-0.0021323	-0.0018595	-0.0015699	-0.0012655	-0.0009428	-0.0005877	-0.0001999	+0.0002143	+0.0006451	+0.0011029	+0.0015625	+0.0020173	+0.0024633	+0.0028831	+0.0032819	+0.0036492	+0.0039901	+0.0043086	+0.0046034	+0.0048842	+0.0051304
2013-11	0.036	-0.0025334	-0.0022440	-0.0019267	-0.0016080	-0.0012818	-0.0009383	-0.0005701	-0.0001857	+0.0002104	+0.0006178	+0.0010246	+0.0014149	+0.0017884	+0.0021378	+0.0024607	+0.0027624	+0.0030404	+0.0032976	+0.0035408	+0.0037557	+0.0039694
2013-12	0.039	-0.0020513	-0.0017538	-0.0014307	-0.0011146	-0.0007808	-0.0004367	-0.0000736	+0.0002940	+0.0006712	+0.0010528	+0.0014350	+0.0018031	+0.0021502	+0.0024726	+0.0027743	+0.0030502	+0.0033118	+0.0035500	+0.0037691	+0.0039656	+0.0041623
2014-01	-0.012	-0.0022520	-0.0019028	-0.0015250	-0.0011382	-0.0007400	-0.0003263	+0.0001108	+0.0005562	+0.0010042	+0.0014200	+0.0018134	+0.0021848	+0.0025327	+0.0028492	+0.0031382	+0.0034017	+0.0036452	+0.0038649	+0.0040694	+0.0042638	+0.0044467
2014-02	0.003	-0.0021449	-0.0018560	-0.0015671	-0.0012588	-0.0009455	-0.0005977	-0.0002350	+0.0001429	+0.0005251	+0.0009240	+0.0013214	+0.0017044	+0.0020712	+0.0024215	+0.0027429	+0.0030380	+0.0033126	+0.0035601	+0.0038034	+0.0040435	+0.0042579
2014-03	0.017	-0.0029639	-0.0026445	-0.0022976	-0.0019569	-0.0015767	-0.0011659	-0.0007507	-0.0003128	+0.0001479	+0.0006243	+0.0011061	+0.0015810	+0.0020344	+0.0024595	+0.0028503	+0.0032085	+0.0035304	+0.0038223	+0.0040829	+0.0043117	+0.0045394
2014-04	-0.020	-0.0036036	-0.0033082	-0.0029793	-0.0026340	-0.0022512	-0.0018528	-0.0014243	-0.0009675	-0.0004890	+0.0000092	+0.0005188	+0.0010275	+0.0015198	+0.0019869	+0.0024188	+0.0028306	+0.0031936	+0.0035376	+0.0038448	+0.0041441	+0.0044073
2014-05	0.025	-0.0044369	-0.0040948	-0.0037397	-0.0033833	-0.0029929	-0.0025886	-0.0021599	-0.0017098	-0.0012360	-0.0007398	-0.0002348	+0.0002617	+0.0007449	+0.0011939	+0.0016039	+0.0019815	+0.0023307	+0.0026612	+0.0029726	+0.0032396	+0.0035097
2014-06	0.069	-0.0026083	-0.0023294	-0.0020601	-0.0017556	-0.0014431	-0.0010999	-0.0007324	-0.0003445	+0.0000742	+0.0005048	+0.0009482	+0.0013877	+0.0018085	+0.0022030	+0.0025686	+0.0029110	+0.0032255	+0.0035165	+0.0037743	+0.0040082	+0.0042347
2014-07	0.027	-0.0027716	-0.0024614	-0.0021342	-0.0017985	-0.0014447	-0.0010697	-0.0006768	-0.0002549	+0.0001813	+0.0006311	+0.0010754	+0.0015052	+0.0019158	+0.0022994	+0.0026455	+0.0029582	+0.0032380	+0.0034931	+0.0037256	+0.0039537	+0.0041474
2014-08	0.036	-0.0019123	-0.0016360	-0.0013454	-0.0010409	-0.0007140	-0.0003933	-0.0000523	+0.0003103	+0.0006839	+0.0010618	+0.0014356	+0.0017897	+0.0021204	+0.0024261	+0.0027001	+0.0029477	+0.0031721	+0.0033758	+0.0035676	+0.0037384	+0.0039052
2014-09	0.047	-0.0016528	-0.0013048	-0.0009650	-0.0006001	-0.0002303	+0.0001547	+0.0005627	+0.0009773	+0.0013749	+0.0017452	+0.0020877	+0.0024077	+0.0027053	+0.0029718	+0.0032129	+0.0034325	+0.0036325	+0.0038061	+0.0039790	+0.0041429	+0.0042864
2014-10	-0.019	-0.0019047	-0.0015097	-0.0010484	-0.0006088	-0.0002473	+0.0001065	+0.0005281	+0.0010396	+0.0015238	+0.0018901	+0.0021952	+0.0024633	+0.0026970	+0.0029075	+0.0030917	+0.0032590	+0.0034102	+0.0035510	+0.0036819	+0.0037971	+0.0039017
2014-11	0.042	-0.0024858	-0.0022425	-0.0020039	-0.0017521	-0.0014791	-0.0011756	-0.0008559	-0.0005178	-0.0001663	+0.0002050	+0.0005800	+0.0009433	+0.0012850	+0.0016067	+0.0019017	+0.0021628	+0.0023990	+0.0026197	+0.0028243	+0.0030085	+0.0031916
2014-12	0.015	-0.0021832	-0.0018812	-0.0015625	-0.0012298	-0.0008755	-0.0005141	-0.0001261	+0.0002773	+0.0007008	+0.0011285	+0.0015498	+0.0019551	+0.0023346	+0.0026843	+0.0030123	+0.0032961	+0.0035558	+0.0037891	+0.0039974	+0.0041924	+0.0043710
2015-01	0.000	-0.0027515	-0.0024644	-0.0021621	-0.0018360	-0.0014977	-0.0011342	-0.0007530	-0.0003456	+0.0000879	+0.0005295	+0.0009745	+0.0014070	+0.0018174	+0.0022024	+0.0025536	+0.0028724	+0.0031679	+0.0034327	+0.0036831	+0.0039122	+0.0041206
2015-02	-0.004	-0.0028894	-0.0025947	-0.0022924	-0.0019728	-0.0016373	-0.0012770	-0.0008941	-0.0004873	-0.0000642	+0.0003806	+0.0008283	+0.0012687	+0.0016928	+0.0020782	+0.0024389	+0.0027790	+0.0030848	+0.0033666	+0.0036286	+0.0038788	+0.0041106
