2011-05	-0.017	-0.0035366	-0.0032419	-0.0029203	-0.0025760	-0.0022312	-0.0018705	-0.0014911	-0.0010933	-0.0006838	-0.0002662	+0.0001429	+0.0005348	+0.0008979	+0.0012256	+0.0015227	+0.0017918	+0.0020395	+0.0022658	+0.0024697	+0.0026688	+0.0028382
2011-06	-0.004	-0.0038223	-0.0035116	-0.0031958	-0.0028815	-0.0025441	-0.0021932	-0.0018129	-0.0014253	-0.0010153	-0.0006030	-0.0002004	+0.0001878	+0.0005572	+0.0008908	+0.0011922	+0.0014647	+0.0017129	+0.0019357	+0.0021529	+0.0023359	+0.0025147
2011-07	-0.023	-0.0039685	-0.0036709	-0.0033652	-0.0030376	-0.0027045	-0.0023554	-0.0019899	-0.0016181	-0.0012349	-0.0008451	-0.0004641	-0.0000991	+0.0002547	+0.0005796	+0.0008794	+0.0011589	+0.0014189	+0.0016579	+0.0018811	+0.0020848	+0.0022642
2011-08	-0.069	-0.0021910	-0.0020633	-0.0019283	-0.0017775	-0.0016294	-0.0014618	-0.0012810	-0.0010858	-0.0008752	-0.0006505	-0.0004170	-0.0001819	+0.0000490	+0.0002708	+0.0004819	+0.0006725	+0.0008535	+0.0010181	+0.0011746	+0.0013280	+0.0014750
2011-09	-0.032	-0.0047351	-0.0044865	-0.0042237	-0.0039319	-0.0036337	-0.0033186	-0.0029810	-0.0026219	-0.0022476	-0.0018544	-0.0014515	-0.0010369	-0.0006159	-0.0001946	+0.0002213	+0.0006295	+0.0010428	+0.0014480	+0.0018143	+0.0021585	+0.0025014
2011-10	0.053	-0.0049812	-0.0047122	-0.0044332	-0.0041516	-0.0038631	-0.0035477	-0.0032046	-0.0028434	-0.0024617	-0.0020563	-0.0016325	-0.0011952	-0.0007555	-0.0003094	+0.0001372	+0.0005815	+0.0010208	+0.0014272	+0.0018285	+0.0022222	+0.0025873
2011-11	-0.050	-0.0048469	-0.0045842	-0.0043103	-0.0040303	-0.0037319	-0.0034093	-0.0030614	-0.0026896	-0.0022874	-0.0018660	-0.0014312	-0.0009865	-0.0005403	-0.0001007	+0.0003199	+0.0007227	+0.0011020	+0.0014598	+0.0018007	+0.0021286	+0.0024531
2011-12	0.013	-0.0045520	-0.0043054	-0.0040447	-0.0037653	-0.0034603	-0.0031402	-0.0027921	-0.0024311	-0.0020393	-0.0016196	-0.0011844	-0.0007395	-0.0002974	+0.0001364	+0.0005584	+0.0009607	+0.0013441	+0.0017085	+0.0020460	+0.0023594	+0.0026885
2012-01	0.024	-0.0026865	-0.0025118	-0.0023274	-0.0021178	-0.0018954	-0.0016482	-0.0013803	-0.0010872	-0.0007722	-0.0004336	-0.0000820	+0.0002821	+0.0006388	+0.0009784	+0.0013080	+0.0016189	+0.0019122	+0.0021971	+0.0024472	+0.0027017	+0.0029399
2012-02	0.074	-0.0020974	-0.0018909	-0.0016589	-0.0014146	-0.0011442	-0.0008724	-0.0005707	-0.0002423	+0.0001005	+0.0004687	+0.0008478	+0.0012250	+0.0015906	+0.0019395	+0.0022675	+0.0025758	+0.0028582	+0.0031257	+0.0033599	+0.0035909	+0.0038052
2012-03	0.019	-0.0017330	-0.0015315	-0.0013080	-0.0010793	-0.0008386	-0.0005683	-0.0002827	+0.0000207	+0.0003440	+0.0006818	+0.0010244	+0.0013606	+0.0016913	+0.0019983	+0.0022844	+0.0025476	+0.0027822	+0.0030093	+0.0032200	+0.0034224	+0.0036072
2012-04	-0.018	-0.0015807	-0.0012936	-0.0009884	-0.0006997	-0.0004008	-0.0000933	+0.0002385	+0.0005802	+0.0009170	+0.0012335	+0.0015290	+0.0018051	+0.0020575	+0.0022891	+0.0025022	+0.0026947	+0.0028717	+0.0030352	+0.0031786	+0.0033175	+0.0034549
2012-05	-0.080	-0.0015835	-0.0013435	-0.0010944	-0.0008315	-0.0005616	-0.0002727	+0.0000249	+0.0003363	+0.0006519	+0.0009701	+0.0012830	+0.0015779	+0.0018535	+0.0021106	+0.0023436	+0.0025507	+0.0027427	+0.0029220	+0.0030909	+0.0032474	+0.0034015
2012-06	0.020	-0.0026102	-0.0024350	-0.0022330	-0.0020270	-0.0018019	-0.0015675	-0.0013101	-0.0010363	-0.0007483	-0.0004398	-0.0001206	+0.0002044	+0.0005093	+0.0007969	+0.0010660	+0.0013125	+0.0015462	+0.0017616	+0.0019665	+0.0021571	+0.0023375
2012-07	0.007	-0.0031366	-0.0029721	-0.0027895	-0.0025882	-0.0023715	-0.0021395	-0.0018882	-0.0016190	-0.0013356	-0.0010379	-0.0007288	-0.0004157	-0.0001118	+0.0001812	+0.0004580	+0.0007163	+0.0009565	+0.0011784	+0.0013868	+0.0015868	+0.0017756
2012-08	0.006	-0.0034010	-0.0032439	-0.0030656	-0.0028856	-0.0026827	-0.0024667	-0.0022276	-0.0019661	-0.0016810	-0.0013711	-0.0010448	-0.0007020	-0.0003570	-0.0000153	+0.0003231	+0.0006489	+0.0009643	+0.0012606	+0.0015476	+0.0018178	+0.0020703
2012-09	0.017	-0.0023141	-0.0021521	-0.0019838	-0.0018128	-0.0016292	-0.0014203	-0.0012001	-0.0009591	-0.0007018	-0.0004316	-0.0001529	+0.0001246	+0.0003937	+0.0006443	+0.0008826	+0.0011012	+0.0013044	+0.0014869	+0.0016656	+0.0018209	+0.0019651
2012-10	0.011	-0.0014979	-0.0013052	-0.0011138	-0.0009121	-0.0007006	-0.0004776	-0.0002372	+0.0000164	+0.0002795	+0.0005488	+0.0008140	+0.0010726	+0.0013222	+0.0015534	+0.0017653	+0.0019632	+0.0021447	+0.0023116	+0.0024616	+0.0025969	+0.0027197
2012-11	0.037	-0.0014997	-0.0013726	-0.0012353	-0.0010858	-0.0009317	-0.0007678	-0.0005904	-0.0004009	-0.0001969	+0.0000161	+0.0002384	+0.0004596	+0.0006729	+0.0008799	+0.0010747	+0.0012557	+0.0014226	+0.0015781	+0.0017165	+0.0018462	+0.0019710
2012-12	0.057	-0.0013435	-0.0011630	-0.0009756	-0.0007880	-0.0005833	-0.0003759	-0.0001605	+0.0000685	+0.0003076	+0.0005530	+0.0008012	+0.0010472	+0.0012850	+0.0015074	+0.0017137	+0.0019056	+0.0020846	+0.0022503	+0.0024075	+0.0025417	+0.0026665
2013-01	0.073	-0.0014696	-0.0012102	-0.0009439	-0.0006712	-0.0003806	-0.0000853	+0.0002256	+0.0005563	+0.0008756	+0.0011816	+0.0014714	+0.0017428	+0.0019957	+0.0022273	+0.0024362	+0.0026334	+0.0028079	+0.0029658	+0.0031076	+0.0032443	+0.0033618
2013-02	0.015	-0.0018343	-0.0014347	-0.0009994	-0.0005616	-0.0001726	+0.0002028	+0.0006353	+0.0011573	+0.0016550	+0.0020575	+0.0023921	+0.0026920	+0.0029626	+0.0032097	+0.0034331	+0.0036344	+0.0038192	+0.0039822	+0.0041329	+0.0042756	+0.0044010
2013-03	0.036	-0.0027970	-0.0023303	-0.0016340	-0.0009508	-0.0004894	-0.0000606	+0.0004280	+0.0011599	+0.0018894	+0.0023504	+0.0027063	+0.0030175	+0.0032947	+0.0035440	+0.0037694	+0.0039745	+0.0041534	+0.0043241	+0.0044767	+0.0046137	+0.0047408
2013-04	0.061	-0.0023590	-0.0018697	-0.0011687	-0.0006459	-0.0002429	+0.0001409	+0.0006142	+0.0013430	+0.0020454	+0.0024689	+0.0028018	+0.0030935	+0.0033590	+0.0035971	+0.0038186	+0.0040140	+0.0041954	+0.0043588	+0.0045074	+0.0046462	+0.0047848
2013-05	0.014	-0.0023248	-0.0018107	-0.0013342	-0.0009053	-0.0004775	-0.0000124	+0.0005033	+0.0010295	+0.0014999	+0.0019379	+0.0023424	+0.0027207	+0.0030755	+0.0034102	+0.0037158	+0.0039993	+0.0042635	+0.0045125	+0.0047422	+0.0049644	+0.0051788
2013-06	-0.031	-0.0025559	-0.0021882	-0.0018204	-0.0014457	-0.0010453	-0.0006215	-0.0001810	+0.0002654	+0.0007061	+0.0011413	+0.0015673	+0.0019735	+0.0023666	+0.0027274	+0.0030627	+0.0033730	+0.0036493	+0.0039114	+0.0041549	+0.0043824	+0.0046108
2013-07	0.019	-0.0027054	-0.0024625	-0.0022223	-0.0019490	-0.0016647	-0.0013494	-0.0010133	-0.0006476	-0.0002640	+0.0001383	+0.0005610	+0.0009810	+0.0013927	+0.0017846	+0.0021534	+0.0024951	+0.0028194	+0.0031266	+0.0034016	+0.0036637	+0.0039171
2013-08	-0.009	-0.0028262	-0.0025367	-0.0022350	-0.0019223	-0.0015855	-0.0012342	-0.0008573	-0.0004577	-0.0000336	+0.0004070	+0.0008605	+0.0013098	+0.0017337	+0.0021353	+0.0025196	+0.0028698	+0.0032038	+0.0035087	+0.0037864	+0.0040565	+0.0043089
2013-09	0.040	-0.0029682	-0.0027664	-0.0025454	-0.0023144	-0.0020709	-0.0018096	-0.0015221	-0.0012169	-0.0008922	-0.0005555	-0.0002107	+0.0001277	+0.0004591	+0.0007767	+0.0010765	+0.0013586	+0.0016202	+0.0018627	+0.0020889	+0.0023054	+0.0024910
2013-10	0.024	-0.0016350	-0.0014545	-0.0012678	-0.0010716	-0.0008608	-0.0006303	-0.0003885	-0.0001310	+0.0001463	+0.0004338	+0.0007235	+0.0010109	+0.0012904	+0.0015562	+0.0018045	+0.0020405	+0.0022602	+0.0024629	+0.0026576	+0.0028321	+0.0029925
2013-11	0.037	-0.0016112	-0.0014187	-0.0012185	-0.0010090	-0.0008000	-0.0005778	-0.0003471	-0.0001063	+0.0001522	+0.0004149	+0.0006767	+0.0009319	+0.0011783	+0.0014062	+0.0016182	+0.0018139	+0.0019989	+0.0021700	+0.0023228	+0.0024584	+0.0025907
2013-12	0.028	-0.0013839	-0.0011592	-0.0009585	-0.0007396	-0.0005159	-0.0002885	-0.0000435	+0.0002089	+0.0004597	+0.0007164	+0.0009711	+0.0012199	+0.0014529	+0.0016708	+0.0018774	+0.0020641	+0.0022435	+0.0024028	+0.0025557	+0.0027030	+0.0028353
2014-01	-0.034	-0.0015929	-0.0013457	-0.0010725	-0.0007761	-0.0004898	-0.0001878	+0.0001389	+0.0004764	+0.0008045	+0.0011101	+0.0013886	+0.0016505	+0.0018924	+0.0021139	+0.0023167	+0.0025027	+0.0026707	+0.0028247	+0.0029682	+0.0031003	+0.0032243
2014-02	0.015	-0.0016989	-0.0014824	-0.0012383	-0.0010009	-0.0007584	-0.0005105	-0.0002439	+0.0000316	+0.0003204	+0.0006054	+0.0008861	+0.0011623	+0.0014157	+0.0016497	+0.0018600	+0.0020513	+0.0022234	+0.0023821	+0.0025277	+0.0026613	+0.0027853
2014-03	0.002	-0.0018558	-0.0016419	-0.0014142	-0.0011738	-0.0009181	-0.0006553	-0.0003819	-0.0000880	+0.0002089	+0.0005165	+0.0008254	+0.0011271	+0.0014132	+0.0016814	+0.0019238	+0.0021482	+0.0023440	+0.0025258	+0.0026930	+0.0028469	+0.0029890
2014-04	-0.003	-0.0022870	-0.0021135	-0.0019234	-0.0017214	-0.0014866	-0.0012497	-0.0009953	-0.0007284	-0.0004525	-0.0001625	+0.0001316	+0.0004253	+0.0007070	+0.0009747	+0.0012248	+0.0014594	+0.0016770	+0.0018726	+0.0020463	+0.0022157	+0.0023758
2014-05	0.013	-0.0027352	-0.0025433	-0.0023309	-0.0021021	-0.0018649	-0.0016202	-0.0013567	-0.0010788	-0.0007833	-0.0004743	-0.0001644	+0.0001445	+0.0004412	+0.0007237	+0.0009825	+0.0012222	+0.0014427	+0.0016426	+0.0018325	+0.0020034	+0.0021656
2014-06	0.015	-0.0015634	-0.0013943	-0.0012234	-0.0010392	-0.0008456	-0.0006361	-0.0004141	-0.0001764	+0.0000769	+0.0003382	+0.0006029	+0.0008665	+0.0011148	+0.0013511	+0.0015649	+0.0017675	+0.0019569	+0.0021288	+0.0022841	+0.0024270	+0.0025587
2014-07	0.009	-0.0016539	-0.0015029	-0.0013447	-0.0011847	-0.0010048	-0.0008174	-0.0006173	-0.0004009	-0.0001768	+0.0000525	+0.0002868	+0.0005139	+0.0007316	+0.0009332	+0.0011177	+0.0012899	+0.0014460	+0.0015852	+0.0017154	+0.0018355	+0.0019386
2014-08	0.008	-0.0012918	-0.0011554	-0.0010156	-0.0008640	-0.0007120	-0.0005536	-0.0003856	-0.0002122	-0.0000314	+0.0001516	+0.0003358	+0.0005160	+0.0006862	+0.0008427	+0.0009841	+0.0011181	+0.0012371	+0.0013473	+0.0014473	+0.0015439	+0.0016345
2014-09	0.019	-0.0009006	-0.0007810	-0.0006598	-0.0005224	-0.0003754	-0.0002249	-0.0000659	+0.0001001	+0.0002718	+0.0004507	+0.0006294	+0.0008040	+0.0009722	+0.0011285	+0.0012691	+0.0013971	+0.0015168	+0.0016271	+0.0017239	+0.0018125	+0.0019020
2014-10	-0.001	-0.0010725	-0.0009322	-0.0007957	-0.0006482	-0.0004868	-0.0003180	-0.0001417	+0.0000393	+0.0002231	+0.0004055	+0.0005806	+0.0007484	+0.0009040	+0.0010460	+0.0011793	+0.0012988	+0.0014109	+0.0015087	+0.0015980	+0.0016792	+0.0017570
2014-11	0.069	-0.0021731	-0.0019904	-0.0018053	-0.0016101	-0.0014094	-0.0011874	-0.0009528	-0.0007010	-0.0004386	-0.0001632	+0.0001166	+0.0003915	+0.0006522	+0.0008957	+0.0011228	+0.0013394	+0.0015342	+0.0017121	+0.0018816	+0.0020445	+0.0021983
2014-12	0.008	-0.0018890	-0.0016245	-0.0013419	-0.0010388	-0.0007305	-0.0004052	-0.0000567	+0.0003056	+0.0006812	+0.0010632	+0.0014413	+0.0018105	+0.0021660	+0.0024967	+0.0028011	+0.0030787	+0.0033467	+0.0035856	+0.0038255	+0.0040268	+0.0042219
2015-01	-0.019	-0.0024041	-0.0021243	-0.0018275	-0.0015231	-0.0011980	-0.0008608	-0.0005033	-0.0001199	+0.0002846	+0.0007035	+0.0011294	+0.0015439	+0.0019346	+0.0023116	+0.0026571	+0.0029747	+0.0032681	+0.0035471	+0.0038087	+0.0040438	+0.0042652
2015-02	0.004	-0.0025637	-0.0023090	-0.0020216	-0.0017297	-0.0014041	-0.0010549	-0.0006846	-0.0002933	+0.0001273	+0.0005595	+0.0010015	+0.0014362	+0.0018566	+0.0022592	+0.0026255	+0.0029667	+0.0032807	+0.0035784	+0.0038510	+0.0040934	+0.0043447
