2013-10	0.005	-0.0012333	-0.0011501	-0.0010638	-0.0009692	-0.0008700	-0.0007615	-0.0006441	-0.0005152	-0.0003747	-0.0002279	-0.0000755	+0.0000772	+0.0002255	+0.0003670	+0.0005004	+0.0006251	+0.0007401	+0.0008455	+0.0009433	+0.0010394	+0.0011289
2013-11	-0.008	-0.0008534	-0.0007842	-0.0007122	-0.0006371	-0.0005548	-0.0004699	-0.0003760	-0.0002752	-0.0001664	-0.0000508	+0.0000674	+0.0001859	+0.0002993	+0.0004082	+0.0005123	+0.0006075	+0.0006963	+0.0007788	+0.0008578	+0.0009293	+0.0009962
2013-12	-0.016	-0.0009285	-0.0008519	-0.0007793	-0.0007015	-0.0006201	-0.0005321	-0.0004365	-0.0003348	-0.0002273	-0.0001134	+0.0000042	+0.0001226	+0.0002367	+0.0003443	+0.0004481	+0.0005430	+0.0006330	+0.0007159	+0.0007910	+0.0008599	+0.0009193
2014-01	0.016	-0.0007765	-0.0007219	-0.0006628	-0.0006026	-0.0005356	-0.0004642	-0.0003855	-0.0002994	-0.0002053	-0.0001069	-0.0000043	+0.0000990	+0.0002009	+0.0002986	+0.0003924	+0.0004835	+0.0005666	+0.0006466	+0.0007195	+0.0007863	+0.0008449
2014-02	0.005	-0.0007164	-0.0006698	-0.0006174	-0.0005611	-0.0005024	-0.0004381	-0.0003693	-0.0002967	-0.0002190	-0.0001363	-0.0000510	+0.0000351	+0.0001168	+0.0001963	+0.0002704	+0.0003404	+0.0004044	+0.0004648	+0.0005220	+0.0005739	+0.0006249
2014-03	-0.005	-0.0006429	-0.0005968	-0.0005473	-0.0004920	-0.0004349	-0.0003738	-0.0003082	-0.0002369	-0.0001610	-0.0000810	-0.0000004	+0.0000820	+0.0001620	+0.0002374	+0.0003076	+0.0003733	+0.0004341	+0.0004907	+0.0005412	+0.0005889	+0.0006308
2014-04	0.002	-0.0005590	-0.0005130	-0.0004643	-0.0004113	-0.0003532	-0.0002917	-0.0002248	-0.0001537	-0.0000787	+0.0000001	+0.0000806	+0.0001592	+0.0002379	+0.0003112	+0.0003791	+0.0004432	+0.0005009	+0.0005556	+0.0006037	+0.0006469	+0.0006879
2014-05	0.015	-0.0005026	-0.0004454	-0.0003886	-0.0003283	-0.0002655	-0.0001991	-0.0001286	-0.0000525	+0.0000279	+0.0001100	+0.0001935	+0.0002765	+0.0003570	+0.0004315	+0.0005030	+0.0005680	+0.0006292	+0.0006843	+0.0007361	+0.0007831	+0.0008276
2014-06	-0.005	-0.0004587	-0.0004122	-0.0003584	-0.0003063	-0.0002474	-0.0001877	-0.0001231	-0.0000540	+0.0000189	+0.0000949	+0.0001726	+0.0002499	+0.0003238	+0.0003935	+0.0004586	+0.0005181	+0.0005721	+0.0006219	+0.0006687	+0.0007108	+0.0007529
2014-07	-0.002	-0.0004639	-0.0004207	-0.0003762	-0.0003268	-0.0002754	-0.0002201	-0.0001593	-0.0000939	-0.0000250	+0.0000475	+0.0001219	+0.0001964	+0.0002675	+0.0003357	+0.0003994	+0.0004588	+0.0005134	+0.0005634	+0.0006095	+0.0006528	+0.0006957
2014-08	0.015	-0.0004268	-0.0003751	-0.0003255	-0.0002703	-0.0002114	-0.0001502	-0.0000852	-0.0000159	+0.0000555	+0.0001295	+0.0002049	+0.0002798	+0.0003512	+0.0004174	+0.0004799	+0.0005374	+0.0005901	+0.0006402	+0.0006862	+0.0007282	+0.0007685
2014-09	-0.009	-0.0004118	-0.0003635	-0.0003135	-0.0002597	-0.0002015	-0.0001415	-0.0000769	-0.0000091	+0.0000613	+0.0001321	+0.0002019	+0.0002702	+0.0003351	+0.0003958	+0.0004519	+0.0005026	+0.0005480	+0.0005904	+0.0006298	+0.0006645	+0.0006957
2014-10	0.006	-0.0005007	-0.0004613	-0.0004171	-0.0003702	-0.0003194	-0.0002651	-0.0002070	-0.0001445	-0.0000775	-0.0000079	+0.0000624	+0.0001332	+0.0002008	+0.0002642	+0.0003229	+0.0003777	+0.0004297	+0.0004765	+0.0005187	+0.0005621	+0.0005989
2014-11	0.005	-0.0006026	-0.0005423	-0.0004813	-0.0004144	-0.0003432	-0.0002633	-0.0001787	-0.0000885	+0.0000075	+0.0001056	+0.0002059	+0.0003059	+0.0004047	+0.0004992	+0.0005858	+0.0006656	+0.0007385	+0.0008069	+0.0008711	+0.0009302	+0.0009882
2014-12	-0.001	-0.0006899	-0.0006293	-0.0005651	-0.0004984	-0.0004272	-0.0003494	-0.0002647	-0.0001752	-0.0000794	+0.0000196	+0.0001227	+0.0002260	+0.0003259	+0.0004220	+0.0005136	+0.0005982	+0.0006758	+0.0007503	+0.0008172	+0.0008808	+0.0009406
2015-01	0.024	-0.0007926	-0.0007311	-0.0006625	-0.0005963	-0.0005214	-0.0004391	-0.0003519	-0.0002580	-0.0001589	-0.0000533	+0.0000538	+0.0001633	+0.0002707	+0.0003735	+0.0004693	+0.0005590	+0.0006422	+0.0007209	+0.0007908	+0.0008587	+0.0009256
2015-02	-0.002	-0.0007395	-0.0006498	-0.0005529	-0.0004540	-0.0003503	-0.0002425	-0.0001244	-0.0000037	+0.0001240	+0.0002599	+0.0003951	+0.0005294	+0.0006586	+0.0007827	+0.0008958	+0.0010033	+0.0010988	+0.0011900	+0.0012785	+0.0013609	+0.0014369
