2011-05	-0.088	-0.0056928	-0.0053432	-0.0049660	-0.0045491	-0.0041163	-0.0036293	-0.0030904	-0.0025107	-0.0018760	-0.0011986	-0.0004880	+0.0002364	+0.0009505	+0.0016358	+0.0022938	+0.0029062	+0.0034746	+0.0040002	+0.0044946	+0.0049490	+0.0053740
2011-06	0.021	-0.0058813	-0.0054842	-0.0050508	-0.0045860	-0.0041169	-0.0036043	-0.0030322	-0.0024250	-0.0017685	-0.0010807	-0.0003744	+0.0003508	+0.0010531	+0.0017370	+0.0023903	+0.0029969	+0.0035582	+0.0040856	+0.0045766	+0.0050389	+0.0055122
2011-07	-0.044	-0.0055797	-0.0052013	-0.0048255	-0.0044301	-0.0039958	-0.0035273	-0.0030112	-0.0024524	-0.0018564	-0.0012008	-0.0005272	+0.0001449	+0.0008140	+0.0014461	+0.0020479	+0.0026197	+0.0031534	+0.0036488	+0.0041167	+0.0045705	+0.0049978
2011-08	-0.146	-0.0063448	-0.0060377	-0.0057092	-0.0053555	-0.0049683	-0.0045506	-0.0040999	-0.0036115	-0.0030979	-0.0025487	-0.0019803	-0.0014052	-0.0008327	-0.0002799	+0.0002484	+0.0007587	+0.0012418	+0.0016851	+0.0020975	+0.0024786	+0.0028398
2011-09	-0.059	-0.0078771	-0.0075374	-0.0071555	-0.0067463	-0.0063151	-0.0058302	-0.0053159	-0.0047573	-0.0041454	-0.0034948	-0.0028144	-0.0020994	-0.0013677	-0.0006286	+0.0001200	+0.0008583	+0.0015828	+0.0023136	+0.0030075	+0.0036252	+0.0042088
2011-10	0.092	-0.0085733	-0.0082428	-0.0078853	-0.0074704	-0.0070378	-0.0065477	-0.0060134	-0.0054101	-0.0047778	-0.0040808	-0.0033532	-0.0026112	-0.0018609	-0.0011207	-0.0003979	+0.0003130	+0.0010015	+0.0016788	+0.0023199	+0.0029679	+0.0035654
2011-11	-0.177	-0.0086657	-0.0082994	-0.0079318	-0.0074938	-0.0070420	-0.0065426	-0.0059966	-0.0053776	-0.0047071	-0.0039742	-0.0031885	-0.0023607	-0.0014944	-0.0006252	+0.0002381	+0.0010766	+0.0018816	+0.0026771	+0.0034580	+0.0042469	+0.0050311
2011-12	-0.060	-0.0096120	-0.0094165	-0.0091482	-0.0087976	-0.0083470	-0.0078111	-0.0071814	-0.0064619	-0.0056515	-0.0047675	-0.0038032	-0.0027805	-0.0017141	-0.0006351	+0.0004835	+0.0016091	+0.0028482	+0.0042738	+0.0067217	+0.0100000	+0.0100000
2012-01	0.128	-0.0090972	-0.0087697	-0.0083642	-0.0078861	-0.0073437	-0.0067233	-0.0060396	-0.0052777	-0.0044475	-0.0035585	-0.0026410	-0.0017108	-0.0007756	+0.0001357	+0.0010104	+0.0018412	+0.0026433	+0.0034334	+0.0042541	+0.0051226	+0.0061405
2012-02	0.122	-0.0071199	-0.0065594	-0.0059697	-0.0053487	-0.0046503	-0.0039102	-0.0031161	-0.0022687	-0.0013820	-0.0004449	+0.0005096	+0.0014737	+0.0024051	+0.0032889	+0.0040956	+0.0048397	+0.0055120	+0.0061620	+0.0067598	+0.0073046	+0.0078321
2012-03	-0.058	-0.0065569	-0.0060098	-0.0054376	-0.0048370	-0.0041948	-0.0034826	-0.0027348	-0.0019401	-0.0011008	-0.0002133	+0.0006865	+0.0015661	+0.0024120	+0.0031972	+0.0039076	+0.0045647	+0.0051556	+0.0057101	+0.0062088	+0.0066472	+0.0070717
2012-04	-0.033	-0.0051877	-0.0046765	-0.0041507	-0.0035942	-0.0029758	-0.0023321	-0.0016608	-0.0009454	-0.0001966	+0.0005693	+0.0013547	+0.0021296	+0.0028628	+0.0035443	+0.0041718	+0.0047430	+0.0052537	+0.0057392	+0.0061828	+0.0065849	+0.0069690
2012-05	-0.142	-0.0044692	-0.0039544	-0.0034460	-0.0028999	-0.0023215	-0.0017143	-0.0010716	-0.0003896	+0.0003223	+0.0010426	+0.0017784	+0.0024806	+0.0031519	+0.0037760	+0.0043535	+0.0048820	+0.0053636	+0.0058105	+0.0062227	+0.0065901	+0.0069206
2012-06	0.029	-0.0069349	-0.0065983	-0.0062399	-0.0058568	-0.0054216	-0.0049429	-0.0044380	-0.0038799	-0.0032878	-0.0026478	-0.0019832	-0.0013028	-0.0006205	+0.0000350	+0.0006736	+0.0012789	+0.0018317	+0.0023503	+0.0028466	+0.0033072	+0.0037535
2012-07	0.022	-0.0070747	-0.0067582	-0.0064283	-0.0060687	-0.0056770	-0.0052538	-0.0047944	-0.0042841	-0.0037242	-0.0031185	-0.0024777	-0.0018255	-0.0011580	-0.0004854	+0.0001802	+0.0008260	+0.0014462	+0.0020440	+0.0026037	+0.0031406	+0.0036585
2012-08	0.029	-0.0068525	-0.0065643	-0.0062591	-0.0059210	-0.0055509	-0.0051439	-0.0046966	-0.0042083	-0.0036584	-0.0030659	-0.0024433	-0.0017891	-0.0011179	-0.0004435	+0.0002276	+0.0008752	+0.0014930	+0.0020874	+0.0026456	+0.0031716	+0.0036924
2012-09	0.079	-0.0041435	-0.0038320	-0.0035431	-0.0032244	-0.0028692	-0.0024993	-0.0020882	-0.0016462	-0.0011693	-0.0006607	-0.0001445	+0.0003789	+0.0008946	+0.0013881	+0.0018620	+0.0022952	+0.0026954	+0.0030760	+0.0034157	+0.0037397	+0.0040475
2012-10	0.005	-0.0026866	-0.0023210	-0.0019467	-0.0015529	-0.0011324	-0.0006818	-0.0001988	+0.0003139	+0.0008488	+0.0014067	+0.0019569	+0.0025006	+0.0030286	+0.0035321	+0.0039987	+0.0044356	+0.0048522	+0.0052369	+0.0055928	+0.0059267	+0.0062666
2012-11	0.062	-0.0029830	-0.0026636	-0.0023312	-0.0019764	-0.0016088	-0.0012123	-0.0008055	-0.0003692	+0.0000912	+0.0005694	+0.0010573	+0.0015415	+0.0020125	+0.0024549	+0.0028669	+0.0032461	+0.0036010	+0.0039326	+0.0042502	+0.0045432	+0.0048128
2012-12	0.053	-0.0025502	-0.0021572	-0.0017856	-0.0014016	-0.0009867	-0.0005622	-0.0001334	+0.0003161	+0.0007690	+0.0012309	+0.0016932	+0.0021498	+0.0025981	+0.0030226	+0.0034215	+0.0037961	+0.0041346	+0.0044630	+0.0047673	+0.0050457	+0.0053128
2013-01	0.104	-0.0030415	-0.0024890	-0.0019486	-0.0013997	-0.0008300	-0.0002562	+0.0003635	+0.0010236	+0.0016623	+0.0022331	+0.0027661	+0.0032618	+0.0037239	+0.0041470	+0.0045530	+0.0049266	+0.0052670	+0.0055881	+0.0058904	+0.0061640	+0.0064401
2013-02	-0.040	-0.0026413	-0.0021524	-0.0016859	-0.0011957	-0.0006980	-0.0001898	+0.0003587	+0.0009238	+0.0014759	+0.0019849	+0.0024781	+0.0029374	+0.0033617	+0.0037547	+0.0041156	+0.0044564	+0.0047641	+0.0050472	+0.0053301	+0.0055740	+0.0058059
2013-03	-0.006	-0.0037813	-0.0031821	-0.0025310	-0.0019433	-0.0013346	-0.0007344	-0.0000886	+0.0005944	+0.0012507	+0.0018529	+0.0024028	+0.0029026	+0.0033719	+0.0038059	+0.0041997	+0.0045589	+0.0048862	+0.0051788	+0.0054470	+0.0057088	+0.0059599
2013-04	0.059	-0.0035182	-0.0031485	-0.0027768	-0.0023907	-0.0019640	-0.0015035	-0.0010126	-0.0004861	+0.0000627	+0.0006345	+0.0012150	+0.0017988	+0.0023507	+0.0028769	+0.0033795	+0.0038423	+0.0042639	+0.0046710	+0.0050421	+0.0053786	+0.0057059
2013-05	0.029	-0.0034701	-0.0031457	-0.0027981	-0.0024121	-0.0019790	-0.0015242	-0.0010437	-0.0005291	+0.0000227	+0.0005995	+0.0011972	+0.0017877	+0.0023620	+0.0029125	+0.0034177	+0.0038964	+0.0043329	+0.0047267	+0.0050924	+0.0054222	+0.0057413
2013-06	-0.157	-0.0039301	-0.0036155	-0.0033006	-0.0029307	-0.0025409	-0.0021224	-0.0016638	-0.0011789	-0.0006571	-0.0000988	+0.0004682	+0.0010365	+0.0015967	+0.0021367	+0.0026396	+0.0031094	+0.0035539	+0.0039664	+0.0043587	+0.0047137	+0.0050391
2013-07	0.003	-0.0066602	-0.0062607	-0.0058068	-0.0053306	-0.0048034	-0.0042615	-0.0036886	-0.0030764	-0.0024319	-0.0017516	-0.0010401	-0.0003309	+0.0003497	+0.0010069	+0.0016100	+0.0021733	+0.0026996	+0.0031806	+0.0036483	+0.0040547	+0.0044636
2013-08	-0.139	-0.0057174	-0.0052939	-0.0048530	-0.0043920	-0.0038862	-0.0033600	-0.0027887	-0.0021937	-0.0015514	-0.0008867	-0.0002173	+0.0004451	+0.0010820	+0.0016877	+0.0022466	+0.0027627	+0.0032334	+0.0036683	+0.0040917	+0.0044647	+0.0048156
2013-09	0.107	-0.0093105	-0.0090285	-0.0086680	-0.0082677	-0.0078173	-0.0072936	-0.0067062	-0.0060518	-0.0053487	-0.0045924	-0.0037882	-0.0029598	-0.0021049	-0.0012456	-0.0004063	+0.0004179	+0.0012503	+0.0020757	+0.0029428	+0.0039009	+0.0053368
2013-10	0.091	-0.0081888	-0.0077344	-0.0072568	-0.0067049	-0.0061107	-0.0054675	-0.0047720	-0.0040313	-0.0032414	-0.0024110	-0.0015532	-0.0006779	+0.0001675	+0.0009879	+0.0017655	+0.0025015	+0.0031815	+0.0038129	+0.0044275	+0.0050218	+0.0056134
2013-11	0.002	-0.0061163	-0.0056668	-0.0051990	-0.0046810	-0.0041447	-0.0035679	-0.0029522	-0.0022783	-0.0015613	-0.0008057	-0.0000271	+0.0007324	+0.0014707	+0.0021766	+0.0028383	+0.0034703	+0.0040586	+0.0045858	+0.0050890	+0.0055752	+0.0060478
2013-12	0.077	-0.0049310	-0.0044928	-0.0040188	-0.0035246	-0.0030180	-0.0024602	-0.0018678	-0.0012269	-0.0005680	+0.0001271	+0.0008417	+0.0015716	+0.0022680	+0.0029396	+0.0035744	+0.0041653	+0.0047106	+0.0052153	+0.0056979	+0.0061368	+0.0065741
2014-01	-0.064	-0.0032179	-0.0026509	-0.0020727	-0.0014794	-0.0008419	-0.0001924	+0.0004920	+0.0011794	+0.0018681	+0.0025369	+0.0031644	+0.0037595	+0.0043370	+0.0048791	+0.0053787	+0.0058333	+0.0062665	+0.0066676	+0.0070592	+0.0074232	+0.0077827
2014-02	0.030	-0.0041304	-0.0036333	-0.0031447	-0.0026315	-0.0020934	-0.0015391	-0.0009602	-0.0003716	+0.0002361	+0.0008454	+0.0014283	+0.0019829	+0.0024989	+0.0029678	+0.0033940	+0.0037771	+0.0041174	+0.0044286	+0.0047294	+0.0049948	+0.0052273
2014-03	0.089	-0.0032855	-0.0029601	-0.0026156	-0.0022569	-0.0018793	-0.0014869	-0.0010563	-0.0006176	-0.0001510	+0.0003333	+0.0008225	+0.0013005	+0.0017634	+0.0021904	+0.0025733	+0.0029265	+0.0032320	+0.0035271	+0.0037902	+0.0040297	+0.0042445
2014-04	0.004	-0.0030993	-0.0027661	-0.0024166	-0.0020627	-0.0016779	-0.0012600	-0.0008185	-0.0003548	+0.0001354	+0.0006449	+0.0011578	+0.0016662	+0.0021404	+0.0025807	+0.0029899	+0.0033565	+0.0036912	+0.0039837	+0.0042601	+0.0045071	+0.0047253
2014-05	0.109	-0.0031991	-0.0028632	-0.0025144	-0.0021294	-0.0017342	-0.0013205	-0.0008962	-0.0004407	+0.0000267	+0.0005191	+0.0010159	+0.0015105	+0.0019800	+0.0024271	+0.0028359	+0.0032201	+0.0035629	+0.0038737	+0.0041769	+0.0044642	+0.0047265
2014-06	0.013	-0.0037529	-0.0029640	-0.0021517	-0.0014368	-0.0007824	-0.0000678	+0.0008096	+0.0016992	+0.0024718	+0.0031359	+0.0037400	+0.0043079	+0.0048581	+0.0053707	+0.0058436	+0.0062775	+0.0066916	+0.0070787	+0.0074384	+0.0077712	+0.0081053
2014-07	0.054	-0.0034599	-0.0029079	-0.0023379	-0.0017779	-0.0011974	-0.0005975	+0.0000426	+0.0006926	+0.0013473	+0.0019862	+0.0026111	+0.0032141	+0.0037850	+0.0043315	+0.0048301	+0.0052967	+0.0057393	+0.0061519	+0.0065253	+0.0068874	+0.0072207
2014-08	0.017	-0.0031078	-0.0026730	-0.0022130	-0.0017578	-0.0012771	-0.0007656	-0.0002428	+0.0003094	+0.0008814	+0.0014594	+0.0020390	+0.0026128	+0.0031735	+0.0037020	+0.0042001	+0.0046779	+0.0051292	+0.0055387	+0.0059167	+0.0062958	+0.0066364
2014-09	0.045	-0.0031462	-0.0026675	-0.0021551	-0.0015982	-0.0010269	-0.0004598	+0.0001263	+0.0007127	+0.0013188	+0.0019378	+0.0025544	+0.0031425	+0.0037090	+0.0042542	+0.0047698	+0.0052481	+0.0056850	+0.0060934	+0.0064891	+0.0068309	+0.0071653
2014-10	0.002	-0.0032742	-0.0028984	-0.0024949	-0.0020773	-0.0016325	-0.0011661	-0.0006845	-0.0001778	+0.0003366	+0.0008487	+0.0013473	+0.0018190	+0.0022565	+0.0026553	+0.0030197	+0.0033512	+0.0036649	+0.0039435	+0.0042055	+0.0044485	+0.0046606
2014-11	0.104	-0.0028258	-0.0025454	-0.0022779	-0.0019740	-0.0016471	-0.0013020	-0.0009316	-0.0005472	-0.0001357	+0.0002942	+0.0007308	+0.0011661	+0.0015798	+0.0019776	+0.0023465	+0.0026822	+0.0029853	+0.0032543	+0.0035100	+0.0037389	+0.0039614
2014-12	-0.021	-0.0027125	-0.0022702	-0.0017861	-0.0012769	-0.0007597	-0.0002170	+0.0003434	+0.0009245	+0.0015104	+0.0020830	+0.0026520	+0.0031961	+0.0037128	+0.0042001	+0.0046520	+0.0050656	+0.0054591	+0.0058469	+0.0062102	+0.0065431	+0.0068535
2015-01	0.064	-0.0034484	-0.0030696	-0.0027018	-0.0022974	-0.0018810	-0.0014311	-0.0009490	-0.0004515	+0.0000854	+0.0006498	+0.0012261	+0.0017911	+0.0023487	+0.0028811	+0.0033866	+0.0038519	+0.0042935	+0.0046978	+0.0050769	+0.0054352	+0.0057662
2015-02	-0.011	-0.0032064	-0.0028076	-0.0023212	-0.0018343	-0.0013221	-0.0007976	-0.0002246	+0.0003764	+0.0009752	+0.0015889	+0.0021937	+0.0028008	+0.0033640	+0.0039039	+0.0044118	+0.0048952	+0.0053300	+0.0057208	+0.0060793	+0.0064357	+0.0067691
