2011-05	0.006	-0.0011773	-0.0009863	-0.0007935	-0.0005936	-0.0003753	-0.0001493	+0.0000916	+0.0003448	+0.0006129	+0.0008901	+0.0011682	+0.0014434	+0.0017057	+0.0019505	+0.0021774	+0.0023814	+0.0025764	+0.0027567	+0.0029216	+0.0030739	+0.0032253
2011-06	-0.018	-0.0013385	-0.0011688	-0.0009893	-0.0008071	-0.0006125	-0.0004045	-0.0001795	+0.0000548	+0.0003005	+0.0005598	+0.0008211	+0.0010835	+0.0013365	+0.0015775	+0.0018042	+0.0020136	+0.0022101	+0.0023900	+0.0025523	+0.0027102	+0.0028532
2011-07	0.014	-0.0018484	-0.0016986	-0.0015349	-0.0013534	-0.0011533	-0.0009404	-0.0007137	-0.0004715	-0.0002109	+0.0000607	+0.0003423	+0.0006167	+0.0008891	+0.0011451	+0.0013936	+0.0016228	+0.0018326	+0.0020316	+0.0022205	+0.0024016	+0.0025528
2011-08	-0.064	-0.0019902	-0.0017840	-0.0015666	-0.0013389	-0.0010986	-0.0008358	-0.0005560	-0.0002552	+0.0000602	+0.0003924	+0.0007291	+0.0010671	+0.0013937	+0.0017036	+0.0019945	+0.0022606	+0.0025086	+0.0027473	+0.0029658	+0.0031631	+0.0033484
2011-09	-0.069	-0.0071626	-0.0065988	-0.0060480	-0.0054930	-0.0049043	-0.0042726	-0.0036310	-0.0029695	-0.0022932	-0.0016063	-0.0009130	-0.0002296	+0.0004077	+0.0010147	+0.0015729	+0.0020888	+0.0025655	+0.0030254	+0.0034418	+0.0038545	+0.0042494
2011-10	0.096	-0.0076848	-0.0072117	-0.0067038	-0.0061857	-0.0056326	-0.0050424	-0.0043855	-0.0036936	-0.0029852	-0.0022480	-0.0015035	-0.0007696	-0.0000571	+0.0006317	+0.0012829	+0.0018926	+0.0024667	+0.0030054	+0.0035184	+0.0040448	+0.0045317
2011-11	-0.083	-0.0074770	-0.0069838	-0.0064495	-0.0058633	-0.0052617	-0.0046050	-0.0039325	-0.0032097	-0.0024631	-0.0017021	-0.0009315	-0.0001645	+0.0005782	+0.0012918	+0.0019600	+0.0025747	+0.0031529	+0.0037067	+0.0042145	+0.0047025	+0.0051901
2011-12	0.077	-0.0072534	-0.0067510	-0.0062100	-0.0056282	-0.0050366	-0.0044196	-0.0037989	-0.0031147	-0.0023897	-0.0016304	-0.0008668	-0.0000946	+0.0006468	+0.0013498	+0.0020170	+0.0026352	+0.0032173	+0.0037622	+0.0042971	+0.0047881	+0.0052557
2012-01	0.038	-0.0040560	-0.0037308	-0.0033978	-0.0030198	-0.0026024	-0.0021569	-0.0016939	-0.0011935	-0.0006623	-0.0001033	+0.0004708	+0.0010478	+0.0016136	+0.0021564	+0.0026593	+0.0031261	+0.0035674	+0.0039814	+0.0043626	+0.0047305	+0.0050775
2012-02	-0.002	-0.0028442	-0.0024536	-0.0020343	-0.0015849	-0.0011183	-0.0006187	-0.0000966	+0.0004548	+0.0010210	+0.0016155	+0.0021975	+0.0027593	+0.0032953	+0.0037932	+0.0042593	+0.0046819	+0.0050743	+0.0054229	+0.0057594	+0.0060667	+0.0063361
2012-03	0.031	-0.0027722	-0.0024891	-0.0021909	-0.0019015	-0.0015950	-0.0012711	-0.0009185	-0.0005435	-0.0001432	+0.0002780	+0.0006993	+0.0011168	+0.0015223	+0.0019080	+0.0022631	+0.0025922	+0.0029022	+0.0031813	+0.0034359	+0.0036743	+0.0039101
2012-04	0.024	-0.0014720	-0.0012083	-0.0009431	-0.0006654	-0.0003919	-0.0000969	+0.0002104	+0.0005259	+0.0008437	+0.0011506	+0.0014532	+0.0017469	+0.0020292	+0.0022953	+0.0025463	+0.0027817	+0.0030017	+0.0032051	+0.0033931	+0.0035691	+0.0037226
2012-05	-0.040	-0.0011971	-0.0010050	-0.0008113	-0.0006025	-0.0003814	-0.0001443	+0.0001035	+0.0003650	+0.0006311	+0.0009003	+0.0011722	+0.0014367	+0.0016884	+0.0019207	+0.0021316	+0.0023312	+0.0025077	+0.0026745	+0.0028252	+0.0029707	+0.0031037
2012-06	0.027	-0.0023137	-0.0021372	-0.0019427	-0.0017279	-0.0015056	-0.0012753	-0.0010297	-0.0007680	-0.0004948	-0.0002125	+0.0000708	+0.0003510	+0.0006182	+0.0008696	+0.0011026	+0.0013187	+0.0015150	+0.0016885	+0.0018518	+0.0020073	+0.0021383
2012-07	0.033	-0.0021683	-0.0019781	-0.0017647	-0.0015414	-0.0013013	-0.0010556	-0.0007856	-0.0005042	-0.0002071	+0.0000980	+0.0004086	+0.0007111	+0.0009968	+0.0012637	+0.0015089	+0.0017402	+0.0019492	+0.0021380	+0.0023139	+0.0024797	+0.0026379
2012-08	-0.004	-0.0022863	-0.0020889	-0.0018691	-0.0016391	-0.0013870	-0.0011203	-0.0008425	-0.0005493	-0.0002370	+0.0000885	+0.0004250	+0.0007587	+0.0010822	+0.0013874	+0.0016728	+0.0019347	+0.0021812	+0.0024048	+0.0026156	+0.0028148	+0.0030086
2012-09	-0.011	-0.0022412	-0.0020693	-0.0018807	-0.0016785	-0.0014655	-0.0012354	-0.0009852	-0.0007264	-0.0004543	-0.0001668	+0.0001192	+0.0004022	+0.0006805	+0.0009477	+0.0011990	+0.0014383	+0.0016533	+0.0018556	+0.0020463	+0.0022218	+0.0023931
2012-10	-0.020	-0.0015747	-0.0014076	-0.0012384	-0.0010496	-0.0008476	-0.0006315	-0.0004014	-0.0001569	+0.0000990	+0.0003633	+0.0006361	+0.0009128	+0.0011792	+0.0014341	+0.0016727	+0.0018989	+0.0021053	+0.0022967	+0.0024681	+0.0026511	+0.0028123
2012-11	-0.002	-0.0020317	-0.0019090	-0.0017735	-0.0016338	-0.0014722	-0.0013057	-0.0011281	-0.0009408	-0.0007452	-0.0005458	-0.0003452	-0.0001473	+0.0000414	+0.0002179	+0.0003799	+0.0005281	+0.0006628	+0.0007838	+0.0008901	+0.0009946	+0.0010854
2012-12	0.028	-0.0023455	-0.0022016	-0.0020537	-0.0018952	-0.0017254	-0.0015384	-0.0013414	-0.0011346	-0.0009148	-0.0006875	-0.0004576	-0.0002313	-0.0000145	+0.0001949	+0.0003902	+0.0005745	+0.0007436	+0.0009047	+0.0010513	+0.0011881	+0.0013107
2013-01	0.036	-0.0020774	-0.0019189	-0.0017650	-0.0015978	-0.0014138	-0.0012266	-0.0010244	-0.0008173	-0.0005993	-0.0003723	-0.0001431	+0.0000834	+0.0002993	+0.0005003	+0.0006840	+0.0008550	+0.0010055	+0.0011487	+0.0012818	+0.0014001	+0.0015115
2013-02	-0.002	-0.0013032	-0.0011330	-0.0009666	-0.0007859	-0.0006011	-0.0004093	-0.0002066	+0.0000039	+0.0002259	+0.0004503	+0.0006791	+0.0009025	+0.0011106	+0.0013034	+0.0014773	+0.0016336	+0.0017723	+0.0018989	+0.0020098	+0.0021198	+0.0022203
2013-03	0.018	-0.0015199	-0.0013282	-0.0011473	-0.0009472	-0.0007438	-0.0005289	-0.0002968	-0.0000575	+0.0001861	+0.0004317	+0.0006736	+0.0009061	+0.0011204	+0.0013173	+0.0014970	+0.0016568	+0.0018023	+0.0019382	+0.0020597	+0.0021710	+0.0022734
2013-04	0.046	-0.0009388	-0.0007657	-0.0005859	-0.0004046	-0.0002200	-0.0000303	+0.0001749	+0.0003856	+0.0005907	+0.0007899	+0.0009799	+0.0011569	+0.0013230	+0.0014727	+0.0016103	+0.0017339	+0.0018474	+0.0019514	+0.0020521	+0.0021445	+0.0022284
2013-05	-0.030	-0.0012277	-0.0010114	-0.0007841	-0.0005673	-0.0003510	-0.0001156	+0.0001450	+0.0004021	+0.0006474	+0.0008759	+0.0010954	+0.0013020	+0.0014960	+0.0016774	+0.0018454	+0.0019992	+0.0021412	+0.0022769	+0.0024020	+0.0025204	+0.0026329
2013-06	-0.023	-0.0018916	-0.0016626	-0.0014317	-0.0011860	-0.0009376	-0.0006769	-0.0004027	-0.0001220	+0.0001733	+0.0004699	+0.0007620	+0.0010425	+0.0013031	+0.0015394	+0.0017481	+0.0019344	+0.0021058	+0.0022590	+0.0024014	+0.0025280	+0.0026476
2013-07	0.015	-0.0031238	-0.0028975	-0.0026731	-0.0024238	-0.0021674	-0.0018900	-0.0015956	-0.0012790	-0.0009472	-0.0006065	-0.0002622	+0.0000769	+0.0004007	+0.0007020	+0.0009815	+0.0012407	+0.0014829	+0.0017025	+0.0019057	+0.0020845	+0.0022484
2013-08	-0.064	-0.0030781	-0.0028444	-0.0026018	-0.0023468	-0.0020636	-0.0017553	-0.0014229	-0.0010669	-0.0006997	-0.0003168	+0.0000636	+0.0004411	+0.0008036	+0.0011442	+0.0014653	+0.0017537	+0.0020227	+0.0022694	+0.0024957	+0.0027080	+0.0029062
2013-09	0.026	-0.0046570	-0.0044372	-0.0042032	-0.0039418	-0.0036642	-0.0033592	-0.0030210	-0.0026603	-0.0022745	-0.0018670	-0.0014399	-0.0010001	-0.0005596	-0.0001358	+0.0002701	+0.0006661	+0.0010435	+0.0013953	+0.0017312	+0.0020632	+0.0023869
2013-10	0.029	-0.0033674	-0.0031409	-0.0029050	-0.0026552	-0.0023889	-0.0021041	-0.0018029	-0.0014729	-0.0011243	-0.0007576	-0.0003821	-0.0000084	+0.0003587	+0.0007097	+0.0010306	+0.0013263	+0.0016040	+0.0018631	+0.0021016	+0.0023310	+0.0025481
2013-11	-0.038	-0.0026496	-0.0024310	-0.0022082	-0.0019727	-0.0017182	-0.0014463	-0.0011566	-0.0008447	-0.0005108	-0.0001652	+0.0001932	+0.0005488	+0.0008912	+0.0012218	+0.0015236	+0.0018082	+0.0020697	+0.0023121	+0.0025360	+0.0027452	+0.0029374
2013-12	-0.002	-0.0031515	-0.0029410	-0.0027281	-0.0024947	-0.0022434	-0.0019854	-0.0017021	-0.0014029	-0.0010823	-0.0007437	-0.0003968	-0.0000549	+0.0002867	+0.0006125	+0.0009075	+0.0011844	+0.0014431	+0.0016933	+0.0019289	+0.0021481	+0.0023574
2014-01	0.021	-0.0019476	-0.0017965	-0.0016345	-0.0014544	-0.0012556	-0.0010476	-0.0008158	-0.0005609	-0.0002915	-0.0000040	+0.0002917	+0.0005851	+0.0008777	+0.0011569	+0.0014198	+0.0016673	+0.0019038	+0.0021246	+0.0023402	+0.0025383	+0.0027156
2014-02	0.037	-0.0019655	-0.0018142	-0.0016603	-0.0014975	-0.0013209	-0.0011259	-0.0009194	-0.0006975	-0.0004623	-0.0002190	+0.0000421	+0.0003049	+0.0005617	+0.0008102	+0.0010446	+0.0012680	+0.0014727	+0.0016647	+0.0018452	+0.0020137	+0.0021904
2014-03	0.005	-0.0013480	-0.0012181	-0.0010799	-0.0009295	-0.0007708	-0.0005994	-0.0004171	-0.0002152	-0.0000050	+0.0002157	+0.0004378	+0.0006593	+0.0008743	+0.0010756	+0.0012669	+0.0014414	+0.0016102	+0.0017642	+0.0019063	+0.0020418	+0.0021660
2014-04	0.029	-0.0012764	-0.0010918	-0.0008827	-0.0006755	-0.0004642	-0.0002398	-0.0000070	+0.0002279	+0.0004640	+0.0006978	+0.0009232	+0.0011379	+0.0013447	+0.0015377	+0.0017140	+0.0018757	+0.0020257	+0.0021574	+0.0022857	+0.0024013	+0.0025045
2014-05	0.017	-0.0013115	-0.0010727	-0.0008242	-0.0005881	-0.0003599	-0.0001076	+0.0001670	+0.0004521	+0.0007213	+0.0009615	+0.0011831	+0.0013903	+0.0015822	+0.0017591	+0.0019216	+0.0020724	+0.0022077	+0.0023366	+0.0024551	+0.0025688	+0.0026672
2014-06	0.012	-0.0010540	-0.0008330	-0.0006212	-0.0004035	-0.0001875	+0.0000422	+0.0002894	+0.0005404	+0.0007761	+0.0010000	+0.0012085	+0.0014043	+0.0015883	+0.0017621	+0.0019216	+0.0020686	+0.0022056	+0.0023315	+0.0024500	+0.0025664	+0.0026689
2014-07	0.008	-0.0010578	-0.0009107	-0.0007563	-0.0005889	-0.0004195	-0.0002406	-0.0000557	+0.0001304	+0.0003144	+0.0004990	+0.0006793	+0.0008522	+0.0010173	+0.0011690	+0.0013071	+0.0014339	+0.0015501	+0.0016549	+0.0017538	+0.0018438	+0.0019299
2014-08	0.002	-0.0010557	-0.0008788	-0.0006992	-0.0005218	-0.0003398	-0.0001477	+0.0000617	+0.0002764	+0.0004785	+0.0006591	+0.0008225	+0.0009737	+0.0011119	+0.0012386	+0.0013552	+0.0014602	+0.0015563	+0.0016438	+0.0017241	+0.0017972	+0.0018606
2014-09	-0.035	-0.0011508	-0.0010380	-0.0009126	-0.0007775	-0.0006330	-0.0004797	-0.0003196	-0.0001466	+0.0000289	+0.0002115	+0.0003923	+0.0005666	+0.0007345	+0.0008894	+0.0010326	+0.0011652	+0.0012824	+0.0013871	+0.0014918	+0.0015818	+0.0016697
2014-10	0.057	-0.0021374	-0.0019941	-0.0018500	-0.0016935	-0.0015245	-0.0013502	-0.0011593	-0.0009563	-0.0007470	-0.0005318	-0.0003175	-0.0001052	+0.0001000	+0.0002921	+0.0004672	+0.0006256	+0.0007717	+0.0009042	+0.0010289	+0.0011405	+0.0012415
2014-11	0.025	-0.0016795	-0.0015255	-0.0013598	-0.0011864	-0.0009979	-0.0007910	-0.0005668	-0.0003304	-0.0000842	+0.0001688	+0.0004255	+0.0006785	+0.0009204	+0.0011472	+0.0013566	+0.0015534	+0.0017381	+0.0019030	+0.0020525	+0.0021937	+0.0023299
2014-12	0.028	-0.0014509	-0.0012929	-0.0011086	-0.0009122	-0.0007042	-0.0004769	-0.0002376	+0.0000119	+0.0002736	+0.0005407	+0.0008112	+0.0010769	+0.0013282	+0.0015654	+0.0017826	+0.0019801	+0.0021596	+0.0023261	+0.0024741	+0.0026083	+0.0027392
2015-01	0.050	-0.0015514	-0.0013533	-0.0011559	-0.0009515	-0.0007288	-0.0004853	-0.0002241	+0.0000544	+0.0003379	+0.0006252	+0.0009146	+0.0011938	+0.0014546	+0.0016974	+0.0019265	+0.0021317	+0.0023163	+0.0024836	+0.0026398	+0.0027784	+0.0029062
2015-02	-0.011	-0.0022552	-0.0018917	-0.0009652	-0.0005160	-0.0002140	+0.0000823	+0.0004640	+0.0012454	+0.0019171	+0.0022382	+0.0024856	+0.0027063	+0.0029030	+0.0030777	+0.0032398	+0.0033892	+0.0035210	+0.0036439	+0.0037550	+0.0038560	+0.0039508
