2011-05	-0.019	-0.0074910	-0.0068677	-0.0062388	-0.0055803	-0.0048767	-0.0041163	-0.0033408	-0.0025325	-0.0016735	-0.0008160	+0.0000271	+0.0008063	+0.0015198	+0.0021595	+0.0027508	+0.0032831	+0.0037602	+0.0042189	+0.0046633	+0.0051036	+0.0055709
2011-06	0.000	-0.0079675	-0.0073505	-0.0067312	-0.0060622	-0.0053258	-0.0045655	-0.0037787	-0.0029743	-0.0021280	-0.0012803	-0.0004558	+0.0003319	+0.0010621	+0.0017222	+0.0023323	+0.0028938	+0.0034294	+0.0039437	+0.0044382	+0.0049031	+0.0053791
2011-07	0.010	-0.0079212	-0.0073847	-0.0067812	-0.0061287	-0.0054097	-0.0046656	-0.0038847	-0.0031130	-0.0023316	-0.0015317	-0.0007513	-0.0000275	+0.0006409	+0.0012697	+0.0018562	+0.0024048	+0.0029244	+0.0034113	+0.0038819	+0.0043144	+0.0047753
2011-08	-0.056	-0.0019091	-0.0017436	-0.0015487	-0.0013539	-0.0011358	-0.0009076	-0.0006501	-0.0003693	-0.0000708	+0.0002404	+0.0005563	+0.0008747	+0.0011839	+0.0014788	+0.0017508	+0.0020091	+0.0022555	+0.0024926	+0.0027127	+0.0029127	+0.0031196
2011-09	-0.020	-0.0051448	-0.0048200	-0.0044767	-0.0041120	-0.0037408	-0.0033371	-0.0029140	-0.0024690	-0.0019925	-0.0014998	-0.0009959	-0.0004836	+0.0000141	+0.0004924	+0.0009456	+0.0013666	+0.0017805	+0.0021772	+0.0025762	+0.0029180	+0.0032581
2011-10	-0.010	-0.0052877	-0.0049671	-0.0046351	-0.0042666	-0.0038821	-0.0034667	-0.0030315	-0.0025635	-0.0020664	-0.0015524	-0.0010188	-0.0004860	+0.0000392	+0.0005444	+0.0010245	+0.0014783	+0.0019073	+0.0023229	+0.0027066	+0.0030668	+0.0034083
2011-11	-0.052	-0.0054511	-0.0051545	-0.0048246	-0.0044823	-0.0041062	-0.0037113	-0.0032750	-0.0028217	-0.0023377	-0.0018297	-0.0013148	-0.0007992	-0.0003016	+0.0001768	+0.0006179	+0.0010394	+0.0014430	+0.0018059	+0.0021549	+0.0024946	+0.0028077
2011-12	-0.014	-0.0059179	-0.0056301	-0.0053148	-0.0049891	-0.0046484	-0.0042696	-0.0038533	-0.0034080	-0.0029201	-0.0024027	-0.0018576	-0.0012963	-0.0007203	-0.0001552	+0.0004112	+0.0009686	+0.0015121	+0.0020321	+0.0025326	+0.0030194	+0.0034879
2012-01	0.001	-0.0040284	-0.0038314	-0.0036178	-0.0034026	-0.0031696	-0.0029033	-0.0026118	-0.0022883	-0.0019293	-0.0015367	-0.0011258	-0.0007025	-0.0002708	+0.0001554	+0.0005655	+0.0009615	+0.0013370	+0.0016850	+0.0020168	+0.0023405	+0.0026692
2012-02	0.080	-0.0036402	-0.0034216	-0.0032123	-0.0029772	-0.0027391	-0.0024763	-0.0021958	-0.0018870	-0.0015467	-0.0011899	-0.0008160	-0.0004457	-0.0000672	+0.0002889	+0.0006347	+0.0009631	+0.0012680	+0.0015567	+0.0018258	+0.0020811	+0.0023475
2012-03	0.025	-0.0025702	-0.0023467	-0.0021223	-0.0018765	-0.0016174	-0.0013275	-0.0010148	-0.0006858	-0.0003349	+0.0000332	+0.0004129	+0.0007912	+0.0011555	+0.0015025	+0.0018268	+0.0021252	+0.0024040	+0.0026592	+0.0028984	+0.0031240	+0.0033314
2012-04	-0.055	-0.0018044	-0.0015932	-0.0013636	-0.0011170	-0.0008571	-0.0005901	-0.0002956	+0.0000181	+0.0003514	+0.0006934	+0.0010419	+0.0013894	+0.0017263	+0.0020480	+0.0023463	+0.0026221	+0.0028723	+0.0031030	+0.0033176	+0.0035162	+0.0036977
2012-05	-0.107	-0.0023434	-0.0020991	-0.0018454	-0.0015686	-0.0012740	-0.0009484	-0.0006109	-0.0002492	+0.0001301	+0.0005201	+0.0009116	+0.0012925	+0.0016593	+0.0020013	+0.0023138	+0.0026118	+0.0028866	+0.0031376	+0.0033747	+0.0035964	+0.0038152
2012-06	0.051	-0.0046556	-0.0043879	-0.0040880	-0.0037851	-0.0034425	-0.0030784	-0.0026682	-0.0022349	-0.0017740	-0.0012936	-0.0007977	-0.0003092	+0.0001619	+0.0006124	+0.0010300	+0.0014124	+0.0017664	+0.0020971	+0.0024091	+0.0027016	+0.0029822
2012-07	-0.016	-0.0050296	-0.0047644	-0.0044686	-0.0041478	-0.0038047	-0.0034375	-0.0030310	-0.0026054	-0.0021443	-0.0016654	-0.0011672	-0.0006680	-0.0001781	+0.0002894	+0.0007317	+0.0011387	+0.0015134	+0.0018730	+0.0022138	+0.0025273	+0.0028327
2012-08	-0.007	-0.0053785	-0.0051140	-0.0048435	-0.0045549	-0.0042404	-0.0038932	-0.0035289	-0.0031272	-0.0026898	-0.0022076	-0.0016981	-0.0011624	-0.0006179	-0.0000735	+0.0004715	+0.0009963	+0.0015101	+0.0020016	+0.0024572	+0.0028930	+0.0033472
2012-09	0.014	-0.0033054	-0.0030874	-0.0028551	-0.0025887	-0.0023281	-0.0020469	-0.0017395	-0.0014019	-0.0010437	-0.0006641	-0.0002765	+0.0001124	+0.0004829	+0.0008380	+0.0011680	+0.0014806	+0.0017594	+0.0020168	+0.0022582	+0.0024764	+0.0026902
2012-10	-0.000	-0.0021352	-0.0019137	-0.0016784	-0.0014368	-0.0011712	-0.0008964	-0.0005964	-0.0002671	+0.0000820	+0.0004390	+0.0007989	+0.0011640	+0.0015191	+0.0018568	+0.0021720	+0.0024576	+0.0027219	+0.0029611	+0.0031782	+0.0033791	+0.0035724
2012-11	0.039	-0.0027070	-0.0025257	-0.0023279	-0.0021225	-0.0019101	-0.0016751	-0.0014193	-0.0011423	-0.0008388	-0.0005171	-0.0001873	+0.0001413	+0.0004667	+0.0007756	+0.0010732	+0.0013522	+0.0016026	+0.0018379	+0.0020665	+0.0022710	+0.0024654
2012-12	0.068	-0.0021701	-0.0019819	-0.0017886	-0.0015840	-0.0013581	-0.0011191	-0.0008566	-0.0005661	-0.0002577	+0.0000634	+0.0004024	+0.0007381	+0.0010690	+0.0013919	+0.0016942	+0.0019719	+0.0022304	+0.0024685	+0.0026922	+0.0029043	+0.0031059
2013-01	0.086	-0.0019459	-0.0016478	-0.0013508	-0.0010422	-0.0007268	-0.0003871	-0.0000323	+0.0003458	+0.0007414	+0.0011458	+0.0015447	+0.0019419	+0.0023209	+0.0026703	+0.0029986	+0.0033019	+0.0035877	+0.0038361	+0.0040677	+0.0042856	+0.0044857
2013-02	0.040	-0.0021594	-0.0016965	-0.0012608	-0.0008087	-0.0003448	+0.0001239	+0.0006219	+0.0011561	+0.0016828	+0.0021714	+0.0026280	+0.0030553	+0.0034492	+0.0038113	+0.0041435	+0.0044389	+0.0047131	+0.0049612	+0.0051891	+0.0054020	+0.0055932
2013-03	0.084	-0.0030352	-0.0024436	-0.0017643	-0.0010738	-0.0004415	+0.0001482	+0.0007930	+0.0015750	+0.0023311	+0.0029285	+0.0034220	+0.0038579	+0.0042489	+0.0046036	+0.0049221	+0.0052096	+0.0054688	+0.0057171	+0.0059349	+0.0061480	+0.0063353
2013-04	0.148	-0.0033032	-0.0026129	-0.0014182	-0.0006280	-0.0001121	+0.0003927	+0.0010238	+0.0021636	+0.0032929	+0.0038659	+0.0043141	+0.0047086	+0.0050662	+0.0053906	+0.0056885	+0.0059560	+0.0062009	+0.0064182	+0.0066169	+0.0068016	+0.0069755
2013-05	-0.031	-0.0045048	-0.0034669	-0.0021532	-0.0013286	-0.0006554	+0.0001171	+0.0011088	+0.0024495	+0.0033966	+0.0041160	+0.0047496	+0.0053604	+0.0059563	+0.0065253	+0.0070708	+0.0075869	+0.0080680	+0.0085223	+0.0089533	+0.0093754	+0.0097664
2013-06	-0.009	-0.0048985	-0.0042110	-0.0034884	-0.0027650	-0.0019849	-0.0011578	-0.0003024	+0.0005671	+0.0014525	+0.0023166	+0.0031380	+0.0039413	+0.0046847	+0.0053563	+0.0059840	+0.0065631	+0.0070973	+0.0076099	+0.0080831	+0.0085194	+0.0089305
2013-07	0.005	-0.0052005	-0.0046967	-0.0041522	-0.0035750	-0.0029533	-0.0022938	-0.0015801	-0.0008370	-0.0000577	+0.0007365	+0.0015627	+0.0023729	+0.0031534	+0.0038834	+0.0045801	+0.0052304	+0.0058311	+0.0063879	+0.0069012	+0.0073986	+0.0078738
2013-08	-0.035	-0.0062831	-0.0056793	-0.0050457	-0.0043659	-0.0036712	-0.0029083	-0.0021202	-0.0012984	-0.0004120	+0.0005001	+0.0014150	+0.0023052	+0.0031599	+0.0039829	+0.0047241	+0.0054099	+0.0060606	+0.0066730	+0.0072616	+0.0078104	+0.0083140
2013-09	0.097	-0.0068716	-0.0064396	-0.0059837	-0.0054896	-0.0049731	-0.0044074	-0.0038045	-0.0031691	-0.0024914	-0.0017758	-0.0010580	-0.0003420	+0.0003550	+0.0010132	+0.0016361	+0.0022197	+0.0027546	+0.0032468	+0.0037241	+0.0041531	+0.0045635
2013-10	0.006	-0.0033466	-0.0030150	-0.0026568	-0.0022755	-0.0018420	-0.0013760	-0.0008870	-0.0003625	+0.0001963	+0.0007847	+0.0013875	+0.0019813	+0.0025630	+0.0031118	+0.0036345	+0.0041307	+0.0045939	+0.0050381	+0.0054337	+0.0058182	+0.0061806
2013-11	0.051	-0.0037704	-0.0034555	-0.0031036	-0.0027407	-0.0023630	-0.0019526	-0.0015172	-0.0010555	-0.0005707	-0.0000653	+0.0004447	+0.0009399	+0.0014112	+0.0018553	+0.0022706	+0.0026557	+0.0030155	+0.0033561	+0.0036689	+0.0039527	+0.0042279
2013-12	0.033	-0.0027370	-0.0024139	-0.0020773	-0.0017345	-0.0013725	-0.0009922	-0.0005897	-0.0001576	+0.0002927	+0.0007575	+0.0012304	+0.0016888	+0.0021235	+0.0025293	+0.0029109	+0.0032623	+0.0035840	+0.0039005	+0.0041860	+0.0044494	+0.0046867
2014-01	-0.056	-0.0025661	-0.0022197	-0.0018625	-0.0014842	-0.0010830	-0.0006578	-0.0002167	+0.0002344	+0.0007073	+0.0011739	+0.0016238	+0.0020588	+0.0024733	+0.0028614	+0.0032147	+0.0035322	+0.0038236	+0.0040900	+0.0043413	+0.0045785	+0.0047953
2014-02	-0.032	-0.0023752	-0.0021383	-0.0018767	-0.0015910	-0.0012903	-0.0009687	-0.0006245	-0.0002570	+0.0001269	+0.0005259	+0.0009319	+0.0013363	+0.0017245	+0.0020893	+0.0024282	+0.0027419	+0.0030343	+0.0032946	+0.0035478	+0.0037761	+0.0039958
2014-03	-0.011	-0.0042774	-0.0039060	-0.0035256	-0.0031215	-0.0026998	-0.0022462	-0.0017792	-0.0012899	-0.0007748	-0.0002408	+0.0002968	+0.0008030	+0.0012848	+0.0017327	+0.0021337	+0.0025046	+0.0028403	+0.0031374	+0.0034114	+0.0036623	+0.0038909
2014-04	-0.043	-0.0060160	-0.0056364	-0.0052642	-0.0048557	-0.0044054	-0.0039272	-0.0034134	-0.0028867	-0.0023370	-0.0017583	-0.0011619	-0.0005652	+0.0000195	+0.0005704	+0.0010862	+0.0015833	+0.0020364	+0.0024833	+0.0028818	+0.0032663	+0.0036217
2014-05	0.025	-0.0071653	-0.0067589	-0.0063319	-0.0058714	-0.0053831	-0.0048518	-0.0042935	-0.0036884	-0.0030589	-0.0024007	-0.0017116	-0.0010229	-0.0003513	+0.0002828	+0.0008756	+0.0014487	+0.0019892	+0.0024931	+0.0029726	+0.0034154	+0.0038237
2014-06	0.063	-0.0048362	-0.0044828	-0.0040968	-0.0036734	-0.0032388	-0.0027850	-0.0022863	-0.0017690	-0.0012145	-0.0006353	-0.0000507	+0.0005237	+0.0010787	+0.0016038	+0.0020872	+0.0025381	+0.0029496	+0.0033404	+0.0036815	+0.0040162	+0.0043185
2014-07	0.047	-0.0042572	-0.0038911	-0.0035203	-0.0031304	-0.0027173	-0.0022625	-0.0017741	-0.0012441	-0.0007083	-0.0001522	+0.0004160	+0.0009692	+0.0015039	+0.0020097	+0.0024832	+0.0029054	+0.0032911	+0.0036381	+0.0039630	+0.0042555	+0.0045282
2014-08	0.007	-0.0029992	-0.0026608	-0.0023067	-0.0019423	-0.0015605	-0.0011555	-0.0007346	-0.0002973	+0.0001589	+0.0006178	+0.0010749	+0.0015227	+0.0019358	+0.0023169	+0.0026632	+0.0029783	+0.0032614	+0.0035172	+0.0037548	+0.0039773	+0.0041804
2014-09	0.029	-0.0018015	-0.0015019	-0.0011632	-0.0008039	-0.0004368	-0.0000610	+0.0003299	+0.0007210	+0.0011218	+0.0015280	+0.0019204	+0.0022984	+0.0026483	+0.0029709	+0.0032596	+0.0035216	+0.0037582	+0.0039801	+0.0041920	+0.0043802	+0.0045602
2014-10	-0.007	-0.0016496	-0.0013660	-0.0010721	-0.0007800	-0.0004589	-0.0001362	+0.0002044	+0.0005500	+0.0008978	+0.0012283	+0.0015399	+0.0018254	+0.0020874	+0.0023214	+0.0025277	+0.0027121	+0.0028758	+0.0030233	+0.0031564	+0.0032813	+0.0033960
2014-11	0.049	-0.0030861	-0.0028205	-0.0025459	-0.0022380	-0.0019135	-0.0015727	-0.0012030	-0.0008161	-0.0004071	+0.0000118	+0.0004381	+0.0008545	+0.0012568	+0.0016338	+0.0019778	+0.0023008	+0.0025949	+0.0028589	+0.0030990	+0.0033244	+0.0035367
2014-12	0.002	-0.0027790	-0.0024592	-0.0021147	-0.0017620	-0.0013886	-0.0009817	-0.0005466	-0.0000975	+0.0003712	+0.0008588	+0.0013494	+0.0018309	+0.0022928	+0.0027275	+0.0031329	+0.0035001	+0.0038358	+0.0041529	+0.0044517	+0.0047294	+0.0049691
2015-01	0.000	-0.0032069	-0.0028988	-0.0025517	-0.0021928	-0.0018115	-0.0014209	-0.0009897	-0.0005291	-0.0000410	+0.0004724	+0.0009884	+0.0014958	+0.0019825	+0.0024391	+0.0028650	+0.0032695	+0.0036319	+0.0039796	+0.0043003	+0.0046044	+0.0048842
2015-02	-0.010	-0.0033535	-0.0030027	-0.0026323	-0.0022629	-0.0018651	-0.0014455	-0.0009945	-0.0005192	-0.0000203	+0.0005043	+0.0010426	+0.0015596	+0.0020642	+0.0025407	+0.0029903	+0.0033963	+0.0037682	+0.0041099	+0.0044380	+0.0047573	+0.0050379
