2011-05	-0.017	-0.0075819	-0.0070459	-0.0064551	-0.0058569	-0.0052016	-0.0045243	-0.0038164	-0.0030555	-0.0022950	-0.0015298	-0.0007780	-0.0000529	+0.0005920	+0.0011577	+0.0016454	+0.0020853	+0.0024760	+0.0028407	+0.0031836	+0.0035156	+0.0038281
2011-06	0.013	-0.0078210	-0.0073080	-0.0067281	-0.0061031	-0.0054331	-0.0047414	-0.0040115	-0.0032484	-0.0024786	-0.0016998	-0.0009429	-0.0002242	+0.0004270	+0.0010227	+0.0015287	+0.0019978	+0.0024174	+0.0028082	+0.0031789	+0.0035159	+0.0038658
2011-07	0.001	-0.0076139	-0.0070470	-0.0064586	-0.0058373	-0.0051782	-0.0045054	-0.0037739	-0.0030184	-0.0022677	-0.0015263	-0.0007937	-0.0001049	+0.0005303	+0.0011072	+0.0016241	+0.0021041	+0.0025547	+0.0029649	+0.0033482	+0.0037121	+0.0040636
2011-08	-0.093	-0.0019983	-0.0018291	-0.0016513	-0.0014498	-0.0012371	-0.0010072	-0.0007515	-0.0004804	-0.0001940	+0.0001128	+0.0004262	+0.0007384	+0.0010441	+0.0013341	+0.0016000	+0.0018501	+0.0020827	+0.0023019	+0.0025058	+0.0027094	+0.0029009
2011-09	-0.022	-0.0055853	-0.0052395	-0.0048824	-0.0045053	-0.0041091	-0.0036998	-0.0032692	-0.0028120	-0.0023284	-0.0018298	-0.0013107	-0.0007869	-0.0002677	+0.0002336	+0.0007137	+0.0011704	+0.0016122	+0.0020448	+0.0024698	+0.0028686	+0.0032208
2011-10	0.032	-0.0054756	-0.0051163	-0.0047566	-0.0043880	-0.0039945	-0.0035836	-0.0031480	-0.0026829	-0.0021869	-0.0016780	-0.0011527	-0.0006300	-0.0001188	+0.0003735	+0.0008405	+0.0012935	+0.0017283	+0.0021330	+0.0025165	+0.0028822	+0.0032270
2011-11	-0.064	-0.0055811	-0.0052830	-0.0049594	-0.0045962	-0.0042136	-0.0038176	-0.0033908	-0.0029322	-0.0024604	-0.0019648	-0.0014684	-0.0009674	-0.0004738	-0.0000117	+0.0004205	+0.0008273	+0.0012180	+0.0015784	+0.0019179	+0.0022506	+0.0025550
2011-12	0.004	-0.0057939	-0.0054764	-0.0051620	-0.0048292	-0.0044717	-0.0040746	-0.0036693	-0.0032290	-0.0027562	-0.0022591	-0.0017334	-0.0012030	-0.0006559	-0.0001169	+0.0004401	+0.0010021	+0.0015195	+0.0020019	+0.0024767	+0.0029604	+0.0034367
2012-01	0.040	-0.0033873	-0.0031989	-0.0029823	-0.0027498	-0.0024995	-0.0022209	-0.0019109	-0.0015752	-0.0012161	-0.0008317	-0.0004279	-0.0000166	+0.0003846	+0.0007782	+0.0011502	+0.0015045	+0.0018310	+0.0021381	+0.0024392	+0.0027212	+0.0029748
2012-02	0.099	-0.0028433	-0.0026074	-0.0023584	-0.0020927	-0.0018065	-0.0015018	-0.0011733	-0.0008138	-0.0004312	-0.0000151	+0.0004119	+0.0008365	+0.0012581	+0.0016577	+0.0020385	+0.0023929	+0.0027224	+0.0030392	+0.0033201	+0.0035943	+0.0038421
2012-03	0.045	-0.0021572	-0.0019052	-0.0016226	-0.0013343	-0.0010157	-0.0006802	-0.0003176	+0.0000764	+0.0004835	+0.0009135	+0.0013525	+0.0017890	+0.0022132	+0.0026127	+0.0029830	+0.0033314	+0.0036447	+0.0039483	+0.0042256	+0.0044944	+0.0047374
2012-04	-0.058	-0.0021303	-0.0017264	-0.0013144	-0.0009038	-0.0004853	-0.0000512	+0.0004090	+0.0008887	+0.0013647	+0.0018103	+0.0022286	+0.0026269	+0.0029940	+0.0033355	+0.0036459	+0.0039379	+0.0042024	+0.0044461	+0.0046689	+0.0048791	+0.0050858
2012-05	-0.108	-0.0023395	-0.0019851	-0.0016337	-0.0012718	-0.0008764	-0.0004655	-0.0000450	+0.0004058	+0.0008678	+0.0013378	+0.0018070	+0.0022528	+0.0026777	+0.0030621	+0.0034089	+0.0037267	+0.0040195	+0.0042942	+0.0045439	+0.0047829	+0.0050139
2012-06	0.053	-0.0040411	-0.0037617	-0.0034776	-0.0031745	-0.0028503	-0.0024921	-0.0021110	-0.0016991	-0.0012567	-0.0007864	-0.0003045	+0.0001752	+0.0006368	+0.0010756	+0.0014793	+0.0018538	+0.0021997	+0.0025245	+0.0028288	+0.0030967	+0.0033608
2012-07	-0.036	-0.0046256	-0.0043746	-0.0041005	-0.0038174	-0.0035069	-0.0031671	-0.0028039	-0.0024145	-0.0020031	-0.0015620	-0.0011152	-0.0006639	-0.0002230	+0.0002016	+0.0005989	+0.0009658	+0.0013166	+0.0016400	+0.0019472	+0.0022461	+0.0025134
2012-08	0.017	-0.0052086	-0.0049781	-0.0047273	-0.0044634	-0.0041816	-0.0038792	-0.0035491	-0.0031840	-0.0027831	-0.0023466	-0.0018764	-0.0013778	-0.0008605	-0.0003208	+0.0002207	+0.0007556	+0.0012643	+0.0017463	+0.0022056	+0.0026627	+0.0030979
2012-09	0.011	-0.0033058	-0.0030816	-0.0028413	-0.0025895	-0.0023215	-0.0020278	-0.0017122	-0.0013676	-0.0009955	-0.0006066	-0.0002056	+0.0002017	+0.0005883	+0.0009588	+0.0012986	+0.0016173	+0.0019103	+0.0021737	+0.0024221	+0.0026473	+0.0028573
2012-10	0.006	-0.0026401	-0.0023770	-0.0021098	-0.0018222	-0.0015008	-0.0011722	-0.0008120	-0.0004254	-0.0000153	+0.0004142	+0.0008444	+0.0012640	+0.0016735	+0.0020557	+0.0024126	+0.0027366	+0.0030280	+0.0032986	+0.0035523	+0.0037756	+0.0039735
2012-11	0.055	-0.0032571	-0.0030170	-0.0027655	-0.0025191	-0.0022512	-0.0019549	-0.0016300	-0.0012734	-0.0008864	-0.0004774	-0.0000548	+0.0003683	+0.0007808	+0.0011774	+0.0015619	+0.0019159	+0.0022418	+0.0025424	+0.0028236	+0.0030912	+0.0033227
2012-12	0.095	-0.0027837	-0.0024915	-0.0021945	-0.0018788	-0.0015489	-0.0011839	-0.0007973	-0.0003798	+0.0000593	+0.0005170	+0.0009925	+0.0014701	+0.0019388	+0.0023846	+0.0028015	+0.0031833	+0.0035360	+0.0038643	+0.0041762	+0.0044595	+0.0047375
2013-01	0.067	-0.0023719	-0.0020169	-0.0016573	-0.0012537	-0.0008393	-0.0004021	+0.0000632	+0.0005454	+0.0010515	+0.0015603	+0.0020694	+0.0025693	+0.0030487	+0.0034948	+0.0039063	+0.0042828	+0.0046380	+0.0049724	+0.0052676	+0.0055445	+0.0057725
2013-02	0.036	-0.0025553	-0.0020596	-0.0015552	-0.0010323	-0.0005020	+0.0000647	+0.0006522	+0.0012515	+0.0018572	+0.0024436	+0.0029906	+0.0035098	+0.0039956	+0.0044384	+0.0048467	+0.0052154	+0.0055511	+0.0058555	+0.0061391	+0.0063949	+0.0066356
2013-03	0.076	-0.0033064	-0.0026673	-0.0019872	-0.0012696	-0.0005895	+0.0000646	+0.0007804	+0.0015823	+0.0023472	+0.0029995	+0.0035727	+0.0040767	+0.0045441	+0.0049618	+0.0053486	+0.0056990	+0.0060115	+0.0063039	+0.0065638	+0.0068178	+0.0070472
2013-04	0.110	-0.0033180	-0.0025374	-0.0015962	-0.0008563	-0.0002792	+0.0002928	+0.0010070	+0.0020747	+0.0030548	+0.0036857	+0.0041945	+0.0046472	+0.0050526	+0.0054205	+0.0057619	+0.0060721	+0.0063537	+0.0066001	+0.0068379	+0.0070556	+0.0072754
2013-05	-0.007	-0.0033085	-0.0025476	-0.0017297	-0.0010671	-0.0004362	+0.0002376	+0.0010282	+0.0018624	+0.0026131	+0.0032539	+0.0038271	+0.0043654	+0.0048683	+0.0053461	+0.0057785	+0.0061768	+0.0065421	+0.0068857	+0.0072095	+0.0075090	+0.0077829
2013-06	-0.006	-0.0048688	-0.0041553	-0.0034564	-0.0026922	-0.0019064	-0.0010631	-0.0002158	+0.0006511	+0.0015180	+0.0023613	+0.0031598	+0.0039094	+0.0045818	+0.0051800	+0.0057186	+0.0061959	+0.0066339	+0.0070395	+0.0073924	+0.0077102	+0.0080185
2013-07	-0.002	-0.0052060	-0.0047051	-0.0041766	-0.0036145	-0.0030035	-0.0023463	-0.0016488	-0.0009227	-0.0001631	+0.0006120	+0.0013940	+0.0021674	+0.0029086	+0.0035936	+0.0042275	+0.0048059	+0.0053378	+0.0058219	+0.0062697	+0.0066726	+0.0070586
2013-08	-0.020	-0.0059095	-0.0053209	-0.0047457	-0.0040874	-0.0034135	-0.0027067	-0.0019509	-0.0011633	-0.0003298	+0.0005419	+0.0014202	+0.0022530	+0.0030487	+0.0037910	+0.0044863	+0.0051236	+0.0056874	+0.0062159	+0.0067071	+0.0071600	+0.0075756
2013-09	0.083	-0.0066194	-0.0061699	-0.0056867	-0.0051556	-0.0046076	-0.0040262	-0.0034100	-0.0027459	-0.0020476	-0.0013214	-0.0005863	+0.0001456	+0.0008442	+0.0015120	+0.0021520	+0.0027353	+0.0032765	+0.0037545	+0.0042189	+0.0046456	+0.0050377
2013-10	-0.009	-0.0032158	-0.0028706	-0.0025113	-0.0021037	-0.0016885	-0.0012354	-0.0007471	-0.0002316	+0.0003054	+0.0008620	+0.0014361	+0.0020048	+0.0025500	+0.0030687	+0.0035462	+0.0040103	+0.0044406	+0.0048419	+0.0052235	+0.0055742	+0.0059119
2013-11	0.086	-0.0038258	-0.0035198	-0.0031874	-0.0028305	-0.0024532	-0.0020633	-0.0016339	-0.0011885	-0.0007084	-0.0002104	+0.0002948	+0.0007919	+0.0012651	+0.0017039	+0.0021126	+0.0024999	+0.0028602	+0.0031991	+0.0035000	+0.0037857	+0.0040523
2013-12	0.039	-0.0028482	-0.0024967	-0.0021388	-0.0017981	-0.0014230	-0.0010139	-0.0005878	-0.0001278	+0.0003507	+0.0008517	+0.0013610	+0.0018580	+0.0023312	+0.0027791	+0.0032016	+0.0035892	+0.0039564	+0.0042927	+0.0045947	+0.0048911	+0.0051582
2014-01	-0.087	-0.0029966	-0.0025924	-0.0021645	-0.0017192	-0.0012342	-0.0007399	-0.0002196	+0.0003163	+0.0008679	+0.0014215	+0.0019510	+0.0024608	+0.0029470	+0.0033939	+0.0038064	+0.0041727	+0.0045113	+0.0048320	+0.0051247	+0.0053885	+0.0056481
2014-02	-0.004	-0.0026896	-0.0024342	-0.0021538	-0.0018555	-0.0015362	-0.0011964	-0.0008182	-0.0004235	+0.0000087	+0.0004615	+0.0009254	+0.0013876	+0.0018356	+0.0022601	+0.0026602	+0.0030317	+0.0033768	+0.0036909	+0.0039871	+0.0042657	+0.0045157
2014-03	0.005	-0.0036877	-0.0033402	-0.0029909	-0.0026192	-0.0022204	-0.0018037	-0.0013492	-0.0008611	-0.0003491	+0.0001818	+0.0007125	+0.0012347	+0.0017401	+0.0022174	+0.0026575	+0.0030698	+0.0034512	+0.0038072	+0.0041417	+0.0044559	+0.0047444
2014-04	-0.036	-0.0048754	-0.0045697	-0.0042339	-0.0038787	-0.0034862	-0.0030750	-0.0026402	-0.0021778	-0.0016888	-0.0011792	-0.0006641	-0.0001410	+0.0003653	+0.0008540	+0.0013115	+0.0017354	+0.0021301	+0.0024948	+0.0028208	+0.0031340	+0.0034121
2014-05	0.023	-0.0056859	-0.0053548	-0.0049877	-0.0045978	-0.0041821	-0.0037481	-0.0032732	-0.0027802	-0.0022569	-0.0017030	-0.0011412	-0.0005812	-0.0000409	+0.0004648	+0.0009402	+0.0013875	+0.0017986	+0.0021832	+0.0025429	+0.0028725	+0.0031959
2014-06	0.034	-0.0035432	-0.0032311	-0.0029008	-0.0025547	-0.0021996	-0.0018165	-0.0014056	-0.0009678	-0.0005138	-0.0000425	+0.0004316	+0.0008994	+0.0013441	+0.0017613	+0.0021431	+0.0024995	+0.0028212	+0.0031146	+0.0033921	+0.0036476	+0.0038755
2014-07	0.029	-0.0034979	-0.0032139	-0.0029063	-0.0025937	-0.0022489	-0.0018851	-0.0014870	-0.0010628	-0.0006238	-0.0001724	+0.0002879	+0.0007342	+0.0011666	+0.0015731	+0.0019530	+0.0022927	+0.0025992	+0.0028832	+0.0031400	+0.0033763	+0.0036065
2014-08	-0.013	-0.0026459	-0.0023722	-0.0020880	-0.0017912	-0.0014813	-0.0011653	-0.0008366	-0.0004910	-0.0001367	+0.0002323	+0.0005935	+0.0009479	+0.0012851	+0.0015940	+0.0018783	+0.0021417	+0.0023784	+0.0025975	+0.0028031	+0.0029962	+0.0031828
2014-09	0.051	-0.0015309	-0.0013189	-0.0010995	-0.0008635	-0.0006119	-0.0003537	-0.0000828	+0.0002021	+0.0004996	+0.0008044	+0.0011135	+0.0014117	+0.0016988	+0.0019723	+0.0022244	+0.0024518	+0.0026611	+0.0028591	+0.0030450	+0.0032024	+0.0033564
2014-10	0.014	-0.0015254	-0.0013168	-0.0011055	-0.0008872	-0.0006415	-0.0003778	-0.0001033	+0.0001760	+0.0004596	+0.0007463	+0.0010273	+0.0012971	+0.0015412	+0.0017674	+0.0019700	+0.0021543	+0.0023201	+0.0024677	+0.0026054	+0.0027344	+0.0028509
2014-11	0.059	-0.0030210	-0.0027689	-0.0025091	-0.0022319	-0.0019363	-0.0016118	-0.0012706	-0.0009046	-0.0005198	-0.0001245	+0.0002858	+0.0006920	+0.0010757	+0.0014335	+0.0017772	+0.0020840	+0.0023800	+0.0026589	+0.0029059	+0.0031544	+0.0033684
2014-12	0.000	-0.0027628	-0.0023909	-0.0020138	-0.0016306	-0.0012233	-0.0007854	-0.0003170	+0.0001763	+0.0006909	+0.0012205	+0.0017658	+0.0023086	+0.0028378	+0.0033363	+0.0038038	+0.0042440	+0.0046636	+0.0050657	+0.0054425	+0.0057966	+0.0061186
2015-01	0.012	-0.0035255	-0.0031423	-0.0027246	-0.0022621	-0.0017748	-0.0012815	-0.0007626	-0.0002102	+0.0003795	+0.0009940	+0.0016171	+0.0022303	+0.0028188	+0.0033761	+0.0038943	+0.0043759	+0.0048301	+0.0052427	+0.0056309	+0.0059928	+0.0063306
2015-02	0.000	-0.0035993	-0.0032266	-0.0028162	-0.0023894	-0.0019468	-0.0014789	-0.0009527	-0.0003995	+0.0001957	+0.0008194	+0.0014603	+0.0021018	+0.0027170	+0.0033048	+0.0038558	+0.0043748	+0.0048517	+0.0052913	+0.0057071	+0.0061011	+0.0064728
