2011-05	-0.001	-0.0043694	-0.0039896	-0.0035818	-0.0031716	-0.0027238	-0.0022433	-0.0017379	-0.0011918	-0.0006138	-0.0000165	+0.0005948	+0.0011961	+0.0017902	+0.0023419	+0.0028653	+0.0033495	+0.0037950	+0.0042073	+0.0045818	+0.0049332	+0.0052748
2011-06	-0.007	-0.0030487	-0.0026272	-0.0021981	-0.0017508	-0.0012887	-0.0008087	-0.0003173	+0.0001843	+0.0007125	+0.0012545	+0.0017958	+0.0023281	+0.0028384	+0.0033187	+0.0037610	+0.0041726	+0.0045444	+0.0048894	+0.0052219	+0.0055052	+0.0058008
2011-07	0.056	-0.0029035	-0.0026204	-0.0022964	-0.0019541	-0.0016002	-0.0012297	-0.0008344	-0.0004105	+0.0000497	+0.0005353	+0.0010290	+0.0015244	+0.0020111	+0.0024722	+0.0029039	+0.0033090	+0.0036818	+0.0040271	+0.0043417	+0.0046556	+0.0049380
2011-08	-0.101	-0.0021510	-0.0019823	-0.0017787	-0.0015658	-0.0013305	-0.0010811	-0.0008115	-0.0005242	-0.0002126	+0.0001153	+0.0004465	+0.0007786	+0.0010987	+0.0014029	+0.0016936	+0.0019643	+0.0022160	+0.0024478	+0.0026611	+0.0028617	+0.0030514
2011-09	-0.105	-0.0048765	-0.0045398	-0.0041594	-0.0037504	-0.0033230	-0.0028651	-0.0023909	-0.0018867	-0.0013682	-0.0008408	-0.0003196	+0.0001841	+0.0006515	+0.0010838	+0.0014830	+0.0018427	+0.0021595	+0.0024505	+0.0027147	+0.0029636	+0.0031824
2011-10	0.087	-0.0086223	-0.0081518	-0.0076653	-0.0071090	-0.0065275	-0.0058915	-0.0052226	-0.0045255	-0.0037993	-0.0030487	-0.0022649	-0.0015068	-0.0007791	-0.0001017	+0.0005355	+0.0011299	+0.0016674	+0.0021563	+0.0026679	+0.0031743	+0.0037221
2011-11	-0.064	-0.0083552	-0.0078770	-0.0073432	-0.0068102	-0.0062172	-0.0055731	-0.0048619	-0.0041079	-0.0033174	-0.0024711	-0.0015948	-0.0007238	+0.0001191	+0.0009366	+0.0017151	+0.0024411	+0.0031167	+0.0037424	+0.0043442	+0.0049473	+0.0055604
2011-12	0.034	-0.0086898	-0.0082963	-0.0078453	-0.0073524	-0.0067924	-0.0061633	-0.0054775	-0.0047371	-0.0039402	-0.0030899	-0.0022298	-0.0013581	-0.0005006	+0.0003393	+0.0011444	+0.0019255	+0.0026799	+0.0033701	+0.0040705	+0.0047695	+0.0055283
2012-01	0.009	-0.0071287	-0.0066502	-0.0061262	-0.0055628	-0.0049800	-0.0043532	-0.0036832	-0.0029935	-0.0022771	-0.0015191	-0.0007598	-0.0000104	+0.0007192	+0.0014024	+0.0020332	+0.0026361	+0.0031971	+0.0037094	+0.0041767	+0.0046460	+0.0051033
2012-02	0.040	-0.0021650	-0.0018585	-0.0015454	-0.0012173	-0.0008630	-0.0004682	-0.0000584	+0.0003846	+0.0008619	+0.0013656	+0.0018994	+0.0024505	+0.0029892	+0.0035068	+0.0040111	+0.0044963	+0.0049431	+0.0053624	+0.0057695	+0.0061364	+0.0065039
2012-03	0.060	-0.0021070	-0.0019062	-0.0016917	-0.0014636	-0.0012228	-0.0009620	-0.0006839	-0.0003800	-0.0000593	+0.0002841	+0.0006311	+0.0009717	+0.0012975	+0.0016092	+0.0018949	+0.0021643	+0.0024108	+0.0026393	+0.0028527	+0.0030482	+0.0032302
2012-04	-0.016	-0.0021567	-0.0018482	-0.0015097	-0.0011587	-0.0007968	-0.0004326	-0.0000625	+0.0003239	+0.0007137	+0.0010957	+0.0014593	+0.0018074	+0.0021395	+0.0024446	+0.0027290	+0.0029854	+0.0032231	+0.0034372	+0.0036443	+0.0038327	+0.0040013
2012-05	-0.103	-0.0024034	-0.0021042	-0.0018006	-0.0014927	-0.0011537	-0.0007978	-0.0004157	-0.0000153	+0.0003966	+0.0008162	+0.0012263	+0.0016143	+0.0019867	+0.0023355	+0.0026633	+0.0029667	+0.0032408	+0.0034962	+0.0037277	+0.0039534	+0.0041613
2012-06	0.004	-0.0034126	-0.0031771	-0.0029445	-0.0026801	-0.0023996	-0.0020998	-0.0017737	-0.0014299	-0.0010598	-0.0006729	-0.0002757	+0.0001162	+0.0005002	+0.0008701	+0.0012071	+0.0015258	+0.0018199	+0.0021056	+0.0023696	+0.0026200	+0.0028477
2012-07	0.027	-0.0046596	-0.0043986	-0.0040911	-0.0037913	-0.0034599	-0.0030911	-0.0026967	-0.0022841	-0.0018423	-0.0013865	-0.0009174	-0.0004390	+0.0000220	+0.0004653	+0.0008817	+0.0012663	+0.0016223	+0.0019480	+0.0022740	+0.0025797	+0.0028745
2012-08	-0.024	-0.0051006	-0.0048550	-0.0045793	-0.0042870	-0.0039685	-0.0036344	-0.0032726	-0.0028753	-0.0024428	-0.0019815	-0.0014963	-0.0009981	-0.0005034	-0.0000109	+0.0004559	+0.0009009	+0.0013241	+0.0017383	+0.0021112	+0.0024464	+0.0027811
2012-09	0.032	-0.0042678	-0.0040065	-0.0037176	-0.0034278	-0.0031168	-0.0027792	-0.0024110	-0.0020171	-0.0015910	-0.0011456	-0.0006934	-0.0002370	+0.0002032	+0.0006210	+0.0010155	+0.0013841	+0.0017149	+0.0020343	+0.0023338	+0.0026149	+0.0028739
2012-10	0.059	-0.0022553	-0.0020306	-0.0017927	-0.0015264	-0.0012488	-0.0009500	-0.0006247	-0.0002716	+0.0001028	+0.0004964	+0.0009036	+0.0013010	+0.0016934	+0.0020719	+0.0024250	+0.0027556	+0.0030597	+0.0033420	+0.0036016	+0.0038527	+0.0040884
2012-11	0.007	-0.0022656	-0.0020367	-0.0018096	-0.0015685	-0.0013072	-0.0010315	-0.0007422	-0.0004315	-0.0001054	+0.0002326	+0.0005784	+0.0009120	+0.0012352	+0.0015419	+0.0018221	+0.0020790	+0.0023173	+0.0025354	+0.0027453	+0.0029364	+0.0031136
2012-12	0.036	-0.0016543	-0.0014424	-0.0012191	-0.0009921	-0.0007505	-0.0004984	-0.0002228	+0.0000637	+0.0003613	+0.0006651	+0.0009704	+0.0012661	+0.0015510	+0.0018171	+0.0020629	+0.0022912	+0.0024986	+0.0026887	+0.0028680	+0.0030320	+0.0031845
2013-01	0.072	-0.0016571	-0.0014018	-0.0011253	-0.0008277	-0.0005179	-0.0001915	+0.0001495	+0.0005000	+0.0008390	+0.0011667	+0.0014663	+0.0017528	+0.0020168	+0.0022587	+0.0024817	+0.0026909	+0.0028849	+0.0030626	+0.0032345	+0.0033977	+0.0035484
2013-02	0.070	-0.0017801	-0.0014147	-0.0010552	-0.0006830	-0.0003217	+0.0000672	+0.0004964	+0.0009349	+0.0013475	+0.0017260	+0.0020796	+0.0024235	+0.0027442	+0.0030538	+0.0033376	+0.0036026	+0.0038548	+0.0040964	+0.0043250	+0.0045422	+0.0047540
2013-03	0.058	-0.0027983	-0.0022478	-0.0015677	-0.0009897	-0.0005218	-0.0000315	+0.0005487	+0.0012650	+0.0018751	+0.0023590	+0.0027841	+0.0031747	+0.0035391	+0.0038777	+0.0041886	+0.0044748	+0.0047443	+0.0049994	+0.0052382	+0.0054581	+0.0056798
2013-04	0.051	-0.0029107	-0.0023089	-0.0017136	-0.0011188	-0.0005729	+0.0000040	+0.0006695	+0.0014241	+0.0021281	+0.0027325	+0.0032621	+0.0037392	+0.0041734	+0.0045739	+0.0049394	+0.0052701	+0.0055750	+0.0058493	+0.0061026	+0.0063402	+0.0065580
2013-05	0.058	-0.0030356	-0.0024588	-0.0017298	-0.0010542	-0.0004437	+0.0001607	+0.0008011	+0.0015405	+0.0022609	+0.0028530	+0.0033571	+0.0038071	+0.0042119	+0.0045910	+0.0049355	+0.0052458	+0.0055316	+0.0057962	+0.0060418	+0.0062617	+0.0064564
2013-06	-0.132	-0.0035747	-0.0029451	-0.0022276	-0.0015552	-0.0009010	-0.0002954	+0.0003714	+0.0011221	+0.0018505	+0.0024980	+0.0030532	+0.0035438	+0.0039880	+0.0043857	+0.0047464	+0.0050740	+0.0053772	+0.0056527	+0.0058941	+0.0061192	+0.0063334
2013-07	-0.055	-0.0063168	-0.0058201	-0.0053304	-0.0047931	-0.0042430	-0.0036640	-0.0030610	-0.0024294	-0.0017663	-0.0010909	-0.0004106	+0.0002674	+0.0009167	+0.0015062	+0.0020455	+0.0025386	+0.0029861	+0.0033879	+0.0037495	+0.0040861	+0.0044238
2013-08	-0.170	-0.0071587	-0.0066831	-0.0061628	-0.0055847	-0.0050017	-0.0043750	-0.0037305	-0.0030376	-0.0022972	-0.0015521	-0.0007908	-0.0000423	+0.0006787	+0.0013575	+0.0019869	+0.0025638	+0.0030851	+0.0035575	+0.0040051	+0.0044428	+0.0048442
2013-09	0.019	-0.0097457	-0.0095946	-0.0093667	-0.0090335	-0.0086167	-0.0080836	-0.0074203	-0.0066674	-0.0058229	-0.0048995	-0.0039095	-0.0028777	-0.0018071	-0.0006957	+0.0004649	+0.0017668	+0.0036487	+0.0100000	+0.0100000	+0.0100000	+0.0100000
2013-10	0.073	-0.0096373	-0.0094297	-0.0091388	-0.0087417	-0.0082554	-0.0076390	-0.0069376	-0.0061343	-0.0052429	-0.0042696	-0.0032672	-0.0022341	-0.0011993	-0.0001639	+0.0008480	+0.0018979	+0.0030856	+0.0048736	+0.0100000	+0.0100000	+0.0100000
2013-11	-0.100	-0.0088313	-0.0084129	-0.0079120	-0.0073361	-0.0066910	-0.0059899	-0.0052171	-0.0043910	-0.0035145	-0.0025960	-0.0016533	-0.0007195	+0.0001746	+0.0010217	+0.0018407	+0.0025959	+0.0033088	+0.0040334	+0.0047626	+0.0055324	+0.0065484
2013-12	-0.009	-0.0088978	-0.0084840	-0.0080130	-0.0074801	-0.0068517	-0.0061843	-0.0054625	-0.0046885	-0.0038747	-0.0030139	-0.0021344	-0.0012556	-0.0004094	+0.0003998	+0.0011496	+0.0018474	+0.0025211	+0.0031751	+0.0038795	+0.0046538	+0.0057006
2014-01	0.036	-0.0044105	-0.0040671	-0.0037275	-0.0033521	-0.0029655	-0.0025474	-0.0020973	-0.0016026	-0.0010806	-0.0005380	+0.0000208	+0.0005871	+0.0011379	+0.0016660	+0.0021688	+0.0026410	+0.0030685	+0.0034582	+0.0038290	+0.0041648	+0.0044969
2014-02	0.060	-0.0037585	-0.0034966	-0.0032222	-0.0029199	-0.0025903	-0.0022402	-0.0018515	-0.0014397	-0.0009913	-0.0005238	-0.0000388	+0.0004449	+0.0009230	+0.0013818	+0.0018131	+0.0022141	+0.0025856	+0.0029268	+0.0032384	+0.0035299	+0.0038111
2014-03	0.060	-0.0029534	-0.0027257	-0.0024762	-0.0021970	-0.0019006	-0.0015747	-0.0012123	-0.0008254	-0.0004174	+0.0000238	+0.0004808	+0.0009422	+0.0014003	+0.0018397	+0.0022642	+0.0026554	+0.0030241	+0.0033713	+0.0036913	+0.0039966	+0.0042764
2014-04	-0.007	-0.0029059	-0.0025386	-0.0021542	-0.0017685	-0.0013417	-0.0009010	-0.0004335	+0.0000527	+0.0005691	+0.0010906	+0.0016194	+0.0021356	+0.0026343	+0.0031018	+0.0035356	+0.0039387	+0.0043080	+0.0046366	+0.0049573	+0.0052360	+0.0055219
2014-05	0.026	-0.0033896	-0.0029103	-0.0024416	-0.0019516	-0.0014298	-0.0008926	-0.0003381	+0.0002510	+0.0008604	+0.0014685	+0.0020867	+0.0026749	+0.0032332	+0.0037542	+0.0042367	+0.0046847	+0.0050879	+0.0054465	+0.0057842	+0.0060873	+0.0063724
2014-06	-0.061	-0.0030607	-0.0026269	-0.0021519	-0.0016832	-0.0011967	-0.0006750	-0.0001328	+0.0004203	+0.0009875	+0.0015521	+0.0021059	+0.0026417	+0.0031470	+0.0036074	+0.0040409	+0.0044308	+0.0047761	+0.0050992	+0.0053964	+0.0056681	+0.0059128
2014-07	0.089	-0.0033733	-0.0031397	-0.0029056	-0.0026586	-0.0023850	-0.0020849	-0.0017543	-0.0013992	-0.0010143	-0.0006110	-0.0001987	+0.0002292	+0.0006484	+0.0010576	+0.0014410	+0.0018065	+0.0021382	+0.0024578	+0.0027549	+0.0030248	+0.0032856
2014-08	0.018	-0.0029472	-0.0027414	-0.0025054	-0.0022533	-0.0019749	-0.0016770	-0.0013566	-0.0010158	-0.0006513	-0.0002672	+0.0001386	+0.0005445	+0.0009399	+0.0013230	+0.0016787	+0.0020125	+0.0023214	+0.0026053	+0.0028718	+0.0031246	+0.0033620
2014-09	0.000	-0.0022637	-0.0020362	-0.0017921	-0.0015404	-0.0012688	-0.0009703	-0.0006507	-0.0003120	+0.0000459	+0.0004290	+0.0008203	+0.0012155	+0.0016010	+0.0019664	+0.0023109	+0.0026371	+0.0029265	+0.0031978	+0.0034410	+0.0036825	+0.0039102
2014-10	-0.012	-0.0020530	-0.0018024	-0.0015489	-0.0012715	-0.0009732	-0.0006652	-0.0003373	+0.0000015	+0.0003548	+0.0007310	+0.0011084	+0.0014874	+0.0018521	+0.0021989	+0.0025189	+0.0028164	+0.0030860	+0.0033414	+0.0035738	+0.0037934	+0.0040017
2014-11	0.093	-0.0029880	-0.0027036	-0.0023958	-0.0020708	-0.0017334	-0.0013710	-0.0009939	-0.0005796	-0.0001433	+0.0003066	+0.0007670	+0.0012186	+0.0016495	+0.0020673	+0.0024608	+0.0028188	+0.0031520	+0.0034621	+0.0037415	+0.0040027	+0.0042658
2014-12	-0.004	-0.0026731	-0.0023576	-0.0020201	-0.0016630	-0.0012732	-0.0008650	-0.0004381	+0.0000094	+0.0004785	+0.0009617	+0.0014433	+0.0019153	+0.0023750	+0.0028037	+0.0032071	+0.0035830	+0.0039153	+0.0042305	+0.0045211	+0.0047862	+0.0050319
2015-01	-0.004	-0.0035257	-0.0032076	-0.0028564	-0.0024794	-0.0020790	-0.0016595	-0.0012161	-0.0007335	-0.0002266	+0.0002980	+0.0008422	+0.0013754	+0.0018819	+0.0023608	+0.0028128	+0.0032341	+0.0036228	+0.0039830	+0.0043172	+0.0046146	+0.0048991
2015-02	-0.003	-0.0029215	-0.0025979	-0.0022578	-0.0018912	-0.0014927	-0.0010590	-0.0005997	-0.0001085	+0.0004008	+0.0009280	+0.0014598	+0.0019849	+0.0024933	+0.0029716	+0.0034167	+0.0038280	+0.0042012	+0.0045419	+0.0048541	+0.0051571	+0.0054453
