2011-05	-0.016	-0.0013549	-0.0012168	-0.0010642	-0.0008965	-0.0007193	-0.0005300	-0.0003273	-0.0001107	+0.0001170	+0.0003478	+0.0005873	+0.0008282	+0.0010636	+0.0012952	+0.0015150	+0.0017307	+0.0019273	+0.0021119	+0.0022890	+0.0024574	+0.0026090
2011-06	-0.004	-0.0013956	-0.0012705	-0.0011231	-0.0009768	-0.0008204	-0.0006497	-0.0004638	-0.0002608	-0.0000440	+0.0001866	+0.0004256	+0.0006711	+0.0009125	+0.0011493	+0.0013764	+0.0015907	+0.0017905	+0.0019727	+0.0021486	+0.0023102	+0.0024663
2011-07	-0.035	-0.0014529	-0.0013430	-0.0012266	-0.0010968	-0.0009550	-0.0008020	-0.0006309	-0.0004497	-0.0002554	-0.0000454	+0.0001779	+0.0004043	+0.0006313	+0.0008534	+0.0010668	+0.0012718	+0.0014601	+0.0016355	+0.0018013	+0.0019633	+0.0021215
2011-08	0.015	-0.0021854	-0.0020726	-0.0019533	-0.0018336	-0.0016981	-0.0015590	-0.0014089	-0.0012460	-0.0010742	-0.0008914	-0.0007077	-0.0005239	-0.0003446	-0.0001742	-0.0000167	+0.0001287	+0.0002639	+0.0003904	+0.0005046	+0.0006127	+0.0007163
2011-09	-0.030	-0.0015333	-0.0014276	-0.0013144	-0.0011951	-0.0010734	-0.0009365	-0.0007889	-0.0006327	-0.0004702	-0.0003005	-0.0001307	+0.0000349	+0.0001934	+0.0003408	+0.0004804	+0.0006054	+0.0007219	+0.0008292	+0.0009240	+0.0010149	+0.0010985
2011-10	0.023	-0.0021880	-0.0020917	-0.0019781	-0.0018594	-0.0017303	-0.0015965	-0.0014495	-0.0012917	-0.0011209	-0.0009414	-0.0007530	-0.0005647	-0.0003740	-0.0001820	+0.0000117	+0.0001978	+0.0003784	+0.0005569	+0.0007187	+0.0008802	+0.0010287
2011-11	-0.022	-0.0021061	-0.0019988	-0.0018868	-0.0017661	-0.0016335	-0.0014903	-0.0013371	-0.0011728	-0.0009974	-0.0008122	-0.0006198	-0.0004282	-0.0002375	-0.0000490	+0.0001359	+0.0003160	+0.0004850	+0.0006489	+0.0007975	+0.0009428	+0.0010750
2011-12	0.002	-0.0018731	-0.0017697	-0.0016577	-0.0015376	-0.0014086	-0.0012708	-0.0011219	-0.0009603	-0.0007849	-0.0006000	-0.0004070	-0.0002094	-0.0000174	+0.0001673	+0.0003417	+0.0005060	+0.0006578	+0.0008031	+0.0009388	+0.0010605	+0.0011729
2012-01	0.000	-0.0018079	-0.0017018	-0.0015852	-0.0014601	-0.0013231	-0.0011816	-0.0010282	-0.0008642	-0.0006845	-0.0004955	-0.0002993	-0.0001008	+0.0000950	+0.0002850	+0.0004656	+0.0006354	+0.0007931	+0.0009450	+0.0010800	+0.0012124	+0.0013377
2012-02	0.066	-0.0016422	-0.0015063	-0.0013686	-0.0012246	-0.0010728	-0.0009054	-0.0007267	-0.0005335	-0.0003256	-0.0001094	+0.0001097	+0.0003325	+0.0005485	+0.0007529	+0.0009424	+0.0011202	+0.0012905	+0.0014484	+0.0015931	+0.0017314	+0.0018556
2012-03	0.009	-0.0013585	-0.0012238	-0.0010846	-0.0009376	-0.0007724	-0.0005961	-0.0004013	-0.0001954	+0.0000239	+0.0002510	+0.0004878	+0.0007254	+0.0009530	+0.0011724	+0.0013736	+0.0015649	+0.0017391	+0.0019033	+0.0020532	+0.0022006	+0.0023351
2012-04	-0.011	-0.0012877	-0.0010978	-0.0008917	-0.0006848	-0.0004596	-0.0002291	+0.0000107	+0.0002558	+0.0005078	+0.0007592	+0.0010014	+0.0012350	+0.0014547	+0.0016593	+0.0018484	+0.0020244	+0.0021850	+0.0023354	+0.0024724	+0.0025992	+0.0027271
2012-05	-0.045	-0.0012015	-0.0010023	-0.0007966	-0.0005712	-0.0003421	-0.0001114	+0.0001275	+0.0003779	+0.0006314	+0.0008838	+0.0011303	+0.0013676	+0.0015881	+0.0017903	+0.0019793	+0.0021541	+0.0023163	+0.0024634	+0.0026081	+0.0027490	+0.0028823
2012-06	0.005	-0.0014823	-0.0013546	-0.0012142	-0.0010677	-0.0009106	-0.0007399	-0.0005541	-0.0003537	-0.0001375	+0.0000915	+0.0003269	+0.0005627	+0.0007935	+0.0010167	+0.0012258	+0.0014217	+0.0016041	+0.0017703	+0.0019208	+0.0020664	+0.0022138
2012-07	-0.004	-0.0018142	-0.0017183	-0.0016141	-0.0015086	-0.0013950	-0.0012671	-0.0011288	-0.0009808	-0.0008191	-0.0006490	-0.0004719	-0.0002959	-0.0001212	+0.0000481	+0.0002097	+0.0003601	+0.0005022	+0.0006390	+0.0007668	+0.0008845	+0.0010026
2012-08	0.015	-0.0020273	-0.0019374	-0.0018407	-0.0017383	-0.0016300	-0.0015083	-0.0013787	-0.0012378	-0.0010814	-0.0009123	-0.0007297	-0.0005333	-0.0003280	-0.0001103	+0.0001134	+0.0003244	+0.0005227	+0.0007209	+0.0009048	+0.0010879	+0.0012638
2012-09	0.005	-0.0012212	-0.0011442	-0.0010611	-0.0009724	-0.0008815	-0.0007803	-0.0006700	-0.0005505	-0.0004235	-0.0002909	-0.0001549	-0.0000203	+0.0001132	+0.0002383	+0.0003560	+0.0004636	+0.0005636	+0.0006548	+0.0007413	+0.0008232	+0.0008999
2012-10	0.026	-0.0009702	-0.0008757	-0.0007841	-0.0006801	-0.0005719	-0.0004573	-0.0003330	-0.0002035	-0.0000668	+0.0000712	+0.0002070	+0.0003399	+0.0004676	+0.0005892	+0.0006994	+0.0007988	+0.0008902	+0.0009728	+0.0010488	+0.0011182	+0.0011862
2012-11	0.036	-0.0008222	-0.0007223	-0.0006158	-0.0005046	-0.0003927	-0.0002760	-0.0001506	-0.0000178	+0.0001202	+0.0002606	+0.0004020	+0.0005372	+0.0006674	+0.0007910	+0.0009069	+0.0010106	+0.0011073	+0.0011961	+0.0012805	+0.0013577	+0.0014340
2012-12	0.058	-0.0011232	-0.0008848	-0.0006539	-0.0004610	-0.0002770	-0.0000722	+0.0001547	+0.0004022	+0.0006308	+0.0008288	+0.0010075	+0.0011757	+0.0013355	+0.0014853	+0.0016281	+0.0017597	+0.0018832	+0.0019961	+0.0021026	+0.0022004	+0.0022920
2013-01	0.046	-0.0012238	-0.0009638	-0.0006621	-0.0003977	-0.0001572	+0.0000859	+0.0003829	+0.0007201	+0.0010292	+0.0012815	+0.0015032	+0.0017050	+0.0018914	+0.0020647	+0.0022277	+0.0023721	+0.0025059	+0.0026324	+0.0027524	+0.0028643	+0.0029655
2013-02	0.001	-0.0016499	-0.0013130	-0.0008174	-0.0003611	-0.0000566	+0.0002347	+0.0005852	+0.0011228	+0.0016371	+0.0019568	+0.0022158	+0.0024420	+0.0026464	+0.0028341	+0.0030085	+0.0031669	+0.0033107	+0.0034447	+0.0035681	+0.0036844	+0.0037864
2013-03	0.011	-0.0023820	-0.0019785	-0.0014646	-0.0009311	-0.0005250	-0.0001343	+0.0003165	+0.0008862	+0.0014273	+0.0018345	+0.0021595	+0.0024451	+0.0027080	+0.0029406	+0.0031510	+0.0033386	+0.0035091	+0.0036634	+0.0038103	+0.0039406	+0.0040543
2013-04	0.061	-0.0019038	-0.0015744	-0.0012119	-0.0008632	-0.0005066	-0.0001414	+0.0002531	+0.0006683	+0.0010672	+0.0014364	+0.0017724	+0.0020769	+0.0023536	+0.0026023	+0.0028327	+0.0030437	+0.0032378	+0.0034108	+0.0035780	+0.0037218	+0.0038706
2013-05	0.009	-0.0023779	-0.0020054	-0.0016344	-0.0012570	-0.0008617	-0.0004504	-0.0000432	+0.0003689	+0.0007804	+0.0012048	+0.0016353	+0.0020550	+0.0024578	+0.0028489	+0.0032222	+0.0035640	+0.0038983	+0.0042068	+0.0044914	+0.0047663	+0.0050293
2013-06	-0.042	-0.0021266	-0.0019109	-0.0016683	-0.0014243	-0.0011552	-0.0008738	-0.0005683	-0.0002578	+0.0000695	+0.0004228	+0.0007949	+0.0011730	+0.0015544	+0.0019332	+0.0022941	+0.0026271	+0.0029529	+0.0032636	+0.0035557	+0.0038265	+0.0040906
2013-07	0.006	-0.0024940	-0.0023022	-0.0021172	-0.0019148	-0.0016837	-0.0014327	-0.0011572	-0.0008536	-0.0005239	-0.0001653	+0.0002232	+0.0006170	+0.0010043	+0.0013917	+0.0017696	+0.0021302	+0.0024617	+0.0027869	+0.0030905	+0.0033887	+0.0036707
2013-08	-0.004	-0.0023199	-0.0021427	-0.0019430	-0.0017386	-0.0015163	-0.0012749	-0.0010144	-0.0007210	-0.0004090	-0.0000744	+0.0002855	+0.0006558	+0.0010249	+0.0013871	+0.0017382	+0.0020806	+0.0024024	+0.0027126	+0.0030104	+0.0033020	+0.0035712
2013-09	0.012	-0.0024070	-0.0022595	-0.0021091	-0.0019491	-0.0017764	-0.0015931	-0.0013946	-0.0011866	-0.0009667	-0.0007394	-0.0005026	-0.0002693	-0.0000433	+0.0001737	+0.0003716	+0.0005548	+0.0007293	+0.0008879	+0.0010393	+0.0011773	+0.0013083
2013-10	0.022	-0.0017573	-0.0016112	-0.0014625	-0.0013061	-0.0011457	-0.0009733	-0.0007973	-0.0006117	-0.0004173	-0.0002183	-0.0000138	+0.0001823	+0.0003691	+0.0005405	+0.0007011	+0.0008487	+0.0009813	+0.0011019	+0.0012153	+0.0013240	+0.0014229
2013-11	0.030	-0.0009495	-0.0008554	-0.0007534	-0.0006529	-0.0005460	-0.0004323	-0.0003151	-0.0001911	-0.0000617	+0.0000710	+0.0002049	+0.0003364	+0.0004635	+0.0005813	+0.0006911	+0.0007900	+0.0008806	+0.0009643	+0.0010398	+0.0011126	+0.0011757
2013-12	0.022	-0.0007548	-0.0006248	-0.0004961	-0.0003655	-0.0002239	-0.0000821	+0.0000658	+0.0002158	+0.0003705	+0.0005237	+0.0006745	+0.0008187	+0.0009557	+0.0010842	+0.0012028	+0.0013143	+0.0014165	+0.0015144	+0.0016021	+0.0016864	+0.0017673
2014-01	-0.016	-0.0010606	-0.0008727	-0.0006352	-0.0004143	-0.0002275	-0.0000345	+0.0001789	+0.0004333	+0.0006892	+0.0008927	+0.0010637	+0.0012130	+0.0013472	+0.0014690	+0.0015784	+0.0016805	+0.0017726	+0.0018589	+0.0019379	+0.0020092	+0.0020767
2014-02	0.005	-0.0008843	-0.0007333	-0.0005784	-0.0004183	-0.0002530	-0.0000771	+0.0001013	+0.0002823	+0.0004636	+0.0006378	+0.0008056	+0.0009634	+0.0011087	+0.0012417	+0.0013617	+0.0014734	+0.0015742	+0.0016726	+0.0017622	+0.0018489	+0.0019242
2014-03	0.012	-0.0008553	-0.0007135	-0.0005728	-0.0004244	-0.0002712	-0.0001117	+0.0000588	+0.0002343	+0.0004115	+0.0005828	+0.0007505	+0.0009136	+0.0010637	+0.0012006	+0.0013281	+0.0014444	+0.0015486	+0.0016479	+0.0017371	+0.0018184	+0.0019050
2014-04	0.003	-0.0007664	-0.0006921	-0.0006149	-0.0005293	-0.0004389	-0.0003393	-0.0002324	-0.0001168	+0.0000046	+0.0001305	+0.0002605	+0.0003893	+0.0005135	+0.0006321	+0.0007427	+0.0008457	+0.0009422	+0.0010296	+0.0011084	+0.0011835	+0.0012567
2014-05	-0.003	-0.0008658	-0.0007872	-0.0007052	-0.0006209	-0.0005288	-0.0004316	-0.0003276	-0.0002176	-0.0000997	+0.0000258	+0.0001545	+0.0002834	+0.0004087	+0.0005281	+0.0006394	+0.0007445	+0.0008412	+0.0009308	+0.0010134	+0.0010938	+0.0011658
2014-06	0.003	-0.0006150	-0.0005450	-0.0004695	-0.0003895	-0.0003050	-0.0002143	-0.0001174	-0.0000131	+0.0000972	+0.0002131	+0.0003307	+0.0004484	+0.0005614	+0.0006691	+0.0007709	+0.0008651	+0.0009531	+0.0010352	+0.0011066	+0.0011738	+0.0012381
2014-07	0.009	-0.0006985	-0.0006404	-0.0005773	-0.0005107	-0.0004380	-0.0003626	-0.0002813	-0.0001930	-0.0000985	+0.0000000	+0.0001013	+0.0002047	+0.0003035	+0.0004003	+0.0004917	+0.0005776	+0.0006575	+0.0007300	+0.0007986	+0.0008584	+0.0009191
2014-08	0.013	-0.0005014	-0.0004568	-0.0004131	-0.0003663	-0.0003155	-0.0002626	-0.0002071	-0.0001471	-0.0000839	-0.0000187	+0.0000478	+0.0001135	+0.0001768	+0.0002365	+0.0002921	+0.0003436	+0.0003923	+0.0004373	+0.0004786	+0.0005181	+0.0005548
2014-09	0.024	-0.0004200	-0.0003647	-0.0003086	-0.0002458	-0.0001814	-0.0001136	-0.0000395	+0.0000366	+0.0001149	+0.0001944	+0.0002747	+0.0003543	+0.0004308	+0.0005038	+0.0005709	+0.0006328	+0.0006896	+0.0007409	+0.0007901	+0.0008355	+0.0008786
2014-10	0.000	-0.0006388	-0.0005157	-0.0003916	-0.0002796	-0.0001647	-0.0000444	+0.0000944	+0.0002362	+0.0003666	+0.0004801	+0.0005828	+0.0006785	+0.0007706	+0.0008559	+0.0009364	+0.0010104	+0.0010778	+0.0011385	+0.0011950	+0.0012479	+0.0013014
2014-11	0.071	-0.0005624	-0.0004758	-0.0003831	-0.0002846	-0.0001827	-0.0000736	+0.0000346	+0.0001477	+0.0002605	+0.0003763	+0.0004907	+0.0006012	+0.0007033	+0.0007983	+0.0008885	+0.0009723	+0.0010494	+0.0011226	+0.0011899	+0.0012493	+0.0013066
2014-12	0.009	-0.0013954	-0.0010936	-0.0007589	-0.0004843	-0.0002343	+0.0000270	+0.0003407	+0.0006994	+0.0010022	+0.0012612	+0.0014999	+0.0017212	+0.0019326	+0.0021321	+0.0023186	+0.0024973	+0.0026707	+0.0028302	+0.0029813	+0.0031177	+0.0032598
2015-01	-0.024	-0.0014028	-0.0011335	-0.0008440	-0.0005807	-0.0003277	-0.0000519	+0.0002406	+0.0005582	+0.0008543	+0.0011225	+0.0013705	+0.0016050	+0.0018281	+0.0020372	+0.0022394	+0.0024254	+0.0025955	+0.0027568	+0.0029097	+0.0030504	+0.0031955
2015-02	0.003	-0.0013310	-0.0011646	-0.0009949	-0.0008187	-0.0006304	-0.0004316	-0.0002156	+0.0000093	+0.0002449	+0.0004918	+0.0007479	+0.0010022	+0.0012560	+0.0015001	+0.0017312	+0.0019446	+0.0021483	+0.0023396	+0.0025176	+0.0026852	+0.0028349
