2011-05	-0.005	-0.0016583	-0.0014827	-0.0012983	-0.0011066	-0.0008957	-0.0006739	-0.0004366	-0.0001878	+0.0000782	+0.0003538	+0.0006367	+0.0009187	+0.0011983	+0.0014738	+0.0017386	+0.0019869	+0.0022169	+0.0024423	+0.0026520	+0.0028459	+0.0030266
2011-06	0.002	-0.0016228	-0.0014410	-0.0012404	-0.0010397	-0.0008236	-0.0005962	-0.0003591	-0.0001054	+0.0001551	+0.0004356	+0.0007233	+0.0010114	+0.0012976	+0.0015742	+0.0018380	+0.0020782	+0.0023050	+0.0025223	+0.0027296	+0.0029184	+0.0030904
2011-07	-0.002	-0.0015237	-0.0013663	-0.0011982	-0.0010328	-0.0008498	-0.0006571	-0.0004426	-0.0002177	+0.0000228	+0.0002832	+0.0005514	+0.0008233	+0.0010882	+0.0013478	+0.0016017	+0.0018356	+0.0020534	+0.0022605	+0.0024575	+0.0026424	+0.0028286
2011-08	-0.003	-0.0011341	-0.0010490	-0.0009612	-0.0008690	-0.0007725	-0.0006668	-0.0005558	-0.0004347	-0.0003069	-0.0001722	-0.0000358	+0.0001023	+0.0002343	+0.0003585	+0.0004770	+0.0005886	+0.0006910	+0.0007883	+0.0008802	+0.0009693	+0.0010488
2011-09	-0.044	-0.0012776	-0.0011564	-0.0010281	-0.0009053	-0.0007715	-0.0006331	-0.0004890	-0.0003389	-0.0001846	-0.0000261	+0.0001268	+0.0002768	+0.0004161	+0.0005427	+0.0006566	+0.0007597	+0.0008514	+0.0009359	+0.0010139	+0.0010869	+0.0011539
2011-10	0.047	-0.0022885	-0.0021351	-0.0019908	-0.0018322	-0.0016593	-0.0014807	-0.0012938	-0.0010921	-0.0008844	-0.0006705	-0.0004505	-0.0002420	-0.0000443	+0.0001397	+0.0003089	+0.0004647	+0.0006063	+0.0007346	+0.0008505	+0.0009613	+0.0010677
2011-11	-0.019	-0.0023574	-0.0022056	-0.0020431	-0.0018610	-0.0016729	-0.0014802	-0.0012764	-0.0010569	-0.0008249	-0.0005856	-0.0003386	-0.0000944	+0.0001419	+0.0003611	+0.0005644	+0.0007583	+0.0009355	+0.0011008	+0.0012512	+0.0013945	+0.0015312
2011-12	0.014	-0.0026974	-0.0025435	-0.0023766	-0.0021926	-0.0019917	-0.0017782	-0.0015475	-0.0012992	-0.0010285	-0.0007431	-0.0004493	-0.0001540	+0.0001329	+0.0004140	+0.0006726	+0.0009176	+0.0011408	+0.0013509	+0.0015502	+0.0017327	+0.0019019
2012-01	0.012	-0.0023539	-0.0021896	-0.0020129	-0.0018311	-0.0016200	-0.0014101	-0.0011771	-0.0009329	-0.0006646	-0.0003836	-0.0000966	+0.0001903	+0.0004733	+0.0007408	+0.0009945	+0.0012398	+0.0014608	+0.0016652	+0.0018533	+0.0020316	+0.0021904
2012-02	0.057	-0.0013602	-0.0011999	-0.0010279	-0.0008494	-0.0006543	-0.0004446	-0.0002254	+0.0000082	+0.0002562	+0.0005180	+0.0007798	+0.0010416	+0.0012927	+0.0015303	+0.0017555	+0.0019643	+0.0021556	+0.0023363	+0.0025041	+0.0026634	+0.0028082
2012-03	-0.000	-0.0010736	-0.0009332	-0.0007846	-0.0006358	-0.0004670	-0.0002878	-0.0000938	+0.0001096	+0.0003232	+0.0005444	+0.0007718	+0.0009972	+0.0012126	+0.0014155	+0.0016054	+0.0017793	+0.0019346	+0.0020835	+0.0022145	+0.0023449	+0.0024595
2012-04	-0.003	-0.0010942	-0.0008986	-0.0007019	-0.0005043	-0.0003011	-0.0000810	+0.0001532	+0.0003892	+0.0006206	+0.0008383	+0.0010401	+0.0012250	+0.0013972	+0.0015581	+0.0017052	+0.0018413	+0.0019648	+0.0020804	+0.0021892	+0.0022891	+0.0023803
2012-05	-0.043	-0.0011187	-0.0009286	-0.0007338	-0.0005400	-0.0003353	-0.0001164	+0.0001042	+0.0003293	+0.0005541	+0.0007756	+0.0009850	+0.0011839	+0.0013706	+0.0015391	+0.0016955	+0.0018379	+0.0019698	+0.0020931	+0.0022060	+0.0023162	+0.0024186
2012-06	0.022	-0.0014088	-0.0012989	-0.0011851	-0.0010569	-0.0009240	-0.0007791	-0.0006191	-0.0004468	-0.0002595	-0.0000629	+0.0001429	+0.0003484	+0.0005487	+0.0007422	+0.0009237	+0.0010936	+0.0012514	+0.0013993	+0.0015313	+0.0016641	+0.0017892
2012-07	0.013	-0.0015643	-0.0014726	-0.0013757	-0.0012687	-0.0011529	-0.0010250	-0.0008873	-0.0007370	-0.0005767	-0.0004084	-0.0002350	-0.0000605	+0.0001101	+0.0002733	+0.0004251	+0.0005697	+0.0007036	+0.0008255	+0.0009417	+0.0010531	+0.0011600
2012-08	0.003	-0.0013805	-0.0012931	-0.0011944	-0.0010939	-0.0009840	-0.0008679	-0.0007390	-0.0006000	-0.0004509	-0.0002939	-0.0001315	+0.0000315	+0.0001908	+0.0003443	+0.0004879	+0.0006232	+0.0007498	+0.0008646	+0.0009726	+0.0010711	+0.0011606
2012-09	0.006	-0.0008505	-0.0007759	-0.0007012	-0.0006246	-0.0005381	-0.0004455	-0.0003443	-0.0002355	-0.0001194	+0.0000045	+0.0001294	+0.0002554	+0.0003783	+0.0004957	+0.0006057	+0.0007082	+0.0008007	+0.0008881	+0.0009705	+0.0010485	+0.0011194
2012-10	0.014	-0.0007609	-0.0006520	-0.0005414	-0.0004226	-0.0002992	-0.0001668	-0.0000243	+0.0001219	+0.0002603	+0.0003862	+0.0005063	+0.0006220	+0.0007308	+0.0008324	+0.0009280	+0.0010142	+0.0010939	+0.0011671	+0.0012378	+0.0013013	+0.0013586
2012-11	0.030	-0.0004714	-0.0004084	-0.0003443	-0.0002770	-0.0002096	-0.0001403	-0.0000672	+0.0000097	+0.0000908	+0.0001735	+0.0002579	+0.0003404	+0.0004202	+0.0004972	+0.0005681	+0.0006339	+0.0006953	+0.0007516	+0.0008034	+0.0008524	+0.0008962
2012-12	0.039	-0.0007831	-0.0006334	-0.0004886	-0.0003534	-0.0002202	-0.0000781	+0.0000841	+0.0002470	+0.0003987	+0.0005364	+0.0006674	+0.0007948	+0.0009180	+0.0010351	+0.0011444	+0.0012459	+0.0013427	+0.0014321	+0.0015168	+0.0015955	+0.0016746
2013-01	0.036	-0.0008723	-0.0006779	-0.0004494	-0.0002659	-0.0000980	+0.0000703	+0.0002756	+0.0005291	+0.0007510	+0.0009257	+0.0010752	+0.0012136	+0.0013436	+0.0014649	+0.0015770	+0.0016836	+0.0017825	+0.0018731	+0.0019578	+0.0020351	+0.0021056
2013-02	0.009	-0.0012934	-0.0010220	-0.0006486	-0.0003474	-0.0001116	+0.0001345	+0.0004323	+0.0008442	+0.0011990	+0.0014481	+0.0016569	+0.0018466	+0.0020224	+0.0021877	+0.0023384	+0.0024790	+0.0026120	+0.0027350	+0.0028478	+0.0029535	+0.0030507
2013-03	0.022	-0.0018533	-0.0015390	-0.0011193	-0.0007460	-0.0004297	-0.0001227	+0.0002291	+0.0006745	+0.0010720	+0.0013757	+0.0016328	+0.0018649	+0.0020771	+0.0022708	+0.0024520	+0.0026181	+0.0027673	+0.0029025	+0.0030246	+0.0031385	+0.0032513
2013-04	0.047	-0.0015398	-0.0012239	-0.0009042	-0.0006096	-0.0003364	-0.0000519	+0.0002831	+0.0006571	+0.0010026	+0.0012923	+0.0015454	+0.0017761	+0.0019867	+0.0021841	+0.0023636	+0.0025316	+0.0026856	+0.0028277	+0.0029626	+0.0030872	+0.0032066
2013-05	-0.013	-0.0019095	-0.0015758	-0.0012669	-0.0009741	-0.0006482	-0.0003078	+0.0000447	+0.0003862	+0.0007159	+0.0010462	+0.0013801	+0.0017019	+0.0020182	+0.0023200	+0.0026119	+0.0028826	+0.0031356	+0.0033765	+0.0036140	+0.0038311	+0.0040238
2013-06	-0.058	-0.0018109	-0.0016154	-0.0014220	-0.0012220	-0.0010090	-0.0007793	-0.0005324	-0.0002740	-0.0000034	+0.0002828	+0.0005837	+0.0008914	+0.0012019	+0.0015076	+0.0017977	+0.0020694	+0.0023322	+0.0025846	+0.0028194	+0.0030341	+0.0032461
2013-07	-0.000	-0.0026423	-0.0024741	-0.0023024	-0.0021208	-0.0019198	-0.0016981	-0.0014546	-0.0011897	-0.0009038	-0.0005874	-0.0002592	+0.0000801	+0.0004177	+0.0007499	+0.0010689	+0.0013755	+0.0016623	+0.0019352	+0.0021837	+0.0024348	+0.0026663
2013-08	-0.013	-0.0026998	-0.0025374	-0.0023673	-0.0021837	-0.0019869	-0.0017670	-0.0015258	-0.0012677	-0.0009870	-0.0006836	-0.0003695	-0.0000447	+0.0002818	+0.0006000	+0.0009059	+0.0012033	+0.0014786	+0.0017420	+0.0019954	+0.0022360	+0.0024682
2013-09	0.020	-0.0030689	-0.0029352	-0.0027946	-0.0026371	-0.0024654	-0.0022822	-0.0020870	-0.0018758	-0.0016524	-0.0014153	-0.0011634	-0.0009023	-0.0006355	-0.0003710	-0.0001086	+0.0001528	+0.0003961	+0.0006307	+0.0008535	+0.0010742	+0.0012765
2013-10	0.013	-0.0021310	-0.0019946	-0.0018422	-0.0016802	-0.0015109	-0.0013291	-0.0011413	-0.0009444	-0.0007318	-0.0005131	-0.0002915	-0.0000739	+0.0001344	+0.0003287	+0.0005116	+0.0006815	+0.0008355	+0.0009815	+0.0011220	+0.0012430	+0.0013557
2013-11	0.011	-0.0012298	-0.0011394	-0.0010432	-0.0009364	-0.0008204	-0.0006947	-0.0005647	-0.0004223	-0.0002723	-0.0001134	+0.0000461	+0.0002038	+0.0003585	+0.0005061	+0.0006478	+0.0007777	+0.0008942	+0.0010051	+0.0011065	+0.0012010	+0.0012924
2013-12	0.011	-0.0007461	-0.0006537	-0.0005624	-0.0004593	-0.0003567	-0.0002468	-0.0001297	-0.0000011	+0.0001342	+0.0002744	+0.0004175	+0.0005582	+0.0006926	+0.0008181	+0.0009377	+0.0010485	+0.0011506	+0.0012479	+0.0013374	+0.0014250	+0.0015082
2014-01	-0.015	-0.0008170	-0.0007036	-0.0005763	-0.0004438	-0.0003086	-0.0001627	-0.0000076	+0.0001472	+0.0002994	+0.0004482	+0.0005893	+0.0007196	+0.0008417	+0.0009546	+0.0010561	+0.0011523	+0.0012365	+0.0013151	+0.0013842	+0.0014462	+0.0015102
2014-02	0.004	-0.0007308	-0.0006599	-0.0005826	-0.0005010	-0.0004136	-0.0003182	-0.0002148	-0.0001048	+0.0000108	+0.0001295	+0.0002501	+0.0003709	+0.0004894	+0.0006025	+0.0007051	+0.0008010	+0.0008882	+0.0009713	+0.0010486	+0.0011196	+0.0011853
2014-03	0.018	-0.0007375	-0.0006603	-0.0005850	-0.0005027	-0.0004173	-0.0003237	-0.0002250	-0.0001216	-0.0000132	+0.0000994	+0.0002121	+0.0003240	+0.0004309	+0.0005335	+0.0006266	+0.0007113	+0.0007897	+0.0008608	+0.0009265	+0.0009878	+0.0010431
2014-04	0.003	-0.0007881	-0.0007085	-0.0006304	-0.0005479	-0.0004612	-0.0003728	-0.0002761	-0.0001722	-0.0000640	+0.0000501	+0.0001660	+0.0002801	+0.0003920	+0.0004978	+0.0005964	+0.0006881	+0.0007734	+0.0008504	+0.0009201	+0.0009855	+0.0010509
2014-05	0.006	-0.0008398	-0.0007671	-0.0006875	-0.0006048	-0.0005156	-0.0004221	-0.0003227	-0.0002187	-0.0001079	+0.0000087	+0.0001284	+0.0002491	+0.0003683	+0.0004811	+0.0005882	+0.0006901	+0.0007824	+0.0008699	+0.0009489	+0.0010250	+0.0010999
2014-06	0.007	-0.0005767	-0.0004884	-0.0004003	-0.0003029	-0.0002040	-0.0001009	+0.0000032	+0.0001130	+0.0002263	+0.0003396	+0.0004517	+0.0005605	+0.0006653	+0.0007666	+0.0008610	+0.0009482	+0.0010302	+0.0011047	+0.0011760	+0.0012376	+0.0013019
2014-07	0.003	-0.0006884	-0.0005856	-0.0004864	-0.0003822	-0.0002811	-0.0001755	-0.0000581	+0.0000588	+0.0001714	+0.0002792	+0.0003833	+0.0004812	+0.0005749	+0.0006644	+0.0007504	+0.0008288	+0.0009001	+0.0009652	+0.0010255	+0.0010840	+0.0011385
2014-08	0.013	-0.0003155	-0.0002697	-0.0002207	-0.0001735	-0.0001247	-0.0000727	-0.0000194	+0.0000353	+0.0000930	+0.0001512	+0.0002084	+0.0002625	+0.0003127	+0.0003592	+0.0004013	+0.0004397	+0.0004742	+0.0005057	+0.0005345	+0.0005631	+0.0005885
2014-09	0.009	-0.0003765	-0.0003110	-0.0002426	-0.0001750	-0.0001049	-0.0000305	+0.0000504	+0.0001321	+0.0002110	+0.0002861	+0.0003555	+0.0004203	+0.0004798	+0.0005345	+0.0005862	+0.0006333	+0.0006774	+0.0007182	+0.0007533	+0.0007871	+0.0008196
2014-10	0.008	-0.0005308	-0.0004321	-0.0003223	-0.0002208	-0.0001324	-0.0000422	+0.0000671	+0.0001937	+0.0003004	+0.0003866	+0.0004622	+0.0005311	+0.0005956	+0.0006552	+0.0007098	+0.0007610	+0.0008080	+0.0008499	+0.0008893	+0.0009261	+0.0009584
2014-11	0.052	-0.0004554	-0.0003913	-0.0003248	-0.0002563	-0.0001846	-0.0001061	-0.0000255	+0.0000603	+0.0001491	+0.0002406	+0.0003331	+0.0004243	+0.0005125	+0.0005927	+0.0006668	+0.0007348	+0.0007982	+0.0008555	+0.0009080	+0.0009590	+0.0010058
2014-12	0.004	-0.0011087	-0.0008800	-0.0006283	-0.0004081	-0.0002010	+0.0000079	+0.0002493	+0.0005157	+0.0007623	+0.0009722	+0.0011635	+0.0013442	+0.0015135	+0.0016712	+0.0018170	+0.0019594	+0.0020923	+0.0022216	+0.0023381	+0.0024493	+0.0025599
2015-01	-0.023	-0.0010964	-0.0009158	-0.0007292	-0.0005449	-0.0003477	-0.0001510	+0.0000535	+0.0002668	+0.0004824	+0.0006964	+0.0009046	+0.0011018	+0.0012909	+0.0014647	+0.0016302	+0.0017844	+0.0019303	+0.0020666	+0.0021999	+0.0023216	+0.0024368
2015-02	0.003	-0.0012033	-0.0010688	-0.0009192	-0.0007652	-0.0006028	-0.0004326	-0.0002468	-0.0000523	+0.0001529	+0.0003627	+0.0005772	+0.0007914	+0.0009997	+0.0011982	+0.0013846	+0.0015607	+0.0017213	+0.0018739	+0.0020120	+0.0021492	+0.0022766
