2012-08	0.003	-0.0046218	-0.0043682	-0.0040914	-0.0038060	-0.0034946	-0.0031489	-0.0027712	-0.0023598	-0.0019213	-0.0014608	-0.0009964	-0.0005236	-0.0000627	+0.0003788	+0.0008024	+0.0011915	+0.0015576	+0.0018923	+0.0022107	+0.0025204	+0.0028151
2012-09	0.025	-0.0033112	-0.0030897	-0.0028430	-0.0025881	-0.0023034	-0.0019947	-0.0016724	-0.0013217	-0.0009513	-0.0005668	-0.0001725	+0.0002213	+0.0006002	+0.0009665	+0.0012962	+0.0016032	+0.0018828	+0.0021413	+0.0023703	+0.0025960	+0.0027898
2012-10	0.028	-0.0020958	-0.0018246	-0.0015314	-0.0012379	-0.0009337	-0.0006100	-0.0002723	+0.0000820	+0.0004514	+0.0008357	+0.0012086	+0.0015633	+0.0019072	+0.0022255	+0.0025192	+0.0027891	+0.0030374	+0.0032649	+0.0034681	+0.0036566	+0.0038404
2012-11	0.047	-0.0019817	-0.0017826	-0.0015561	-0.0013311	-0.0010950	-0.0008389	-0.0005686	-0.0002806	+0.0000187	+0.0003326	+0.0006517	+0.0009691	+0.0012753	+0.0015579	+0.0018260	+0.0020762	+0.0023047	+0.0025177	+0.0027184	+0.0028982	+0.0030710
2012-12	0.091	-0.0017678	-0.0015136	-0.0012416	-0.0009728	-0.0007025	-0.0004111	-0.0001139	+0.0002015	+0.0005283	+0.0008620	+0.0011920	+0.0015146	+0.0018157	+0.0021005	+0.0023595	+0.0025963	+0.0028181	+0.0030159	+0.0032002	+0.0033600	+0.0035169
2013-01	0.076	-0.0021657	-0.0017430	-0.0013000	-0.0008343	-0.0004203	-0.0000013	+0.0004607	+0.0009919	+0.0015189	+0.0019630	+0.0023387	+0.0026642	+0.0029559	+0.0032235	+0.0034625	+0.0036749	+0.0038657	+0.0040395	+0.0041977	+0.0043458	+0.0044750
2013-02	0.007	-0.0024965	-0.0019460	-0.0012832	-0.0006683	-0.0001886	+0.0002849	+0.0008468	+0.0016095	+0.0023185	+0.0028215	+0.0032355	+0.0036058	+0.0039481	+0.0042610	+0.0045428	+0.0048070	+0.0050459	+0.0052717	+0.0054829	+0.0056899	+0.0058777
2013-03	0.021	-0.0039832	-0.0034042	-0.0024278	-0.0015436	-0.0009455	-0.0003991	+0.0002718	+0.0012865	+0.0022054	+0.0027993	+0.0032684	+0.0036837	+0.0040591	+0.0043955	+0.0047107	+0.0049966	+0.0052546	+0.0054905	+0.0057140	+0.0059284	+0.0061228
2013-04	0.055	-0.0029363	-0.0024432	-0.0019285	-0.0014072	-0.0008450	-0.0002618	+0.0003435	+0.0009631	+0.0015704	+0.0021468	+0.0026816	+0.0031724	+0.0036289	+0.0040490	+0.0044270	+0.0047780	+0.0050911	+0.0053806	+0.0056496	+0.0059019	+0.0061571
2013-05	0.030	-0.0024623	-0.0021226	-0.0017417	-0.0013635	-0.0009681	-0.0005505	-0.0001257	+0.0003282	+0.0008005	+0.0012840	+0.0017701	+0.0022515	+0.0027091	+0.0031359	+0.0035311	+0.0039021	+0.0042464	+0.0045627	+0.0048625	+0.0051489	+0.0053993
2013-06	-0.111	-0.0031392	-0.0027919	-0.0024085	-0.0020123	-0.0016009	-0.0011646	-0.0006967	-0.0002158	+0.0002832	+0.0007973	+0.0013192	+0.0018355	+0.0023389	+0.0028205	+0.0032679	+0.0036754	+0.0040594	+0.0043947	+0.0047108	+0.0050175	+0.0053063
2013-07	0.024	-0.0057625	-0.0054123	-0.0050128	-0.0045803	-0.0041309	-0.0036451	-0.0031306	-0.0025719	-0.0019790	-0.0013611	-0.0007217	-0.0000810	+0.0005421	+0.0011393	+0.0016870	+0.0022130	+0.0026893	+0.0031379	+0.0035560	+0.0039449	+0.0043306
2013-08	-0.037	-0.0052762	-0.0048608	-0.0044418	-0.0039830	-0.0034898	-0.0029657	-0.0024089	-0.0018263	-0.0012026	-0.0005537	+0.0001083	+0.0007650	+0.0014061	+0.0020134	+0.0025865	+0.0031247	+0.0036231	+0.0040854	+0.0045143	+0.0049157	+0.0052853
2013-09	0.061	-0.0064589	-0.0061170	-0.0057475	-0.0053425	-0.0049207	-0.0044686	-0.0039768	-0.0034486	-0.0028814	-0.0022994	-0.0016834	-0.0010712	-0.0004646	+0.0001136	+0.0006690	+0.0011842	+0.0016561	+0.0020881	+0.0025054	+0.0028912	+0.0032609
2013-10	0.049	-0.0044675	-0.0041516	-0.0037862	-0.0033961	-0.0029816	-0.0025454	-0.0020689	-0.0015593	-0.0010323	-0.0004878	+0.0000684	+0.0006218	+0.0011630	+0.0016767	+0.0021649	+0.0026209	+0.0030435	+0.0034281	+0.0037910	+0.0041315	+0.0044402
2013-11	-0.002	-0.0025760	-0.0023238	-0.0020714	-0.0018021	-0.0015178	-0.0011991	-0.0008568	-0.0004939	-0.0000993	+0.0003140	+0.0007369	+0.0011553	+0.0015657	+0.0019526	+0.0023204	+0.0026567	+0.0029707	+0.0032736	+0.0035395	+0.0037974	+0.0040274
2013-12	0.006	-0.0023671	-0.0021366	-0.0019001	-0.0016335	-0.0013424	-0.0010473	-0.0007277	-0.0003841	-0.0000125	+0.0003778	+0.0007795	+0.0011785	+0.0015730	+0.0019490	+0.0023013	+0.0026260	+0.0029284	+0.0032075	+0.0034710	+0.0037187	+0.0039538
2014-01	-0.082	-0.0021581	-0.0018970	-0.0016222	-0.0013341	-0.0010216	-0.0006841	-0.0003415	+0.0000256	+0.0003975	+0.0007770	+0.0011626	+0.0015368	+0.0018940	+0.0022283	+0.0025413	+0.0028313	+0.0031068	+0.0033659	+0.0035969	+0.0038117	+0.0040178
2014-02	0.018	-0.0034486	-0.0032058	-0.0029518	-0.0026893	-0.0024040	-0.0021012	-0.0017842	-0.0014415	-0.0010823	-0.0007143	-0.0003438	+0.0000154	+0.0003635	+0.0006921	+0.0009944	+0.0012697	+0.0015292	+0.0017678	+0.0019846	+0.0021966	+0.0023917
2014-03	0.047	-0.0038669	-0.0035927	-0.0033183	-0.0030164	-0.0027103	-0.0023779	-0.0020169	-0.0016375	-0.0012434	-0.0008422	-0.0004354	-0.0000352	+0.0003495	+0.0007056	+0.0010347	+0.0013321	+0.0016100	+0.0018663	+0.0021040	+0.0023166	+0.0025178
2014-04	0.024	-0.0037720	-0.0035053	-0.0032261	-0.0029323	-0.0026161	-0.0022763	-0.0018972	-0.0015128	-0.0011121	-0.0006910	-0.0002644	+0.0001517	+0.0005511	+0.0009243	+0.0012672	+0.0015888	+0.0018778	+0.0021515	+0.0024007	+0.0026281	+0.0028507
2014-05	0.033	-0.0034227	-0.0031371	-0.0028144	-0.0024831	-0.0021292	-0.0017583	-0.0013706	-0.0009614	-0.0005333	-0.0001018	+0.0003512	+0.0007930	+0.0012249	+0.0016394	+0.0020214	+0.0023864	+0.0027161	+0.0030176	+0.0033089	+0.0035819	+0.0038396
2014-06	0.002	-0.0018890	-0.0015117	-0.0011525	-0.0008059	-0.0004456	-0.0000539	+0.0003524	+0.0007519	+0.0011516	+0.0015351	+0.0019055	+0.0022593	+0.0025988	+0.0029164	+0.0032210	+0.0035062	+0.0037703	+0.0040272	+0.0042693	+0.0044972	+0.0047014
2014-07	0.035	-0.0019869	-0.0016797	-0.0013664	-0.0010455	-0.0007242	-0.0003865	-0.0000270	+0.0003342	+0.0006848	+0.0010261	+0.0013601	+0.0016872	+0.0020037	+0.0023062	+0.0025881	+0.0028570	+0.0031069	+0.0033424	+0.0035650	+0.0037771	+0.0039625
2014-08	0.017	-0.0012005	-0.0010018	-0.0007994	-0.0005950	-0.0003916	-0.0001865	+0.0000276	+0.0002441	+0.0004661	+0.0006792	+0.0008811	+0.0010714	+0.0012497	+0.0014172	+0.0015704	+0.0017114	+0.0018343	+0.0019506	+0.0020543	+0.0021483	+0.0022367
2014-09	-0.019	-0.0013627	-0.0011348	-0.0009001	-0.0006634	-0.0004224	-0.0001590	+0.0001082	+0.0003767	+0.0006502	+0.0009115	+0.0011674	+0.0014094	+0.0016337	+0.0018432	+0.0020336	+0.0022076	+0.0023665	+0.0025120	+0.0026472	+0.0027748	+0.0028863
2014-10	0.007	-0.0018514	-0.0016580	-0.0014645	-0.0012517	-0.0010234	-0.0007830	-0.0005337	-0.0002733	+0.0000002	+0.0002774	+0.0005496	+0.0008146	+0.0010663	+0.0013019	+0.0015228	+0.0017225	+0.0019059	+0.0020724	+0.0022254	+0.0023674	+0.0025090
2014-11	0.080	-0.0025775	-0.0023719	-0.0021557	-0.0019347	-0.0016953	-0.0014426	-0.0011789	-0.0008979	-0.0006010	-0.0002868	+0.0000376	+0.0003576	+0.0006683	+0.0009580	+0.0012258	+0.0014712	+0.0017025	+0.0019108	+0.0021084	+0.0022886	+0.0024612
2014-12	-0.032	-0.0022193	-0.0019716	-0.0016838	-0.0013813	-0.0010560	-0.0007121	-0.0003378	+0.0000516	+0.0004643	+0.0008875	+0.0013256	+0.0017575	+0.0021754	+0.0025787	+0.0029598	+0.0033144	+0.0036467	+0.0039694	+0.0042531	+0.0045232	+0.0047824
2015-01	-0.008	-0.0040233	-0.0036992	-0.0033804	-0.0030253	-0.0026596	-0.0022622	-0.0018147	-0.0013454	-0.0008452	-0.0003213	+0.0001991	+0.0007238	+0.0012365	+0.0017249	+0.0021820	+0.0026198	+0.0030233	+0.0034008	+0.0037507	+0.0040941	+0.0043962
2015-02	-0.002	-0.0038538	-0.0035047	-0.0031474	-0.0027412	-0.0023193	-0.0018586	-0.0013736	-0.0008528	-0.0003024	+0.0002731	+0.0008580	+0.0014218	+0.0019768	+0.0025026	+0.0029990	+0.0034541	+0.0038768	+0.0042606	+0.0046293	+0.0049840	+0.0053056
