2011-05	-0.000	-0.0076971	-0.0071560	-0.0065392	-0.0059187	-0.0052225	-0.0044677	-0.0037052	-0.0029018	-0.0020602	-0.0012307	-0.0004037	+0.0003640	+0.0010621	+0.0016717	+0.0022123	+0.0026908	+0.0031248	+0.0035289	+0.0039188	+0.0043043	+0.0046829
2011-06	0.009	-0.0081060	-0.0075523	-0.0069367	-0.0062938	-0.0055853	-0.0048406	-0.0040611	-0.0032618	-0.0024391	-0.0016135	-0.0008010	-0.0000391	+0.0006589	+0.0012817	+0.0018399	+0.0023480	+0.0028201	+0.0032731	+0.0036949	+0.0040985	+0.0044990
2011-07	-0.006	-0.0078596	-0.0073466	-0.0067770	-0.0061082	-0.0054128	-0.0046650	-0.0039080	-0.0031273	-0.0023577	-0.0015737	-0.0008004	-0.0000823	+0.0005636	+0.0011566	+0.0017042	+0.0022066	+0.0026842	+0.0031287	+0.0035415	+0.0039710	+0.0043794
2011-08	-0.080	-0.0017174	-0.0015637	-0.0013987	-0.0012240	-0.0010359	-0.0008327	-0.0006117	-0.0003740	-0.0001187	+0.0001531	+0.0004287	+0.0007083	+0.0009819	+0.0012423	+0.0014846	+0.0017066	+0.0019167	+0.0021117	+0.0022957	+0.0024748	+0.0026419
2011-09	-0.004	-0.0053381	-0.0050296	-0.0046886	-0.0043319	-0.0039552	-0.0035675	-0.0031512	-0.0027088	-0.0022552	-0.0017782	-0.0012862	-0.0007811	-0.0002809	+0.0002008	+0.0006822	+0.0011445	+0.0015873	+0.0020240	+0.0024444	+0.0028347	+0.0032034
2011-10	-0.001	-0.0052204	-0.0048834	-0.0045424	-0.0041645	-0.0037816	-0.0033888	-0.0029772	-0.0025195	-0.0020334	-0.0015330	-0.0010147	-0.0005043	+0.0000048	+0.0004951	+0.0009564	+0.0014080	+0.0018316	+0.0022311	+0.0026031	+0.0029697	+0.0032891
2011-11	-0.040	-0.0054968	-0.0051712	-0.0048668	-0.0045223	-0.0041462	-0.0037438	-0.0033280	-0.0028824	-0.0024110	-0.0019243	-0.0014236	-0.0009178	-0.0004312	+0.0000403	+0.0004775	+0.0008891	+0.0012899	+0.0016627	+0.0020088	+0.0023392	+0.0026484
2011-12	-0.010	-0.0056661	-0.0053588	-0.0050299	-0.0046964	-0.0043351	-0.0039390	-0.0035225	-0.0030762	-0.0026004	-0.0020873	-0.0015609	-0.0010237	-0.0004806	+0.0000567	+0.0005885	+0.0011072	+0.0015898	+0.0020500	+0.0024978	+0.0029286	+0.0033606
2012-01	0.034	-0.0033316	-0.0031309	-0.0029215	-0.0026972	-0.0024538	-0.0021867	-0.0018821	-0.0015509	-0.0011940	-0.0008157	-0.0004238	-0.0000209	+0.0003795	+0.0007711	+0.0011388	+0.0014813	+0.0018032	+0.0021150	+0.0024049	+0.0026805	+0.0029141
2012-02	0.082	-0.0028951	-0.0026706	-0.0024314	-0.0021879	-0.0019167	-0.0016319	-0.0013286	-0.0009951	-0.0006356	-0.0002607	+0.0001336	+0.0005366	+0.0009308	+0.0012995	+0.0016511	+0.0019804	+0.0022918	+0.0025806	+0.0028466	+0.0031052	+0.0033559
2012-03	0.040	-0.0021632	-0.0019135	-0.0016533	-0.0013922	-0.0011131	-0.0008149	-0.0004871	-0.0001389	+0.0002341	+0.0006230	+0.0010208	+0.0014180	+0.0017998	+0.0021633	+0.0025042	+0.0028157	+0.0031144	+0.0033852	+0.0036408	+0.0038712	+0.0041067
2012-04	-0.043	-0.0017691	-0.0014793	-0.0011873	-0.0008591	-0.0005287	-0.0001853	+0.0001735	+0.0005528	+0.0009385	+0.0013207	+0.0016957	+0.0020626	+0.0024009	+0.0027130	+0.0029978	+0.0032675	+0.0035089	+0.0037342	+0.0039367	+0.0041300	+0.0042986
2012-05	-0.127	-0.0019823	-0.0016940	-0.0014064	-0.0010905	-0.0007656	-0.0004117	-0.0000353	+0.0003492	+0.0007470	+0.0011480	+0.0015446	+0.0019278	+0.0022806	+0.0026091	+0.0029102	+0.0031854	+0.0034384	+0.0036702	+0.0038860	+0.0040862	+0.0042759
2012-06	0.057	-0.0042612	-0.0039966	-0.0037276	-0.0034385	-0.0031362	-0.0027985	-0.0024275	-0.0020374	-0.0016126	-0.0011657	-0.0007138	-0.0002630	+0.0001796	+0.0005976	+0.0009820	+0.0013411	+0.0016676	+0.0019808	+0.0022661	+0.0025615	+0.0028157
2012-07	-0.036	-0.0046633	-0.0044008	-0.0041325	-0.0038443	-0.0035229	-0.0031827	-0.0028083	-0.0024047	-0.0019829	-0.0015377	-0.0010706	-0.0006071	-0.0001471	+0.0002871	+0.0006923	+0.0010798	+0.0014446	+0.0017877	+0.0021012	+0.0024048	+0.0026910
2012-08	-0.007	-0.0054208	-0.0051920	-0.0049512	-0.0046819	-0.0043955	-0.0040918	-0.0037536	-0.0033776	-0.0029656	-0.0025105	-0.0020215	-0.0015079	-0.0009746	-0.0004241	+0.0001175	+0.0006640	+0.0011731	+0.0016741	+0.0021393	+0.0025934	+0.0030343
2012-09	0.006	-0.0039229	-0.0037041	-0.0034623	-0.0031944	-0.0029113	-0.0026094	-0.0022829	-0.0019220	-0.0015364	-0.0011339	-0.0007147	-0.0002936	+0.0001161	+0.0004985	+0.0008575	+0.0011902	+0.0015078	+0.0017952	+0.0020627	+0.0023113	+0.0025326
2012-10	0.005	-0.0025892	-0.0023678	-0.0021250	-0.0018606	-0.0015803	-0.0012872	-0.0009750	-0.0006263	-0.0002580	+0.0001185	+0.0005030	+0.0008873	+0.0012604	+0.0016078	+0.0019357	+0.0022337	+0.0025146	+0.0027647	+0.0029910	+0.0032001	+0.0033951
2012-11	0.044	-0.0032989	-0.0030894	-0.0028534	-0.0026230	-0.0023775	-0.0021070	-0.0018163	-0.0015005	-0.0011503	-0.0007894	-0.0004180	-0.0000426	+0.0003211	+0.0006776	+0.0010055	+0.0013105	+0.0015961	+0.0018514	+0.0020941	+0.0023192	+0.0025311
2012-12	0.071	-0.0025341	-0.0023207	-0.0020869	-0.0018463	-0.0015731	-0.0012753	-0.0009586	-0.0006177	-0.0002527	+0.0001264	+0.0005133	+0.0009079	+0.0012934	+0.0016583	+0.0019984	+0.0023128	+0.0025946	+0.0028735	+0.0031327	+0.0033673	+0.0035971
2013-01	0.092	-0.0019773	-0.0016893	-0.0013800	-0.0010655	-0.0007436	-0.0003923	-0.0000190	+0.0003813	+0.0007870	+0.0012028	+0.0016188	+0.0020245	+0.0024115	+0.0027696	+0.0030995	+0.0034026	+0.0036874	+0.0039492	+0.0041879	+0.0044067	+0.0045971
2013-02	0.038	-0.0023181	-0.0018058	-0.0012964	-0.0007790	-0.0002772	+0.0002454	+0.0008037	+0.0014086	+0.0019987	+0.0025371	+0.0030116	+0.0034482	+0.0038480	+0.0042106	+0.0045403	+0.0048373	+0.0051075	+0.0053489	+0.0055667	+0.0057691	+0.0059570
2013-03	0.070	-0.0031235	-0.0025143	-0.0017216	-0.0009625	-0.0003525	+0.0002097	+0.0008556	+0.0016598	+0.0025048	+0.0031101	+0.0035908	+0.0040038	+0.0043754	+0.0047122	+0.0050130	+0.0052877	+0.0055383	+0.0057621	+0.0059657	+0.0061514	+0.0063104
2013-04	0.106	-0.0032859	-0.0026656	-0.0012909	-0.0005841	-0.0001249	+0.0003293	+0.0008987	+0.0020816	+0.0032354	+0.0037397	+0.0041412	+0.0044939	+0.0048215	+0.0051201	+0.0053932	+0.0056337	+0.0058528	+0.0060613	+0.0062482	+0.0064246	+0.0065808
2013-05	-0.025	-0.0037849	-0.0029005	-0.0019286	-0.0012551	-0.0006348	+0.0000389	+0.0008990	+0.0019255	+0.0027050	+0.0033336	+0.0039077	+0.0044581	+0.0049800	+0.0054885	+0.0059751	+0.0064286	+0.0068569	+0.0072630	+0.0076477	+0.0080337	+0.0083944
2013-06	-0.013	-0.0044038	-0.0038157	-0.0031771	-0.0025394	-0.0018611	-0.0011307	-0.0003809	+0.0003731	+0.0011318	+0.0018877	+0.0026254	+0.0033367	+0.0040107	+0.0046219	+0.0051684	+0.0056971	+0.0061674	+0.0065992	+0.0070219	+0.0074193	+0.0077821
2013-07	0.002	-0.0047127	-0.0043104	-0.0038741	-0.0034020	-0.0028833	-0.0023335	-0.0017385	-0.0010965	-0.0004256	+0.0002645	+0.0009871	+0.0017139	+0.0024117	+0.0030703	+0.0036917	+0.0042765	+0.0048171	+0.0053206	+0.0057993	+0.0062615	+0.0066842
2013-08	-0.028	-0.0054136	-0.0049012	-0.0043769	-0.0038135	-0.0032340	-0.0026064	-0.0019379	-0.0012418	-0.0004992	+0.0002830	+0.0010854	+0.0018588	+0.0026092	+0.0033113	+0.0039627	+0.0045786	+0.0051636	+0.0057020	+0.0062024	+0.0066963	+0.0071548
2013-09	0.103	-0.0059185	-0.0055488	-0.0051464	-0.0047040	-0.0042398	-0.0037405	-0.0032231	-0.0026511	-0.0020514	-0.0014217	-0.0007804	-0.0001438	+0.0004658	+0.0010500	+0.0015910	+0.0020958	+0.0025701	+0.0030109	+0.0034179	+0.0037972	+0.0041391
2013-10	0.005	-0.0029361	-0.0026331	-0.0023092	-0.0019532	-0.0015661	-0.0011561	-0.0007246	-0.0002600	+0.0002297	+0.0007437	+0.0012673	+0.0017878	+0.0022862	+0.0027626	+0.0032087	+0.0036321	+0.0040275	+0.0044054	+0.0047545	+0.0050780	+0.0053899
2013-11	0.053	-0.0032106	-0.0029180	-0.0025908	-0.0022574	-0.0019117	-0.0015413	-0.0011385	-0.0007131	-0.0002577	+0.0002086	+0.0006755	+0.0011312	+0.0015725	+0.0019889	+0.0023731	+0.0027341	+0.0030647	+0.0033692	+0.0036509	+0.0039180	+0.0041648
2013-12	0.015	-0.0027118	-0.0023959	-0.0020437	-0.0016889	-0.0013343	-0.0009423	-0.0005386	-0.0001197	+0.0003312	+0.0007973	+0.0012716	+0.0017346	+0.0021746	+0.0025881	+0.0029769	+0.0033407	+0.0036806	+0.0040001	+0.0042901	+0.0045490	+0.0047867
2014-01	-0.042	-0.0027742	-0.0023993	-0.0020116	-0.0015939	-0.0011640	-0.0007035	-0.0002338	+0.0002520	+0.0007470	+0.0012361	+0.0017087	+0.0021652	+0.0025952	+0.0029881	+0.0033545	+0.0036849	+0.0039849	+0.0042586	+0.0045325	+0.0047747	+0.0050001
2014-02	-0.008	-0.0023928	-0.0021432	-0.0018740	-0.0015958	-0.0013070	-0.0009846	-0.0006413	-0.0002676	+0.0001284	+0.0005351	+0.0009462	+0.0013528	+0.0017464	+0.0021182	+0.0024591	+0.0027764	+0.0030647	+0.0033356	+0.0035862	+0.0038132	+0.0040336
2014-03	-0.017	-0.0033975	-0.0031050	-0.0027774	-0.0024330	-0.0020674	-0.0016789	-0.0012562	-0.0008181	-0.0003558	+0.0001196	+0.0005978	+0.0010724	+0.0015238	+0.0019485	+0.0023396	+0.0027048	+0.0030352	+0.0033517	+0.0036392	+0.0038955	+0.0041405
2014-04	-0.052	-0.0052352	-0.0049186	-0.0045850	-0.0042127	-0.0038233	-0.0034043	-0.0029620	-0.0024891	-0.0019982	-0.0014793	-0.0009524	-0.0004278	+0.0000912	+0.0005763	+0.0010404	+0.0014724	+0.0018808	+0.0022669	+0.0026312	+0.0029554	+0.0032741
2014-05	0.000	-0.0064208	-0.0060535	-0.0056739	-0.0052511	-0.0048072	-0.0043409	-0.0038257	-0.0032901	-0.0027212	-0.0021275	-0.0015079	-0.0008960	-0.0002895	+0.0002775	+0.0008195	+0.0013271	+0.0018110	+0.0022565	+0.0026901	+0.0031086	+0.0034573
2014-06	0.060	-0.0051082	-0.0047546	-0.0043957	-0.0040038	-0.0035837	-0.0031406	-0.0026616	-0.0021610	-0.0016230	-0.0010643	-0.0004887	+0.0000786	+0.0006225	+0.0011373	+0.0016290	+0.0020793	+0.0025032	+0.0028855	+0.0032407	+0.0035619	+0.0038691
2014-07	0.020	-0.0045579	-0.0042400	-0.0038868	-0.0035177	-0.0031122	-0.0026861	-0.0022294	-0.0017496	-0.0012487	-0.0007275	-0.0002087	+0.0003029	+0.0008017	+0.0012697	+0.0017052	+0.0020974	+0.0024489	+0.0027686	+0.0030640	+0.0033235	+0.0035784
2014-08	-0.004	-0.0032298	-0.0029080	-0.0025845	-0.0022540	-0.0019061	-0.0015313	-0.0011347	-0.0007245	-0.0002946	+0.0001408	+0.0005779	+0.0009978	+0.0013988	+0.0017699	+0.0021119	+0.0024169	+0.0026908	+0.0029451	+0.0031788	+0.0033885	+0.0035921
2014-09	0.004	-0.0017794	-0.0015619	-0.0013280	-0.0010726	-0.0008085	-0.0005239	-0.0002225	+0.0000859	+0.0004187	+0.0007679	+0.0011198	+0.0014640	+0.0017966	+0.0021084	+0.0024007	+0.0026712	+0.0029173	+0.0031370	+0.0033460	+0.0035325	+0.0037153
2014-10	0.002	-0.0014109	-0.0012324	-0.0010477	-0.0008598	-0.0006625	-0.0004567	-0.0002389	-0.0000083	+0.0002286	+0.0004768	+0.0007237	+0.0009631	+0.0011894	+0.0013993	+0.0015958	+0.0017757	+0.0019434	+0.0021014	+0.0022453	+0.0023726	+0.0025053
2014-11	0.049	-0.0031252	-0.0029257	-0.0027110	-0.0024758	-0.0022235	-0.0019513	-0.0016680	-0.0013630	-0.0010410	-0.0007030	-0.0003584	-0.0000180	+0.0003059	+0.0006162	+0.0009107	+0.0011862	+0.0014307	+0.0016630	+0.0018899	+0.0021003	+0.0023121
2014-12	0.014	-0.0024507	-0.0021862	-0.0019208	-0.0016405	-0.0013362	-0.0010140	-0.0006755	-0.0003148	+0.0000657	+0.0004688	+0.0008811	+0.0012946	+0.0016991	+0.0020798	+0.0024407	+0.0027775	+0.0030931	+0.0033960	+0.0036763	+0.0039512	+0.0042023
2015-01	0.009	-0.0027153	-0.0024396	-0.0021463	-0.0018186	-0.0014873	-0.0011453	-0.0007737	-0.0003691	+0.0000641	+0.0005168	+0.0009828	+0.0014382	+0.0018811	+0.0023010	+0.0026985	+0.0030635	+0.0034089	+0.0037356	+0.0040473	+0.0043422	+0.0046012
2015-02	-0.012	-0.0028080	-0.0024804	-0.0021550	-0.0018018	-0.0014373	-0.0010456	-0.0006215	-0.0001734	+0.0002952	+0.0007847	+0.0012829	+0.0017805	+0.0022561	+0.0027056	+0.0031251	+0.0035086	+0.0038718	+0.0041948	+0.0044959	+0.0047925	+0.0050741
