2013-12	0.007	-0.0007690	-0.0006694	-0.0005701	-0.0004645	-0.0003499	-0.0002285	-0.0000992	+0.0000334	+0.0001750	+0.0003206	+0.0004680	+0.0006131	+0.0007530	+0.0008871	+0.0010113	+0.0011285	+0.0012367	+0.0013371	+0.0014294	+0.0015167	+0.0015974
2014-01	-0.008	-0.0006622	-0.0005618	-0.0004519	-0.0003311	-0.0002082	-0.0000758	+0.0000619	+0.0002005	+0.0003419	+0.0004815	+0.0006202	+0.0007546	+0.0008826	+0.0010015	+0.0011112	+0.0012146	+0.0013094	+0.0013962	+0.0014788	+0.0015571	+0.0016334
2014-02	0.017	-0.0008258	-0.0007255	-0.0006130	-0.0004985	-0.0003834	-0.0002606	-0.0001350	-0.0000016	+0.0001329	+0.0002660	+0.0003994	+0.0005268	+0.0006488	+0.0007622	+0.0008680	+0.0009667	+0.0010583	+0.0011406	+0.0012200	+0.0012931	+0.0013605
2014-03	0.007	-0.0006944	-0.0006267	-0.0005510	-0.0004697	-0.0003789	-0.0002857	-0.0001875	-0.0000846	+0.0000238	+0.0001379	+0.0002553	+0.0003707	+0.0004828	+0.0005877	+0.0006850	+0.0007738	+0.0008548	+0.0009311	+0.0009998	+0.0010660	+0.0011252
2014-04	0.010	-0.0006037	-0.0005298	-0.0004533	-0.0003753	-0.0002907	-0.0001985	-0.0001017	+0.0000011	+0.0001101	+0.0002236	+0.0003397	+0.0004519	+0.0005580	+0.0006572	+0.0007510	+0.0008363	+0.0009145	+0.0009882	+0.0010550	+0.0011165	+0.0011783
2014-05	0.015	-0.0006158	-0.0005424	-0.0004606	-0.0003744	-0.0002824	-0.0001869	-0.0000859	+0.0000189	+0.0001279	+0.0002382	+0.0003495	+0.0004581	+0.0005645	+0.0006616	+0.0007499	+0.0008290	+0.0009007	+0.0009660	+0.0010257	+0.0010836	+0.0011365
2014-06	0.008	-0.0005974	-0.0004617	-0.0003004	-0.0001673	-0.0000537	+0.0000599	+0.0001957	+0.0003747	+0.0005328	+0.0006485	+0.0007450	+0.0008300	+0.0009088	+0.0009801	+0.0010451	+0.0011055	+0.0011613	+0.0012124	+0.0012577	+0.0013009	+0.0013446
2014-07	0.001	-0.0005424	-0.0004335	-0.0003080	-0.0001967	-0.0000974	+0.0000009	+0.0001121	+0.0002460	+0.0003756	+0.0004757	+0.0005593	+0.0006343	+0.0007035	+0.0007660	+0.0008234	+0.0008755	+0.0009227	+0.0009657	+0.0010066	+0.0010433	+0.0010761
2014-08	0.004	-0.0004977	-0.0003994	-0.0002993	-0.0002101	-0.0001266	-0.0000422	+0.0000555	+0.0001662	+0.0002667	+0.0003492	+0.0004211	+0.0004862	+0.0005467	+0.0006029	+0.0006532	+0.0006986	+0.0007409	+0.0007791	+0.0008157	+0.0008514	+0.0008847
2014-09	-0.019	-0.0005842	-0.0005122	-0.0004365	-0.0003596	-0.0002779	-0.0001931	-0.0001030	-0.0000080	+0.0000908	+0.0001924	+0.0002923	+0.0003899	+0.0004808	+0.0005652	+0.0006424	+0.0007128	+0.0007758	+0.0008312	+0.0008841	+0.0009360	+0.0009798
2014-10	0.003	-0.0009253	-0.0008586	-0.0007915	-0.0007205	-0.0006420	-0.0005580	-0.0004666	-0.0003722	-0.0002731	-0.0001725	-0.0000694	+0.0000328	+0.0001328	+0.0002257	+0.0003112	+0.0003887	+0.0004596	+0.0005244	+0.0005835	+0.0006358	+0.0006852
2014-11	0.015	-0.0010917	-0.0010285	-0.0009631	-0.0008916	-0.0008149	-0.0007298	-0.0006370	-0.0005371	-0.0004303	-0.0003162	-0.0001992	-0.0000832	+0.0000277	+0.0001339	+0.0002353	+0.0003293	+0.0004168	+0.0004977	+0.0005730	+0.0006450	+0.0007080
2014-12	-0.022	-0.0007367	-0.0006697	-0.0006038	-0.0005279	-0.0004508	-0.0003646	-0.0002731	-0.0001753	-0.0000721	+0.0000364	+0.0001472	+0.0002576	+0.0003638	+0.0004624	+0.0005550	+0.0006411	+0.0007217	+0.0007955	+0.0008640	+0.0009282	+0.0009854
2015-01	0.007	-0.0016575	-0.0015591	-0.0014553	-0.0013476	-0.0012257	-0.0010938	-0.0009564	-0.0008107	-0.0006553	-0.0004951	-0.0003292	-0.0001646	-0.0000038	+0.0001485	+0.0002921	+0.0004279	+0.0005525	+0.0006684	+0.0007783	+0.0008790	+0.0009823
2015-02	0.003	-0.0012631	-0.0011475	-0.0010266	-0.0009052	-0.0007709	-0.0006350	-0.0004933	-0.0003447	-0.0001908	-0.0000333	+0.0001259	+0.0002812	+0.0004279	+0.0005633	+0.0006896	+0.0008028	+0.0009100	+0.0010086	+0.0010981	+0.0011774	+0.0012589
