2013-10	-0.018	-0.0033979	-0.0029975	-0.0025893	-0.0021578	-0.0016881	-0.0011966	-0.0006581	-0.0000850	+0.0005259	+0.0011519	+0.0017881	+0.0024256	+0.0030383	+0.0036253	+0.0041942	+0.0047088	+0.0051934	+0.0056539	+0.0060764	+0.0064797	+0.0068710
2013-11	-0.002	-0.0027644	-0.0025014	-0.0022325	-0.0019390	-0.0016274	-0.0012960	-0.0009297	-0.0005367	-0.0001192	+0.0003266	+0.0007757	+0.0012286	+0.0016679	+0.0020947	+0.0024920	+0.0028718	+0.0032213	+0.0035540	+0.0038654	+0.0041541	+0.0044498
2013-12	0.040	-0.0024796	-0.0022169	-0.0019269	-0.0016244	-0.0013219	-0.0009828	-0.0006104	-0.0002090	+0.0002110	+0.0006539	+0.0011099	+0.0015671	+0.0020176	+0.0024377	+0.0028426	+0.0032129	+0.0035630	+0.0038800	+0.0041795	+0.0044531	+0.0047135
2014-01	-0.008	-0.0026355	-0.0023113	-0.0019738	-0.0016089	-0.0012288	-0.0008456	-0.0004329	-0.0000039	+0.0004499	+0.0009125	+0.0013814	+0.0018436	+0.0022933	+0.0027159	+0.0031148	+0.0034839	+0.0038317	+0.0041540	+0.0044535	+0.0047310	+0.0050149
2014-02	0.011	-0.0015925	-0.0014324	-0.0012489	-0.0010636	-0.0008648	-0.0006546	-0.0004221	-0.0001760	+0.0000872	+0.0003682	+0.0006596	+0.0009544	+0.0012503	+0.0015385	+0.0018042	+0.0020598	+0.0022912	+0.0025123	+0.0027278	+0.0029283	+0.0031261
2014-03	-0.023	-0.0016838	-0.0015132	-0.0013211	-0.0011195	-0.0009022	-0.0006674	-0.0004187	-0.0001443	+0.0001509	+0.0004599	+0.0007810	+0.0011071	+0.0014251	+0.0017365	+0.0020289	+0.0022971	+0.0025422	+0.0027656	+0.0029812	+0.0031880	+0.0033730
2014-04	0.019	-0.0020088	-0.0018528	-0.0016848	-0.0014988	-0.0012993	-0.0010803	-0.0008459	-0.0005865	-0.0003100	-0.0000169	+0.0002906	+0.0006021	+0.0009069	+0.0012038	+0.0014865	+0.0017562	+0.0020123	+0.0022602	+0.0024938	+0.0027095	+0.0029312
2014-05	0.046	-0.0018355	-0.0016783	-0.0015007	-0.0013255	-0.0011315	-0.0009258	-0.0007053	-0.0004709	-0.0002180	+0.0000446	+0.0003135	+0.0005809	+0.0008374	+0.0010796	+0.0013081	+0.0015123	+0.0017031	+0.0018798	+0.0020471	+0.0021949	+0.0023372
2014-06	0.027	-0.0011876	-0.0010292	-0.0008596	-0.0006776	-0.0004845	-0.0002812	-0.0000625	+0.0001722	+0.0004166	+0.0006685	+0.0009232	+0.0011705	+0.0014058	+0.0016275	+0.0018285	+0.0020146	+0.0021834	+0.0023419	+0.0024859	+0.0026182	+0.0027486
2014-07	0.013	-0.0012682	-0.0010797	-0.0008893	-0.0006911	-0.0004847	-0.0002677	-0.0000378	+0.0002070	+0.0004636	+0.0007207	+0.0009785	+0.0012267	+0.0014657	+0.0016875	+0.0018946	+0.0020861	+0.0022583	+0.0024126	+0.0025569	+0.0026947	+0.0028284
2014-08	0.020	-0.0013138	-0.0010774	-0.0008087	-0.0005693	-0.0003301	-0.0000791	+0.0001798	+0.0004560	+0.0007285	+0.0009786	+0.0012132	+0.0014269	+0.0016299	+0.0018160	+0.0019842	+0.0021365	+0.0022792	+0.0024098	+0.0025306	+0.0026474	+0.0027531
2014-09	0.011	-0.0012786	-0.0009768	-0.0006756	-0.0004293	-0.0001988	+0.0000407	+0.0003466	+0.0006923	+0.0009788	+0.0012089	+0.0014126	+0.0016038	+0.0017822	+0.0019484	+0.0021024	+0.0022449	+0.0023778	+0.0025019	+0.0026128	+0.0027194	+0.0028208
2014-10	0.025	-0.0009340	-0.0007617	-0.0006014	-0.0004289	-0.0002505	-0.0000648	+0.0001296	+0.0003259	+0.0005185	+0.0007073	+0.0008895	+0.0010663	+0.0012349	+0.0013925	+0.0015434	+0.0016831	+0.0018133	+0.0019356	+0.0020496	+0.0021610	+0.0022736
2014-11	0.066	-0.0009960	-0.0008892	-0.0007761	-0.0006492	-0.0005193	-0.0003804	-0.0002299	-0.0000687	+0.0001074	+0.0002950	+0.0004842	+0.0006755	+0.0008621	+0.0010387	+0.0012081	+0.0013706	+0.0015263	+0.0016665	+0.0017956	+0.0019176	+0.0020281
2014-12	0.037	-0.0014980	-0.0012246	-0.0009674	-0.0006803	-0.0003897	-0.0000879	+0.0002267	+0.0005509	+0.0008842	+0.0012198	+0.0015522	+0.0018734	+0.0021774	+0.0024733	+0.0027478	+0.0030053	+0.0032502	+0.0034822	+0.0036967	+0.0039008	+0.0040928
2015-01	-0.006	-0.0018922	-0.0015526	-0.0011917	-0.0008460	-0.0004902	-0.0001068	+0.0002937	+0.0006989	+0.0011093	+0.0015021	+0.0018839	+0.0022449	+0.0025874	+0.0029111	+0.0032093	+0.0034858	+0.0037393	+0.0039771	+0.0042001	+0.0044029	+0.0045952
2015-02	-0.029	-0.0027948	-0.0023229	-0.0018397	-0.0013515	-0.0008663	-0.0003701	+0.0001390	+0.0006840	+0.0012200	+0.0017192	+0.0021892	+0.0026271	+0.0030302	+0.0033991	+0.0037296	+0.0040366	+0.0043226	+0.0045763	+0.0048333	+0.0050638	+0.0052807
