2011-11	-0.102	-0.0088240	-0.0084039	-0.0079444	-0.0074575	-0.0069098	-0.0062744	-0.0056015	-0.0048765	-0.0040754	-0.0032205	-0.0023286	-0.0014183	-0.0005258	+0.0003561	+0.0011946	+0.0020006	+0.0027693	+0.0035223	+0.0042667	+0.0049937	+0.0058429
2011-12	0.026	-0.0082487	-0.0078845	-0.0075012	-0.0070780	-0.0066163	-0.0061070	-0.0055567	-0.0049507	-0.0043025	-0.0035982	-0.0028547	-0.0020849	-0.0013148	-0.0005402	+0.0002344	+0.0009974	+0.0017361	+0.0024193	+0.0030808	+0.0037241	+0.0043424
2012-01	0.028	-0.0060469	-0.0056543	-0.0052507	-0.0048205	-0.0043701	-0.0038697	-0.0033422	-0.0027495	-0.0021372	-0.0014798	-0.0007998	-0.0001020	+0.0005680	+0.0012096	+0.0018237	+0.0023899	+0.0029450	+0.0034626	+0.0039283	+0.0043728	+0.0048106
2012-02	0.117	-0.0033618	-0.0030355	-0.0026578	-0.0022815	-0.0018682	-0.0014427	-0.0009650	-0.0004391	+0.0001063	+0.0006892	+0.0012876	+0.0018847	+0.0024639	+0.0030224	+0.0035528	+0.0040429	+0.0045018	+0.0049177	+0.0053095	+0.0056687	+0.0060215
2012-03	0.031	-0.0025723	-0.0022544	-0.0019156	-0.0015763	-0.0012137	-0.0008241	-0.0004035	+0.0000488	+0.0005369	+0.0010387	+0.0015575	+0.0020675	+0.0025608	+0.0030298	+0.0034593	+0.0038478	+0.0042189	+0.0045648	+0.0048831	+0.0051889	+0.0054732
2012-04	-0.002	-0.0024534	-0.0020011	-0.0015099	-0.0010617	-0.0005922	-0.0000876	+0.0004444	+0.0009839	+0.0015134	+0.0020204	+0.0024987	+0.0029526	+0.0033729	+0.0037679	+0.0041320	+0.0044691	+0.0047751	+0.0050529	+0.0053116	+0.0055478	+0.0057762
2012-05	-0.130	-0.0025068	-0.0021152	-0.0016998	-0.0012483	-0.0007839	-0.0003103	+0.0001980	+0.0007291	+0.0012692	+0.0018021	+0.0023141	+0.0028034	+0.0032637	+0.0036920	+0.0040766	+0.0044259	+0.0047526	+0.0050426	+0.0053138	+0.0055772	+0.0058354
2012-06	0.007	-0.0040329	-0.0037409	-0.0034301	-0.0030846	-0.0027173	-0.0023196	-0.0018940	-0.0014486	-0.0009761	-0.0004772	+0.0000429	+0.0005629	+0.0010666	+0.0015453	+0.0019903	+0.0023942	+0.0027624	+0.0031205	+0.0034488	+0.0037576	+0.0040570
2012-07	0.036	-0.0048796	-0.0045993	-0.0042983	-0.0039673	-0.0036221	-0.0032497	-0.0028386	-0.0024026	-0.0019378	-0.0014492	-0.0009536	-0.0004540	+0.0000401	+0.0005122	+0.0009463	+0.0013521	+0.0017353	+0.0020995	+0.0024283	+0.0027389	+0.0030306
2012-08	0.023	-0.0052060	-0.0049426	-0.0046666	-0.0043667	-0.0040502	-0.0037132	-0.0033412	-0.0029267	-0.0024796	-0.0019938	-0.0014830	-0.0009530	-0.0004177	+0.0001078	+0.0006218	+0.0011109	+0.0015792	+0.0020305	+0.0024541	+0.0028533	+0.0032704
2012-09	0.028	-0.0034788	-0.0032388	-0.0029863	-0.0027234	-0.0024358	-0.0021205	-0.0017751	-0.0014069	-0.0010143	-0.0006078	-0.0001802	+0.0002391	+0.0006508	+0.0010464	+0.0014082	+0.0017441	+0.0020578	+0.0023376	+0.0025937	+0.0028380	+0.0030658
2012-10	0.033	-0.0021485	-0.0018340	-0.0014962	-0.0011530	-0.0007954	-0.0004267	-0.0000371	+0.0003772	+0.0008002	+0.0012137	+0.0016094	+0.0019846	+0.0023429	+0.0026764	+0.0029877	+0.0032676	+0.0035229	+0.0037575	+0.0039788	+0.0041847	+0.0043660
2012-11	0.065	-0.0022478	-0.0019764	-0.0016862	-0.0013900	-0.0010725	-0.0007467	-0.0004075	-0.0000489	+0.0003173	+0.0006914	+0.0010674	+0.0014395	+0.0017940	+0.0021239	+0.0024332	+0.0027165	+0.0029825	+0.0032294	+0.0034624	+0.0036790	+0.0038706
2012-12	0.070	-0.0019761	-0.0016522	-0.0013455	-0.0010231	-0.0006936	-0.0003411	+0.0000313	+0.0004239	+0.0008207	+0.0012154	+0.0016016	+0.0019859	+0.0023473	+0.0026902	+0.0030113	+0.0033081	+0.0035867	+0.0038443	+0.0040700	+0.0042794	+0.0044810
2013-01	0.094	-0.0025582	-0.0020966	-0.0016188	-0.0011493	-0.0006927	-0.0002061	+0.0003188	+0.0008838	+0.0014236	+0.0019206	+0.0023745	+0.0027882	+0.0031639	+0.0035088	+0.0038256	+0.0041118	+0.0043720	+0.0046002	+0.0048097	+0.0050047	+0.0051835
2013-02	0.027	-0.0030030	-0.0024036	-0.0017292	-0.0010367	-0.0004468	+0.0001170	+0.0007583	+0.0015503	+0.0023246	+0.0029214	+0.0034211	+0.0038560	+0.0042468	+0.0046037	+0.0049307	+0.0052243	+0.0054917	+0.0057343	+0.0059567	+0.0061473	+0.0063212
2013-03	0.023	-0.0042943	-0.0036851	-0.0024200	-0.0012930	-0.0007199	-0.0001737	+0.0004793	+0.0016780	+0.0029471	+0.0035524	+0.0040176	+0.0044231	+0.0047855	+0.0051224	+0.0054260	+0.0057024	+0.0059542	+0.0061815	+0.0063862	+0.0065708	+0.0067395
2013-04	0.052	-0.0030497	-0.0024117	-0.0017149	-0.0010914	-0.0005387	+0.0000167	+0.0006460	+0.0014319	+0.0021965	+0.0027854	+0.0032636	+0.0036801	+0.0040513	+0.0043867	+0.0046908	+0.0049720	+0.0052278	+0.0054574	+0.0056730	+0.0058648	+0.0060458
2013-05	0.024	-0.0028125	-0.0023494	-0.0018332	-0.0013354	-0.0008387	-0.0003146	+0.0002553	+0.0008188	+0.0013659	+0.0018789	+0.0023698	+0.0028295	+0.0032571	+0.0036475	+0.0040097	+0.0043325	+0.0046294	+0.0049043	+0.0051651	+0.0053989	+0.0056291
2013-06	-0.039	-0.0024576	-0.0021540	-0.0017932	-0.0014380	-0.0010737	-0.0006828	-0.0002747	+0.0001473	+0.0005782	+0.0010000	+0.0014133	+0.0018193	+0.0022068	+0.0025612	+0.0028956	+0.0031959	+0.0034699	+0.0037205	+0.0039500	+0.0041780	+0.0043724
2013-07	0.029	-0.0027073	-0.0024977	-0.0022657	-0.0020186	-0.0017615	-0.0014695	-0.0011650	-0.0008362	-0.0004777	-0.0000930	+0.0003010	+0.0006983	+0.0010882	+0.0014599	+0.0018101	+0.0021430	+0.0024580	+0.0027541	+0.0030344	+0.0032921	+0.0035320
2013-08	0.000	-0.0023891	-0.0021395	-0.0019081	-0.0016459	-0.0013613	-0.0010614	-0.0007388	-0.0003933	-0.0000228	+0.0003568	+0.0007500	+0.0011471	+0.0015318	+0.0018962	+0.0022437	+0.0025753	+0.0028814	+0.0031733	+0.0034420	+0.0036937	+0.0039256
2013-09	0.045	-0.0023591	-0.0021616	-0.0019470	-0.0017339	-0.0015023	-0.0012551	-0.0009973	-0.0007214	-0.0004274	-0.0001189	+0.0001950	+0.0005081	+0.0008118	+0.0011014	+0.0013756	+0.0016323	+0.0018675	+0.0020846	+0.0022901	+0.0024825	+0.0026754
2013-10	0.029	-0.0014963	-0.0013174	-0.0011179	-0.0009166	-0.0006949	-0.0004646	-0.0002163	+0.0000437	+0.0003166	+0.0005943	+0.0008753	+0.0011525	+0.0014192	+0.0016767	+0.0019142	+0.0021336	+0.0023391	+0.0025285	+0.0027001	+0.0028625	+0.0030125
2013-11	0.036	-0.0016467	-0.0014106	-0.0011752	-0.0009220	-0.0006497	-0.0003621	-0.0000695	+0.0002267	+0.0005251	+0.0008194	+0.0011041	+0.0013762	+0.0016315	+0.0018683	+0.0020851	+0.0022862	+0.0024684	+0.0026322	+0.0027892	+0.0029354	+0.0030693
2013-12	0.032	-0.0015910	-0.0013187	-0.0010672	-0.0008024	-0.0005356	-0.0002488	+0.0000402	+0.0003319	+0.0006205	+0.0009103	+0.0011959	+0.0014654	+0.0017169	+0.0019501	+0.0021601	+0.0023501	+0.0025220	+0.0026854	+0.0028339	+0.0029709	+0.0031099
2014-01	-0.026	-0.0017035	-0.0014039	-0.0010981	-0.0007923	-0.0004815	-0.0001435	+0.0002192	+0.0005871	+0.0009458	+0.0012811	+0.0015887	+0.0018744	+0.0021333	+0.0023700	+0.0025853	+0.0027831	+0.0029621	+0.0031244	+0.0032723	+0.0034091	+0.0035353
2014-02	0.037	-0.0017520	-0.0015280	-0.0012710	-0.0009984	-0.0007241	-0.0004393	-0.0001445	+0.0001587	+0.0004623	+0.0007680	+0.0010681	+0.0013536	+0.0016189	+0.0018639	+0.0020906	+0.0022930	+0.0024772	+0.0026506	+0.0028115	+0.0029571	+0.0030995
2014-03	0.010	-0.0014516	-0.0012295	-0.0009819	-0.0007240	-0.0004594	-0.0001897	+0.0000867	+0.0003698	+0.0006638	+0.0009630	+0.0012599	+0.0015473	+0.0018191	+0.0020746	+0.0023053	+0.0025172	+0.0027146	+0.0028900	+0.0030554	+0.0032035	+0.0033514
2014-04	-0.000	-0.0015520	-0.0013810	-0.0011944	-0.0009896	-0.0007852	-0.0005567	-0.0003125	-0.0000564	+0.0002132	+0.0004927	+0.0007790	+0.0010631	+0.0013359	+0.0015911	+0.0018385	+0.0020631	+0.0022673	+0.0024569	+0.0026365	+0.0028136	+0.0029600
2014-05	0.002	-0.0017242	-0.0015649	-0.0013906	-0.0012018	-0.0010035	-0.0007911	-0.0005721	-0.0003379	-0.0000847	+0.0001768	+0.0004416	+0.0007102	+0.0009728	+0.0012248	+0.0014603	+0.0016765	+0.0018796	+0.0020663	+0.0022340	+0.0023872	+0.0025384
2014-06	0.000	-0.0013332	-0.0011601	-0.0009777	-0.0007871	-0.0005969	-0.0003878	-0.0001703	+0.0000569	+0.0002970	+0.0005423	+0.0007883	+0.0010346	+0.0012725	+0.0014948	+0.0016972	+0.0018895	+0.0020664	+0.0022399	+0.0023999	+0.0025425	+0.0026830
2014-07	-0.011	-0.0012411	-0.0011390	-0.0010341	-0.0009230	-0.0008004	-0.0006646	-0.0005228	-0.0003702	-0.0002087	-0.0000423	+0.0001275	+0.0002948	+0.0004597	+0.0006177	+0.0007643	+0.0009025	+0.0010293	+0.0011446	+0.0012561	+0.0013592	+0.0014510
2014-08	0.001	-0.0014146	-0.0013185	-0.0012223	-0.0011205	-0.0010122	-0.0008949	-0.0007707	-0.0006403	-0.0005055	-0.0003641	-0.0002213	-0.0000803	+0.0000550	+0.0001825	+0.0003034	+0.0004134	+0.0005191	+0.0006131	+0.0007055	+0.0007892	+0.0008660
2014-09	0.011	-0.0014259	-0.0013226	-0.0012107	-0.0010939	-0.0009703	-0.0008392	-0.0006976	-0.0005500	-0.0003890	-0.0002211	-0.0000515	+0.0001177	+0.0002818	+0.0004350	+0.0005763	+0.0007105	+0.0008343	+0.0009481	+0.0010585	+0.0011642	+0.0012605
2014-10	-0.004	-0.0014442	-0.0013406	-0.0012249	-0.0010955	-0.0009631	-0.0008209	-0.0006713	-0.0005120	-0.0003444	-0.0001675	+0.0000138	+0.0001918	+0.0003666	+0.0005306	+0.0006817	+0.0008240	+0.0009529	+0.0010737	+0.0011851	+0.0012898	+0.0013859
2014-11	0.075	-0.0025631	-0.0023899	-0.0022106	-0.0020124	-0.0018147	-0.0016007	-0.0013683	-0.0011156	-0.0008498	-0.0005714	-0.0002818	+0.0000017	+0.0002709	+0.0005291	+0.0007702	+0.0009943	+0.0012030	+0.0013972	+0.0015793	+0.0017559	+0.0019307
2014-12	-0.009	-0.0018120	-0.0015704	-0.0013106	-0.0010352	-0.0007422	-0.0004354	-0.0001191	+0.0002215	+0.0005768	+0.0009414	+0.0013044	+0.0016549	+0.0019886	+0.0022965	+0.0025782	+0.0028379	+0.0030759	+0.0032974	+0.0034987	+0.0036783	+0.0038463
2015-01	-0.014	-0.0022139	-0.0019774	-0.0017202	-0.0014536	-0.0011671	-0.0008709	-0.0005562	-0.0002194	+0.0001338	+0.0005004	+0.0008710	+0.0012384	+0.0015811	+0.0019046	+0.0022053	+0.0024838	+0.0027438	+0.0029827	+0.0031958	+0.0033950	+0.0035829
2015-02	-0.002	-0.0022470	-0.0020220	-0.0017679	-0.0014986	-0.0012091	-0.0009023	-0.0005733	-0.0002181	+0.0001529	+0.0005420	+0.0009311	+0.0013117	+0.0016841	+0.0020318	+0.0023589	+0.0026599	+0.0029366	+0.0031864	+0.0034211	+0.0036318	+0.0038244
