2011-05	-0.021	-0.0022634	-0.0020049	-0.0017320	-0.0014316	-0.0011193	-0.0007897	-0.0004459	-0.0000817	+0.0002985	+0.0006943	+0.0010958	+0.0014959	+0.0018928	+0.0022812	+0.0026475	+0.0029923	+0.0033210	+0.0036229	+0.0039170	+0.0041853	+0.0044294
2011-06	0.014	-0.0021998	-0.0019605	-0.0017031	-0.0014384	-0.0011527	-0.0008475	-0.0005289	-0.0001796	+0.0001940	+0.0005909	+0.0009988	+0.0014196	+0.0018367	+0.0022338	+0.0026098	+0.0029700	+0.0032941	+0.0035850	+0.0038675	+0.0041485	+0.0044119
2011-07	-0.015	-0.0021109	-0.0018954	-0.0016788	-0.0014510	-0.0011935	-0.0009177	-0.0006188	-0.0002939	+0.0000534	+0.0004204	+0.0008036	+0.0011957	+0.0015786	+0.0019471	+0.0022988	+0.0026302	+0.0029431	+0.0032275	+0.0035079	+0.0037740	+0.0040580
2011-08	-0.009	-0.0020984	-0.0019456	-0.0017729	-0.0015932	-0.0014040	-0.0012001	-0.0009839	-0.0007527	-0.0005124	-0.0002559	+0.0000058	+0.0002705	+0.0005277	+0.0007761	+0.0010126	+0.0012393	+0.0014463	+0.0016362	+0.0018157	+0.0019849	+0.0021464
2011-09	-0.127	-0.0024143	-0.0022409	-0.0020344	-0.0018300	-0.0016209	-0.0013993	-0.0011576	-0.0009091	-0.0006430	-0.0003746	-0.0001041	+0.0001640	+0.0004233	+0.0006648	+0.0008915	+0.0010984	+0.0012889	+0.0014646	+0.0016217	+0.0017743	+0.0019041
2011-10	0.076	-0.0054843	-0.0051974	-0.0049139	-0.0046251	-0.0043138	-0.0039818	-0.0036203	-0.0032300	-0.0028203	-0.0023904	-0.0019472	-0.0014965	-0.0010334	-0.0005561	-0.0000724	+0.0004003	+0.0008506	+0.0012750	+0.0016706	+0.0020490	+0.0024080
2011-11	-0.056	-0.0053587	-0.0050816	-0.0047923	-0.0044713	-0.0041400	-0.0037827	-0.0034004	-0.0029758	-0.0025268	-0.0020516	-0.0015543	-0.0010504	-0.0005479	-0.0000546	+0.0004169	+0.0008538	+0.0012850	+0.0016888	+0.0020710	+0.0024511	+0.0028098
2011-12	0.012	-0.0058558	-0.0055700	-0.0052704	-0.0049401	-0.0045847	-0.0041895	-0.0037674	-0.0033060	-0.0028033	-0.0022655	-0.0017126	-0.0011460	-0.0005773	-0.0000240	+0.0004989	+0.0009912	+0.0014500	+0.0018764	+0.0022845	+0.0026730	+0.0030721
2012-01	0.061	-0.0053518	-0.0050280	-0.0047091	-0.0043441	-0.0039622	-0.0035527	-0.0031082	-0.0026318	-0.0021215	-0.0015876	-0.0010309	-0.0004628	+0.0000834	+0.0006178	+0.0011227	+0.0016087	+0.0020662	+0.0024835	+0.0028643	+0.0032379	+0.0035953
2012-02	0.092	-0.0026037	-0.0023054	-0.0019907	-0.0016647	-0.0013286	-0.0009521	-0.0005508	-0.0001299	+0.0003228	+0.0007946	+0.0012711	+0.0017507	+0.0022098	+0.0026538	+0.0030614	+0.0034454	+0.0038001	+0.0041403	+0.0044615	+0.0047573	+0.0050300
2012-03	-0.051	-0.0018697	-0.0016281	-0.0013813	-0.0011258	-0.0008472	-0.0005569	-0.0002363	+0.0000987	+0.0004553	+0.0008249	+0.0011972	+0.0015632	+0.0019195	+0.0022566	+0.0025625	+0.0028451	+0.0030974	+0.0033295	+0.0035438	+0.0037475	+0.0039238
2012-04	-0.033	-0.0018984	-0.0016464	-0.0013554	-0.0010709	-0.0007645	-0.0004573	-0.0001391	+0.0002004	+0.0005529	+0.0009168	+0.0012747	+0.0016136	+0.0019303	+0.0022218	+0.0024940	+0.0027391	+0.0029632	+0.0031603	+0.0033433	+0.0035104	+0.0036671
2012-05	-0.057	-0.0021247	-0.0018866	-0.0016269	-0.0013629	-0.0010822	-0.0007915	-0.0004803	-0.0001654	+0.0001722	+0.0005132	+0.0008549	+0.0011846	+0.0015020	+0.0017993	+0.0020817	+0.0023322	+0.0025612	+0.0027808	+0.0029828	+0.0031720	+0.0033389
2012-06	-0.023	-0.0034497	-0.0032727	-0.0030832	-0.0028678	-0.0026442	-0.0023927	-0.0021281	-0.0018395	-0.0015295	-0.0011909	-0.0008395	-0.0004782	-0.0001216	+0.0002305	+0.0005678	+0.0008830	+0.0011775	+0.0014506	+0.0017167	+0.0019763	+0.0022328
2012-07	0.043	-0.0039253	-0.0037819	-0.0036255	-0.0034698	-0.0032950	-0.0031096	-0.0029087	-0.0026924	-0.0024514	-0.0021946	-0.0019221	-0.0016258	-0.0012935	-0.0008954	-0.0004766	-0.0000986	+0.0002510	+0.0005726	+0.0009182	+0.0012794	+0.0016371
2012-08	0.005	-0.0031947	-0.0030307	-0.0028569	-0.0026763	-0.0024714	-0.0022572	-0.0020225	-0.0017694	-0.0014964	-0.0012116	-0.0009061	-0.0005959	-0.0002886	+0.0000081	+0.0002931	+0.0005666	+0.0008244	+0.0010749	+0.0013095	+0.0015408	+0.0017513
2012-09	0.005	-0.0021983	-0.0020433	-0.0018710	-0.0016894	-0.0014981	-0.0013032	-0.0010947	-0.0008681	-0.0006284	-0.0003787	-0.0001220	+0.0001328	+0.0003798	+0.0006103	+0.0008237	+0.0010238	+0.0012086	+0.0013775	+0.0015453	+0.0016886	+0.0018214
2012-10	0.035	-0.0009674	-0.0008535	-0.0007335	-0.0006092	-0.0004750	-0.0003318	-0.0001773	-0.0000166	+0.0001512	+0.0003297	+0.0005117	+0.0006977	+0.0008827	+0.0010626	+0.0012358	+0.0013991	+0.0015511	+0.0017005	+0.0018396	+0.0019656	+0.0020891
2012-11	-0.000	-0.0009503	-0.0008023	-0.0006445	-0.0004868	-0.0003352	-0.0001782	-0.0000126	+0.0001587	+0.0003257	+0.0004812	+0.0006253	+0.0007579	+0.0008811	+0.0009958	+0.0011026	+0.0012006	+0.0012908	+0.0013753	+0.0014538	+0.0015308	+0.0016043
2012-12	0.060	-0.0008728	-0.0007461	-0.0006123	-0.0004693	-0.0003267	-0.0001781	-0.0000291	+0.0001293	+0.0002852	+0.0004378	+0.0005871	+0.0007251	+0.0008547	+0.0009721	+0.0010821	+0.0011828	+0.0012754	+0.0013594	+0.0014367	+0.0015088	+0.0015706
2013-01	0.057	-0.0007543	-0.0006086	-0.0004494	-0.0002849	-0.0001110	+0.0000642	+0.0002468	+0.0004361	+0.0006261	+0.0008124	+0.0009922	+0.0011646	+0.0013234	+0.0014725	+0.0016163	+0.0017522	+0.0018767	+0.0019937	+0.0021074	+0.0022177	+0.0023173
2013-02	0.021	-0.0014999	-0.0011640	-0.0007991	-0.0004860	-0.0001809	+0.0001228	+0.0004884	+0.0008995	+0.0012597	+0.0015680	+0.0018475	+0.0021051	+0.0023508	+0.0025804	+0.0027969	+0.0030014	+0.0031935	+0.0033667	+0.0035421	+0.0037053	+0.0038569
2013-03	0.011	-0.0024347	-0.0019792	-0.0014383	-0.0009820	-0.0005951	-0.0001856	+0.0002808	+0.0008508	+0.0013343	+0.0017206	+0.0020603	+0.0023701	+0.0026604	+0.0029252	+0.0031669	+0.0033990	+0.0036093	+0.0038017	+0.0039874	+0.0041671	+0.0043266
2013-04	0.058	-0.0024789	-0.0020030	-0.0015321	-0.0010892	-0.0006497	-0.0001920	+0.0003058	+0.0008510	+0.0013797	+0.0018406	+0.0022431	+0.0026044	+0.0029335	+0.0032350	+0.0035118	+0.0037605	+0.0039962	+0.0042127	+0.0044131	+0.0045992	+0.0047683
2013-05	-0.031	-0.0025931	-0.0021911	-0.0017804	-0.0013584	-0.0009126	-0.0004645	+0.0000044	+0.0004702	+0.0009343	+0.0013933	+0.0018341	+0.0022567	+0.0026632	+0.0030489	+0.0034055	+0.0037444	+0.0040688	+0.0043715	+0.0046704	+0.0049399	+0.0051906
2013-06	-0.078	-0.0024875	-0.0022436	-0.0019754	-0.0017003	-0.0014113	-0.0011089	-0.0007881	-0.0004453	-0.0000859	+0.0002978	+0.0006976	+0.0011007	+0.0014959	+0.0018835	+0.0022437	+0.0025816	+0.0029086	+0.0032150	+0.0035091	+0.0038010	+0.0040582
2013-07	-0.019	-0.0046314	-0.0043902	-0.0041315	-0.0038525	-0.0035576	-0.0032360	-0.0028803	-0.0024888	-0.0020604	-0.0016003	-0.0011119	-0.0006212	-0.0001254	+0.0003489	+0.0008122	+0.0012516	+0.0016601	+0.0020317	+0.0024064	+0.0027533	+0.0030723
2013-08	-0.028	-0.0044191	-0.0041735	-0.0039029	-0.0036268	-0.0033185	-0.0029983	-0.0026385	-0.0022566	-0.0018359	-0.0013836	-0.0009164	-0.0004453	+0.0000137	+0.0004566	+0.0008835	+0.0012987	+0.0016780	+0.0020370	+0.0023689	+0.0026871	+0.0030072
2013-09	0.040	-0.0055237	-0.0053114	-0.0050667	-0.0048157	-0.0045380	-0.0042459	-0.0039233	-0.0035637	-0.0031755	-0.0027593	-0.0023103	-0.0018233	-0.0012919	-0.0007189	-0.0001172	+0.0004647	+0.0010050	+0.0015246	+0.0020497	+0.0026026	+0.0031357
2013-10	0.040	-0.0038130	-0.0035638	-0.0033099	-0.0030476	-0.0027641	-0.0024532	-0.0021167	-0.0017606	-0.0013794	-0.0009779	-0.0005675	-0.0001646	+0.0002252	+0.0005990	+0.0009482	+0.0012720	+0.0015772	+0.0018528	+0.0021207	+0.0023730	+0.0026072
2013-11	-0.013	-0.0021996	-0.0020023	-0.0018004	-0.0015812	-0.0013449	-0.0010962	-0.0008149	-0.0005162	-0.0002048	+0.0001184	+0.0004463	+0.0007718	+0.0010907	+0.0013905	+0.0016697	+0.0019315	+0.0021615	+0.0023763	+0.0025775	+0.0027712	+0.0029507
2013-12	0.010	-0.0022704	-0.0020476	-0.0018254	-0.0015723	-0.0013108	-0.0010324	-0.0007332	-0.0004169	-0.0000839	+0.0002583	+0.0006092	+0.0009534	+0.0012869	+0.0016060	+0.0019006	+0.0021699	+0.0024107	+0.0026338	+0.0028463	+0.0030549	+0.0032436
2014-01	-0.013	-0.0019323	-0.0016966	-0.0014524	-0.0011953	-0.0009339	-0.0006520	-0.0003616	-0.0000560	+0.0002649	+0.0005937	+0.0009216	+0.0012397	+0.0015373	+0.0018150	+0.0020676	+0.0023057	+0.0025203	+0.0027200	+0.0029066	+0.0030814	+0.0032407
2014-02	0.035	-0.0020840	-0.0019212	-0.0017480	-0.0015560	-0.0013525	-0.0011356	-0.0009041	-0.0006580	-0.0003944	-0.0001234	+0.0001558	+0.0004353	+0.0007044	+0.0009584	+0.0011871	+0.0014020	+0.0016005	+0.0017845	+0.0019558	+0.0021151	+0.0022496
2014-03	0.035	-0.0013514	-0.0011814	-0.0010141	-0.0008368	-0.0006501	-0.0004488	-0.0002382	-0.0000154	+0.0002136	+0.0004496	+0.0006937	+0.0009308	+0.0011621	+0.0013787	+0.0015819	+0.0017717	+0.0019443	+0.0021068	+0.0022603	+0.0023972	+0.0025234
2014-04	0.019	-0.0010411	-0.0008891	-0.0007212	-0.0005524	-0.0003744	-0.0001792	+0.0000239	+0.0002346	+0.0004556	+0.0006889	+0.0009211	+0.0011464	+0.0013613	+0.0015655	+0.0017557	+0.0019278	+0.0020837	+0.0022283	+0.0023600	+0.0024835	+0.0025939
2014-05	0.019	-0.0013224	-0.0011196	-0.0009233	-0.0007105	-0.0004889	-0.0002507	-0.0000026	+0.0002519	+0.0005159	+0.0007832	+0.0010507	+0.0013089	+0.0015523	+0.0017846	+0.0019990	+0.0021986	+0.0023838	+0.0025553	+0.0027107	+0.0028572	+0.0030084
2014-06	0.012	-0.0015673	-0.0012592	-0.0008963	-0.0005929	-0.0003114	-0.0000297	+0.0002981	+0.0007045	+0.0010524	+0.0013339	+0.0015721	+0.0017875	+0.0019852	+0.0021742	+0.0023489	+0.0025094	+0.0026557	+0.0027922	+0.0029239	+0.0030598	+0.0031805
2014-07	0.002	-0.0010868	-0.0008829	-0.0006740	-0.0004747	-0.0002716	-0.0000526	+0.0001746	+0.0004001	+0.0006272	+0.0008520	+0.0010734	+0.0012861	+0.0014865	+0.0016760	+0.0018535	+0.0020159	+0.0021655	+0.0022960	+0.0024224	+0.0025396	+0.0026544
2014-08	0.022	-0.0008099	-0.0006842	-0.0005562	-0.0004231	-0.0002833	-0.0001413	+0.0000059	+0.0001594	+0.0003137	+0.0004634	+0.0006092	+0.0007456	+0.0008743	+0.0009945	+0.0011075	+0.0012091	+0.0013002	+0.0013849	+0.0014645	+0.0015347	+0.0016028
2014-09	-0.025	-0.0008501	-0.0007375	-0.0006122	-0.0004872	-0.0003552	-0.0002175	-0.0000763	+0.0000716	+0.0002244	+0.0003789	+0.0005278	+0.0006739	+0.0008134	+0.0009433	+0.0010633	+0.0011713	+0.0012737	+0.0013658	+0.0014525	+0.0015354	+0.0016068
2014-10	0.020	-0.0010367	-0.0009337	-0.0008262	-0.0007104	-0.0005776	-0.0004391	-0.0002917	-0.0001331	+0.0000334	+0.0002075	+0.0003800	+0.0005525	+0.0007177	+0.0008773	+0.0010235	+0.0011574	+0.0012800	+0.0013912	+0.0014940	+0.0015903	+0.0016782
2014-11	0.033	-0.0015344	-0.0014202	-0.0013004	-0.0011701	-0.0010221	-0.0008689	-0.0007046	-0.0005288	-0.0003383	-0.0001398	+0.0000654	+0.0002731	+0.0004748	+0.0006661	+0.0008455	+0.0010079	+0.0011565	+0.0012964	+0.0014220	+0.0015434	+0.0016643
2014-12	-0.024	-0.0013934	-0.0012437	-0.0010811	-0.0009200	-0.0007427	-0.0005507	-0.0003462	-0.0001267	+0.0001143	+0.0003714	+0.0006398	+0.0009094	+0.0011729	+0.0014287	+0.0016663	+0.0018827	+0.0020861	+0.0022873	+0.0024825	+0.0026567	+0.0028167
2015-01	0.033	-0.0023361	-0.0021631	-0.0019992	-0.0018139	-0.0016250	-0.0014144	-0.0011849	-0.0009371	-0.0006724	-0.0003931	-0.0001012	+0.0001916	+0.0004806	+0.0007591	+0.0010201	+0.0012662	+0.0014989	+0.0017161	+0.0019185	+0.0021012	+0.0022683
2015-02	-0.027	-0.0019116	-0.0016978	-0.0014711	-0.0012378	-0.0009825	-0.0007074	-0.0004206	-0.0001179	+0.0001913	+0.0005154	+0.0008360	+0.0011536	+0.0014606	+0.0017424	+0.0020032	+0.0022417	+0.0024618	+0.0026648	+0.0028477	+0.0030204	+0.0031992
