2011-05	-0.002	-0.0060529	-0.0056119	-0.0051632	-0.0046953	-0.0041903	-0.0036676	-0.0031122	-0.0025367	-0.0019352	-0.0013390	-0.0007606	-0.0001988	+0.0003328	+0.0008395	+0.0013216	+0.0017885	+0.0022133	+0.0026321	+0.0030362	+0.0034147	+0.0037976
2011-06	-0.029	-0.0058133	-0.0053471	-0.0048516	-0.0043310	-0.0038086	-0.0032303	-0.0026709	-0.0020876	-0.0014942	-0.0008948	-0.0003170	+0.0002272	+0.0007355	+0.0012200	+0.0016864	+0.0021316	+0.0025575	+0.0029723	+0.0033649	+0.0037169	+0.0040866
2011-07	-0.024	-0.0058741	-0.0054378	-0.0049824	-0.0044933	-0.0039794	-0.0034409	-0.0028939	-0.0023459	-0.0017900	-0.0012320	-0.0006983	-0.0002023	+0.0002793	+0.0007448	+0.0011888	+0.0016085	+0.0020056	+0.0023840	+0.0027414	+0.0030932	+0.0034369
2011-08	-0.004	-0.0021821	-0.0020809	-0.0019628	-0.0018352	-0.0016987	-0.0015542	-0.0013925	-0.0012167	-0.0010317	-0.0008361	-0.0006312	-0.0004271	-0.0002277	-0.0000344	+0.0001509	+0.0003278	+0.0004913	+0.0006436	+0.0007913	+0.0009267	+0.0010567
2011-09	-0.047	-0.0032555	-0.0030634	-0.0028579	-0.0026388	-0.0024156	-0.0021796	-0.0019288	-0.0016601	-0.0013831	-0.0010877	-0.0007848	-0.0004834	-0.0001819	+0.0001096	+0.0003909	+0.0006573	+0.0009104	+0.0011475	+0.0013575	+0.0015547	+0.0017590
2011-10	-0.025	-0.0038622	-0.0036726	-0.0034749	-0.0032569	-0.0030286	-0.0027874	-0.0025313	-0.0022564	-0.0019624	-0.0016490	-0.0013145	-0.0009672	-0.0006086	-0.0002497	+0.0001055	+0.0004386	+0.0007517	+0.0010512	+0.0013320	+0.0015903	+0.0018691
2011-11	-0.050	-0.0042263	-0.0040335	-0.0038153	-0.0035929	-0.0033538	-0.0031021	-0.0028220	-0.0025188	-0.0021843	-0.0018291	-0.0014494	-0.0010567	-0.0006499	-0.0002437	+0.0001476	+0.0005245	+0.0008992	+0.0012565	+0.0016062	+0.0019685	+0.0023074
2011-12	-0.010	-0.0050912	-0.0048951	-0.0046827	-0.0044451	-0.0041740	-0.0038778	-0.0035550	-0.0032020	-0.0028242	-0.0024068	-0.0019678	-0.0015050	-0.0010301	-0.0005495	-0.0000789	+0.0003906	+0.0008393	+0.0012530	+0.0016591	+0.0020862	+0.0025101
2012-01	0.019	-0.0045069	-0.0043170	-0.0041262	-0.0039242	-0.0036993	-0.0034605	-0.0031917	-0.0028857	-0.0025528	-0.0021831	-0.0017778	-0.0013384	-0.0008844	-0.0004147	+0.0000480	+0.0005065	+0.0009357	+0.0013556	+0.0017633	+0.0021619	+0.0025207
2012-02	0.101	-0.0034397	-0.0032544	-0.0030411	-0.0028099	-0.0025567	-0.0022772	-0.0019796	-0.0016564	-0.0013035	-0.0009301	-0.0005492	-0.0001603	+0.0002195	+0.0005791	+0.0009249	+0.0012593	+0.0015798	+0.0018750	+0.0021639	+0.0024415	+0.0027192
2012-03	0.032	-0.0023057	-0.0020772	-0.0018506	-0.0015877	-0.0013277	-0.0010414	-0.0007338	-0.0003971	-0.0000402	+0.0003445	+0.0007463	+0.0011448	+0.0015334	+0.0019102	+0.0022622	+0.0025883	+0.0029009	+0.0031931	+0.0034753	+0.0037506	+0.0040096
2012-04	-0.014	-0.0018508	-0.0015520	-0.0012607	-0.0009598	-0.0006306	-0.0002795	+0.0000931	+0.0004703	+0.0008630	+0.0012488	+0.0016315	+0.0020046	+0.0023685	+0.0027122	+0.0030289	+0.0033216	+0.0035900	+0.0038387	+0.0040729	+0.0042955	+0.0044901
2012-05	-0.034	-0.0023089	-0.0019337	-0.0015600	-0.0011632	-0.0007605	-0.0003358	+0.0001014	+0.0005482	+0.0009890	+0.0014164	+0.0018303	+0.0022256	+0.0026038	+0.0029496	+0.0032788	+0.0035761	+0.0038569	+0.0041190	+0.0043779	+0.0046205	+0.0048480
2012-06	0.031	-0.0021645	-0.0019366	-0.0017050	-0.0014630	-0.0012029	-0.0009184	-0.0006074	-0.0002682	+0.0000942	+0.0004797	+0.0008768	+0.0012795	+0.0016746	+0.0020470	+0.0024023	+0.0027353	+0.0030487	+0.0033432	+0.0036189	+0.0038720	+0.0041301
2012-07	-0.008	-0.0023635	-0.0021810	-0.0020001	-0.0018012	-0.0015900	-0.0013583	-0.0011072	-0.0008347	-0.0005371	-0.0002230	+0.0001005	+0.0004225	+0.0007398	+0.0010439	+0.0013295	+0.0015947	+0.0018382	+0.0020603	+0.0022689	+0.0024620	+0.0026343
2012-08	0.027	-0.0024941	-0.0023336	-0.0021743	-0.0020024	-0.0018033	-0.0015946	-0.0013628	-0.0011114	-0.0008393	-0.0005533	-0.0002521	+0.0000479	+0.0003385	+0.0006206	+0.0008850	+0.0011321	+0.0013549	+0.0015707	+0.0017658	+0.0019525	+0.0021444
2012-09	0.042	-0.0018517	-0.0016857	-0.0015148	-0.0013278	-0.0011368	-0.0009253	-0.0006916	-0.0004448	-0.0001863	+0.0000805	+0.0003568	+0.0006330	+0.0008999	+0.0011543	+0.0013932	+0.0016143	+0.0018130	+0.0019982	+0.0021662	+0.0023273	+0.0024755
2012-10	0.025	-0.0009759	-0.0007629	-0.0005566	-0.0003278	-0.0000846	+0.0001638	+0.0004219	+0.0006895	+0.0009599	+0.0012257	+0.0014783	+0.0017189	+0.0019480	+0.0021578	+0.0023541	+0.0025306	+0.0026900	+0.0028342	+0.0029683	+0.0030966	+0.0032126
2012-11	0.011	-0.0010535	-0.0008630	-0.0006749	-0.0004743	-0.0002592	-0.0000459	+0.0001808	+0.0004161	+0.0006528	+0.0008847	+0.0011102	+0.0013208	+0.0015183	+0.0016997	+0.0018627	+0.0020071	+0.0021401	+0.0022605	+0.0023738	+0.0024752	+0.0025733
2012-12	0.041	-0.0016159	-0.0013375	-0.0010382	-0.0007543	-0.0004734	-0.0001919	+0.0001087	+0.0004358	+0.0007558	+0.0010333	+0.0012750	+0.0014938	+0.0016868	+0.0018628	+0.0020221	+0.0021703	+0.0023021	+0.0024267	+0.0025434	+0.0026473	+0.0027431
2013-01	0.085	-0.0011729	-0.0009228	-0.0006646	-0.0004005	-0.0001298	+0.0001422	+0.0004352	+0.0007399	+0.0010408	+0.0013304	+0.0015961	+0.0018375	+0.0020673	+0.0022763	+0.0024674	+0.0026450	+0.0028062	+0.0029520	+0.0030845	+0.0032132	+0.0033262
2013-02	0.055	-0.0011768	-0.0008991	-0.0006163	-0.0003188	-0.0000366	+0.0002723	+0.0006066	+0.0009440	+0.0012786	+0.0015991	+0.0019022	+0.0021912	+0.0024689	+0.0027343	+0.0029845	+0.0032218	+0.0034418	+0.0036477	+0.0038369	+0.0040152	+0.0041833
2013-03	0.187	-0.0020978	-0.0016491	-0.0011795	-0.0007282	-0.0002847	+0.0001653	+0.0006713	+0.0012179	+0.0017133	+0.0021486	+0.0025341	+0.0028942	+0.0032342	+0.0035562	+0.0038488	+0.0041244	+0.0043806	+0.0046058	+0.0048221	+0.0050126	+0.0051901
2013-04	-0.017	-0.0037094	-0.0027606	-0.0012178	-0.0004080	+0.0002183	+0.0008972	+0.0017543	+0.0032162	+0.0044972	+0.0052142	+0.0057943	+0.0063167	+0.0068094	+0.0072589	+0.0076833	+0.0080717	+0.0084238	+0.0087529	+0.0090617	+0.0093546	+0.0096115
2013-05	-0.130	-0.0043838	-0.0035275	-0.0026467	-0.0017808	-0.0009580	-0.0000979	+0.0008255	+0.0018304	+0.0028116	+0.0036766	+0.0044293	+0.0051194	+0.0057493	+0.0063110	+0.0068257	+0.0073052	+0.0077378	+0.0081310	+0.0085047	+0.0088390	+0.0091430
2013-06	0.024	-0.0049599	-0.0044559	-0.0039584	-0.0034340	-0.0028559	-0.0022163	-0.0015413	-0.0008227	-0.0000602	+0.0007226	+0.0015239	+0.0023044	+0.0030556	+0.0037560	+0.0044135	+0.0050213	+0.0055753	+0.0060695	+0.0065496	+0.0069834	+0.0073836
2013-07	-0.047	-0.0064052	-0.0059420	-0.0054418	-0.0049377	-0.0043997	-0.0038129	-0.0031812	-0.0025012	-0.0017773	-0.0010212	-0.0002399	+0.0005348	+0.0012854	+0.0019905	+0.0026527	+0.0032681	+0.0038405	+0.0043773	+0.0048677	+0.0053239	+0.0057445
2013-08	-0.003	-0.0068719	-0.0064623	-0.0060390	-0.0056115	-0.0051398	-0.0046312	-0.0040942	-0.0035141	-0.0028945	-0.0022504	-0.0015986	-0.0009522	-0.0003157	+0.0002807	+0.0008399	+0.0013545	+0.0018342	+0.0022735	+0.0026791	+0.0030552	+0.0033770
2013-09	0.119	-0.0067327	-0.0063772	-0.0059665	-0.0055333	-0.0050736	-0.0046034	-0.0040853	-0.0035478	-0.0029552	-0.0023411	-0.0017126	-0.0010705	-0.0004361	+0.0001838	+0.0007793	+0.0013455	+0.0018664	+0.0023582	+0.0028309	+0.0032969	+0.0037156
2013-10	-0.017	-0.0020952	-0.0018477	-0.0015850	-0.0012881	-0.0009807	-0.0006573	-0.0003009	+0.0000834	+0.0005001	+0.0009422	+0.0013962	+0.0018570	+0.0023138	+0.0027431	+0.0031493	+0.0035330	+0.0038966	+0.0042351	+0.0045598	+0.0048740	+0.0051617
2013-11	-0.001	-0.0022053	-0.0019938	-0.0017815	-0.0015518	-0.0013071	-0.0010461	-0.0007551	-0.0004449	-0.0001155	+0.0002399	+0.0005946	+0.0009533	+0.0013053	+0.0016444	+0.0019647	+0.0022659	+0.0025506	+0.0028167	+0.0030645	+0.0033004	+0.0035285
2013-12	0.031	-0.0019775	-0.0017737	-0.0015554	-0.0013158	-0.0010802	-0.0008117	-0.0005245	-0.0002074	+0.0001235	+0.0004739	+0.0008346	+0.0011968	+0.0015530	+0.0018917	+0.0022104	+0.0025084	+0.0027894	+0.0030475	+0.0032869	+0.0035127	+0.0037169
2014-01	-0.009	-0.0020563	-0.0018205	-0.0015553	-0.0012768	-0.0009845	-0.0006863	-0.0003693	-0.0000367	+0.0003143	+0.0006791	+0.0010471	+0.0014110	+0.0017675	+0.0021048	+0.0024244	+0.0027202	+0.0029962	+0.0032592	+0.0035004	+0.0037225	+0.0039507
2014-02	0.008	-0.0012776	-0.0011552	-0.0010175	-0.0008790	-0.0007265	-0.0005649	-0.0003883	-0.0002014	+0.0000018	+0.0002199	+0.0004453	+0.0006741	+0.0009059	+0.0011288	+0.0013388	+0.0015397	+0.0017267	+0.0019011	+0.0020711	+0.0022326	+0.0023857
2014-03	-0.018	-0.0013408	-0.0012163	-0.0010680	-0.0009146	-0.0007466	-0.0005675	-0.0003774	-0.0001655	+0.0000632	+0.0003023	+0.0005526	+0.0008062	+0.0010551	+0.0012999	+0.0015285	+0.0017424	+0.0019374	+0.0021168	+0.0022875	+0.0024496	+0.0026073
2014-04	0.017	-0.0016070	-0.0014866	-0.0013601	-0.0012186	-0.0010637	-0.0008963	-0.0007159	-0.0005167	-0.0002998	-0.0000727	+0.0001686	+0.0004132	+0.0006547	+0.0008893	+0.0011142	+0.0013287	+0.0015331	+0.0017307	+0.0019143	+0.0020884	+0.0022656
2014-05	0.037	-0.0014074	-0.0012863	-0.0011556	-0.0010219	-0.0008753	-0.0007214	-0.0005551	-0.0003769	-0.0001877	+0.0000123	+0.0002149	+0.0004190	+0.0006140	+0.0007988	+0.0009721	+0.0011306	+0.0012741	+0.0014087	+0.0015379	+0.0016523	+0.0017637
2014-06	0.017	-0.0008826	-0.0007601	-0.0006320	-0.0004873	-0.0003401	-0.0001821	-0.0000122	+0.0001674	+0.0003537	+0.0005459	+0.0007407	+0.0009301	+0.0011093	+0.0012798	+0.0014335	+0.0015761	+0.0017061	+0.0018275	+0.0019383	+0.0020405	+0.0021371
2014-07	0.007	-0.0009587	-0.0008186	-0.0006754	-0.0005238	-0.0003700	-0.0002053	-0.0000299	+0.0001549	+0.0003470	+0.0005417	+0.0007358	+0.0009244	+0.0011057	+0.0012755	+0.0014315	+0.0015749	+0.0017048	+0.0018235	+0.0019332	+0.0020326	+0.0021394
2014-08	0.016	-0.0009854	-0.0008083	-0.0006140	-0.0004393	-0.0002596	-0.0000748	+0.0001184	+0.0003220	+0.0005199	+0.0007046	+0.0008795	+0.0010413	+0.0011931	+0.0013345	+0.0014633	+0.0015795	+0.0016898	+0.0017884	+0.0018796	+0.0019693	+0.0020545
2014-09	0.008	-0.0009526	-0.0007400	-0.0005340	-0.0003521	-0.0001825	+0.0000038	+0.0002278	+0.0004642	+0.0006689	+0.0008448	+0.0010014	+0.0011521	+0.0012919	+0.0014216	+0.0015431	+0.0016535	+0.0017565	+0.0018513	+0.0019385	+0.0020241	+0.0021026
2014-10	0.021	-0.0006871	-0.0005699	-0.0004589	-0.0003380	-0.0002126	-0.0000806	+0.0000559	+0.0001930	+0.0003316	+0.0004709	+0.0006070	+0.0007400	+0.0008677	+0.0009882	+0.0011024	+0.0012088	+0.0013073	+0.0014003	+0.0014900	+0.0015705	+0.0016553
2014-11	0.048	-0.0007569	-0.0006743	-0.0005890	-0.0004934	-0.0003947	-0.0002892	-0.0001750	-0.0000522	+0.0000812	+0.0002235	+0.0003682	+0.0005148	+0.0006571	+0.0007929	+0.0009239	+0.0010484	+0.0011680	+0.0012746	+0.0013752	+0.0014687	+0.0015565
2014-12	0.029	-0.0011178	-0.0009143	-0.0007145	-0.0004997	-0.0002812	-0.0000533	+0.0001833	+0.0004287	+0.0006775	+0.0009294	+0.0011776	+0.0014185	+0.0016462	+0.0018654	+0.0020701	+0.0022630	+0.0024443	+0.0026154	+0.0027737	+0.0029210	+0.0030657
2015-01	-0.004	-0.0014011	-0.0011492	-0.0008803	-0.0006194	-0.0003553	-0.0000679	+0.0002298	+0.0005336	+0.0008428	+0.0011375	+0.0014212	+0.0016933	+0.0019484	+0.0021890	+0.0024122	+0.0026175	+0.0028044	+0.0029814	+0.0031493	+0.0032952	+0.0034477
2015-02	-0.023	-0.0021253	-0.0017615	-0.0013930	-0.0010181	-0.0006493	-0.0002685	+0.0001197	+0.0005418	+0.0009500	+0.0013323	+0.0016903	+0.0020226	+0.0023291	+0.0026084	+0.0028586	+0.0030910	+0.0033021	+0.0034964	+0.0036922	+0.0038685	+0.0040205
