2013-03	-0.003	-0.0007811	-0.0007180	-0.0006543	-0.0005855	-0.0005133	-0.0004365	-0.0003565	-0.0002723	-0.0001829	-0.0000916	-0.0000014	+0.0000874	+0.0001705	+0.0002473	+0.0003170	+0.0003797	+0.0004367	+0.0004877	+0.0005336	+0.0005767	+0.0006149
2013-04	0.010	-0.0006282	-0.0005805	-0.0005300	-0.0004750	-0.0004181	-0.0003585	-0.0002965	-0.0002303	-0.0001619	-0.0000925	-0.0000226	+0.0000442	+0.0001084	+0.0001674	+0.0002215	+0.0002712	+0.0003162	+0.0003577	+0.0003940	+0.0004293	+0.0004611
2013-05	-0.021	-0.0007602	-0.0007152	-0.0006639	-0.0006085	-0.0005504	-0.0004867	-0.0004182	-0.0003462	-0.0002699	-0.0001886	-0.0001046	-0.0000200	+0.0000620	+0.0001413	+0.0002151	+0.0002854	+0.0003515	+0.0004137	+0.0004714	+0.0005283	+0.0005832
2013-06	-0.044	-0.0008185	-0.0007603	-0.0006943	-0.0006228	-0.0005490	-0.0004697	-0.0003888	-0.0003020	-0.0002111	-0.0001200	-0.0000270	+0.0000658	+0.0001552	+0.0002409	+0.0003195	+0.0003935	+0.0004627	+0.0005278	+0.0005909	+0.0006519	+0.0007100
2013-07	0.014	-0.0026919	-0.0025562	-0.0024110	-0.0022463	-0.0020892	-0.0019147	-0.0017268	-0.0015304	-0.0013275	-0.0011191	-0.0009053	-0.0006926	-0.0004823	-0.0002777	-0.0000795	+0.0001113	+0.0002981	+0.0004774	+0.0006495	+0.0008117	+0.0009589
2013-08	-0.021	-0.0025252	-0.0023713	-0.0022071	-0.0020364	-0.0018511	-0.0016567	-0.0014519	-0.0012309	-0.0010031	-0.0007637	-0.0005268	-0.0002923	-0.0000623	+0.0001568	+0.0003590	+0.0005463	+0.0007153	+0.0008745	+0.0010187	+0.0011469	+0.0012688
2013-09	0.022	-0.0028440	-0.0027087	-0.0025641	-0.0024125	-0.0022500	-0.0020738	-0.0018820	-0.0016750	-0.0014571	-0.0012214	-0.0009767	-0.0007286	-0.0004790	-0.0002306	+0.0000203	+0.0002639	+0.0005001	+0.0007194	+0.0009284	+0.0011118	+0.0013153
2013-10	0.025	-0.0022194	-0.0020669	-0.0019081	-0.0017391	-0.0015543	-0.0013593	-0.0011471	-0.0009230	-0.0006926	-0.0004485	-0.0002032	+0.0000422	+0.0002825	+0.0005057	+0.0007151	+0.0009115	+0.0010919	+0.0012581	+0.0014152	+0.0015672	+0.0017196
2013-11	-0.015	-0.0010382	-0.0009221	-0.0008001	-0.0006735	-0.0005411	-0.0003992	-0.0002494	-0.0000840	+0.0000890	+0.0002724	+0.0004627	+0.0006516	+0.0008366	+0.0010107	+0.0011787	+0.0013339	+0.0014782	+0.0016120	+0.0017396	+0.0018552	+0.0019544
2013-12	0.001	-0.0010622	-0.0009745	-0.0008833	-0.0007860	-0.0006798	-0.0005656	-0.0004436	-0.0003062	-0.0001572	+0.0000029	+0.0001661	+0.0003319	+0.0004965	+0.0006555	+0.0008086	+0.0009518	+0.0010836	+0.0012062	+0.0013241	+0.0014365	+0.0015386
2014-01	0.001	-0.0007418	-0.0006444	-0.0005399	-0.0004285	-0.0003180	-0.0001968	-0.0000649	+0.0000741	+0.0002217	+0.0003776	+0.0005385	+0.0006972	+0.0008538	+0.0010030	+0.0011432	+0.0012779	+0.0013979	+0.0015100	+0.0016177	+0.0017174	+0.0018085
2014-02	0.020	-0.0008765	-0.0007980	-0.0007128	-0.0006239	-0.0005285	-0.0004264	-0.0003201	-0.0002075	-0.0000906	+0.0000310	+0.0001567	+0.0002785	+0.0003986	+0.0005103	+0.0006124	+0.0007077	+0.0007955	+0.0008795	+0.0009565	+0.0010290	+0.0010929
2014-03	0.001	-0.0006935	-0.0006245	-0.0005522	-0.0004780	-0.0003958	-0.0003068	-0.0002153	-0.0001202	-0.0000187	+0.0000867	+0.0001914	+0.0002937	+0.0003937	+0.0004860	+0.0005719	+0.0006489	+0.0007214	+0.0007848	+0.0008449	+0.0008998	+0.0009488
2014-04	0.004	-0.0005974	-0.0005272	-0.0004549	-0.0003737	-0.0002912	-0.0002004	-0.0001044	-0.0000039	+0.0001064	+0.0002176	+0.0003294	+0.0004396	+0.0005445	+0.0006390	+0.0007272	+0.0008057	+0.0008763	+0.0009417	+0.0009985	+0.0010509	+0.0011005
2014-05	0.028	-0.0007382	-0.0006591	-0.0005749	-0.0004898	-0.0003966	-0.0002945	-0.0001888	-0.0000753	+0.0000449	+0.0001681	+0.0002920	+0.0004133	+0.0005282	+0.0006375	+0.0007360	+0.0008271	+0.0009102	+0.0009857	+0.0010555	+0.0011220	+0.0011848
2014-06	0.007	-0.0007407	-0.0006215	-0.0004922	-0.0003567	-0.0002156	-0.0000695	+0.0000760	+0.0002243	+0.0003764	+0.0005199	+0.0006543	+0.0007777	+0.0008891	+0.0009891	+0.0010803	+0.0011611	+0.0012338	+0.0013003	+0.0013611	+0.0014159	+0.0014665
2014-07	-0.008	-0.0005337	-0.0004394	-0.0003485	-0.0002474	-0.0001433	-0.0000363	+0.0000745	+0.0001889	+0.0003098	+0.0004308	+0.0005477	+0.0006601	+0.0007639	+0.0008601	+0.0009485	+0.0010273	+0.0010965	+0.0011615	+0.0012225	+0.0012803	+0.0013330
2014-08	0.011	-0.0005575	-0.0004740	-0.0003876	-0.0002997	-0.0002018	-0.0001013	+0.0000014	+0.0001032	+0.0002029	+0.0002989	+0.0003902	+0.0004745	+0.0005545	+0.0006303	+0.0007002	+0.0007652	+0.0008249	+0.0008779	+0.0009298	+0.0009773	+0.0010208
2014-09	-0.022	-0.0006328	-0.0005465	-0.0004571	-0.0003573	-0.0002587	-0.0001551	-0.0000492	+0.0000626	+0.0001744	+0.0002865	+0.0003966	+0.0005058	+0.0006069	+0.0007011	+0.0007851	+0.0008632	+0.0009341	+0.0010019	+0.0010620	+0.0011152	+0.0011631
2014-10	0.011	-0.0008297	-0.0007760	-0.0007169	-0.0006551	-0.0005891	-0.0005181	-0.0004419	-0.0003573	-0.0002675	-0.0001721	-0.0000741	+0.0000229	+0.0001177	+0.0002083	+0.0002931	+0.0003727	+0.0004452	+0.0005120	+0.0005743	+0.0006344	+0.0006894
2014-11	-0.026	-0.0009071	-0.0008525	-0.0007940	-0.0007326	-0.0006618	-0.0005862	-0.0005025	-0.0004122	-0.0003153	-0.0002138	-0.0001082	-0.0000032	+0.0001002	+0.0002013	+0.0002975	+0.0003865	+0.0004695	+0.0005488	+0.0006236	+0.0006893	+0.0007540
2014-12	-0.056	-0.0014295	-0.0013415	-0.0012486	-0.0011512	-0.0010418	-0.0009278	-0.0008059	-0.0006789	-0.0005450	-0.0004060	-0.0002671	-0.0001261	+0.0000090	+0.0001397	+0.0002600	+0.0003742	+0.0004814	+0.0005827	+0.0006751	+0.0007583	+0.0008405
2015-01	-0.023	-0.0034441	-0.0032919	-0.0031157	-0.0029379	-0.0027312	-0.0025213	-0.0023042	-0.0020628	-0.0018082	-0.0015387	-0.0012578	-0.0009663	-0.0006632	-0.0003507	-0.0000356	+0.0002734	+0.0005565	+0.0008337	+0.0011107	+0.0013673	+0.0016052
2015-02	0.007	-0.0036956	-0.0035096	-0.0033152	-0.0031210	-0.0029172	-0.0027027	-0.0024638	-0.0022070	-0.0019302	-0.0016396	-0.0013318	-0.0010170	-0.0006928	-0.0003675	-0.0000396	+0.0002779	+0.0005808	+0.0008745	+0.0011611	+0.0014440	+0.0017444
