2012-03	0.002	-0.0031224	-0.0026069	-0.0020794	-0.0015435	-0.0009727	-0.0003693	+0.0002621	+0.0009146	+0.0015770	+0.0022240	+0.0028487	+0.0034411	+0.0039756	+0.0044514	+0.0048770	+0.0052606	+0.0056096	+0.0059303	+0.0062061	+0.0064802	+0.0067335
2012-04	-0.006	-0.0027163	-0.0022878	-0.0018233	-0.0013443	-0.0008603	-0.0003466	+0.0001736	+0.0007072	+0.0012630	+0.0018067	+0.0023492	+0.0028569	+0.0033275	+0.0037581	+0.0041506	+0.0045083	+0.0048327	+0.0051299	+0.0053960	+0.0056483	+0.0058957
2012-05	-0.145	-0.0024522	-0.0021074	-0.0017569	-0.0013805	-0.0010095	-0.0006149	-0.0002040	+0.0002440	+0.0007070	+0.0011763	+0.0016426	+0.0020979	+0.0025202	+0.0029236	+0.0032924	+0.0036299	+0.0039363	+0.0042181	+0.0044747	+0.0047165	+0.0049436
2012-06	0.049	-0.0048697	-0.0045422	-0.0042041	-0.0038391	-0.0034820	-0.0030902	-0.0026728	-0.0022326	-0.0017636	-0.0012604	-0.0007520	-0.0002493	+0.0002388	+0.0007022	+0.0011274	+0.0015240	+0.0018903	+0.0022328	+0.0025533	+0.0028550	+0.0031261
2012-07	0.066	-0.0055455	-0.0052356	-0.0049056	-0.0045398	-0.0041432	-0.0037146	-0.0032613	-0.0027764	-0.0022573	-0.0017066	-0.0011396	-0.0005571	+0.0000050	+0.0005415	+0.0010547	+0.0015323	+0.0019870	+0.0024011	+0.0027905	+0.0031674	+0.0035070
2012-08	-0.013	-0.0052166	-0.0048780	-0.0045494	-0.0041925	-0.0038015	-0.0033913	-0.0029348	-0.0024356	-0.0019064	-0.0013377	-0.0007489	-0.0001592	+0.0004022	+0.0009491	+0.0014563	+0.0019469	+0.0024003	+0.0028354	+0.0032344	+0.0036027	+0.0039370
2012-09	0.037	-0.0038780	-0.0035964	-0.0032863	-0.0029484	-0.0025885	-0.0022001	-0.0017796	-0.0013258	-0.0008425	-0.0003325	+0.0001906	+0.0007098	+0.0012102	+0.0016905	+0.0021436	+0.0025730	+0.0029542	+0.0033223	+0.0036587	+0.0039595	+0.0042717
2012-10	-0.008	-0.0028629	-0.0024605	-0.0020291	-0.0015896	-0.0011293	-0.0006518	-0.0001414	+0.0003899	+0.0009303	+0.0014565	+0.0019816	+0.0024837	+0.0029516	+0.0033926	+0.0038074	+0.0041887	+0.0045370	+0.0048531	+0.0051596	+0.0054253	+0.0056799
2012-11	0.032	-0.0023641	-0.0021664	-0.0019541	-0.0017325	-0.0014851	-0.0012228	-0.0009411	-0.0006289	-0.0003015	+0.0000505	+0.0004082	+0.0007713	+0.0011229	+0.0014601	+0.0017759	+0.0020724	+0.0023578	+0.0026214	+0.0028637	+0.0030910	+0.0033108
2012-12	0.043	-0.0023751	-0.0021718	-0.0019627	-0.0017309	-0.0014824	-0.0012013	-0.0009055	-0.0005792	-0.0002337	+0.0001374	+0.0005163	+0.0008954	+0.0012694	+0.0016346	+0.0019771	+0.0022973	+0.0026001	+0.0028734	+0.0031387	+0.0033703	+0.0035988
2013-01	0.115	-0.0023648	-0.0020670	-0.0017681	-0.0014432	-0.0011120	-0.0007697	-0.0004033	-0.0000078	+0.0004032	+0.0008271	+0.0012485	+0.0016628	+0.0020599	+0.0024383	+0.0027849	+0.0030993	+0.0033980	+0.0036616	+0.0039115	+0.0041446	+0.0043441
2013-02	0.009	-0.0023572	-0.0019527	-0.0015207	-0.0010697	-0.0005800	-0.0000782	+0.0004600	+0.0009961	+0.0015394	+0.0020569	+0.0025445	+0.0030111	+0.0034478	+0.0038505	+0.0042207	+0.0045613	+0.0048635	+0.0051480	+0.0054036	+0.0056397	+0.0058687
2013-03	0.065	-0.0034010	-0.0028090	-0.0022202	-0.0016166	-0.0010207	-0.0004082	+0.0002358	+0.0009385	+0.0016181	+0.0022237	+0.0027643	+0.0032530	+0.0036960	+0.0040973	+0.0044630	+0.0047917	+0.0051019	+0.0053788	+0.0056319	+0.0058739	+0.0061069
2013-04	0.048	-0.0031500	-0.0024673	-0.0017041	-0.0010320	-0.0004850	+0.0000732	+0.0007630	+0.0016443	+0.0024583	+0.0030613	+0.0035593	+0.0039978	+0.0044062	+0.0047775	+0.0051212	+0.0054387	+0.0057258	+0.0059883	+0.0062312	+0.0064597	+0.0066659
2013-05	-0.003	-0.0030649	-0.0025607	-0.0020188	-0.0014804	-0.0009310	-0.0003516	+0.0002417	+0.0008515	+0.0014443	+0.0020235	+0.0025827	+0.0031220	+0.0036247	+0.0040951	+0.0045312	+0.0049337	+0.0053027	+0.0056363	+0.0059791	+0.0062859	+0.0065804
2013-06	-0.078	-0.0029274	-0.0025738	-0.0022246	-0.0018543	-0.0014514	-0.0010254	-0.0005817	-0.0001047	+0.0003881	+0.0008828	+0.0013778	+0.0018713	+0.0023529	+0.0028118	+0.0032445	+0.0036574	+0.0040476	+0.0044042	+0.0047440	+0.0050530	+0.0053775
2013-07	0.007	-0.0040290	-0.0037676	-0.0034731	-0.0031622	-0.0028154	-0.0024411	-0.0020422	-0.0016150	-0.0011487	-0.0006538	-0.0001364	+0.0003841	+0.0009002	+0.0014020	+0.0018752	+0.0023236	+0.0027429	+0.0031414	+0.0035080	+0.0038702	+0.0041988
2013-08	-0.047	-0.0040098	-0.0037215	-0.0034292	-0.0031128	-0.0027650	-0.0023989	-0.0020010	-0.0015764	-0.0011267	-0.0006559	-0.0001619	+0.0003340	+0.0008191	+0.0012831	+0.0017257	+0.0021409	+0.0025293	+0.0028899	+0.0032338	+0.0035569	+0.0038580
2013-09	0.061	-0.0046992	-0.0044811	-0.0042377	-0.0039723	-0.0036937	-0.0033826	-0.0030584	-0.0027030	-0.0023187	-0.0019175	-0.0015002	-0.0010742	-0.0006510	-0.0002373	+0.0001494	+0.0005226	+0.0008766	+0.0012153	+0.0015375	+0.0018382	+0.0021245
2013-10	0.039	-0.0035934	-0.0033275	-0.0030630	-0.0027840	-0.0024760	-0.0021434	-0.0017944	-0.0014036	-0.0009951	-0.0005585	-0.0001043	+0.0003546	+0.0008089	+0.0012480	+0.0016689	+0.0020659	+0.0024318	+0.0027714	+0.0030923	+0.0033799	+0.0036666
2013-11	0.024	-0.0028958	-0.0026409	-0.0023693	-0.0020906	-0.0017777	-0.0014365	-0.0010637	-0.0006552	-0.0002184	+0.0002358	+0.0007154	+0.0011967	+0.0016690	+0.0021162	+0.0025542	+0.0029622	+0.0033399	+0.0036952	+0.0040265	+0.0043367	+0.0046529
2013-12	0.027	-0.0025302	-0.0022473	-0.0019569	-0.0016595	-0.0013447	-0.0010014	-0.0006379	-0.0002446	+0.0001730	+0.0006007	+0.0010457	+0.0014944	+0.0019345	+0.0023492	+0.0027448	+0.0031210	+0.0034709	+0.0038102	+0.0041228	+0.0044136	+0.0046968
2014-01	-0.062	-0.0025755	-0.0022570	-0.0018993	-0.0015202	-0.0011201	-0.0006880	-0.0002512	+0.0002052	+0.0006551	+0.0011215	+0.0015881	+0.0020461	+0.0024781	+0.0028914	+0.0032822	+0.0036509	+0.0039879	+0.0043073	+0.0046047	+0.0048744	+0.0051386
2014-02	0.038	-0.0028058	-0.0025623	-0.0022905	-0.0020267	-0.0017317	-0.0014154	-0.0010805	-0.0007216	-0.0003440	+0.0000479	+0.0004489	+0.0008505	+0.0012350	+0.0015936	+0.0019290	+0.0022399	+0.0025268	+0.0027966	+0.0030452	+0.0032687	+0.0034784
2014-03	0.037	-0.0030803	-0.0028197	-0.0025582	-0.0022623	-0.0019494	-0.0016191	-0.0012779	-0.0009071	-0.0005103	-0.0000994	+0.0003215	+0.0007471	+0.0011660	+0.0015670	+0.0019391	+0.0022889	+0.0026073	+0.0029110	+0.0031927	+0.0034494	+0.0037080
2014-04	0.013	-0.0030192	-0.0027581	-0.0024869	-0.0021911	-0.0018763	-0.0015487	-0.0011834	-0.0007881	-0.0003745	+0.0000631	+0.0005066	+0.0009521	+0.0013893	+0.0018052	+0.0021960	+0.0025582	+0.0028966	+0.0032142	+0.0035108	+0.0037760	+0.0040276
2014-05	0.006	-0.0030966	-0.0028368	-0.0025554	-0.0022618	-0.0019487	-0.0016176	-0.0012636	-0.0008863	-0.0004930	-0.0000859	+0.0003362	+0.0007618	+0.0011770	+0.0015762	+0.0019559	+0.0023063	+0.0026380	+0.0029355	+0.0032151	+0.0034791	+0.0037289
2014-06	0.018	-0.0019077	-0.0016183	-0.0013429	-0.0010362	-0.0007132	-0.0003948	-0.0000662	+0.0002830	+0.0006476	+0.0010140	+0.0013886	+0.0017580	+0.0021126	+0.0024533	+0.0027739	+0.0030756	+0.0033619	+0.0036302	+0.0038747	+0.0041125	+0.0043318
2014-07	0.006	-0.0018336	-0.0016013	-0.0013634	-0.0011178	-0.0008611	-0.0005943	-0.0003171	-0.0000265	+0.0002732	+0.0005763	+0.0008759	+0.0011678	+0.0014408	+0.0016941	+0.0019254	+0.0021413	+0.0023364	+0.0025173	+0.0026770	+0.0028266	+0.0029631
2014-08	0.022	-0.0013971	-0.0012465	-0.0010941	-0.0009325	-0.0007591	-0.0005806	-0.0003955	-0.0002025	+0.0000054	+0.0002156	+0.0004289	+0.0006381	+0.0008351	+0.0010241	+0.0011962	+0.0013585	+0.0015025	+0.0016312	+0.0017553	+0.0018657	+0.0019673
2014-09	-0.013	-0.0015495	-0.0013884	-0.0012093	-0.0010273	-0.0008211	-0.0006033	-0.0003746	-0.0001274	+0.0001331	+0.0004049	+0.0006792	+0.0009461	+0.0012037	+0.0014436	+0.0016665	+0.0018692	+0.0020532	+0.0022160	+0.0023730	+0.0025133	+0.0026508
2014-10	0.016	-0.0018770	-0.0017119	-0.0015263	-0.0013390	-0.0011267	-0.0009036	-0.0006692	-0.0004190	-0.0001604	+0.0001075	+0.0003709	+0.0006336	+0.0008834	+0.0011188	+0.0013359	+0.0015390	+0.0017224	+0.0018863	+0.0020472	+0.0021848	+0.0023136
2014-11	0.069	-0.0029873	-0.0027566	-0.0025152	-0.0022588	-0.0019884	-0.0017030	-0.0014005	-0.0010772	-0.0007244	-0.0003575	+0.0000200	+0.0003947	+0.0007542	+0.0010948	+0.0014181	+0.0017174	+0.0019941	+0.0022616	+0.0025058	+0.0027316	+0.0029542
2014-12	-0.010	-0.0025210	-0.0022026	-0.0018592	-0.0014983	-0.0011007	-0.0006860	-0.0002397	+0.0002182	+0.0006911	+0.0011738	+0.0016597	+0.0021306	+0.0025922	+0.0030168	+0.0034069	+0.0037713	+0.0041096	+0.0044309	+0.0047235	+0.0049919	+0.0052484
2015-01	-0.083	-0.0034710	-0.0031761	-0.0028582	-0.0025188	-0.0021523	-0.0017606	-0.0013353	-0.0008698	-0.0003731	+0.0001464	+0.0006681	+0.0011890	+0.0016964	+0.0021813	+0.0026436	+0.0030755	+0.0034790	+0.0038505	+0.0042085	+0.0045470	+0.0048530
2015-02	0.010	-0.0042034	-0.0038984	-0.0035619	-0.0031955	-0.0028112	-0.0023822	-0.0019211	-0.0014243	-0.0008910	-0.0003357	+0.0002381	+0.0008128	+0.0013752	+0.0019029	+0.0023953	+0.0028658	+0.0033049	+0.0037155	+0.0040948	+0.0044449	+0.0047846
