2011-05	-0.022	-0.0021260	-0.0019423	-0.0017450	-0.0015331	-0.0013076	-0.0010563	-0.0007861	-0.0004963	-0.0001872	+0.0001336	+0.0004671	+0.0008057	+0.0011403	+0.0014692	+0.0017725	+0.0020649	+0.0023391	+0.0025856	+0.0028187	+0.0030377	+0.0032440
2011-06	0.001	-0.0021133	-0.0019231	-0.0017284	-0.0015172	-0.0012943	-0.0010553	-0.0007940	-0.0005110	-0.0002066	+0.0001170	+0.0004509	+0.0007860	+0.0011167	+0.0014421	+0.0017434	+0.0020286	+0.0022923	+0.0025418	+0.0027648	+0.0029725	+0.0031690
2011-07	-0.023	-0.0020398	-0.0018801	-0.0017053	-0.0015199	-0.0013210	-0.0011136	-0.0008898	-0.0006469	-0.0003778	-0.0000934	+0.0002062	+0.0005131	+0.0008152	+0.0011103	+0.0013909	+0.0016579	+0.0019044	+0.0021371	+0.0023523	+0.0025579	+0.0027544
2011-08	-0.016	-0.0025421	-0.0024055	-0.0022534	-0.0020928	-0.0019287	-0.0017474	-0.0015590	-0.0013575	-0.0011444	-0.0009170	-0.0006868	-0.0004577	-0.0002378	-0.0000291	+0.0001698	+0.0003511	+0.0005219	+0.0006770	+0.0008265	+0.0009553	+0.0010839
2011-09	-0.097	-0.0025181	-0.0023655	-0.0022054	-0.0020295	-0.0018425	-0.0016474	-0.0014452	-0.0012264	-0.0009938	-0.0007506	-0.0005072	-0.0002652	-0.0000279	+0.0001966	+0.0004095	+0.0006083	+0.0007880	+0.0009584	+0.0011266	+0.0012782	+0.0014225
2011-10	0.054	-0.0049251	-0.0046963	-0.0044434	-0.0041784	-0.0039008	-0.0036085	-0.0032940	-0.0029611	-0.0026015	-0.0022241	-0.0018354	-0.0014393	-0.0010241	-0.0006028	-0.0001634	+0.0002720	+0.0006783	+0.0010679	+0.0014285	+0.0017720	+0.0020966
2011-11	-0.037	-0.0048745	-0.0046152	-0.0043566	-0.0040815	-0.0037846	-0.0034719	-0.0031307	-0.0027545	-0.0023564	-0.0019381	-0.0014962	-0.0010368	-0.0005785	-0.0001304	+0.0003045	+0.0007250	+0.0011155	+0.0014831	+0.0018460	+0.0021922	+0.0025118
2011-12	-0.008	-0.0048489	-0.0046020	-0.0043706	-0.0040959	-0.0038080	-0.0034898	-0.0031408	-0.0027602	-0.0023482	-0.0019032	-0.0014472	-0.0009754	-0.0005133	-0.0000599	+0.0003776	+0.0007996	+0.0011953	+0.0015668	+0.0019235	+0.0022670	+0.0025717
2012-01	0.046	-0.0047429	-0.0044726	-0.0041938	-0.0038935	-0.0035700	-0.0032188	-0.0028409	-0.0024320	-0.0019956	-0.0015354	-0.0010561	-0.0005706	-0.0001022	+0.0003495	+0.0007836	+0.0011920	+0.0015841	+0.0019557	+0.0023175	+0.0026480	+0.0029461
2012-02	0.081	-0.0023181	-0.0021024	-0.0018695	-0.0016184	-0.0013423	-0.0010402	-0.0007150	-0.0003697	+0.0000057	+0.0003953	+0.0008104	+0.0012204	+0.0016228	+0.0020126	+0.0023774	+0.0027142	+0.0030254	+0.0033138	+0.0035900	+0.0038234	+0.0040965
2012-03	-0.003	-0.0018922	-0.0016681	-0.0014534	-0.0012106	-0.0009522	-0.0006796	-0.0003831	-0.0000629	+0.0002759	+0.0006287	+0.0009917	+0.0013508	+0.0016969	+0.0020253	+0.0023286	+0.0026111	+0.0028701	+0.0031038	+0.0033216	+0.0035286	+0.0037189
2012-04	-0.005	-0.0017895	-0.0015272	-0.0012304	-0.0009256	-0.0006094	-0.0002880	+0.0000415	+0.0003858	+0.0007396	+0.0010784	+0.0014126	+0.0017328	+0.0020279	+0.0022990	+0.0025427	+0.0027711	+0.0029780	+0.0031717	+0.0033570	+0.0035286	+0.0036899
2012-05	-0.090	-0.0017505	-0.0014463	-0.0011333	-0.0008199	-0.0004781	-0.0001333	+0.0002237	+0.0005877	+0.0009479	+0.0013051	+0.0016422	+0.0019609	+0.0022533	+0.0025201	+0.0027640	+0.0029851	+0.0031855	+0.0033697	+0.0035438	+0.0037128	+0.0038615
2012-06	0.032	-0.0026268	-0.0024630	-0.0022738	-0.0020787	-0.0018646	-0.0016336	-0.0013898	-0.0011296	-0.0008485	-0.0005528	-0.0002471	+0.0000576	+0.0003564	+0.0006334	+0.0008943	+0.0011409	+0.0013621	+0.0015786	+0.0017862	+0.0019753	+0.0021429
2012-07	0.028	-0.0031710	-0.0030068	-0.0028284	-0.0026345	-0.0024265	-0.0021912	-0.0019416	-0.0016760	-0.0013937	-0.0010967	-0.0007894	-0.0004749	-0.0001630	+0.0001379	+0.0004227	+0.0006999	+0.0009547	+0.0011966	+0.0014133	+0.0016262	+0.0018339
2012-08	0.000	-0.0029847	-0.0028061	-0.0026247	-0.0024297	-0.0022208	-0.0019894	-0.0017384	-0.0014694	-0.0011793	-0.0008675	-0.0005452	-0.0002199	+0.0000966	+0.0004079	+0.0007030	+0.0009766	+0.0012350	+0.0014747	+0.0017049	+0.0019228	+0.0021400
2012-09	0.023	-0.0022686	-0.0021075	-0.0019419	-0.0017638	-0.0015712	-0.0013630	-0.0011343	-0.0008884	-0.0006254	-0.0003472	-0.0000635	+0.0002179	+0.0004888	+0.0007487	+0.0009882	+0.0012139	+0.0014221	+0.0016166	+0.0017912	+0.0019665	+0.0021237
2012-10	0.024	-0.0015357	-0.0013042	-0.0010577	-0.0008136	-0.0005664	-0.0002987	-0.0000119	+0.0002824	+0.0005721	+0.0008483	+0.0011041	+0.0013476	+0.0015756	+0.0017878	+0.0019822	+0.0021569	+0.0023213	+0.0024741	+0.0026129	+0.0027429	+0.0028583
2012-11	0.035	-0.0011752	-0.0010327	-0.0008703	-0.0006958	-0.0005258	-0.0003479	-0.0001656	+0.0000253	+0.0002205	+0.0004277	+0.0006304	+0.0008265	+0.0010144	+0.0011935	+0.0013604	+0.0015161	+0.0016561	+0.0017866	+0.0019078	+0.0020325	+0.0021360
2012-12	0.067	-0.0013581	-0.0011415	-0.0009240	-0.0007070	-0.0004822	-0.0002515	-0.0000143	+0.0002275	+0.0004714	+0.0007110	+0.0009368	+0.0011565	+0.0013635	+0.0015570	+0.0017406	+0.0019087	+0.0020696	+0.0022190	+0.0023562	+0.0024801	+0.0025882
2013-01	0.050	-0.0015741	-0.0012303	-0.0008831	-0.0005480	-0.0002602	+0.0000363	+0.0003744	+0.0007862	+0.0011687	+0.0014806	+0.0017407	+0.0019724	+0.0021883	+0.0023889	+0.0025706	+0.0027371	+0.0028856	+0.0030258	+0.0031536	+0.0032690	+0.0033750
2013-02	0.014	-0.0017361	-0.0013569	-0.0008934	-0.0004489	-0.0000880	+0.0002675	+0.0006759	+0.0012179	+0.0017245	+0.0020903	+0.0023985	+0.0026682	+0.0029128	+0.0031364	+0.0033350	+0.0035206	+0.0036908	+0.0038460	+0.0039870	+0.0041220	+0.0042493
2013-03	0.005	-0.0028094	-0.0023804	-0.0016944	-0.0010462	-0.0005891	-0.0001602	+0.0003241	+0.0010393	+0.0017258	+0.0021770	+0.0025308	+0.0028438	+0.0031201	+0.0033693	+0.0035926	+0.0037974	+0.0039804	+0.0041476	+0.0043017	+0.0044428	+0.0045765
2013-04	0.059	-0.0021510	-0.0017651	-0.0013683	-0.0009821	-0.0005832	-0.0001633	+0.0002760	+0.0007435	+0.0012023	+0.0016101	+0.0019783	+0.0023156	+0.0026265	+0.0029046	+0.0031657	+0.0033933	+0.0036029	+0.0037985	+0.0039778	+0.0041451	+0.0042963
2013-05	-0.020	-0.0024741	-0.0021140	-0.0017459	-0.0013558	-0.0009542	-0.0005395	-0.0001300	+0.0002848	+0.0007087	+0.0011473	+0.0015937	+0.0020316	+0.0024575	+0.0028675	+0.0032637	+0.0036305	+0.0039873	+0.0043169	+0.0046345	+0.0049342	+0.0052161
2013-06	-0.073	-0.0026633	-0.0024136	-0.0021525	-0.0018815	-0.0015983	-0.0012802	-0.0009373	-0.0005839	-0.0002049	+0.0001973	+0.0006181	+0.0010542	+0.0014921	+0.0019164	+0.0023258	+0.0027013	+0.0030624	+0.0033980	+0.0037234	+0.0040336	+0.0043186
2013-07	0.004	-0.0044121	-0.0041397	-0.0038586	-0.0035735	-0.0032635	-0.0029296	-0.0025515	-0.0021491	-0.0017061	-0.0012262	-0.0007310	-0.0002258	+0.0002778	+0.0007766	+0.0012414	+0.0016924	+0.0021160	+0.0025077	+0.0028829	+0.0032450	+0.0035737
2013-08	-0.030	-0.0042132	-0.0039500	-0.0036547	-0.0033476	-0.0030139	-0.0026459	-0.0022605	-0.0018374	-0.0013912	-0.0009123	-0.0004239	+0.0000769	+0.0005738	+0.0010460	+0.0015006	+0.0019360	+0.0023368	+0.0027219	+0.0030707	+0.0034110	+0.0037379
2013-09	0.032	-0.0048685	-0.0046367	-0.0044096	-0.0041469	-0.0038740	-0.0035678	-0.0032390	-0.0028838	-0.0025030	-0.0021031	-0.0016923	-0.0012709	-0.0008508	-0.0004367	-0.0000482	+0.0003312	+0.0006865	+0.0010328	+0.0013520	+0.0016722	+0.0019673
2013-10	0.034	-0.0030846	-0.0028675	-0.0026422	-0.0023960	-0.0021406	-0.0018733	-0.0015874	-0.0012855	-0.0009642	-0.0006269	-0.0002817	+0.0000602	+0.0003912	+0.0007038	+0.0009905	+0.0012620	+0.0015117	+0.0017407	+0.0019549	+0.0021569	+0.0023425
2013-11	0.000	-0.0018287	-0.0016826	-0.0015238	-0.0013540	-0.0011674	-0.0009629	-0.0007460	-0.0005081	-0.0002620	-0.0000004	+0.0002614	+0.0005235	+0.0007793	+0.0010246	+0.0012493	+0.0014521	+0.0016433	+0.0018237	+0.0019857	+0.0021432	+0.0022958
2013-12	0.020	-0.0015947	-0.0014460	-0.0012885	-0.0011221	-0.0009444	-0.0007550	-0.0005576	-0.0003385	-0.0001068	+0.0001380	+0.0003882	+0.0006409	+0.0008846	+0.0011197	+0.0013394	+0.0015487	+0.0017395	+0.0019110	+0.0020753	+0.0022319	+0.0023666
2014-01	-0.065	-0.0014797	-0.0012637	-0.0010411	-0.0008177	-0.0005848	-0.0003322	-0.0000693	+0.0001995	+0.0004707	+0.0007486	+0.0010238	+0.0012872	+0.0015305	+0.0017567	+0.0019617	+0.0021464	+0.0023153	+0.0024652	+0.0026058	+0.0027412	+0.0028589
2014-02	0.012	-0.0020463	-0.0018943	-0.0017423	-0.0015744	-0.0013904	-0.0011966	-0.0009900	-0.0007704	-0.0005383	-0.0003000	-0.0000586	+0.0001789	+0.0004058	+0.0006188	+0.0008130	+0.0009901	+0.0011607	+0.0013128	+0.0014508	+0.0015853	+0.0017019
2014-03	0.025	-0.0022191	-0.0020384	-0.0018614	-0.0016741	-0.0014711	-0.0012653	-0.0010423	-0.0008071	-0.0005639	-0.0003122	-0.0000569	+0.0001928	+0.0004309	+0.0006528	+0.0008538	+0.0010309	+0.0011912	+0.0013405	+0.0014793	+0.0016050	+0.0017281
2014-04	0.007	-0.0023316	-0.0021691	-0.0019947	-0.0018099	-0.0016144	-0.0014092	-0.0011908	-0.0009513	-0.0006973	-0.0004368	-0.0001711	+0.0000908	+0.0003428	+0.0005781	+0.0007943	+0.0009928	+0.0011732	+0.0013436	+0.0014976	+0.0016388	+0.0017680
2014-05	0.020	-0.0022907	-0.0021183	-0.0019416	-0.0017450	-0.0015433	-0.0013315	-0.0011046	-0.0008652	-0.0006175	-0.0003641	-0.0001013	+0.0001607	+0.0004138	+0.0006490	+0.0008683	+0.0010711	+0.0012587	+0.0014341	+0.0015987	+0.0017523	+0.0019010
2014-06	0.006	-0.0012747	-0.0010641	-0.0008608	-0.0006526	-0.0004314	-0.0002000	+0.0000397	+0.0002802	+0.0005211	+0.0007529	+0.0009737	+0.0011843	+0.0013818	+0.0015653	+0.0017371	+0.0018961	+0.0020417	+0.0021818	+0.0023096	+0.0024257	+0.0025305
2014-07	0.001	-0.0011963	-0.0010206	-0.0008414	-0.0006643	-0.0004753	-0.0002856	-0.0000844	+0.0001192	+0.0003246	+0.0005313	+0.0007356	+0.0009360	+0.0011263	+0.0013019	+0.0014654	+0.0016136	+0.0017559	+0.0018848	+0.0020022	+0.0021117	+0.0022156
2014-08	0.004	-0.0007642	-0.0006644	-0.0005593	-0.0004575	-0.0003514	-0.0002385	-0.0001232	-0.0000028	+0.0001195	+0.0002447	+0.0003685	+0.0004889	+0.0006040	+0.0007132	+0.0008155	+0.0009089	+0.0009963	+0.0010765	+0.0011501	+0.0012211	+0.0012884
2014-09	-0.000	-0.0008904	-0.0007968	-0.0006944	-0.0005938	-0.0004827	-0.0003644	-0.0002371	-0.0001017	+0.0000379	+0.0001818	+0.0003251	+0.0004640	+0.0005974	+0.0007212	+0.0008371	+0.0009420	+0.0010387	+0.0011257	+0.0012045	+0.0012775	+0.0013409
2014-10	0.008	-0.0009376	-0.0008512	-0.0007581	-0.0006618	-0.0005566	-0.0004450	-0.0003258	-0.0002024	-0.0000714	+0.0000611	+0.0001937	+0.0003259	+0.0004508	+0.0005676	+0.0006724	+0.0007696	+0.0008601	+0.0009430	+0.0010206	+0.0010850	+0.0011484
2014-11	0.043	-0.0011457	-0.0010625	-0.0009686	-0.0008696	-0.0007658	-0.0006549	-0.0005373	-0.0004102	-0.0002747	-0.0001333	+0.0000090	+0.0001545	+0.0002934	+0.0004240	+0.0005463	+0.0006585	+0.0007628	+0.0008588	+0.0009487	+0.0010349	+0.0011111
2014-12	-0.046	-0.0009695	-0.0008056	-0.0006348	-0.0004678	-0.0002898	-0.0001026	+0.0000894	+0.0002916	+0.0004979	+0.0007071	+0.0009187	+0.0011264	+0.0013258	+0.0015147	+0.0016942	+0.0018562	+0.0020084	+0.0021556	+0.0022906	+0.0024113	+0.0025301
2015-01	-0.014	-0.0025555	-0.0023570	-0.0021428	-0.0019108	-0.0016725	-0.0014185	-0.0011500	-0.0008613	-0.0005637	-0.0002618	+0.0000433	+0.0003391	+0.0006198	+0.0008848	+0.0011311	+0.0013604	+0.0015695	+0.0017639	+0.0019389	+0.0021029	+0.0022602
2015-02	0.004	-0.0027989	-0.0025758	-0.0023532	-0.0021105	-0.0018578	-0.0015861	-0.0013047	-0.0010037	-0.0006927	-0.0003702	-0.0000443	+0.0002731	+0.0005829	+0.0008674	+0.0011373	+0.0013875	+0.0016148	+0.0018294	+0.0020276	+0.0022176	+0.0023924
