2011-05	-0.015	-0.0027319	-0.0025321	-0.0022963	-0.0020407	-0.0017747	-0.0014842	-0.0011666	-0.0008243	-0.0004651	-0.0000857	+0.0003051	+0.0006966	+0.0010775	+0.0014505	+0.0018028	+0.0021334	+0.0024384	+0.0027360	+0.0030014	+0.0032529	+0.0034742
2011-06	-0.005	-0.0027309	-0.0024898	-0.0022427	-0.0019854	-0.0017059	-0.0014025	-0.0010882	-0.0007485	-0.0003884	-0.0000017	+0.0003942	+0.0007941	+0.0011858	+0.0015510	+0.0019062	+0.0022273	+0.0025317	+0.0028129	+0.0030650	+0.0033028	+0.0035222
2011-07	-0.023	-0.0027126	-0.0025080	-0.0022889	-0.0020550	-0.0018100	-0.0015491	-0.0012608	-0.0009582	-0.0006283	-0.0002904	+0.0000619	+0.0004167	+0.0007667	+0.0011088	+0.0014344	+0.0017348	+0.0020190	+0.0022870	+0.0025502	+0.0027836	+0.0030273
2011-08	-0.030	-0.0025403	-0.0024083	-0.0022733	-0.0021238	-0.0019675	-0.0017993	-0.0016162	-0.0014194	-0.0012084	-0.0009854	-0.0007558	-0.0005283	-0.0003088	-0.0000954	+0.0001008	+0.0002855	+0.0004591	+0.0006198	+0.0007720	+0.0009089	+0.0010335
2011-09	-0.071	-0.0025115	-0.0023747	-0.0022241	-0.0020610	-0.0018879	-0.0017102	-0.0015170	-0.0013125	-0.0010952	-0.0008662	-0.0006308	-0.0003923	-0.0001563	+0.0000751	+0.0002971	+0.0005138	+0.0007137	+0.0009124	+0.0010947	+0.0012781	+0.0014340
2011-10	0.044	-0.0042930	-0.0041077	-0.0038939	-0.0036695	-0.0034318	-0.0031791	-0.0029082	-0.0026186	-0.0023075	-0.0019812	-0.0016407	-0.0012884	-0.0009217	-0.0005396	-0.0001286	+0.0002742	+0.0006512	+0.0010092	+0.0013306	+0.0016418	+0.0019775
2011-11	-0.028	-0.0042173	-0.0040059	-0.0037858	-0.0035528	-0.0033080	-0.0030445	-0.0027581	-0.0024438	-0.0021044	-0.0017484	-0.0013733	-0.0009797	-0.0005908	-0.0002102	+0.0001671	+0.0005294	+0.0008655	+0.0011963	+0.0015154	+0.0018079	+0.0020990
2011-12	0.009	-0.0042472	-0.0040351	-0.0038140	-0.0035824	-0.0033252	-0.0030383	-0.0027253	-0.0023852	-0.0020163	-0.0016216	-0.0012113	-0.0007908	-0.0003819	+0.0000178	+0.0004004	+0.0007515	+0.0010896	+0.0013995	+0.0016902	+0.0019788	+0.0022601
2012-01	0.033	-0.0038891	-0.0036476	-0.0033804	-0.0031042	-0.0028156	-0.0025013	-0.0021685	-0.0018036	-0.0014205	-0.0010131	-0.0005946	-0.0001753	+0.0002307	+0.0006177	+0.0009869	+0.0013298	+0.0016592	+0.0019663	+0.0022504	+0.0025143	+0.0027595
2012-02	0.076	-0.0021211	-0.0019080	-0.0016578	-0.0014161	-0.0011413	-0.0008468	-0.0005289	-0.0001904	+0.0001685	+0.0005444	+0.0009360	+0.0013221	+0.0017018	+0.0020593	+0.0023988	+0.0027139	+0.0030069	+0.0032726	+0.0035137	+0.0037383	+0.0039505
2012-03	0.013	-0.0017610	-0.0015601	-0.0013496	-0.0011144	-0.0008655	-0.0006012	-0.0003204	-0.0000176	+0.0003017	+0.0006380	+0.0009798	+0.0013191	+0.0016485	+0.0019609	+0.0022447	+0.0025114	+0.0027489	+0.0029733	+0.0031737	+0.0033695	+0.0035476
2012-04	-0.014	-0.0019083	-0.0015886	-0.0012701	-0.0009323	-0.0005880	-0.0002329	+0.0001449	+0.0005298	+0.0009102	+0.0012766	+0.0016125	+0.0019285	+0.0022167	+0.0024775	+0.0027190	+0.0029336	+0.0031342	+0.0033203	+0.0034929	+0.0036498	+0.0038043
2012-05	-0.078	-0.0018820	-0.0015876	-0.0012671	-0.0009551	-0.0006214	-0.0002752	+0.0000834	+0.0004511	+0.0008240	+0.0011917	+0.0015381	+0.0018710	+0.0021809	+0.0024632	+0.0027200	+0.0029532	+0.0031619	+0.0033496	+0.0035292	+0.0036934	+0.0038463
2012-06	0.028	-0.0026207	-0.0024324	-0.0022293	-0.0020203	-0.0017942	-0.0015487	-0.0012909	-0.0010115	-0.0007154	-0.0004037	-0.0000851	+0.0002351	+0.0005481	+0.0008442	+0.0011151	+0.0013727	+0.0016051	+0.0018292	+0.0020391	+0.0022372	+0.0024226
2012-07	0.025	-0.0031892	-0.0030182	-0.0028292	-0.0026246	-0.0024102	-0.0021703	-0.0019105	-0.0016342	-0.0013468	-0.0010436	-0.0007292	-0.0004066	-0.0000962	+0.0002052	+0.0004893	+0.0007572	+0.0010029	+0.0012334	+0.0014468	+0.0016483	+0.0018454
2012-08	0.007	-0.0030802	-0.0028974	-0.0027078	-0.0025066	-0.0022974	-0.0020726	-0.0018318	-0.0015723	-0.0012906	-0.0009904	-0.0006792	-0.0003666	-0.0000629	+0.0002333	+0.0005144	+0.0007769	+0.0010228	+0.0012457	+0.0014663	+0.0016855	+0.0018578
2012-09	0.010	-0.0020732	-0.0019148	-0.0017408	-0.0015663	-0.0013805	-0.0011773	-0.0009557	-0.0007173	-0.0004652	-0.0002000	+0.0000702	+0.0003360	+0.0005956	+0.0008411	+0.0010749	+0.0012917	+0.0014925	+0.0016797	+0.0018403	+0.0019938	+0.0021342
2012-10	0.035	-0.0015108	-0.0012917	-0.0010616	-0.0008318	-0.0005900	-0.0003302	-0.0000564	+0.0002265	+0.0004972	+0.0007601	+0.0010069	+0.0012447	+0.0014668	+0.0016732	+0.0018663	+0.0020478	+0.0022147	+0.0023690	+0.0025071	+0.0026435	+0.0027639
2012-11	0.040	-0.0011214	-0.0009662	-0.0008000	-0.0006240	-0.0004573	-0.0002796	-0.0000954	+0.0000926	+0.0002877	+0.0004842	+0.0006821	+0.0008745	+0.0010584	+0.0012285	+0.0013881	+0.0015351	+0.0016699	+0.0017939	+0.0019078	+0.0020206	+0.0021223
2012-12	0.055	-0.0015611	-0.0013055	-0.0010534	-0.0008142	-0.0005502	-0.0002843	-0.0000044	+0.0002783	+0.0005636	+0.0008337	+0.0010851	+0.0013217	+0.0015422	+0.0017502	+0.0019408	+0.0021167	+0.0022798	+0.0024295	+0.0025694	+0.0027048	+0.0028232
2013-01	0.061	-0.0015827	-0.0012617	-0.0008881	-0.0005400	-0.0002363	+0.0000599	+0.0004062	+0.0008364	+0.0012401	+0.0015605	+0.0018247	+0.0020624	+0.0022814	+0.0024801	+0.0026660	+0.0028393	+0.0029971	+0.0031458	+0.0032847	+0.0034188	+0.0035411
2013-02	0.016	-0.0019450	-0.0015411	-0.0009880	-0.0005014	-0.0001223	+0.0002529	+0.0006956	+0.0013135	+0.0018740	+0.0022652	+0.0025854	+0.0028773	+0.0031463	+0.0033913	+0.0036168	+0.0038256	+0.0040246	+0.0042051	+0.0043698	+0.0045301	+0.0046757
2013-03	0.024	-0.0030896	-0.0025921	-0.0018942	-0.0012415	-0.0007404	-0.0002799	+0.0002564	+0.0009832	+0.0016698	+0.0021557	+0.0025472	+0.0028930	+0.0032029	+0.0034881	+0.0037530	+0.0039889	+0.0042018	+0.0044013	+0.0045813	+0.0047444	+0.0049102
2013-04	0.050	-0.0022796	-0.0018399	-0.0013804	-0.0009354	-0.0004985	-0.0000387	+0.0004644	+0.0010048	+0.0015235	+0.0019815	+0.0023950	+0.0027689	+0.0031090	+0.0034202	+0.0037018	+0.0039620	+0.0041922	+0.0044034	+0.0046032	+0.0047867	+0.0049665
2013-05	0.014	-0.0025251	-0.0021463	-0.0017429	-0.0013123	-0.0008743	-0.0004305	+0.0000186	+0.0004723	+0.0009326	+0.0013853	+0.0018395	+0.0022864	+0.0027115	+0.0031199	+0.0035045	+0.0038614	+0.0041951	+0.0045177	+0.0048180	+0.0051034	+0.0053792
2013-06	-0.052	-0.0026664	-0.0023421	-0.0020189	-0.0016701	-0.0013051	-0.0009228	-0.0005253	-0.0001095	+0.0003176	+0.0007602	+0.0012088	+0.0016553	+0.0020956	+0.0025258	+0.0029293	+0.0033085	+0.0036511	+0.0039800	+0.0042856	+0.0045796	+0.0048512
2013-07	0.004	-0.0035105	-0.0032556	-0.0029894	-0.0027141	-0.0024156	-0.0020856	-0.0017334	-0.0013484	-0.0009292	-0.0004839	-0.0000115	+0.0004618	+0.0009347	+0.0013933	+0.0018248	+0.0022275	+0.0026143	+0.0029921	+0.0033402	+0.0036723	+0.0039816
2013-08	-0.018	-0.0033325	-0.0030838	-0.0027989	-0.0025045	-0.0021865	-0.0018487	-0.0014763	-0.0010719	-0.0006474	-0.0001986	+0.0002659	+0.0007406	+0.0012137	+0.0016675	+0.0020993	+0.0025074	+0.0028898	+0.0032553	+0.0035914	+0.0039259	+0.0042363
2013-09	0.022	-0.0038805	-0.0036486	-0.0034236	-0.0031661	-0.0028886	-0.0026015	-0.0023023	-0.0019803	-0.0016332	-0.0012660	-0.0008905	-0.0005110	-0.0001459	+0.0002048	+0.0005393	+0.0008429	+0.0011198	+0.0013935	+0.0016433	+0.0018870	+0.0021002
2013-10	0.022	-0.0028306	-0.0026209	-0.0023976	-0.0021594	-0.0019040	-0.0016379	-0.0013583	-0.0010681	-0.0007612	-0.0004415	-0.0001111	+0.0002111	+0.0005251	+0.0008226	+0.0010994	+0.0013599	+0.0016035	+0.0018247	+0.0020302	+0.0022171	+0.0023936
2013-11	0.026	-0.0018579	-0.0017218	-0.0015813	-0.0014225	-0.0012563	-0.0010837	-0.0008929	-0.0006878	-0.0004669	-0.0002332	+0.0000055	+0.0002462	+0.0004768	+0.0006994	+0.0009116	+0.0011066	+0.0012902	+0.0014558	+0.0016139	+0.0017578	+0.0018990
2013-12	0.033	-0.0012437	-0.0010983	-0.0009442	-0.0007785	-0.0006107	-0.0004320	-0.0002373	-0.0000339	+0.0001796	+0.0003998	+0.0006228	+0.0008454	+0.0010597	+0.0012642	+0.0014570	+0.0016362	+0.0018006	+0.0019579	+0.0021112	+0.0022565	+0.0023935
2014-01	-0.042	-0.0015220	-0.0012983	-0.0010500	-0.0007926	-0.0005502	-0.0002850	+0.0000010	+0.0003049	+0.0005932	+0.0008596	+0.0011022	+0.0013252	+0.0015275	+0.0017121	+0.0018812	+0.0020373	+0.0021809	+0.0023110	+0.0024360	+0.0025493	+0.0026511
2014-02	0.007	-0.0015148	-0.0013500	-0.0011826	-0.0009985	-0.0007956	-0.0005876	-0.0003667	-0.0001373	+0.0001057	+0.0003500	+0.0005877	+0.0008217	+0.0010433	+0.0012453	+0.0014334	+0.0016036	+0.0017552	+0.0018946	+0.0020176	+0.0021312	+0.0022424
2014-03	0.019	-0.0015826	-0.0014260	-0.0012591	-0.0010732	-0.0008833	-0.0006850	-0.0004702	-0.0002460	-0.0000158	+0.0002202	+0.0004599	+0.0006895	+0.0009092	+0.0011143	+0.0013008	+0.0014719	+0.0016190	+0.0017565	+0.0018809	+0.0019895	+0.0020890
2014-04	0.002	-0.0019521	-0.0017953	-0.0016250	-0.0014496	-0.0012631	-0.0010680	-0.0008612	-0.0006426	-0.0004096	-0.0001672	+0.0000754	+0.0003149	+0.0005404	+0.0007542	+0.0009483	+0.0011244	+0.0012857	+0.0014347	+0.0015673	+0.0016869	+0.0018079
2014-05	0.011	-0.0022527	-0.0020956	-0.0019198	-0.0017341	-0.0015436	-0.0013376	-0.0011225	-0.0008869	-0.0006487	-0.0003925	-0.0001334	+0.0001257	+0.0003739	+0.0006147	+0.0008396	+0.0010451	+0.0012359	+0.0014179	+0.0015875	+0.0017478	+0.0018940
2014-06	-0.002	-0.0012155	-0.0010775	-0.0009280	-0.0007702	-0.0006032	-0.0004252	-0.0002335	-0.0000303	+0.0001807	+0.0003994	+0.0006233	+0.0008432	+0.0010560	+0.0012588	+0.0014452	+0.0016207	+0.0017832	+0.0019345	+0.0020764	+0.0022107	+0.0023323
2014-07	0.017	-0.0012348	-0.0011231	-0.0009988	-0.0008644	-0.0007201	-0.0005672	-0.0003988	-0.0002241	-0.0000338	+0.0001632	+0.0003632	+0.0005617	+0.0007564	+0.0009407	+0.0011129	+0.0012744	+0.0014252	+0.0015634	+0.0016906	+0.0018084	+0.0019186
2014-08	0.010	-0.0009447	-0.0008616	-0.0007706	-0.0006745	-0.0005797	-0.0004721	-0.0003630	-0.0002447	-0.0001232	+0.0000030	+0.0001319	+0.0002599	+0.0003831	+0.0004986	+0.0006062	+0.0007056	+0.0007976	+0.0008798	+0.0009566	+0.0010249	+0.0010884
2014-09	0.042	-0.0008655	-0.0007530	-0.0006319	-0.0005040	-0.0003714	-0.0002302	-0.0000840	+0.0000689	+0.0002267	+0.0003896	+0.0005541	+0.0007166	+0.0008696	+0.0010145	+0.0011490	+0.0012724	+0.0013858	+0.0014913	+0.0015905	+0.0016803	+0.0017698
2014-10	0.003	-0.0011999	-0.0010134	-0.0008181	-0.0006302	-0.0004346	-0.0002277	-0.0000033	+0.0002284	+0.0004495	+0.0006655	+0.0008695	+0.0010596	+0.0012397	+0.0014044	+0.0015584	+0.0017005	+0.0018254	+0.0019408	+0.0020444	+0.0021412	+0.0022332
2014-11	0.071	-0.0013978	-0.0012259	-0.0010492	-0.0008727	-0.0006817	-0.0004850	-0.0002687	-0.0000438	+0.0001996	+0.0004437	+0.0006871	+0.0009252	+0.0011514	+0.0013627	+0.0015553	+0.0017316	+0.0018915	+0.0020424	+0.0021795	+0.0023015	+0.0024226
2014-12	-0.003	-0.0018085	-0.0014429	-0.0010877	-0.0007243	-0.0003547	+0.0000226	+0.0004191	+0.0008320	+0.0012266	+0.0016114	+0.0019768	+0.0023208	+0.0026402	+0.0029416	+0.0032214	+0.0034793	+0.0037186	+0.0039451	+0.0041621	+0.0043635	+0.0045613
2015-01	-0.014	-0.0022537	-0.0019485	-0.0016444	-0.0013237	-0.0009900	-0.0006461	-0.0002837	+0.0000938	+0.0004879	+0.0008942	+0.0013002	+0.0016931	+0.0020678	+0.0024216	+0.0027472	+0.0030388	+0.0033061	+0.0035669	+0.0038057	+0.0040238	+0.0042382
2015-02	-0.007	-0.0023582	-0.0021161	-0.0018658	-0.0015902	-0.0013055	-0.0009961	-0.0006603	-0.0003024	+0.0000670	+0.0004599	+0.0008621	+0.0012614	+0.0016565	+0.0020286	+0.0023794	+0.0027021	+0.0030145	+0.0033046	+0.0035657	+0.0038172	+0.0040324
