2012-05	-0.076	-0.0017762	-0.0015804	-0.0013849	-0.0011709	-0.0009388	-0.0006944	-0.0004418	-0.0001742	+0.0001051	+0.0003931	+0.0006890	+0.0009801	+0.0012635	+0.0015297	+0.0017722	+0.0019959	+0.0022061	+0.0024007	+0.0025845	+0.0027507	+0.0029136
2012-06	0.012	-0.0027058	-0.0025287	-0.0023582	-0.0021613	-0.0019571	-0.0017422	-0.0015061	-0.0012579	-0.0009904	-0.0007094	-0.0004184	-0.0001238	+0.0001600	+0.0004261	+0.0006752	+0.0009066	+0.0011261	+0.0013297	+0.0015272	+0.0017135	+0.0018931
2012-07	0.024	-0.0031669	-0.0030254	-0.0028619	-0.0026843	-0.0024963	-0.0022872	-0.0020668	-0.0018201	-0.0015616	-0.0012863	-0.0009912	-0.0006905	-0.0003898	-0.0000992	+0.0001813	+0.0004545	+0.0007132	+0.0009616	+0.0012030	+0.0014327	+0.0016520
2012-08	0.005	-0.0030706	-0.0029086	-0.0027505	-0.0025775	-0.0023878	-0.0021872	-0.0019658	-0.0017197	-0.0014543	-0.0011701	-0.0008651	-0.0005596	-0.0002496	+0.0000575	+0.0003533	+0.0006380	+0.0009093	+0.0011769	+0.0014233	+0.0016513	+0.0018747
2012-09	0.017	-0.0021749	-0.0020200	-0.0018621	-0.0016917	-0.0015128	-0.0013174	-0.0011015	-0.0008707	-0.0006281	-0.0003733	-0.0001079	+0.0001538	+0.0004113	+0.0006566	+0.0008866	+0.0010972	+0.0012896	+0.0014696	+0.0016331	+0.0017837	+0.0019237
2012-10	0.010	-0.0013281	-0.0011511	-0.0009605	-0.0007598	-0.0005584	-0.0003461	-0.0001202	+0.0001194	+0.0003613	+0.0006125	+0.0008591	+0.0011004	+0.0013251	+0.0015391	+0.0017377	+0.0019238	+0.0020927	+0.0022516	+0.0023985	+0.0025293	+0.0026528
2012-11	0.027	-0.0012019	-0.0010794	-0.0009472	-0.0008184	-0.0006789	-0.0005295	-0.0003729	-0.0002050	-0.0000283	+0.0001564	+0.0003433	+0.0005313	+0.0007141	+0.0008852	+0.0010464	+0.0011952	+0.0013316	+0.0014616	+0.0015860	+0.0016953	+0.0017993
2012-12	0.049	-0.0011398	-0.0009828	-0.0008297	-0.0006682	-0.0004985	-0.0003223	-0.0001437	+0.0000480	+0.0002505	+0.0004560	+0.0006625	+0.0008626	+0.0010570	+0.0012390	+0.0014100	+0.0015661	+0.0017113	+0.0018470	+0.0019673	+0.0020791	+0.0021875
2013-01	0.054	-0.0011811	-0.0009757	-0.0007593	-0.0005357	-0.0003029	-0.0000671	+0.0001853	+0.0004493	+0.0007062	+0.0009563	+0.0011893	+0.0014046	+0.0016025	+0.0017864	+0.0019519	+0.0021015	+0.0022370	+0.0023581	+0.0024685	+0.0025715	+0.0026611
2013-02	0.005	-0.0015146	-0.0012149	-0.0008650	-0.0005340	-0.0002169	+0.0000992	+0.0004546	+0.0008668	+0.0012568	+0.0015773	+0.0018522	+0.0021004	+0.0023272	+0.0025395	+0.0027310	+0.0029054	+0.0030672	+0.0032167	+0.0033569	+0.0034907	+0.0036087
2013-03	0.018	-0.0023238	-0.0019237	-0.0014323	-0.0009561	-0.0005640	-0.0001975	+0.0002206	+0.0007592	+0.0012648	+0.0016473	+0.0019610	+0.0022354	+0.0024856	+0.0027106	+0.0029172	+0.0030980	+0.0032688	+0.0034230	+0.0035641	+0.0036988	+0.0038184
2013-04	0.038	-0.0017787	-0.0014285	-0.0010736	-0.0007286	-0.0003866	-0.0000395	+0.0003546	+0.0007886	+0.0011927	+0.0015438	+0.0018551	+0.0021350	+0.0023911	+0.0026288	+0.0028445	+0.0030432	+0.0032180	+0.0033849	+0.0035351	+0.0036811	+0.0038263
2013-05	0.003	-0.0016914	-0.0014547	-0.0011782	-0.0009108	-0.0006276	-0.0003350	-0.0000298	+0.0002813	+0.0006063	+0.0009435	+0.0012795	+0.0016101	+0.0019314	+0.0022350	+0.0025166	+0.0027784	+0.0030200	+0.0032502	+0.0034691	+0.0036667	+0.0038539
2013-06	-0.060	-0.0021342	-0.0019066	-0.0016840	-0.0014367	-0.0011717	-0.0008937	-0.0005984	-0.0002855	+0.0000414	+0.0003788	+0.0007203	+0.0010661	+0.0014014	+0.0017242	+0.0020193	+0.0022989	+0.0025562	+0.0027944	+0.0030248	+0.0032381	+0.0034393
2013-07	0.016	-0.0032545	-0.0030546	-0.0028489	-0.0026089	-0.0023477	-0.0020797	-0.0017845	-0.0014625	-0.0011148	-0.0007487	-0.0003658	+0.0000199	+0.0004018	+0.0007713	+0.0011151	+0.0014418	+0.0017510	+0.0020441	+0.0023061	+0.0025468	+0.0027970
2013-08	-0.018	-0.0030143	-0.0027859	-0.0025598	-0.0023034	-0.0020260	-0.0017286	-0.0014077	-0.0010694	-0.0007065	-0.0003250	+0.0000643	+0.0004568	+0.0008423	+0.0012089	+0.0015554	+0.0018759	+0.0021741	+0.0024564	+0.0027199	+0.0029578	+0.0031765
2013-09	0.032	-0.0034366	-0.0032677	-0.0030786	-0.0028628	-0.0026334	-0.0023930	-0.0021286	-0.0018441	-0.0015412	-0.0012215	-0.0008937	-0.0005640	-0.0002411	+0.0000692	+0.0003626	+0.0006367	+0.0008912	+0.0011309	+0.0013463	+0.0015542	+0.0017469
2013-10	0.025	-0.0022535	-0.0020809	-0.0018938	-0.0016938	-0.0014841	-0.0012571	-0.0010210	-0.0007716	-0.0005012	-0.0002185	+0.0000686	+0.0003566	+0.0006342	+0.0009016	+0.0011523	+0.0013858	+0.0016002	+0.0017965	+0.0019812	+0.0021504	+0.0023132
2013-11	0.009	-0.0014804	-0.0013151	-0.0011522	-0.0009775	-0.0008020	-0.0006135	-0.0004094	-0.0001917	+0.0000365	+0.0002756	+0.0005202	+0.0007669	+0.0010008	+0.0012206	+0.0014272	+0.0016154	+0.0017968	+0.0019612	+0.0021152	+0.0022548	+0.0023885
2013-12	0.017	-0.0013092	-0.0011671	-0.0010171	-0.0008575	-0.0006887	-0.0005150	-0.0003280	-0.0001202	+0.0000930	+0.0003166	+0.0005432	+0.0007701	+0.0009925	+0.0012056	+0.0014011	+0.0015870	+0.0017582	+0.0019178	+0.0020686	+0.0022077	+0.0023441
2014-01	-0.032	-0.0012955	-0.0011218	-0.0009365	-0.0007396	-0.0005364	-0.0003190	-0.0000914	+0.0001447	+0.0003849	+0.0006222	+0.0008610	+0.0010909	+0.0013079	+0.0015069	+0.0016921	+0.0018651	+0.0020239	+0.0021646	+0.0022997	+0.0024198	+0.0025231
2014-02	0.019	-0.0014249	-0.0012985	-0.0011615	-0.0010200	-0.0008661	-0.0007006	-0.0005234	-0.0003355	-0.0001380	+0.0000649	+0.0002724	+0.0004764	+0.0006755	+0.0008577	+0.0010283	+0.0011879	+0.0013340	+0.0014678	+0.0016004	+0.0017203	+0.0018271
2014-03	0.010	-0.0013370	-0.0012056	-0.0010630	-0.0009165	-0.0007619	-0.0005943	-0.0004154	-0.0002261	-0.0000268	+0.0001794	+0.0003853	+0.0005887	+0.0007837	+0.0009668	+0.0011353	+0.0012940	+0.0014350	+0.0015688	+0.0016966	+0.0018119	+0.0019116
2014-04	0.007	-0.0015261	-0.0013989	-0.0012643	-0.0011256	-0.0009724	-0.0008052	-0.0006288	-0.0004463	-0.0002490	-0.0000499	+0.0001567	+0.0003578	+0.0005555	+0.0007388	+0.0009093	+0.0010654	+0.0012046	+0.0013357	+0.0014550	+0.0015673	+0.0016713
2014-05	0.011	-0.0015713	-0.0014332	-0.0012886	-0.0011291	-0.0009711	-0.0007996	-0.0006206	-0.0004300	-0.0002295	-0.0000224	+0.0001895	+0.0004030	+0.0006093	+0.0008058	+0.0009899	+0.0011596	+0.0013184	+0.0014663	+0.0015996	+0.0017223	+0.0018418
2014-06	0.014	-0.0009074	-0.0007740	-0.0006232	-0.0004663	-0.0003035	-0.0001356	+0.0000366	+0.0002184	+0.0004063	+0.0005957	+0.0007825	+0.0009635	+0.0011335	+0.0012942	+0.0014463	+0.0015856	+0.0017174	+0.0018338	+0.0019444	+0.0020550	+0.0021524
2014-07	0.010	-0.0009592	-0.0008313	-0.0007019	-0.0005706	-0.0004320	-0.0002923	-0.0001448	+0.0000093	+0.0001685	+0.0003280	+0.0004829	+0.0006338	+0.0007758	+0.0009084	+0.0010299	+0.0011433	+0.0012466	+0.0013425	+0.0014349	+0.0015149	+0.0015867
2014-08	0.009	-0.0006053	-0.0005068	-0.0004083	-0.0003084	-0.0002128	-0.0001140	-0.0000089	+0.0001024	+0.0002141	+0.0003224	+0.0004264	+0.0005258	+0.0006182	+0.0007010	+0.0007776	+0.0008477	+0.0009103	+0.0009681	+0.0010205	+0.0010699	+0.0011111
2014-09	-0.004	-0.0006585	-0.0005547	-0.0004429	-0.0003273	-0.0002036	-0.0000763	+0.0000534	+0.0001896	+0.0003272	+0.0004584	+0.0005868	+0.0007081	+0.0008177	+0.0009190	+0.0010114	+0.0010938	+0.0011695	+0.0012390	+0.0013029	+0.0013610	+0.0014146
2014-10	0.006	-0.0008584	-0.0007541	-0.0006472	-0.0005348	-0.0004182	-0.0002941	-0.0001681	-0.0000347	+0.0001005	+0.0002391	+0.0003721	+0.0004962	+0.0006148	+0.0007244	+0.0008241	+0.0009163	+0.0010007	+0.0010765	+0.0011452	+0.0012067	+0.0012642
2014-11	0.051	-0.0010513	-0.0009648	-0.0008803	-0.0007859	-0.0006847	-0.0005770	-0.0004595	-0.0003333	-0.0001970	-0.0000528	+0.0000939	+0.0002408	+0.0003837	+0.0005192	+0.0006429	+0.0007594	+0.0008638	+0.0009603	+0.0010542	+0.0011439	+0.0012287
2014-12	-0.011	-0.0010261	-0.0008574	-0.0006846	-0.0004985	-0.0003120	-0.0001140	+0.0000927	+0.0003002	+0.0005189	+0.0007352	+0.0009484	+0.0011605	+0.0013599	+0.0015501	+0.0017242	+0.0018867	+0.0020399	+0.0021836	+0.0023134	+0.0024305	+0.0025433
2015-01	0.002	-0.0015899	-0.0014365	-0.0012748	-0.0010981	-0.0009173	-0.0007258	-0.0005153	-0.0002891	-0.0000504	+0.0001976	+0.0004513	+0.0007015	+0.0009424	+0.0011698	+0.0013835	+0.0015828	+0.0017679	+0.0019431	+0.0021021	+0.0022520	+0.0024010
2015-02	0.002	-0.0015944	-0.0013978	-0.0011976	-0.0009807	-0.0007516	-0.0005150	-0.0002602	+0.0000018	+0.0002716	+0.0005487	+0.0008260	+0.0010963	+0.0013527	+0.0015917	+0.0018135	+0.0020152	+0.0021976	+0.0023708	+0.0025228	+0.0026687	+0.0028066
