2011-05	-0.022	-0.0043491	-0.0040323	-0.0036998	-0.0033341	-0.0029361	-0.0025030	-0.0020227	-0.0014834	-0.0008972	-0.0002745	+0.0003755	+0.0010470	+0.0017103	+0.0023484	+0.0029579	+0.0035411	+0.0040983	+0.0046231	+0.0051004	+0.0055542	+0.0059928
2011-06	-0.011	-0.0036394	-0.0032807	-0.0029022	-0.0025089	-0.0020802	-0.0016225	-0.0011251	-0.0005989	-0.0000290	+0.0005824	+0.0012115	+0.0018482	+0.0024783	+0.0030902	+0.0036644	+0.0042054	+0.0046957	+0.0051609	+0.0055942	+0.0060002	+0.0063901
2011-07	0.040	-0.0031361	-0.0028060	-0.0024616	-0.0021029	-0.0017274	-0.0013128	-0.0008742	-0.0004115	+0.0000956	+0.0006308	+0.0011876	+0.0017492	+0.0023061	+0.0028523	+0.0033742	+0.0038544	+0.0043113	+0.0047402	+0.0051600	+0.0055451	+0.0059132
2011-08	-0.069	-0.0027156	-0.0024866	-0.0022431	-0.0019917	-0.0017368	-0.0014547	-0.0011642	-0.0008474	-0.0005100	-0.0001558	+0.0002088	+0.0005771	+0.0009412	+0.0013005	+0.0016415	+0.0019704	+0.0022871	+0.0025906	+0.0028748	+0.0031617	+0.0034209
2011-09	-0.100	-0.0036595	-0.0034170	-0.0031582	-0.0028744	-0.0025691	-0.0022449	-0.0018925	-0.0015290	-0.0011470	-0.0007584	-0.0003711	+0.0000004	+0.0003525	+0.0006820	+0.0009925	+0.0012761	+0.0015434	+0.0017873	+0.0020073	+0.0022149	+0.0024084
2011-10	0.095	-0.0063892	-0.0060180	-0.0056279	-0.0052279	-0.0048159	-0.0043631	-0.0039035	-0.0034143	-0.0029049	-0.0023815	-0.0018529	-0.0013317	-0.0008374	-0.0003731	+0.0000534	+0.0004453	+0.0007968	+0.0011190	+0.0014226	+0.0017022	+0.0019732
2011-11	-0.015	-0.0060838	-0.0056739	-0.0052483	-0.0048102	-0.0043551	-0.0038888	-0.0033982	-0.0028752	-0.0023103	-0.0017271	-0.0011306	-0.0005510	+0.0000192	+0.0005636	+0.0010754	+0.0015584	+0.0019960	+0.0024100	+0.0027888	+0.0031484	+0.0034777
2011-12	0.011	-0.0059333	-0.0055428	-0.0051492	-0.0047582	-0.0043243	-0.0038591	-0.0033576	-0.0028255	-0.0022618	-0.0016730	-0.0010862	-0.0005094	+0.0000588	+0.0006098	+0.0011233	+0.0016096	+0.0020545	+0.0024745	+0.0028745	+0.0032660	+0.0036208
2012-01	0.044	-0.0047410	-0.0043755	-0.0039841	-0.0035790	-0.0031641	-0.0027308	-0.0022577	-0.0017672	-0.0012469	-0.0007190	-0.0001865	+0.0003356	+0.0008405	+0.0013122	+0.0017572	+0.0021685	+0.0025514	+0.0029091	+0.0032367	+0.0035460	+0.0038236
2012-02	0.074	-0.0019575	-0.0016021	-0.0012530	-0.0009087	-0.0005385	-0.0001223	+0.0002940	+0.0007055	+0.0011219	+0.0015262	+0.0019327	+0.0023354	+0.0027226	+0.0030956	+0.0034478	+0.0037732	+0.0040838	+0.0043772	+0.0046721	+0.0049505	+0.0052251
2012-03	0.061	-0.0014894	-0.0012241	-0.0009551	-0.0006637	-0.0003700	-0.0000623	+0.0002592	+0.0005816	+0.0009054	+0.0012387	+0.0015656	+0.0018873	+0.0021879	+0.0024638	+0.0027242	+0.0029625	+0.0031889	+0.0033995	+0.0035929	+0.0037655	+0.0039350
2012-04	0.021	-0.0025508	-0.0020455	-0.0014944	-0.0009526	-0.0004790	-0.0000417	+0.0004858	+0.0011401	+0.0017515	+0.0022102	+0.0025954	+0.0029395	+0.0032562	+0.0035464	+0.0038073	+0.0040488	+0.0042697	+0.0044686	+0.0046551	+0.0048244	+0.0049844
2012-05	-0.062	-0.0026505	-0.0021892	-0.0016300	-0.0010930	-0.0006207	-0.0001377	+0.0003898	+0.0010071	+0.0016067	+0.0020950	+0.0025078	+0.0028744	+0.0032097	+0.0035116	+0.0037916	+0.0040470	+0.0042860	+0.0044951	+0.0046961	+0.0048832	+0.0050547
2012-06	0.052	-0.0026547	-0.0023625	-0.0020715	-0.0017545	-0.0014214	-0.0010720	-0.0007061	-0.0003159	+0.0000810	+0.0004964	+0.0009173	+0.0013279	+0.0017176	+0.0020844	+0.0024209	+0.0027311	+0.0030169	+0.0032769	+0.0035189	+0.0037416	+0.0039634
2012-07	0.003	-0.0024803	-0.0022493	-0.0020004	-0.0017619	-0.0014920	-0.0012050	-0.0008901	-0.0005577	-0.0002070	+0.0001564	+0.0005307	+0.0009069	+0.0012605	+0.0016004	+0.0019122	+0.0022029	+0.0024688	+0.0027117	+0.0029433	+0.0031623	+0.0033653
2012-08	-0.020	-0.0029227	-0.0026981	-0.0024593	-0.0022130	-0.0019385	-0.0016533	-0.0013467	-0.0010208	-0.0006741	-0.0003115	+0.0000576	+0.0004219	+0.0007744	+0.0011170	+0.0014361	+0.0017256	+0.0019951	+0.0022364	+0.0024648	+0.0026740	+0.0028663
2012-09	0.020	-0.0030612	-0.0028526	-0.0026399	-0.0024098	-0.0021599	-0.0018949	-0.0016089	-0.0013017	-0.0009733	-0.0006351	-0.0002929	+0.0000455	+0.0003741	+0.0006898	+0.0009795	+0.0012540	+0.0015012	+0.0017406	+0.0019615	+0.0021630	+0.0023429
2012-10	0.049	-0.0016275	-0.0014463	-0.0012606	-0.0010680	-0.0008553	-0.0006315	-0.0003878	-0.0001253	+0.0001529	+0.0004439	+0.0007405	+0.0010374	+0.0013223	+0.0015982	+0.0018596	+0.0021006	+0.0023281	+0.0025405	+0.0027352	+0.0029162	+0.0030848
2012-11	0.075	-0.0018567	-0.0016981	-0.0015400	-0.0013554	-0.0011560	-0.0009509	-0.0007316	-0.0004967	-0.0002499	+0.0000057	+0.0002724	+0.0005371	+0.0007930	+0.0010386	+0.0012686	+0.0014837	+0.0016777	+0.0018527	+0.0020191	+0.0021686	+0.0023109
2012-12	0.065	-0.0015845	-0.0013194	-0.0010213	-0.0007276	-0.0004263	-0.0001154	+0.0002179	+0.0005527	+0.0008750	+0.0011830	+0.0014802	+0.0017622	+0.0020295	+0.0022799	+0.0025108	+0.0027261	+0.0029282	+0.0031185	+0.0032983	+0.0034779	+0.0036365
2013-01	0.103	-0.0021006	-0.0016785	-0.0010443	-0.0004610	-0.0000693	+0.0002845	+0.0007062	+0.0013938	+0.0020605	+0.0024591	+0.0027746	+0.0030551	+0.0033148	+0.0035539	+0.0037753	+0.0039806	+0.0041648	+0.0043316	+0.0044910	+0.0046407	+0.0047858
2013-02	0.045	-0.0027611	-0.0022577	-0.0012881	-0.0004955	-0.0000313	+0.0004005	+0.0009543	+0.0019325	+0.0028645	+0.0033537	+0.0037353	+0.0040790	+0.0043952	+0.0046883	+0.0049588	+0.0052038	+0.0054344	+0.0056501	+0.0058447	+0.0060246	+0.0062047
2013-03	0.043	-0.0044050	-0.0038280	-0.0023983	-0.0010062	-0.0004849	+0.0000147	+0.0006381	+0.0019620	+0.0035191	+0.0040594	+0.0044874	+0.0048581	+0.0052035	+0.0055219	+0.0058108	+0.0060728	+0.0063096	+0.0065321	+0.0067344	+0.0069300	+0.0071199
2013-04	0.053	-0.0029555	-0.0023532	-0.0017284	-0.0010890	-0.0004901	+0.0001386	+0.0008186	+0.0015648	+0.0022978	+0.0029375	+0.0034890	+0.0039837	+0.0044355	+0.0048396	+0.0052098	+0.0055458	+0.0058473	+0.0061225	+0.0063747	+0.0066060	+0.0068192
2013-05	0.012	-0.0031632	-0.0026069	-0.0019339	-0.0012686	-0.0006713	-0.0000924	+0.0005357	+0.0012459	+0.0019499	+0.0025603	+0.0030799	+0.0035397	+0.0039514	+0.0043162	+0.0046490	+0.0049495	+0.0052262	+0.0054763	+0.0057047	+0.0059117	+0.0060982
2013-06	-0.076	-0.0035434	-0.0030948	-0.0025572	-0.0020101	-0.0014487	-0.0008866	-0.0003008	+0.0003087	+0.0009095	+0.0014790	+0.0020117	+0.0025013	+0.0029578	+0.0033630	+0.0037276	+0.0040543	+0.0043505	+0.0046277	+0.0048793	+0.0050952	+0.0053063
2013-07	0.026	-0.0045006	-0.0041922	-0.0038605	-0.0034816	-0.0030974	-0.0026945	-0.0022537	-0.0017854	-0.0012875	-0.0007718	-0.0002381	+0.0002974	+0.0008200	+0.0013150	+0.0017765	+0.0022023	+0.0025907	+0.0029548	+0.0032915	+0.0036081	+0.0038853
2013-08	-0.082	-0.0039481	-0.0036331	-0.0032839	-0.0029240	-0.0025371	-0.0021210	-0.0016784	-0.0012085	-0.0007114	-0.0001921	+0.0003346	+0.0008582	+0.0013594	+0.0018406	+0.0022876	+0.0027064	+0.0030944	+0.0034469	+0.0037734	+0.0040908	+0.0043744
2013-09	0.051	-0.0060898	-0.0057899	-0.0054741	-0.0051276	-0.0047514	-0.0043357	-0.0038969	-0.0034235	-0.0029224	-0.0023889	-0.0018346	-0.0012792	-0.0007217	-0.0001849	+0.0003196	+0.0007845	+0.0012170	+0.0016346	+0.0020230	+0.0023710	+0.0026962
2013-10	0.027	-0.0047202	-0.0043777	-0.0040393	-0.0036854	-0.0033054	-0.0029001	-0.0024768	-0.0020166	-0.0015223	-0.0010185	-0.0005043	+0.0000084	+0.0005039	+0.0009687	+0.0013995	+0.0018018	+0.0021693	+0.0025122	+0.0028373	+0.0031525	+0.0034568
2013-11	-0.025	-0.0034191	-0.0031277	-0.0028424	-0.0025520	-0.0022472	-0.0019273	-0.0015764	-0.0012083	-0.0008235	-0.0004265	-0.0000303	+0.0003582	+0.0007243	+0.0010607	+0.0013749	+0.0016627	+0.0019179	+0.0021527	+0.0023647	+0.0025672	+0.0027588
2013-12	-0.025	-0.0034586	-0.0032205	-0.0029445	-0.0026709	-0.0023696	-0.0020442	-0.0017122	-0.0013673	-0.0010016	-0.0006237	-0.0002417	+0.0001299	+0.0004763	+0.0008057	+0.0011120	+0.0013924	+0.0016410	+0.0018725	+0.0020882	+0.0022772	+0.0024654
2014-01	-0.009	-0.0020867	-0.0019243	-0.0017510	-0.0015658	-0.0013710	-0.0011572	-0.0009219	-0.0006713	-0.0004089	-0.0001344	+0.0001484	+0.0004320	+0.0007058	+0.0009713	+0.0012151	+0.0014462	+0.0016610	+0.0018593	+0.0020397	+0.0022037	+0.0023571
2014-02	0.036	-0.0021123	-0.0019796	-0.0018346	-0.0016797	-0.0015178	-0.0013437	-0.0011544	-0.0009550	-0.0007446	-0.0005262	-0.0003012	-0.0000840	+0.0001256	+0.0003218	+0.0005110	+0.0006845	+0.0008467	+0.0009903	+0.0011201	+0.0012422	+0.0013545
2014-03	0.006	-0.0022882	-0.0021287	-0.0019743	-0.0018008	-0.0016183	-0.0014235	-0.0012099	-0.0009776	-0.0007297	-0.0004689	-0.0001989	+0.0000695	+0.0003290	+0.0005728	+0.0007984	+0.0010111	+0.0012089	+0.0013957	+0.0015647	+0.0017214	+0.0018674
2014-04	0.024	-0.0018851	-0.0017345	-0.0015745	-0.0014054	-0.0012246	-0.0010301	-0.0008226	-0.0005957	-0.0003584	-0.0001133	+0.0001396	+0.0003898	+0.0006307	+0.0008636	+0.0010789	+0.0012779	+0.0014579	+0.0016294	+0.0017881	+0.0019356	+0.0020717
2014-05	0.009	-0.0015355	-0.0013260	-0.0011099	-0.0008825	-0.0006601	-0.0004222	-0.0001732	+0.0000848	+0.0003503	+0.0006214	+0.0008966	+0.0011639	+0.0014228	+0.0016641	+0.0018850	+0.0020891	+0.0022776	+0.0024511	+0.0026054	+0.0027636	+0.0029095
2014-06	0.009	-0.0014554	-0.0012078	-0.0009398	-0.0006689	-0.0003897	-0.0001023	+0.0001921	+0.0004955	+0.0007888	+0.0010753	+0.0013479	+0.0016055	+0.0018468	+0.0020709	+0.0022772	+0.0024630	+0.0026390	+0.0027957	+0.0029410	+0.0030810	+0.0032088
2014-07	0.010	-0.0011212	-0.0010016	-0.0008784	-0.0007417	-0.0006008	-0.0004449	-0.0002820	-0.0001081	+0.0000818	+0.0002818	+0.0004853	+0.0006858	+0.0008823	+0.0010727	+0.0012561	+0.0014251	+0.0015802	+0.0017249	+0.0018611	+0.0019877	+0.0021147
2014-08	0.009	-0.0010070	-0.0008995	-0.0007778	-0.0006512	-0.0005200	-0.0003874	-0.0002476	-0.0001002	+0.0000541	+0.0002126	+0.0003709	+0.0005301	+0.0006836	+0.0008292	+0.0009660	+0.0010925	+0.0012129	+0.0013243	+0.0014275	+0.0015258	+0.0016124
2014-09	0.037	-0.0008463	-0.0007425	-0.0006386	-0.0005320	-0.0004218	-0.0003019	-0.0001749	-0.0000386	+0.0001028	+0.0002479	+0.0003942	+0.0005390	+0.0006766	+0.0008061	+0.0009282	+0.0010421	+0.0011484	+0.0012467	+0.0013386	+0.0014158	+0.0014927
2014-10	-0.005	-0.0010055	-0.0008435	-0.0006735	-0.0005153	-0.0003525	-0.0001713	+0.0000142	+0.0002077	+0.0003997	+0.0005780	+0.0007458	+0.0009037	+0.0010520	+0.0011936	+0.0013254	+0.0014484	+0.0015630	+0.0016696	+0.0017698	+0.0018626	+0.0019485
2014-11	0.059	-0.0012910	-0.0011653	-0.0010162	-0.0008662	-0.0007070	-0.0005395	-0.0003645	-0.0001758	+0.0000231	+0.0002256	+0.0004308	+0.0006292	+0.0008205	+0.0009943	+0.0011558	+0.0013039	+0.0014409	+0.0015660	+0.0016856	+0.0017960	+0.0018957
2014-12	0.014	-0.0015418	-0.0012933	-0.0010254	-0.0007515	-0.0004660	-0.0001770	+0.0001234	+0.0004295	+0.0007464	+0.0010582	+0.0013552	+0.0016381	+0.0019093	+0.0021573	+0.0023913	+0.0026032	+0.0028014	+0.0029897	+0.0031625	+0.0033278	+0.0034823
2015-01	0.023	-0.0018407	-0.0015588	-0.0012777	-0.0010121	-0.0007272	-0.0004314	-0.0001283	+0.0001824	+0.0005084	+0.0008380	+0.0011543	+0.0014606	+0.0017525	+0.0020233	+0.0022736	+0.0025024	+0.0027130	+0.0029143	+0.0030890	+0.0032601	+0.0034261
2015-02	-0.006	-0.0015324	-0.0013034	-0.0010602	-0.0008087	-0.0005521	-0.0002877	-0.0000066	+0.0002830	+0.0005880	+0.0008934	+0.0011982	+0.0014966	+0.0017840	+0.0020575	+0.0023091	+0.0025409	+0.0027613	+0.0029654	+0.0031540	+0.0033263	+0.0034777
