2012-11	0.049	-0.0031447	-0.0026206	-0.0021119	-0.0016035	-0.0010609	-0.0005037	+0.0000785	+0.0006942	+0.0012969	+0.0018604	+0.0023927	+0.0028898	+0.0033454	+0.0037705	+0.0041568	+0.0045013	+0.0048132	+0.0050972	+0.0053642	+0.0056143	+0.0058538
2012-12	0.059	-0.0024443	-0.0020441	-0.0015909	-0.0011534	-0.0006963	-0.0002440	+0.0002256	+0.0007127	+0.0011893	+0.0016559	+0.0021017	+0.0025273	+0.0029299	+0.0033058	+0.0036493	+0.0039689	+0.0042709	+0.0045396	+0.0047926	+0.0050249	+0.0052460
2013-01	0.082	-0.0027119	-0.0021698	-0.0015649	-0.0009876	-0.0004852	+0.0000292	+0.0006021	+0.0013102	+0.0019788	+0.0024909	+0.0029196	+0.0033090	+0.0036726	+0.0040093	+0.0043207	+0.0046050	+0.0048716	+0.0051203	+0.0053554	+0.0055640	+0.0057748
2013-02	0.008	-0.0025591	-0.0020899	-0.0013872	-0.0007868	-0.0003232	+0.0001181	+0.0006685	+0.0014294	+0.0021256	+0.0025916	+0.0029694	+0.0033112	+0.0036213	+0.0039096	+0.0041752	+0.0044090	+0.0046235	+0.0048228	+0.0050083	+0.0051820	+0.0053465
2013-03	0.048	-0.0029875	-0.0024817	-0.0017680	-0.0010868	-0.0005806	-0.0000927	+0.0004790	+0.0012456	+0.0019717	+0.0024792	+0.0028876	+0.0032506	+0.0035791	+0.0038787	+0.0041553	+0.0044049	+0.0046335	+0.0048373	+0.0050331	+0.0052186	+0.0053997
2013-04	0.084	-0.0025554	-0.0020428	-0.0014355	-0.0008999	-0.0004614	-0.0000133	+0.0005186	+0.0012193	+0.0018803	+0.0023590	+0.0027485	+0.0030901	+0.0034054	+0.0036943	+0.0039505	+0.0041881	+0.0044114	+0.0046149	+0.0048024	+0.0049657	+0.0051276
2013-05	-0.044	-0.0024706	-0.0019766	-0.0014703	-0.0009848	-0.0005127	-0.0000015	+0.0005776	+0.0011499	+0.0016950	+0.0021796	+0.0026211	+0.0030338	+0.0034198	+0.0037777	+0.0041023	+0.0044125	+0.0046918	+0.0049540	+0.0051892	+0.0054158	+0.0056407
2013-06	-0.058	-0.0027031	-0.0023899	-0.0020658	-0.0017195	-0.0013584	-0.0009767	-0.0005740	-0.0001555	+0.0002660	+0.0007040	+0.0011364	+0.0015693	+0.0019821	+0.0023702	+0.0027323	+0.0030708	+0.0033916	+0.0036870	+0.0039597	+0.0042129	+0.0044488
2013-07	0.033	-0.0033890	-0.0031349	-0.0028706	-0.0025953	-0.0022993	-0.0019759	-0.0016266	-0.0012539	-0.0008436	-0.0004151	+0.0000258	+0.0004742	+0.0009136	+0.0013308	+0.0017371	+0.0021222	+0.0024764	+0.0028062	+0.0031162	+0.0034053	+0.0036599
2013-08	-0.038	-0.0032655	-0.0030370	-0.0027611	-0.0024700	-0.0021589	-0.0018244	-0.0014627	-0.0010759	-0.0006661	-0.0002320	+0.0002112	+0.0006589	+0.0010969	+0.0015185	+0.0019092	+0.0022695	+0.0026028	+0.0029142	+0.0032055	+0.0034753	+0.0037354
2013-09	0.091	-0.0042918	-0.0040785	-0.0038459	-0.0035963	-0.0033331	-0.0030577	-0.0027572	-0.0024349	-0.0020895	-0.0017224	-0.0013392	-0.0009517	-0.0005665	-0.0001831	+0.0001808	+0.0005270	+0.0008522	+0.0011544	+0.0014312	+0.0016960	+0.0019794
2013-10	0.045	-0.0022970	-0.0020792	-0.0018258	-0.0015735	-0.0012980	-0.0010097	-0.0006991	-0.0003695	-0.0000093	+0.0003648	+0.0007507	+0.0011374	+0.0015112	+0.0018641	+0.0021991	+0.0025165	+0.0028138	+0.0030844	+0.0033319	+0.0035685	+0.0037763
2013-11	0.022	-0.0025141	-0.0021718	-0.0018178	-0.0014617	-0.0010883	-0.0006905	-0.0002824	+0.0001416	+0.0005514	+0.0009572	+0.0013574	+0.0017450	+0.0021162	+0.0024717	+0.0028020	+0.0031120	+0.0033979	+0.0036593	+0.0039064	+0.0041292	+0.0043414
2013-12	0.020	-0.0021971	-0.0018387	-0.0014825	-0.0011289	-0.0007606	-0.0003733	+0.0000347	+0.0004448	+0.0008661	+0.0012896	+0.0017118	+0.0021196	+0.0025132	+0.0028752	+0.0032046	+0.0035075	+0.0037896	+0.0040441	+0.0042940	+0.0045249	+0.0047278
2014-01	0.004	-0.0025511	-0.0021173	-0.0017109	-0.0012888	-0.0008538	-0.0003895	+0.0001152	+0.0006315	+0.0011282	+0.0015653	+0.0019654	+0.0023393	+0.0026928	+0.0030203	+0.0033198	+0.0035923	+0.0038492	+0.0040843	+0.0043114	+0.0045258	+0.0047127
2014-02	0.019	-0.0022277	-0.0019169	-0.0015901	-0.0012502	-0.0008949	-0.0005261	-0.0001478	+0.0002518	+0.0006445	+0.0010299	+0.0014078	+0.0017716	+0.0021125	+0.0024250	+0.0027124	+0.0029773	+0.0032253	+0.0034464	+0.0036610	+0.0038506	+0.0040418
2014-03	0.064	-0.0020784	-0.0018824	-0.0016842	-0.0014710	-0.0012306	-0.0009825	-0.0007175	-0.0004382	-0.0001471	+0.0001536	+0.0004598	+0.0007589	+0.0010434	+0.0013111	+0.0015592	+0.0017882	+0.0019907	+0.0021787	+0.0023435	+0.0025061	+0.0026533
2014-04	-0.036	-0.0018247	-0.0015892	-0.0013325	-0.0010516	-0.0007660	-0.0004582	-0.0001324	+0.0002026	+0.0005571	+0.0009201	+0.0012787	+0.0016313	+0.0019717	+0.0022939	+0.0025878	+0.0028605	+0.0031087	+0.0033446	+0.0035677	+0.0037665	+0.0039526
2014-05	-0.002	-0.0022789	-0.0020785	-0.0018615	-0.0016290	-0.0013780	-0.0011144	-0.0008383	-0.0005322	-0.0002071	+0.0001392	+0.0004951	+0.0008539	+0.0011976	+0.0015256	+0.0018338	+0.0021239	+0.0023892	+0.0026423	+0.0028738	+0.0031041	+0.0033055
2014-06	0.017	-0.0016390	-0.0014525	-0.0012570	-0.0010555	-0.0008357	-0.0006102	-0.0003657	-0.0000965	+0.0001839	+0.0004806	+0.0007839	+0.0010855	+0.0013782	+0.0016638	+0.0019370	+0.0021899	+0.0024265	+0.0026468	+0.0028588	+0.0030537	+0.0032346
2014-07	-0.019	-0.0018922	-0.0017339	-0.0015729	-0.0013955	-0.0012063	-0.0010019	-0.0007888	-0.0005606	-0.0003228	-0.0000699	+0.0001893	+0.0004482	+0.0007018	+0.0009523	+0.0011880	+0.0014073	+0.0016095	+0.0018046	+0.0019894	+0.0021575	+0.0023223
2014-08	0.006	-0.0019860	-0.0018581	-0.0017241	-0.0015831	-0.0014360	-0.0012829	-0.0011197	-0.0009469	-0.0007605	-0.0005664	-0.0003701	-0.0001754	+0.0000128	+0.0001938	+0.0003637	+0.0005243	+0.0006738	+0.0008133	+0.0009442	+0.0010759	+0.0011949
2014-09	-0.013	-0.0015507	-0.0014457	-0.0013366	-0.0012197	-0.0011007	-0.0009678	-0.0008294	-0.0006787	-0.0005201	-0.0003508	-0.0001772	-0.0000012	+0.0001715	+0.0003360	+0.0004918	+0.0006370	+0.0007697	+0.0008921	+0.0010068	+0.0011204	+0.0012271
2014-10	0.028	-0.0011707	-0.0010841	-0.0009982	-0.0009004	-0.0007935	-0.0006768	-0.0005492	-0.0004143	-0.0002682	-0.0001134	+0.0000447	+0.0002029	+0.0003572	+0.0005034	+0.0006422	+0.0007753	+0.0008940	+0.0010064	+0.0011076	+0.0011981	+0.0012868
2014-11	0.066	-0.0015696	-0.0014684	-0.0013548	-0.0012416	-0.0011212	-0.0009829	-0.0008323	-0.0006692	-0.0004950	-0.0003054	-0.0001096	+0.0000865	+0.0002809	+0.0004679	+0.0006470	+0.0008151	+0.0009687	+0.0011120	+0.0012449	+0.0013666	+0.0014841
2014-12	0.039	-0.0015796	-0.0013256	-0.0010677	-0.0007841	-0.0005021	-0.0002086	+0.0000917	+0.0004055	+0.0007252	+0.0010428	+0.0013575	+0.0016632	+0.0019528	+0.0022256	+0.0024803	+0.0027177	+0.0029355	+0.0031351	+0.0033289	+0.0035124	+0.0036842
2015-01	-0.025	-0.0015945	-0.0013347	-0.0010626	-0.0007576	-0.0004377	-0.0001226	+0.0002064	+0.0005425	+0.0008809	+0.0012076	+0.0015257	+0.0018346	+0.0021265	+0.0024071	+0.0026592	+0.0028953	+0.0031168	+0.0033378	+0.0035325	+0.0037243	+0.0038974
2015-02	0.011	-0.0017627	-0.0014486	-0.0011484	-0.0008325	-0.0005132	-0.0001726	+0.0001809	+0.0005448	+0.0008979	+0.0012413	+0.0015702	+0.0018847	+0.0021874	+0.0024638	+0.0027244	+0.0029624	+0.0031786	+0.0033788	+0.0035732	+0.0037532	+0.0039272
