2011-05	-0.003	-0.0081041	-0.0075665	-0.0069600	-0.0063016	-0.0056019	-0.0048477	-0.0040504	-0.0032197	-0.0023406	-0.0014445	-0.0005565	+0.0003243	+0.0011633	+0.0019565	+0.0026930	+0.0033666	+0.0039857	+0.0045837	+0.0051563	+0.0057255	+0.0062810
2011-06	-0.027	-0.0077359	-0.0071739	-0.0065666	-0.0059158	-0.0052280	-0.0044925	-0.0037344	-0.0029162	-0.0020634	-0.0012061	-0.0003381	+0.0005157	+0.0013261	+0.0020746	+0.0027674	+0.0034090	+0.0040166	+0.0045948	+0.0051174	+0.0056215	+0.0061308
2011-07	-0.021	-0.0076429	-0.0071025	-0.0065150	-0.0058980	-0.0052342	-0.0045276	-0.0037812	-0.0029918	-0.0021629	-0.0013236	-0.0004858	+0.0003235	+0.0010858	+0.0017940	+0.0024565	+0.0030732	+0.0036348	+0.0041678	+0.0046768	+0.0051541	+0.0056380
2011-08	-0.007	-0.0027284	-0.0025816	-0.0024244	-0.0022539	-0.0020749	-0.0018737	-0.0016575	-0.0014247	-0.0011717	-0.0008967	-0.0006048	-0.0002997	+0.0000061	+0.0003083	+0.0005995	+0.0008814	+0.0011457	+0.0014038	+0.0016498	+0.0018751	+0.0021016
2011-09	-0.050	-0.0038149	-0.0035975	-0.0033776	-0.0031376	-0.0028777	-0.0025978	-0.0022901	-0.0019568	-0.0015962	-0.0012090	-0.0008047	-0.0003899	+0.0000230	+0.0004213	+0.0007972	+0.0011576	+0.0015057	+0.0018461	+0.0021495	+0.0024628	+0.0027714
2011-10	-0.020	-0.0048904	-0.0046601	-0.0044208	-0.0041570	-0.0038608	-0.0035368	-0.0031810	-0.0027849	-0.0023447	-0.0018587	-0.0013447	-0.0007970	-0.0002273	+0.0003292	+0.0008764	+0.0014099	+0.0019216	+0.0023993	+0.0028348	+0.0032606	+0.0037017
2011-11	-0.045	-0.0055373	-0.0052528	-0.0049271	-0.0045917	-0.0042191	-0.0038148	-0.0033847	-0.0029172	-0.0024145	-0.0018748	-0.0013085	-0.0007321	-0.0001565	+0.0004093	+0.0009464	+0.0014494	+0.0019257	+0.0023846	+0.0028186	+0.0032355	+0.0036418
2011-12	-0.002	-0.0067250	-0.0063930	-0.0060338	-0.0056542	-0.0052385	-0.0047752	-0.0042595	-0.0037013	-0.0030777	-0.0023955	-0.0016843	-0.0009364	-0.0001694	+0.0005986	+0.0013492	+0.0020514	+0.0027294	+0.0033775	+0.0039812	+0.0045652	+0.0051424
2012-01	0.014	-0.0061533	-0.0058538	-0.0055316	-0.0051766	-0.0047830	-0.0043574	-0.0039018	-0.0033984	-0.0028396	-0.0022269	-0.0015693	-0.0008725	-0.0001657	+0.0005350	+0.0012166	+0.0018691	+0.0024858	+0.0030702	+0.0036299	+0.0041830	+0.0046884
2012-02	0.099	-0.0044824	-0.0042033	-0.0039098	-0.0035922	-0.0032548	-0.0028906	-0.0024836	-0.0020464	-0.0015700	-0.0010685	-0.0005436	-0.0000118	+0.0005020	+0.0010009	+0.0014782	+0.0019348	+0.0023589	+0.0027510	+0.0031277	+0.0034790	+0.0037924
2012-03	0.033	-0.0031896	-0.0028867	-0.0025616	-0.0022195	-0.0018682	-0.0014882	-0.0010761	-0.0006272	-0.0001537	+0.0003412	+0.0008445	+0.0013469	+0.0018357	+0.0023025	+0.0027413	+0.0031484	+0.0035299	+0.0038841	+0.0042203	+0.0045294	+0.0048176
2012-04	-0.007	-0.0047005	-0.0041351	-0.0035355	-0.0028974	-0.0022556	-0.0015872	-0.0009017	-0.0001891	+0.0005198	+0.0012404	+0.0019517	+0.0026279	+0.0032433	+0.0037949	+0.0042705	+0.0046946	+0.0050824	+0.0054316	+0.0057532	+0.0060462	+0.0063234
2012-05	-0.032	-0.0043985	-0.0038620	-0.0033054	-0.0027234	-0.0021184	-0.0014751	-0.0008149	-0.0001372	+0.0005568	+0.0012355	+0.0019044	+0.0025399	+0.0031306	+0.0036664	+0.0041580	+0.0045924	+0.0049778	+0.0053276	+0.0056541	+0.0059492	+0.0062334
2012-06	0.031	-0.0035524	-0.0031689	-0.0027815	-0.0023489	-0.0019122	-0.0014642	-0.0009902	-0.0004818	+0.0000487	+0.0005922	+0.0011313	+0.0016612	+0.0021695	+0.0026453	+0.0030816	+0.0034888	+0.0038530	+0.0041887	+0.0044941	+0.0047955	+0.0050825
2012-07	-0.008	-0.0029636	-0.0027033	-0.0024285	-0.0021414	-0.0018395	-0.0015088	-0.0011597	-0.0007911	-0.0004083	-0.0000112	+0.0003969	+0.0008022	+0.0011942	+0.0015654	+0.0019029	+0.0022161	+0.0025051	+0.0027722	+0.0030235	+0.0032583	+0.0034782
2012-08	0.027	-0.0030909	-0.0028789	-0.0026506	-0.0024153	-0.0021677	-0.0019004	-0.0016066	-0.0012903	-0.0009527	-0.0005995	-0.0002383	+0.0001225	+0.0004749	+0.0008077	+0.0011224	+0.0014151	+0.0016882	+0.0019435	+0.0021789	+0.0023989	+0.0026033
2012-09	0.043	-0.0025005	-0.0022935	-0.0020769	-0.0018444	-0.0015988	-0.0013361	-0.0010613	-0.0007662	-0.0004571	-0.0001347	+0.0001943	+0.0005178	+0.0008326	+0.0011334	+0.0014143	+0.0016757	+0.0019181	+0.0021426	+0.0023461	+0.0025350	+0.0027144
2012-10	0.024	-0.0028841	-0.0024838	-0.0020516	-0.0016324	-0.0011854	-0.0007196	-0.0002462	+0.0002384	+0.0007414	+0.0012409	+0.0017235	+0.0021825	+0.0025990	+0.0029661	+0.0032807	+0.0035603	+0.0038108	+0.0040327	+0.0042412	+0.0044324	+0.0046025
2012-11	0.013	-0.0022715	-0.0019939	-0.0017028	-0.0014019	-0.0010900	-0.0007570	-0.0004147	-0.0000609	+0.0003027	+0.0006698	+0.0010269	+0.0013672	+0.0016862	+0.0019746	+0.0022355	+0.0024668	+0.0026742	+0.0028634	+0.0030363	+0.0031991	+0.0033622
2012-12	0.040	-0.0030194	-0.0026375	-0.0022544	-0.0018366	-0.0013885	-0.0009441	-0.0004864	-0.0000128	+0.0004712	+0.0009421	+0.0013920	+0.0018227	+0.0022082	+0.0025372	+0.0028207	+0.0030672	+0.0032802	+0.0034731	+0.0036484	+0.0038046	+0.0039443
2013-01	0.086	-0.0034762	-0.0030196	-0.0025342	-0.0020374	-0.0015304	-0.0010060	-0.0004681	+0.0000777	+0.0006513	+0.0012126	+0.0017385	+0.0022360	+0.0026790	+0.0030751	+0.0034098	+0.0036926	+0.0039419	+0.0041607	+0.0043568	+0.0045333	+0.0047064
2013-02	0.051	-0.0041899	-0.0036327	-0.0030238	-0.0024115	-0.0017741	-0.0011095	-0.0004347	+0.0002589	+0.0009713	+0.0016644	+0.0023408	+0.0029737	+0.0035444	+0.0040275	+0.0044355	+0.0047855	+0.0051002	+0.0053773	+0.0056319	+0.0058686	+0.0060909
2013-03	0.181	-0.0055018	-0.0048055	-0.0040710	-0.0033239	-0.0025851	-0.0017546	-0.0009037	-0.0000365	+0.0008919	+0.0018010	+0.0026453	+0.0034563	+0.0041796	+0.0047788	+0.0052783	+0.0056931	+0.0060496	+0.0063664	+0.0066603	+0.0069425	+0.0072089
2013-04	-0.022	-0.0082801	-0.0075080	-0.0066323	-0.0056812	-0.0045096	-0.0028258	-0.0012487	+0.0002248	+0.0022023	+0.0039267	+0.0053487	+0.0070511	+0.0086030	+0.0095998	+0.0100000	+0.0100000	+0.0100000	+0.0100000	+0.0100000	+0.0100000	+0.0100000
2013-05	-0.114	-0.0079163	-0.0071553	-0.0062520	-0.0051673	-0.0040167	-0.0028203	-0.0015463	-0.0001887	+0.0012352	+0.0026356	+0.0040036	+0.0053084	+0.0065081	+0.0075642	+0.0085285	+0.0093948	+0.0100000	+0.0100000	+0.0100000	+0.0100000	+0.0100000
2013-06	0.023	-0.0072384	-0.0066544	-0.0059902	-0.0052875	-0.0045284	-0.0036989	-0.0028033	-0.0018520	-0.0008537	+0.0001940	+0.0012726	+0.0023425	+0.0033775	+0.0043599	+0.0052949	+0.0061693	+0.0069790	+0.0077438	+0.0084404	+0.0090884	+0.0097186
2013-07	-0.044	-0.0075255	-0.0069777	-0.0063718	-0.0057250	-0.0050373	-0.0042962	-0.0034816	-0.0025924	-0.0016381	-0.0006290	+0.0004047	+0.0014272	+0.0024331	+0.0034069	+0.0043271	+0.0051971	+0.0059986	+0.0067616	+0.0074713	+0.0081347	+0.0087544
2013-08	-0.006	-0.0081863	-0.0077238	-0.0072213	-0.0066782	-0.0060662	-0.0053950	-0.0046743	-0.0038976	-0.0030627	-0.0021809	-0.0012521	-0.0003029	+0.0006226	+0.0015219	+0.0023784	+0.0031889	+0.0039662	+0.0046999	+0.0054153	+0.0061001	+0.0067952
2013-09	0.115	-0.0084954	-0.0080718	-0.0075876	-0.0070557	-0.0064585	-0.0058195	-0.0051143	-0.0043375	-0.0035012	-0.0026117	-0.0016714	-0.0007233	+0.0002209	+0.0011500	+0.0020405	+0.0028837	+0.0037021	+0.0044928	+0.0052536	+0.0060467	+0.0068454
2013-10	-0.016	-0.0043536	-0.0039055	-0.0034257	-0.0029468	-0.0024341	-0.0018910	-0.0013241	-0.0007142	-0.0000741	+0.0005837	+0.0012474	+0.0019103	+0.0025444	+0.0031423	+0.0036950	+0.0042033	+0.0046740	+0.0051104	+0.0055088	+0.0058972	+0.0062842
2013-11	0.000	-0.0033349	-0.0030318	-0.0027054	-0.0023661	-0.0020173	-0.0016530	-0.0012578	-0.0008298	-0.0003761	+0.0000941	+0.0005778	+0.0010545	+0.0015192	+0.0019605	+0.0023714	+0.0027520	+0.0031045	+0.0034244	+0.0037327	+0.0040351	+0.0043029
2013-12	0.028	-0.0030038	-0.0027087	-0.0023832	-0.0020400	-0.0016839	-0.0013024	-0.0009087	-0.0004923	-0.0000533	+0.0003984	+0.0008676	+0.0013341	+0.0017838	+0.0022180	+0.0026159	+0.0029928	+0.0033387	+0.0036564	+0.0039456	+0.0042105	+0.0044599
2014-01	-0.007	-0.0037359	-0.0032631	-0.0028186	-0.0023417	-0.0018503	-0.0013302	-0.0007941	-0.0002444	+0.0003208	+0.0009000	+0.0014759	+0.0020307	+0.0025562	+0.0030450	+0.0034843	+0.0038892	+0.0042598	+0.0046006	+0.0049115	+0.0052020	+0.0054754
2014-02	0.006	-0.0020290	-0.0018389	-0.0016330	-0.0014142	-0.0011794	-0.0009287	-0.0006654	-0.0003835	-0.0000796	+0.0002431	+0.0005729	+0.0009089	+0.0012346	+0.0015439	+0.0018381	+0.0021100	+0.0023639	+0.0026019	+0.0028373	+0.0030627	+0.0032716
2014-03	-0.018	-0.0025068	-0.0022932	-0.0020694	-0.0018254	-0.0015684	-0.0012935	-0.0009934	-0.0006737	-0.0003346	+0.0000202	+0.0003820	+0.0007415	+0.0010958	+0.0014328	+0.0017471	+0.0020369	+0.0023019	+0.0025487	+0.0027800	+0.0030009	+0.0032128
2014-04	0.015	-0.0025014	-0.0023093	-0.0021091	-0.0018949	-0.0016687	-0.0014266	-0.0011653	-0.0008887	-0.0005899	-0.0002740	+0.0000500	+0.0003783	+0.0006960	+0.0009963	+0.0012869	+0.0015581	+0.0018121	+0.0020413	+0.0022590	+0.0024658	+0.0026658
2014-05	0.031	-0.0020526	-0.0018845	-0.0017141	-0.0015322	-0.0013378	-0.0011321	-0.0009111	-0.0006750	-0.0004242	-0.0001651	+0.0001012	+0.0003657	+0.0006210	+0.0008658	+0.0010940	+0.0013070	+0.0015025	+0.0016822	+0.0018510	+0.0020145	+0.0021562
2014-06	0.018	-0.0015487	-0.0013545	-0.0011578	-0.0009483	-0.0007248	-0.0004945	-0.0002550	-0.0000047	+0.0002575	+0.0005216	+0.0007898	+0.0010484	+0.0012933	+0.0015199	+0.0017270	+0.0019178	+0.0020939	+0.0022543	+0.0023984	+0.0025344	+0.0026586
2014-07	0.009	-0.0016936	-0.0015014	-0.0012885	-0.0010765	-0.0008594	-0.0006220	-0.0003693	-0.0001107	+0.0001605	+0.0004319	+0.0007030	+0.0009656	+0.0012135	+0.0014449	+0.0016592	+0.0018557	+0.0020326	+0.0022030	+0.0023574	+0.0024997	+0.0026304
2014-08	0.014	-0.0021390	-0.0018786	-0.0015848	-0.0013032	-0.0010161	-0.0007161	-0.0004193	-0.0001084	+0.0002056	+0.0005172	+0.0008202	+0.0011072	+0.0013643	+0.0015957	+0.0017987	+0.0019755	+0.0021331	+0.0022763	+0.0024043	+0.0025226	+0.0026360
2014-09	0.012	-0.0020980	-0.0018276	-0.0015427	-0.0012382	-0.0009510	-0.0006359	-0.0003178	+0.0000051	+0.0003413	+0.0006674	+0.0009776	+0.0012731	+0.0015400	+0.0017700	+0.0019705	+0.0021420	+0.0022931	+0.0024316	+0.0025566	+0.0026693	+0.0027750
2014-10	0.017	-0.0019574	-0.0017270	-0.0014784	-0.0012234	-0.0009564	-0.0006903	-0.0004198	-0.0001357	+0.0001540	+0.0004387	+0.0007160	+0.0009790	+0.0012185	+0.0014357	+0.0016223	+0.0017887	+0.0019385	+0.0020791	+0.0022059	+0.0023203	+0.0024269
2014-11	0.048	-0.0012024	-0.0010610	-0.0009109	-0.0007543	-0.0005830	-0.0003969	-0.0002000	+0.0000098	+0.0002300	+0.0004542	+0.0006837	+0.0009123	+0.0011321	+0.0013396	+0.0015373	+0.0017227	+0.0018953	+0.0020605	+0.0022127	+0.0023552	+0.0024920
2014-12	0.033	-0.0028167	-0.0024577	-0.0020956	-0.0017216	-0.0013292	-0.0009243	-0.0005034	-0.0000743	+0.0003673	+0.0008125	+0.0012458	+0.0016655	+0.0020573	+0.0024154	+0.0027389	+0.0030296	+0.0032920	+0.0035304	+0.0037550	+0.0039670	+0.0041661
2015-01	0.000	-0.0036485	-0.0032006	-0.0027235	-0.0022511	-0.0017602	-0.0012487	-0.0007030	-0.0001497	+0.0004101	+0.0009712	+0.0015155	+0.0020269	+0.0025012	+0.0029271	+0.0033063	+0.0036512	+0.0039684	+0.0042526	+0.0045186	+0.0047655	+0.0050012
2015-02	-0.022	-0.0033965	-0.0029768	-0.0025502	-0.0020918	-0.0016127	-0.0011145	-0.0005918	-0.0000651	+0.0004766	+0.0010250	+0.0015664	+0.0020813	+0.0025575	+0.0029892	+0.0033914	+0.0037590	+0.0040929	+0.0043892	+0.0046726	+0.0049314	+0.0051798
