2011-05	-0.002	-0.0084839	-0.0079612	-0.0073604	-0.0066672	-0.0059011	-0.0050265	-0.0041025	-0.0031414	-0.0021250	-0.0010880	-0.0000706	+0.0009225	+0.0018636	+0.0027349	+0.0035370	+0.0042677	+0.0049522	+0.0056119	+0.0062781	+0.0069800	+0.0078453
2011-06	0.003	-0.0088357	-0.0083751	-0.0077970	-0.0071386	-0.0063772	-0.0055520	-0.0046436	-0.0036835	-0.0026753	-0.0016430	-0.0006079	+0.0004020	+0.0013605	+0.0022685	+0.0031123	+0.0038962	+0.0046388	+0.0053776	+0.0061440	+0.0070240	+0.0086343
2011-07	-0.002	-0.0088942	-0.0084267	-0.0078442	-0.0071923	-0.0064600	-0.0056606	-0.0047818	-0.0038344	-0.0028215	-0.0017952	-0.0007556	+0.0002557	+0.0012167	+0.0021195	+0.0029635	+0.0037647	+0.0045206	+0.0052726	+0.0060429	+0.0069738	+0.0086841
2011-08	-0.097	-0.0037010	-0.0034188	-0.0031223	-0.0028144	-0.0024894	-0.0021340	-0.0017445	-0.0013289	-0.0008923	-0.0004389	+0.0000189	+0.0004790	+0.0009280	+0.0013556	+0.0017545	+0.0021263	+0.0024690	+0.0027841	+0.0030824	+0.0033624	+0.0036270
2011-09	-0.020	-0.0064907	-0.0061425	-0.0057601	-0.0053391	-0.0048912	-0.0044010	-0.0038563	-0.0032649	-0.0026361	-0.0019647	-0.0012627	-0.0005414	+0.0001674	+0.0008607	+0.0015189	+0.0021383	+0.0027425	+0.0032995	+0.0038351	+0.0043666	+0.0048975
2011-10	-0.007	-0.0070102	-0.0066277	-0.0061978	-0.0057177	-0.0052020	-0.0046452	-0.0040481	-0.0034109	-0.0027279	-0.0020086	-0.0012511	-0.0004786	+0.0002899	+0.0010234	+0.0017315	+0.0023870	+0.0030120	+0.0036008	+0.0041499	+0.0046730	+0.0051904
2011-11	-0.048	-0.0075644	-0.0071534	-0.0067335	-0.0062755	-0.0057730	-0.0052339	-0.0046332	-0.0039914	-0.0032983	-0.0025546	-0.0017795	-0.0009903	-0.0001908	+0.0005827	+0.0013233	+0.0020271	+0.0026911	+0.0033153	+0.0039211	+0.0045113	+0.0051004
2011-12	-0.006	-0.0087491	-0.0083681	-0.0079357	-0.0074614	-0.0069323	-0.0063341	-0.0056780	-0.0049504	-0.0041460	-0.0032673	-0.0023290	-0.0013442	-0.0003527	+0.0006456	+0.0016411	+0.0026107	+0.0035145	+0.0043644	+0.0052350	+0.0061410	+0.0071027
2012-01	0.021	-0.0062751	-0.0059112	-0.0055074	-0.0050727	-0.0046174	-0.0041282	-0.0035934	-0.0030088	-0.0023817	-0.0017151	-0.0010244	-0.0003150	+0.0003902	+0.0010782	+0.0017313	+0.0023468	+0.0029222	+0.0034533	+0.0039480	+0.0044291	+0.0048777
2012-02	0.081	-0.0041645	-0.0038832	-0.0035833	-0.0032677	-0.0029184	-0.0025428	-0.0021390	-0.0017036	-0.0012459	-0.0007673	-0.0002764	+0.0002203	+0.0007060	+0.0011694	+0.0016018	+0.0020042	+0.0023670	+0.0027118	+0.0030413	+0.0033630	+0.0036687
2012-03	0.034	-0.0032235	-0.0029033	-0.0025676	-0.0021986	-0.0018097	-0.0013898	-0.0009451	-0.0004775	+0.0000046	+0.0005045	+0.0010125	+0.0015224	+0.0020143	+0.0024675	+0.0028926	+0.0032886	+0.0036523	+0.0039760	+0.0042844	+0.0045794	+0.0048579
2012-04	-0.041	-0.0041230	-0.0036596	-0.0031549	-0.0026452	-0.0021173	-0.0015677	-0.0009971	-0.0004056	+0.0002155	+0.0008261	+0.0014259	+0.0019995	+0.0025299	+0.0030149	+0.0034495	+0.0038413	+0.0041901	+0.0045086	+0.0048049	+0.0050827	+0.0053403
2012-05	-0.089	-0.0035240	-0.0031448	-0.0027531	-0.0023430	-0.0019081	-0.0014319	-0.0009403	-0.0004335	+0.0000926	+0.0006270	+0.0011555	+0.0016684	+0.0021537	+0.0025995	+0.0030058	+0.0033798	+0.0037287	+0.0040500	+0.0043405	+0.0046170	+0.0048673
2012-06	0.048	-0.0037197	-0.0034607	-0.0031814	-0.0028983	-0.0026002	-0.0022760	-0.0019249	-0.0015453	-0.0011393	-0.0007148	-0.0002788	+0.0001593	+0.0005869	+0.0009936	+0.0013759	+0.0017383	+0.0020745	+0.0023869	+0.0026774	+0.0029518	+0.0032164
2012-07	-0.024	-0.0046850	-0.0043784	-0.0040724	-0.0037311	-0.0033558	-0.0029596	-0.0025292	-0.0020629	-0.0015606	-0.0010399	-0.0005013	+0.0000450	+0.0005797	+0.0010908	+0.0015724	+0.0020186	+0.0024301	+0.0028176	+0.0031825	+0.0035299	+0.0038606
2012-08	-0.002	-0.0061091	-0.0057895	-0.0054465	-0.0050858	-0.0046869	-0.0042516	-0.0037701	-0.0032435	-0.0026746	-0.0020557	-0.0014001	-0.0007153	-0.0000280	+0.0006343	+0.0012807	+0.0018928	+0.0024944	+0.0030504	+0.0035622	+0.0040283	+0.0045016
2012-09	0.010	-0.0045276	-0.0042613	-0.0039733	-0.0036687	-0.0033336	-0.0029678	-0.0025697	-0.0021363	-0.0016836	-0.0012046	-0.0007110	-0.0002143	+0.0002713	+0.0007363	+0.0011758	+0.0015890	+0.0019799	+0.0023446	+0.0026913	+0.0030240	+0.0033411
2012-10	0.001	-0.0031379	-0.0028314	-0.0025170	-0.0021780	-0.0018150	-0.0014328	-0.0010212	-0.0005872	-0.0001229	+0.0003613	+0.0008535	+0.0013424	+0.0018131	+0.0022610	+0.0026833	+0.0030709	+0.0034339	+0.0037773	+0.0040971	+0.0043995	+0.0046788
2012-11	0.032	-0.0035773	-0.0033258	-0.0030698	-0.0027970	-0.0025070	-0.0021924	-0.0018532	-0.0014941	-0.0011060	-0.0006962	-0.0002730	+0.0001543	+0.0005748	+0.0009751	+0.0013503	+0.0017048	+0.0020323	+0.0023332	+0.0026210	+0.0028852	+0.0031360
2012-12	0.098	-0.0029752	-0.0027013	-0.0024225	-0.0021258	-0.0018178	-0.0014810	-0.0011148	-0.0007218	-0.0003071	+0.0001259	+0.0005653	+0.0010024	+0.0014303	+0.0018383	+0.0022208	+0.0025801	+0.0029053	+0.0032091	+0.0034999	+0.0037653	+0.0040144
2013-01	0.085	-0.0045666	-0.0040102	-0.0034365	-0.0028269	-0.0021838	-0.0015130	-0.0008324	-0.0001293	+0.0005970	+0.0013182	+0.0020188	+0.0026832	+0.0033041	+0.0038661	+0.0043682	+0.0048194	+0.0052197	+0.0055848	+0.0059098	+0.0062145	+0.0065142
2013-02	0.022	-0.0066331	-0.0058061	-0.0050062	-0.0041001	-0.0031182	-0.0021349	-0.0011020	-0.0000330	+0.0010790	+0.0021548	+0.0032060	+0.0041891	+0.0050627	+0.0058411	+0.0065041	+0.0070672	+0.0075739	+0.0080234	+0.0084302	+0.0088093	+0.0091869
2013-03	0.061	-0.0063803	-0.0056077	-0.0048127	-0.0039607	-0.0030655	-0.0021154	-0.0010871	-0.0000042	+0.0011041	+0.0021900	+0.0032415	+0.0042364	+0.0051354	+0.0059053	+0.0065827	+0.0071844	+0.0077154	+0.0081966	+0.0086388	+0.0090628	+0.0094881
2013-04	0.121	-0.0076271	-0.0068809	-0.0059691	-0.0049701	-0.0038776	-0.0026371	-0.0014014	-0.0001277	+0.0012611	+0.0026086	+0.0038655	+0.0050766	+0.0061634	+0.0070869	+0.0078429	+0.0084834	+0.0090594	+0.0096022	+0.0100000	+0.0100000	+0.0100000
2013-05	-0.032	-0.0074684	-0.0066775	-0.0057890	-0.0048163	-0.0037431	-0.0026000	-0.0014040	-0.0001196	+0.0011846	+0.0024769	+0.0037422	+0.0049444	+0.0060346	+0.0069984	+0.0078575	+0.0086328	+0.0093329	+0.0099836	+0.0100000	+0.0100000	+0.0100000
2013-06	0.009	-0.0070414	-0.0063258	-0.0055564	-0.0047440	-0.0038870	-0.0029786	-0.0020349	-0.0010448	-0.0000232	+0.0010214	+0.0020853	+0.0031264	+0.0041024	+0.0050112	+0.0058408	+0.0066033	+0.0073056	+0.0079545	+0.0085557	+0.0091204	+0.0096852
2013-07	-0.000	-0.0067188	-0.0060882	-0.0054193	-0.0047210	-0.0039508	-0.0031214	-0.0022273	-0.0012958	-0.0003055	+0.0007268	+0.0017801	+0.0028308	+0.0038526	+0.0048268	+0.0057316	+0.0065543	+0.0073230	+0.0080336	+0.0087001	+0.0093104	+0.0098771
2013-08	-0.020	-0.0073483	-0.0066831	-0.0059745	-0.0052027	-0.0043841	-0.0034806	-0.0025336	-0.0015232	-0.0004639	+0.0006373	+0.0017388	+0.0028229	+0.0038734	+0.0048719	+0.0058028	+0.0066715	+0.0074722	+0.0082119	+0.0088982	+0.0095663	+0.0100000
2013-09	0.095	-0.0075181	-0.0070028	-0.0064622	-0.0058851	-0.0052613	-0.0045720	-0.0038249	-0.0030243	-0.0021842	-0.0012960	-0.0003894	+0.0005018	+0.0013767	+0.0022147	+0.0030046	+0.0037324	+0.0044050	+0.0050470	+0.0056787	+0.0062849	+0.0068697
2013-10	0.000	-0.0070074	-0.0063441	-0.0056580	-0.0049461	-0.0041971	-0.0034233	-0.0025841	-0.0016967	-0.0007575	+0.0001936	+0.0011620	+0.0021314	+0.0030571	+0.0039279	+0.0047543	+0.0055117	+0.0062119	+0.0068599	+0.0074607	+0.0080488	+0.0086073
2013-11	0.067	-0.0048870	-0.0044746	-0.0040276	-0.0035592	-0.0030786	-0.0025683	-0.0020130	-0.0014209	-0.0007895	-0.0001280	+0.0005513	+0.0012138	+0.0018614	+0.0024822	+0.0030578	+0.0035931	+0.0040955	+0.0045628	+0.0049985	+0.0053968	+0.0057832
2013-12	0.027	-0.0052101	-0.0047000	-0.0041437	-0.0035565	-0.0029364	-0.0022988	-0.0016494	-0.0009673	-0.0002651	+0.0004498	+0.0011635	+0.0018498	+0.0025049	+0.0031216	+0.0036963	+0.0042305	+0.0047268	+0.0051825	+0.0056009	+0.0059923	+0.0063547
2014-01	-0.057	-0.0060869	-0.0053759	-0.0046492	-0.0038967	-0.0030767	-0.0022292	-0.0013861	-0.0005068	+0.0003819	+0.0012654	+0.0021349	+0.0029429	+0.0036901	+0.0043626	+0.0049578	+0.0054926	+0.0059727	+0.0064011	+0.0067987	+0.0071749	+0.0075243
2014-02	-0.031	-0.0036960	-0.0033677	-0.0030210	-0.0026518	-0.0022548	-0.0018334	-0.0013825	-0.0008942	-0.0003754	+0.0001637	+0.0007137	+0.0012602	+0.0017862	+0.0022902	+0.0027662	+0.0032062	+0.0036207	+0.0039999	+0.0043501	+0.0046784	+0.0049745
2014-03	-0.011	-0.0054147	-0.0049998	-0.0045669	-0.0040835	-0.0035725	-0.0030297	-0.0024480	-0.0018333	-0.0011959	-0.0005321	+0.0001454	+0.0008189	+0.0014640	+0.0020721	+0.0026374	+0.0031700	+0.0036616	+0.0041144	+0.0045244	+0.0049130	+0.0052967
2014-04	-0.037	-0.0072558	-0.0067997	-0.0062997	-0.0057613	-0.0051969	-0.0045998	-0.0039529	-0.0032552	-0.0025092	-0.0017217	-0.0009121	-0.0001023	+0.0006834	+0.0014257	+0.0021245	+0.0027784	+0.0033980	+0.0039759	+0.0045346	+0.0050693	+0.0055888
2014-05	0.025	-0.0082934	-0.0078559	-0.0073639	-0.0068279	-0.0062471	-0.0056187	-0.0049337	-0.0041873	-0.0033847	-0.0025339	-0.0016589	-0.0007755	+0.0001051	+0.0009742	+0.0018059	+0.0025927	+0.0033339	+0.0040458	+0.0047000	+0.0053659	+0.0060691
2014-06	0.040	-0.0054162	-0.0049862	-0.0045376	-0.0040637	-0.0035568	-0.0030161	-0.0024304	-0.0018120	-0.0011584	-0.0004728	+0.0002122	+0.0008966	+0.0015650	+0.0022024	+0.0027995	+0.0033564	+0.0038775	+0.0043856	+0.0048514	+0.0052827	+0.0056951
2014-07	0.015	-0.0045104	-0.0041541	-0.0037714	-0.0033627	-0.0029334	-0.0024677	-0.0019606	-0.0014189	-0.0008449	-0.0002533	+0.0003410	+0.0009321	+0.0015064	+0.0020588	+0.0025762	+0.0030547	+0.0035011	+0.0039044	+0.0042874	+0.0046407	+0.0049646
2014-08	-0.025	-0.0038562	-0.0035467	-0.0032087	-0.0028504	-0.0024666	-0.0020628	-0.0016306	-0.0011710	-0.0006835	-0.0001720	+0.0003484	+0.0008649	+0.0013666	+0.0018412	+0.0022761	+0.0026750	+0.0030475	+0.0033923	+0.0037145	+0.0040091	+0.0042915
2014-09	0.051	-0.0031806	-0.0029019	-0.0026139	-0.0023145	-0.0019971	-0.0016518	-0.0012783	-0.0008835	-0.0004648	-0.0000312	+0.0004040	+0.0008359	+0.0012584	+0.0016674	+0.0020534	+0.0024150	+0.0027491	+0.0030595	+0.0033349	+0.0035853	+0.0038176
2014-10	-0.001	-0.0030721	-0.0027476	-0.0024050	-0.0020563	-0.0016929	-0.0013232	-0.0009344	-0.0005199	-0.0000921	+0.0003390	+0.0007675	+0.0011875	+0.0015883	+0.0019616	+0.0023115	+0.0026322	+0.0029222	+0.0031856	+0.0034256	+0.0036560	+0.0038630
2014-11	0.055	-0.0036703	-0.0033731	-0.0030513	-0.0027234	-0.0023692	-0.0019854	-0.0015737	-0.0011394	-0.0006777	-0.0001949	+0.0002987	+0.0007894	+0.0012725	+0.0017409	+0.0021770	+0.0025825	+0.0029605	+0.0033144	+0.0036480	+0.0039479	+0.0042394
2014-12	-0.004	-0.0043527	-0.0039351	-0.0034804	-0.0030023	-0.0024940	-0.0019480	-0.0013749	-0.0007618	-0.0001187	+0.0005481	+0.0012273	+0.0018968	+0.0025410	+0.0031511	+0.0037180	+0.0042601	+0.0047654	+0.0052406	+0.0056911	+0.0061181	+0.0065212
2015-01	-0.012	-0.0055714	-0.0050435	-0.0044675	-0.0038785	-0.0032681	-0.0026257	-0.0019441	-0.0012178	-0.0004647	+0.0003091	+0.0010825	+0.0018497	+0.0025987	+0.0033046	+0.0039737	+0.0045966	+0.0051705	+0.0056925	+0.0061637	+0.0066133	+0.0070450
2015-02	-0.019	-0.0045386	-0.0041296	-0.0036875	-0.0032196	-0.0027247	-0.0021953	-0.0016382	-0.0010295	-0.0003860	+0.0002960	+0.0009972	+0.0016946	+0.0023786	+0.0030345	+0.0036545	+0.0042340	+0.0047777	+0.0052870	+0.0057742	+0.0062251	+0.0066503
