2011-05	-0.002	-0.0009529	-0.0008374	-0.0007258	-0.0006021	-0.0004739	-0.0003397	-0.0001990	-0.0000516	+0.0001008	+0.0002591	+0.0004169	+0.0005689	+0.0007131	+0.0008466	+0.0009704	+0.0010858	+0.0011924	+0.0012895	+0.0013809	+0.0014664	+0.0015427
2011-06	0.003	-0.0012943	-0.0011437	-0.0009949	-0.0008371	-0.0006708	-0.0005005	-0.0003220	-0.0001343	+0.0000584	+0.0002508	+0.0004422	+0.0006236	+0.0007934	+0.0009508	+0.0010940	+0.0012257	+0.0013457	+0.0014533	+0.0015528	+0.0016463	+0.0017323
2011-07	0.002	-0.0011303	-0.0010144	-0.0008829	-0.0007425	-0.0005985	-0.0004478	-0.0002883	-0.0001205	+0.0000560	+0.0002353	+0.0004117	+0.0005802	+0.0007400	+0.0008878	+0.0010218	+0.0011445	+0.0012589	+0.0013640	+0.0014609	+0.0015496	+0.0016341
2011-08	-0.003	-0.0009087	-0.0008178	-0.0007227	-0.0006229	-0.0005176	-0.0004079	-0.0002940	-0.0001735	-0.0000486	+0.0000787	+0.0002048	+0.0003277	+0.0004444	+0.0005545	+0.0006571	+0.0007501	+0.0008347	+0.0009110	+0.0009809	+0.0010488	+0.0011109
2011-09	-0.020	-0.0008248	-0.0007453	-0.0006660	-0.0005825	-0.0004963	-0.0004011	-0.0003043	-0.0002013	-0.0000928	+0.0000167	+0.0001271	+0.0002358	+0.0003409	+0.0004404	+0.0005311	+0.0006134	+0.0006909	+0.0007626	+0.0008296	+0.0008901	+0.0009481
2011-10	0.026	-0.0012915	-0.0012102	-0.0011213	-0.0010301	-0.0009353	-0.0008309	-0.0007177	-0.0005963	-0.0004678	-0.0003335	-0.0001939	-0.0000541	+0.0000818	+0.0002125	+0.0003378	+0.0004548	+0.0005660	+0.0006728	+0.0007699	+0.0008676	+0.0009634
2011-11	-0.010	-0.0011202	-0.0010297	-0.0009328	-0.0008330	-0.0007287	-0.0006132	-0.0004891	-0.0003590	-0.0002219	-0.0000789	+0.0000655	+0.0002071	+0.0003423	+0.0004727	+0.0005926	+0.0007031	+0.0008055	+0.0009011	+0.0009904	+0.0010750	+0.0011534
2011-12	0.009	-0.0014334	-0.0013374	-0.0012344	-0.0011249	-0.0010057	-0.0008761	-0.0007391	-0.0005907	-0.0004325	-0.0002680	-0.0000997	+0.0000669	+0.0002296	+0.0003850	+0.0005310	+0.0006677	+0.0007941	+0.0009137	+0.0010246	+0.0011317	+0.0012318
2012-01	0.007	-0.0011373	-0.0010448	-0.0009492	-0.0008509	-0.0007446	-0.0006352	-0.0005166	-0.0003893	-0.0002545	-0.0001141	+0.0000302	+0.0001744	+0.0003142	+0.0004491	+0.0005785	+0.0006992	+0.0008121	+0.0009174	+0.0010181	+0.0011119	+0.0012002
2012-02	0.022	-0.0011669	-0.0010323	-0.0008829	-0.0007233	-0.0005584	-0.0003883	-0.0002122	-0.0000278	+0.0001599	+0.0003475	+0.0005331	+0.0007091	+0.0008733	+0.0010250	+0.0011632	+0.0012901	+0.0014067	+0.0015099	+0.0016038	+0.0016884	+0.0017667
2012-03	-0.003	-0.0008863	-0.0007767	-0.0006672	-0.0005504	-0.0004269	-0.0002927	-0.0001514	-0.0000073	+0.0001412	+0.0002921	+0.0004423	+0.0005881	+0.0007262	+0.0008533	+0.0009688	+0.0010747	+0.0011708	+0.0012606	+0.0013392	+0.0014119	+0.0014815
2012-04	0.004	-0.0010922	-0.0009620	-0.0008260	-0.0006856	-0.0005417	-0.0003917	-0.0002343	-0.0000735	+0.0000894	+0.0002507	+0.0004133	+0.0005673	+0.0007094	+0.0008379	+0.0009520	+0.0010542	+0.0011451	+0.0012265	+0.0012986	+0.0013624	+0.0014201
2012-05	-0.015	-0.0010350	-0.0009083	-0.0007773	-0.0006419	-0.0005019	-0.0003579	-0.0002029	-0.0000431	+0.0001200	+0.0002810	+0.0004381	+0.0005862	+0.0007230	+0.0008463	+0.0009560	+0.0010537	+0.0011428	+0.0012230	+0.0012958	+0.0013638	+0.0014284
2012-06	0.014	-0.0008513	-0.0007835	-0.0007136	-0.0006360	-0.0005519	-0.0004626	-0.0003673	-0.0002646	-0.0001555	-0.0000415	+0.0000733	+0.0001880	+0.0003002	+0.0004069	+0.0005054	+0.0005942	+0.0006770	+0.0007563	+0.0008300	+0.0008967	+0.0009609
2012-07	0.011	-0.0008037	-0.0007467	-0.0006853	-0.0006194	-0.0005503	-0.0004750	-0.0003938	-0.0003063	-0.0002114	-0.0001125	-0.0000104	+0.0000917	+0.0001912	+0.0002864	+0.0003773	+0.0004622	+0.0005395	+0.0006122	+0.0006807	+0.0007438	+0.0007997
2012-08	-0.004	-0.0006333	-0.0005688	-0.0005006	-0.0004288	-0.0003522	-0.0002723	-0.0001872	-0.0000952	+0.0000020	+0.0001035	+0.0002074	+0.0003099	+0.0004104	+0.0005057	+0.0005936	+0.0006753	+0.0007488	+0.0008172	+0.0008823	+0.0009457	+0.0010043
2012-09	0.006	-0.0006299	-0.0005767	-0.0005209	-0.0004622	-0.0003965	-0.0003258	-0.0002493	-0.0001684	-0.0000827	+0.0000059	+0.0000962	+0.0001867	+0.0002737	+0.0003572	+0.0004358	+0.0005101	+0.0005798	+0.0006451	+0.0007059	+0.0007625	+0.0008189
2012-10	0.005	-0.0007062	-0.0006160	-0.0005229	-0.0004237	-0.0003166	-0.0002089	-0.0000980	+0.0000163	+0.0001342	+0.0002516	+0.0003676	+0.0004780	+0.0005807	+0.0006764	+0.0007642	+0.0008425	+0.0009126	+0.0009771	+0.0010364	+0.0010916	+0.0011424
2012-11	0.011	-0.0004793	-0.0004300	-0.0003796	-0.0003245	-0.0002656	-0.0002040	-0.0001382	-0.0000686	+0.0000041	+0.0000786	+0.0001534	+0.0002277	+0.0003001	+0.0003682	+0.0004324	+0.0004909	+0.0005445	+0.0005948	+0.0006410	+0.0006821	+0.0007225
2012-12	0.010	-0.0006332	-0.0005539	-0.0004779	-0.0003983	-0.0003145	-0.0002282	-0.0001380	-0.0000441	+0.0000515	+0.0001457	+0.0002367	+0.0003244	+0.0004067	+0.0004795	+0.0005457	+0.0006043	+0.0006566	+0.0007048	+0.0007496	+0.0007904	+0.0008318
2013-01	0.017	-0.0008935	-0.0007798	-0.0006574	-0.0005255	-0.0003958	-0.0002507	-0.0001068	+0.0000371	+0.0001910	+0.0003343	+0.0004667	+0.0006015	+0.0007201	+0.0008131	+0.0008887	+0.0009532	+0.0010099	+0.0010600	+0.0011048	+0.0011460	+0.0011848
2013-02	0.007	-0.0013433	-0.0011692	-0.0009868	-0.0008008	-0.0006104	-0.0004068	-0.0002049	-0.0000041	+0.0002157	+0.0004238	+0.0006210	+0.0008081	+0.0009755	+0.0011128	+0.0012266	+0.0013263	+0.0014139	+0.0014929	+0.0015650	+0.0016310	+0.0016894
2013-03	0.012	-0.0012878	-0.0011241	-0.0009549	-0.0007894	-0.0006077	-0.0004104	-0.0002079	-0.0000030	+0.0002098	+0.0004240	+0.0006282	+0.0008180	+0.0009898	+0.0011341	+0.0012557	+0.0013612	+0.0014550	+0.0015378	+0.0016133	+0.0016843	+0.0017513
2013-04	0.014	-0.0015696	-0.0013743	-0.0011739	-0.0009756	-0.0007658	-0.0005356	-0.0003048	-0.0000654	+0.0001934	+0.0004414	+0.0006714	+0.0008896	+0.0010866	+0.0012500	+0.0013853	+0.0015015	+0.0016038	+0.0016983	+0.0017841	+0.0018605	+0.0019309
2013-05	-0.021	-0.0015777	-0.0013766	-0.0011710	-0.0009745	-0.0007665	-0.0005479	-0.0003156	-0.0000805	+0.0001591	+0.0004034	+0.0006396	+0.0008613	+0.0010632	+0.0012455	+0.0014056	+0.0015485	+0.0016759	+0.0017940	+0.0019006	+0.0019964	+0.0020851
2013-06	-0.023	-0.0009778	-0.0008927	-0.0008052	-0.0007140	-0.0006176	-0.0005131	-0.0004010	-0.0002816	-0.0001514	-0.0000166	+0.0001201	+0.0002562	+0.0003879	+0.0005126	+0.0006330	+0.0007467	+0.0008518	+0.0009479	+0.0010361	+0.0011171	+0.0011915
2013-07	-0.003	-0.0015789	-0.0014823	-0.0013796	-0.0012706	-0.0011552	-0.0010325	-0.0009011	-0.0007577	-0.0006058	-0.0004461	-0.0002804	-0.0001130	+0.0000516	+0.0002136	+0.0003669	+0.0005077	+0.0006383	+0.0007615	+0.0008776	+0.0009879	+0.0010924
2013-08	-0.001	-0.0017425	-0.0016446	-0.0015453	-0.0014363	-0.0013190	-0.0011929	-0.0010549	-0.0009048	-0.0007448	-0.0005740	-0.0003956	-0.0002137	-0.0000321	+0.0001475	+0.0003189	+0.0004836	+0.0006399	+0.0007867	+0.0009293	+0.0010651	+0.0011902
2013-09	0.014	-0.0019354	-0.0018528	-0.0017669	-0.0016745	-0.0015717	-0.0014586	-0.0013306	-0.0011875	-0.0010252	-0.0008378	-0.0006272	-0.0004059	-0.0001785	+0.0000552	+0.0002815	+0.0005074	+0.0007286	+0.0009320	+0.0011199	+0.0013063	+0.0014940
2013-10	0.013	-0.0011294	-0.0010567	-0.0009786	-0.0008929	-0.0008019	-0.0007057	-0.0006032	-0.0004930	-0.0003775	-0.0002592	-0.0001375	-0.0000143	+0.0001043	+0.0002178	+0.0003241	+0.0004213	+0.0005112	+0.0005947	+0.0006716	+0.0007417	+0.0008075
2013-11	-0.004	-0.0008879	-0.0007940	-0.0006952	-0.0005916	-0.0004796	-0.0003622	-0.0002422	-0.0001160	+0.0000138	+0.0001433	+0.0002740	+0.0004013	+0.0005222	+0.0006362	+0.0007433	+0.0008410	+0.0009297	+0.0010105	+0.0010833	+0.0011474	+0.0012066
2013-12	-0.002	-0.0009211	-0.0008152	-0.0007110	-0.0006057	-0.0004944	-0.0003754	-0.0002502	-0.0001225	+0.0000108	+0.0001453	+0.0002769	+0.0004046	+0.0005229	+0.0006291	+0.0007268	+0.0008175	+0.0008998	+0.0009739	+0.0010417	+0.0011035	+0.0011599
2014-01	0.001	-0.0009094	-0.0008185	-0.0007195	-0.0006137	-0.0005067	-0.0003961	-0.0002808	-0.0001596	-0.0000346	+0.0000918	+0.0002169	+0.0003372	+0.0004500	+0.0005547	+0.0006501	+0.0007388	+0.0008202	+0.0008931	+0.0009610	+0.0010240	+0.0010835
2014-02	0.004	-0.0006755	-0.0006215	-0.0005643	-0.0005037	-0.0004396	-0.0003719	-0.0002990	-0.0002210	-0.0001383	-0.0000520	+0.0000368	+0.0001254	+0.0002110	+0.0002916	+0.0003659	+0.0004340	+0.0004980	+0.0005567	+0.0006106	+0.0006632	+0.0007113
2014-03	0.010	-0.0007116	-0.0006587	-0.0006027	-0.0005425	-0.0004787	-0.0004089	-0.0003326	-0.0002509	-0.0001664	-0.0000786	+0.0000116	+0.0001011	+0.0001883	+0.0002708	+0.0003482	+0.0004204	+0.0004868	+0.0005486	+0.0006072	+0.0006635	+0.0007169
2014-04	0.004	-0.0006918	-0.0006285	-0.0005629	-0.0004951	-0.0004193	-0.0003378	-0.0002485	-0.0001523	-0.0000511	+0.0000544	+0.0001607	+0.0002653	+0.0003676	+0.0004653	+0.0005563	+0.0006403	+0.0007179	+0.0007893	+0.0008555	+0.0009183	+0.0009752
2014-05	0.005	-0.0006899	-0.0006161	-0.0005395	-0.0004591	-0.0003720	-0.0002811	-0.0001864	-0.0000860	+0.0000194	+0.0001279	+0.0002380	+0.0003450	+0.0004466	+0.0005403	+0.0006276	+0.0007071	+0.0007804	+0.0008493	+0.0009131	+0.0009717	+0.0010273
2014-06	0.007	-0.0006806	-0.0005884	-0.0004942	-0.0003977	-0.0002946	-0.0001855	-0.0000749	+0.0000386	+0.0001559	+0.0002722	+0.0003867	+0.0004961	+0.0005968	+0.0006888	+0.0007720	+0.0008473	+0.0009161	+0.0009793	+0.0010352	+0.0010852	+0.0011326
2014-07	0.004	-0.0009195	-0.0008024	-0.0006821	-0.0005631	-0.0004431	-0.0003176	-0.0001878	-0.0000493	+0.0000892	+0.0002267	+0.0003583	+0.0004827	+0.0005955	+0.0006927	+0.0007729	+0.0008413	+0.0009018	+0.0009546	+0.0010021	+0.0010451	+0.0010858
2014-08	0.007	-0.0005210	-0.0004523	-0.0003814	-0.0003136	-0.0002435	-0.0001699	-0.0000925	-0.0000135	+0.0000657	+0.0001445	+0.0002217	+0.0002957	+0.0003644	+0.0004261	+0.0004815	+0.0005310	+0.0005753	+0.0006165	+0.0006538	+0.0006860	+0.0007164
2014-09	-0.008	-0.0006972	-0.0006047	-0.0005137	-0.0004180	-0.0003229	-0.0002245	-0.0001171	-0.0000110	+0.0000991	+0.0002079	+0.0003095	+0.0004054	+0.0004920	+0.0005656	+0.0006283	+0.0006807	+0.0007272	+0.0007677	+0.0008041	+0.0008375	+0.0008683
2014-10	0.010	-0.0004660	-0.0004177	-0.0003654	-0.0003128	-0.0002564	-0.0001974	-0.0001362	-0.0000721	-0.0000055	+0.0000632	+0.0001311	+0.0001957	+0.0002571	+0.0003149	+0.0003673	+0.0004145	+0.0004572	+0.0004961	+0.0005306	+0.0005628	+0.0005930
2014-11	0.018	-0.0004596	-0.0004116	-0.0003620	-0.0003099	-0.0002556	-0.0001986	-0.0001364	-0.0000714	-0.0000023	+0.0000677	+0.0001386	+0.0002078	+0.0002741	+0.0003368	+0.0003958	+0.0004485	+0.0004970	+0.0005405	+0.0005795	+0.0006174	+0.0006538
2014-12	0.004	-0.0009047	-0.0007960	-0.0006747	-0.0005555	-0.0004290	-0.0003021	-0.0001692	-0.0000294	+0.0001110	+0.0002497	+0.0003858	+0.0005155	+0.0006363	+0.0007449	+0.0008412	+0.0009299	+0.0010102	+0.0010811	+0.0011455	+0.0012074	+0.0012620
2015-01	-0.009	-0.0008283	-0.0007311	-0.0006346	-0.0005286	-0.0004224	-0.0003101	-0.0001940	-0.0000726	+0.0000536	+0.0001820	+0.0003065	+0.0004270	+0.0005424	+0.0006477	+0.0007428	+0.0008294	+0.0009072	+0.0009799	+0.0010470	+0.0011091	+0.0011682
2015-02	-0.002	-0.0008588	-0.0007617	-0.0006661	-0.0005638	-0.0004576	-0.0003454	-0.0002255	-0.0001021	+0.0000245	+0.0001539	+0.0002829	+0.0004093	+0.0005287	+0.0006390	+0.0007423	+0.0008370	+0.0009259	+0.0010089	+0.0010856	+0.0011555	+0.0012216
