2011-05	-0.007	-0.0023105	-0.0021027	-0.0018734	-0.0016378	-0.0013927	-0.0011266	-0.0008437	-0.0005368	-0.0002098	+0.0001297	+0.0004762	+0.0008184	+0.0011472	+0.0014582	+0.0017498	+0.0020212	+0.0022753	+0.0025110	+0.0027291	+0.0029417	+0.0031345
2011-06	-0.014	-0.0022762	-0.0020845	-0.0018828	-0.0016647	-0.0014322	-0.0011827	-0.0009154	-0.0006337	-0.0003362	-0.0000240	+0.0002931	+0.0006099	+0.0009200	+0.0012148	+0.0014874	+0.0017413	+0.0019791	+0.0022010	+0.0024066	+0.0025977	+0.0027806
2011-07	-0.025	-0.0024932	-0.0023080	-0.0021190	-0.0019131	-0.0016950	-0.0014633	-0.0012120	-0.0009450	-0.0006629	-0.0003677	-0.0000711	+0.0002219	+0.0005092	+0.0007831	+0.0010382	+0.0012770	+0.0015004	+0.0017074	+0.0019033	+0.0020804	+0.0022440
2011-08	-0.046	-0.0030871	-0.0029267	-0.0027581	-0.0025759	-0.0023809	-0.0021644	-0.0019331	-0.0016830	-0.0014090	-0.0011201	-0.0008134	-0.0004976	-0.0001821	+0.0001243	+0.0004167	+0.0006954	+0.0009675	+0.0012220	+0.0014641	+0.0016908	+0.0019074
2011-09	-0.015	-0.0041138	-0.0038967	-0.0036589	-0.0034068	-0.0031411	-0.0028523	-0.0025332	-0.0021894	-0.0018160	-0.0014134	-0.0009888	-0.0005534	-0.0001088	+0.0003407	+0.0007822	+0.0012022	+0.0015939	+0.0019624	+0.0023382	+0.0027173	+0.0030436
2011-10	0.051	-0.0046857	-0.0044718	-0.0042316	-0.0039661	-0.0036835	-0.0033822	-0.0030578	-0.0027045	-0.0023084	-0.0018666	-0.0013779	-0.0008664	-0.0003456	+0.0001937	+0.0007268	+0.0012271	+0.0017049	+0.0021749	+0.0026193	+0.0030495	+0.0034756
2011-11	-0.020	-0.0037571	-0.0035280	-0.0032630	-0.0029936	-0.0027098	-0.0023968	-0.0020623	-0.0017053	-0.0013253	-0.0009263	-0.0005139	-0.0000938	+0.0003268	+0.0007383	+0.0011249	+0.0014918	+0.0018370	+0.0021553	+0.0024541	+0.0027413	+0.0030177
2011-12	0.014	-0.0033251	-0.0031015	-0.0028626	-0.0026147	-0.0023544	-0.0020702	-0.0017607	-0.0014328	-0.0010823	-0.0007167	-0.0003427	+0.0000342	+0.0004003	+0.0007417	+0.0010586	+0.0013553	+0.0016354	+0.0018892	+0.0021213	+0.0023444	+0.0025615
2012-01	0.014	-0.0019242	-0.0017708	-0.0016056	-0.0014310	-0.0012354	-0.0010284	-0.0008054	-0.0005626	-0.0003054	-0.0000363	+0.0002426	+0.0005247	+0.0008014	+0.0010644	+0.0013150	+0.0015513	+0.0017718	+0.0019800	+0.0021821	+0.0023737	+0.0025558
2012-02	0.068	-0.0022832	-0.0020057	-0.0017255	-0.0014332	-0.0011278	-0.0008177	-0.0004929	-0.0001491	+0.0002075	+0.0005758	+0.0009360	+0.0012862	+0.0016185	+0.0019263	+0.0022133	+0.0024797	+0.0027277	+0.0029578	+0.0031677	+0.0033686	+0.0035525
2012-03	0.015	-0.0021644	-0.0018861	-0.0015993	-0.0012931	-0.0009856	-0.0006599	-0.0003225	+0.0000177	+0.0003694	+0.0007263	+0.0010701	+0.0013998	+0.0017045	+0.0019782	+0.0022229	+0.0024467	+0.0026458	+0.0028281	+0.0029907	+0.0031399	+0.0032810
2012-04	-0.009	-0.0036691	-0.0032112	-0.0027063	-0.0022348	-0.0017471	-0.0012204	-0.0006856	-0.0001401	+0.0004358	+0.0010069	+0.0015347	+0.0020393	+0.0025016	+0.0028736	+0.0031762	+0.0034302	+0.0036491	+0.0038463	+0.0040281	+0.0041932	+0.0043495
2012-05	-0.035	-0.0032514	-0.0028402	-0.0024121	-0.0019950	-0.0015331	-0.0010734	-0.0005962	-0.0001174	+0.0003840	+0.0008767	+0.0013440	+0.0017825	+0.0021822	+0.0025303	+0.0028392	+0.0031068	+0.0033417	+0.0035489	+0.0037353	+0.0039105	+0.0040662
2012-06	0.011	-0.0022666	-0.0020546	-0.0018334	-0.0015973	-0.0013385	-0.0010634	-0.0007693	-0.0004631	-0.0001399	+0.0001910	+0.0005200	+0.0008405	+0.0011455	+0.0014319	+0.0017041	+0.0019501	+0.0021740	+0.0023795	+0.0025662	+0.0027438	+0.0029072
2012-07	0.002	-0.0025309	-0.0023645	-0.0021888	-0.0020024	-0.0018021	-0.0015856	-0.0013520	-0.0011074	-0.0008454	-0.0005707	-0.0002918	-0.0000127	+0.0002642	+0.0005295	+0.0007802	+0.0010120	+0.0012231	+0.0014196	+0.0016054	+0.0017804	+0.0019469
2012-08	0.015	-0.0025109	-0.0023586	-0.0021945	-0.0020187	-0.0018298	-0.0016230	-0.0013991	-0.0011595	-0.0009038	-0.0006322	-0.0003486	-0.0000634	+0.0002231	+0.0004971	+0.0007591	+0.0010091	+0.0012390	+0.0014530	+0.0016582	+0.0018551	+0.0020415
2012-09	0.002	-0.0016878	-0.0015586	-0.0014217	-0.0012793	-0.0011305	-0.0009717	-0.0007953	-0.0006065	-0.0004057	-0.0001959	+0.0000183	+0.0002309	+0.0004343	+0.0006248	+0.0008021	+0.0009686	+0.0011260	+0.0012748	+0.0014154	+0.0015483	+0.0016742
2012-10	0.026	-0.0013854	-0.0012424	-0.0010891	-0.0009223	-0.0007459	-0.0005602	-0.0003603	-0.0001469	+0.0000752	+0.0003006	+0.0005297	+0.0007569	+0.0009774	+0.0011875	+0.0013818	+0.0015603	+0.0017270	+0.0018796	+0.0020233	+0.0021602	+0.0022869
2012-11	0.032	-0.0014552	-0.0012908	-0.0011190	-0.0009449	-0.0007634	-0.0005778	-0.0003819	-0.0001753	+0.0000393	+0.0002524	+0.0004644	+0.0006715	+0.0008687	+0.0010489	+0.0012174	+0.0013707	+0.0015132	+0.0016439	+0.0017630	+0.0018757	+0.0019833
2012-12	0.057	-0.0022386	-0.0019551	-0.0016706	-0.0013808	-0.0010676	-0.0007411	-0.0004089	-0.0000666	+0.0002711	+0.0006129	+0.0009449	+0.0012541	+0.0015328	+0.0017818	+0.0019999	+0.0021916	+0.0023655	+0.0025226	+0.0026629	+0.0027954	+0.0029125
2013-01	0.058	-0.0032523	-0.0028312	-0.0023717	-0.0019028	-0.0014471	-0.0009281	-0.0004003	+0.0001017	+0.0006532	+0.0011682	+0.0016368	+0.0021076	+0.0025363	+0.0028767	+0.0031463	+0.0033738	+0.0035677	+0.0037425	+0.0039019	+0.0040447	+0.0041737
2013-02	0.015	-0.0050434	-0.0044128	-0.0036801	-0.0029980	-0.0023040	-0.0014822	-0.0007156	+0.0000092	+0.0008851	+0.0016591	+0.0023556	+0.0030974	+0.0037560	+0.0042500	+0.0046306	+0.0049490	+0.0052261	+0.0054698	+0.0056977	+0.0059117	+0.0061134
2013-03	0.024	-0.0046038	-0.0040256	-0.0034176	-0.0028187	-0.0022013	-0.0014954	-0.0007757	-0.0000359	+0.0007433	+0.0015066	+0.0022215	+0.0029201	+0.0035436	+0.0040476	+0.0044562	+0.0048020	+0.0051116	+0.0053831	+0.0056306	+0.0058662	+0.0060852
2013-04	0.051	-0.0048242	-0.0042335	-0.0036315	-0.0029685	-0.0022932	-0.0016051	-0.0008479	-0.0000865	+0.0007171	+0.0015091	+0.0022491	+0.0029368	+0.0035592	+0.0040839	+0.0045101	+0.0048853	+0.0052290	+0.0055379	+0.0058143	+0.0060519	+0.0062737
2013-05	0.032	-0.0047729	-0.0042000	-0.0036308	-0.0030381	-0.0024141	-0.0017581	-0.0010675	-0.0003595	+0.0003633	+0.0010888	+0.0018040	+0.0024721	+0.0030923	+0.0036452	+0.0041492	+0.0046102	+0.0050240	+0.0054021	+0.0057452	+0.0060559	+0.0063537
2013-06	-0.053	-0.0043100	-0.0038118	-0.0033123	-0.0027676	-0.0022053	-0.0016284	-0.0010338	-0.0004327	+0.0001863	+0.0008176	+0.0014437	+0.0020428	+0.0026152	+0.0031318	+0.0036044	+0.0040337	+0.0044219	+0.0047751	+0.0051103	+0.0054259	+0.0057384
2013-07	0.014	-0.0034662	-0.0031714	-0.0028587	-0.0025316	-0.0021814	-0.0018064	-0.0013916	-0.0009535	-0.0004872	+0.0000017	+0.0005048	+0.0010100	+0.0015029	+0.0019762	+0.0024328	+0.0028548	+0.0032512	+0.0036217	+0.0039635	+0.0042837	+0.0045956
2013-08	-0.007	-0.0034233	-0.0031228	-0.0028008	-0.0024604	-0.0020921	-0.0016972	-0.0012801	-0.0008377	-0.0003686	+0.0001223	+0.0006237	+0.0011313	+0.0016240	+0.0020909	+0.0025270	+0.0029371	+0.0033221	+0.0036869	+0.0040251	+0.0043482	+0.0046523
2013-09	0.007	-0.0035317	-0.0032671	-0.0029964	-0.0026982	-0.0023835	-0.0020587	-0.0017116	-0.0013443	-0.0009519	-0.0005417	-0.0001247	+0.0002948	+0.0006992	+0.0010782	+0.0014326	+0.0017610	+0.0020707	+0.0023596	+0.0026256	+0.0028701	+0.0031028
2013-10	0.022	-0.0032895	-0.0030527	-0.0028000	-0.0025388	-0.0022625	-0.0019648	-0.0016464	-0.0013101	-0.0009558	-0.0005903	-0.0002185	+0.0001499	+0.0005094	+0.0008519	+0.0011757	+0.0014725	+0.0017462	+0.0019957	+0.0022290	+0.0024509	+0.0026497
2013-11	0.035	-0.0020687	-0.0018927	-0.0017077	-0.0015094	-0.0012933	-0.0010634	-0.0008247	-0.0005694	-0.0002958	-0.0000114	+0.0002800	+0.0005706	+0.0008544	+0.0011236	+0.0013709	+0.0016007	+0.0018145	+0.0020138	+0.0022002	+0.0023772	+0.0025451
2013-12	0.026	-0.0022086	-0.0019875	-0.0017593	-0.0015172	-0.0012570	-0.0009779	-0.0006883	-0.0003792	-0.0000597	+0.0002612	+0.0005812	+0.0008855	+0.0011723	+0.0014401	+0.0016835	+0.0019074	+0.0021095	+0.0022920	+0.0024641	+0.0026284	+0.0027829
2014-01	-0.010	-0.0028240	-0.0024571	-0.0021180	-0.0017329	-0.0013458	-0.0009537	-0.0005545	-0.0001296	+0.0003037	+0.0007212	+0.0011137	+0.0014876	+0.0018201	+0.0021094	+0.0023597	+0.0025742	+0.0027614	+0.0029233	+0.0030694	+0.0032052	+0.0033362
2014-02	0.012	-0.0021882	-0.0019085	-0.0016136	-0.0013218	-0.0010173	-0.0007053	-0.0003827	-0.0000507	+0.0002858	+0.0006324	+0.0009759	+0.0013024	+0.0016023	+0.0018799	+0.0021314	+0.0023534	+0.0025525	+0.0027290	+0.0028917	+0.0030377	+0.0031775
2014-03	0.003	-0.0025553	-0.0022737	-0.0019767	-0.0016639	-0.0013303	-0.0009809	-0.0006187	-0.0002376	+0.0001476	+0.0005322	+0.0009040	+0.0012594	+0.0015887	+0.0018823	+0.0021479	+0.0023848	+0.0025949	+0.0027821	+0.0029496	+0.0030989	+0.0032398
2014-04	0.000	-0.0017457	-0.0015888	-0.0014180	-0.0012420	-0.0010498	-0.0008404	-0.0006202	-0.0003862	-0.0001385	+0.0001180	+0.0003776	+0.0006375	+0.0008879	+0.0011270	+0.0013472	+0.0015510	+0.0017354	+0.0019054	+0.0020639	+0.0022125	+0.0023494
2014-05	0.002	-0.0018436	-0.0016998	-0.0015451	-0.0013806	-0.0012037	-0.0010117	-0.0008089	-0.0005919	-0.0003626	-0.0001206	+0.0001259	+0.0003671	+0.0006023	+0.0008257	+0.0010324	+0.0012249	+0.0014069	+0.0015766	+0.0017379	+0.0018892	+0.0020281
2014-06	0.005	-0.0013040	-0.0011604	-0.0010132	-0.0008692	-0.0007130	-0.0005478	-0.0003679	-0.0001790	+0.0000189	+0.0002253	+0.0004350	+0.0006403	+0.0008402	+0.0010279	+0.0012039	+0.0013674	+0.0015182	+0.0016554	+0.0017819	+0.0018985	+0.0020146
2014-07	0.008	-0.0012958	-0.0011824	-0.0010645	-0.0009351	-0.0007986	-0.0006544	-0.0004999	-0.0003350	-0.0001635	+0.0000136	+0.0001951	+0.0003740	+0.0005460	+0.0007069	+0.0008584	+0.0009991	+0.0011334	+0.0012606	+0.0013803	+0.0014967	+0.0016050
2014-08	0.015	-0.0010011	-0.0009200	-0.0008343	-0.0007438	-0.0006479	-0.0005435	-0.0004330	-0.0003150	-0.0001903	-0.0000604	+0.0000725	+0.0002049	+0.0003323	+0.0004532	+0.0005660	+0.0006687	+0.0007621	+0.0008471	+0.0009269	+0.0010008	+0.0010723
2014-09	0.029	-0.0012246	-0.0010841	-0.0009415	-0.0007922	-0.0006398	-0.0004777	-0.0003090	-0.0001331	+0.0000495	+0.0002311	+0.0004084	+0.0005805	+0.0007425	+0.0008938	+0.0010334	+0.0011618	+0.0012748	+0.0013752	+0.0014667	+0.0015499	+0.0016316
2014-10	0.007	-0.0018040	-0.0015800	-0.0013535	-0.0011271	-0.0008851	-0.0006319	-0.0003735	-0.0001034	+0.0001650	+0.0004327	+0.0006916	+0.0009378	+0.0011629	+0.0013651	+0.0015453	+0.0017081	+0.0018555	+0.0019870	+0.0021126	+0.0022302	+0.0023405
2014-11	0.068	-0.0020033	-0.0017692	-0.0015323	-0.0012749	-0.0010161	-0.0007475	-0.0004677	-0.0001723	+0.0001303	+0.0004399	+0.0007430	+0.0010363	+0.0013143	+0.0015674	+0.0017950	+0.0020076	+0.0021973	+0.0023704	+0.0025283	+0.0026768	+0.0028202
2014-12	0.008	-0.0037607	-0.0032765	-0.0027754	-0.0022358	-0.0016943	-0.0011303	-0.0005640	+0.0000365	+0.0006374	+0.0012192	+0.0017766	+0.0023115	+0.0027901	+0.0032061	+0.0035703	+0.0038974	+0.0041862	+0.0044543	+0.0047002	+0.0049283	+0.0051387
2015-01	-0.010	-0.0038319	-0.0033850	-0.0029131	-0.0024317	-0.0019353	-0.0014171	-0.0008786	-0.0003180	+0.0002637	+0.0008557	+0.0014225	+0.0019611	+0.0024645	+0.0029277	+0.0033533	+0.0037287	+0.0040718	+0.0043877	+0.0046774	+0.0049343	+0.0051909
2015-02	-0.002	-0.0029816	-0.0026746	-0.0023279	-0.0019670	-0.0015988	-0.0012074	-0.0007990	-0.0003707	+0.0000791	+0.0005429	+0.0010131	+0.0014770	+0.0019197	+0.0023409	+0.0027335	+0.0031009	+0.0034482	+0.0037654	+0.0040559	+0.0043300	+0.0045858
