2011-05	-0.011	-0.0024426	-0.0022368	-0.0020172	-0.0017828	-0.0015274	-0.0012520	-0.0009620	-0.0006491	-0.0003169	+0.0000329	+0.0003933	+0.0007507	+0.0010955	+0.0014231	+0.0017281	+0.0020134	+0.0022797	+0.0025298	+0.0027706	+0.0029893	+0.0031894
2011-06	-0.013	-0.0023199	-0.0021270	-0.0019315	-0.0017177	-0.0014914	-0.0012468	-0.0009864	-0.0007067	-0.0004111	-0.0001020	+0.0002169	+0.0005393	+0.0008540	+0.0011529	+0.0014348	+0.0016926	+0.0019365	+0.0021611	+0.0023699	+0.0025654	+0.0027347
2011-07	-0.022	-0.0025718	-0.0023917	-0.0021931	-0.0019889	-0.0017725	-0.0015400	-0.0012902	-0.0010214	-0.0007361	-0.0004383	-0.0001358	+0.0001656	+0.0004566	+0.0007315	+0.0009937	+0.0012435	+0.0014777	+0.0016969	+0.0019034	+0.0020949	+0.0022709
2011-08	-0.056	-0.0029243	-0.0027596	-0.0025924	-0.0024191	-0.0022350	-0.0020329	-0.0018132	-0.0015769	-0.0013232	-0.0010509	-0.0007640	-0.0004712	-0.0001809	+0.0001030	+0.0003730	+0.0006296	+0.0008760	+0.0011094	+0.0013268	+0.0015306	+0.0017150
2011-09	-0.016	-0.0048481	-0.0045971	-0.0043294	-0.0040387	-0.0037331	-0.0034034	-0.0030508	-0.0026626	-0.0022355	-0.0017683	-0.0012701	-0.0007503	-0.0002311	+0.0002908	+0.0008085	+0.0013003	+0.0017622	+0.0022153	+0.0026550	+0.0030839	+0.0034846
2011-10	0.043	-0.0050543	-0.0048089	-0.0045440	-0.0042595	-0.0039623	-0.0036284	-0.0032655	-0.0028647	-0.0024317	-0.0019517	-0.0014308	-0.0008868	-0.0003258	+0.0002275	+0.0007721	+0.0013077	+0.0018091	+0.0022923	+0.0027749	+0.0032167	+0.0036636
2011-11	-0.007	-0.0042682	-0.0039911	-0.0036970	-0.0033999	-0.0030798	-0.0027320	-0.0023583	-0.0019631	-0.0015470	-0.0011164	-0.0006739	-0.0002302	+0.0002013	+0.0006154	+0.0010116	+0.0013717	+0.0017174	+0.0020433	+0.0023435	+0.0026215	+0.0028823
2011-12	0.031	-0.0038810	-0.0036175	-0.0033464	-0.0030432	-0.0027125	-0.0023635	-0.0019961	-0.0016070	-0.0011958	-0.0007749	-0.0003442	+0.0000831	+0.0004964	+0.0008834	+0.0012471	+0.0015841	+0.0018905	+0.0021680	+0.0024293	+0.0026834	+0.0029188
2012-01	0.012	-0.0025916	-0.0023433	-0.0020948	-0.0018363	-0.0015572	-0.0012606	-0.0009423	-0.0006044	-0.0002430	+0.0001322	+0.0005031	+0.0008711	+0.0012286	+0.0015636	+0.0018740	+0.0021593	+0.0024279	+0.0026794	+0.0029131	+0.0031380	+0.0033353
2012-02	0.067	-0.0029958	-0.0026031	-0.0022092	-0.0018189	-0.0014013	-0.0009732	-0.0005333	-0.0000764	+0.0003952	+0.0008780	+0.0013558	+0.0018054	+0.0022200	+0.0026064	+0.0029498	+0.0032584	+0.0035342	+0.0037860	+0.0040122	+0.0042228	+0.0044168
2012-03	0.022	-0.0024839	-0.0021699	-0.0018459	-0.0015071	-0.0011535	-0.0007862	-0.0004145	-0.0000316	+0.0003688	+0.0007643	+0.0011397	+0.0015002	+0.0018344	+0.0021331	+0.0023983	+0.0026340	+0.0028476	+0.0030423	+0.0032125	+0.0033673	+0.0035051
2012-04	-0.010	-0.0041791	-0.0036617	-0.0030999	-0.0025620	-0.0019984	-0.0013961	-0.0007799	-0.0001689	+0.0004881	+0.0011409	+0.0017359	+0.0023133	+0.0028316	+0.0032528	+0.0035868	+0.0038686	+0.0041089	+0.0043184	+0.0045055	+0.0046806	+0.0048421
2012-05	-0.035	-0.0035402	-0.0031104	-0.0026703	-0.0022105	-0.0017451	-0.0012611	-0.0007607	-0.0002397	+0.0002845	+0.0008088	+0.0013093	+0.0017838	+0.0022175	+0.0026044	+0.0029430	+0.0032419	+0.0035082	+0.0037464	+0.0039676	+0.0041675	+0.0043501
2012-06	0.023	-0.0026280	-0.0023827	-0.0021129	-0.0018344	-0.0015440	-0.0012315	-0.0008975	-0.0005510	-0.0001852	+0.0001895	+0.0005614	+0.0009284	+0.0012794	+0.0016069	+0.0019056	+0.0021873	+0.0024445	+0.0026727	+0.0028828	+0.0030732	+0.0032519
2012-07	0.002	-0.0028109	-0.0026015	-0.0023839	-0.0021620	-0.0019192	-0.0016580	-0.0013803	-0.0010845	-0.0007684	-0.0004411	-0.0001078	+0.0002212	+0.0005445	+0.0008520	+0.0011414	+0.0014097	+0.0016583	+0.0018881	+0.0020991	+0.0022994	+0.0024912
2012-08	0.018	-0.0026784	-0.0024939	-0.0022958	-0.0020839	-0.0018569	-0.0016144	-0.0013552	-0.0010819	-0.0007898	-0.0004851	-0.0001770	+0.0001292	+0.0004233	+0.0007026	+0.0009625	+0.0012062	+0.0014299	+0.0016443	+0.0018424	+0.0020242	+0.0021948
2012-09	0.001	-0.0019420	-0.0017792	-0.0016165	-0.0014405	-0.0012554	-0.0010577	-0.0008435	-0.0006136	-0.0003699	-0.0001139	+0.0001453	+0.0004033	+0.0006513	+0.0008859	+0.0011070	+0.0013108	+0.0015001	+0.0016806	+0.0018506	+0.0020148	+0.0021674
2012-10	0.033	-0.0018334	-0.0016267	-0.0014125	-0.0011842	-0.0009361	-0.0006700	-0.0003975	-0.0001190	+0.0001737	+0.0004647	+0.0007639	+0.0010554	+0.0013323	+0.0015944	+0.0018311	+0.0020490	+0.0022503	+0.0024375	+0.0026070	+0.0027582	+0.0029151
2012-11	0.031	-0.0015950	-0.0014092	-0.0012158	-0.0010184	-0.0008066	-0.0005947	-0.0003724	-0.0001419	+0.0000973	+0.0003427	+0.0005862	+0.0008231	+0.0010454	+0.0012512	+0.0014424	+0.0016146	+0.0017797	+0.0019316	+0.0020681	+0.0021946	+0.0023139
2012-12	0.052	-0.0024359	-0.0021288	-0.0018226	-0.0015156	-0.0011747	-0.0008296	-0.0004710	-0.0001040	+0.0002610	+0.0006287	+0.0009918	+0.0013334	+0.0016433	+0.0019152	+0.0021583	+0.0023763	+0.0025707	+0.0027466	+0.0029068	+0.0030618	+0.0032094
2013-01	0.060	-0.0031322	-0.0027243	-0.0022579	-0.0018223	-0.0013520	-0.0008493	-0.0003529	+0.0001421	+0.0006628	+0.0011691	+0.0016456	+0.0021046	+0.0025181	+0.0028671	+0.0031561	+0.0034017	+0.0036156	+0.0038025	+0.0039766	+0.0041378	+0.0042906
2013-02	0.008	-0.0050669	-0.0043657	-0.0036542	-0.0029790	-0.0022756	-0.0014638	-0.0006816	+0.0000494	+0.0009059	+0.0017017	+0.0023960	+0.0031221	+0.0038033	+0.0043004	+0.0046818	+0.0049925	+0.0052580	+0.0055030	+0.0057287	+0.0059329	+0.0061181
2013-03	0.027	-0.0044769	-0.0039165	-0.0033452	-0.0027440	-0.0021569	-0.0014916	-0.0007770	-0.0000593	+0.0006944	+0.0014258	+0.0021153	+0.0027875	+0.0033950	+0.0038890	+0.0042947	+0.0046408	+0.0049480	+0.0052214	+0.0054594	+0.0056797	+0.0058825
2013-04	0.048	-0.0046101	-0.0040763	-0.0034540	-0.0028376	-0.0022216	-0.0015401	-0.0008237	-0.0000936	+0.0006549	+0.0013995	+0.0020971	+0.0027466	+0.0033389	+0.0038440	+0.0042568	+0.0046172	+0.0049333	+0.0052147	+0.0054715	+0.0057063	+0.0059198
2013-05	0.021	-0.0053159	-0.0047012	-0.0040501	-0.0034160	-0.0027620	-0.0020412	-0.0013092	-0.0005427	+0.0002306	+0.0009984	+0.0017529	+0.0024526	+0.0030835	+0.0036467	+0.0041445	+0.0045756	+0.0049605	+0.0053122	+0.0056366	+0.0059355	+0.0062087
2013-06	-0.045	-0.0040369	-0.0035872	-0.0031280	-0.0026400	-0.0021312	-0.0016070	-0.0010734	-0.0005176	+0.0000628	+0.0006432	+0.0012148	+0.0017677	+0.0022836	+0.0027484	+0.0031750	+0.0035649	+0.0039057	+0.0042231	+0.0045237	+0.0048101	+0.0050928
2013-07	0.015	-0.0032073	-0.0029326	-0.0026507	-0.0023474	-0.0020228	-0.0016715	-0.0012882	-0.0008765	-0.0004480	+0.0000022	+0.0004668	+0.0009303	+0.0013825	+0.0018195	+0.0022333	+0.0026111	+0.0029633	+0.0032902	+0.0035934	+0.0038787	+0.0041475
2013-08	-0.007	-0.0033650	-0.0030770	-0.0027789	-0.0024578	-0.0021065	-0.0017310	-0.0013352	-0.0009204	-0.0004805	-0.0000189	+0.0004551	+0.0009270	+0.0013857	+0.0018198	+0.0022266	+0.0026083	+0.0029576	+0.0032791	+0.0035786	+0.0038687	+0.0041572
2013-09	0.011	-0.0034129	-0.0031696	-0.0029093	-0.0026333	-0.0023373	-0.0020197	-0.0016889	-0.0013422	-0.0009696	-0.0005796	-0.0001818	+0.0002124	+0.0005952	+0.0009561	+0.0012904	+0.0016023	+0.0018946	+0.0021662	+0.0024189	+0.0026601	+0.0028976
2013-10	0.021	-0.0031501	-0.0029214	-0.0026848	-0.0024397	-0.0021692	-0.0018751	-0.0015601	-0.0012268	-0.0008760	-0.0005111	-0.0001413	+0.0002275	+0.0005916	+0.0009349	+0.0012580	+0.0015667	+0.0018446	+0.0021022	+0.0023408	+0.0025708	+0.0027797
2013-11	0.032	-0.0020973	-0.0019195	-0.0017274	-0.0015202	-0.0012987	-0.0010714	-0.0008281	-0.0005596	-0.0002738	+0.0000144	+0.0003116	+0.0006089	+0.0008996	+0.0011763	+0.0014345	+0.0016748	+0.0019018	+0.0021142	+0.0023141	+0.0024983	+0.0026804
2013-12	0.026	-0.0023302	-0.0021079	-0.0018667	-0.0016134	-0.0013339	-0.0010397	-0.0007304	-0.0004057	-0.0000762	+0.0002586	+0.0005915	+0.0009120	+0.0012134	+0.0014931	+0.0017471	+0.0019790	+0.0021877	+0.0023769	+0.0025501	+0.0027100	+0.0028645
2014-01	-0.013	-0.0025787	-0.0022407	-0.0018947	-0.0015421	-0.0011723	-0.0007948	-0.0004006	+0.0000156	+0.0004391	+0.0008500	+0.0012407	+0.0016128	+0.0019466	+0.0022441	+0.0025073	+0.0027372	+0.0029397	+0.0031218	+0.0032864	+0.0034371	+0.0035862
2014-02	0.010	-0.0020914	-0.0018126	-0.0015298	-0.0012498	-0.0009575	-0.0006569	-0.0003415	-0.0000157	+0.0003119	+0.0006429	+0.0009683	+0.0012757	+0.0015612	+0.0018161	+0.0020469	+0.0022564	+0.0024408	+0.0026042	+0.0027559	+0.0028927	+0.0030209
2014-03	0.006	-0.0021891	-0.0019469	-0.0016923	-0.0014320	-0.0011517	-0.0008617	-0.0005490	-0.0002264	+0.0001085	+0.0004403	+0.0007638	+0.0010732	+0.0013528	+0.0016112	+0.0018404	+0.0020472	+0.0022308	+0.0023982	+0.0025436	+0.0026792	+0.0028096
2014-04	0.001	-0.0015757	-0.0014302	-0.0012849	-0.0011306	-0.0009645	-0.0007845	-0.0005872	-0.0003787	-0.0001595	+0.0000688	+0.0002984	+0.0005277	+0.0007480	+0.0009541	+0.0011485	+0.0013272	+0.0014915	+0.0016413	+0.0017784	+0.0019089	+0.0020345
2014-05	-0.002	-0.0015756	-0.0014479	-0.0013061	-0.0011604	-0.0010070	-0.0008456	-0.0006720	-0.0004902	-0.0002993	-0.0000978	+0.0001051	+0.0003050	+0.0005003	+0.0006831	+0.0008493	+0.0010038	+0.0011495	+0.0012815	+0.0014076	+0.0015219	+0.0016296
2014-06	0.004	-0.0011288	-0.0010079	-0.0008815	-0.0007520	-0.0006127	-0.0004691	-0.0003158	-0.0001518	+0.0000228	+0.0002029	+0.0003842	+0.0005621	+0.0007325	+0.0008935	+0.0010444	+0.0011825	+0.0013078	+0.0014265	+0.0015356	+0.0016370	+0.0017353
2014-07	0.003	-0.0011124	-0.0010101	-0.0009056	-0.0007971	-0.0006810	-0.0005573	-0.0004241	-0.0002854	-0.0001381	+0.0000177	+0.0001758	+0.0003318	+0.0004797	+0.0006215	+0.0007562	+0.0008827	+0.0010003	+0.0011106	+0.0012119	+0.0013115	+0.0014048
2014-08	0.013	-0.0009926	-0.0009177	-0.0008409	-0.0007576	-0.0006692	-0.0005750	-0.0004744	-0.0003667	-0.0002523	-0.0001350	-0.0000151	+0.0001051	+0.0002213	+0.0003297	+0.0004299	+0.0005220	+0.0006087	+0.0006892	+0.0007662	+0.0008401	+0.0009096
2014-09	0.021	-0.0009952	-0.0008932	-0.0007914	-0.0006859	-0.0005725	-0.0004523	-0.0003237	-0.0001876	-0.0000434	+0.0001018	+0.0002484	+0.0003925	+0.0005321	+0.0006632	+0.0007839	+0.0008974	+0.0010012	+0.0010962	+0.0011831	+0.0012635	+0.0013421
2014-10	0.008	-0.0015235	-0.0013491	-0.0011655	-0.0009794	-0.0007876	-0.0005916	-0.0003863	-0.0001759	+0.0000393	+0.0002526	+0.0004635	+0.0006651	+0.0008551	+0.0010300	+0.0011895	+0.0013350	+0.0014677	+0.0015875	+0.0016998	+0.0018031	+0.0019002
2014-11	0.053	-0.0018215	-0.0016240	-0.0014215	-0.0012075	-0.0009781	-0.0007420	-0.0004920	-0.0002320	+0.0000385	+0.0003145	+0.0005881	+0.0008522	+0.0011030	+0.0013342	+0.0015428	+0.0017332	+0.0019078	+0.0020690	+0.0022180	+0.0023604	+0.0024969
2014-12	0.008	-0.0032405	-0.0028372	-0.0024075	-0.0019543	-0.0014827	-0.0010016	-0.0005130	-0.0000128	+0.0005022	+0.0010079	+0.0014855	+0.0019374	+0.0023520	+0.0027120	+0.0030268	+0.0032984	+0.0035393	+0.0037563	+0.0039558	+0.0041444	+0.0043204
2015-01	-0.011	-0.0032885	-0.0028958	-0.0025107	-0.0021060	-0.0016807	-0.0012456	-0.0007952	-0.0003194	+0.0001776	+0.0006797	+0.0011734	+0.0016507	+0.0021014	+0.0025124	+0.0028865	+0.0032264	+0.0035357	+0.0038173	+0.0040685	+0.0043049	+0.0045169
2015-02	-0.003	-0.0026551	-0.0023911	-0.0021138	-0.0018171	-0.0015087	-0.0011816	-0.0008322	-0.0004601	-0.0000682	+0.0003403	+0.0007541	+0.0011667	+0.0015664	+0.0019360	+0.0022898	+0.0026206	+0.0029268	+0.0032164	+0.0034916	+0.0037476	+0.0039764
