2012-04	-0.025	-0.0056349	-0.0050334	-0.0044085	-0.0037545	-0.0030522	-0.0023139	-0.0015585	-0.0007859	+0.0000105	+0.0008014	+0.0015628	+0.0022843	+0.0029519	+0.0035398	+0.0040578	+0.0045150	+0.0049186	+0.0052831	+0.0056064	+0.0059003	+0.0061727
2012-05	-0.092	-0.0035717	-0.0031702	-0.0027431	-0.0023146	-0.0018708	-0.0014184	-0.0009458	-0.0004387	+0.0000919	+0.0006336	+0.0011712	+0.0016931	+0.0021804	+0.0026303	+0.0030455	+0.0034222	+0.0037703	+0.0040927	+0.0043822	+0.0046426	+0.0048947
2012-06	0.002	-0.0047079	-0.0044484	-0.0041795	-0.0038880	-0.0035658	-0.0032215	-0.0028546	-0.0024520	-0.0020260	-0.0015729	-0.0010960	-0.0006113	-0.0001472	+0.0003039	+0.0007302	+0.0011345	+0.0015133	+0.0018637	+0.0021945	+0.0025110	+0.0028219
2012-07	0.019	-0.0065985	-0.0063309	-0.0060454	-0.0057423	-0.0053975	-0.0050096	-0.0045698	-0.0040720	-0.0034996	-0.0028447	-0.0021241	-0.0013564	-0.0005663	+0.0002180	+0.0009876	+0.0017441	+0.0024673	+0.0031687	+0.0038482	+0.0044722	+0.0050809
2012-08	0.010	-0.0053775	-0.0051118	-0.0048262	-0.0045220	-0.0041886	-0.0038250	-0.0034259	-0.0029763	-0.0024834	-0.0019500	-0.0013803	-0.0007808	-0.0001713	+0.0004309	+0.0010170	+0.0015819	+0.0021304	+0.0026360	+0.0031041	+0.0035664	+0.0040027
2012-09	0.045	-0.0036806	-0.0034563	-0.0032089	-0.0029382	-0.0026543	-0.0023453	-0.0020206	-0.0016672	-0.0012893	-0.0008904	-0.0004770	-0.0000620	+0.0003409	+0.0007297	+0.0010946	+0.0014394	+0.0017636	+0.0020656	+0.0023544	+0.0026275	+0.0028902
2012-10	0.014	-0.0030632	-0.0027641	-0.0024320	-0.0020922	-0.0017281	-0.0013433	-0.0009406	-0.0005135	-0.0000553	+0.0004191	+0.0008981	+0.0013689	+0.0018300	+0.0022631	+0.0026650	+0.0030438	+0.0033954	+0.0037167	+0.0040163	+0.0042948	+0.0045597
2012-11	0.015	-0.0029957	-0.0026991	-0.0023818	-0.0020570	-0.0017136	-0.0013531	-0.0009684	-0.0005587	-0.0001277	+0.0003149	+0.0007579	+0.0012015	+0.0016227	+0.0020221	+0.0024001	+0.0027500	+0.0030815	+0.0033976	+0.0036819	+0.0039495	+0.0041916
2012-12	0.054	-0.0031087	-0.0027895	-0.0024348	-0.0020744	-0.0016890	-0.0012847	-0.0008559	-0.0004087	+0.0000582	+0.0005259	+0.0009997	+0.0014643	+0.0019075	+0.0023226	+0.0027089	+0.0030712	+0.0033969	+0.0036942	+0.0039692	+0.0042401	+0.0044988
2013-01	0.095	-0.0042404	-0.0037464	-0.0032285	-0.0026599	-0.0020658	-0.0014627	-0.0008202	-0.0001673	+0.0005012	+0.0011630	+0.0018118	+0.0024229	+0.0029903	+0.0035076	+0.0039634	+0.0043710	+0.0047438	+0.0050829	+0.0053979	+0.0056824	+0.0059533
2013-02	0.008	-0.0052922	-0.0046009	-0.0039528	-0.0032617	-0.0025413	-0.0017671	-0.0009889	-0.0001641	+0.0006551	+0.0014884	+0.0022842	+0.0030402	+0.0037314	+0.0043426	+0.0048768	+0.0053565	+0.0057788	+0.0061637	+0.0065121	+0.0068310	+0.0071231
2013-03	0.010	-0.0050956	-0.0045041	-0.0038828	-0.0032008	-0.0025065	-0.0017860	-0.0010127	-0.0001892	+0.0006356	+0.0014655	+0.0022840	+0.0030500	+0.0037495	+0.0043657	+0.0049050	+0.0053827	+0.0058133	+0.0061981	+0.0065591	+0.0068991	+0.0072028
2013-04	0.054	-0.0050244	-0.0044379	-0.0038006	-0.0031253	-0.0024205	-0.0016858	-0.0009148	-0.0001174	+0.0007149	+0.0015379	+0.0023365	+0.0030931	+0.0037867	+0.0043906	+0.0049242	+0.0054050	+0.0058321	+0.0062280	+0.0066014	+0.0069415	+0.0072583
2013-05	0.019	-0.0054559	-0.0047886	-0.0041242	-0.0034834	-0.0027841	-0.0020465	-0.0012708	-0.0004762	+0.0003400	+0.0011665	+0.0019773	+0.0027340	+0.0034316	+0.0040732	+0.0046531	+0.0051750	+0.0056398	+0.0060649	+0.0064642	+0.0068287	+0.0071447
2013-06	-0.101	-0.0039947	-0.0036019	-0.0031760	-0.0027282	-0.0022563	-0.0017531	-0.0012449	-0.0007074	-0.0001529	+0.0004167	+0.0009977	+0.0015705	+0.0021136	+0.0026181	+0.0030799	+0.0035047	+0.0039007	+0.0042589	+0.0045998	+0.0049170	+0.0052113
2013-07	-0.052	-0.0041693	-0.0038721	-0.0035575	-0.0032201	-0.0028588	-0.0024795	-0.0020690	-0.0016279	-0.0011528	-0.0006461	-0.0001217	+0.0004044	+0.0009188	+0.0014161	+0.0018840	+0.0023284	+0.0027404	+0.0031300	+0.0035004	+0.0038492	+0.0041687
2013-08	-0.087	-0.0054827	-0.0051291	-0.0047587	-0.0043698	-0.0039451	-0.0035002	-0.0030296	-0.0025333	-0.0020024	-0.0014418	-0.0008606	-0.0002745	+0.0002995	+0.0008563	+0.0013824	+0.0018748	+0.0023451	+0.0027798	+0.0031920	+0.0035854	+0.0039467
2013-09	0.059	-0.0094567	-0.0092166	-0.0089011	-0.0084959	-0.0080146	-0.0074597	-0.0068130	-0.0060749	-0.0052074	-0.0041915	-0.0030439	-0.0018093	-0.0005442	+0.0007557	+0.0020370	+0.0033693	+0.0047651	+0.0063102	+0.0081996	+0.0100000	+0.0100000
2013-10	0.044	-0.0086128	-0.0081972	-0.0077279	-0.0072105	-0.0066437	-0.0060166	-0.0053238	-0.0045804	-0.0037702	-0.0028932	-0.0019757	-0.0010265	-0.0000858	+0.0008230	+0.0017168	+0.0025815	+0.0034181	+0.0042052	+0.0049722	+0.0057243	+0.0065327
2013-11	0.013	-0.0065916	-0.0061446	-0.0056788	-0.0051856	-0.0046544	-0.0040933	-0.0035011	-0.0028679	-0.0021907	-0.0014758	-0.0007462	-0.0000156	+0.0006937	+0.0013530	+0.0019729	+0.0025541	+0.0030732	+0.0035726	+0.0040602	+0.0045360	+0.0049920
2013-12	0.032	-0.0056489	-0.0052017	-0.0047242	-0.0042207	-0.0037047	-0.0031589	-0.0025865	-0.0019660	-0.0013188	-0.0006447	+0.0000379	+0.0007092	+0.0013598	+0.0019676	+0.0025352	+0.0030594	+0.0035442	+0.0039860	+0.0043971	+0.0047777	+0.0051381
2014-01	-0.022	-0.0047055	-0.0041578	-0.0036067	-0.0030144	-0.0023983	-0.0017622	-0.0010962	-0.0004003	+0.0003079	+0.0010081	+0.0016898	+0.0023467	+0.0029505	+0.0034827	+0.0039611	+0.0043888	+0.0047730	+0.0051218	+0.0054439	+0.0057499	+0.0060475
2014-02	-0.001	-0.0028416	-0.0025498	-0.0022344	-0.0019020	-0.0015615	-0.0011968	-0.0008157	-0.0004181	+0.0000024	+0.0004327	+0.0008610	+0.0012805	+0.0016847	+0.0020626	+0.0024088	+0.0027268	+0.0030119	+0.0032726	+0.0035101	+0.0037390	+0.0039514
2014-03	0.048	-0.0027089	-0.0024654	-0.0022133	-0.0019345	-0.0016407	-0.0013281	-0.0010070	-0.0006642	-0.0003062	+0.0000559	+0.0004228	+0.0007841	+0.0011326	+0.0014614	+0.0017641	+0.0020410	+0.0022981	+0.0025325	+0.0027504	+0.0029548	+0.0031459
2014-04	-0.001	-0.0025763	-0.0023171	-0.0020510	-0.0017729	-0.0014774	-0.0011584	-0.0008114	-0.0004495	-0.0000635	+0.0003284	+0.0007223	+0.0011074	+0.0014804	+0.0018263	+0.0021418	+0.0024333	+0.0026933	+0.0029377	+0.0031595	+0.0033707	+0.0035692
2014-05	0.032	-0.0025245	-0.0022863	-0.0020403	-0.0017789	-0.0015110	-0.0012262	-0.0009245	-0.0006042	-0.0002667	+0.0000803	+0.0004338	+0.0007808	+0.0011124	+0.0014243	+0.0017118	+0.0019768	+0.0022204	+0.0024476	+0.0026630	+0.0028549	+0.0030333
2014-06	-0.013	-0.0028435	-0.0024857	-0.0021037	-0.0017080	-0.0013119	-0.0008937	-0.0004668	-0.0000292	+0.0004147	+0.0008598	+0.0012938	+0.0017016	+0.0020761	+0.0024089	+0.0027071	+0.0029798	+0.0032170	+0.0034312	+0.0036314	+0.0038175	+0.0039970
2014-07	0.017	-0.0024902	-0.0022052	-0.0019010	-0.0015836	-0.0012583	-0.0009064	-0.0005477	-0.0001804	+0.0001954	+0.0005727	+0.0009448	+0.0012984	+0.0016326	+0.0019336	+0.0022042	+0.0024539	+0.0026780	+0.0028762	+0.0030658	+0.0032392	+0.0034013
2014-08	0.005	-0.0015547	-0.0014067	-0.0012455	-0.0010793	-0.0009039	-0.0007222	-0.0005271	-0.0003190	-0.0000986	+0.0001296	+0.0003605	+0.0005886	+0.0008098	+0.0010170	+0.0012087	+0.0013885	+0.0015542	+0.0017065	+0.0018480	+0.0019864	+0.0021122
2014-09	0.041	-0.0018027	-0.0016217	-0.0014380	-0.0012419	-0.0010291	-0.0008028	-0.0005653	-0.0003129	-0.0000473	+0.0002278	+0.0005024	+0.0007697	+0.0010258	+0.0012684	+0.0014924	+0.0016999	+0.0018905	+0.0020677	+0.0022319	+0.0023801	+0.0025201
2014-10	0.017	-0.0020512	-0.0018381	-0.0016194	-0.0013938	-0.0011424	-0.0008861	-0.0006121	-0.0003280	-0.0000348	+0.0002609	+0.0005581	+0.0008501	+0.0011227	+0.0013809	+0.0016217	+0.0018436	+0.0020461	+0.0022309	+0.0024024	+0.0025674	+0.0027230
2014-11	0.074	-0.0024235	-0.0021414	-0.0018381	-0.0015085	-0.0011775	-0.0008502	-0.0005029	-0.0001335	+0.0002382	+0.0006155	+0.0009830	+0.0013297	+0.0016517	+0.0019456	+0.0022091	+0.0024456	+0.0026595	+0.0028562	+0.0030386	+0.0032086	+0.0033706
2014-12	0.002	-0.0042503	-0.0037117	-0.0030992	-0.0025031	-0.0018749	-0.0011892	-0.0005365	+0.0001461	+0.0008440	+0.0015010	+0.0021343	+0.0027506	+0.0033085	+0.0037645	+0.0041498	+0.0044911	+0.0047967	+0.0050748	+0.0053359	+0.0055765	+0.0058042
2015-01	0.026	-0.0043802	-0.0038437	-0.0032875	-0.0027153	-0.0021016	-0.0014920	-0.0008719	-0.0002230	+0.0004379	+0.0011086	+0.0017513	+0.0023546	+0.0029058	+0.0034044	+0.0038484	+0.0042447	+0.0045941	+0.0049054	+0.0051839	+0.0054476	+0.0056893
2015-02	0.001	-0.0040741	-0.0035848	-0.0030682	-0.0025186	-0.0019761	-0.0013822	-0.0007752	-0.0001556	+0.0004865	+0.0011219	+0.0017322	+0.0023208	+0.0028631	+0.0033564	+0.0038044	+0.0042028	+0.0045641	+0.0049006	+0.0051997	+0.0054711	+0.0057223
