2011-05	-0.026	-0.0026525	-0.0023527	-0.0020388	-0.0017118	-0.0013533	-0.0009844	-0.0005887	-0.0001761	+0.0002467	+0.0006885	+0.0011298	+0.0015547	+0.0019630	+0.0023427	+0.0026944	+0.0030141	+0.0033061	+0.0035821	+0.0038387	+0.0040742	+0.0042897
2011-06	-0.000	-0.0027269	-0.0024793	-0.0022263	-0.0019451	-0.0016484	-0.0013258	-0.0009736	-0.0005978	-0.0002069	+0.0002006	+0.0006203	+0.0010317	+0.0014243	+0.0017950	+0.0021437	+0.0024692	+0.0027728	+0.0030496	+0.0032993	+0.0035300	+0.0037532
2011-07	-0.027	-0.0026817	-0.0024445	-0.0022034	-0.0019367	-0.0016454	-0.0013310	-0.0009952	-0.0006398	-0.0002664	+0.0001183	+0.0005140	+0.0009080	+0.0012827	+0.0016358	+0.0019699	+0.0022895	+0.0025800	+0.0028468	+0.0030914	+0.0033134	+0.0035318
2011-08	0.025	-0.0032098	-0.0029917	-0.0027719	-0.0025318	-0.0022755	-0.0020038	-0.0017143	-0.0014038	-0.0010757	-0.0007340	-0.0003793	-0.0000291	+0.0003089	+0.0006250	+0.0009177	+0.0011903	+0.0014421	+0.0016833	+0.0019067	+0.0021110	+0.0022989
2011-09	-0.050	-0.0024731	-0.0022889	-0.0020942	-0.0018810	-0.0016488	-0.0014053	-0.0011389	-0.0008577	-0.0005596	-0.0002467	+0.0000741	+0.0003933	+0.0007036	+0.0010001	+0.0012705	+0.0015194	+0.0017488	+0.0019704	+0.0021751	+0.0023620	+0.0025410
2011-10	0.032	-0.0032826	-0.0031034	-0.0029235	-0.0027272	-0.0025081	-0.0022641	-0.0019965	-0.0017027	-0.0013843	-0.0010450	-0.0006842	-0.0003150	+0.0000554	+0.0004225	+0.0007817	+0.0011287	+0.0014598	+0.0017743	+0.0020839	+0.0023859	+0.0026805
2011-11	-0.066	-0.0029514	-0.0027504	-0.0025375	-0.0023146	-0.0020866	-0.0018395	-0.0015728	-0.0012844	-0.0009768	-0.0006576	-0.0003239	+0.0000200	+0.0003608	+0.0006881	+0.0009940	+0.0012815	+0.0015445	+0.0017928	+0.0020183	+0.0022247	+0.0024142
2011-12	0.002	-0.0040912	-0.0038581	-0.0036140	-0.0033460	-0.0030605	-0.0027595	-0.0024316	-0.0020684	-0.0016774	-0.0012538	-0.0008116	-0.0003588	+0.0000888	+0.0005331	+0.0009682	+0.0013772	+0.0017608	+0.0021184	+0.0024620	+0.0028043	+0.0031258
2012-01	-0.002	-0.0042448	-0.0040157	-0.0037728	-0.0035201	-0.0032444	-0.0029419	-0.0026065	-0.0022433	-0.0018521	-0.0014276	-0.0009780	-0.0005129	-0.0000347	+0.0004275	+0.0008655	+0.0012920	+0.0016908	+0.0020790	+0.0024382	+0.0027837	+0.0031277
2012-02	0.073	-0.0031754	-0.0029519	-0.0027111	-0.0024514	-0.0021864	-0.0019091	-0.0016105	-0.0012918	-0.0009506	-0.0005973	-0.0002347	+0.0001300	+0.0004855	+0.0008255	+0.0011414	+0.0014408	+0.0017216	+0.0019859	+0.0022278	+0.0024521	+0.0026687
2012-03	0.007	-0.0027750	-0.0025504	-0.0023170	-0.0020699	-0.0018046	-0.0015133	-0.0012030	-0.0008715	-0.0005242	-0.0001601	+0.0002126	+0.0005829	+0.0009422	+0.0012843	+0.0016026	+0.0018945	+0.0021635	+0.0024162	+0.0026485	+0.0028733	+0.0030700
2012-04	-0.015	-0.0029663	-0.0026549	-0.0023542	-0.0020097	-0.0016427	-0.0012696	-0.0008870	-0.0004857	-0.0000669	+0.0003617	+0.0007859	+0.0011955	+0.0015787	+0.0019339	+0.0022652	+0.0025660	+0.0028313	+0.0030785	+0.0033085	+0.0035303	+0.0037314
2012-05	-0.054	-0.0026628	-0.0023535	-0.0020418	-0.0017067	-0.0013518	-0.0009701	-0.0005706	-0.0001578	+0.0002637	+0.0006910	+0.0011132	+0.0015197	+0.0019073	+0.0022596	+0.0025818	+0.0028819	+0.0031559	+0.0034077	+0.0036333	+0.0038455	+0.0040417
2012-06	-0.008	-0.0023205	-0.0021413	-0.0019501	-0.0017399	-0.0015202	-0.0012871	-0.0010362	-0.0007615	-0.0004686	-0.0001630	+0.0001526	+0.0004724	+0.0007860	+0.0010885	+0.0013700	+0.0016337	+0.0018778	+0.0021032	+0.0023164	+0.0025125	+0.0027099
2012-07	-0.011	-0.0033903	-0.0032197	-0.0030335	-0.0028324	-0.0026165	-0.0023817	-0.0021253	-0.0018394	-0.0015305	-0.0011989	-0.0008493	-0.0004842	-0.0001144	+0.0002492	+0.0005996	+0.0009278	+0.0012391	+0.0015378	+0.0018258	+0.0021044	+0.0023505
2012-08	0.025	-0.0040286	-0.0038531	-0.0036665	-0.0034597	-0.0032354	-0.0029854	-0.0027012	-0.0023742	-0.0020114	-0.0016072	-0.0011611	-0.0006880	-0.0002053	+0.0002862	+0.0007734	+0.0012500	+0.0016931	+0.0021316	+0.0025235	+0.0029186	+0.0033053
2012-09	0.011	-0.0026583	-0.0024982	-0.0023335	-0.0021570	-0.0019621	-0.0017549	-0.0015318	-0.0012865	-0.0010219	-0.0007474	-0.0004651	-0.0001813	+0.0000983	+0.0003696	+0.0006261	+0.0008727	+0.0011030	+0.0013228	+0.0015275	+0.0017259	+0.0019051
2012-10	0.025	-0.0018626	-0.0017164	-0.0015548	-0.0013848	-0.0011995	-0.0009995	-0.0007859	-0.0005580	-0.0003169	-0.0000652	+0.0001948	+0.0004545	+0.0007072	+0.0009484	+0.0011751	+0.0013852	+0.0015825	+0.0017632	+0.0019323	+0.0020974	+0.0022556
2012-11	0.032	-0.0017060	-0.0015334	-0.0013555	-0.0011744	-0.0009770	-0.0007642	-0.0005379	-0.0003021	-0.0000527	+0.0002015	+0.0004603	+0.0007199	+0.0009717	+0.0012104	+0.0014322	+0.0016370	+0.0018250	+0.0020002	+0.0021604	+0.0023105	+0.0024515
2012-12	0.068	-0.0025749	-0.0022391	-0.0019212	-0.0015670	-0.0012045	-0.0008356	-0.0004373	-0.0000337	+0.0003789	+0.0007892	+0.0011804	+0.0015529	+0.0018922	+0.0021976	+0.0024693	+0.0027095	+0.0029235	+0.0031162	+0.0032911	+0.0034483	+0.0035896
2013-01	0.045	-0.0036524	-0.0031671	-0.0026540	-0.0021454	-0.0016154	-0.0010354	-0.0004590	+0.0001353	+0.0007471	+0.0013343	+0.0018855	+0.0024218	+0.0029046	+0.0033017	+0.0036311	+0.0039088	+0.0041533	+0.0043730	+0.0045732	+0.0047592	+0.0049247
2013-02	-0.003	-0.0050308	-0.0043898	-0.0036938	-0.0030133	-0.0023022	-0.0015354	-0.0007786	-0.0000035	+0.0008284	+0.0016118	+0.0023523	+0.0030678	+0.0037123	+0.0042457	+0.0046830	+0.0050489	+0.0053722	+0.0056646	+0.0059295	+0.0061684	+0.0063910
2013-03	0.000	-0.0040370	-0.0035490	-0.0030471	-0.0025183	-0.0019504	-0.0013532	-0.0007256	-0.0000693	+0.0006041	+0.0012754	+0.0019281	+0.0025522	+0.0031198	+0.0036269	+0.0040709	+0.0044720	+0.0048378	+0.0051756	+0.0054797	+0.0057562	+0.0060058
2013-04	0.058	-0.0038277	-0.0033903	-0.0029436	-0.0024826	-0.0019680	-0.0014419	-0.0008869	-0.0003098	+0.0002951	+0.0009068	+0.0015011	+0.0020699	+0.0025937	+0.0030741	+0.0035124	+0.0039077	+0.0042694	+0.0046100	+0.0049280	+0.0052120	+0.0054833
2013-05	0.011	-0.0044624	-0.0039518	-0.0034430	-0.0029152	-0.0023636	-0.0017839	-0.0011837	-0.0005389	+0.0001346	+0.0008183	+0.0014957	+0.0021484	+0.0027743	+0.0033723	+0.0039332	+0.0044515	+0.0049275	+0.0053635	+0.0057725	+0.0061426	+0.0064925
2013-06	-0.034	-0.0030845	-0.0028141	-0.0025332	-0.0022267	-0.0019053	-0.0015681	-0.0012050	-0.0008111	-0.0003906	+0.0000557	+0.0005240	+0.0009930	+0.0014530	+0.0018937	+0.0023196	+0.0027225	+0.0031079	+0.0034712	+0.0038149	+0.0041447	+0.0044585
2013-07	0.012	-0.0028974	-0.0026746	-0.0024393	-0.0021813	-0.0019004	-0.0015949	-0.0012613	-0.0009004	-0.0005115	-0.0000879	+0.0003498	+0.0007935	+0.0012397	+0.0016798	+0.0020952	+0.0024927	+0.0028766	+0.0032341	+0.0035793	+0.0039059	+0.0042218
2013-08	-0.009	-0.0028278	-0.0025831	-0.0023092	-0.0020223	-0.0017046	-0.0013711	-0.0010225	-0.0006527	-0.0002581	+0.0001641	+0.0006077	+0.0010606	+0.0015062	+0.0019321	+0.0023366	+0.0027262	+0.0030940	+0.0034387	+0.0037774	+0.0041108	+0.0044222
2013-09	0.015	-0.0023945	-0.0022362	-0.0020666	-0.0018823	-0.0016831	-0.0014696	-0.0012451	-0.0010101	-0.0007634	-0.0005037	-0.0002387	+0.0000259	+0.0002855	+0.0005338	+0.0007652	+0.0009770	+0.0011698	+0.0013484	+0.0015201	+0.0016824	+0.0018337
2013-10	0.025	-0.0020659	-0.0019120	-0.0017439	-0.0015686	-0.0013851	-0.0011880	-0.0009789	-0.0007568	-0.0005191	-0.0002711	-0.0000170	+0.0002333	+0.0004764	+0.0007070	+0.0009230	+0.0011246	+0.0013117	+0.0014864	+0.0016488	+0.0018027	+0.0019446
2013-11	0.026	-0.0016087	-0.0014468	-0.0012796	-0.0011064	-0.0009175	-0.0007221	-0.0005190	-0.0003031	-0.0000754	+0.0001593	+0.0003963	+0.0006295	+0.0008497	+0.0010568	+0.0012496	+0.0014247	+0.0015868	+0.0017399	+0.0018766	+0.0020024	+0.0021178
2013-12	0.023	-0.0018736	-0.0016740	-0.0014571	-0.0012449	-0.0010123	-0.0007648	-0.0005060	-0.0002362	+0.0000422	+0.0003219	+0.0006004	+0.0008693	+0.0011205	+0.0013551	+0.0015713	+0.0017717	+0.0019566	+0.0021294	+0.0022818	+0.0024213	+0.0025467
2014-01	-0.018	-0.0027391	-0.0024044	-0.0020511	-0.0016805	-0.0013075	-0.0009148	-0.0005003	-0.0000862	+0.0003358	+0.0007593	+0.0011582	+0.0015315	+0.0018674	+0.0021567	+0.0024086	+0.0026259	+0.0028151	+0.0029857	+0.0031435	+0.0032899	+0.0034234
2014-02	0.008	-0.0017516	-0.0015437	-0.0013355	-0.0011219	-0.0008885	-0.0006465	-0.0003972	-0.0001356	+0.0001385	+0.0004185	+0.0006942	+0.0009600	+0.0012147	+0.0014531	+0.0016757	+0.0018802	+0.0020681	+0.0022401	+0.0023996	+0.0025448	+0.0026754
2014-03	0.012	-0.0019290	-0.0017107	-0.0014901	-0.0012615	-0.0010193	-0.0007611	-0.0004855	-0.0002009	+0.0000966	+0.0003960	+0.0006946	+0.0009810	+0.0012515	+0.0014981	+0.0017250	+0.0019333	+0.0021195	+0.0022894	+0.0024473	+0.0025961	+0.0027392
2014-04	0.002	-0.0013649	-0.0012359	-0.0011005	-0.0009561	-0.0008046	-0.0006413	-0.0004670	-0.0002804	-0.0000779	+0.0001340	+0.0003496	+0.0005673	+0.0007773	+0.0009767	+0.0011643	+0.0013400	+0.0015041	+0.0016568	+0.0017993	+0.0019351	+0.0020637
2014-05	-0.008	-0.0012526	-0.0011413	-0.0010289	-0.0009066	-0.0007718	-0.0006273	-0.0004719	-0.0003040	-0.0001257	+0.0000596	+0.0002515	+0.0004418	+0.0006283	+0.0008050	+0.0009693	+0.0011196	+0.0012596	+0.0013903	+0.0015135	+0.0016272	+0.0017318
2014-06	0.003	-0.0011042	-0.0009957	-0.0008791	-0.0007547	-0.0006266	-0.0004890	-0.0003381	-0.0001767	-0.0000105	+0.0001620	+0.0003402	+0.0005171	+0.0006882	+0.0008500	+0.0010046	+0.0011480	+0.0012825	+0.0014086	+0.0015277	+0.0016343	+0.0017375
2014-07	0.005	-0.0011089	-0.0010208	-0.0009274	-0.0008261	-0.0007129	-0.0005908	-0.0004612	-0.0003234	-0.0001774	-0.0000243	+0.0001320	+0.0002879	+0.0004414	+0.0005893	+0.0007268	+0.0008561	+0.0009782	+0.0010927	+0.0011965	+0.0012939	+0.0013834
2014-08	0.008	-0.0009469	-0.0008768	-0.0008055	-0.0007315	-0.0006522	-0.0005667	-0.0004737	-0.0003734	-0.0002681	-0.0001609	-0.0000517	+0.0000577	+0.0001630	+0.0002625	+0.0003548	+0.0004415	+0.0005210	+0.0005951	+0.0006644	+0.0007306	+0.0007941
2014-09	0.008	-0.0008220	-0.0007570	-0.0006898	-0.0006183	-0.0005410	-0.0004574	-0.0003696	-0.0002730	-0.0001712	-0.0000640	+0.0000454	+0.0001543	+0.0002595	+0.0003600	+0.0004523	+0.0005397	+0.0006200	+0.0006939	+0.0007631	+0.0008288	+0.0008914
2014-10	-0.001	-0.0010306	-0.0009313	-0.0008230	-0.0007115	-0.0005920	-0.0004642	-0.0003305	-0.0001902	-0.0000439	+0.0001067	+0.0002556	+0.0004026	+0.0005428	+0.0006738	+0.0007944	+0.0009041	+0.0010048	+0.0010971	+0.0011841	+0.0012658	+0.0013406
2014-11	0.061	-0.0009489	-0.0008631	-0.0007721	-0.0006725	-0.0005664	-0.0004538	-0.0003369	-0.0002117	-0.0000789	+0.0000589	+0.0002016	+0.0003431	+0.0004791	+0.0006094	+0.0007277	+0.0008366	+0.0009377	+0.0010321	+0.0011193	+0.0011999	+0.0012750
2014-12	0.005	-0.0025028	-0.0021827	-0.0018680	-0.0015423	-0.0011886	-0.0008312	-0.0004561	-0.0000793	+0.0003018	+0.0006788	+0.0010469	+0.0014011	+0.0017243	+0.0020152	+0.0022792	+0.0025243	+0.0027499	+0.0029521	+0.0031445	+0.0033188	+0.0034910
2015-01	-0.057	-0.0024438	-0.0021586	-0.0018615	-0.0015489	-0.0012215	-0.0008777	-0.0005184	-0.0001509	+0.0002155	+0.0005904	+0.0009608	+0.0013141	+0.0016391	+0.0019378	+0.0022079	+0.0024605	+0.0026880	+0.0028945	+0.0030857	+0.0032679	+0.0034425
2015-02	0.009	-0.0022607	-0.0020740	-0.0018824	-0.0016822	-0.0014673	-0.0012369	-0.0009900	-0.0007280	-0.0004460	-0.0001498	+0.0001521	+0.0004573	+0.0007588	+0.0010486	+0.0013178	+0.0015737	+0.0018130	+0.0020428	+0.0022564	+0.0024530	+0.0026390
