2013-09	0.118	-0.0080992	-0.0075780	-0.0070111	-0.0063795	-0.0057132	-0.0049959	-0.0042277	-0.0033941	-0.0024998	-0.0015637	-0.0006039	+0.0003557	+0.0012836	+0.0021646	+0.0029987	+0.0037670	+0.0044879	+0.0051678	+0.0058111	+0.0064488	+0.0070883
2013-10	-0.018	-0.0070910	-0.0064402	-0.0057452	-0.0049944	-0.0042195	-0.0034231	-0.0025706	-0.0016501	-0.0006855	+0.0003054	+0.0013174	+0.0023133	+0.0032797	+0.0041844	+0.0050343	+0.0058075	+0.0065161	+0.0071747	+0.0077886	+0.0083953	+0.0089875
2013-11	0.054	-0.0053201	-0.0048265	-0.0043298	-0.0038101	-0.0032616	-0.0026880	-0.0020681	-0.0014079	-0.0007088	+0.0000278	+0.0007801	+0.0015230	+0.0022345	+0.0029004	+0.0035288	+0.0040990	+0.0046272	+0.0051200	+0.0055866	+0.0060454	+0.0064723
2013-12	0.036	-0.0051826	-0.0046705	-0.0041227	-0.0035615	-0.0029843	-0.0023719	-0.0017330	-0.0010611	-0.0003734	+0.0003316	+0.0010467	+0.0017487	+0.0024170	+0.0030436	+0.0036325	+0.0041813	+0.0046890	+0.0051595	+0.0055815	+0.0059789	+0.0063436
2014-01	-0.054	-0.0060627	-0.0053738	-0.0046444	-0.0038996	-0.0030773	-0.0022387	-0.0013619	-0.0004687	+0.0004372	+0.0013411	+0.0022252	+0.0030624	+0.0038380	+0.0045242	+0.0051405	+0.0057011	+0.0062106	+0.0066705	+0.0070923	+0.0074772	+0.0078403
2014-02	-0.016	-0.0039028	-0.0035802	-0.0032352	-0.0028600	-0.0024722	-0.0020652	-0.0016151	-0.0011370	-0.0006352	-0.0001118	+0.0004221	+0.0009644	+0.0014925	+0.0019950	+0.0024664	+0.0029091	+0.0033210	+0.0036971	+0.0040458	+0.0043724	+0.0046886
2014-03	-0.006	-0.0052478	-0.0048445	-0.0044149	-0.0039378	-0.0034334	-0.0029025	-0.0023369	-0.0017328	-0.0011019	-0.0004518	+0.0002127	+0.0008717	+0.0015123	+0.0021166	+0.0026739	+0.0031922	+0.0036752	+0.0041188	+0.0045359	+0.0049266	+0.0052992
2014-04	-0.035	-0.0064486	-0.0060025	-0.0055371	-0.0050422	-0.0045036	-0.0039481	-0.0033526	-0.0027109	-0.0020260	-0.0013042	-0.0005704	+0.0001678	+0.0008771	+0.0015503	+0.0021694	+0.0027478	+0.0032970	+0.0038096	+0.0042930	+0.0047365	+0.0051571
2014-05	0.037	-0.0074365	-0.0070114	-0.0065495	-0.0060471	-0.0055026	-0.0049149	-0.0042852	-0.0035944	-0.0028620	-0.0020850	-0.0012925	-0.0004894	+0.0002974	+0.0010733	+0.0018024	+0.0024893	+0.0031270	+0.0037269	+0.0043020	+0.0048469	+0.0053918
2014-06	0.056	-0.0044815	-0.0040961	-0.0036869	-0.0032646	-0.0028077	-0.0023165	-0.0017929	-0.0012303	-0.0006356	-0.0000214	+0.0006029	+0.0012258	+0.0018340	+0.0024115	+0.0029494	+0.0034527	+0.0039290	+0.0043832	+0.0048019	+0.0051911	+0.0055740
2014-07	0.025	-0.0039685	-0.0036158	-0.0032386	-0.0028365	-0.0024076	-0.0019524	-0.0014582	-0.0009279	-0.0003683	+0.0002069	+0.0007882	+0.0013663	+0.0019258	+0.0024545	+0.0029482	+0.0034018	+0.0038310	+0.0042225	+0.0045776	+0.0049155	+0.0052174
2014-08	-0.008	-0.0038080	-0.0034303	-0.0030326	-0.0026110	-0.0021766	-0.0017265	-0.0012415	-0.0007249	-0.0001825	+0.0003660	+0.0009234	+0.0014756	+0.0020027	+0.0024966	+0.0029520	+0.0033642	+0.0037461	+0.0040963	+0.0044226	+0.0047205	+0.0050117
2014-09	0.029	-0.0035827	-0.0031840	-0.0027712	-0.0023396	-0.0019110	-0.0014373	-0.0009421	-0.0004451	+0.0000706	+0.0006078	+0.0011342	+0.0016450	+0.0021299	+0.0025830	+0.0030032	+0.0033987	+0.0037680	+0.0041122	+0.0044190	+0.0046886	+0.0049318
2014-10	0.008	-0.0034949	-0.0030949	-0.0026958	-0.0022751	-0.0018373	-0.0013839	-0.0009187	-0.0004350	+0.0000594	+0.0005689	+0.0010686	+0.0015409	+0.0019835	+0.0023913	+0.0027645	+0.0031035	+0.0034124	+0.0036908	+0.0039476	+0.0041838	+0.0044026
2014-11	0.044	-0.0036220	-0.0033159	-0.0029892	-0.0026387	-0.0022632	-0.0018770	-0.0014531	-0.0010074	-0.0005347	-0.0000428	+0.0004650	+0.0009743	+0.0014717	+0.0019479	+0.0023937	+0.0028155	+0.0032042	+0.0035738	+0.0039141	+0.0042294	+0.0045282
2014-12	0.013	-0.0042992	-0.0038997	-0.0034868	-0.0030425	-0.0025729	-0.0020480	-0.0014908	-0.0008941	-0.0002605	+0.0004043	+0.0010828	+0.0017554	+0.0024096	+0.0030394	+0.0036269	+0.0041783	+0.0047003	+0.0052014	+0.0056769	+0.0061191	+0.0065439
2015-01	0.008	-0.0056351	-0.0051092	-0.0045404	-0.0039573	-0.0033555	-0.0027162	-0.0020320	-0.0013129	-0.0005598	+0.0002217	+0.0010076	+0.0017914	+0.0025608	+0.0032894	+0.0039727	+0.0046074	+0.0052040	+0.0057582	+0.0062509	+0.0067165	+0.0071742
2015-02	-0.008	-0.0048127	-0.0043486	-0.0038353	-0.0032982	-0.0027337	-0.0021260	-0.0014720	-0.0007673	-0.0000377	+0.0007202	+0.0015026	+0.0022831	+0.0030372	+0.0037520	+0.0044305	+0.0050641	+0.0056533	+0.0062097	+0.0067390	+0.0072274	+0.0076832
