2011-05	-0.020	-0.0039692	-0.0036141	-0.0032452	-0.0028696	-0.0024594	-0.0020302	-0.0015649	-0.0010831	-0.0005799	-0.0000665	+0.0004542	+0.0009669	+0.0014569	+0.0019198	+0.0023524	+0.0027515	+0.0031265	+0.0034744	+0.0038038	+0.0041013	+0.0043802
2011-06	-0.008	-0.0044781	-0.0041264	-0.0037606	-0.0033741	-0.0029606	-0.0025136	-0.0020492	-0.0015745	-0.0010802	-0.0005675	-0.0000466	+0.0004683	+0.0009707	+0.0014486	+0.0018982	+0.0023159	+0.0026930	+0.0030518	+0.0033835	+0.0036815	+0.0039659
2011-07	-0.021	-0.0046578	-0.0043307	-0.0039746	-0.0035939	-0.0031854	-0.0027664	-0.0023204	-0.0018439	-0.0013359	-0.0008070	-0.0002617	+0.0002676	+0.0007821	+0.0012712	+0.0017269	+0.0021520	+0.0025415	+0.0029079	+0.0032539	+0.0035823	+0.0038850
2011-08	-0.060	-0.0033413	-0.0031392	-0.0029231	-0.0026942	-0.0024422	-0.0021751	-0.0018918	-0.0015909	-0.0012681	-0.0009269	-0.0005792	-0.0002304	+0.0001104	+0.0004388	+0.0007450	+0.0010257	+0.0012878	+0.0015297	+0.0017602	+0.0019794	+0.0021954
2011-09	-0.042	-0.0054712	-0.0051780	-0.0048664	-0.0045321	-0.0041671	-0.0037701	-0.0033432	-0.0028659	-0.0023449	-0.0017817	-0.0011917	-0.0005846	+0.0000294	+0.0006294	+0.0012059	+0.0017623	+0.0023036	+0.0028090	+0.0032785	+0.0037410	+0.0041885
2011-10	0.045	-0.0066363	-0.0063116	-0.0059641	-0.0055679	-0.0051420	-0.0046816	-0.0041812	-0.0036324	-0.0030346	-0.0023790	-0.0016731	-0.0009291	-0.0001711	+0.0005672	+0.0013008	+0.0019776	+0.0026341	+0.0032553	+0.0038493	+0.0044528	+0.0050580
2011-11	-0.048	-0.0059694	-0.0056085	-0.0052415	-0.0048434	-0.0044180	-0.0039546	-0.0034574	-0.0029209	-0.0023474	-0.0017524	-0.0011326	-0.0005001	+0.0001288	+0.0007340	+0.0013104	+0.0018549	+0.0023667	+0.0028466	+0.0032896	+0.0037394	+0.0041609
2011-12	0.013	-0.0065471	-0.0061759	-0.0057767	-0.0053576	-0.0049057	-0.0044181	-0.0038856	-0.0033053	-0.0026775	-0.0020045	-0.0013024	-0.0005852	+0.0001280	+0.0008309	+0.0015071	+0.0021659	+0.0027713	+0.0033394	+0.0038745	+0.0043877	+0.0048686
2012-01	0.017	-0.0045898	-0.0042804	-0.0039572	-0.0036082	-0.0032367	-0.0028371	-0.0024134	-0.0019579	-0.0014699	-0.0009573	-0.0004345	+0.0000909	+0.0006069	+0.0010959	+0.0015555	+0.0019933	+0.0024023	+0.0027822	+0.0031415	+0.0034742	+0.0037725
2012-02	0.084	-0.0029179	-0.0026432	-0.0023578	-0.0020618	-0.0017391	-0.0013958	-0.0010262	-0.0006350	-0.0002180	+0.0002190	+0.0006630	+0.0011059	+0.0015363	+0.0019450	+0.0023313	+0.0026960	+0.0030344	+0.0033508	+0.0036408	+0.0039157	+0.0041692
2012-03	0.018	-0.0027656	-0.0024445	-0.0021213	-0.0017767	-0.0014013	-0.0010088	-0.0005886	-0.0001554	+0.0002911	+0.0007528	+0.0012122	+0.0016594	+0.0020867	+0.0024896	+0.0028646	+0.0032039	+0.0035130	+0.0037981	+0.0040646	+0.0043095	+0.0045450
2012-04	-0.021	-0.0039479	-0.0034740	-0.0029909	-0.0024770	-0.0019389	-0.0013929	-0.0008393	-0.0002500	+0.0003504	+0.0009484	+0.0015274	+0.0020775	+0.0025796	+0.0030228	+0.0034062	+0.0037395	+0.0040354	+0.0042945	+0.0045330	+0.0047518	+0.0049545
2012-05	-0.088	-0.0034050	-0.0030059	-0.0026025	-0.0021789	-0.0017147	-0.0012351	-0.0007523	-0.0002320	+0.0002936	+0.0008197	+0.0013353	+0.0018200	+0.0022765	+0.0026975	+0.0030781	+0.0034170	+0.0037222	+0.0040041	+0.0042556	+0.0044878	+0.0047097
2012-06	0.037	-0.0031650	-0.0029403	-0.0027107	-0.0024651	-0.0021980	-0.0019143	-0.0016071	-0.0012736	-0.0009170	-0.0005441	-0.0001602	+0.0002242	+0.0006054	+0.0009692	+0.0013118	+0.0016270	+0.0019229	+0.0021966	+0.0024528	+0.0026855	+0.0029042
2012-07	0.003	-0.0042924	-0.0040268	-0.0037479	-0.0034482	-0.0031280	-0.0027816	-0.0024134	-0.0020167	-0.0015882	-0.0011402	-0.0006814	-0.0002119	+0.0002462	+0.0006893	+0.0011075	+0.0015004	+0.0018657	+0.0021981	+0.0025202	+0.0028284	+0.0031148
2012-08	-0.001	-0.0047256	-0.0044623	-0.0041865	-0.0038824	-0.0035561	-0.0032030	-0.0028204	-0.0024013	-0.0019418	-0.0014453	-0.0009257	-0.0003896	+0.0001431	+0.0006571	+0.0011526	+0.0016323	+0.0020763	+0.0024999	+0.0029034	+0.0032744	+0.0036069
2012-09	0.020	-0.0035806	-0.0033643	-0.0031253	-0.0028701	-0.0025908	-0.0022903	-0.0019653	-0.0016170	-0.0012481	-0.0008619	-0.0004669	-0.0000700	+0.0003205	+0.0006929	+0.0010455	+0.0013756	+0.0016783	+0.0019665	+0.0022330	+0.0024895	+0.0027357
2012-10	0.011	-0.0026349	-0.0023496	-0.0020429	-0.0017092	-0.0013568	-0.0009887	-0.0006025	-0.0001958	+0.0002297	+0.0006616	+0.0010945	+0.0015209	+0.0019281	+0.0023086	+0.0026591	+0.0029769	+0.0032772	+0.0035554	+0.0038202	+0.0040585	+0.0042872
2012-11	0.030	-0.0022312	-0.0020552	-0.0018649	-0.0016638	-0.0014487	-0.0012207	-0.0009764	-0.0007124	-0.0004303	-0.0001354	+0.0001722	+0.0004780	+0.0007778	+0.0010678	+0.0013395	+0.0015908	+0.0018247	+0.0020500	+0.0022654	+0.0024670	+0.0026548
2012-12	0.061	-0.0023244	-0.0020802	-0.0018206	-0.0015584	-0.0012653	-0.0009643	-0.0006426	-0.0003025	+0.0000483	+0.0004082	+0.0007639	+0.0011093	+0.0014390	+0.0017482	+0.0020353	+0.0022987	+0.0025411	+0.0027695	+0.0029860	+0.0031854	+0.0033639
2013-01	0.069	-0.0036580	-0.0031916	-0.0027138	-0.0022093	-0.0016877	-0.0011353	-0.0005719	+0.0000040	+0.0005898	+0.0011658	+0.0017066	+0.0022192	+0.0026899	+0.0030964	+0.0034422	+0.0037408	+0.0040071	+0.0042411	+0.0044496	+0.0046452	+0.0048254
2013-02	0.017	-0.0051984	-0.0045061	-0.0037759	-0.0030845	-0.0023676	-0.0015520	-0.0007614	+0.0000317	+0.0008926	+0.0017054	+0.0024706	+0.0032168	+0.0038846	+0.0044297	+0.0048653	+0.0052315	+0.0055532	+0.0058348	+0.0060813	+0.0063092	+0.0065117
2013-03	0.052	-0.0049238	-0.0042921	-0.0036372	-0.0029752	-0.0023052	-0.0015707	-0.0007795	+0.0000240	+0.0008616	+0.0016866	+0.0024583	+0.0032077	+0.0038777	+0.0044288	+0.0048794	+0.0052545	+0.0055874	+0.0058828	+0.0061435	+0.0063992	+0.0066338
2013-04	0.054	-0.0059573	-0.0052795	-0.0044272	-0.0036053	-0.0028294	-0.0018633	-0.0008909	-0.0000157	+0.0010653	+0.0020918	+0.0029239	+0.0038230	+0.0046650	+0.0052669	+0.0057242	+0.0061042	+0.0064376	+0.0067283	+0.0069837	+0.0072263	+0.0074632
2013-05	-0.014	-0.0056043	-0.0048963	-0.0041706	-0.0034085	-0.0026474	-0.0018355	-0.0009860	-0.0001181	+0.0007781	+0.0016572	+0.0025037	+0.0033091	+0.0040287	+0.0046535	+0.0051933	+0.0056688	+0.0060827	+0.0064531	+0.0067889	+0.0071028	+0.0073933
2013-06	-0.032	-0.0041474	-0.0036806	-0.0031926	-0.0027029	-0.0021866	-0.0016478	-0.0010909	-0.0005138	+0.0000835	+0.0006960	+0.0012989	+0.0018811	+0.0024334	+0.0029448	+0.0034074	+0.0038224	+0.0041968	+0.0045475	+0.0048815	+0.0051887	+0.0054758
2013-07	0.009	-0.0034969	-0.0031864	-0.0028662	-0.0025168	-0.0021483	-0.0017577	-0.0013398	-0.0008951	-0.0004149	+0.0000851	+0.0005973	+0.0011135	+0.0016174	+0.0021012	+0.0025578	+0.0029695	+0.0033578	+0.0037209	+0.0040580	+0.0043657	+0.0046482
2013-08	-0.018	-0.0036031	-0.0032821	-0.0029603	-0.0026193	-0.0022594	-0.0018679	-0.0014532	-0.0010080	-0.0005349	-0.0000431	+0.0004568	+0.0009550	+0.0014445	+0.0019163	+0.0023629	+0.0027740	+0.0031548	+0.0035071	+0.0038394	+0.0041438	+0.0044379
2013-09	0.053	-0.0042097	-0.0039400	-0.0036622	-0.0033642	-0.0030545	-0.0027210	-0.0023528	-0.0019507	-0.0015262	-0.0010754	-0.0006041	-0.0001418	+0.0003094	+0.0007374	+0.0011444	+0.0015218	+0.0018764	+0.0022230	+0.0025414	+0.0028445	+0.0031433
2013-10	0.019	-0.0030466	-0.0027806	-0.0025059	-0.0022170	-0.0019071	-0.0015792	-0.0012255	-0.0008527	-0.0004643	-0.0000619	+0.0003527	+0.0007671	+0.0011694	+0.0015531	+0.0019152	+0.0022473	+0.0025594	+0.0028492	+0.0031151	+0.0033691	+0.0036056
2013-11	0.029	-0.0026629	-0.0024003	-0.0021188	-0.0018245	-0.0015222	-0.0012018	-0.0008627	-0.0005057	-0.0001338	+0.0002498	+0.0006303	+0.0010029	+0.0013586	+0.0016961	+0.0020069	+0.0022914	+0.0025574	+0.0027968	+0.0030189	+0.0032271	+0.0034203
2013-12	0.033	-0.0028725	-0.0025679	-0.0022483	-0.0019079	-0.0015485	-0.0011800	-0.0007917	-0.0003865	+0.0000249	+0.0004449	+0.0008588	+0.0012544	+0.0016291	+0.0019810	+0.0022999	+0.0025957	+0.0028657	+0.0031149	+0.0033458	+0.0035578	+0.0037554
2014-01	-0.039	-0.0040774	-0.0035727	-0.0030367	-0.0025025	-0.0019467	-0.0013557	-0.0007633	-0.0001498	+0.0004680	+0.0010834	+0.0016671	+0.0022121	+0.0027097	+0.0031405	+0.0035082	+0.0038304	+0.0041241	+0.0043867	+0.0046222	+0.0048298	+0.0050289
2014-02	0.005	-0.0024065	-0.0021759	-0.0019295	-0.0016691	-0.0013945	-0.0011025	-0.0007932	-0.0004619	-0.0001064	+0.0002645	+0.0006394	+0.0010060	+0.0013575	+0.0016883	+0.0020004	+0.0022877	+0.0025505	+0.0027973	+0.0030247	+0.0032319	+0.0034189
2014-03	-0.001	-0.0033042	-0.0030209	-0.0027092	-0.0023865	-0.0020423	-0.0016769	-0.0012892	-0.0008830	-0.0004629	-0.0000252	+0.0004166	+0.0008519	+0.0012716	+0.0016654	+0.0020272	+0.0023584	+0.0026639	+0.0029545	+0.0032194	+0.0034618	+0.0036946
2014-04	-0.005	-0.0036081	-0.0033170	-0.0030339	-0.0027296	-0.0024038	-0.0020543	-0.0016800	-0.0012872	-0.0008699	-0.0004320	+0.0000134	+0.0004495	+0.0008646	+0.0012552	+0.0016213	+0.0019632	+0.0022822	+0.0025735	+0.0028447	+0.0030958	+0.0033369
2014-05	0.014	-0.0039803	-0.0037159	-0.0034401	-0.0031418	-0.0028120	-0.0024645	-0.0020858	-0.0016833	-0.0012598	-0.0008178	-0.0003618	+0.0000904	+0.0005329	+0.0009561	+0.0013499	+0.0017114	+0.0020435	+0.0023547	+0.0026490	+0.0029258	+0.0031872
2014-06	0.026	-0.0022349	-0.0020082	-0.0017732	-0.0015099	-0.0012433	-0.0009632	-0.0006624	-0.0003408	+0.0000035	+0.0003601	+0.0007231	+0.0010844	+0.0014314	+0.0017603	+0.0020686	+0.0023584	+0.0026221	+0.0028755	+0.0031133	+0.0033325	+0.0035476
2014-07	0.013	-0.0022093	-0.0020049	-0.0017947	-0.0015538	-0.0012983	-0.0010296	-0.0007440	-0.0004353	-0.0001139	+0.0002168	+0.0005501	+0.0008777	+0.0011939	+0.0014938	+0.0017723	+0.0020276	+0.0022672	+0.0024903	+0.0026964	+0.0028880	+0.0030582
2014-08	0.011	-0.0019685	-0.0017683	-0.0015659	-0.0013567	-0.0011323	-0.0009034	-0.0006588	-0.0003966	-0.0001229	+0.0001568	+0.0004416	+0.0007191	+0.0009856	+0.0012343	+0.0014642	+0.0016748	+0.0018662	+0.0020376	+0.0021966	+0.0023478	+0.0024802
2014-09	0.017	-0.0020988	-0.0018582	-0.0016151	-0.0013546	-0.0010807	-0.0007897	-0.0004941	-0.0001860	+0.0001277	+0.0004436	+0.0007492	+0.0010402	+0.0013147	+0.0015708	+0.0018012	+0.0020114	+0.0022033	+0.0023751	+0.0025312	+0.0026759	+0.0028084
2014-10	0.005	-0.0022064	-0.0019417	-0.0016676	-0.0013999	-0.0011252	-0.0008335	-0.0005210	-0.0002044	+0.0001135	+0.0004336	+0.0007453	+0.0010425	+0.0013157	+0.0015602	+0.0017793	+0.0019789	+0.0021617	+0.0023289	+0.0024780	+0.0026119	+0.0027318
2014-11	0.064	-0.0019982	-0.0018203	-0.0016281	-0.0014195	-0.0011954	-0.0009545	-0.0006991	-0.0004276	-0.0001412	+0.0001613	+0.0004685	+0.0007742	+0.0010701	+0.0013550	+0.0016210	+0.0018661	+0.0020985	+0.0023115	+0.0025090	+0.0026984	+0.0028708
2014-12	0.007	-0.0034069	-0.0030104	-0.0025971	-0.0021508	-0.0016865	-0.0012054	-0.0006927	-0.0001630	+0.0003685	+0.0009058	+0.0014251	+0.0019253	+0.0023995	+0.0028365	+0.0032395	+0.0036130	+0.0039566	+0.0042721	+0.0045634	+0.0048335	+0.0050846
2015-01	-0.011	-0.0037827	-0.0033670	-0.0029464	-0.0024892	-0.0020333	-0.0015521	-0.0010559	-0.0005332	+0.0000176	+0.0005726	+0.0011255	+0.0016609	+0.0021676	+0.0026502	+0.0030979	+0.0035132	+0.0038845	+0.0042291	+0.0045456	+0.0048442	+0.0051185
2015-02	-0.003	-0.0032609	-0.0029123	-0.0025384	-0.0021595	-0.0017756	-0.0013555	-0.0009131	-0.0004369	+0.0000584	+0.0005711	+0.0010884	+0.0016070	+0.0021035	+0.0025766	+0.0030181	+0.0034266	+0.0038058	+0.0041636	+0.0045051	+0.0048255	+0.0051238
