2011-05	-0.021	-0.0034164	-0.0030225	-0.0026208	-0.0022078	-0.0017741	-0.0013137	-0.0008368	-0.0003327	+0.0001935	+0.0007356	+0.0012740	+0.0017911	+0.0022765	+0.0027316	+0.0031522	+0.0035396	+0.0038944	+0.0042257	+0.0045332	+0.0048090	+0.0050732
2011-06	0.014	-0.0034633	-0.0030944	-0.0027024	-0.0023057	-0.0018839	-0.0014425	-0.0009759	-0.0004918	+0.0000015	+0.0005109	+0.0010293	+0.0015492	+0.0020494	+0.0025168	+0.0029453	+0.0033334	+0.0036953	+0.0040288	+0.0043336	+0.0046118	+0.0048741
2011-07	-0.015	-0.0031503	-0.0028392	-0.0025123	-0.0021665	-0.0018045	-0.0014122	-0.0009943	-0.0005556	-0.0000979	+0.0003790	+0.0008614	+0.0013408	+0.0018056	+0.0022405	+0.0026412	+0.0030085	+0.0033537	+0.0036744	+0.0039875	+0.0042795	+0.0045507
2011-08	-0.009	-0.0029908	-0.0027451	-0.0024928	-0.0022343	-0.0019622	-0.0016775	-0.0013711	-0.0010440	-0.0006911	-0.0003241	+0.0000528	+0.0004266	+0.0007934	+0.0011413	+0.0014644	+0.0017659	+0.0020496	+0.0023169	+0.0025641	+0.0027910	+0.0029999
2011-09	-0.127	-0.0034458	-0.0032025	-0.0029461	-0.0026611	-0.0023623	-0.0020396	-0.0016972	-0.0013368	-0.0009532	-0.0005567	-0.0001497	+0.0002503	+0.0006354	+0.0010030	+0.0013449	+0.0016662	+0.0019634	+0.0022340	+0.0024843	+0.0027182	+0.0029409
2011-10	0.076	-0.0071733	-0.0068327	-0.0064554	-0.0060485	-0.0056048	-0.0051300	-0.0046035	-0.0040312	-0.0034020	-0.0027151	-0.0019791	-0.0012110	-0.0004119	+0.0003752	+0.0011312	+0.0018777	+0.0025798	+0.0032446	+0.0038661	+0.0044501	+0.0050690
2011-11	-0.056	-0.0064745	-0.0060754	-0.0056610	-0.0052251	-0.0047551	-0.0042454	-0.0036832	-0.0030890	-0.0024499	-0.0017711	-0.0010652	-0.0003580	+0.0003400	+0.0010123	+0.0016482	+0.0022571	+0.0028269	+0.0033563	+0.0038650	+0.0043550	+0.0048428
2011-12	0.012	-0.0073920	-0.0069710	-0.0065263	-0.0060499	-0.0055388	-0.0049950	-0.0044083	-0.0037703	-0.0030713	-0.0023276	-0.0015505	-0.0007558	+0.0000307	+0.0008026	+0.0015357	+0.0022341	+0.0029107	+0.0035398	+0.0041363	+0.0047041	+0.0052302
2012-01	0.061	-0.0065337	-0.0061712	-0.0057717	-0.0053328	-0.0048596	-0.0043624	-0.0038162	-0.0032172	-0.0025723	-0.0018853	-0.0011684	-0.0004464	+0.0002696	+0.0009641	+0.0016243	+0.0022503	+0.0028447	+0.0034135	+0.0039353	+0.0044377	+0.0049341
2012-02	0.092	-0.0041384	-0.0036813	-0.0032110	-0.0027049	-0.0021734	-0.0016068	-0.0010302	-0.0004250	+0.0002089	+0.0008542	+0.0015016	+0.0021402	+0.0027455	+0.0033119	+0.0038418	+0.0043328	+0.0047841	+0.0052088	+0.0056068	+0.0059887	+0.0063423
2012-03	-0.051	-0.0029255	-0.0025837	-0.0022255	-0.0018614	-0.0014795	-0.0010753	-0.0006439	-0.0001881	+0.0002812	+0.0007579	+0.0012351	+0.0017024	+0.0021495	+0.0025623	+0.0029456	+0.0033010	+0.0036201	+0.0039204	+0.0042001	+0.0044564	+0.0046838
2012-04	-0.033	-0.0038171	-0.0033791	-0.0029539	-0.0025050	-0.0020166	-0.0015048	-0.0009617	-0.0004148	+0.0001497	+0.0007237	+0.0012776	+0.0017977	+0.0022790	+0.0027104	+0.0031001	+0.0034474	+0.0037590	+0.0040391	+0.0042949	+0.0045269	+0.0047480
2012-05	-0.057	-0.0034881	-0.0031081	-0.0027131	-0.0023205	-0.0019175	-0.0014948	-0.0010502	-0.0005896	-0.0001083	+0.0003731	+0.0008451	+0.0012938	+0.0017101	+0.0020922	+0.0024418	+0.0027627	+0.0030485	+0.0033045	+0.0035409	+0.0037611	+0.0039703
2012-06	-0.023	-0.0039180	-0.0036918	-0.0034417	-0.0031790	-0.0029039	-0.0026004	-0.0022723	-0.0019124	-0.0015286	-0.0011221	-0.0007023	-0.0002792	+0.0001395	+0.0005428	+0.0009245	+0.0012835	+0.0016209	+0.0019515	+0.0022579	+0.0025606	+0.0028313
2012-07	0.043	-0.0062380	-0.0060048	-0.0057576	-0.0054864	-0.0051772	-0.0048305	-0.0044363	-0.0039792	-0.0034404	-0.0028307	-0.0021666	-0.0014623	-0.0007362	-0.0000020	+0.0007334	+0.0014229	+0.0021003	+0.0027472	+0.0033710	+0.0040223	+0.0045701
2012-08	0.005	-0.0042583	-0.0040274	-0.0037836	-0.0035218	-0.0032333	-0.0029205	-0.0025674	-0.0021806	-0.0017702	-0.0013268	-0.0008592	-0.0003868	+0.0000848	+0.0005444	+0.0009972	+0.0014208	+0.0018217	+0.0022173	+0.0025920	+0.0029432	+0.0032733
2012-09	0.005	-0.0032686	-0.0030492	-0.0028202	-0.0025745	-0.0023145	-0.0020328	-0.0017217	-0.0013818	-0.0010149	-0.0006261	-0.0002157	+0.0001946	+0.0006034	+0.0009963	+0.0013686	+0.0017192	+0.0020432	+0.0023483	+0.0026458	+0.0029263	+0.0032071
2012-10	0.035	-0.0021758	-0.0019610	-0.0017363	-0.0015098	-0.0012769	-0.0010280	-0.0007607	-0.0004700	-0.0001592	+0.0001669	+0.0005078	+0.0008486	+0.0011821	+0.0014971	+0.0017975	+0.0020809	+0.0023501	+0.0026062	+0.0028491	+0.0030711	+0.0032840
2012-11	-0.000	-0.0022564	-0.0020002	-0.0017338	-0.0014731	-0.0012042	-0.0009279	-0.0006339	-0.0003331	-0.0000358	+0.0002699	+0.0005745	+0.0008641	+0.0011298	+0.0013727	+0.0015919	+0.0017900	+0.0019693	+0.0021326	+0.0022878	+0.0024279	+0.0025569
2012-12	0.060	-0.0018416	-0.0016350	-0.0014178	-0.0011897	-0.0009540	-0.0007068	-0.0004550	-0.0001917	+0.0000749	+0.0003493	+0.0006160	+0.0008738	+0.0011170	+0.0013424	+0.0015464	+0.0017329	+0.0019039	+0.0020614	+0.0022070	+0.0023421	+0.0024682
2013-01	0.057	-0.0019704	-0.0017071	-0.0014341	-0.0011518	-0.0008498	-0.0005315	-0.0002001	+0.0001418	+0.0004904	+0.0008418	+0.0011899	+0.0015272	+0.0018440	+0.0021346	+0.0024037	+0.0026487	+0.0028682	+0.0030694	+0.0032562	+0.0034240	+0.0035842
2013-02	0.021	-0.0046075	-0.0040517	-0.0034632	-0.0028329	-0.0021679	-0.0014641	-0.0007782	-0.0000678	+0.0006713	+0.0013823	+0.0020563	+0.0027022	+0.0032777	+0.0037601	+0.0041636	+0.0045025	+0.0047983	+0.0050669	+0.0053127	+0.0055499	+0.0057714
2013-03	0.011	-0.0041479	-0.0036180	-0.0031017	-0.0025780	-0.0020409	-0.0014366	-0.0008054	-0.0001428	+0.0005310	+0.0012064	+0.0018669	+0.0024819	+0.0030335	+0.0035198	+0.0039499	+0.0043350	+0.0046800	+0.0049833	+0.0052589	+0.0055205	+0.0057755
2013-04	0.058	-0.0049594	-0.0043512	-0.0037124	-0.0030657	-0.0023860	-0.0016796	-0.0009339	-0.0001401	+0.0006535	+0.0014504	+0.0022027	+0.0029140	+0.0035440	+0.0041004	+0.0045852	+0.0050047	+0.0053737	+0.0057109	+0.0060195	+0.0063082	+0.0065790
2013-05	-0.031	-0.0050784	-0.0045167	-0.0039036	-0.0032463	-0.0025765	-0.0019126	-0.0012000	-0.0004431	+0.0003244	+0.0010940	+0.0018382	+0.0025405	+0.0031878	+0.0037737	+0.0042952	+0.0047696	+0.0052018	+0.0055986	+0.0059654	+0.0063157	+0.0066457
2013-06	-0.078	-0.0035495	-0.0032228	-0.0029124	-0.0025780	-0.0022160	-0.0018195	-0.0014087	-0.0009730	-0.0005083	-0.0000161	+0.0004846	+0.0009868	+0.0014795	+0.0019498	+0.0023937	+0.0028085	+0.0031930	+0.0035496	+0.0038883	+0.0042102	+0.0045120
2013-07	-0.019	-0.0048124	-0.0045281	-0.0042189	-0.0038939	-0.0035423	-0.0031491	-0.0027239	-0.0022713	-0.0017789	-0.0012535	-0.0007102	-0.0001609	+0.0003845	+0.0009052	+0.0014028	+0.0018689	+0.0023101	+0.0027237	+0.0031308	+0.0035058	+0.0038663
2013-08	-0.028	-0.0050298	-0.0047398	-0.0044363	-0.0041106	-0.0037606	-0.0033675	-0.0029306	-0.0024584	-0.0019592	-0.0014356	-0.0008883	-0.0003246	+0.0002365	+0.0007765	+0.0012987	+0.0017871	+0.0022585	+0.0026947	+0.0031046	+0.0034940	+0.0038850
2013-09	0.040	-0.0066712	-0.0063997	-0.0060961	-0.0057646	-0.0054043	-0.0049976	-0.0045458	-0.0040300	-0.0034366	-0.0027880	-0.0020835	-0.0013226	-0.0005401	+0.0002430	+0.0010065	+0.0017598	+0.0024980	+0.0032041	+0.0038871	+0.0045244	+0.0052081
2013-10	0.040	-0.0046337	-0.0043742	-0.0040944	-0.0037879	-0.0034523	-0.0030915	-0.0026999	-0.0022765	-0.0018144	-0.0013226	-0.0008175	-0.0003012	+0.0002038	+0.0006837	+0.0011437	+0.0015740	+0.0019877	+0.0023731	+0.0027283	+0.0030735	+0.0033999
2013-11	-0.013	-0.0028215	-0.0025776	-0.0023235	-0.0020504	-0.0017514	-0.0014379	-0.0011014	-0.0007489	-0.0003731	+0.0000176	+0.0004112	+0.0008085	+0.0011971	+0.0015699	+0.0019242	+0.0022564	+0.0025641	+0.0028501	+0.0031178	+0.0033768	+0.0036123
2013-12	0.010	-0.0030073	-0.0027472	-0.0024662	-0.0021726	-0.0018582	-0.0015215	-0.0011666	-0.0007911	-0.0003892	+0.0000331	+0.0004709	+0.0009009	+0.0013157	+0.0017117	+0.0020825	+0.0024326	+0.0027548	+0.0030554	+0.0033279	+0.0035858	+0.0038288
2014-01	-0.013	-0.0031180	-0.0027859	-0.0024297	-0.0020537	-0.0016639	-0.0012469	-0.0008060	-0.0003434	+0.0001410	+0.0006315	+0.0011187	+0.0015833	+0.0020261	+0.0024436	+0.0028285	+0.0031798	+0.0035021	+0.0037978	+0.0040792	+0.0043362	+0.0045677
2014-02	0.035	-0.0026174	-0.0024184	-0.0021976	-0.0019662	-0.0017242	-0.0014595	-0.0011712	-0.0008586	-0.0005262	-0.0001814	+0.0001698	+0.0005149	+0.0008492	+0.0011659	+0.0014663	+0.0017412	+0.0019974	+0.0022400	+0.0024612	+0.0026631	+0.0028495
2014-03	0.035	-0.0023223	-0.0021011	-0.0018756	-0.0016356	-0.0013743	-0.0010999	-0.0008090	-0.0004965	-0.0001650	+0.0001824	+0.0005357	+0.0008858	+0.0012266	+0.0015517	+0.0018573	+0.0021378	+0.0024006	+0.0026430	+0.0028698	+0.0030820	+0.0032936
2014-04	0.019	-0.0024566	-0.0021762	-0.0018924	-0.0015890	-0.0012626	-0.0009233	-0.0005599	-0.0001752	+0.0002253	+0.0006276	+0.0010258	+0.0014149	+0.0017835	+0.0021270	+0.0024404	+0.0027269	+0.0029868	+0.0032287	+0.0034570	+0.0036654	+0.0038651
2014-05	0.019	-0.0025923	-0.0022784	-0.0019549	-0.0016125	-0.0012505	-0.0008847	-0.0005026	-0.0001084	+0.0002995	+0.0007064	+0.0010977	+0.0014772	+0.0018310	+0.0021512	+0.0024435	+0.0027069	+0.0029408	+0.0031562	+0.0033532	+0.0035387	+0.0037065
2014-06	0.012	-0.0031895	-0.0027402	-0.0022980	-0.0018609	-0.0013911	-0.0008842	-0.0003882	+0.0001267	+0.0006696	+0.0011685	+0.0016378	+0.0021042	+0.0025275	+0.0028744	+0.0031603	+0.0034095	+0.0036333	+0.0038264	+0.0040037	+0.0041687	+0.0043161
2014-07	0.002	-0.0025752	-0.0022637	-0.0019387	-0.0015728	-0.0012084	-0.0008354	-0.0004356	-0.0000235	+0.0003912	+0.0008019	+0.0012066	+0.0015887	+0.0019342	+0.0022372	+0.0025060	+0.0027504	+0.0029704	+0.0031649	+0.0033410	+0.0035030	+0.0036578
2014-08	0.022	-0.0019236	-0.0017084	-0.0014787	-0.0012409	-0.0009920	-0.0007436	-0.0004835	-0.0002127	+0.0000634	+0.0003464	+0.0006247	+0.0008885	+0.0011341	+0.0013590	+0.0015695	+0.0017586	+0.0019309	+0.0020891	+0.0022314	+0.0023646	+0.0024856
2014-09	-0.025	-0.0018308	-0.0016187	-0.0013906	-0.0011578	-0.0009196	-0.0006732	-0.0004192	-0.0001539	+0.0001170	+0.0003897	+0.0006588	+0.0009150	+0.0011551	+0.0013752	+0.0015746	+0.0017570	+0.0019244	+0.0020799	+0.0022252	+0.0023573	+0.0024768
2014-10	0.020	-0.0014134	-0.0012811	-0.0011436	-0.0010023	-0.0008545	-0.0006963	-0.0005216	-0.0003333	-0.0001319	+0.0000784	+0.0002939	+0.0005067	+0.0007148	+0.0009125	+0.0011016	+0.0012803	+0.0014440	+0.0015976	+0.0017383	+0.0018658	+0.0019859
2014-11	0.033	-0.0020375	-0.0018688	-0.0016889	-0.0014979	-0.0012984	-0.0010878	-0.0008599	-0.0006129	-0.0003401	-0.0000545	+0.0002392	+0.0005335	+0.0008214	+0.0010961	+0.0013596	+0.0016085	+0.0018453	+0.0020664	+0.0022771	+0.0024747	+0.0026621
2014-12	-0.024	-0.0026873	-0.0024262	-0.0021502	-0.0018512	-0.0015382	-0.0012046	-0.0008503	-0.0004815	-0.0000957	+0.0003040	+0.0007031	+0.0010943	+0.0014697	+0.0018259	+0.0021632	+0.0024754	+0.0027657	+0.0030370	+0.0032835	+0.0035047	+0.0037113
2015-01	0.033	-0.0030875	-0.0028629	-0.0026355	-0.0023873	-0.0021203	-0.0018316	-0.0015235	-0.0011839	-0.0008193	-0.0004395	-0.0000436	+0.0003589	+0.0007493	+0.0011210	+0.0014709	+0.0018023	+0.0021124	+0.0024036	+0.0026788	+0.0029269	+0.0031455
2015-02	-0.027	-0.0030158	-0.0027186	-0.0024159	-0.0020945	-0.0017494	-0.0013796	-0.0009869	-0.0005667	-0.0001284	+0.0003318	+0.0008001	+0.0012640	+0.0017123	+0.0021354	+0.0025345	+0.0029088	+0.0032546	+0.0035749	+0.0038763	+0.0041544	+0.0044166
