2013-05	-0.055	-0.0064859	-0.0057314	-0.0049445	-0.0041097	-0.0032348	-0.0023030	-0.0013243	-0.0003071	+0.0007249	+0.0017424	+0.0027298	+0.0036681	+0.0045129	+0.0052648	+0.0059441	+0.0065528	+0.0070993	+0.0076037	+0.0080782	+0.0085125	+0.0089334
2013-06	-0.109	-0.0057243	-0.0051593	-0.0045686	-0.0039256	-0.0032799	-0.0026182	-0.0019246	-0.0011825	-0.0004125	+0.0003892	+0.0011739	+0.0019454	+0.0026908	+0.0033679	+0.0039953	+0.0045640	+0.0050866	+0.0055681	+0.0060139	+0.0064304	+0.0068250
2013-07	0.017	-0.0070678	-0.0065797	-0.0060677	-0.0055315	-0.0049478	-0.0043228	-0.0036482	-0.0029212	-0.0021493	-0.0013372	-0.0005024	+0.0003254	+0.0011178	+0.0018858	+0.0026056	+0.0032627	+0.0038705	+0.0044399	+0.0049822	+0.0055052	+0.0059979
2013-08	-0.067	-0.0070738	-0.0065687	-0.0060219	-0.0054496	-0.0048377	-0.0041903	-0.0034985	-0.0027639	-0.0019893	-0.0011844	-0.0003680	+0.0004464	+0.0012243	+0.0019570	+0.0026515	+0.0033026	+0.0039227	+0.0045003	+0.0050338	+0.0055312	+0.0060291
2013-09	0.055	-0.0093920	-0.0091186	-0.0087513	-0.0082877	-0.0077462	-0.0071165	-0.0063855	-0.0055754	-0.0046803	-0.0037025	-0.0026505	-0.0015402	-0.0004167	+0.0007259	+0.0018710	+0.0030135	+0.0041523	+0.0053770	+0.0068106	+0.0087652	+0.0100000
2013-10	0.033	-0.0068276	-0.0064159	-0.0059808	-0.0055124	-0.0049993	-0.0044448	-0.0038416	-0.0031943	-0.0025095	-0.0017905	-0.0010467	-0.0003045	+0.0004273	+0.0011326	+0.0017922	+0.0024054	+0.0029748	+0.0035178	+0.0040213	+0.0045033	+0.0049492
2013-11	-0.006	-0.0034439	-0.0031805	-0.0028967	-0.0026018	-0.0022898	-0.0019533	-0.0015874	-0.0011906	-0.0007676	-0.0003223	+0.0001416	+0.0006114	+0.0010688	+0.0015079	+0.0019208	+0.0023027	+0.0026588	+0.0029934	+0.0033101	+0.0036107	+0.0038949
2013-12	0.005	-0.0032502	-0.0029963	-0.0027361	-0.0024676	-0.0021742	-0.0018541	-0.0015092	-0.0011435	-0.0007551	-0.0003437	+0.0000775	+0.0005018	+0.0009251	+0.0013217	+0.0017000	+0.0020576	+0.0023849	+0.0026912	+0.0029781	+0.0032484	+0.0035040
2014-01	-0.034	-0.0032607	-0.0029327	-0.0025764	-0.0022039	-0.0018283	-0.0014273	-0.0010099	-0.0005653	-0.0001101	+0.0003592	+0.0008274	+0.0012868	+0.0017291	+0.0021415	+0.0025194	+0.0028745	+0.0032062	+0.0035183	+0.0038137	+0.0040870	+0.0043439
2014-02	0.020	-0.0025222	-0.0023294	-0.0021312	-0.0019250	-0.0017060	-0.0014725	-0.0012227	-0.0009551	-0.0006660	-0.0003678	-0.0000620	+0.0002443	+0.0005380	+0.0008171	+0.0010787	+0.0013246	+0.0015474	+0.0017526	+0.0019446	+0.0021279	+0.0023025
2014-03	0.024	-0.0026381	-0.0024400	-0.0022322	-0.0020132	-0.0017855	-0.0015406	-0.0012832	-0.0010091	-0.0007195	-0.0004179	-0.0001096	+0.0001945	+0.0004892	+0.0007667	+0.0010239	+0.0012598	+0.0014798	+0.0016834	+0.0018681	+0.0020470	+0.0022179
2014-04	0.032	-0.0026373	-0.0024333	-0.0022152	-0.0019889	-0.0017461	-0.0014818	-0.0011983	-0.0008928	-0.0005693	-0.0002353	+0.0001029	+0.0004392	+0.0007671	+0.0010758	+0.0013705	+0.0016461	+0.0019041	+0.0021361	+0.0023488	+0.0025464	+0.0027347
2014-05	0.033	-0.0023359	-0.0021051	-0.0018635	-0.0016011	-0.0013237	-0.0010290	-0.0007137	-0.0003713	-0.0000159	+0.0003508	+0.0007253	+0.0010999	+0.0014592	+0.0017966	+0.0021083	+0.0023957	+0.0026590	+0.0028944	+0.0031132	+0.0033137	+0.0034980
2014-06	-0.007	-0.0032714	-0.0028153	-0.0023506	-0.0018751	-0.0013885	-0.0008799	-0.0003580	+0.0001785	+0.0007321	+0.0012659	+0.0017886	+0.0022851	+0.0027296	+0.0031187	+0.0034491	+0.0037326	+0.0039818	+0.0042079	+0.0044100	+0.0046009	+0.0047749
2014-07	0.039	-0.0028411	-0.0024780	-0.0021143	-0.0017475	-0.0013592	-0.0009435	-0.0005290	-0.0000917	+0.0003496	+0.0007911	+0.0012187	+0.0016297	+0.0019983	+0.0023241	+0.0026140	+0.0028698	+0.0031011	+0.0033154	+0.0035100	+0.0036918	+0.0038598
2014-08	0.012	-0.0026131	-0.0022764	-0.0019150	-0.0015422	-0.0011846	-0.0007841	-0.0003902	-0.0000004	+0.0004132	+0.0008183	+0.0011953	+0.0015582	+0.0018848	+0.0021593	+0.0023855	+0.0025815	+0.0027565	+0.0029120	+0.0030438	+0.0031662	+0.0032835
2014-09	0.012	-0.0024514	-0.0021468	-0.0018259	-0.0014753	-0.0011408	-0.0007973	-0.0004334	-0.0000709	+0.0003131	+0.0006850	+0.0010386	+0.0013727	+0.0016720	+0.0019323	+0.0021541	+0.0023527	+0.0025266	+0.0026790	+0.0028158	+0.0029428	+0.0030571
2014-10	0.015	-0.0018606	-0.0016417	-0.0014204	-0.0011858	-0.0009460	-0.0006911	-0.0004268	-0.0001530	+0.0001295	+0.0004180	+0.0006971	+0.0009613	+0.0012109	+0.0014431	+0.0016542	+0.0018470	+0.0020224	+0.0021799	+0.0023215	+0.0024557	+0.0025742
2014-11	0.082	-0.0023734	-0.0020867	-0.0017977	-0.0014781	-0.0011540	-0.0008236	-0.0004788	-0.0001164	+0.0002623	+0.0006449	+0.0010142	+0.0013615	+0.0016852	+0.0019765	+0.0022361	+0.0024737	+0.0026867	+0.0028721	+0.0030401	+0.0031985	+0.0033398
2014-12	0.002	-0.0037964	-0.0033189	-0.0027985	-0.0022657	-0.0017111	-0.0011513	-0.0005682	+0.0000240	+0.0006398	+0.0012354	+0.0017992	+0.0023381	+0.0028391	+0.0032747	+0.0036548	+0.0039865	+0.0042847	+0.0045501	+0.0047878	+0.0050142	+0.0052259
2015-01	0.010	-0.0037556	-0.0032792	-0.0028021	-0.0023343	-0.0018534	-0.0013486	-0.0008205	-0.0002689	+0.0002961	+0.0008587	+0.0014093	+0.0019275	+0.0024083	+0.0028426	+0.0032375	+0.0035905	+0.0039069	+0.0041857	+0.0044384	+0.0046720	+0.0048865
2015-02	-0.001	-0.0038026	-0.0033427	-0.0028640	-0.0023466	-0.0018398	-0.0013150	-0.0007577	-0.0001938	+0.0003732	+0.0009391	+0.0014988	+0.0020307	+0.0025211	+0.0029696	+0.0033831	+0.0037554	+0.0040928	+0.0043976	+0.0046745	+0.0049387	+0.0051838
