2012-02	0.051	-0.0018648	-0.0017070	-0.0015454	-0.0013758	-0.0011961	-0.0010003	-0.0007875	-0.0005610	-0.0003212	-0.0000640	+0.0002008	+0.0004713	+0.0007383	+0.0009936	+0.0012361	+0.0014698	+0.0016914	+0.0019003	+0.0020904	+0.0022789	+0.0024622
2012-03	0.012	-0.0014583	-0.0012966	-0.0011301	-0.0009594	-0.0007792	-0.0005838	-0.0003781	-0.0001620	+0.0000642	+0.0002955	+0.0005281	+0.0007525	+0.0009655	+0.0011656	+0.0013519	+0.0015231	+0.0016773	+0.0018206	+0.0019587	+0.0020845	+0.0022027
2012-04	-0.008	-0.0022263	-0.0019765	-0.0017166	-0.0014478	-0.0011680	-0.0008733	-0.0005724	-0.0002499	+0.0000865	+0.0004240	+0.0007550	+0.0010678	+0.0013580	+0.0016243	+0.0018608	+0.0020709	+0.0022626	+0.0024398	+0.0025970	+0.0027447	+0.0028741
2012-05	-0.038	-0.0021267	-0.0018948	-0.0016404	-0.0013835	-0.0011123	-0.0008274	-0.0005366	-0.0002319	+0.0000765	+0.0003919	+0.0007031	+0.0010000	+0.0012814	+0.0015425	+0.0017789	+0.0019891	+0.0021814	+0.0023605	+0.0025223	+0.0026736	+0.0028073
2012-06	-0.002	-0.0018212	-0.0016688	-0.0015034	-0.0013342	-0.0011506	-0.0009516	-0.0007400	-0.0005148	-0.0002750	-0.0000258	+0.0002282	+0.0004793	+0.0007224	+0.0009539	+0.0011703	+0.0013689	+0.0015541	+0.0017276	+0.0018896	+0.0020395	+0.0021828
2012-07	-0.016	-0.0026231	-0.0024851	-0.0023306	-0.0021556	-0.0019715	-0.0017732	-0.0015597	-0.0013289	-0.0010818	-0.0008190	-0.0005473	-0.0002700	+0.0000048	+0.0002704	+0.0005227	+0.0007626	+0.0009871	+0.0011996	+0.0014050	+0.0016051	+0.0017928
2012-08	0.009	-0.0030618	-0.0029219	-0.0027721	-0.0026073	-0.0024235	-0.0022252	-0.0020009	-0.0017516	-0.0014757	-0.0011663	-0.0008267	-0.0004702	-0.0001000	+0.0002727	+0.0006320	+0.0009821	+0.0013204	+0.0016417	+0.0019329	+0.0022126	+0.0024889
2012-09	-0.006	-0.0021251	-0.0020058	-0.0018822	-0.0017529	-0.0016098	-0.0014501	-0.0012770	-0.0010903	-0.0008894	-0.0006782	-0.0004588	-0.0002369	-0.0000124	+0.0002066	+0.0004138	+0.0006083	+0.0007949	+0.0009725	+0.0011443	+0.0013082	+0.0014632
2012-10	0.037	-0.0014989	-0.0013967	-0.0012863	-0.0011689	-0.0010380	-0.0008998	-0.0007526	-0.0005946	-0.0004258	-0.0002483	-0.0000625	+0.0001249	+0.0003067	+0.0004790	+0.0006417	+0.0007960	+0.0009418	+0.0010793	+0.0012090	+0.0013304	+0.0014414
2012-11	0.035	-0.0012356	-0.0011352	-0.0010230	-0.0008996	-0.0007663	-0.0006227	-0.0004688	-0.0003054	-0.0001335	+0.0000458	+0.0002308	+0.0004136	+0.0005918	+0.0007611	+0.0009230	+0.0010733	+0.0012131	+0.0013425	+0.0014613	+0.0015782	+0.0016852
2012-12	0.048	-0.0022356	-0.0019521	-0.0016655	-0.0013724	-0.0010693	-0.0007481	-0.0004123	-0.0000723	+0.0002612	+0.0005987	+0.0009308	+0.0012401	+0.0015264	+0.0017839	+0.0020142	+0.0022219	+0.0024054	+0.0025681	+0.0027136	+0.0028480	+0.0029703
2013-01	0.052	-0.0033564	-0.0029118	-0.0024372	-0.0019666	-0.0015146	-0.0009863	-0.0004618	+0.0000491	+0.0006002	+0.0011137	+0.0015961	+0.0020742	+0.0025064	+0.0028538	+0.0031320	+0.0033671	+0.0035700	+0.0037529	+0.0039209	+0.0040744	+0.0042108
2013-02	0.018	-0.0049534	-0.0042873	-0.0036036	-0.0029275	-0.0022388	-0.0014420	-0.0006953	+0.0000398	+0.0008766	+0.0016438	+0.0023416	+0.0030616	+0.0037002	+0.0042026	+0.0045967	+0.0049250	+0.0052081	+0.0054669	+0.0057052	+0.0059205	+0.0061228
2013-03	0.020	-0.0045135	-0.0039528	-0.0033886	-0.0027954	-0.0021696	-0.0015032	-0.0008109	-0.0000834	+0.0006659	+0.0014068	+0.0021087	+0.0027912	+0.0033963	+0.0038995	+0.0043155	+0.0046786	+0.0049973	+0.0052751	+0.0055266	+0.0057556	+0.0059760
2013-04	0.051	-0.0044528	-0.0039266	-0.0033818	-0.0027879	-0.0021625	-0.0015243	-0.0008390	-0.0001318	+0.0006044	+0.0013342	+0.0020291	+0.0026709	+0.0032524	+0.0037572	+0.0041845	+0.0045628	+0.0049078	+0.0052247	+0.0055046	+0.0057641	+0.0059891
2013-05	0.035	-0.0048146	-0.0042301	-0.0036493	-0.0030680	-0.0024554	-0.0018032	-0.0011274	-0.0004317	+0.0002787	+0.0010047	+0.0017126	+0.0023829	+0.0030015	+0.0035694	+0.0040866	+0.0045566	+0.0049764	+0.0053674	+0.0057189	+0.0060387	+0.0063362
2013-06	-0.044	-0.0043312	-0.0038320	-0.0033258	-0.0027851	-0.0022174	-0.0016350	-0.0010384	-0.0004344	+0.0001862	+0.0008238	+0.0014521	+0.0020588	+0.0026317	+0.0031558	+0.0036268	+0.0040573	+0.0044479	+0.0048132	+0.0051539	+0.0054751	+0.0057838
2013-07	-0.001	-0.0035191	-0.0032063	-0.0028725	-0.0025232	-0.0021532	-0.0017528	-0.0013241	-0.0008685	-0.0003870	+0.0001208	+0.0006420	+0.0011566	+0.0016611	+0.0021475	+0.0026057	+0.0030314	+0.0034295	+0.0038011	+0.0041579	+0.0044994	+0.0048183
2013-08	0.007	-0.0033394	-0.0030584	-0.0027526	-0.0024339	-0.0020832	-0.0017033	-0.0012961	-0.0008626	-0.0004082	+0.0000675	+0.0005657	+0.0010654	+0.0015518	+0.0020135	+0.0024503	+0.0028564	+0.0032388	+0.0035987	+0.0039496	+0.0042799	+0.0045907
2013-09	-0.009	-0.0032237	-0.0029753	-0.0027141	-0.0024436	-0.0021561	-0.0018458	-0.0015126	-0.0011588	-0.0007793	-0.0003797	+0.0000235	+0.0004276	+0.0008167	+0.0011812	+0.0015276	+0.0018513	+0.0021490	+0.0024242	+0.0026775	+0.0029171	+0.0031461
2013-10	0.019	-0.0034806	-0.0032533	-0.0030076	-0.0027456	-0.0024670	-0.0021715	-0.0018543	-0.0015126	-0.0011440	-0.0007644	-0.0003793	+0.0000037	+0.0003767	+0.0007292	+0.0010644	+0.0013772	+0.0016688	+0.0019431	+0.0022013	+0.0024362	+0.0026564
2013-11	0.032	-0.0023404	-0.0021553	-0.0019591	-0.0017522	-0.0015428	-0.0013243	-0.0010898	-0.0008365	-0.0005673	-0.0002842	+0.0000091	+0.0003017	+0.0005873	+0.0008575	+0.0011111	+0.0013483	+0.0015692	+0.0017766	+0.0019706	+0.0021495	+0.0023236
2013-12	0.029	-0.0021261	-0.0019279	-0.0017279	-0.0015156	-0.0012794	-0.0010280	-0.0007590	-0.0004726	-0.0001758	+0.0001311	+0.0004378	+0.0007331	+0.0010172	+0.0012865	+0.0015353	+0.0017634	+0.0019704	+0.0021584	+0.0023371	+0.0025035	+0.0026635
2014-01	-0.016	-0.0023566	-0.0020666	-0.0017885	-0.0014895	-0.0011870	-0.0008705	-0.0005541	-0.0002195	+0.0001232	+0.0004603	+0.0007884	+0.0010992	+0.0013869	+0.0016480	+0.0018833	+0.0020952	+0.0022851	+0.0024529	+0.0026035	+0.0027459	+0.0028829
2014-02	-0.017	-0.0019310	-0.0016940	-0.0014435	-0.0011917	-0.0009376	-0.0006753	-0.0003976	-0.0001119	+0.0001804	+0.0004832	+0.0007865	+0.0010783	+0.0013515	+0.0016044	+0.0018388	+0.0020481	+0.0022370	+0.0024062	+0.0025587	+0.0027054	+0.0028470
2014-03	-0.004	-0.0018401	-0.0016591	-0.0014751	-0.0012813	-0.0010731	-0.0008545	-0.0006275	-0.0003896	-0.0001430	+0.0001121	+0.0003701	+0.0006242	+0.0008675	+0.0010939	+0.0013018	+0.0014936	+0.0016702	+0.0018301	+0.0019776	+0.0021132	+0.0022365
2014-04	-0.012	-0.0021099	-0.0019715	-0.0018224	-0.0016634	-0.0014914	-0.0013063	-0.0011052	-0.0008889	-0.0006625	-0.0004215	-0.0001778	+0.0000647	+0.0002990	+0.0005227	+0.0007340	+0.0009292	+0.0011075	+0.0012721	+0.0014239	+0.0015697	+0.0017071
2014-05	-0.003	-0.0027171	-0.0025808	-0.0024353	-0.0022736	-0.0020989	-0.0019082	-0.0016959	-0.0014622	-0.0012121	-0.0009428	-0.0006530	-0.0003553	-0.0000533	+0.0002465	+0.0005323	+0.0008087	+0.0010761	+0.0013233	+0.0015638	+0.0017935	+0.0020150
2014-06	0.006	-0.0019699	-0.0018531	-0.0017337	-0.0016030	-0.0014639	-0.0013120	-0.0011444	-0.0009614	-0.0007642	-0.0005559	-0.0003365	-0.0001115	+0.0001107	+0.0003251	+0.0005361	+0.0007385	+0.0009283	+0.0011106	+0.0012803	+0.0014437	+0.0015995
2014-07	0.020	-0.0014148	-0.0013178	-0.0012154	-0.0011022	-0.0009799	-0.0008505	-0.0007142	-0.0005677	-0.0004130	-0.0002526	-0.0000884	+0.0000764	+0.0002378	+0.0003906	+0.0005355	+0.0006709	+0.0007957	+0.0009126	+0.0010202	+0.0011219	+0.0012190
2014-08	0.014	-0.0009343	-0.0008607	-0.0007820	-0.0006975	-0.0006072	-0.0005107	-0.0004075	-0.0002958	-0.0001769	-0.0000548	+0.0000703	+0.0001964	+0.0003182	+0.0004350	+0.0005458	+0.0006493	+0.0007447	+0.0008330	+0.0009153	+0.0009930	+0.0010686
2014-09	0.045	-0.0013202	-0.0011618	-0.0009950	-0.0008286	-0.0006579	-0.0004761	-0.0002870	-0.0000910	+0.0001083	+0.0003039	+0.0004948	+0.0006766	+0.0008461	+0.0010002	+0.0011368	+0.0012583	+0.0013690	+0.0014695	+0.0015607	+0.0016418	+0.0017170
2014-10	0.009	-0.0024515	-0.0021454	-0.0017992	-0.0014633	-0.0011460	-0.0007583	-0.0003956	-0.0000332	+0.0003786	+0.0007524	+0.0010873	+0.0014321	+0.0017466	+0.0019838	+0.0021700	+0.0023267	+0.0024649	+0.0025890	+0.0027039	+0.0028098	+0.0029074
2014-11	0.070	-0.0024714	-0.0021541	-0.0018024	-0.0014516	-0.0010937	-0.0007290	-0.0003625	+0.0000198	+0.0004189	+0.0008032	+0.0011673	+0.0015131	+0.0018205	+0.0020755	+0.0022853	+0.0024677	+0.0026283	+0.0027711	+0.0028990	+0.0030127	+0.0031184
2014-12	-0.001	-0.0041341	-0.0035900	-0.0030177	-0.0024334	-0.0018497	-0.0012045	-0.0006003	+0.0000428	+0.0007279	+0.0013381	+0.0019203	+0.0025153	+0.0030328	+0.0034438	+0.0037890	+0.0040964	+0.0043695	+0.0046233	+0.0048561	+0.0050742	+0.0052817
2015-01	-0.020	-0.0042760	-0.0037348	-0.0031942	-0.0026552	-0.0020811	-0.0014879	-0.0008884	-0.0002648	+0.0003766	+0.0010110	+0.0016244	+0.0021857	+0.0026970	+0.0031609	+0.0035731	+0.0039232	+0.0042258	+0.0044873	+0.0047419	+0.0049807	+0.0051990
2015-02	-0.003	-0.0025804	-0.0022994	-0.0020102	-0.0017146	-0.0014004	-0.0010805	-0.0007453	-0.0003854	-0.0000105	+0.0003789	+0.0007675	+0.0011561	+0.0015419	+0.0019093	+0.0022550	+0.0025791	+0.0028780	+0.0031548	+0.0034165	+0.0036536	+0.0038744
