2013-12	-0.009	-0.0009952	-0.0009012	-0.0007989	-0.0006922	-0.0005777	-0.0004566	-0.0003272	-0.0001910	-0.0000464	+0.0001016	+0.0002521	+0.0004028	+0.0005481	+0.0006860	+0.0008137	+0.0009329	+0.0010443	+0.0011492	+0.0012473	+0.0013392	+0.0014306
2014-01	0.020	-0.0008749	-0.0008031	-0.0007286	-0.0006517	-0.0005681	-0.0004782	-0.0003831	-0.0002813	-0.0001726	-0.0000581	+0.0000583	+0.0001753	+0.0002906	+0.0003996	+0.0005031	+0.0006001	+0.0006892	+0.0007727	+0.0008517	+0.0009255	+0.0009957
2014-02	0.006	-0.0008065	-0.0007217	-0.0006352	-0.0005467	-0.0004526	-0.0003516	-0.0002444	-0.0001300	-0.0000102	+0.0001152	+0.0002416	+0.0003647	+0.0004832	+0.0005936	+0.0006967	+0.0007914	+0.0008782	+0.0009593	+0.0010361	+0.0011083	+0.0011765
2014-03	-0.005	-0.0007411	-0.0006673	-0.0005894	-0.0005082	-0.0004200	-0.0003248	-0.0002236	-0.0001166	-0.0000037	+0.0001134	+0.0002320	+0.0003495	+0.0004631	+0.0005722	+0.0006733	+0.0007657	+0.0008511	+0.0009287	+0.0010024	+0.0010718	+0.0011381
2014-04	0.005	-0.0007772	-0.0006974	-0.0006170	-0.0005336	-0.0004448	-0.0003483	-0.0002448	-0.0001366	-0.0000214	+0.0000973	+0.0002165	+0.0003350	+0.0004490	+0.0005576	+0.0006585	+0.0007511	+0.0008373	+0.0009174	+0.0009930	+0.0010636	+0.0011327
2014-05	0.014	-0.0010043	-0.0008974	-0.0007790	-0.0006556	-0.0005269	-0.0003965	-0.0002632	-0.0001210	+0.0000229	+0.0001697	+0.0003153	+0.0004552	+0.0005864	+0.0007080	+0.0008173	+0.0009152	+0.0010061	+0.0010899	+0.0011672	+0.0012393	+0.0013085
2014-06	-0.003	-0.0008523	-0.0007634	-0.0006730	-0.0005774	-0.0004730	-0.0003637	-0.0002516	-0.0001374	-0.0000212	+0.0000995	+0.0002204	+0.0003366	+0.0004471	+0.0005514	+0.0006474	+0.0007344	+0.0008148	+0.0008900	+0.0009585	+0.0010211	+0.0010774
2014-07	-0.002	-0.0007391	-0.0006752	-0.0006041	-0.0005291	-0.0004495	-0.0003657	-0.0002776	-0.0001820	-0.0000825	+0.0000213	+0.0001257	+0.0002298	+0.0003301	+0.0004258	+0.0005159	+0.0005991	+0.0006747	+0.0007437	+0.0008099	+0.0008717	+0.0009285
2014-08	0.011	-0.0007799	-0.0007041	-0.0006225	-0.0005350	-0.0004437	-0.0003502	-0.0002504	-0.0001454	-0.0000353	+0.0000757	+0.0001861	+0.0002951	+0.0003992	+0.0004968	+0.0005850	+0.0006634	+0.0007375	+0.0008056	+0.0008691	+0.0009281	+0.0009830
2014-09	-0.009	-0.0006943	-0.0006196	-0.0005418	-0.0004641	-0.0003831	-0.0002966	-0.0002068	-0.0001104	-0.0000114	+0.0000897	+0.0001911	+0.0002901	+0.0003850	+0.0004750	+0.0005579	+0.0006335	+0.0007022	+0.0007644	+0.0008215	+0.0008752	+0.0009268
2014-10	0.015	-0.0006518	-0.0006038	-0.0005524	-0.0004965	-0.0004355	-0.0003710	-0.0003026	-0.0002302	-0.0001539	-0.0000731	+0.0000092	+0.0000915	+0.0001718	+0.0002483	+0.0003207	+0.0003860	+0.0004463	+0.0005025	+0.0005560	+0.0006061	+0.0006522
2014-11	0.006	-0.0006739	-0.0006085	-0.0005399	-0.0004663	-0.0003873	-0.0003024	-0.0002119	-0.0001181	-0.0000189	+0.0000845	+0.0001919	+0.0002966	+0.0003976	+0.0004924	+0.0005808	+0.0006624	+0.0007383	+0.0008067	+0.0008709	+0.0009331	+0.0009915
2014-12	-0.002	-0.0008845	-0.0007869	-0.0006861	-0.0005821	-0.0004724	-0.0003596	-0.0002411	-0.0001185	+0.0000075	+0.0001344	+0.0002602	+0.0003808	+0.0004953	+0.0006027	+0.0006986	+0.0007872	+0.0008677	+0.0009412	+0.0010107	+0.0010728	+0.0011302
2015-01	0.023	-0.0006658	-0.0006077	-0.0005476	-0.0004847	-0.0004166	-0.0003430	-0.0002625	-0.0001750	-0.0000815	+0.0000163	+0.0001168	+0.0002178	+0.0003158	+0.0004096	+0.0004982	+0.0005795	+0.0006546	+0.0007250	+0.0007908	+0.0008522	+0.0009094
2015-02	-0.001	-0.0014699	-0.0012987	-0.0011167	-0.0009294	-0.0007343	-0.0005296	-0.0003138	-0.0000936	+0.0001320	+0.0003509	+0.0005653	+0.0007681	+0.0009513	+0.0011124	+0.0012502	+0.0013725	+0.0014799	+0.0015731	+0.0016556	+0.0017318	+0.0018014
