2012-03	-0.006	-0.0073565	-0.0065583	-0.0056600	-0.0046941	-0.0036693	-0.0025793	-0.0014204	-0.0002221	+0.0009961	+0.0022156	+0.0033955	+0.0044980	+0.0055031	+0.0064046	+0.0072054	+0.0079182	+0.0085403	+0.0091069	+0.0096377	+0.0100000	+0.0100000
2012-04	-0.019	-0.0063891	-0.0057050	-0.0049464	-0.0041885	-0.0033409	-0.0024246	-0.0015090	-0.0005517	+0.0004397	+0.0014330	+0.0024160	+0.0033516	+0.0042290	+0.0050197	+0.0057219	+0.0063528	+0.0069294	+0.0074394	+0.0078972	+0.0083450	+0.0087730
2012-05	-0.150	-0.0055226	-0.0049006	-0.0042727	-0.0035988	-0.0028871	-0.0021432	-0.0013813	-0.0005851	+0.0002489	+0.0010939	+0.0019256	+0.0027256	+0.0034760	+0.0041726	+0.0048082	+0.0053839	+0.0059058	+0.0063696	+0.0068034	+0.0072034	+0.0075832
2012-06	0.024	-0.0063199	-0.0059353	-0.0055183	-0.0050733	-0.0045918	-0.0040695	-0.0035019	-0.0028986	-0.0022620	-0.0015971	-0.0009053	-0.0002117	+0.0004633	+0.0011040	+0.0016998	+0.0022458	+0.0027516	+0.0032270	+0.0036641	+0.0040757	+0.0044629
2012-07	0.053	-0.0087562	-0.0083404	-0.0078720	-0.0073474	-0.0067586	-0.0061154	-0.0054052	-0.0046316	-0.0037932	-0.0029063	-0.0019780	-0.0010240	-0.0000742	+0.0008518	+0.0017589	+0.0026327	+0.0034563	+0.0042426	+0.0050455	+0.0058690	+0.0067492
2012-08	-0.012	-0.0079855	-0.0075260	-0.0070207	-0.0065015	-0.0059273	-0.0052976	-0.0046016	-0.0038492	-0.0030395	-0.0021799	-0.0012790	-0.0003701	+0.0005264	+0.0013792	+0.0021869	+0.0029433	+0.0036588	+0.0043332	+0.0049729	+0.0055677	+0.0061552
2012-09	0.040	-0.0068927	-0.0064827	-0.0060483	-0.0055772	-0.0050484	-0.0044644	-0.0038408	-0.0031626	-0.0024403	-0.0016910	-0.0009098	-0.0001266	+0.0006428	+0.0013904	+0.0020950	+0.0027396	+0.0033627	+0.0039477	+0.0044849	+0.0049940	+0.0054611
2012-10	-0.016	-0.0047444	-0.0042349	-0.0036878	-0.0031287	-0.0025308	-0.0019015	-0.0012263	-0.0005117	+0.0002407	+0.0010203	+0.0018130	+0.0026021	+0.0033650	+0.0040834	+0.0047563	+0.0053760	+0.0059570	+0.0064915	+0.0069889	+0.0074369	+0.0078600
2012-11	0.013	-0.0040937	-0.0037894	-0.0034672	-0.0031112	-0.0027322	-0.0023300	-0.0018976	-0.0014389	-0.0009490	-0.0004285	+0.0001108	+0.0006556	+0.0011955	+0.0017117	+0.0022000	+0.0026574	+0.0030875	+0.0034886	+0.0038532	+0.0041886	+0.0045102
2012-12	0.064	-0.0034892	-0.0032195	-0.0029235	-0.0026006	-0.0022538	-0.0018790	-0.0014743	-0.0010359	-0.0005703	-0.0000887	+0.0004073	+0.0009025	+0.0013814	+0.0018308	+0.0022570	+0.0026632	+0.0030461	+0.0034041	+0.0037456	+0.0040788	+0.0043905
2013-01	0.102	-0.0040528	-0.0036348	-0.0031913	-0.0027156	-0.0022300	-0.0017139	-0.0011779	-0.0006167	-0.0000318	+0.0005673	+0.0011771	+0.0017758	+0.0023484	+0.0028886	+0.0033839	+0.0038424	+0.0042595	+0.0046440	+0.0050041	+0.0053450	+0.0056666
2013-02	0.030	-0.0058701	-0.0051698	-0.0044497	-0.0037133	-0.0029123	-0.0021113	-0.0012678	-0.0003923	+0.0005019	+0.0014020	+0.0022664	+0.0030796	+0.0038472	+0.0045359	+0.0051563	+0.0057182	+0.0062299	+0.0066927	+0.0071067	+0.0074932	+0.0078697
2013-03	0.038	-0.0061255	-0.0054582	-0.0047280	-0.0039337	-0.0030883	-0.0022013	-0.0012587	-0.0002499	+0.0007705	+0.0017818	+0.0027775	+0.0037140	+0.0045600	+0.0053080	+0.0059587	+0.0065376	+0.0070555	+0.0075308	+0.0079572	+0.0083561	+0.0087329
2013-04	0.059	-0.0071791	-0.0063534	-0.0053987	-0.0044494	-0.0034740	-0.0023783	-0.0012000	-0.0000243	+0.0012552	+0.0024908	+0.0036250	+0.0047169	+0.0057202	+0.0065322	+0.0071993	+0.0077546	+0.0082492	+0.0087056	+0.0091407	+0.0095673	+0.0100000
2013-05	-0.007	-0.0065447	-0.0058289	-0.0050363	-0.0042175	-0.0033565	-0.0024366	-0.0014405	-0.0004120	+0.0006210	+0.0016390	+0.0026473	+0.0035829	+0.0044453	+0.0052265	+0.0059228	+0.0065358	+0.0070816	+0.0075666	+0.0080164	+0.0084195	+0.0087923
2013-06	-0.057	-0.0053247	-0.0047980	-0.0042125	-0.0036252	-0.0030056	-0.0023632	-0.0016853	-0.0009707	-0.0002310	+0.0005194	+0.0012699	+0.0019981	+0.0026972	+0.0033350	+0.0039217	+0.0044615	+0.0049579	+0.0054261	+0.0058583	+0.0062574	+0.0066360
2013-07	0.016	-0.0049273	-0.0045406	-0.0041368	-0.0036999	-0.0032199	-0.0027046	-0.0021524	-0.0015616	-0.0009376	-0.0002858	+0.0003842	+0.0010524	+0.0017001	+0.0023131	+0.0028786	+0.0034063	+0.0038990	+0.0043634	+0.0047961	+0.0051959	+0.0055562
2013-08	-0.065	-0.0050723	-0.0046717	-0.0042443	-0.0037972	-0.0033226	-0.0028163	-0.0022629	-0.0016787	-0.0010609	-0.0004184	+0.0002369	+0.0008944	+0.0015168	+0.0021108	+0.0026669	+0.0031835	+0.0036658	+0.0041059	+0.0045128	+0.0048940	+0.0052575
2013-09	0.060	-0.0064224	-0.0060599	-0.0056753	-0.0052675	-0.0048201	-0.0043303	-0.0038034	-0.0032356	-0.0026128	-0.0019415	-0.0012503	-0.0005519	+0.0001478	+0.0008259	+0.0014810	+0.0021001	+0.0026781	+0.0032368	+0.0037742	+0.0043099	+0.0048316
2013-10	0.042	-0.0052992	-0.0049403	-0.0045521	-0.0041431	-0.0037013	-0.0032280	-0.0027287	-0.0021957	-0.0016320	-0.0010424	-0.0004388	+0.0001592	+0.0007497	+0.0013192	+0.0018507	+0.0023351	+0.0027769	+0.0031940	+0.0035883	+0.0039689	+0.0043338
2013-11	0.026	-0.0042219	-0.0038694	-0.0034831	-0.0030666	-0.0026334	-0.0021709	-0.0016753	-0.0011473	-0.0005845	+0.0000087	+0.0006091	+0.0011987	+0.0017641	+0.0023118	+0.0028348	+0.0033163	+0.0037654	+0.0041858	+0.0045705	+0.0049406	+0.0052894
2013-12	0.033	-0.0043073	-0.0039349	-0.0035323	-0.0030965	-0.0026360	-0.0021559	-0.0016411	-0.0011014	-0.0005343	+0.0000575	+0.0006573	+0.0012507	+0.0018273	+0.0023794	+0.0029041	+0.0033883	+0.0038259	+0.0042285	+0.0045996	+0.0049583	+0.0053127
2014-01	-0.077	-0.0056019	-0.0049123	-0.0042355	-0.0035374	-0.0027768	-0.0019854	-0.0011628	-0.0003162	+0.0005442	+0.0014123	+0.0022568	+0.0030596	+0.0037965	+0.0044675	+0.0050816	+0.0056273	+0.0061169	+0.0065608	+0.0069520	+0.0073259	+0.0076754
2014-02	0.050	-0.0039660	-0.0036459	-0.0033117	-0.0029497	-0.0025653	-0.0021510	-0.0017005	-0.0012175	-0.0007086	-0.0001886	+0.0003350	+0.0008677	+0.0013822	+0.0018630	+0.0023128	+0.0027344	+0.0031272	+0.0034913	+0.0038278	+0.0041423	+0.0044394
2014-03	0.030	-0.0042881	-0.0039400	-0.0035658	-0.0031446	-0.0026931	-0.0022228	-0.0017131	-0.0011766	-0.0006178	-0.0000422	+0.0005387	+0.0011172	+0.0016754	+0.0022064	+0.0026986	+0.0031520	+0.0035702	+0.0039647	+0.0043348	+0.0046802	+0.0049987
2014-04	0.017	-0.0043448	-0.0039824	-0.0036049	-0.0031935	-0.0027575	-0.0022981	-0.0018024	-0.0012716	-0.0007057	-0.0001111	+0.0004928	+0.0010868	+0.0016630	+0.0022044	+0.0027133	+0.0031932	+0.0036351	+0.0040339	+0.0044032	+0.0047405	+0.0050618
2014-05	0.012	-0.0040596	-0.0037080	-0.0033521	-0.0029731	-0.0025716	-0.0021421	-0.0016837	-0.0011940	-0.0006753	-0.0001303	+0.0004287	+0.0009765	+0.0015023	+0.0020052	+0.0024808	+0.0029135	+0.0033072	+0.0036793	+0.0040209	+0.0043333	+0.0046197
2014-06	0.010	-0.0034863	-0.0030223	-0.0025246	-0.0020159	-0.0014925	-0.0009468	-0.0003660	+0.0002412	+0.0008601	+0.0014851	+0.0020972	+0.0026874	+0.0032345	+0.0037364	+0.0041929	+0.0046158	+0.0050078	+0.0053618	+0.0056823	+0.0059915	+0.0062705
2014-07	0.006	-0.0030075	-0.0026553	-0.0023022	-0.0019478	-0.0015715	-0.0011622	-0.0007314	-0.0002802	+0.0001861	+0.0006648	+0.0011485	+0.0016199	+0.0020644	+0.0024735	+0.0028511	+0.0032001	+0.0035163	+0.0038126	+0.0040803	+0.0043358	+0.0045784
2014-08	0.025	-0.0023298	-0.0021249	-0.0019108	-0.0016831	-0.0014394	-0.0011829	-0.0009083	-0.0006161	-0.0003057	+0.0000171	+0.0003443	+0.0006687	+0.0009792	+0.0012744	+0.0015519	+0.0018117	+0.0020509	+0.0022776	+0.0024835	+0.0026749	+0.0028516
2014-09	-0.012	-0.0025294	-0.0022764	-0.0020179	-0.0017420	-0.0014459	-0.0011253	-0.0007900	-0.0004476	-0.0000905	+0.0002787	+0.0006535	+0.0010210	+0.0013770	+0.0017095	+0.0020127	+0.0022943	+0.0025576	+0.0028010	+0.0030237	+0.0032328	+0.0034290
2014-10	0.026	-0.0023906	-0.0021737	-0.0019405	-0.0016953	-0.0014349	-0.0011606	-0.0008718	-0.0005649	-0.0002414	+0.0000967	+0.0004373	+0.0007727	+0.0010977	+0.0014017	+0.0016836	+0.0019418	+0.0021847	+0.0024163	+0.0026306	+0.0028303	+0.0030062
2014-11	0.076	-0.0030613	-0.0027936	-0.0025076	-0.0022078	-0.0018897	-0.0015461	-0.0011812	-0.0007931	-0.0003826	+0.0000436	+0.0004843	+0.0009191	+0.0013414	+0.0017391	+0.0021071	+0.0024490	+0.0027708	+0.0030700	+0.0033430	+0.0036122	+0.0038606
2014-12	-0.017	-0.0047822	-0.0042218	-0.0036202	-0.0030083	-0.0023668	-0.0017017	-0.0010080	-0.0002986	+0.0004306	+0.0011596	+0.0018648	+0.0025431	+0.0031637	+0.0037347	+0.0042523	+0.0047214	+0.0051308	+0.0054998	+0.0058467	+0.0061666	+0.0064616
2015-01	-0.041	-0.0045343	-0.0041138	-0.0036706	-0.0032056	-0.0027056	-0.0021812	-0.0016243	-0.0010290	-0.0004008	+0.0002507	+0.0009047	+0.0015481	+0.0021737	+0.0027638	+0.0033216	+0.0038392	+0.0043221	+0.0047709	+0.0051750	+0.0055452	+0.0058839
2015-02	0.002	-0.0045360	-0.0041570	-0.0037463	-0.0032971	-0.0028170	-0.0023032	-0.0017566	-0.0011639	-0.0005360	+0.0001282	+0.0008062	+0.0014770	+0.0021357	+0.0027573	+0.0033361	+0.0038888	+0.0043959	+0.0048596	+0.0052942	+0.0057098	+0.0060904
