2012-10	0.052	-0.0036371	-0.0033099	-0.0029505	-0.0025603	-0.0021394	-0.0017050	-0.0012395	-0.0007359	-0.0001995	+0.0003654	+0.0009418	+0.0015106	+0.0020642	+0.0025917	+0.0030858	+0.0035440	+0.0039735	+0.0043673	+0.0047347	+0.0050857	+0.0054075
2012-11	0.047	-0.0040948	-0.0036207	-0.0031232	-0.0026332	-0.0021290	-0.0016036	-0.0010457	-0.0004669	+0.0001336	+0.0007482	+0.0013480	+0.0019302	+0.0024908	+0.0030018	+0.0034792	+0.0039167	+0.0043042	+0.0046631	+0.0049893	+0.0052981	+0.0055895
2012-12	0.070	-0.0031763	-0.0027971	-0.0024331	-0.0020280	-0.0015969	-0.0011653	-0.0007230	-0.0002618	+0.0002209	+0.0007139	+0.0011957	+0.0016697	+0.0021136	+0.0025133	+0.0028780	+0.0032150	+0.0035282	+0.0038207	+0.0040810	+0.0043176	+0.0045339
2013-01	0.108	-0.0051383	-0.0045218	-0.0038008	-0.0031095	-0.0023584	-0.0015405	-0.0007193	+0.0000903	+0.0009638	+0.0017663	+0.0025080	+0.0032584	+0.0039439	+0.0044774	+0.0048998	+0.0052547	+0.0055607	+0.0058230	+0.0060549	+0.0062749	+0.0064757
2013-02	0.038	-0.0076907	-0.0068068	-0.0057244	-0.0047741	-0.0037543	-0.0023536	-0.0010636	+0.0000637	+0.0015914	+0.0029153	+0.0039633	+0.0052440	+0.0064450	+0.0071906	+0.0077479	+0.0082209	+0.0086485	+0.0090515	+0.0094378	+0.0098416	+0.0100000
2013-03	0.045	-0.0067024	-0.0059095	-0.0049810	-0.0040749	-0.0031607	-0.0020503	-0.0008945	+0.0002390	+0.0014674	+0.0026633	+0.0037496	+0.0048486	+0.0058373	+0.0065924	+0.0071992	+0.0077180	+0.0081713	+0.0085797	+0.0089658	+0.0093310	+0.0096807
2013-04	0.082	-0.0077212	-0.0068430	-0.0057937	-0.0048494	-0.0038675	-0.0026142	-0.0013386	-0.0001548	+0.0012905	+0.0026391	+0.0037737	+0.0049953	+0.0061261	+0.0069362	+0.0075661	+0.0080884	+0.0085487	+0.0089813	+0.0093935	+0.0097987	+0.0100000
2013-05	-0.085	-0.0074187	-0.0065882	-0.0056484	-0.0046481	-0.0036447	-0.0024939	-0.0013251	-0.0001115	+0.0011690	+0.0023784	+0.0035165	+0.0046528	+0.0056687	+0.0064866	+0.0071610	+0.0077343	+0.0082296	+0.0086794	+0.0090939	+0.0094895	+0.0099021
2013-06	-0.093	-0.0047009	-0.0042715	-0.0038222	-0.0033297	-0.0028090	-0.0022635	-0.0016946	-0.0011026	-0.0004855	+0.0001583	+0.0008038	+0.0014424	+0.0020438	+0.0026083	+0.0031298	+0.0036124	+0.0040670	+0.0044816	+0.0048548	+0.0051997	+0.0055527
2013-07	0.011	-0.0064623	-0.0060611	-0.0056286	-0.0051488	-0.0046287	-0.0040752	-0.0034784	-0.0028405	-0.0021619	-0.0014538	-0.0007232	+0.0000084	+0.0007168	+0.0013860	+0.0020224	+0.0026306	+0.0032039	+0.0037301	+0.0042206	+0.0046912	+0.0051118
2013-08	-0.009	-0.0067218	-0.0062930	-0.0058212	-0.0053159	-0.0047926	-0.0042361	-0.0036474	-0.0030126	-0.0023422	-0.0016528	-0.0009481	-0.0002550	+0.0004206	+0.0010634	+0.0016662	+0.0022300	+0.0027491	+0.0032396	+0.0037040	+0.0041384	+0.0045353
2013-09	0.074	-0.0083005	-0.0079407	-0.0075244	-0.0070628	-0.0065516	-0.0059882	-0.0053759	-0.0046994	-0.0039541	-0.0031407	-0.0022830	-0.0013849	-0.0004707	+0.0004708	+0.0013842	+0.0022621	+0.0031163	+0.0039432	+0.0047369	+0.0055067	+0.0063342
2013-10	0.037	-0.0046475	-0.0042991	-0.0039302	-0.0035444	-0.0031335	-0.0026847	-0.0022016	-0.0016884	-0.0011482	-0.0005875	-0.0000069	+0.0005672	+0.0011274	+0.0016591	+0.0021514	+0.0026102	+0.0030337	+0.0034185	+0.0037840	+0.0041307	+0.0044584
2013-11	-0.019	-0.0039756	-0.0035142	-0.0030364	-0.0025319	-0.0020218	-0.0014783	-0.0009103	-0.0003229	+0.0002849	+0.0009064	+0.0015164	+0.0021104	+0.0026793	+0.0032085	+0.0036888	+0.0041329	+0.0045410	+0.0049102	+0.0052469	+0.0055727	+0.0058632
2013-12	-0.010	-0.0037917	-0.0033909	-0.0029759	-0.0025501	-0.0021081	-0.0016303	-0.0011292	-0.0005994	-0.0000559	+0.0004928	+0.0010345	+0.0015660	+0.0020681	+0.0025374	+0.0029747	+0.0033736	+0.0037318	+0.0040595	+0.0043696	+0.0046711	+0.0049674
2014-01	-0.032	-0.0036617	-0.0033250	-0.0029637	-0.0025863	-0.0021879	-0.0017697	-0.0013261	-0.0008609	-0.0003787	+0.0001112	+0.0006056	+0.0010856	+0.0015479	+0.0019783	+0.0023797	+0.0027547	+0.0030974	+0.0034116	+0.0037071	+0.0039762	+0.0042289
2014-02	0.039	-0.0033297	-0.0031021	-0.0028639	-0.0026110	-0.0023387	-0.0020491	-0.0017345	-0.0013985	-0.0010412	-0.0006678	-0.0002891	+0.0000875	+0.0004525	+0.0007985	+0.0011208	+0.0014182	+0.0016911	+0.0019368	+0.0021684	+0.0023894	+0.0025992
2014-03	0.030	-0.0032174	-0.0029899	-0.0027545	-0.0025052	-0.0022402	-0.0019554	-0.0016562	-0.0013334	-0.0009873	-0.0006303	-0.0002628	+0.0001031	+0.0004558	+0.0007905	+0.0011011	+0.0013890	+0.0016598	+0.0019084	+0.0021426	+0.0023543	+0.0025549
2014-04	0.013	-0.0028482	-0.0025996	-0.0023343	-0.0020564	-0.0017664	-0.0014549	-0.0011167	-0.0007551	-0.0003712	+0.0000246	+0.0004296	+0.0008292	+0.0012171	+0.0015803	+0.0019210	+0.0022372	+0.0025342	+0.0028133	+0.0030726	+0.0033087	+0.0035326
2014-05	0.011	-0.0026947	-0.0024315	-0.0021557	-0.0018653	-0.0015603	-0.0012326	-0.0008903	-0.0005230	-0.0001322	+0.0002619	+0.0006601	+0.0010534	+0.0014293	+0.0017776	+0.0021034	+0.0024062	+0.0026855	+0.0029442	+0.0031808	+0.0033999	+0.0036015
2014-06	0.005	-0.0029435	-0.0025769	-0.0021676	-0.0017468	-0.0013244	-0.0008808	-0.0004107	+0.0000802	+0.0005688	+0.0010530	+0.0015232	+0.0019708	+0.0023870	+0.0027610	+0.0030941	+0.0033947	+0.0036688	+0.0039116	+0.0041310	+0.0043360	+0.0045372
2014-07	0.029	-0.0026630	-0.0023681	-0.0020686	-0.0017508	-0.0014119	-0.0010558	-0.0006949	-0.0003188	+0.0000739	+0.0004698	+0.0008582	+0.0012312	+0.0015807	+0.0018997	+0.0021896	+0.0024423	+0.0026685	+0.0028725	+0.0030619	+0.0032479	+0.0034227
2014-08	0.019	-0.0015856	-0.0014027	-0.0012017	-0.0009971	-0.0007838	-0.0005581	-0.0003183	-0.0000712	+0.0001841	+0.0004409	+0.0006937	+0.0009367	+0.0011638	+0.0013758	+0.0015707	+0.0017489	+0.0019120	+0.0020643	+0.0022046	+0.0023326	+0.0024464
2014-09	-0.051	-0.0022582	-0.0019852	-0.0017158	-0.0014271	-0.0011213	-0.0008049	-0.0004795	-0.0001382	+0.0002146	+0.0005675	+0.0009090	+0.0012373	+0.0015401	+0.0018185	+0.0020686	+0.0022930	+0.0025022	+0.0026922	+0.0028658	+0.0030284	+0.0031838
2014-10	0.035	-0.0021923	-0.0020338	-0.0018587	-0.0016730	-0.0014739	-0.0012656	-0.0010431	-0.0008074	-0.0005492	-0.0002805	-0.0000059	+0.0002684	+0.0005371	+0.0007910	+0.0010263	+0.0012428	+0.0014430	+0.0016301	+0.0018062	+0.0019767	+0.0021321
2014-11	0.030	-0.0022473	-0.0020350	-0.0018178	-0.0015964	-0.0013623	-0.0011063	-0.0008360	-0.0005415	-0.0002301	+0.0000923	+0.0004181	+0.0007395	+0.0010526	+0.0013515	+0.0016274	+0.0018792	+0.0021144	+0.0023329	+0.0025375	+0.0027205	+0.0028935
2014-12	-0.002	-0.0025852	-0.0023526	-0.0021065	-0.0018397	-0.0015591	-0.0012581	-0.0009364	-0.0005915	-0.0002274	+0.0001524	+0.0005447	+0.0009339	+0.0013105	+0.0016720	+0.0020128	+0.0023326	+0.0026291	+0.0029066	+0.0031666	+0.0034028	+0.0036249
2015-01	-0.023	-0.0030825	-0.0028371	-0.0025912	-0.0023285	-0.0020422	-0.0017423	-0.0014189	-0.0010734	-0.0007040	-0.0003210	+0.0000761	+0.0004791	+0.0008719	+0.0012445	+0.0015960	+0.0019206	+0.0022263	+0.0025074	+0.0027749	+0.0030198	+0.0032654
2015-02	0.015	-0.0028946	-0.0026508	-0.0023904	-0.0021049	-0.0018046	-0.0014895	-0.0011537	-0.0007892	-0.0004071	-0.0000013	+0.0004187	+0.0008404	+0.0012467	+0.0016315	+0.0019957	+0.0023420	+0.0026618	+0.0029557	+0.0032273	+0.0034789	+0.0037212
