2012-05	-0.073	-0.0014040	-0.0012996	-0.0011863	-0.0010653	-0.0009422	-0.0008196	-0.0006889	-0.0005444	-0.0003923	-0.0002302	-0.0000670	+0.0000985	+0.0002530	+0.0004044	+0.0005417	+0.0006688	+0.0007935	+0.0009048	+0.0010093	+0.0011016	+0.0011997
2012-06	0.008	-0.0016301	-0.0015209	-0.0014119	-0.0012951	-0.0011721	-0.0010378	-0.0008977	-0.0007445	-0.0005920	-0.0004298	-0.0002625	-0.0000956	+0.0000713	+0.0002272	+0.0003709	+0.0005107	+0.0006434	+0.0007631	+0.0008777	+0.0009871	+0.0010850
2012-07	0.009	-0.0015956	-0.0014983	-0.0013972	-0.0012894	-0.0011687	-0.0010373	-0.0008898	-0.0007380	-0.0005722	-0.0003974	-0.0002270	-0.0000515	+0.0001201	+0.0002814	+0.0004307	+0.0005733	+0.0006981	+0.0008161	+0.0009344	+0.0010465	+0.0011647
2012-08	0.001	-0.0016662	-0.0015708	-0.0014765	-0.0013744	-0.0012644	-0.0011441	-0.0010136	-0.0008752	-0.0007234	-0.0005693	-0.0004075	-0.0002475	-0.0000911	+0.0000578	+0.0001953	+0.0003249	+0.0004436	+0.0005528	+0.0006512	+0.0007522	+0.0008422
2012-09	0.010	-0.0015486	-0.0014427	-0.0013292	-0.0012181	-0.0011010	-0.0009811	-0.0008501	-0.0007087	-0.0005620	-0.0004056	-0.0002442	-0.0000900	+0.0000612	+0.0002062	+0.0003407	+0.0004682	+0.0005906	+0.0006980	+0.0007884	+0.0008798	+0.0009679
2012-10	0.014	-0.0015598	-0.0014541	-0.0013444	-0.0012413	-0.0011266	-0.0010047	-0.0008726	-0.0007246	-0.0005704	-0.0004103	-0.0002501	-0.0000958	+0.0000561	+0.0001997	+0.0003343	+0.0004603	+0.0005798	+0.0006828	+0.0007861	+0.0008759	+0.0009604
2012-11	0.032	-0.0015792	-0.0014836	-0.0013742	-0.0012543	-0.0011250	-0.0009920	-0.0008560	-0.0007157	-0.0005635	-0.0004061	-0.0002461	-0.0000886	+0.0000667	+0.0002124	+0.0003471	+0.0004681	+0.0005815	+0.0006869	+0.0007799	+0.0008726	+0.0009635
2012-12	0.046	-0.0013076	-0.0012156	-0.0011165	-0.0010090	-0.0008946	-0.0007740	-0.0006400	-0.0004985	-0.0003486	-0.0001977	-0.0000429	+0.0001098	+0.0002564	+0.0003919	+0.0005138	+0.0006262	+0.0007291	+0.0008193	+0.0008982	+0.0009750	+0.0010402
2013-01	0.056	-0.0010659	-0.0009716	-0.0008639	-0.0007606	-0.0006432	-0.0005222	-0.0003902	-0.0002499	-0.0001025	+0.0000500	+0.0002054	+0.0003610	+0.0005051	+0.0006436	+0.0007668	+0.0008735	+0.0009749	+0.0010711	+0.0011547	+0.0012336	+0.0013050
2013-02	-0.000	-0.0006593	-0.0005561	-0.0004537	-0.0003530	-0.0002461	-0.0001237	+0.0000024	+0.0001419	+0.0002775	+0.0004222	+0.0005691	+0.0007134	+0.0008505	+0.0009793	+0.0010981	+0.0012074	+0.0013076	+0.0014031	+0.0014955	+0.0015752	+0.0016491
2013-03	0.021	-0.0006431	-0.0005442	-0.0004360	-0.0003209	-0.0001961	-0.0000717	+0.0000653	+0.0002019	+0.0003456	+0.0004897	+0.0006357	+0.0007794	+0.0009164	+0.0010476	+0.0011694	+0.0012756	+0.0013747	+0.0014685	+0.0015566	+0.0016397	+0.0017195
2013-04	0.052	-0.0006466	-0.0005155	-0.0003661	-0.0002413	-0.0001076	+0.0000260	+0.0001561	+0.0002941	+0.0004402	+0.0005846	+0.0007300	+0.0008703	+0.0010050	+0.0011324	+0.0012520	+0.0013616	+0.0014642	+0.0015522	+0.0016343	+0.0017125	+0.0017896
2013-05	-0.015	-0.0006163	-0.0004745	-0.0003369	-0.0001983	-0.0000463	+0.0001063	+0.0002608	+0.0004102	+0.0005656	+0.0007223	+0.0008751	+0.0010224	+0.0011576	+0.0012830	+0.0014017	+0.0015134	+0.0016181	+0.0017145	+0.0018065	+0.0018785	+0.0019514
2013-06	-0.050	-0.0005780	-0.0004416	-0.0003319	-0.0002095	-0.0000917	+0.0000349	+0.0001635	+0.0003023	+0.0004391	+0.0005798	+0.0007220	+0.0008587	+0.0009932	+0.0011221	+0.0012369	+0.0013405	+0.0014330	+0.0015208	+0.0016008	+0.0016871	+0.0017631
2013-07	0.002	-0.0010626	-0.0009625	-0.0008422	-0.0007244	-0.0005901	-0.0004662	-0.0003328	-0.0001946	-0.0000457	+0.0001077	+0.0002662	+0.0004203	+0.0005654	+0.0007005	+0.0008219	+0.0009391	+0.0010456	+0.0011354	+0.0012221	+0.0013010	+0.0013795
2013-08	-0.028	-0.0008562	-0.0007617	-0.0006699	-0.0005649	-0.0004480	-0.0003153	-0.0001835	-0.0000446	+0.0001072	+0.0002636	+0.0004237	+0.0005756	+0.0007216	+0.0008581	+0.0009854	+0.0010962	+0.0012007	+0.0012908	+0.0013760	+0.0014535	+0.0015346
2013-09	0.031	-0.0007417	-0.0006503	-0.0005569	-0.0004583	-0.0003505	-0.0002303	-0.0001046	+0.0000303	+0.0001663	+0.0003078	+0.0004503	+0.0005918	+0.0007253	+0.0008518	+0.0009694	+0.0010796	+0.0011790	+0.0012718	+0.0013624	+0.0014415	+0.0015110
2013-10	0.014	-0.0006701	-0.0005736	-0.0004398	-0.0003082	-0.0001793	-0.0000527	+0.0000819	+0.0002205	+0.0003608	+0.0005052	+0.0006491	+0.0007890	+0.0009253	+0.0010537	+0.0011713	+0.0012782	+0.0013771	+0.0014664	+0.0015492	+0.0016315	+0.0017051
2013-11	0.009	-0.0007005	-0.0005721	-0.0004537	-0.0003354	-0.0002253	-0.0001097	+0.0000225	+0.0001598	+0.0002985	+0.0004397	+0.0005821	+0.0007224	+0.0008620	+0.0009907	+0.0011075	+0.0012193	+0.0013175	+0.0014066	+0.0014981	+0.0015769	+0.0016348
2013-12	0.010	-0.0007376	-0.0006216	-0.0005033	-0.0003795	-0.0002595	-0.0001280	+0.0000075	+0.0001457	+0.0002908	+0.0004364	+0.0005821	+0.0007226	+0.0008534	+0.0009773	+0.0010928	+0.0012005	+0.0012985	+0.0013864	+0.0014714	+0.0015472	+0.0016190
2014-01	-0.048	-0.0006844	-0.0005734	-0.0004483	-0.0003260	-0.0001940	-0.0000593	+0.0000748	+0.0002124	+0.0003536	+0.0004999	+0.0006451	+0.0007854	+0.0009184	+0.0010390	+0.0011503	+0.0012471	+0.0013399	+0.0014267	+0.0015081	+0.0015864	+0.0016498
2014-02	0.022	-0.0008133	-0.0006762	-0.0005570	-0.0004445	-0.0003133	-0.0001823	-0.0000462	+0.0000964	+0.0002490	+0.0003976	+0.0005443	+0.0006953	+0.0008347	+0.0009687	+0.0010871	+0.0011926	+0.0012903	+0.0013786	+0.0014571	+0.0015275	+0.0015900
2014-03	0.022	-0.0007910	-0.0006943	-0.0005922	-0.0004777	-0.0003619	-0.0002348	-0.0001046	+0.0000329	+0.0001718	+0.0003211	+0.0004736	+0.0006251	+0.0007685	+0.0008973	+0.0010163	+0.0011307	+0.0012346	+0.0013329	+0.0014271	+0.0015114	+0.0015932
2014-04	0.005	-0.0008740	-0.0007627	-0.0006506	-0.0005340	-0.0004179	-0.0002973	-0.0001667	-0.0000307	+0.0001088	+0.0002561	+0.0004024	+0.0005504	+0.0006878	+0.0008189	+0.0009369	+0.0010453	+0.0011430	+0.0012354	+0.0013230	+0.0014050	+0.0014685
2014-05	0.006	-0.0009024	-0.0008155	-0.0007230	-0.0006170	-0.0005100	-0.0003989	-0.0002804	-0.0001579	-0.0000244	+0.0001110	+0.0002443	+0.0003762	+0.0005006	+0.0006188	+0.0007305	+0.0008311	+0.0009255	+0.0010154	+0.0011022	+0.0011751	+0.0012418
2014-06	0.004	-0.0009123	-0.0008420	-0.0007630	-0.0006792	-0.0005835	-0.0004786	-0.0003659	-0.0002500	-0.0001300	-0.0000053	+0.0001220	+0.0002449	+0.0003658	+0.0004796	+0.0005835	+0.0006756	+0.0007650	+0.0008500	+0.0009267	+0.0009892	+0.0010470
2014-07	0.005	-0.0009693	-0.0008804	-0.0007973	-0.0007067	-0.0006141	-0.0005180	-0.0004094	-0.0002931	-0.0001727	-0.0000456	+0.0000846	+0.0002070	+0.0003243	+0.0004317	+0.0005358	+0.0006306	+0.0007194	+0.0007992	+0.0008720	+0.0009353	+0.0010054
2014-08	0.009	-0.0010288	-0.0009414	-0.0008555	-0.0007654	-0.0006644	-0.0005641	-0.0004553	-0.0003472	-0.0002317	-0.0001125	+0.0000071	+0.0001227	+0.0002294	+0.0003319	+0.0004228	+0.0005072	+0.0005888	+0.0006634	+0.0007349	+0.0007973	+0.0008573
2014-09	0.001	-0.0010473	-0.0009688	-0.0008868	-0.0008038	-0.0007107	-0.0006137	-0.0005135	-0.0004074	-0.0002928	-0.0001772	-0.0000647	+0.0000412	+0.0001424	+0.0002365	+0.0003221	+0.0004017	+0.0004773	+0.0005416	+0.0006008	+0.0006551	+0.0007113
2014-10	0.004	-0.0004732	-0.0004233	-0.0003691	-0.0003093	-0.0002498	-0.0001847	-0.0001124	-0.0000341	+0.0000459	+0.0001281	+0.0002100	+0.0002915	+0.0003708	+0.0004445	+0.0005162	+0.0005812	+0.0006410	+0.0006984	+0.0007560	+0.0008143	+0.0008671
2014-11	0.054	-0.0005202	-0.0004731	-0.0004231	-0.0003681	-0.0003064	-0.0002412	-0.0001731	-0.0001032	-0.0000297	+0.0000465	+0.0001254	+0.0002047	+0.0002814	+0.0003555	+0.0004226	+0.0004882	+0.0005464	+0.0006024	+0.0006594	+0.0007088	+0.0007544
2014-12	-0.018	-0.0003797	-0.0003157	-0.0002466	-0.0001792	-0.0001135	-0.0000404	+0.0000369	+0.0001188	+0.0002036	+0.0002937	+0.0003806	+0.0004704	+0.0005589	+0.0006467	+0.0007277	+0.0008031	+0.0008729	+0.0009346	+0.0009948	+0.0010546	+0.0011016
2015-01	-0.031	-0.0005482	-0.0004689	-0.0003974	-0.0003184	-0.0002338	-0.0001466	-0.0000584	+0.0000311	+0.0001207	+0.0002132	+0.0003033	+0.0003938	+0.0004820	+0.0005688	+0.0006522	+0.0007324	+0.0008073	+0.0008763	+0.0009324	+0.0009891	+0.0010327
2015-02	-0.013	-0.0005086	-0.0004486	-0.0003861	-0.0003237	-0.0002580	-0.0001890	-0.0001130	-0.0000320	+0.0000529	+0.0001405	+0.0002323	+0.0003259	+0.0004159	+0.0005022	+0.0005838	+0.0006586	+0.0007262	+0.0007887	+0.0008440	+0.0009050	+0.0009610
