2012-05	-0.063	-0.0015411	-0.0014286	-0.0013137	-0.0011704	-0.0010188	-0.0008692	-0.0007128	-0.0005564	-0.0003893	-0.0002160	-0.0000402	+0.0001320	+0.0002950	+0.0004463	+0.0005920	+0.0007237	+0.0008415	+0.0009465	+0.0010479	+0.0011385	+0.0012219
2012-06	0.051	-0.0018545	-0.0017190	-0.0015811	-0.0014418	-0.0013087	-0.0011576	-0.0010020	-0.0008356	-0.0006607	-0.0004790	-0.0003024	-0.0001280	+0.0000405	+0.0001965	+0.0003401	+0.0004711	+0.0005929	+0.0007055	+0.0008145	+0.0009123	+0.0009907
2012-07	-0.031	-0.0013525	-0.0012635	-0.0011744	-0.0010682	-0.0009500	-0.0008284	-0.0006898	-0.0005445	-0.0003923	-0.0002348	-0.0000759	+0.0000827	+0.0002362	+0.0003844	+0.0005214	+0.0006505	+0.0007663	+0.0008694	+0.0009684	+0.0010651	+0.0011455
2012-08	0.007	-0.0011271	-0.0010488	-0.0009566	-0.0008609	-0.0007554	-0.0006444	-0.0005286	-0.0003981	-0.0002565	-0.0001090	+0.0000439	+0.0001911	+0.0003350	+0.0004752	+0.0006046	+0.0007247	+0.0008378	+0.0009439	+0.0010381	+0.0011376	+0.0012291
2012-09	0.025	-0.0010967	-0.0010057	-0.0009082	-0.0008084	-0.0006960	-0.0005762	-0.0004484	-0.0003101	-0.0001649	-0.0000164	+0.0001335	+0.0002847	+0.0004295	+0.0005658	+0.0006943	+0.0008157	+0.0009195	+0.0010167	+0.0011080	+0.0011928	+0.0012798
2012-10	0.006	-0.0010062	-0.0009176	-0.0008234	-0.0007268	-0.0006222	-0.0005132	-0.0003958	-0.0002694	-0.0001336	+0.0000121	+0.0001626	+0.0003135	+0.0004584	+0.0005927	+0.0007225	+0.0008387	+0.0009465	+0.0010446	+0.0011369	+0.0012255	+0.0013020
2012-11	0.027	-0.0011477	-0.0010580	-0.0009631	-0.0008579	-0.0007482	-0.0006321	-0.0005103	-0.0003768	-0.0002424	-0.0000993	+0.0000450	+0.0001898	+0.0003287	+0.0004643	+0.0005929	+0.0007086	+0.0008132	+0.0009131	+0.0010065	+0.0010899	+0.0011585
2012-12	0.060	-0.0009092	-0.0008253	-0.0007258	-0.0006252	-0.0005193	-0.0004069	-0.0002870	-0.0001614	-0.0000299	+0.0001079	+0.0002479	+0.0003856	+0.0005197	+0.0006464	+0.0007641	+0.0008720	+0.0009718	+0.0010608	+0.0011519	+0.0012289	+0.0013115
2013-01	0.082	-0.0007869	-0.0006832	-0.0005814	-0.0004720	-0.0003678	-0.0002532	-0.0001325	+0.0000011	+0.0001389	+0.0002801	+0.0004309	+0.0005811	+0.0007241	+0.0008638	+0.0009896	+0.0011059	+0.0012084	+0.0013039	+0.0013898	+0.0014730	+0.0015509
2013-02	0.042	-0.0006452	-0.0005503	-0.0004538	-0.0003416	-0.0002336	-0.0001096	+0.0000301	+0.0001772	+0.0003344	+0.0004958	+0.0006569	+0.0008167	+0.0009680	+0.0011090	+0.0012430	+0.0013720	+0.0014892	+0.0016034	+0.0017015	+0.0017960	+0.0018834
2013-03	0.054	-0.0006914	-0.0005576	-0.0004045	-0.0002510	-0.0000855	+0.0000777	+0.0002438	+0.0004102	+0.0005806	+0.0007533	+0.0009318	+0.0010991	+0.0012595	+0.0014079	+0.0015497	+0.0016802	+0.0017993	+0.0019036	+0.0019924	+0.0020752	+0.0021553
2013-04	0.068	-0.0007004	-0.0004961	-0.0003024	-0.0001299	+0.0000486	+0.0002289	+0.0004087	+0.0005872	+0.0007644	+0.0009464	+0.0011242	+0.0012947	+0.0014573	+0.0016105	+0.0017529	+0.0018837	+0.0020025	+0.0021138	+0.0022058	+0.0023018	+0.0024013
2013-05	-0.029	-0.0007398	-0.0005240	-0.0003316	-0.0001320	+0.0000795	+0.0002861	+0.0004801	+0.0006892	+0.0008873	+0.0010761	+0.0012598	+0.0014345	+0.0016016	+0.0017615	+0.0019154	+0.0020593	+0.0021851	+0.0023021	+0.0024002	+0.0024920	+0.0025796
2013-06	-0.013	-0.0008134	-0.0006086	-0.0004035	-0.0001687	+0.0000543	+0.0002794	+0.0004815	+0.0006783	+0.0008693	+0.0010555	+0.0012437	+0.0014356	+0.0016138	+0.0017769	+0.0019358	+0.0020771	+0.0022059	+0.0023184	+0.0024354	+0.0025256	+0.0026214
2013-07	-0.006	-0.0011383	-0.0009891	-0.0008241	-0.0006543	-0.0004858	-0.0003008	-0.0001145	+0.0000808	+0.0002942	+0.0005142	+0.0007314	+0.0009401	+0.0011434	+0.0013328	+0.0014998	+0.0016593	+0.0018110	+0.0019432	+0.0020548	+0.0021674	+0.0022603
2013-08	-0.015	-0.0010272	-0.0008204	-0.0006539	-0.0004737	-0.0002795	-0.0000803	+0.0001166	+0.0003258	+0.0005501	+0.0007778	+0.0009968	+0.0012111	+0.0014233	+0.0016185	+0.0017931	+0.0019546	+0.0020967	+0.0022278	+0.0023433	+0.0024553	+0.0025582
2013-09	0.063	-0.0008629	-0.0006926	-0.0005231	-0.0003492	-0.0001612	+0.0000363	+0.0002357	+0.0004388	+0.0006523	+0.0008692	+0.0010786	+0.0012750	+0.0014657	+0.0016481	+0.0018149	+0.0019679	+0.0021001	+0.0022238	+0.0023341	+0.0024367	+0.0025322
2013-10	-0.003	-0.0008580	-0.0006551	-0.0004652	-0.0002521	-0.0000268	+0.0001858	+0.0004007	+0.0006161	+0.0008337	+0.0010507	+0.0012626	+0.0014722	+0.0016720	+0.0018587	+0.0020248	+0.0021759	+0.0023089	+0.0024271	+0.0025434	+0.0026427	+0.0027352
2013-11	0.041	-0.0008317	-0.0006671	-0.0004837	-0.0002793	-0.0000772	+0.0001178	+0.0003159	+0.0005190	+0.0007249	+0.0009382	+0.0011527	+0.0013579	+0.0015575	+0.0017366	+0.0018992	+0.0020507	+0.0021828	+0.0023045	+0.0024177	+0.0025177	+0.0026032
2013-12	0.019	-0.0008939	-0.0007048	-0.0004846	-0.0002817	-0.0000682	+0.0001581	+0.0003901	+0.0006096	+0.0008234	+0.0010455	+0.0012551	+0.0014608	+0.0016436	+0.0018158	+0.0019760	+0.0021173	+0.0022466	+0.0023666	+0.0024733	+0.0025700	+0.0026755
2014-01	-0.022	-0.0009072	-0.0007173	-0.0005011	-0.0002841	-0.0000567	+0.0001798	+0.0004158	+0.0006405	+0.0008692	+0.0010819	+0.0012930	+0.0014982	+0.0016827	+0.0018548	+0.0020123	+0.0021577	+0.0022959	+0.0024166	+0.0025200	+0.0026081	+0.0027037
2014-02	-0.006	-0.0009290	-0.0006847	-0.0004539	-0.0002264	-0.0000022	+0.0002339	+0.0004710	+0.0006924	+0.0009117	+0.0011301	+0.0013449	+0.0015449	+0.0017352	+0.0019064	+0.0020640	+0.0022079	+0.0023391	+0.0024542	+0.0025606	+0.0026550	+0.0027574
2014-03	0.001	-0.0008986	-0.0006824	-0.0004648	-0.0002829	-0.0000862	+0.0001186	+0.0003263	+0.0005473	+0.0007678	+0.0009925	+0.0012182	+0.0014334	+0.0016354	+0.0018252	+0.0019899	+0.0021359	+0.0022731	+0.0023967	+0.0025122	+0.0026272	+0.0027291
2014-04	-0.011	-0.0011484	-0.0009448	-0.0007384	-0.0005377	-0.0003334	-0.0001189	+0.0001047	+0.0003347	+0.0005614	+0.0007866	+0.0010091	+0.0012228	+0.0014231	+0.0016051	+0.0017729	+0.0019269	+0.0020650	+0.0021973	+0.0023251	+0.0024445	+0.0025526
2014-05	0.033	-0.0011045	-0.0009602	-0.0008273	-0.0006707	-0.0004899	-0.0003021	-0.0001178	+0.0000798	+0.0002922	+0.0005057	+0.0007169	+0.0009119	+0.0010987	+0.0012762	+0.0014434	+0.0015885	+0.0017234	+0.0018561	+0.0019789	+0.0020933	+0.0021914
2014-06	0.043	-0.0010743	-0.0009557	-0.0008250	-0.0006858	-0.0005414	-0.0003762	-0.0001949	-0.0000001	+0.0001948	+0.0004013	+0.0006017	+0.0007900	+0.0009697	+0.0011432	+0.0013078	+0.0014536	+0.0015950	+0.0017280	+0.0018369	+0.0019388	+0.0020360
2014-07	0.017	-0.0011524	-0.0010065	-0.0008600	-0.0007175	-0.0005632	-0.0003982	-0.0002231	-0.0000426	+0.0001483	+0.0003427	+0.0005358	+0.0007233	+0.0009034	+0.0010720	+0.0012309	+0.0013753	+0.0015071	+0.0016303	+0.0017688	+0.0018888	+0.0020060
2014-08	0.000	-0.0011619	-0.0010207	-0.0008840	-0.0007435	-0.0005842	-0.0004215	-0.0002485	-0.0000654	+0.0001225	+0.0003149	+0.0005050	+0.0006907	+0.0008741	+0.0010485	+0.0012036	+0.0013480	+0.0014811	+0.0016016	+0.0017101	+0.0018205	+0.0019337
2014-09	0.035	-0.0012747	-0.0011530	-0.0010241	-0.0008836	-0.0007387	-0.0005815	-0.0004165	-0.0002431	-0.0000741	+0.0001008	+0.0002704	+0.0004361	+0.0005951	+0.0007437	+0.0008862	+0.0010236	+0.0011411	+0.0012421	+0.0013391	+0.0014226	+0.0014960
2014-10	0.004	-0.0004932	-0.0003982	-0.0003094	-0.0002017	-0.0000916	+0.0000265	+0.0001506	+0.0002803	+0.0004139	+0.0005493	+0.0006867	+0.0008225	+0.0009559	+0.0010811	+0.0012006	+0.0013128	+0.0014160	+0.0015134	+0.0016057	+0.0016967	+0.0017758
2014-11	0.031	-0.0007958	-0.0007007	-0.0006088	-0.0005039	-0.0003941	-0.0002816	-0.0001611	-0.0000332	+0.0000952	+0.0002288	+0.0003621	+0.0004929	+0.0006182	+0.0007353	+0.0008448	+0.0009459	+0.0010356	+0.0011199	+0.0011992	+0.0012743	+0.0013483
2014-12	0.004	-0.0006043	-0.0004971	-0.0003858	-0.0002765	-0.0001579	-0.0000358	+0.0000984	+0.0002372	+0.0003780	+0.0005242	+0.0006728	+0.0008190	+0.0009603	+0.0010949	+0.0012211	+0.0013325	+0.0014357	+0.0015278	+0.0016127	+0.0016911	+0.0017676
2015-01	0.019	-0.0007343	-0.0006237	-0.0004886	-0.0003633	-0.0002254	-0.0000872	+0.0000556	+0.0002035	+0.0003543	+0.0005023	+0.0006480	+0.0007893	+0.0009254	+0.0010575	+0.0011797	+0.0012960	+0.0013932	+0.0014841	+0.0015749	+0.0016588	+0.0017331
2015-02	0.000	-0.0005863	-0.0004793	-0.0003681	-0.0002571	-0.0001429	-0.0000280	+0.0001031	+0.0002382	+0.0003772	+0.0005214	+0.0006632	+0.0007998	+0.0009369	+0.0010667	+0.0011865	+0.0012941	+0.0013967	+0.0014923	+0.0015802	+0.0016608	+0.0017457
