2012-05	0.013	-0.0003021	-0.0002519	-0.0002014	-0.0001519	-0.0001007	-0.0000446	+0.0000181	+0.0000832	+0.0001500	+0.0002164	+0.0002850	+0.0003536	+0.0004190	+0.0004836	+0.0005447	+0.0006021	+0.0006539	+0.0007010	+0.0007457	+0.0007881	+0.0008244
2012-06	0.012	-0.0002182	-0.0001677	-0.0001178	-0.0000671	-0.0000145	+0.0000399	+0.0000986	+0.0001608	+0.0002247	+0.0002930	+0.0003591	+0.0004249	+0.0004903	+0.0005520	+0.0006097	+0.0006660	+0.0007186	+0.0007675	+0.0008151	+0.0008582	+0.0009000
2012-07	0.008	-0.0002635	-0.0002106	-0.0001501	-0.0000906	-0.0000285	+0.0000340	+0.0000959	+0.0001597	+0.0002248	+0.0002915	+0.0003586	+0.0004258	+0.0004899	+0.0005514	+0.0006097	+0.0006639	+0.0007157	+0.0007642	+0.0008066	+0.0008455	+0.0008854
2012-08	0.000	-0.0002420	-0.0001754	-0.0001105	-0.0000459	+0.0000209	+0.0000893	+0.0001574	+0.0002239	+0.0002905	+0.0003554	+0.0004204	+0.0004835	+0.0005446	+0.0006030	+0.0006594	+0.0007120	+0.0007627	+0.0008087	+0.0008558	+0.0008952	+0.0009322
2012-09	0.003	-0.0003040	-0.0002408	-0.0001871	-0.0001265	-0.0000678	-0.0000063	+0.0000569	+0.0001211	+0.0001823	+0.0002459	+0.0003095	+0.0003721	+0.0004347	+0.0004947	+0.0005522	+0.0006082	+0.0006600	+0.0007088	+0.0007549	+0.0008053	+0.0008442
2012-10	0.002	-0.0003305	-0.0002696	-0.0002090	-0.0001449	-0.0000834	-0.0000239	+0.0000358	+0.0000965	+0.0001616	+0.0002262	+0.0002904	+0.0003540	+0.0004150	+0.0004744	+0.0005288	+0.0005825	+0.0006332	+0.0006814	+0.0007249	+0.0007632	+0.0008002
2012-11	0.010	-0.0002616	-0.0002146	-0.0001616	-0.0001080	-0.0000562	-0.0000009	+0.0000591	+0.0001196	+0.0001810	+0.0002449	+0.0003102	+0.0003739	+0.0004356	+0.0004957	+0.0005531	+0.0006063	+0.0006537	+0.0007003	+0.0007414	+0.0007789	+0.0008157
2012-12	-0.006	-0.0002968	-0.0002501	-0.0002066	-0.0001598	-0.0001100	-0.0000571	-0.0000024	+0.0000536	+0.0001085	+0.0001625	+0.0002175	+0.0002702	+0.0003186	+0.0003659	+0.0004111	+0.0004525	+0.0004888	+0.0005235	+0.0005548	+0.0005840	+0.0006142
2013-01	-0.014	-0.0002915	-0.0002544	-0.0002146	-0.0001760	-0.0001357	-0.0000950	-0.0000510	-0.0000042	+0.0000449	+0.0000937	+0.0001448	+0.0001944	+0.0002418	+0.0002869	+0.0003271	+0.0003650	+0.0003991	+0.0004291	+0.0004556	+0.0004802	+0.0005010
2013-02	0.013	-0.0002521	-0.0002245	-0.0001923	-0.0001578	-0.0001184	-0.0000774	-0.0000360	+0.0000079	+0.0000554	+0.0001032	+0.0001515	+0.0001991	+0.0002451	+0.0002888	+0.0003289	+0.0003647	+0.0003976	+0.0004267	+0.0004549	+0.0004825	+0.0005068
2013-03	0.004	-0.0002568	-0.0002230	-0.0001911	-0.0001576	-0.0001225	-0.0000850	-0.0000439	-0.0000031	+0.0000413	+0.0000866	+0.0001322	+0.0001781	+0.0002225	+0.0002635	+0.0003025	+0.0003378	+0.0003692	+0.0003984	+0.0004236	+0.0004477	+0.0004714
2013-04	0.014	-0.0001997	-0.0001687	-0.0001387	-0.0001049	-0.0000695	-0.0000292	+0.0000120	+0.0000546	+0.0000969	+0.0001407	+0.0001842	+0.0002266	+0.0002666	+0.0003045	+0.0003382	+0.0003693	+0.0003975	+0.0004239	+0.0004483	+0.0004703	+0.0004898
2013-05	-0.027	-0.0002069	-0.0001698	-0.0001318	-0.0000911	-0.0000493	-0.0000076	+0.0000342	+0.0000770	+0.0001202	+0.0001648	+0.0002092	+0.0002530	+0.0002941	+0.0003323	+0.0003669	+0.0003985	+0.0004258	+0.0004521	+0.0004775	+0.0005032	+0.0005277
2013-06	-0.033	-0.0002269	-0.0001994	-0.0001677	-0.0001365	-0.0001031	-0.0000671	-0.0000273	+0.0000145	+0.0000591	+0.0001039	+0.0001491	+0.0001940	+0.0002377	+0.0002786	+0.0003159	+0.0003503	+0.0003800	+0.0004068	+0.0004321	+0.0004556	+0.0004786
2013-07	-0.001	-0.0003383	-0.0003090	-0.0002755	-0.0002386	-0.0001989	-0.0001563	-0.0001101	-0.0000629	-0.0000132	+0.0000385	+0.0000897	+0.0001402	+0.0001875	+0.0002319	+0.0002745	+0.0003145	+0.0003500	+0.0003831	+0.0004123	+0.0004404	+0.0004638
2013-08	-0.009	-0.0004523	-0.0004170	-0.0003785	-0.0003358	-0.0002938	-0.0002496	-0.0002000	-0.0001486	-0.0000953	-0.0000389	+0.0000154	+0.0000702	+0.0001219	+0.0001705	+0.0002148	+0.0002560	+0.0002930	+0.0003259	+0.0003544	+0.0003807	+0.0004051
2013-09	0.013	-0.0005025	-0.0004655	-0.0004270	-0.0003867	-0.0003456	-0.0003025	-0.0002588	-0.0002100	-0.0001592	-0.0001068	-0.0000537	+0.0000000	+0.0000512	+0.0000991	+0.0001435	+0.0001840	+0.0002222	+0.0002559	+0.0002883	+0.0003223	+0.0003511
2013-10	0.011	-0.0005380	-0.0005053	-0.0004689	-0.0004318	-0.0003904	-0.0003494	-0.0003043	-0.0002564	-0.0002079	-0.0001560	-0.0001024	-0.0000485	+0.0000050	+0.0000550	+0.0001004	+0.0001433	+0.0001826	+0.0002180	+0.0002533	+0.0002861	+0.0003164
2013-11	-0.008	-0.0005466	-0.0005106	-0.0004733	-0.0004320	-0.0003908	-0.0003443	-0.0002943	-0.0002419	-0.0001891	-0.0001340	-0.0000784	-0.0000227	+0.0000303	+0.0000812	+0.0001280	+0.0001712	+0.0002101	+0.0002463	+0.0002803	+0.0003136	+0.0003456
2013-12	-0.014	-0.0005279	-0.0004953	-0.0004621	-0.0004260	-0.0003831	-0.0003383	-0.0002922	-0.0002434	-0.0001908	-0.0001362	-0.0000808	-0.0000256	+0.0000287	+0.0000779	+0.0001249	+0.0001679	+0.0002063	+0.0002408	+0.0002742	+0.0003022	+0.0003348
2014-01	0.018	-0.0005735	-0.0005356	-0.0004970	-0.0004557	-0.0004141	-0.0003705	-0.0003229	-0.0002724	-0.0002199	-0.0001646	-0.0001083	-0.0000537	-0.0000015	+0.0000490	+0.0000938	+0.0001356	+0.0001714	+0.0002088	+0.0002423	+0.0002777	+0.0003122
2014-02	0.009	-0.0005639	-0.0005295	-0.0004926	-0.0004552	-0.0004145	-0.0003715	-0.0003253	-0.0002742	-0.0002214	-0.0001639	-0.0001065	-0.0000511	+0.0000020	+0.0000528	+0.0001023	+0.0001459	+0.0001880	+0.0002265	+0.0002608	+0.0002920	+0.0003264
2014-03	-0.002	-0.0005654	-0.0005341	-0.0004948	-0.0004521	-0.0004116	-0.0003675	-0.0003178	-0.0002660	-0.0002127	-0.0001585	-0.0001024	-0.0000469	+0.0000057	+0.0000550	+0.0001025	+0.0001457	+0.0001834	+0.0002200	+0.0002545	+0.0002834	+0.0003153
2014-04	0.005	-0.0005565	-0.0005207	-0.0004847	-0.0004460	-0.0004022	-0.0003574	-0.0003101	-0.0002588	-0.0002040	-0.0001480	-0.0000911	-0.0000365	+0.0000153	+0.0000634	+0.0001083	+0.0001502	+0.0001894	+0.0002255	+0.0002604	+0.0002913	+0.0003215
2014-05	0.025	-0.0005094	-0.0004712	-0.0004342	-0.0003940	-0.0003518	-0.0003065	-0.0002582	-0.0002099	-0.0001575	-0.0001031	-0.0000475	+0.0000096	+0.0000635	+0.0001135	+0.0001591	+0.0002012	+0.0002395	+0.0002744	+0.0003040	+0.0003339	+0.0003593
2014-06	-0.004	-0.0004769	-0.0004338	-0.0003918	-0.0003489	-0.0003036	-0.0002561	-0.0002051	-0.0001512	-0.0000961	-0.0000396	+0.0000185	+0.0000754	+0.0001293	+0.0001791	+0.0002263	+0.0002686	+0.0003102	+0.0003475	+0.0003848	+0.0004177	+0.0004451
2014-07	-0.001	-0.0004817	-0.0004463	-0.0004082	-0.0003690	-0.0003235	-0.0002762	-0.0002279	-0.0001763	-0.0001212	-0.0000647	-0.0000088	+0.0000466	+0.0000997	+0.0001504	+0.0001991	+0.0002422	+0.0002805	+0.0003186	+0.0003520	+0.0003844	+0.0004141
2014-08	0.017	-0.0004998	-0.0004664	-0.0004307	-0.0003874	-0.0003405	-0.0002928	-0.0002439	-0.0001917	-0.0001367	-0.0000814	-0.0000251	+0.0000304	+0.0000837	+0.0001340	+0.0001791	+0.0002208	+0.0002572	+0.0002917	+0.0003239	+0.0003525	+0.0003796
2014-09	-0.008	-0.0004592	-0.0004238	-0.0003867	-0.0003453	-0.0003012	-0.0002544	-0.0002049	-0.0001499	-0.0000947	-0.0000369	+0.0000198	+0.0000747	+0.0001249	+0.0001738	+0.0002192	+0.0002594	+0.0002964	+0.0003313	+0.0003632	+0.0003916	+0.0004165
2014-10	0.012	-0.0003671	-0.0003380	-0.0003031	-0.0002645	-0.0002207	-0.0001773	-0.0001310	-0.0000816	-0.0000309	+0.0000217	+0.0000742	+0.0001249	+0.0001727	+0.0002173	+0.0002592	+0.0002971	+0.0003307	+0.0003625	+0.0003899	+0.0004171	+0.0004417
2014-11	0.006	-0.0001468	-0.0001217	-0.0000931	-0.0000619	-0.0000277	+0.0000100	+0.0000487	+0.0000886	+0.0001315	+0.0001739	+0.0002172	+0.0002602	+0.0003023	+0.0003428	+0.0003803	+0.0004152	+0.0004494	+0.0004818	+0.0005115	+0.0005389	+0.0005681
2014-12	0.003	-0.0001761	-0.0001409	-0.0001042	-0.0000660	-0.0000278	+0.0000089	+0.0000493	+0.0000929	+0.0001362	+0.0001806	+0.0002256	+0.0002707	+0.0003135	+0.0003538	+0.0003910	+0.0004266	+0.0004567	+0.0004841	+0.0005111	+0.0005346	+0.0005575
2015-01	0.032	-0.0001235	-0.0000925	-0.0000589	-0.0000190	+0.0000235	+0.0000667	+0.0001107	+0.0001544	+0.0001982	+0.0002421	+0.0002867	+0.0003300	+0.0003714	+0.0004099	+0.0004471	+0.0004804	+0.0005131	+0.0005425	+0.0005725	+0.0006022	+0.0006281
2015-02	-0.002	-0.0001341	-0.0000922	-0.0000572	-0.0000126	+0.0000331	+0.0000810	+0.0001267	+0.0001707	+0.0002163	+0.0002608	+0.0003053	+0.0003491	+0.0003929	+0.0004366	+0.0004772	+0.0005130	+0.0005483	+0.0005797	+0.0006108	+0.0006391	+0.0006673
