2012-05	-0.039	-0.0005382	-0.0004947	-0.0004478	-0.0003956	-0.0003404	-0.0002806	-0.0002186	-0.0001499	-0.0000778	-0.0000011	+0.0000770	+0.0001567	+0.0002333	+0.0003097	+0.0003808	+0.0004511	+0.0005153	+0.0005679	+0.0006201	+0.0006707	+0.0007149
2012-06	0.013	-0.0006600	-0.0006135	-0.0005631	-0.0005129	-0.0004579	-0.0004013	-0.0003368	-0.0002672	-0.0001945	-0.0001150	-0.0000326	+0.0000491	+0.0001296	+0.0002064	+0.0002774	+0.0003432	+0.0004039	+0.0004634	+0.0005180	+0.0005745	+0.0006283
2012-07	0.004	-0.0006040	-0.0005594	-0.0005167	-0.0004691	-0.0004134	-0.0003537	-0.0002870	-0.0002171	-0.0001405	-0.0000618	+0.0000186	+0.0001010	+0.0001810	+0.0002576	+0.0003279	+0.0003969	+0.0004619	+0.0005197	+0.0005791	+0.0006342	+0.0006811
2012-08	0.006	-0.0006191	-0.0005790	-0.0005359	-0.0004909	-0.0004393	-0.0003824	-0.0003219	-0.0002562	-0.0001849	-0.0001102	-0.0000338	+0.0000429	+0.0001186	+0.0001926	+0.0002608	+0.0003246	+0.0003825	+0.0004384	+0.0004901	+0.0005344	+0.0005784
2012-09	0.009	-0.0006053	-0.0005490	-0.0004952	-0.0004432	-0.0003882	-0.0003300	-0.0002691	-0.0002025	-0.0001331	-0.0000579	+0.0000177	+0.0000938	+0.0001693	+0.0002401	+0.0003077	+0.0003708	+0.0004316	+0.0004828	+0.0005321	+0.0005812	+0.0006257
2012-10	0.011	-0.0005650	-0.0005177	-0.0004698	-0.0004212	-0.0003648	-0.0003078	-0.0002450	-0.0001794	-0.0001065	-0.0000314	+0.0000466	+0.0001223	+0.0001967	+0.0002653	+0.0003290	+0.0003865	+0.0004426	+0.0004933	+0.0005428	+0.0005876	+0.0006300
2012-11	0.024	-0.0005633	-0.0005138	-0.0004622	-0.0004087	-0.0003508	-0.0002907	-0.0002245	-0.0001570	-0.0000858	-0.0000106	+0.0000644	+0.0001406	+0.0002151	+0.0002863	+0.0003526	+0.0004151	+0.0004704	+0.0005236	+0.0005692	+0.0006141	+0.0006572
2012-12	0.037	-0.0004180	-0.0003736	-0.0003230	-0.0002721	-0.0002155	-0.0001537	-0.0000903	-0.0000226	+0.0000479	+0.0001203	+0.0001951	+0.0002699	+0.0003407	+0.0004070	+0.0004691	+0.0005269	+0.0005802	+0.0006265	+0.0006692	+0.0007085	+0.0007476
2013-01	0.040	-0.0003558	-0.0002946	-0.0002330	-0.0001766	-0.0001153	-0.0000521	+0.0000181	+0.0000903	+0.0001679	+0.0002473	+0.0003291	+0.0004113	+0.0004911	+0.0005619	+0.0006284	+0.0006906	+0.0007450	+0.0007989	+0.0008450	+0.0008889	+0.0009305
2013-02	0.012	-0.0002513	-0.0001855	-0.0001062	-0.0000388	+0.0000344	+0.0001143	+0.0001959	+0.0002813	+0.0003664	+0.0004516	+0.0005351	+0.0006150	+0.0006922	+0.0007652	+0.0008333	+0.0008962	+0.0009510	+0.0010051	+0.0010571	+0.0011058	+0.0011478
2013-03	0.031	-0.0003454	-0.0002553	-0.0001625	-0.0000688	+0.0000277	+0.0001310	+0.0002304	+0.0003261	+0.0004166	+0.0005029	+0.0005890	+0.0006742	+0.0007543	+0.0008314	+0.0009017	+0.0009683	+0.0010261	+0.0010798	+0.0011282	+0.0011743	+0.0012177
2013-04	0.040	-0.0003223	-0.0002188	-0.0001149	-0.0000030	+0.0001183	+0.0002333	+0.0003430	+0.0004399	+0.0005361	+0.0006251	+0.0007124	+0.0007963	+0.0008742	+0.0009508	+0.0010193	+0.0010816	+0.0011378	+0.0011934	+0.0012451	+0.0012903	+0.0013334
2013-05	-0.012	-0.0004077	-0.0002922	-0.0001757	-0.0000499	+0.0000997	+0.0002810	+0.0004325	+0.0005485	+0.0006467	+0.0007400	+0.0008290	+0.0009157	+0.0009974	+0.0010743	+0.0011451	+0.0012109	+0.0012707	+0.0013251	+0.0013726	+0.0014183	+0.0014616
2013-06	-0.030	-0.0003986	-0.0002951	-0.0002000	-0.0000679	+0.0001010	+0.0002720	+0.0003964	+0.0004968	+0.0005886	+0.0006790	+0.0007687	+0.0008578	+0.0009420	+0.0010205	+0.0010915	+0.0011527	+0.0012121	+0.0012671	+0.0013192	+0.0013649	+0.0014101
2013-07	0.005	-0.0004858	-0.0004030	-0.0003140	-0.0002310	-0.0001416	-0.0000473	+0.0000461	+0.0001483	+0.0002497	+0.0003540	+0.0004608	+0.0005624	+0.0006579	+0.0007433	+0.0008202	+0.0008955	+0.0009635	+0.0010245	+0.0010780	+0.0011273	+0.0011711
2013-08	-0.010	-0.0003961	-0.0003069	-0.0002271	-0.0001324	-0.0000468	+0.0000416	+0.0001377	+0.0002394	+0.0003394	+0.0004437	+0.0005475	+0.0006463	+0.0007455	+0.0008342	+0.0009164	+0.0009886	+0.0010514	+0.0011125	+0.0011693	+0.0012217	+0.0012696
2013-09	0.029	-0.0003688	-0.0002803	-0.0001928	-0.0001096	-0.0000212	+0.0000708	+0.0001666	+0.0002624	+0.0003615	+0.0004579	+0.0005534	+0.0006461	+0.0007358	+0.0008169	+0.0008959	+0.0009642	+0.0010277	+0.0010869	+0.0011436	+0.0011932	+0.0012430
2013-10	0.015	-0.0003786	-0.0002694	-0.0001663	-0.0000684	+0.0000433	+0.0001540	+0.0002613	+0.0003682	+0.0004707	+0.0005687	+0.0006648	+0.0007607	+0.0008483	+0.0009315	+0.0010073	+0.0010771	+0.0011385	+0.0011949	+0.0012464	+0.0012932	+0.0013405
2013-11	0.015	-0.0003171	-0.0002403	-0.0001583	-0.0000573	+0.0000481	+0.0001533	+0.0002579	+0.0003586	+0.0004552	+0.0005546	+0.0006521	+0.0007462	+0.0008361	+0.0009226	+0.0010009	+0.0010717	+0.0011364	+0.0011919	+0.0012411	+0.0012860	+0.0013267
2013-12	0.013	-0.0003973	-0.0002878	-0.0001833	-0.0000749	+0.0000385	+0.0001561	+0.0002717	+0.0003833	+0.0004859	+0.0005835	+0.0006829	+0.0007757	+0.0008626	+0.0009437	+0.0010168	+0.0010870	+0.0011521	+0.0012129	+0.0012639	+0.0013072	+0.0013545
2014-01	-0.012	-0.0003926	-0.0002928	-0.0001815	-0.0000646	+0.0000590	+0.0001778	+0.0002894	+0.0004024	+0.0005071	+0.0006119	+0.0007117	+0.0008058	+0.0008950	+0.0009776	+0.0010523	+0.0011209	+0.0011806	+0.0012362	+0.0012847	+0.0013284	+0.0013700
2014-02	0.004	-0.0004772	-0.0003322	-0.0002196	-0.0000978	+0.0000358	+0.0001598	+0.0002811	+0.0003881	+0.0004945	+0.0006001	+0.0007017	+0.0007983	+0.0008874	+0.0009687	+0.0010447	+0.0011096	+0.0011680	+0.0012219	+0.0012741	+0.0013178	+0.0013646
2014-03	0.005	-0.0004003	-0.0002921	-0.0001725	-0.0000728	+0.0000278	+0.0001276	+0.0002342	+0.0003390	+0.0004446	+0.0005483	+0.0006523	+0.0007521	+0.0008456	+0.0009323	+0.0010092	+0.0010799	+0.0011463	+0.0012100	+0.0012667	+0.0013180	+0.0013669
2014-04	0.004	-0.0004988	-0.0003864	-0.0002841	-0.0001791	-0.0000714	+0.0000426	+0.0001454	+0.0002494	+0.0003543	+0.0004596	+0.0005587	+0.0006563	+0.0007478	+0.0008316	+0.0009089	+0.0009774	+0.0010423	+0.0011051	+0.0011583	+0.0012090	+0.0012581
2014-05	0.007	-0.0004346	-0.0003671	-0.0002954	-0.0002084	-0.0001285	-0.0000412	+0.0000494	+0.0001441	+0.0002378	+0.0003286	+0.0004182	+0.0005069	+0.0005922	+0.0006713	+0.0007406	+0.0008053	+0.0008654	+0.0009207	+0.0009665	+0.0010151	+0.0010643
2014-06	0.009	-0.0004301	-0.0003696	-0.0002959	-0.0002321	-0.0001653	-0.0000908	-0.0000125	+0.0000706	+0.0001571	+0.0002453	+0.0003305	+0.0004157	+0.0004951	+0.0005707	+0.0006416	+0.0007067	+0.0007674	+0.0008218	+0.0008729	+0.0009175	+0.0009613
2014-07	0.010	-0.0004826	-0.0004161	-0.0003527	-0.0002841	-0.0002106	-0.0001352	-0.0000590	+0.0000231	+0.0001108	+0.0001984	+0.0002833	+0.0003640	+0.0004384	+0.0005083	+0.0005750	+0.0006356	+0.0006901	+0.0007397	+0.0007928	+0.0008442	+0.0008925
2014-08	0.013	-0.0004800	-0.0004215	-0.0003592	-0.0003027	-0.0002358	-0.0001651	-0.0000931	-0.0000203	+0.0000574	+0.0001357	+0.0002131	+0.0002885	+0.0003629	+0.0004307	+0.0004926	+0.0005525	+0.0006050	+0.0006549	+0.0006999	+0.0007428	+0.0007794
2014-09	0.009	-0.0004784	-0.0004238	-0.0003666	-0.0003059	-0.0002466	-0.0001843	-0.0001177	-0.0000482	+0.0000236	+0.0000957	+0.0001685	+0.0002367	+0.0003013	+0.0003628	+0.0004173	+0.0004686	+0.0005135	+0.0005533	+0.0005897	+0.0006223	+0.0006552
2014-10	0.002	-0.0001473	-0.0001093	-0.0000632	-0.0000127	+0.0000402	+0.0000967	+0.0001504	+0.0002038	+0.0002580	+0.0003130	+0.0003660	+0.0004175	+0.0004683	+0.0005161	+0.0005598	+0.0006021	+0.0006400	+0.0006777	+0.0007113	+0.0007415	+0.0007694
2014-11	0.045	-0.0002477	-0.0001961	-0.0001429	-0.0000854	-0.0000285	+0.0000277	+0.0000827	+0.0001375	+0.0001885	+0.0002399	+0.0002907	+0.0003420	+0.0003895	+0.0004313	+0.0004709	+0.0005071	+0.0005416	+0.0005740	+0.0006044	+0.0006328	+0.0006591
2014-12	0.009	-0.0001944	-0.0001292	-0.0000687	+0.0000123	+0.0000912	+0.0001697	+0.0002339	+0.0002969	+0.0003595	+0.0004206	+0.0004804	+0.0005416	+0.0006019	+0.0006585	+0.0007122	+0.0007607	+0.0008059	+0.0008484	+0.0008900	+0.0009295	+0.0009667
2015-01	-0.009	-0.0002873	-0.0002385	-0.0001726	-0.0000850	+0.0000370	+0.0001654	+0.0002522	+0.0003211	+0.0003828	+0.0004436	+0.0005037	+0.0005639	+0.0006226	+0.0006791	+0.0007354	+0.0007895	+0.0008383	+0.0008828	+0.0009196	+0.0009557	+0.0009914
2015-02	-0.002	-0.0002380	-0.0001886	-0.0001274	-0.0000451	+0.0000506	+0.0001405	+0.0002127	+0.0002770	+0.0003349	+0.0003941	+0.0004545	+0.0005159	+0.0005783	+0.0006350	+0.0006889	+0.0007389	+0.0007874	+0.0008293	+0.0008740	+0.0009161	+0.0009590
