2012-05	-0.080	-0.0012884	-0.0011993	-0.0011173	-0.0010237	-0.0009167	-0.0008071	-0.0006879	-0.0005592	-0.0004263	-0.0002800	-0.0001306	+0.0000171	+0.0001603	+0.0002957	+0.0004264	+0.0005465	+0.0006547	+0.0007591	+0.0008571	+0.0009418	+0.0010243
2012-06	0.017	-0.0015147	-0.0014313	-0.0013425	-0.0012488	-0.0011505	-0.0010424	-0.0009237	-0.0007973	-0.0006620	-0.0005158	-0.0003630	-0.0002122	-0.0000615	+0.0000797	+0.0002140	+0.0003385	+0.0004542	+0.0005617	+0.0006634	+0.0007699	+0.0008718
2012-07	-0.003	-0.0015037	-0.0014239	-0.0013389	-0.0012447	-0.0011420	-0.0010316	-0.0009071	-0.0007721	-0.0006266	-0.0004731	-0.0003186	-0.0001619	-0.0000021	+0.0001503	+0.0002915	+0.0004220	+0.0005449	+0.0006591	+0.0007643	+0.0008710	+0.0009850
2012-08	0.014	-0.0016203	-0.0015451	-0.0014653	-0.0013739	-0.0012726	-0.0011651	-0.0010529	-0.0009258	-0.0007921	-0.0006520	-0.0005051	-0.0003563	-0.0002109	-0.0000714	+0.0000624	+0.0001873	+0.0003042	+0.0004126	+0.0005187	+0.0006052	+0.0006878
2012-09	0.011	-0.0014660	-0.0013720	-0.0012776	-0.0011758	-0.0010756	-0.0009723	-0.0008564	-0.0007307	-0.0005972	-0.0004572	-0.0003126	-0.0001608	-0.0000141	+0.0001241	+0.0002584	+0.0003843	+0.0004955	+0.0006047	+0.0007093	+0.0008108	+0.0009020
2012-10	0.010	-0.0014027	-0.0013117	-0.0012203	-0.0011272	-0.0010255	-0.0009128	-0.0007934	-0.0006681	-0.0005276	-0.0003841	-0.0002399	-0.0000975	+0.0000419	+0.0001811	+0.0003071	+0.0004235	+0.0005303	+0.0006345	+0.0007308	+0.0008192	+0.0009071
2012-11	0.030	-0.0014316	-0.0013409	-0.0012495	-0.0011500	-0.0010475	-0.0009278	-0.0008047	-0.0006745	-0.0005399	-0.0003955	-0.0002492	-0.0001038	+0.0000385	+0.0001736	+0.0003014	+0.0004150	+0.0005270	+0.0006323	+0.0007318	+0.0008227	+0.0009103
2012-12	0.069	-0.0011161	-0.0010370	-0.0009500	-0.0008607	-0.0007607	-0.0006532	-0.0005380	-0.0004147	-0.0002856	-0.0001507	-0.0000145	+0.0001227	+0.0002578	+0.0003815	+0.0004967	+0.0005992	+0.0006952	+0.0007816	+0.0008568	+0.0009324	+0.0010052
2013-01	0.068	-0.0008837	-0.0008007	-0.0007045	-0.0006079	-0.0005039	-0.0003959	-0.0002768	-0.0001493	-0.0000166	+0.0001214	+0.0002667	+0.0004167	+0.0005565	+0.0006872	+0.0008054	+0.0009188	+0.0010217	+0.0011168	+0.0012082	+0.0012921	+0.0013655
2013-02	0.007	-0.0006419	-0.0005529	-0.0004568	-0.0003524	-0.0002357	-0.0001171	+0.0000096	+0.0001474	+0.0002968	+0.0004466	+0.0006003	+0.0007512	+0.0008949	+0.0010345	+0.0011633	+0.0012830	+0.0013906	+0.0014884	+0.0015860	+0.0016807	+0.0017596
2013-03	0.020	-0.0006806	-0.0005682	-0.0004529	-0.0003269	-0.0001958	-0.0000659	+0.0000728	+0.0002160	+0.0003640	+0.0005161	+0.0006712	+0.0008194	+0.0009681	+0.0011070	+0.0012374	+0.0013581	+0.0014690	+0.0015717	+0.0016586	+0.0017434	+0.0018209
2013-04	0.053	-0.0005822	-0.0004613	-0.0003457	-0.0002168	-0.0000900	+0.0000395	+0.0001785	+0.0003187	+0.0004676	+0.0006206	+0.0007771	+0.0009275	+0.0010720	+0.0012142	+0.0013474	+0.0014648	+0.0015779	+0.0016794	+0.0017791	+0.0018714	+0.0019592
2013-05	0.032	-0.0007075	-0.0005296	-0.0003764	-0.0002181	-0.0000570	+0.0001097	+0.0002796	+0.0004438	+0.0006089	+0.0007709	+0.0009307	+0.0010842	+0.0012326	+0.0013707	+0.0015015	+0.0016248	+0.0017376	+0.0018352	+0.0019280	+0.0020154	+0.0020941
2013-06	-0.045	-0.0006645	-0.0005091	-0.0003337	-0.0001678	-0.0000077	+0.0001514	+0.0003046	+0.0004597	+0.0006165	+0.0007784	+0.0009461	+0.0011029	+0.0012537	+0.0013950	+0.0015240	+0.0016413	+0.0017480	+0.0018436	+0.0019377	+0.0020272	+0.0021045
2013-07	0.020	-0.0008337	-0.0007222	-0.0006089	-0.0004848	-0.0003586	-0.0002266	-0.0000905	+0.0000614	+0.0002210	+0.0003858	+0.0005571	+0.0007246	+0.0008809	+0.0010281	+0.0011683	+0.0012951	+0.0014073	+0.0015147	+0.0016113	+0.0016989	+0.0017772
2013-08	-0.013	-0.0006259	-0.0005199	-0.0004112	-0.0002963	-0.0001646	-0.0000240	+0.0001208	+0.0002708	+0.0004325	+0.0005984	+0.0007623	+0.0009224	+0.0010756	+0.0012226	+0.0013557	+0.0014806	+0.0015959	+0.0016991	+0.0017935	+0.0018727	+0.0019646
2013-09	0.026	-0.0005444	-0.0004167	-0.0002958	-0.0001624	-0.0000295	+0.0001049	+0.0002441	+0.0003888	+0.0005363	+0.0006889	+0.0008376	+0.0009852	+0.0011281	+0.0012670	+0.0013953	+0.0015143	+0.0016230	+0.0017220	+0.0018109	+0.0018970	+0.0019775
2013-10	0.022	-0.0006103	-0.0004425	-0.0002835	-0.0001100	+0.0000668	+0.0002486	+0.0004167	+0.0005754	+0.0007303	+0.0008764	+0.0010261	+0.0011742	+0.0013134	+0.0014442	+0.0015639	+0.0016721	+0.0017776	+0.0018700	+0.0019632	+0.0020467	+0.0021246
2013-11	0.026	-0.0004497	-0.0003177	-0.0001700	-0.0000231	+0.0001236	+0.0002719	+0.0004156	+0.0005574	+0.0007029	+0.0008473	+0.0009929	+0.0011390	+0.0012806	+0.0014171	+0.0015385	+0.0016527	+0.0017558	+0.0018511	+0.0019400	+0.0020254	+0.0021139
2013-12	0.026	-0.0005752	-0.0004334	-0.0002821	-0.0001103	+0.0000689	+0.0002526	+0.0004247	+0.0005849	+0.0007393	+0.0008907	+0.0010415	+0.0011834	+0.0013189	+0.0014426	+0.0015604	+0.0016706	+0.0017772	+0.0018734	+0.0019644	+0.0020434	+0.0021200
2014-01	-0.036	-0.0005655	-0.0004103	-0.0002581	-0.0000746	+0.0001156	+0.0003006	+0.0004732	+0.0006405	+0.0007967	+0.0009487	+0.0010945	+0.0012346	+0.0013698	+0.0014954	+0.0016131	+0.0017223	+0.0018197	+0.0019124	+0.0019949	+0.0020821	+0.0021598
2014-02	0.011	-0.0007069	-0.0005202	-0.0003382	-0.0001438	+0.0000690	+0.0002787	+0.0004572	+0.0006214	+0.0007790	+0.0009310	+0.0010825	+0.0012276	+0.0013664	+0.0014931	+0.0016139	+0.0017192	+0.0018138	+0.0019008	+0.0019819	+0.0020596	+0.0021306
2014-03	0.013	-0.0005493	-0.0003770	-0.0002112	-0.0000609	+0.0001002	+0.0002644	+0.0004205	+0.0005717	+0.0007283	+0.0008823	+0.0010388	+0.0011941	+0.0013375	+0.0014693	+0.0015913	+0.0017064	+0.0018122	+0.0019160	+0.0020082	+0.0020911	+0.0021587
2014-04	-0.001	-0.0007969	-0.0006065	-0.0004355	-0.0002639	-0.0000853	+0.0000950	+0.0002752	+0.0004400	+0.0005980	+0.0007538	+0.0009062	+0.0010497	+0.0011857	+0.0013139	+0.0014309	+0.0015416	+0.0016421	+0.0017370	+0.0018233	+0.0019099	+0.0019853
2014-05	-0.001	-0.0006330	-0.0005180	-0.0003935	-0.0002770	-0.0001579	-0.0000271	+0.0001030	+0.0002295	+0.0003603	+0.0004947	+0.0006221	+0.0007489	+0.0008715	+0.0009870	+0.0010860	+0.0011824	+0.0012737	+0.0013502	+0.0014216	+0.0014898	+0.0015545
2014-06	0.007	-0.0005944	-0.0005070	-0.0004188	-0.0003325	-0.0002416	-0.0001392	-0.0000281	+0.0000855	+0.0002064	+0.0003291	+0.0004490	+0.0005687	+0.0006837	+0.0007916	+0.0008949	+0.0009895	+0.0010768	+0.0011585	+0.0012369	+0.0013047	+0.0013668
2014-07	0.001	-0.0006835	-0.0005830	-0.0004869	-0.0003839	-0.0002729	-0.0001626	-0.0000497	+0.0000656	+0.0001863	+0.0003052	+0.0004212	+0.0005394	+0.0006512	+0.0007560	+0.0008524	+0.0009428	+0.0010249	+0.0011061	+0.0011863	+0.0012668	+0.0013334
2014-08	0.004	-0.0006645	-0.0005777	-0.0004974	-0.0004121	-0.0003148	-0.0002193	-0.0001202	-0.0000123	+0.0001002	+0.0002153	+0.0003290	+0.0004418	+0.0005508	+0.0006491	+0.0007450	+0.0008347	+0.0009195	+0.0009988	+0.0010761	+0.0011510	+0.0012251
2014-09	0.017	-0.0006901	-0.0006100	-0.0005367	-0.0004657	-0.0003884	-0.0003085	-0.0002181	-0.0001262	-0.0000301	+0.0000673	+0.0001701	+0.0002698	+0.0003634	+0.0004508	+0.0005332	+0.0006068	+0.0006714	+0.0007329	+0.0007933	+0.0008404	+0.0008943
2014-10	-0.011	-0.0003100	-0.0002528	-0.0002024	-0.0001418	-0.0000731	-0.0000031	+0.0000703	+0.0001453	+0.0002234	+0.0003056	+0.0003874	+0.0004685	+0.0005462	+0.0006186	+0.0006895	+0.0007549	+0.0008138	+0.0008716	+0.0009240	+0.0009755	+0.0010232
2014-11	0.068	-0.0005197	-0.0004556	-0.0003858	-0.0003218	-0.0002528	-0.0001817	-0.0001084	-0.0000298	+0.0000553	+0.0001394	+0.0002252	+0.0003088	+0.0003848	+0.0004544	+0.0005225	+0.0005832	+0.0006390	+0.0006885	+0.0007357	+0.0007804	+0.0008225
2014-12	-0.005	-0.0004099	-0.0003304	-0.0002519	-0.0001720	-0.0000907	-0.0000053	+0.0000847	+0.0001781	+0.0002767	+0.0003813	+0.0004869	+0.0005931	+0.0006979	+0.0007988	+0.0008928	+0.0009853	+0.0010695	+0.0011483	+0.0012263	+0.0012964	+0.0013632
2015-01	-0.041	-0.0005849	-0.0004984	-0.0004058	-0.0003070	-0.0002086	-0.0001037	-0.0000004	+0.0001060	+0.0002095	+0.0003163	+0.0004272	+0.0005389	+0.0006474	+0.0007549	+0.0008532	+0.0009481	+0.0010383	+0.0011207	+0.0011991	+0.0012683	+0.0013230
2015-02	0.009	-0.0005977	-0.0005386	-0.0004656	-0.0003856	-0.0003054	-0.0002168	-0.0001236	-0.0000270	+0.0000767	+0.0001866	+0.0002985	+0.0004136	+0.0005277	+0.0006387	+0.0007426	+0.0008382	+0.0009271	+0.0010138	+0.0010985	+0.0011786	+0.0012589
