2012-05	-0.123	-0.0016697	-0.0015472	-0.0014098	-0.0012712	-0.0011276	-0.0009731	-0.0008087	-0.0006380	-0.0004585	-0.0002727	-0.0000836	+0.0000989	+0.0002711	+0.0004284	+0.0005692	+0.0007015	+0.0008235	+0.0009370	+0.0010426	+0.0011422	+0.0012300
2012-06	0.073	-0.0022277	-0.0020883	-0.0019565	-0.0018088	-0.0016516	-0.0014811	-0.0013100	-0.0011207	-0.0009291	-0.0007355	-0.0005403	-0.0003449	-0.0001564	+0.0000220	+0.0001845	+0.0003332	+0.0004696	+0.0005982	+0.0007088	+0.0008100	+0.0009019
2012-07	-0.023	-0.0018680	-0.0017490	-0.0016213	-0.0014906	-0.0013493	-0.0012015	-0.0010418	-0.0008627	-0.0006725	-0.0004872	-0.0002978	-0.0001090	+0.0000746	+0.0002503	+0.0004168	+0.0005673	+0.0007213	+0.0008585	+0.0009905	+0.0011009	+0.0012083
2012-08	-0.000	-0.0016100	-0.0015115	-0.0014000	-0.0012764	-0.0011435	-0.0010081	-0.0008574	-0.0006931	-0.0005225	-0.0003480	-0.0001677	+0.0000076	+0.0001782	+0.0003441	+0.0004927	+0.0006314	+0.0007657	+0.0008915	+0.0010122	+0.0011197	+0.0012203
2012-09	0.054	-0.0016626	-0.0015569	-0.0014203	-0.0012836	-0.0011493	-0.0010015	-0.0008443	-0.0006799	-0.0005100	-0.0003364	-0.0001632	+0.0000095	+0.0001833	+0.0003440	+0.0004936	+0.0006279	+0.0007613	+0.0008773	+0.0009895	+0.0010967	+0.0011943
2012-10	0.010	-0.0015596	-0.0014478	-0.0013295	-0.0011980	-0.0010649	-0.0009231	-0.0007645	-0.0005999	-0.0004296	-0.0002523	-0.0000744	+0.0001031	+0.0002698	+0.0004280	+0.0005776	+0.0007111	+0.0008325	+0.0009562	+0.0010715	+0.0011730	+0.0012577
2012-11	0.029	-0.0015773	-0.0014736	-0.0013555	-0.0012237	-0.0010877	-0.0009439	-0.0007885	-0.0006286	-0.0004673	-0.0003017	-0.0001251	+0.0000472	+0.0002118	+0.0003656	+0.0005105	+0.0006512	+0.0007769	+0.0008863	+0.0010018	+0.0010970	+0.0011863
2012-12	0.030	-0.0014589	-0.0013306	-0.0011907	-0.0010576	-0.0009196	-0.0007836	-0.0006310	-0.0004725	-0.0003024	-0.0001297	+0.0000412	+0.0002066	+0.0003665	+0.0005161	+0.0006613	+0.0007912	+0.0009095	+0.0010131	+0.0011031	+0.0011835	+0.0012691
2013-01	0.123	-0.0011328	-0.0010062	-0.0008817	-0.0007568	-0.0006282	-0.0004915	-0.0003425	-0.0001917	-0.0000219	+0.0001501	+0.0003263	+0.0004951	+0.0006570	+0.0008118	+0.0009501	+0.0010784	+0.0011945	+0.0012987	+0.0013925	+0.0014778	+0.0015663
2013-02	0.026	-0.0009546	-0.0008336	-0.0007090	-0.0005851	-0.0004428	-0.0002843	-0.0001137	+0.0000639	+0.0002385	+0.0004249	+0.0006141	+0.0007979	+0.0009712	+0.0011321	+0.0012828	+0.0014313	+0.0015606	+0.0016813	+0.0017909	+0.0018850	+0.0019851
2013-03	0.137	-0.0009473	-0.0008106	-0.0006479	-0.0004712	-0.0002906	-0.0001152	+0.0000681	+0.0002584	+0.0004554	+0.0006568	+0.0008523	+0.0010381	+0.0012143	+0.0013869	+0.0015435	+0.0016899	+0.0018309	+0.0019674	+0.0020931	+0.0022035	+0.0022983
2013-04	0.173	-0.0007906	-0.0006049	-0.0003967	-0.0002097	-0.0000167	+0.0001889	+0.0003938	+0.0006035	+0.0008157	+0.0010348	+0.0012520	+0.0014659	+0.0016640	+0.0018497	+0.0020172	+0.0021696	+0.0023073	+0.0024299	+0.0025474	+0.0026638	+0.0027754
2013-05	-0.006	-0.0008214	-0.0005803	-0.0003313	-0.0000312	+0.0002531	+0.0005367	+0.0008129	+0.0010726	+0.0013264	+0.0015732	+0.0018178	+0.0020607	+0.0022934	+0.0025159	+0.0027244	+0.0029176	+0.0030999	+0.0032624	+0.0034141	+0.0035567	+0.0036949
2013-06	-0.029	-0.0012113	-0.0009286	-0.0006194	-0.0002527	+0.0001748	+0.0005892	+0.0009699	+0.0012848	+0.0015696	+0.0018509	+0.0021293	+0.0024093	+0.0026883	+0.0029502	+0.0032042	+0.0034441	+0.0036818	+0.0038979	+0.0040780	+0.0042584	+0.0044311
2013-07	0.062	-0.0013403	-0.0010874	-0.0008443	-0.0005793	-0.0002985	-0.0000074	+0.0003014	+0.0006072	+0.0009279	+0.0012475	+0.0015701	+0.0018826	+0.0021943	+0.0024847	+0.0027480	+0.0030020	+0.0032359	+0.0034615	+0.0036585	+0.0038371	+0.0040492
2013-08	-0.035	-0.0014170	-0.0011057	-0.0007518	-0.0004243	-0.0001064	+0.0002048	+0.0005138	+0.0008312	+0.0011545	+0.0014951	+0.0018268	+0.0021542	+0.0024623	+0.0027594	+0.0030471	+0.0033047	+0.0035470	+0.0037643	+0.0039700	+0.0041534	+0.0043571
2013-09	0.136	-0.0011679	-0.0008794	-0.0005686	-0.0002582	+0.0000546	+0.0003804	+0.0006933	+0.0010098	+0.0013234	+0.0016416	+0.0019618	+0.0022727	+0.0025711	+0.0028479	+0.0031111	+0.0033476	+0.0035608	+0.0037567	+0.0039446	+0.0041162	+0.0042980
2013-10	-0.017	-0.0011726	-0.0008423	-0.0004935	-0.0001298	+0.0003026	+0.0006928	+0.0010595	+0.0014055	+0.0017275	+0.0020494	+0.0023648	+0.0026805	+0.0029796	+0.0032618	+0.0035174	+0.0037566	+0.0039757	+0.0041697	+0.0043642	+0.0045337	+0.0046863
2013-11	0.049	-0.0010227	-0.0007329	-0.0004301	-0.0000462	+0.0003335	+0.0006959	+0.0010412	+0.0013727	+0.0016930	+0.0020095	+0.0023283	+0.0026347	+0.0029282	+0.0032125	+0.0034742	+0.0037145	+0.0039331	+0.0041436	+0.0043451	+0.0045200	+0.0046934
2013-12	0.043	-0.0012403	-0.0008712	-0.0005052	-0.0001378	+0.0002570	+0.0006893	+0.0010880	+0.0014397	+0.0017817	+0.0021040	+0.0024186	+0.0027167	+0.0030026	+0.0032796	+0.0035393	+0.0037800	+0.0040036	+0.0042039	+0.0044037	+0.0045867	+0.0048018
2014-01	-0.006	-0.0014509	-0.0010265	-0.0006514	-0.0002627	+0.0001821	+0.0006170	+0.0010295	+0.0014098	+0.0017537	+0.0020886	+0.0024050	+0.0027202	+0.0030134	+0.0032858	+0.0035367	+0.0037778	+0.0040025	+0.0042109	+0.0044152	+0.0045916	+0.0047644
2014-02	-0.027	-0.0013780	-0.0009850	-0.0006014	-0.0001732	+0.0003145	+0.0007505	+0.0011355	+0.0015053	+0.0018618	+0.0021856	+0.0025060	+0.0028222	+0.0031174	+0.0033901	+0.0036492	+0.0038961	+0.0041235	+0.0043291	+0.0045304	+0.0047118	+0.0048960
2014-03	-0.012	-0.0012449	-0.0009112	-0.0005163	-0.0001599	+0.0002275	+0.0005774	+0.0009122	+0.0012701	+0.0016258	+0.0019796	+0.0023348	+0.0026707	+0.0029890	+0.0032943	+0.0035650	+0.0038224	+0.0040633	+0.0042891	+0.0045016	+0.0046906	+0.0048799
2014-04	-0.072	-0.0015892	-0.0012739	-0.0009110	-0.0005496	-0.0001616	+0.0002198	+0.0006107	+0.0009865	+0.0013488	+0.0017096	+0.0020553	+0.0023918	+0.0027127	+0.0030160	+0.0032968	+0.0035572	+0.0038028	+0.0040245	+0.0042350	+0.0044356	+0.0046137
2014-05	0.034	-0.0015968	-0.0013099	-0.0010173	-0.0007206	-0.0003982	-0.0000785	+0.0002529	+0.0006018	+0.0009676	+0.0013205	+0.0016669	+0.0020058	+0.0023270	+0.0026390	+0.0029252	+0.0031954	+0.0034510	+0.0036838	+0.0038989	+0.0040969	+0.0042897
2014-06	0.080	-0.0016489	-0.0014103	-0.0011277	-0.0008735	-0.0006021	-0.0003154	-0.0000155	+0.0003125	+0.0006444	+0.0009855	+0.0013302	+0.0016706	+0.0020052	+0.0023344	+0.0026377	+0.0029290	+0.0031956	+0.0034511	+0.0036709	+0.0038748	+0.0040323
2014-07	0.026	-0.0017515	-0.0014856	-0.0012087	-0.0009220	-0.0006054	-0.0003104	+0.0000101	+0.0003242	+0.0006632	+0.0010035	+0.0013530	+0.0016972	+0.0020314	+0.0023391	+0.0026369	+0.0029157	+0.0031680	+0.0034119	+0.0036583	+0.0038885	+0.0040788
2014-08	0.022	-0.0017023	-0.0014751	-0.0012662	-0.0010302	-0.0007622	-0.0004915	-0.0001983	+0.0001121	+0.0004297	+0.0007438	+0.0010644	+0.0013935	+0.0017246	+0.0020346	+0.0023271	+0.0025968	+0.0028408	+0.0030744	+0.0032928	+0.0034887	+0.0036890
2014-09	0.018	-0.0017860	-0.0016079	-0.0014233	-0.0012447	-0.0010296	-0.0008134	-0.0005722	-0.0003244	-0.0000682	+0.0001977	+0.0004657	+0.0007363	+0.0009906	+0.0012397	+0.0014762	+0.0016913	+0.0018844	+0.0020712	+0.0022307	+0.0023866	+0.0025197
2014-10	-0.029	-0.0009793	-0.0008391	-0.0006954	-0.0005408	-0.0003644	-0.0001773	+0.0000269	+0.0002469	+0.0004686	+0.0007045	+0.0009501	+0.0011909	+0.0014287	+0.0016605	+0.0018716	+0.0020761	+0.0022707	+0.0024637	+0.0026376	+0.0027808	+0.0029122
2014-11	0.020	-0.0013966	-0.0012535	-0.0011020	-0.0009530	-0.0007805	-0.0006023	-0.0004041	-0.0002013	+0.0000185	+0.0002506	+0.0004789	+0.0007037	+0.0009162	+0.0011237	+0.0013220	+0.0015062	+0.0016810	+0.0018462	+0.0019956	+0.0021392	+0.0022528
2014-12	0.010	-0.0011837	-0.0010551	-0.0008889	-0.0007483	-0.0005838	-0.0003960	-0.0001996	+0.0000045	+0.0002246	+0.0004609	+0.0006970	+0.0009317	+0.0011555	+0.0013697	+0.0015764	+0.0017684	+0.0019448	+0.0021030	+0.0022488	+0.0023869	+0.0025308
2015-01	0.026	-0.0012935	-0.0011516	-0.0009950	-0.0008192	-0.0006427	-0.0004497	-0.0002615	-0.0000553	+0.0001594	+0.0003790	+0.0006030	+0.0008256	+0.0010428	+0.0012421	+0.0014397	+0.0016240	+0.0017840	+0.0019372	+0.0020752	+0.0022045	+0.0023321
2015-02	-0.015	-0.0012587	-0.0011318	-0.0009951	-0.0008526	-0.0006945	-0.0005365	-0.0003588	-0.0001711	+0.0000205	+0.0002288	+0.0004436	+0.0006514	+0.0008596	+0.0010641	+0.0012555	+0.0014318	+0.0015960	+0.0017487	+0.0018903	+0.0020124	+0.0021399
