2013-03	0.010	-0.0004897	-0.0003942	-0.0002926	-0.0001838	-0.0000699	+0.0000435	+0.0001620	+0.0002816	+0.0004059	+0.0005338	+0.0006612	+0.0007826	+0.0008989	+0.0010106	+0.0011173	+0.0012149	+0.0013047	+0.0013908	+0.0014696	+0.0015420	+0.0016097
2013-04	0.034	-0.0005747	-0.0004584	-0.0003480	-0.0002255	-0.0001033	+0.0000122	+0.0001325	+0.0002537	+0.0003763	+0.0005045	+0.0006320	+0.0007550	+0.0008734	+0.0009837	+0.0010860	+0.0011782	+0.0012666	+0.0013431	+0.0014223	+0.0014922	+0.0015596
2013-05	0.010	-0.0005814	-0.0004494	-0.0003293	-0.0002013	-0.0000655	+0.0000598	+0.0001933	+0.0003281	+0.0004635	+0.0005978	+0.0007284	+0.0008564	+0.0009779	+0.0010952	+0.0012014	+0.0013030	+0.0013919	+0.0014764	+0.0015460	+0.0016096	+0.0016660
2013-06	-0.069	-0.0005138	-0.0004024	-0.0003027	-0.0001939	-0.0000775	+0.0000400	+0.0001569	+0.0002765	+0.0004028	+0.0005292	+0.0006546	+0.0007794	+0.0009004	+0.0010152	+0.0011209	+0.0012174	+0.0013093	+0.0013903	+0.0014691	+0.0015402	+0.0016020
2013-07	-0.047	-0.0010482	-0.0009354	-0.0008186	-0.0006983	-0.0005819	-0.0004637	-0.0003353	-0.0001922	-0.0000436	+0.0001022	+0.0002525	+0.0004024	+0.0005459	+0.0006790	+0.0007977	+0.0009053	+0.0010032	+0.0010875	+0.0011693	+0.0012432	+0.0013088
2013-08	-0.059	-0.0011014	-0.0009944	-0.0008805	-0.0007561	-0.0006332	-0.0005024	-0.0003706	-0.0002281	-0.0000809	+0.0000774	+0.0002331	+0.0003865	+0.0005322	+0.0006659	+0.0007904	+0.0009058	+0.0010134	+0.0011123	+0.0011983	+0.0012776	+0.0013585
2013-09	-0.022	-0.0011532	-0.0010461	-0.0009489	-0.0008368	-0.0007263	-0.0006072	-0.0004782	-0.0003358	-0.0001862	-0.0000308	+0.0001275	+0.0002827	+0.0004299	+0.0005695	+0.0007006	+0.0008173	+0.0009211	+0.0010165	+0.0011064	+0.0011889	+0.0012788
2013-10	0.056	-0.0012013	-0.0011002	-0.0010038	-0.0008908	-0.0007722	-0.0006419	-0.0005053	-0.0003596	-0.0002035	-0.0000401	+0.0001233	+0.0002836	+0.0004374	+0.0005799	+0.0007162	+0.0008439	+0.0009592	+0.0010638	+0.0011653	+0.0012551	+0.0013385
2013-11	-0.051	-0.0012238	-0.0011257	-0.0010109	-0.0008855	-0.0007613	-0.0006334	-0.0004980	-0.0003517	-0.0001961	-0.0000330	+0.0001341	+0.0002972	+0.0004555	+0.0006022	+0.0007425	+0.0008680	+0.0009881	+0.0010951	+0.0012025	+0.0012976	+0.0013840
2013-12	0.010	-0.0012978	-0.0011894	-0.0010795	-0.0009545	-0.0008201	-0.0006756	-0.0005268	-0.0003747	-0.0002123	-0.0000484	+0.0001162	+0.0002773	+0.0004352	+0.0005844	+0.0007223	+0.0008469	+0.0009606	+0.0010711	+0.0011704	+0.0012654	+0.0013481
2014-01	0.003	-0.0013183	-0.0011846	-0.0010447	-0.0009166	-0.0007846	-0.0006496	-0.0005030	-0.0003474	-0.0001887	-0.0000308	+0.0001363	+0.0003021	+0.0004614	+0.0006092	+0.0007479	+0.0008741	+0.0009871	+0.0010950	+0.0011917	+0.0012793	+0.0013795
2014-02	0.041	-0.0012429	-0.0011445	-0.0010398	-0.0009216	-0.0007851	-0.0006477	-0.0005053	-0.0003573	-0.0001994	-0.0000315	+0.0001445	+0.0003123	+0.0004741	+0.0006230	+0.0007586	+0.0008854	+0.0009980	+0.0011039	+0.0012122	+0.0012990	+0.0013765
2014-03	0.035	-0.0012979	-0.0011961	-0.0010872	-0.0009639	-0.0008342	-0.0006978	-0.0005511	-0.0003971	-0.0002298	-0.0000552	+0.0001211	+0.0002918	+0.0004558	+0.0006110	+0.0007548	+0.0008907	+0.0010130	+0.0011230	+0.0012278	+0.0013312	+0.0014316
2014-04	-0.016	-0.0012496	-0.0011568	-0.0010585	-0.0009455	-0.0008208	-0.0006805	-0.0005341	-0.0003805	-0.0002145	-0.0000458	+0.0001290	+0.0003008	+0.0004689	+0.0006293	+0.0007784	+0.0009140	+0.0010388	+0.0011528	+0.0012633	+0.0013671	+0.0014560
2014-05	-0.003	-0.0014110	-0.0013233	-0.0012155	-0.0011035	-0.0009744	-0.0008377	-0.0006982	-0.0005509	-0.0003919	-0.0002250	-0.0000572	+0.0001040	+0.0002613	+0.0004086	+0.0005433	+0.0006729	+0.0007905	+0.0009004	+0.0010043	+0.0010983	+0.0011833
2014-06	-0.025	-0.0015000	-0.0014143	-0.0013231	-0.0012055	-0.0010935	-0.0009721	-0.0008422	-0.0007026	-0.0005544	-0.0003951	-0.0002359	-0.0000804	+0.0000746	+0.0002134	+0.0003431	+0.0004618	+0.0005773	+0.0006852	+0.0007835	+0.0008725	+0.0009458
2014-07	0.042	-0.0015982	-0.0015028	-0.0014133	-0.0013059	-0.0011902	-0.0010711	-0.0009413	-0.0008051	-0.0006596	-0.0005043	-0.0003493	-0.0001933	-0.0000406	+0.0001091	+0.0002433	+0.0003661	+0.0004831	+0.0005888	+0.0006876	+0.0007791	+0.0008682
2014-08	0.002	-0.0015671	-0.0014829	-0.0013814	-0.0012732	-0.0011536	-0.0010317	-0.0008953	-0.0007600	-0.0006149	-0.0004618	-0.0003063	-0.0001521	-0.0000046	+0.0001410	+0.0002682	+0.0003849	+0.0004938	+0.0005943	+0.0006790	+0.0007616	+0.0008445
2014-09	0.009	-0.0016479	-0.0015529	-0.0014436	-0.0013276	-0.0012133	-0.0010845	-0.0009509	-0.0008173	-0.0006734	-0.0005282	-0.0003818	-0.0002332	-0.0000875	+0.0000508	+0.0001731	+0.0002897	+0.0004001	+0.0005039	+0.0006005	+0.0006916	+0.0007842
2014-10	0.017	-0.0011689	-0.0010814	-0.0009873	-0.0008980	-0.0008037	-0.0007007	-0.0005899	-0.0004724	-0.0003480	-0.0002184	-0.0000855	+0.0000460	+0.0001731	+0.0002957	+0.0004099	+0.0005134	+0.0006107	+0.0007027	+0.0007895	+0.0008639	+0.0009400
2014-11	0.073	-0.0010848	-0.0010041	-0.0009257	-0.0008429	-0.0007496	-0.0006492	-0.0005426	-0.0004290	-0.0003120	-0.0001903	-0.0000663	+0.0000584	+0.0001785	+0.0002939	+0.0004042	+0.0005090	+0.0006073	+0.0006962	+0.0007847	+0.0008682	+0.0009455
2014-12	-0.014	-0.0007506	-0.0006643	-0.0005783	-0.0004844	-0.0003954	-0.0002990	-0.0001910	-0.0000689	+0.0000572	+0.0001919	+0.0003293	+0.0004693	+0.0005999	+0.0007207	+0.0008327	+0.0009369	+0.0010396	+0.0011364	+0.0012262	+0.0013063	+0.0013797
2015-01	-0.011	-0.0005402	-0.0004644	-0.0003784	-0.0002901	-0.0001945	-0.0000921	+0.0000136	+0.0001233	+0.0002418	+0.0003658	+0.0004943	+0.0006246	+0.0007520	+0.0008764	+0.0009907	+0.0010998	+0.0011983	+0.0012917	+0.0013749	+0.0014553	+0.0015247
2015-02	-0.008	-0.0005548	-0.0004688	-0.0003753	-0.0002800	-0.0001858	-0.0000902	+0.0000114	+0.0001185	+0.0002327	+0.0003552	+0.0004825	+0.0006112	+0.0007375	+0.0008572	+0.0009671	+0.0010706	+0.0011691	+0.0012621	+0.0013574	+0.0014403	+0.0015235
