2012-05	-0.064	-0.0015299	-0.0014223	-0.0012971	-0.0011771	-0.0010407	-0.0008984	-0.0007446	-0.0005787	-0.0004052	-0.0002176	-0.0000257	+0.0001660	+0.0003510	+0.0005305	+0.0006956	+0.0008446	+0.0009867	+0.0011184	+0.0012333	+0.0013514	+0.0014680
2012-06	0.034	-0.0016050	-0.0014917	-0.0013674	-0.0012320	-0.0010992	-0.0009550	-0.0008007	-0.0006307	-0.0004538	-0.0002681	-0.0000753	+0.0001183	+0.0003059	+0.0004861	+0.0006530	+0.0008080	+0.0009513	+0.0010889	+0.0012128	+0.0013320	+0.0014443
2012-07	0.034	-0.0014839	-0.0013814	-0.0012581	-0.0011342	-0.0009976	-0.0008512	-0.0006922	-0.0005222	-0.0003379	-0.0001476	+0.0000480	+0.0002439	+0.0004399	+0.0006261	+0.0008019	+0.0009656	+0.0011139	+0.0012505	+0.0013772	+0.0015069	+0.0016473
2012-08	0.006	-0.0015605	-0.0014526	-0.0013406	-0.0012238	-0.0010992	-0.0009668	-0.0008280	-0.0006763	-0.0005125	-0.0003437	-0.0001618	+0.0000230	+0.0002037	+0.0003782	+0.0005325	+0.0006845	+0.0008176	+0.0009459	+0.0010596	+0.0011756	+0.0012733
2012-09	0.018	-0.0013925	-0.0012681	-0.0011478	-0.0010250	-0.0008951	-0.0007581	-0.0006098	-0.0004517	-0.0002892	-0.0001181	+0.0000616	+0.0002374	+0.0004112	+0.0005765	+0.0007309	+0.0008665	+0.0009958	+0.0011075	+0.0012073	+0.0013015	+0.0014033
2012-10	0.024	-0.0013079	-0.0011983	-0.0010956	-0.0009837	-0.0008559	-0.0007175	-0.0005721	-0.0004133	-0.0002475	-0.0000757	+0.0000990	+0.0002713	+0.0004404	+0.0006015	+0.0007501	+0.0008864	+0.0010084	+0.0011145	+0.0012276	+0.0013269	+0.0014248
2012-11	0.037	-0.0012419	-0.0011379	-0.0010143	-0.0008798	-0.0007426	-0.0006007	-0.0004485	-0.0002933	-0.0001312	+0.0000451	+0.0002222	+0.0003965	+0.0005666	+0.0007332	+0.0008850	+0.0010223	+0.0011507	+0.0012655	+0.0013668	+0.0014567	+0.0015548
2012-12	0.038	-0.0008413	-0.0007292	-0.0006257	-0.0005006	-0.0003792	-0.0002525	-0.0001048	+0.0000456	+0.0002091	+0.0003750	+0.0005407	+0.0007014	+0.0008584	+0.0010076	+0.0011419	+0.0012641	+0.0013760	+0.0014819	+0.0015812	+0.0016606	+0.0017287
2013-01	0.047	-0.0007695	-0.0006348	-0.0005083	-0.0003700	-0.0002400	-0.0001054	+0.0000401	+0.0002011	+0.0003674	+0.0005399	+0.0007101	+0.0008723	+0.0010256	+0.0011733	+0.0013109	+0.0014336	+0.0015405	+0.0016384	+0.0017298	+0.0018135	+0.0018928
2013-02	-0.010	-0.0004952	-0.0003694	-0.0002101	-0.0000274	+0.0001455	+0.0003133	+0.0004786	+0.0006338	+0.0007899	+0.0009465	+0.0010972	+0.0012435	+0.0013838	+0.0015116	+0.0016277	+0.0017364	+0.0018366	+0.0019255	+0.0020165	+0.0021002	+0.0021627
2013-03	0.014	-0.0005701	-0.0004093	-0.0002599	-0.0001083	+0.0000561	+0.0002159	+0.0003683	+0.0005210	+0.0006651	+0.0008081	+0.0009453	+0.0010798	+0.0012033	+0.0013212	+0.0014271	+0.0015283	+0.0016208	+0.0017038	+0.0017890	+0.0018661	+0.0019356
2013-04	0.057	-0.0005130	-0.0003492	-0.0002017	-0.0000478	+0.0001239	+0.0003063	+0.0004749	+0.0006264	+0.0007641	+0.0009074	+0.0010439	+0.0011700	+0.0012903	+0.0014028	+0.0015083	+0.0016018	+0.0016881	+0.0017627	+0.0018385	+0.0019077	+0.0019695
2013-05	-0.033	-0.0005425	-0.0004025	-0.0002445	-0.0000752	+0.0001411	+0.0003947	+0.0006127	+0.0007818	+0.0009304	+0.0010725	+0.0012061	+0.0013335	+0.0014571	+0.0015687	+0.0016730	+0.0017696	+0.0018594	+0.0019430	+0.0020245	+0.0021025	+0.0021687
2013-06	-0.072	-0.0005294	-0.0003941	-0.0002592	-0.0001103	+0.0000879	+0.0002938	+0.0004589	+0.0006053	+0.0007403	+0.0008692	+0.0009900	+0.0011086	+0.0012209	+0.0013267	+0.0014273	+0.0015166	+0.0016029	+0.0016794	+0.0017460	+0.0018105	+0.0018727
2013-07	0.009	-0.0009606	-0.0008151	-0.0006976	-0.0005688	-0.0004401	-0.0002967	-0.0001451	+0.0000038	+0.0001623	+0.0003198	+0.0004794	+0.0006354	+0.0007861	+0.0009204	+0.0010398	+0.0011458	+0.0012423	+0.0013305	+0.0014095	+0.0014866	+0.0015546
2013-08	-0.048	-0.0008656	-0.0007510	-0.0006332	-0.0004991	-0.0003769	-0.0002460	-0.0001064	+0.0000471	+0.0002073	+0.0003736	+0.0005377	+0.0006945	+0.0008452	+0.0009818	+0.0011068	+0.0012214	+0.0013199	+0.0014112	+0.0014907	+0.0015685	+0.0016419
2013-09	0.018	-0.0008356	-0.0007344	-0.0006380	-0.0005334	-0.0004097	-0.0002785	-0.0001370	+0.0000108	+0.0001588	+0.0003107	+0.0004628	+0.0006141	+0.0007651	+0.0008996	+0.0010250	+0.0011371	+0.0012375	+0.0013284	+0.0014087	+0.0014871	+0.0015700
2013-10	0.028	-0.0008618	-0.0007576	-0.0006326	-0.0005164	-0.0003873	-0.0002492	-0.0001042	+0.0000449	+0.0001944	+0.0003508	+0.0005081	+0.0006603	+0.0008075	+0.0009453	+0.0010689	+0.0011841	+0.0012879	+0.0013890	+0.0014726	+0.0015490	+0.0016158
2013-11	0.002	-0.0008945	-0.0007749	-0.0006567	-0.0005357	-0.0004073	-0.0002760	-0.0001454	-0.0000039	+0.0001515	+0.0003055	+0.0004591	+0.0006069	+0.0007519	+0.0008921	+0.0010176	+0.0011306	+0.0012313	+0.0013226	+0.0014064	+0.0014854	+0.0015579
2013-12	-0.012	-0.0009847	-0.0008734	-0.0007563	-0.0006422	-0.0005181	-0.0003822	-0.0002463	-0.0001040	+0.0000507	+0.0002089	+0.0003646	+0.0005168	+0.0006603	+0.0007964	+0.0009188	+0.0010347	+0.0011433	+0.0012361	+0.0013300	+0.0014106	+0.0014806
2014-01	-0.038	-0.0009997	-0.0008827	-0.0007588	-0.0006314	-0.0004942	-0.0003514	-0.0002061	-0.0000566	+0.0000992	+0.0002490	+0.0004043	+0.0005538	+0.0006987	+0.0008314	+0.0009522	+0.0010631	+0.0011668	+0.0012537	+0.0013459	+0.0014252	+0.0015076
2014-02	0.020	-0.0011764	-0.0010606	-0.0009539	-0.0008378	-0.0007180	-0.0005885	-0.0004459	-0.0002973	-0.0001381	+0.0000242	+0.0001814	+0.0003402	+0.0004921	+0.0006356	+0.0007724	+0.0008895	+0.0009970	+0.0010934	+0.0011816	+0.0012678	+0.0013442
2014-03	0.026	-0.0012142	-0.0011130	-0.0010077	-0.0008892	-0.0007531	-0.0006227	-0.0004803	-0.0003297	-0.0001745	-0.0000133	+0.0001516	+0.0003132	+0.0004636	+0.0006065	+0.0007397	+0.0008615	+0.0009752	+0.0010769	+0.0011789	+0.0012614	+0.0013463
2014-04	0.028	-0.0012232	-0.0011143	-0.0010070	-0.0009063	-0.0007918	-0.0006765	-0.0005402	-0.0004019	-0.0002579	-0.0001007	+0.0000574	+0.0002180	+0.0003697	+0.0005109	+0.0006432	+0.0007630	+0.0008729	+0.0009765	+0.0010712	+0.0011595	+0.0012366
2014-05	0.026	-0.0013250	-0.0012250	-0.0011059	-0.0009896	-0.0008699	-0.0007422	-0.0006058	-0.0004702	-0.0003184	-0.0001608	-0.0000074	+0.0001462	+0.0002954	+0.0004364	+0.0005690	+0.0006856	+0.0007890	+0.0008893	+0.0009803	+0.0010654	+0.0011455
2014-06	-0.004	-0.0012594	-0.0011725	-0.0010744	-0.0009679	-0.0008569	-0.0007316	-0.0005955	-0.0004577	-0.0003087	-0.0001574	-0.0000023	+0.0001458	+0.0002888	+0.0004228	+0.0005505	+0.0006702	+0.0007845	+0.0008862	+0.0009798	+0.0010655	+0.0011449
2014-07	0.010	-0.0012690	-0.0011765	-0.0010733	-0.0009705	-0.0008465	-0.0007242	-0.0005934	-0.0004527	-0.0003078	-0.0001506	+0.0000020	+0.0001570	+0.0003050	+0.0004443	+0.0005703	+0.0006863	+0.0007891	+0.0008887	+0.0009731	+0.0010567	+0.0011292
2014-08	0.003	-0.0013198	-0.0012183	-0.0011110	-0.0010045	-0.0008899	-0.0007662	-0.0006368	-0.0005033	-0.0003615	-0.0002125	-0.0000659	+0.0000801	+0.0002181	+0.0003501	+0.0004698	+0.0005764	+0.0006759	+0.0007612	+0.0008365	+0.0009113	+0.0009746
2014-09	-0.011	-0.0013813	-0.0012927	-0.0011904	-0.0010840	-0.0009725	-0.0008457	-0.0007210	-0.0005837	-0.0004420	-0.0002991	-0.0001583	-0.0000197	+0.0001103	+0.0002318	+0.0003444	+0.0004485	+0.0005444	+0.0006289	+0.0007102	+0.0007849	+0.0008551
2014-10	0.029	-0.0007668	-0.0007060	-0.0006353	-0.0005607	-0.0004788	-0.0003844	-0.0002876	-0.0001812	-0.0000762	+0.0000331	+0.0001455	+0.0002541	+0.0003623	+0.0004643	+0.0005585	+0.0006485	+0.0007306	+0.0008026	+0.0008714	+0.0009385	+0.0010071
2014-11	0.044	-0.0006660	-0.0006008	-0.0005373	-0.0004679	-0.0003870	-0.0003070	-0.0002231	-0.0001331	-0.0000373	+0.0000608	+0.0001638	+0.0002631	+0.0003609	+0.0004548	+0.0005415	+0.0006225	+0.0006974	+0.0007733	+0.0008431	+0.0009061	+0.0009654
2014-12	-0.025	-0.0005668	-0.0004806	-0.0003983	-0.0003120	-0.0002251	-0.0001337	-0.0000343	+0.0000680	+0.0001746	+0.0002821	+0.0003949	+0.0005034	+0.0006099	+0.0007079	+0.0008016	+0.0008838	+0.0009612	+0.0010356	+0.0010998	+0.0011605	+0.0012149
2015-01	-0.027	-0.0006947	-0.0005913	-0.0004793	-0.0003727	-0.0002700	-0.0001658	-0.0000592	+0.0000538	+0.0001676	+0.0002837	+0.0004008	+0.0005126	+0.0006213	+0.0007215	+0.0008181	+0.0009078	+0.0009900	+0.0010696	+0.0011399	+0.0012004	+0.0012645
2015-02	0.001	-0.0006212	-0.0005464	-0.0004732	-0.0003953	-0.0003133	-0.0002245	-0.0001302	-0.0000278	+0.0000818	+0.0001947	+0.0003092	+0.0004239	+0.0005330	+0.0006370	+0.0007327	+0.0008245	+0.0009052	+0.0009841	+0.0010511	+0.0011168	+0.0011781
