2012-05	-0.064	-0.0008945	-0.0008137	-0.0007309	-0.0006382	-0.0005519	-0.0004539	-0.0003502	-0.0002366	-0.0001178	+0.0000080	+0.0001373	+0.0002664	+0.0003933	+0.0005141	+0.0006306	+0.0007391	+0.0008418	+0.0009340	+0.0010169	+0.0010927	+0.0011596
2012-06	0.006	-0.0010335	-0.0009586	-0.0008780	-0.0007911	-0.0007092	-0.0006176	-0.0005196	-0.0004143	-0.0002972	-0.0001717	-0.0000386	+0.0000906	+0.0002165	+0.0003379	+0.0004585	+0.0005678	+0.0006691	+0.0007680	+0.0008573	+0.0009444	+0.0010174
2012-07	-0.004	-0.0010542	-0.0009857	-0.0009152	-0.0008385	-0.0007497	-0.0006576	-0.0005565	-0.0004446	-0.0003268	-0.0002007	-0.0000712	+0.0000596	+0.0001900	+0.0003183	+0.0004374	+0.0005510	+0.0006494	+0.0007490	+0.0008383	+0.0009238	+0.0010013
2012-08	0.026	-0.0012126	-0.0011471	-0.0010758	-0.0010062	-0.0009262	-0.0008397	-0.0007432	-0.0006382	-0.0005255	-0.0004096	-0.0002883	-0.0001658	-0.0000476	+0.0000674	+0.0001774	+0.0002850	+0.0003857	+0.0004803	+0.0005594	+0.0006320	+0.0007003
2012-09	0.016	-0.0010718	-0.0009946	-0.0009159	-0.0008372	-0.0007549	-0.0006687	-0.0005727	-0.0004707	-0.0003601	-0.0002431	-0.0001214	+0.0000019	+0.0001240	+0.0002423	+0.0003532	+0.0004558	+0.0005504	+0.0006444	+0.0007297	+0.0008125	+0.0008950
2012-10	0.027	-0.0010485	-0.0009737	-0.0009037	-0.0008228	-0.0007337	-0.0006398	-0.0005414	-0.0004301	-0.0003156	-0.0001982	-0.0000783	+0.0000413	+0.0001598	+0.0002696	+0.0003747	+0.0004657	+0.0005518	+0.0006334	+0.0007144	+0.0007945	+0.0008649
2012-11	0.032	-0.0009272	-0.0008678	-0.0007941	-0.0007154	-0.0006265	-0.0005298	-0.0004277	-0.0003199	-0.0002035	-0.0000871	+0.0000314	+0.0001519	+0.0002716	+0.0003866	+0.0004906	+0.0005836	+0.0006720	+0.0007536	+0.0008329	+0.0009052	+0.0009743
2012-12	0.063	-0.0008681	-0.0007918	-0.0007161	-0.0006326	-0.0005466	-0.0004505	-0.0003477	-0.0002394	-0.0001294	-0.0000127	+0.0001078	+0.0002306	+0.0003512	+0.0004643	+0.0005717	+0.0006687	+0.0007565	+0.0008383	+0.0009138	+0.0009890	+0.0010557
2013-01	0.048	-0.0006984	-0.0006218	-0.0005362	-0.0004451	-0.0003467	-0.0002428	-0.0001359	-0.0000195	+0.0001022	+0.0002292	+0.0003613	+0.0004938	+0.0006207	+0.0007383	+0.0008492	+0.0009488	+0.0010386	+0.0011242	+0.0012063	+0.0012778	+0.0013465
2013-02	-0.010	-0.0005024	-0.0004192	-0.0003214	-0.0002198	-0.0001189	-0.0000050	+0.0001141	+0.0002380	+0.0003696	+0.0005003	+0.0006351	+0.0007681	+0.0008953	+0.0010136	+0.0011243	+0.0012286	+0.0013239	+0.0014093	+0.0014897	+0.0015635	+0.0016299
2013-03	0.004	-0.0005944	-0.0004729	-0.0003517	-0.0002340	-0.0001110	+0.0000055	+0.0001319	+0.0002676	+0.0004029	+0.0005388	+0.0006739	+0.0008095	+0.0009428	+0.0010674	+0.0011843	+0.0012895	+0.0013861	+0.0014701	+0.0015562	+0.0016337	+0.0017101
2013-04	0.065	-0.0004989	-0.0003721	-0.0002587	-0.0001376	-0.0000144	+0.0001042	+0.0002282	+0.0003567	+0.0004897	+0.0006276	+0.0007635	+0.0008986	+0.0010275	+0.0011485	+0.0012590	+0.0013617	+0.0014577	+0.0015443	+0.0016231	+0.0017012	+0.0017765
2013-05	0.013	-0.0005610	-0.0004122	-0.0002585	-0.0000973	+0.0000724	+0.0002530	+0.0004217	+0.0005723	+0.0007178	+0.0008627	+0.0010042	+0.0011430	+0.0012724	+0.0013940	+0.0015087	+0.0016186	+0.0017173	+0.0018055	+0.0018847	+0.0019621	+0.0020313
2013-06	-0.042	-0.0005834	-0.0004438	-0.0002756	-0.0001140	+0.0000649	+0.0002329	+0.0003775	+0.0005194	+0.0006563	+0.0007927	+0.0009298	+0.0010640	+0.0011932	+0.0013126	+0.0014218	+0.0015219	+0.0016190	+0.0017041	+0.0017921	+0.0018680	+0.0019380
2013-07	0.015	-0.0006214	-0.0005291	-0.0004300	-0.0003219	-0.0002075	-0.0000843	+0.0000391	+0.0001622	+0.0002965	+0.0004345	+0.0005726	+0.0007081	+0.0008357	+0.0009588	+0.0010720	+0.0011767	+0.0012741	+0.0013596	+0.0014386	+0.0015124	+0.0015836
2013-08	-0.000	-0.0004726	-0.0003847	-0.0002858	-0.0001920	-0.0000841	+0.0000285	+0.0001456	+0.0002691	+0.0003981	+0.0005313	+0.0006642	+0.0007968	+0.0009231	+0.0010391	+0.0011495	+0.0012553	+0.0013518	+0.0014383	+0.0015182	+0.0015954	+0.0016771
2013-09	0.019	-0.0004463	-0.0003276	-0.0002127	-0.0001069	+0.0000090	+0.0001294	+0.0002519	+0.0003693	+0.0004875	+0.0006083	+0.0007313	+0.0008535	+0.0009730	+0.0010893	+0.0011942	+0.0012890	+0.0013767	+0.0014595	+0.0015392	+0.0016133	+0.0016815
2013-10	0.029	-0.0005257	-0.0003912	-0.0002434	-0.0000890	+0.0000753	+0.0002267	+0.0003690	+0.0005009	+0.0006281	+0.0007530	+0.0008738	+0.0009957	+0.0011079	+0.0012128	+0.0013163	+0.0014101	+0.0014952	+0.0015761	+0.0016526	+0.0017252	+0.0017942
2013-11	0.031	-0.0003482	-0.0002384	-0.0001168	+0.0000272	+0.0001740	+0.0003187	+0.0004453	+0.0005664	+0.0006835	+0.0008033	+0.0009234	+0.0010410	+0.0011562	+0.0012637	+0.0013643	+0.0014555	+0.0015421	+0.0016220	+0.0016986	+0.0017709	+0.0018378
2013-12	0.026	-0.0004117	-0.0002981	-0.0001691	-0.0000173	+0.0001480	+0.0003270	+0.0004821	+0.0006177	+0.0007435	+0.0008643	+0.0009835	+0.0010965	+0.0012058	+0.0013097	+0.0014088	+0.0015020	+0.0015920	+0.0016734	+0.0017445	+0.0018101	+0.0018736
2014-01	-0.016	-0.0004626	-0.0003235	-0.0001847	-0.0000273	+0.0001608	+0.0003468	+0.0005143	+0.0006568	+0.0007857	+0.0009089	+0.0010299	+0.0011469	+0.0012588	+0.0013643	+0.0014634	+0.0015552	+0.0016403	+0.0017183	+0.0017900	+0.0018590	+0.0019176
2014-02	0.012	-0.0005768	-0.0004195	-0.0002678	-0.0001047	+0.0000995	+0.0003080	+0.0004696	+0.0006079	+0.0007365	+0.0008642	+0.0009892	+0.0011081	+0.0012187	+0.0013249	+0.0014205	+0.0015117	+0.0015938	+0.0016715	+0.0017471	+0.0018148	+0.0018789
2014-03	0.014	-0.0004440	-0.0002955	-0.0001502	+0.0000038	+0.0001597	+0.0003039	+0.0004414	+0.0005683	+0.0006926	+0.0008198	+0.0009457	+0.0010680	+0.0011846	+0.0012941	+0.0013956	+0.0014925	+0.0015785	+0.0016651	+0.0017474	+0.0018279	+0.0019050
2014-04	0.008	-0.0006219	-0.0004802	-0.0003187	-0.0001543	+0.0000236	+0.0001869	+0.0003378	+0.0004712	+0.0005972	+0.0007198	+0.0008419	+0.0009597	+0.0010722	+0.0011754	+0.0012738	+0.0013614	+0.0014446	+0.0015268	+0.0016046	+0.0016714	+0.0017473
2014-05	-0.009	-0.0004931	-0.0003823	-0.0002729	-0.0001502	-0.0000296	+0.0000929	+0.0002026	+0.0003123	+0.0004202	+0.0005299	+0.0006340	+0.0007383	+0.0008369	+0.0009328	+0.0010201	+0.0011015	+0.0011753	+0.0012495	+0.0013193	+0.0013754	+0.0014356
2014-06	0.008	-0.0004251	-0.0003545	-0.0002689	-0.0001747	-0.0000876	+0.0000015	+0.0000928	+0.0001902	+0.0002862	+0.0003852	+0.0004856	+0.0005846	+0.0006793	+0.0007720	+0.0008588	+0.0009395	+0.0010171	+0.0010932	+0.0011621	+0.0012309	+0.0012923
2014-07	0.004	-0.0005139	-0.0004275	-0.0003260	-0.0002185	-0.0001051	+0.0000039	+0.0001123	+0.0002110	+0.0003096	+0.0004072	+0.0005054	+0.0006014	+0.0006917	+0.0007819	+0.0008644	+0.0009430	+0.0010180	+0.0010918	+0.0011585	+0.0012227	+0.0012855
2014-08	0.007	-0.0004891	-0.0004096	-0.0003159	-0.0002256	-0.0001304	-0.0000304	+0.0000572	+0.0001437	+0.0002323	+0.0003223	+0.0004096	+0.0004984	+0.0005809	+0.0006603	+0.0007363	+0.0008084	+0.0008756	+0.0009397	+0.0010055	+0.0010676	+0.0011250
2014-09	0.014	-0.0003771	-0.0003215	-0.0002549	-0.0001911	-0.0001294	-0.0000635	+0.0000092	+0.0000859	+0.0001643	+0.0002409	+0.0003154	+0.0003872	+0.0004554	+0.0005213	+0.0005814	+0.0006360	+0.0006876	+0.0007374	+0.0007871	+0.0008291	+0.0008672
2014-10	-0.004	-0.0001626	-0.0001093	-0.0000480	+0.0000100	+0.0000806	+0.0001479	+0.0002148	+0.0002804	+0.0003445	+0.0004077	+0.0004695	+0.0005307	+0.0005910	+0.0006467	+0.0006991	+0.0007495	+0.0007975	+0.0008394	+0.0008815	+0.0009190	+0.0009581
2014-11	0.065	-0.0002844	-0.0002171	-0.0001430	-0.0000581	+0.0000374	+0.0001269	+0.0001976	+0.0002583	+0.0003186	+0.0003783	+0.0004393	+0.0004998	+0.0005572	+0.0006101	+0.0006601	+0.0007060	+0.0007508	+0.0007924	+0.0008314	+0.0008670	+0.0008973
2014-12	0.002	-0.0002476	-0.0001624	-0.0000675	+0.0000232	+0.0001385	+0.0002416	+0.0003262	+0.0004013	+0.0004752	+0.0005512	+0.0006247	+0.0007003	+0.0007729	+0.0008438	+0.0009121	+0.0009804	+0.0010419	+0.0011035	+0.0011594	+0.0012095	+0.0012636
2015-01	-0.049	-0.0003545	-0.0002819	-0.0001983	-0.0000854	+0.0000772	+0.0002330	+0.0003319	+0.0004129	+0.0004928	+0.0005699	+0.0006476	+0.0007244	+0.0008012	+0.0008757	+0.0009476	+0.0010146	+0.0010805	+0.0011374	+0.0011947	+0.0012482	+0.0012963
2015-02	0.006	-0.0004456	-0.0003674	-0.0002859	-0.0001933	-0.0000936	+0.0000004	+0.0000921	+0.0001806	+0.0002709	+0.0003637	+0.0004572	+0.0005515	+0.0006411	+0.0007306	+0.0008146	+0.0008902	+0.0009612	+0.0010246	+0.0010817	+0.0011385	+0.0011909
