2012-05	-0.087	-0.0013954	-0.0012878	-0.0011825	-0.0010709	-0.0009548	-0.0008344	-0.0006939	-0.0005434	-0.0003864	-0.0002245	-0.0000612	+0.0001071	+0.0002680	+0.0004185	+0.0005549	+0.0006804	+0.0008033	+0.0009121	+0.0010152	+0.0011025	+0.0011785
2012-06	0.027	-0.0017197	-0.0016135	-0.0015040	-0.0013911	-0.0012683	-0.0011398	-0.0010039	-0.0008576	-0.0006975	-0.0005280	-0.0003566	-0.0001815	-0.0000160	+0.0001417	+0.0002839	+0.0004212	+0.0005485	+0.0006654	+0.0007678	+0.0008624	+0.0009512
2012-07	-0.005	-0.0016234	-0.0015172	-0.0014017	-0.0012840	-0.0011616	-0.0010266	-0.0008802	-0.0007203	-0.0005589	-0.0003895	-0.0002164	-0.0000423	+0.0001259	+0.0002815	+0.0004296	+0.0005669	+0.0006912	+0.0008018	+0.0009059	+0.0010085	+0.0011083
2012-08	0.007	-0.0015917	-0.0014989	-0.0013979	-0.0012856	-0.0011678	-0.0010364	-0.0008951	-0.0007474	-0.0005893	-0.0004256	-0.0002611	-0.0000979	+0.0000647	+0.0002210	+0.0003635	+0.0004923	+0.0006107	+0.0007294	+0.0008366	+0.0009344	+0.0010158
2012-09	0.020	-0.0015621	-0.0014298	-0.0013121	-0.0011956	-0.0010660	-0.0009326	-0.0007829	-0.0006258	-0.0004620	-0.0002981	-0.0001332	+0.0000342	+0.0001951	+0.0003488	+0.0004918	+0.0006262	+0.0007449	+0.0008555	+0.0009594	+0.0010646	+0.0011634
2012-10	0.009	-0.0014370	-0.0013234	-0.0012052	-0.0010912	-0.0009711	-0.0008394	-0.0006951	-0.0005479	-0.0003894	-0.0002234	-0.0000559	+0.0001106	+0.0002735	+0.0004243	+0.0005652	+0.0006897	+0.0008051	+0.0009157	+0.0010238	+0.0011130	+0.0011918
2012-11	0.034	-0.0015305	-0.0014295	-0.0013083	-0.0011924	-0.0010637	-0.0009199	-0.0007752	-0.0006243	-0.0004648	-0.0003016	-0.0001331	+0.0000316	+0.0001897	+0.0003373	+0.0004806	+0.0006141	+0.0007336	+0.0008463	+0.0009454	+0.0010423	+0.0011372
2012-12	0.064	-0.0010916	-0.0009919	-0.0008808	-0.0007666	-0.0006447	-0.0005262	-0.0003988	-0.0002657	-0.0001274	+0.0000230	+0.0001720	+0.0003221	+0.0004649	+0.0006010	+0.0007264	+0.0008364	+0.0009367	+0.0010261	+0.0011070	+0.0011817	+0.0012582
2013-01	0.080	-0.0008181	-0.0007081	-0.0006088	-0.0004978	-0.0003934	-0.0002731	-0.0001484	-0.0000095	+0.0001355	+0.0002857	+0.0004456	+0.0006019	+0.0007512	+0.0008888	+0.0010154	+0.0011309	+0.0012384	+0.0013410	+0.0014350	+0.0015228	+0.0016027
2013-02	0.021	-0.0006630	-0.0005629	-0.0004509	-0.0003283	-0.0001991	-0.0000614	+0.0000965	+0.0002504	+0.0004202	+0.0005900	+0.0007624	+0.0009314	+0.0010885	+0.0012372	+0.0013788	+0.0015130	+0.0016325	+0.0017475	+0.0018472	+0.0019401	+0.0020282
2013-03	0.042	-0.0007572	-0.0006255	-0.0004846	-0.0003194	-0.0001654	+0.0000069	+0.0001734	+0.0003433	+0.0005148	+0.0006917	+0.0008646	+0.0010348	+0.0011981	+0.0013546	+0.0014954	+0.0016273	+0.0017441	+0.0018582	+0.0019566	+0.0020433	+0.0021297
2013-04	0.070	-0.0006827	-0.0004966	-0.0003334	-0.0001726	-0.0000140	+0.0001515	+0.0003194	+0.0004962	+0.0006738	+0.0008518	+0.0010299	+0.0012037	+0.0013691	+0.0015209	+0.0016673	+0.0017995	+0.0019173	+0.0020290	+0.0021346	+0.0022289	+0.0023238
2013-05	0.016	-0.0007943	-0.0005938	-0.0003986	-0.0002118	-0.0000002	+0.0002078	+0.0004174	+0.0006108	+0.0008066	+0.0009954	+0.0011750	+0.0013497	+0.0015173	+0.0016725	+0.0018225	+0.0019539	+0.0020826	+0.0021938	+0.0022899	+0.0023752	+0.0024486
2013-06	-0.029	-0.0007691	-0.0005752	-0.0003754	-0.0001533	+0.0000563	+0.0002656	+0.0004620	+0.0006475	+0.0008363	+0.0010224	+0.0012103	+0.0013933	+0.0015690	+0.0017302	+0.0018792	+0.0020126	+0.0021328	+0.0022484	+0.0023574	+0.0024577	+0.0025464
2013-07	0.017	-0.0009533	-0.0008157	-0.0006721	-0.0005157	-0.0003591	-0.0002009	-0.0000267	+0.0001556	+0.0003457	+0.0005428	+0.0007478	+0.0009472	+0.0011316	+0.0013033	+0.0014666	+0.0016142	+0.0017523	+0.0018760	+0.0019818	+0.0020777	+0.0021752
2013-08	-0.010	-0.0007848	-0.0006375	-0.0004844	-0.0003241	-0.0001471	+0.0000253	+0.0002075	+0.0003988	+0.0005954	+0.0007975	+0.0010004	+0.0011965	+0.0013857	+0.0015611	+0.0017192	+0.0018678	+0.0020035	+0.0021241	+0.0022293	+0.0023344	+0.0024224
2013-09	0.048	-0.0006698	-0.0005005	-0.0003365	-0.0001641	+0.0000162	+0.0001975	+0.0003791	+0.0005613	+0.0007445	+0.0009332	+0.0011155	+0.0012920	+0.0014618	+0.0016260	+0.0017733	+0.0019133	+0.0020403	+0.0021540	+0.0022621	+0.0023618	+0.0024495
2013-10	0.012	-0.0006756	-0.0004963	-0.0002987	-0.0000864	+0.0001479	+0.0003883	+0.0006042	+0.0007994	+0.0009898	+0.0011733	+0.0013530	+0.0015287	+0.0016959	+0.0018577	+0.0020006	+0.0021265	+0.0022475	+0.0023621	+0.0024649	+0.0025658	+0.0026609
2013-11	0.037	-0.0005847	-0.0004082	-0.0002278	-0.0000375	+0.0001737	+0.0003751	+0.0005622	+0.0007375	+0.0009164	+0.0010967	+0.0012787	+0.0014596	+0.0016309	+0.0017917	+0.0019333	+0.0020695	+0.0021943	+0.0023046	+0.0024097	+0.0024998	+0.0025831
2013-12	0.033	-0.0006899	-0.0005042	-0.0003256	-0.0001126	+0.0001290	+0.0003532	+0.0005772	+0.0007759	+0.0009684	+0.0011521	+0.0013356	+0.0015115	+0.0016764	+0.0018306	+0.0019707	+0.0020993	+0.0022174	+0.0023321	+0.0024365	+0.0025347	+0.0026220
2014-01	-0.040	-0.0007290	-0.0005203	-0.0003403	-0.0000987	+0.0001514	+0.0003980	+0.0006231	+0.0008330	+0.0010329	+0.0012197	+0.0014013	+0.0015730	+0.0017386	+0.0018907	+0.0020329	+0.0021636	+0.0022835	+0.0023931	+0.0024857	+0.0025772	+0.0026657
2014-02	0.013	-0.0008686	-0.0006404	-0.0004048	-0.0001718	+0.0001092	+0.0003928	+0.0006361	+0.0008431	+0.0010409	+0.0012274	+0.0014119	+0.0015904	+0.0017566	+0.0019126	+0.0020553	+0.0021795	+0.0022944	+0.0023979	+0.0024893	+0.0025757	+0.0026509
2014-03	-0.002	-0.0006921	-0.0004723	-0.0002594	-0.0000451	+0.0001533	+0.0003536	+0.0005528	+0.0007507	+0.0009498	+0.0011448	+0.0013452	+0.0015346	+0.0017119	+0.0018770	+0.0020258	+0.0021649	+0.0022943	+0.0024133	+0.0025133	+0.0026163	+0.0026997
2014-04	-0.015	-0.0009560	-0.0007477	-0.0005525	-0.0003231	-0.0000983	+0.0001313	+0.0003509	+0.0005737	+0.0007768	+0.0009751	+0.0011719	+0.0013560	+0.0015252	+0.0016867	+0.0018320	+0.0019725	+0.0021002	+0.0022195	+0.0023250	+0.0024365	+0.0025234
2014-05	0.020	-0.0008440	-0.0006989	-0.0005467	-0.0003930	-0.0002239	-0.0000572	+0.0001124	+0.0002832	+0.0004622	+0.0006420	+0.0008188	+0.0009917	+0.0011549	+0.0013079	+0.0014464	+0.0015773	+0.0016938	+0.0018006	+0.0019021	+0.0019974	+0.0020854
2014-06	0.023	-0.0007983	-0.0006717	-0.0005551	-0.0004361	-0.0003115	-0.0001720	-0.0000167	+0.0001454	+0.0003117	+0.0004849	+0.0006540	+0.0008215	+0.0009804	+0.0011291	+0.0012743	+0.0014037	+0.0015259	+0.0016464	+0.0017528	+0.0018508	+0.0019406
2014-07	0.007	-0.0008824	-0.0007606	-0.0006215	-0.0004805	-0.0003314	-0.0001853	-0.0000383	+0.0001243	+0.0002916	+0.0004558	+0.0006181	+0.0007816	+0.0009358	+0.0010785	+0.0012172	+0.0013452	+0.0014574	+0.0015699	+0.0016807	+0.0017853	+0.0018780
2014-08	0.003	-0.0008829	-0.0007643	-0.0006448	-0.0005246	-0.0003958	-0.0002592	-0.0001177	+0.0000360	+0.0001907	+0.0003487	+0.0005109	+0.0006719	+0.0008267	+0.0009716	+0.0011083	+0.0012401	+0.0013578	+0.0014685	+0.0015800	+0.0016892	+0.0017837
2014-09	0.028	-0.0009377	-0.0008509	-0.0007526	-0.0006511	-0.0005364	-0.0004127	-0.0002890	-0.0001607	-0.0000263	+0.0001176	+0.0002634	+0.0004033	+0.0005361	+0.0006640	+0.0007885	+0.0008998	+0.0010000	+0.0010869	+0.0011685	+0.0012469	+0.0013283
2014-10	0.000	-0.0004436	-0.0003686	-0.0002864	-0.0001983	-0.0001030	+0.0000009	+0.0001106	+0.0002219	+0.0003408	+0.0004651	+0.0005887	+0.0007088	+0.0008263	+0.0009399	+0.0010464	+0.0011450	+0.0012384	+0.0013303	+0.0014180	+0.0014995	+0.0015707
2014-11	0.062	-0.0007750	-0.0006832	-0.0005874	-0.0004900	-0.0003891	-0.0002864	-0.0001756	-0.0000612	+0.0000568	+0.0001792	+0.0003082	+0.0004274	+0.0005393	+0.0006451	+0.0007424	+0.0008291	+0.0009141	+0.0009923	+0.0010613	+0.0011271	+0.0011919
2014-12	0.003	-0.0006146	-0.0005024	-0.0003912	-0.0002900	-0.0001755	-0.0000521	+0.0000733	+0.0002078	+0.0003480	+0.0004913	+0.0006374	+0.0007831	+0.0009268	+0.0010652	+0.0011941	+0.0013098	+0.0014202	+0.0015226	+0.0016184	+0.0017084	+0.0017922
2015-01	-0.010	-0.0007699	-0.0006445	-0.0005197	-0.0003922	-0.0002606	-0.0001197	+0.0000159	+0.0001576	+0.0003035	+0.0004541	+0.0005998	+0.0007475	+0.0008920	+0.0010317	+0.0011576	+0.0012766	+0.0013871	+0.0014914	+0.0015859	+0.0016777	+0.0017621
2015-02	0.004	-0.0006672	-0.0005760	-0.0004803	-0.0003786	-0.0002717	-0.0001553	-0.0000300	+0.0001042	+0.0002419	+0.0003851	+0.0005332	+0.0006801	+0.0008225	+0.0009618	+0.0010901	+0.0012056	+0.0013170	+0.0014293	+0.0015368	+0.0016387	+0.0017274
