2013-07	0.023	-0.0004721	-0.0004282	-0.0003795	-0.0003316	-0.0002776	-0.0002260	-0.0001696	-0.0001073	-0.0000419	+0.0000207	+0.0000824	+0.0001416	+0.0001948	+0.0002460	+0.0002901	+0.0003300	+0.0003632	+0.0003914	+0.0004193	+0.0004430	+0.0004706
2013-08	-0.021	-0.0005120	-0.0004627	-0.0004145	-0.0003668	-0.0003132	-0.0002561	-0.0001968	-0.0001333	-0.0000651	+0.0000024	+0.0000671	+0.0001294	+0.0001875	+0.0002403	+0.0002864	+0.0003266	+0.0003631	+0.0003956	+0.0004271	+0.0004589	+0.0004881
2013-09	0.017	-0.0005364	-0.0004967	-0.0004514	-0.0003971	-0.0003437	-0.0002871	-0.0002296	-0.0001699	-0.0001061	-0.0000424	+0.0000211	+0.0000823	+0.0001427	+0.0001963	+0.0002462	+0.0002926	+0.0003345	+0.0003727	+0.0004083	+0.0004400	+0.0004717
2013-10	0.015	-0.0005680	-0.0005225	-0.0004696	-0.0004169	-0.0003607	-0.0003013	-0.0002417	-0.0001823	-0.0001192	-0.0000548	+0.0000127	+0.0000770	+0.0001389	+0.0001940	+0.0002465	+0.0002920	+0.0003329	+0.0003695	+0.0004051	+0.0004348	+0.0004657
2013-11	-0.003	-0.0005779	-0.0005273	-0.0004825	-0.0004317	-0.0003768	-0.0003185	-0.0002579	-0.0001943	-0.0001296	-0.0000625	+0.0000066	+0.0000731	+0.0001354	+0.0001930	+0.0002436	+0.0002875	+0.0003293	+0.0003687	+0.0004020	+0.0004365	+0.0004706
2013-12	-0.004	-0.0005991	-0.0005590	-0.0005126	-0.0004574	-0.0004041	-0.0003467	-0.0002872	-0.0002229	-0.0001570	-0.0000895	-0.0000214	+0.0000425	+0.0001038	+0.0001610	+0.0002136	+0.0002623	+0.0003060	+0.0003452	+0.0003826	+0.0004157	+0.0004475
2014-01	0.002	-0.0006410	-0.0005897	-0.0005360	-0.0004830	-0.0004230	-0.0003649	-0.0003034	-0.0002408	-0.0001750	-0.0001088	-0.0000440	+0.0000196	+0.0000787	+0.0001330	+0.0001854	+0.0002344	+0.0002783	+0.0003135	+0.0003473	+0.0003807	+0.0004166
2014-02	0.013	-0.0006583	-0.0006151	-0.0005694	-0.0005174	-0.0004642	-0.0004111	-0.0003555	-0.0002958	-0.0002333	-0.0001700	-0.0001057	-0.0000423	+0.0000176	+0.0000733	+0.0001266	+0.0001769	+0.0002195	+0.0002587	+0.0002949	+0.0003240	+0.0003505
2014-03	0.003	-0.0006563	-0.0006033	-0.0005557	-0.0005055	-0.0004534	-0.0003951	-0.0003354	-0.0002707	-0.0002045	-0.0001364	-0.0000681	-0.0000053	+0.0000574	+0.0001145	+0.0001681	+0.0002137	+0.0002561	+0.0002937	+0.0003281	+0.0003606	+0.0003938
2014-04	0.001	-0.0006296	-0.0005831	-0.0005356	-0.0004840	-0.0004308	-0.0003760	-0.0003195	-0.0002586	-0.0001951	-0.0001300	-0.0000643	-0.0000011	+0.0000593	+0.0001167	+0.0001700	+0.0002175	+0.0002599	+0.0003003	+0.0003374	+0.0003702	+0.0003972
2014-05	0.013	-0.0006418	-0.0005994	-0.0005528	-0.0005011	-0.0004453	-0.0003900	-0.0003298	-0.0002664	-0.0002008	-0.0001336	-0.0000655	+0.0000005	+0.0000634	+0.0001217	+0.0001739	+0.0002215	+0.0002645	+0.0003055	+0.0003412	+0.0003732	+0.0003994
2014-06	0.004	-0.0005883	-0.0005450	-0.0004938	-0.0004439	-0.0003919	-0.0003318	-0.0002699	-0.0002088	-0.0001439	-0.0000768	-0.0000117	+0.0000537	+0.0001154	+0.0001720	+0.0002235	+0.0002692	+0.0003071	+0.0003421	+0.0003736	+0.0004038	+0.0004331
2014-07	0.005	-0.0006007	-0.0005578	-0.0005097	-0.0004549	-0.0003977	-0.0003375	-0.0002759	-0.0002101	-0.0001444	-0.0000788	-0.0000116	+0.0000511	+0.0001132	+0.0001686	+0.0002202	+0.0002659	+0.0003046	+0.0003402	+0.0003749	+0.0004068	+0.0004355
2014-08	0.006	-0.0005952	-0.0005439	-0.0005010	-0.0004494	-0.0003928	-0.0003342	-0.0002721	-0.0002068	-0.0001396	-0.0000719	-0.0000036	+0.0000613	+0.0001237	+0.0001779	+0.0002282	+0.0002759	+0.0003169	+0.0003554	+0.0003894	+0.0004238	+0.0004531
2014-09	-0.007	-0.0005884	-0.0005432	-0.0004956	-0.0004450	-0.0003903	-0.0003304	-0.0002683	-0.0002057	-0.0001380	-0.0000725	-0.0000057	+0.0000581	+0.0001188	+0.0001746	+0.0002260	+0.0002695	+0.0003087	+0.0003457	+0.0003793	+0.0004076	+0.0004334
2014-10	0.005	-0.0003669	-0.0003309	-0.0002893	-0.0002468	-0.0002009	-0.0001517	-0.0000973	-0.0000427	+0.0000111	+0.0000659	+0.0001197	+0.0001718	+0.0002213	+0.0002665	+0.0003069	+0.0003433	+0.0003770	+0.0004091	+0.0004401	+0.0004685	+0.0004938
2014-11	0.002	-0.0001592	-0.0001306	-0.0000992	-0.0000679	-0.0000322	+0.0000030	+0.0000385	+0.0000757	+0.0001145	+0.0001528	+0.0001923	+0.0002292	+0.0002646	+0.0002979	+0.0003284	+0.0003555	+0.0003808	+0.0004044	+0.0004258	+0.0004438	+0.0004593
2014-12	-0.010	-0.0001373	-0.0001101	-0.0000821	-0.0000526	-0.0000216	+0.0000099	+0.0000433	+0.0000765	+0.0001099	+0.0001436	+0.0001786	+0.0002125	+0.0002444	+0.0002750	+0.0003021	+0.0003264	+0.0003495	+0.0003700	+0.0003900	+0.0004099	+0.0004277
2015-01	0.008	-0.0001407	-0.0001131	-0.0000839	-0.0000467	-0.0000015	+0.0000440	+0.0000790	+0.0001096	+0.0001395	+0.0001687	+0.0001980	+0.0002270	+0.0002547	+0.0002815	+0.0003059	+0.0003283	+0.0003494	+0.0003688	+0.0003862	+0.0004037	+0.0004205
2015-02	0.002	-0.0001018	-0.0000826	-0.0000599	-0.0000375	-0.0000152	+0.0000101	+0.0000348	+0.0000600	+0.0000847	+0.0001095	+0.0001342	+0.0001590	+0.0001827	+0.0002061	+0.0002284	+0.0002477	+0.0002647	+0.0002809	+0.0002969	+0.0003116	+0.0003249
