2012-05	-0.088	-0.0011648	-0.0010868	-0.0009967	-0.0009006	-0.0008011	-0.0006910	-0.0005700	-0.0004401	-0.0003042	-0.0001602	-0.0000136	+0.0001346	+0.0002770	+0.0004130	+0.0005450	+0.0006647	+0.0007754	+0.0008770	+0.0009728	+0.0010626	+0.0011346
2012-06	0.033	-0.0014266	-0.0013337	-0.0012358	-0.0011388	-0.0010298	-0.0009203	-0.0008014	-0.0006758	-0.0005376	-0.0003910	-0.0002368	-0.0000812	+0.0000713	+0.0002155	+0.0003508	+0.0004773	+0.0005915	+0.0007075	+0.0008070	+0.0008994	+0.0009877
2012-07	-0.001	-0.0013271	-0.0012473	-0.0011553	-0.0010586	-0.0009529	-0.0008422	-0.0007171	-0.0005814	-0.0004338	-0.0002827	-0.0001275	+0.0000343	+0.0001888	+0.0003352	+0.0004729	+0.0005951	+0.0007083	+0.0008224	+0.0009238	+0.0010292	+0.0011344
2012-08	0.009	-0.0013785	-0.0012943	-0.0012193	-0.0011261	-0.0010216	-0.0009177	-0.0007975	-0.0006673	-0.0005320	-0.0003890	-0.0002408	-0.0000944	+0.0000480	+0.0001890	+0.0003143	+0.0004341	+0.0005484	+0.0006507	+0.0007470	+0.0008326	+0.0009176
2012-09	0.015	-0.0012855	-0.0011887	-0.0010927	-0.0009958	-0.0008884	-0.0007798	-0.0006585	-0.0005274	-0.0003900	-0.0002481	-0.0001024	+0.0000448	+0.0001892	+0.0003286	+0.0004601	+0.0005794	+0.0006855	+0.0007883	+0.0008808	+0.0009668	+0.0010441
2012-10	0.016	-0.0012493	-0.0011691	-0.0010805	-0.0009811	-0.0008774	-0.0007685	-0.0006459	-0.0005128	-0.0003747	-0.0002295	-0.0000821	+0.0000630	+0.0002049	+0.0003383	+0.0004617	+0.0005770	+0.0006848	+0.0007810	+0.0008749	+0.0009560	+0.0010337
2012-11	0.038	-0.0013224	-0.0012320	-0.0011403	-0.0010385	-0.0009285	-0.0008109	-0.0006881	-0.0005552	-0.0004202	-0.0002745	-0.0001245	+0.0000210	+0.0001614	+0.0002990	+0.0004276	+0.0005431	+0.0006534	+0.0007579	+0.0008536	+0.0009384	+0.0010240
2012-12	0.069	-0.0010877	-0.0010013	-0.0009052	-0.0008003	-0.0006923	-0.0005763	-0.0004529	-0.0003231	-0.0001885	-0.0000434	+0.0001019	+0.0002462	+0.0003830	+0.0005124	+0.0006325	+0.0007428	+0.0008421	+0.0009313	+0.0010118	+0.0010920	+0.0011706
2013-01	0.052	-0.0008536	-0.0007589	-0.0006526	-0.0005467	-0.0004386	-0.0003207	-0.0001977	-0.0000636	+0.0000784	+0.0002275	+0.0003821	+0.0005370	+0.0006836	+0.0008181	+0.0009393	+0.0010590	+0.0011609	+0.0012573	+0.0013497	+0.0014389	+0.0015287
2013-02	0.015	-0.0006319	-0.0005404	-0.0004315	-0.0003149	-0.0001916	-0.0000622	+0.0000787	+0.0002245	+0.0003827	+0.0005382	+0.0006942	+0.0008456	+0.0009880	+0.0011266	+0.0012539	+0.0013746	+0.0014780	+0.0015805	+0.0016738	+0.0017540	+0.0018342
2013-03	0.032	-0.0006710	-0.0005573	-0.0004140	-0.0002758	-0.0001326	+0.0000176	+0.0001674	+0.0003184	+0.0004809	+0.0006428	+0.0008004	+0.0009551	+0.0011022	+0.0012421	+0.0013716	+0.0014901	+0.0016018	+0.0016946	+0.0017814	+0.0018600	+0.0019381
2013-04	0.069	-0.0006076	-0.0004539	-0.0003054	-0.0001544	-0.0000009	+0.0001475	+0.0002975	+0.0004494	+0.0006095	+0.0007724	+0.0009340	+0.0010897	+0.0012340	+0.0013725	+0.0015023	+0.0016240	+0.0017335	+0.0018335	+0.0019280	+0.0020124	+0.0021003
2013-05	-0.004	-0.0007134	-0.0005164	-0.0003480	-0.0001700	+0.0000415	+0.0002420	+0.0004492	+0.0006332	+0.0008117	+0.0009841	+0.0011501	+0.0013087	+0.0014607	+0.0016053	+0.0017370	+0.0018586	+0.0019696	+0.0020706	+0.0021607	+0.0022461	+0.0023198
2013-06	-0.042	-0.0007092	-0.0005370	-0.0003558	-0.0001574	+0.0000429	+0.0002364	+0.0004153	+0.0005838	+0.0007500	+0.0009196	+0.0010890	+0.0012500	+0.0014056	+0.0015494	+0.0016779	+0.0017925	+0.0018992	+0.0019990	+0.0020928	+0.0021738	+0.0022580
2013-07	0.005	-0.0009708	-0.0008395	-0.0007144	-0.0005752	-0.0004356	-0.0002854	-0.0001271	+0.0000424	+0.0002161	+0.0003987	+0.0005851	+0.0007664	+0.0009333	+0.0010900	+0.0012345	+0.0013664	+0.0014869	+0.0015985	+0.0016950	+0.0017837	+0.0018537
2013-08	-0.021	-0.0007979	-0.0006583	-0.0005230	-0.0003857	-0.0002398	-0.0000881	+0.0000790	+0.0002464	+0.0004273	+0.0006130	+0.0007950	+0.0009733	+0.0011471	+0.0013067	+0.0014533	+0.0015832	+0.0017009	+0.0018088	+0.0019026	+0.0019882	+0.0020772
2013-09	0.038	-0.0006674	-0.0005348	-0.0004028	-0.0002669	-0.0001292	+0.0000237	+0.0001795	+0.0003449	+0.0005079	+0.0006781	+0.0008442	+0.0010062	+0.0011609	+0.0013047	+0.0014440	+0.0015706	+0.0016822	+0.0017842	+0.0018893	+0.0019808	+0.0020595
2013-10	0.016	-0.0007154	-0.0005462	-0.0003799	-0.0002178	-0.0000260	+0.0001644	+0.0003422	+0.0005168	+0.0006934	+0.0008652	+0.0010360	+0.0012023	+0.0013580	+0.0015069	+0.0016406	+0.0017591	+0.0018725	+0.0019738	+0.0020654	+0.0021519	+0.0022442
2013-11	0.035	-0.0006388	-0.0004793	-0.0003359	-0.0001726	-0.0000063	+0.0001539	+0.0003168	+0.0004797	+0.0006428	+0.0008085	+0.0009767	+0.0011426	+0.0013050	+0.0014552	+0.0015904	+0.0017115	+0.0018244	+0.0019286	+0.0020209	+0.0021042	+0.0021859
2013-12	0.024	-0.0007030	-0.0005513	-0.0003882	-0.0002172	-0.0000442	+0.0001375	+0.0003213	+0.0005008	+0.0006792	+0.0008519	+0.0010227	+0.0011844	+0.0013394	+0.0014830	+0.0016152	+0.0017361	+0.0018488	+0.0019517	+0.0020428	+0.0021225	+0.0022057
2014-01	-0.045	-0.0007176	-0.0005460	-0.0003676	-0.0001870	-0.0000030	+0.0001951	+0.0003821	+0.0005671	+0.0007495	+0.0009270	+0.0011004	+0.0012672	+0.0014205	+0.0015626	+0.0016915	+0.0018046	+0.0019149	+0.0020129	+0.0020993	+0.0021792	+0.0022549
2014-02	0.007	-0.0008315	-0.0006145	-0.0004341	-0.0002496	-0.0000610	+0.0001352	+0.0003241	+0.0005054	+0.0006842	+0.0008619	+0.0010403	+0.0012114	+0.0013694	+0.0015202	+0.0016508	+0.0017706	+0.0018714	+0.0019653	+0.0020546	+0.0021346	+0.0022056
2014-03	0.015	-0.0007465	-0.0005787	-0.0004354	-0.0002725	-0.0001110	+0.0000499	+0.0002191	+0.0003907	+0.0005655	+0.0007473	+0.0009320	+0.0011110	+0.0012768	+0.0014291	+0.0015646	+0.0016907	+0.0018127	+0.0019268	+0.0020337	+0.0021286	+0.0022131
2014-04	-0.010	-0.0009237	-0.0007423	-0.0005754	-0.0004183	-0.0002569	-0.0000877	+0.0000820	+0.0002526	+0.0004295	+0.0006079	+0.0007865	+0.0009600	+0.0011189	+0.0012682	+0.0014011	+0.0015242	+0.0016360	+0.0017441	+0.0018330	+0.0019211	+0.0020013
2014-05	0.007	-0.0008850	-0.0007696	-0.0006521	-0.0005159	-0.0003829	-0.0002405	-0.0000925	+0.0000591	+0.0002183	+0.0003744	+0.0005266	+0.0006808	+0.0008337	+0.0009716	+0.0010983	+0.0012143	+0.0013222	+0.0014187	+0.0015044	+0.0015861	+0.0016606
2014-06	0.011	-0.0008471	-0.0007594	-0.0006624	-0.0005620	-0.0004533	-0.0003357	-0.0002047	-0.0000639	+0.0000867	+0.0002392	+0.0003853	+0.0005352	+0.0006774	+0.0008169	+0.0009431	+0.0010606	+0.0011693	+0.0012739	+0.0013713	+0.0014603	+0.0015322
2014-07	0.011	-0.0009277	-0.0008344	-0.0007301	-0.0006171	-0.0004951	-0.0003782	-0.0002414	-0.0000987	+0.0000497	+0.0002010	+0.0003506	+0.0004948	+0.0006355	+0.0007656	+0.0008861	+0.0009980	+0.0011012	+0.0012016	+0.0012954	+0.0013926	+0.0014791
2014-08	0.002	-0.0009724	-0.0008836	-0.0007758	-0.0006716	-0.0005627	-0.0004419	-0.0003239	-0.0001954	-0.0000613	+0.0000760	+0.0002155	+0.0003551	+0.0004884	+0.0006144	+0.0007293	+0.0008386	+0.0009383	+0.0010317	+0.0011211	+0.0012053	+0.0012892
2014-09	0.023	-0.0010619	-0.0009629	-0.0008701	-0.0007670	-0.0006640	-0.0005539	-0.0004370	-0.0003169	-0.0001929	-0.0000651	+0.0000611	+0.0001806	+0.0002975	+0.0004067	+0.0005083	+0.0006069	+0.0006931	+0.0007711	+0.0008437	+0.0009133	+0.0009765
2014-10	0.005	-0.0004296	-0.0003687	-0.0003032	-0.0002314	-0.0001568	-0.0000770	+0.0000067	+0.0000963	+0.0001917	+0.0002864	+0.0003833	+0.0004825	+0.0005759	+0.0006640	+0.0007507	+0.0008331	+0.0009085	+0.0009766	+0.0010418	+0.0011032	+0.0011645
2014-11	0.056	-0.0005858	-0.0005132	-0.0004408	-0.0003672	-0.0002923	-0.0002155	-0.0001340	-0.0000466	+0.0000426	+0.0001360	+0.0002282	+0.0003181	+0.0004055	+0.0004868	+0.0005629	+0.0006319	+0.0006938	+0.0007533	+0.0008121	+0.0008650	+0.0009152
2014-12	-0.009	-0.0003835	-0.0003038	-0.0002293	-0.0001477	-0.0000608	+0.0000304	+0.0001267	+0.0002249	+0.0003258	+0.0004316	+0.0005406	+0.0006518	+0.0007600	+0.0008620	+0.0009584	+0.0010517	+0.0011365	+0.0012191	+0.0012895	+0.0013626	+0.0014292
2015-01	-0.022	-0.0005800	-0.0004774	-0.0003710	-0.0002698	-0.0001637	-0.0000556	+0.0000530	+0.0001593	+0.0002649	+0.0003714	+0.0004797	+0.0005880	+0.0006941	+0.0007962	+0.0008935	+0.0009863	+0.0010731	+0.0011531	+0.0012275	+0.0012945	+0.0013541
2015-02	0.004	-0.0005170	-0.0004484	-0.0003708	-0.0002883	-0.0002058	-0.0001173	-0.0000240	+0.0000733	+0.0001757	+0.0002825	+0.0003918	+0.0004995	+0.0006065	+0.0007121	+0.0008104	+0.0008990	+0.0009830	+0.0010642	+0.0011435	+0.0012183	+0.0012909
