2012-05	-0.089	-0.0014952	-0.0013817	-0.0012712	-0.0011484	-0.0010026	-0.0008522	-0.0006919	-0.0005251	-0.0003423	-0.0001492	+0.0000518	+0.0002510	+0.0004422	+0.0006211	+0.0007889	+0.0009471	+0.0011013	+0.0012359	+0.0013648	+0.0014810	+0.0015810
2012-06	0.047	-0.0017381	-0.0016197	-0.0015028	-0.0013840	-0.0012521	-0.0011077	-0.0009492	-0.0007818	-0.0005980	-0.0004024	-0.0001978	+0.0000026	+0.0001971	+0.0003796	+0.0005519	+0.0007071	+0.0008518	+0.0009949	+0.0011283	+0.0012608	+0.0013772
2012-07	0.025	-0.0016771	-0.0015607	-0.0014476	-0.0013233	-0.0011783	-0.0010169	-0.0008466	-0.0006651	-0.0004762	-0.0002736	-0.0000684	+0.0001347	+0.0003360	+0.0005274	+0.0007059	+0.0008697	+0.0010254	+0.0011767	+0.0013114	+0.0014425	+0.0015643
2012-08	0.017	-0.0017792	-0.0016611	-0.0015397	-0.0014119	-0.0012710	-0.0011225	-0.0009683	-0.0007994	-0.0006234	-0.0004396	-0.0002489	-0.0000590	+0.0001261	+0.0003048	+0.0004785	+0.0006366	+0.0007760	+0.0009142	+0.0010330	+0.0011474	+0.0012516
2012-09	0.023	-0.0016600	-0.0015224	-0.0013873	-0.0012525	-0.0011002	-0.0009434	-0.0007772	-0.0006094	-0.0004303	-0.0002431	-0.0000477	+0.0001423	+0.0003318	+0.0005031	+0.0006702	+0.0008278	+0.0009628	+0.0010904	+0.0012028	+0.0013143	+0.0014297
2012-10	0.019	-0.0014870	-0.0013600	-0.0012311	-0.0011046	-0.0009632	-0.0008098	-0.0006524	-0.0004833	-0.0003050	-0.0001154	+0.0000816	+0.0002689	+0.0004493	+0.0006224	+0.0007829	+0.0009317	+0.0010675	+0.0011908	+0.0013011	+0.0014081	+0.0014994
2012-11	0.028	-0.0014641	-0.0013325	-0.0012181	-0.0010774	-0.0009318	-0.0007750	-0.0006047	-0.0004302	-0.0002457	-0.0000554	+0.0001349	+0.0003237	+0.0005059	+0.0006727	+0.0008328	+0.0009787	+0.0011111	+0.0012361	+0.0013565	+0.0014653	+0.0015758
2012-12	0.062	-0.0009434	-0.0008330	-0.0007114	-0.0005904	-0.0004635	-0.0003284	-0.0001883	-0.0000405	+0.0001177	+0.0002792	+0.0004474	+0.0006141	+0.0007879	+0.0009476	+0.0010894	+0.0012171	+0.0013306	+0.0014367	+0.0015354	+0.0016306	+0.0017224
2013-01	0.089	-0.0007430	-0.0006193	-0.0004976	-0.0003666	-0.0002328	-0.0000927	+0.0000628	+0.0002232	+0.0003837	+0.0005521	+0.0007316	+0.0009091	+0.0010818	+0.0012391	+0.0013813	+0.0015113	+0.0016355	+0.0017531	+0.0018553	+0.0019486	+0.0020399
2013-02	0.007	-0.0006483	-0.0005138	-0.0003841	-0.0002375	-0.0000828	+0.0000759	+0.0002445	+0.0004261	+0.0006092	+0.0007908	+0.0009720	+0.0011499	+0.0013198	+0.0014749	+0.0016193	+0.0017556	+0.0018845	+0.0019985	+0.0021059	+0.0022122	+0.0023092
2013-03	0.038	-0.0006987	-0.0005410	-0.0003774	-0.0001924	-0.0000087	+0.0001641	+0.0003462	+0.0005316	+0.0007107	+0.0008895	+0.0010719	+0.0012460	+0.0014175	+0.0015687	+0.0017144	+0.0018441	+0.0019700	+0.0020723	+0.0021726	+0.0022735	+0.0023614
2013-04	0.077	-0.0006462	-0.0004657	-0.0002918	-0.0000885	+0.0001113	+0.0002999	+0.0004835	+0.0006680	+0.0008513	+0.0010290	+0.0012065	+0.0013758	+0.0015387	+0.0016955	+0.0018360	+0.0019644	+0.0020856	+0.0022052	+0.0023101	+0.0024092	+0.0025051
2013-05	0.008	-0.0006605	-0.0004864	-0.0003077	-0.0000949	+0.0001472	+0.0003908	+0.0006221	+0.0008357	+0.0010351	+0.0012170	+0.0013983	+0.0015727	+0.0017375	+0.0018893	+0.0020291	+0.0021607	+0.0022815	+0.0023878	+0.0024830	+0.0025809	+0.0026676
2013-06	-0.058	-0.0007797	-0.0005772	-0.0003732	-0.0001304	+0.0001639	+0.0004380	+0.0006672	+0.0008693	+0.0010516	+0.0012433	+0.0014276	+0.0016051	+0.0017703	+0.0019215	+0.0020589	+0.0021845	+0.0022973	+0.0024024	+0.0025052	+0.0025976	+0.0026847
2013-07	0.029	-0.0009845	-0.0008127	-0.0006409	-0.0004599	-0.0002844	-0.0001067	+0.0000865	+0.0002766	+0.0004707	+0.0006783	+0.0008896	+0.0010900	+0.0012738	+0.0014422	+0.0015981	+0.0017348	+0.0018705	+0.0019949	+0.0021023	+0.0021962	+0.0022810
2013-08	-0.013	-0.0007291	-0.0005577	-0.0003882	-0.0002226	-0.0000465	+0.0001240	+0.0003156	+0.0005047	+0.0007035	+0.0009050	+0.0011023	+0.0012897	+0.0014723	+0.0016433	+0.0017988	+0.0019420	+0.0020681	+0.0021806	+0.0022895	+0.0023905	+0.0024851
2013-09	0.039	-0.0006500	-0.0004687	-0.0002959	-0.0001163	+0.0000738	+0.0002616	+0.0004441	+0.0006315	+0.0008218	+0.0010090	+0.0011950	+0.0013726	+0.0015381	+0.0017004	+0.0018463	+0.0019809	+0.0020987	+0.0022036	+0.0023046	+0.0023945	+0.0024946
2013-10	0.049	-0.0007493	-0.0005267	-0.0003289	-0.0000876	+0.0001526	+0.0004000	+0.0006269	+0.0008315	+0.0010166	+0.0012017	+0.0013828	+0.0015564	+0.0017190	+0.0018696	+0.0020033	+0.0021274	+0.0022370	+0.0023397	+0.0024383	+0.0025306	+0.0026196
2013-11	0.025	-0.0005184	-0.0003570	-0.0001821	-0.0000005	+0.0002082	+0.0003992	+0.0005897	+0.0007690	+0.0009483	+0.0011284	+0.0013076	+0.0014792	+0.0016453	+0.0017986	+0.0019369	+0.0020641	+0.0021791	+0.0022778	+0.0023719	+0.0024566	+0.0025373
2013-12	0.033	-0.0006980	-0.0005320	-0.0003296	-0.0001337	+0.0001050	+0.0003581	+0.0005883	+0.0007958	+0.0009839	+0.0011667	+0.0013431	+0.0015122	+0.0016684	+0.0018174	+0.0019475	+0.0020699	+0.0021869	+0.0023014	+0.0023923	+0.0024795	+0.0025582
2014-01	-0.043	-0.0006871	-0.0005199	-0.0003360	-0.0000972	+0.0001419	+0.0003700	+0.0005874	+0.0007976	+0.0009937	+0.0011804	+0.0013563	+0.0015245	+0.0016830	+0.0018307	+0.0019704	+0.0020943	+0.0022030	+0.0023083	+0.0024000	+0.0024767	+0.0025522
2014-02	0.037	-0.0008596	-0.0006484	-0.0004148	-0.0001887	+0.0000636	+0.0003162	+0.0005442	+0.0007502	+0.0009466	+0.0011370	+0.0013207	+0.0014980	+0.0016600	+0.0018087	+0.0019423	+0.0020604	+0.0021706	+0.0022740	+0.0023649	+0.0024535	+0.0025277
2014-03	0.025	-0.0005597	-0.0003574	-0.0001732	+0.0000284	+0.0002141	+0.0004102	+0.0006105	+0.0007941	+0.0009877	+0.0011758	+0.0013598	+0.0015409	+0.0017074	+0.0018598	+0.0019980	+0.0021271	+0.0022472	+0.0023601	+0.0024642	+0.0025595	+0.0026384
2014-04	0.022	-0.0009296	-0.0006866	-0.0004796	-0.0002533	-0.0000148	+0.0002341	+0.0004598	+0.0006665	+0.0008681	+0.0010604	+0.0012396	+0.0014159	+0.0015780	+0.0017274	+0.0018657	+0.0019907	+0.0021091	+0.0022106	+0.0023139	+0.0024084	+0.0025079
2014-05	0.001	-0.0007609	-0.0006081	-0.0004245	-0.0002375	-0.0000455	+0.0001396	+0.0003222	+0.0004972	+0.0006744	+0.0008473	+0.0010152	+0.0011746	+0.0013232	+0.0014643	+0.0015883	+0.0017008	+0.0018035	+0.0018984	+0.0019841	+0.0020568	+0.0021256
2014-06	0.011	-0.0007034	-0.0005543	-0.0004132	-0.0002705	-0.0001207	+0.0000298	+0.0001953	+0.0003623	+0.0005279	+0.0006901	+0.0008508	+0.0010061	+0.0011497	+0.0012809	+0.0014041	+0.0015180	+0.0016192	+0.0017155	+0.0018060	+0.0018896	+0.0019637
2014-07	0.005	-0.0008015	-0.0006635	-0.0005161	-0.0003495	-0.0001892	-0.0000221	+0.0001454	+0.0003124	+0.0004798	+0.0006435	+0.0008021	+0.0009557	+0.0010965	+0.0012222	+0.0013397	+0.0014476	+0.0015542	+0.0016482	+0.0017367	+0.0018237	+0.0018995
2014-08	0.006	-0.0007804	-0.0006452	-0.0005209	-0.0003878	-0.0002517	-0.0001078	+0.0000475	+0.0002061	+0.0003615	+0.0005175	+0.0006712	+0.0008185	+0.0009607	+0.0010893	+0.0012073	+0.0013187	+0.0014213	+0.0015135	+0.0016044	+0.0016864	+0.0017663
2014-09	0.014	-0.0007705	-0.0006726	-0.0005694	-0.0004556	-0.0003416	-0.0002197	-0.0000949	+0.0000335	+0.0001718	+0.0003117	+0.0004475	+0.0005806	+0.0007122	+0.0008329	+0.0009412	+0.0010387	+0.0011263	+0.0012090	+0.0012894	+0.0013508	+0.0014138
2014-10	0.004	-0.0003059	-0.0002134	-0.0001155	-0.0000067	+0.0001109	+0.0002285	+0.0003433	+0.0004590	+0.0005741	+0.0006845	+0.0007932	+0.0009036	+0.0010051	+0.0011002	+0.0011878	+0.0012711	+0.0013504	+0.0014224	+0.0014870	+0.0015518	+0.0016170
2014-11	0.079	-0.0005544	-0.0004327	-0.0003234	-0.0002026	-0.0000801	+0.0000400	+0.0001539	+0.0002710	+0.0003873	+0.0005047	+0.0006210	+0.0007337	+0.0008398	+0.0009344	+0.0010227	+0.0011061	+0.0011783	+0.0012462	+0.0013104	+0.0013718	+0.0014315
2014-12	0.000	-0.0005201	-0.0003785	-0.0002275	-0.0000864	+0.0000637	+0.0002137	+0.0003562	+0.0004904	+0.0006294	+0.0007716	+0.0009120	+0.0010520	+0.0011847	+0.0013150	+0.0014342	+0.0015474	+0.0016555	+0.0017577	+0.0018523	+0.0019380	+0.0020221
2015-01	-0.017	-0.0007368	-0.0005998	-0.0004564	-0.0002883	-0.0000940	+0.0000949	+0.0002638	+0.0004184	+0.0005635	+0.0007052	+0.0008474	+0.0009950	+0.0011383	+0.0012753	+0.0014049	+0.0015218	+0.0016333	+0.0017395	+0.0018306	+0.0019054	+0.0019868
2015-02	0.002	-0.0005900	-0.0004660	-0.0003423	-0.0002147	-0.0000894	+0.0000459	+0.0001804	+0.0003218	+0.0004628	+0.0006077	+0.0007516	+0.0008937	+0.0010354	+0.0011701	+0.0012962	+0.0014177	+0.0015381	+0.0016485	+0.0017520	+0.0018474	+0.0019395
