2012-05	-0.132	-0.0023464	-0.0022052	-0.0020480	-0.0018675	-0.0016645	-0.0014356	-0.0011864	-0.0009418	-0.0006776	-0.0003929	-0.0001074	+0.0001791	+0.0004510	+0.0007016	+0.0009429	+0.0011516	+0.0013627	+0.0015573	+0.0017175	+0.0018708	+0.0020117
2012-06	-0.002	-0.0028143	-0.0026419	-0.0024655	-0.0022830	-0.0020824	-0.0018682	-0.0016358	-0.0013884	-0.0011209	-0.0008323	-0.0005414	-0.0002484	+0.0000318	+0.0002977	+0.0005382	+0.0007570	+0.0009670	+0.0011628	+0.0013326	+0.0014979	+0.0016586
2012-07	0.049	-0.0028194	-0.0026392	-0.0024457	-0.0022478	-0.0020317	-0.0017905	-0.0015375	-0.0012739	-0.0009931	-0.0007057	-0.0004116	-0.0001182	+0.0001608	+0.0004365	+0.0006890	+0.0009307	+0.0011496	+0.0013649	+0.0015502	+0.0017276	+0.0018831
2012-08	0.021	-0.0028814	-0.0027125	-0.0025301	-0.0023278	-0.0021153	-0.0018968	-0.0016643	-0.0014128	-0.0011455	-0.0008670	-0.0005844	-0.0003044	-0.0000211	+0.0002469	+0.0004921	+0.0007308	+0.0009415	+0.0011398	+0.0013178	+0.0014910	+0.0016489
2012-09	0.032	-0.0027236	-0.0025240	-0.0023090	-0.0021060	-0.0018855	-0.0016500	-0.0013987	-0.0011362	-0.0008641	-0.0005841	-0.0002977	-0.0000084	+0.0002757	+0.0005379	+0.0007792	+0.0009962	+0.0012005	+0.0013888	+0.0015827	+0.0017602	+0.0019292
2012-10	0.027	-0.0024879	-0.0022953	-0.0020819	-0.0018649	-0.0016467	-0.0014131	-0.0011712	-0.0009125	-0.0006338	-0.0003429	-0.0000544	+0.0002337	+0.0005065	+0.0007660	+0.0010065	+0.0012212	+0.0014219	+0.0015983	+0.0017756	+0.0019252	+0.0020499
2012-11	0.051	-0.0024634	-0.0022741	-0.0020836	-0.0018854	-0.0016658	-0.0014215	-0.0011715	-0.0009077	-0.0006302	-0.0003418	-0.0000537	+0.0002322	+0.0005068	+0.0007632	+0.0010055	+0.0012248	+0.0014213	+0.0016044	+0.0017862	+0.0019566	+0.0021139
2012-12	0.084	-0.0016636	-0.0014772	-0.0012816	-0.0010887	-0.0009020	-0.0006952	-0.0004822	-0.0002572	-0.0000211	+0.0002364	+0.0004920	+0.0007421	+0.0009859	+0.0012242	+0.0014364	+0.0016310	+0.0018067	+0.0019642	+0.0020939	+0.0022243	+0.0023431
2013-01	0.116	-0.0011402	-0.0009654	-0.0008023	-0.0006295	-0.0004342	-0.0002321	-0.0000095	+0.0002184	+0.0004515	+0.0007001	+0.0009610	+0.0012178	+0.0014616	+0.0016850	+0.0018899	+0.0020711	+0.0022444	+0.0024094	+0.0025609	+0.0027021	+0.0028171
2013-02	0.001	-0.0010253	-0.0008513	-0.0006533	-0.0004480	-0.0002371	+0.0000001	+0.0002446	+0.0005023	+0.0007727	+0.0010470	+0.0013116	+0.0015707	+0.0018200	+0.0020500	+0.0022621	+0.0024577	+0.0026426	+0.0028082	+0.0029708	+0.0031135	+0.0032545
2013-03	0.017	-0.0010146	-0.0008188	-0.0006129	-0.0003858	-0.0001562	+0.0000969	+0.0003510	+0.0006010	+0.0008592	+0.0011230	+0.0013748	+0.0016284	+0.0018630	+0.0020870	+0.0022871	+0.0024669	+0.0026351	+0.0027915	+0.0029289	+0.0030624	+0.0031777
2013-04	0.067	-0.0009869	-0.0007234	-0.0004934	-0.0002587	-0.0000141	+0.0002258	+0.0004614	+0.0007103	+0.0009726	+0.0012271	+0.0014843	+0.0017270	+0.0019610	+0.0021773	+0.0023829	+0.0025733	+0.0027479	+0.0029086	+0.0030449	+0.0031864	+0.0033229
2013-05	0.085	-0.0010865	-0.0008397	-0.0005937	-0.0003449	-0.0000885	+0.0001852	+0.0004586	+0.0007207	+0.0009778	+0.0012367	+0.0014898	+0.0017361	+0.0019773	+0.0021917	+0.0023880	+0.0025754	+0.0027489	+0.0028963	+0.0030285	+0.0031562	+0.0032668
2013-06	-0.062	-0.0010632	-0.0008548	-0.0005729	-0.0002798	-0.0000031	+0.0002575	+0.0005165	+0.0007699	+0.0010279	+0.0012925	+0.0015525	+0.0018051	+0.0020441	+0.0022663	+0.0024681	+0.0026448	+0.0028120	+0.0029732	+0.0031122	+0.0032462	+0.0033614
2013-07	0.053	-0.0012401	-0.0010401	-0.0008422	-0.0006329	-0.0004240	-0.0002114	+0.0000170	+0.0002612	+0.0005127	+0.0007746	+0.0010350	+0.0012967	+0.0015360	+0.0017571	+0.0019651	+0.0021603	+0.0023408	+0.0025096	+0.0026581	+0.0027863	+0.0028951
2013-08	-0.010	-0.0008805	-0.0007078	-0.0005056	-0.0003089	-0.0001119	+0.0001175	+0.0003473	+0.0005910	+0.0008417	+0.0010994	+0.0013540	+0.0015972	+0.0018267	+0.0020459	+0.0022500	+0.0024359	+0.0026098	+0.0027692	+0.0029161	+0.0030556	+0.0031712
2013-09	0.045	-0.0007140	-0.0004742	-0.0002495	-0.0000196	+0.0002196	+0.0004594	+0.0006986	+0.0009290	+0.0011585	+0.0013875	+0.0016177	+0.0018350	+0.0020466	+0.0022427	+0.0024269	+0.0025958	+0.0027546	+0.0029019	+0.0030404	+0.0031599	+0.0032689
2013-10	0.032	-0.0007959	-0.0005756	-0.0003120	-0.0000218	+0.0003431	+0.0007163	+0.0010002	+0.0012381	+0.0014666	+0.0016823	+0.0018961	+0.0021067	+0.0023105	+0.0024961	+0.0026654	+0.0028257	+0.0029711	+0.0031026	+0.0032278	+0.0033493	+0.0034582
2013-11	0.039	-0.0005767	-0.0003071	-0.0000921	+0.0001620	+0.0004561	+0.0007358	+0.0009868	+0.0012067	+0.0014235	+0.0016387	+0.0018521	+0.0020617	+0.0022608	+0.0024521	+0.0026230	+0.0027803	+0.0029338	+0.0030683	+0.0032029	+0.0033350	+0.0034545
2013-12	0.044	-0.0008008	-0.0005961	-0.0003435	-0.0000493	+0.0002722	+0.0006248	+0.0009033	+0.0011535	+0.0013784	+0.0015960	+0.0018046	+0.0020075	+0.0022035	+0.0023870	+0.0025531	+0.0027102	+0.0028577	+0.0030009	+0.0031313	+0.0032565	+0.0033820
2014-01	-0.054	-0.0007930	-0.0005777	-0.0003617	-0.0000763	+0.0002805	+0.0006403	+0.0009282	+0.0011753	+0.0014013	+0.0016146	+0.0018209	+0.0020154	+0.0022056	+0.0023870	+0.0025584	+0.0027252	+0.0028774	+0.0030154	+0.0031440	+0.0032618	+0.0033729
2014-02	0.022	-0.0009857	-0.0007520	-0.0005015	-0.0002017	+0.0002056	+0.0006026	+0.0009121	+0.0011568	+0.0013802	+0.0015999	+0.0018127	+0.0020124	+0.0022025	+0.0023872	+0.0025518	+0.0027061	+0.0028450	+0.0029735	+0.0030925	+0.0032026	+0.0033025
2014-03	0.003	-0.0007577	-0.0004703	-0.0002140	+0.0000655	+0.0003245	+0.0005831	+0.0008248	+0.0010562	+0.0012817	+0.0015097	+0.0017318	+0.0019482	+0.0021608	+0.0023580	+0.0025469	+0.0027147	+0.0028668	+0.0030047	+0.0031355	+0.0032468	+0.0033436
2014-04	0.010	-0.0011015	-0.0008629	-0.0006034	-0.0003248	-0.0000325	+0.0002680	+0.0005585	+0.0008115	+0.0010469	+0.0012756	+0.0014980	+0.0017071	+0.0019047	+0.0020906	+0.0022677	+0.0024405	+0.0025972	+0.0027394	+0.0028699	+0.0029979	+0.0031247
2014-05	0.007	-0.0008918	-0.0006845	-0.0004910	-0.0002873	-0.0000833	+0.0001224	+0.0003200	+0.0005146	+0.0007101	+0.0009058	+0.0011035	+0.0012989	+0.0014817	+0.0016497	+0.0018060	+0.0019501	+0.0020821	+0.0022030	+0.0023109	+0.0024109	+0.0025109
2014-06	-0.002	-0.0007970	-0.0006397	-0.0004990	-0.0003471	-0.0001827	-0.0000139	+0.0001587	+0.0003349	+0.0005135	+0.0006936	+0.0008803	+0.0010651	+0.0012445	+0.0014150	+0.0015703	+0.0017218	+0.0018590	+0.0019844	+0.0021030	+0.0022154	+0.0023218
2014-07	-0.001	-0.0009234	-0.0007650	-0.0005759	-0.0004087	-0.0002301	-0.0000464	+0.0001316	+0.0003120	+0.0004906	+0.0006681	+0.0008455	+0.0010224	+0.0011967	+0.0013631	+0.0015141	+0.0016549	+0.0017868	+0.0019112	+0.0020238	+0.0021325	+0.0022480
2014-08	0.010	-0.0008312	-0.0006603	-0.0005103	-0.0003649	-0.0002180	-0.0000625	+0.0000987	+0.0002748	+0.0004520	+0.0006349	+0.0008143	+0.0009884	+0.0011565	+0.0013212	+0.0014749	+0.0016220	+0.0017639	+0.0018973	+0.0020187	+0.0021372	+0.0022567
2014-09	0.008	-0.0008611	-0.0007469	-0.0006368	-0.0005229	-0.0004124	-0.0002894	-0.0001556	-0.0000121	+0.0001354	+0.0002925	+0.0004490	+0.0006039	+0.0007523	+0.0008941	+0.0010224	+0.0011408	+0.0012502	+0.0013518	+0.0014480	+0.0015328	+0.0016089
2014-10	-0.018	-0.0004995	-0.0004050	-0.0003137	-0.0002052	-0.0000928	+0.0000233	+0.0001441	+0.0002743	+0.0004078	+0.0005409	+0.0006794	+0.0008127	+0.0009406	+0.0010640	+0.0011821	+0.0012940	+0.0013940	+0.0014873	+0.0015740	+0.0016560	+0.0017359
2014-11	0.113	-0.0009099	-0.0007951	-0.0006782	-0.0005565	-0.0004372	-0.0003220	-0.0001924	-0.0000597	+0.0000831	+0.0002335	+0.0003829	+0.0005219	+0.0006557	+0.0007763	+0.0008885	+0.0009942	+0.0010896	+0.0011732	+0.0012471	+0.0013198	+0.0013853
2014-12	0.016	-0.0007964	-0.0006679	-0.0005418	-0.0004092	-0.0002763	-0.0001378	+0.0000049	+0.0001577	+0.0003200	+0.0004951	+0.0006715	+0.0008449	+0.0010110	+0.0011738	+0.0013285	+0.0014706	+0.0015976	+0.0017215	+0.0018354	+0.0019421	+0.0020501
2015-01	-0.061	-0.0009481	-0.0008022	-0.0006569	-0.0004997	-0.0003393	-0.0001690	-0.0000045	+0.0001669	+0.0003468	+0.0005284	+0.0007074	+0.0008915	+0.0010700	+0.0012422	+0.0013977	+0.0015490	+0.0016892	+0.0018188	+0.0019290	+0.0020411	+0.0021399
2015-02	0.015	-0.0009413	-0.0008286	-0.0007154	-0.0005865	-0.0004531	-0.0003099	-0.0001568	+0.0000077	+0.0001740	+0.0003506	+0.0005319	+0.0007197	+0.0009048	+0.0010794	+0.0012445	+0.0013973	+0.0015386	+0.0016732	+0.0018089	+0.0019319	+0.0020408
