2012-05	-0.095	-0.0019057	-0.0017789	-0.0016444	-0.0015021	-0.0013317	-0.0011601	-0.0009820	-0.0007941	-0.0005976	-0.0003910	-0.0001851	+0.0000184	+0.0002105	+0.0003857	+0.0005556	+0.0007071	+0.0008432	+0.0009749	+0.0011009	+0.0012106	+0.0013046
2012-06	0.052	-0.0023102	-0.0021470	-0.0020041	-0.0018518	-0.0016959	-0.0015245	-0.0013482	-0.0011482	-0.0009408	-0.0007261	-0.0005130	-0.0003020	-0.0001002	+0.0000894	+0.0002625	+0.0004241	+0.0005776	+0.0007170	+0.0008341	+0.0009402	+0.0010478
2012-07	-0.032	-0.0018723	-0.0017676	-0.0016523	-0.0015156	-0.0013643	-0.0012054	-0.0010309	-0.0008475	-0.0006551	-0.0004577	-0.0002560	-0.0000609	+0.0001306	+0.0003114	+0.0004840	+0.0006417	+0.0007875	+0.0009177	+0.0010401	+0.0011497	+0.0012596
2012-08	-0.009	-0.0016741	-0.0015601	-0.0014338	-0.0013103	-0.0011803	-0.0010317	-0.0008803	-0.0007093	-0.0005250	-0.0003402	-0.0001535	+0.0000329	+0.0002148	+0.0003868	+0.0005484	+0.0006940	+0.0008276	+0.0009504	+0.0010682	+0.0011695	+0.0012639
2012-09	0.013	-0.0016753	-0.0015515	-0.0014229	-0.0012829	-0.0011319	-0.0009746	-0.0008026	-0.0006257	-0.0004399	-0.0002542	-0.0000665	+0.0001229	+0.0003009	+0.0004690	+0.0006271	+0.0007747	+0.0009028	+0.0010216	+0.0011373	+0.0012451	+0.0013334
2012-10	0.006	-0.0015807	-0.0014720	-0.0013537	-0.0012161	-0.0010811	-0.0009367	-0.0007836	-0.0006167	-0.0004406	-0.0002550	-0.0000665	+0.0001200	+0.0003024	+0.0004691	+0.0006210	+0.0007652	+0.0009004	+0.0010171	+0.0011313	+0.0012354	+0.0013277
2012-11	0.042	-0.0017913	-0.0016830	-0.0015555	-0.0014102	-0.0012591	-0.0011077	-0.0009474	-0.0007834	-0.0006052	-0.0004229	-0.0002373	-0.0000535	+0.0001207	+0.0002836	+0.0004433	+0.0005837	+0.0007199	+0.0008404	+0.0009563	+0.0010559	+0.0011472
2012-12	0.075	-0.0013732	-0.0012602	-0.0011312	-0.0010015	-0.0008602	-0.0007197	-0.0005743	-0.0004160	-0.0002520	-0.0000846	+0.0000858	+0.0002565	+0.0004205	+0.0005754	+0.0007212	+0.0008467	+0.0009573	+0.0010655	+0.0011606	+0.0012533	+0.0013466
2013-01	0.112	-0.0010618	-0.0009395	-0.0008166	-0.0006897	-0.0005651	-0.0004326	-0.0002844	-0.0001309	+0.0000320	+0.0002035	+0.0003834	+0.0005609	+0.0007321	+0.0008946	+0.0010454	+0.0011829	+0.0013048	+0.0014173	+0.0015299	+0.0016285	+0.0017278
2013-02	0.031	-0.0008713	-0.0007638	-0.0006468	-0.0005162	-0.0003813	-0.0002272	-0.0000581	+0.0001191	+0.0003087	+0.0005069	+0.0007062	+0.0009039	+0.0010866	+0.0012654	+0.0014361	+0.0015985	+0.0017523	+0.0018918	+0.0020210	+0.0021333	+0.0022528
2013-03	0.080	-0.0009327	-0.0007653	-0.0005999	-0.0004116	-0.0002194	-0.0000216	+0.0001773	+0.0003774	+0.0005847	+0.0007970	+0.0010100	+0.0012140	+0.0014084	+0.0015970	+0.0017710	+0.0019321	+0.0020790	+0.0022116	+0.0023322	+0.0024468	+0.0025805
2013-04	0.120	-0.0008460	-0.0006504	-0.0004178	-0.0002158	-0.0000199	+0.0001838	+0.0003970	+0.0006094	+0.0008248	+0.0010416	+0.0012614	+0.0014765	+0.0016774	+0.0018676	+0.0020422	+0.0022094	+0.0023639	+0.0025032	+0.0026290	+0.0027514	+0.0028705
2013-05	-0.039	-0.0009908	-0.0007138	-0.0004562	-0.0002045	+0.0000547	+0.0003187	+0.0005798	+0.0008426	+0.0010911	+0.0013269	+0.0015577	+0.0017841	+0.0020008	+0.0022032	+0.0023953	+0.0025754	+0.0027334	+0.0028870	+0.0030184	+0.0031373	+0.0032531
2013-06	-0.000	-0.0010080	-0.0007331	-0.0004928	-0.0002264	+0.0000441	+0.0003197	+0.0005729	+0.0008151	+0.0010532	+0.0012924	+0.0015321	+0.0017727	+0.0020018	+0.0022120	+0.0024065	+0.0025863	+0.0027550	+0.0029089	+0.0030436	+0.0031683	+0.0032897
2013-07	-0.007	-0.0012310	-0.0010389	-0.0008590	-0.0006622	-0.0004627	-0.0002412	-0.0000101	+0.0002224	+0.0004779	+0.0007409	+0.0010033	+0.0012637	+0.0015100	+0.0017412	+0.0019483	+0.0021434	+0.0023215	+0.0024811	+0.0026427	+0.0027657	+0.0029093
2013-08	-0.033	-0.0011277	-0.0008972	-0.0006933	-0.0004734	-0.0002482	-0.0000217	+0.0002197	+0.0004665	+0.0007213	+0.0009950	+0.0012596	+0.0015229	+0.0017809	+0.0020197	+0.0022344	+0.0024328	+0.0026096	+0.0027714	+0.0029232	+0.0030652	+0.0031822
2013-09	0.072	-0.0009901	-0.0007745	-0.0005700	-0.0003513	-0.0001304	+0.0000987	+0.0003339	+0.0005729	+0.0008215	+0.0010712	+0.0013214	+0.0015649	+0.0017975	+0.0020166	+0.0022211	+0.0024077	+0.0025866	+0.0027451	+0.0028897	+0.0030241	+0.0031378
2013-10	0.012	-0.0009384	-0.0006902	-0.0004694	-0.0002343	+0.0000214	+0.0002795	+0.0005387	+0.0007991	+0.0010511	+0.0013087	+0.0015595	+0.0018099	+0.0020486	+0.0022795	+0.0024868	+0.0026668	+0.0028354	+0.0029909	+0.0031301	+0.0032593	+0.0033755
2013-11	0.043	-0.0009243	-0.0006986	-0.0004634	-0.0002372	+0.0000139	+0.0002530	+0.0004933	+0.0007383	+0.0009901	+0.0012401	+0.0014967	+0.0017435	+0.0019775	+0.0022017	+0.0024020	+0.0025887	+0.0027548	+0.0029028	+0.0030440	+0.0031694	+0.0032761
2013-12	0.029	-0.0009987	-0.0007503	-0.0004945	-0.0002422	+0.0000364	+0.0003297	+0.0006101	+0.0008665	+0.0011207	+0.0013772	+0.0016304	+0.0018630	+0.0020897	+0.0023045	+0.0025099	+0.0026936	+0.0028550	+0.0029979	+0.0031308	+0.0032602	+0.0033770
2014-01	-0.057	-0.0010508	-0.0007560	-0.0004948	-0.0002040	+0.0000843	+0.0003714	+0.0006577	+0.0009275	+0.0012023	+0.0014581	+0.0017099	+0.0019489	+0.0021786	+0.0023912	+0.0025858	+0.0027700	+0.0029411	+0.0030821	+0.0032198	+0.0033402	+0.0034536
2014-02	-0.009	-0.0011209	-0.0008247	-0.0005186	-0.0002106	+0.0001145	+0.0004319	+0.0007235	+0.0010020	+0.0012700	+0.0015290	+0.0017803	+0.0020216	+0.0022421	+0.0024533	+0.0026496	+0.0028281	+0.0029916	+0.0031376	+0.0032652	+0.0033889	+0.0035002
2014-03	-0.002	-0.0010095	-0.0007569	-0.0004850	-0.0002476	+0.0000205	+0.0002541	+0.0005043	+0.0007671	+0.0010340	+0.0013047	+0.0015750	+0.0018406	+0.0020859	+0.0023122	+0.0025157	+0.0026998	+0.0028727	+0.0030291	+0.0031819	+0.0033208	+0.0034465
2014-04	-0.021	-0.0013083	-0.0010833	-0.0008338	-0.0005860	-0.0003336	-0.0000596	+0.0002162	+0.0004910	+0.0007636	+0.0010350	+0.0013031	+0.0015589	+0.0017991	+0.0020280	+0.0022317	+0.0024239	+0.0026061	+0.0027745	+0.0029193	+0.0030481	+0.0031713
2014-05	0.031	-0.0012505	-0.0010680	-0.0009017	-0.0007201	-0.0005270	-0.0003196	-0.0000908	+0.0001512	+0.0004002	+0.0006523	+0.0008958	+0.0011291	+0.0013567	+0.0015723	+0.0017692	+0.0019518	+0.0021276	+0.0022855	+0.0024272	+0.0025638	+0.0026951
2014-06	0.049	-0.0012313	-0.0010834	-0.0009352	-0.0007748	-0.0006019	-0.0004189	-0.0002109	+0.0000135	+0.0002408	+0.0004764	+0.0007081	+0.0009347	+0.0011541	+0.0013646	+0.0015642	+0.0017535	+0.0019303	+0.0020886	+0.0022314	+0.0023624	+0.0024627
2014-07	0.014	-0.0012802	-0.0011154	-0.0009619	-0.0008026	-0.0006193	-0.0004289	-0.0002275	-0.0000224	+0.0001945	+0.0004136	+0.0006439	+0.0008649	+0.0010798	+0.0012837	+0.0014762	+0.0016558	+0.0018241	+0.0019758	+0.0021230	+0.0022766	+0.0024271
2014-08	0.003	-0.0013308	-0.0011891	-0.0010453	-0.0008850	-0.0007219	-0.0005437	-0.0003578	-0.0001661	+0.0000380	+0.0002454	+0.0004593	+0.0006706	+0.0008839	+0.0010852	+0.0012704	+0.0014445	+0.0016029	+0.0017479	+0.0018759	+0.0020136	+0.0021346
2014-09	0.033	-0.0014513	-0.0013476	-0.0012063	-0.0010614	-0.0009064	-0.0007428	-0.0005643	-0.0003795	-0.0001952	-0.0000090	+0.0001760	+0.0003621	+0.0005393	+0.0007072	+0.0008671	+0.0010196	+0.0011540	+0.0012757	+0.0013895	+0.0014924	+0.0015815
2014-10	-0.003	-0.0007485	-0.0006442	-0.0005422	-0.0004260	-0.0003084	-0.0001716	-0.0000319	+0.0001182	+0.0002761	+0.0004391	+0.0006022	+0.0007618	+0.0009198	+0.0010734	+0.0012174	+0.0013453	+0.0014626	+0.0015770	+0.0016838	+0.0017892	+0.0018859
2014-11	0.038	-0.0011292	-0.0010234	-0.0009080	-0.0007884	-0.0006587	-0.0005218	-0.0003845	-0.0002413	-0.0000918	+0.0000614	+0.0002210	+0.0003782	+0.0005255	+0.0006623	+0.0007852	+0.0009021	+0.0010096	+0.0011104	+0.0012068	+0.0012998	+0.0013852
2014-12	0.003	-0.0008247	-0.0007159	-0.0005973	-0.0004678	-0.0003363	-0.0002004	-0.0000536	+0.0000993	+0.0002602	+0.0004236	+0.0005948	+0.0007619	+0.0009227	+0.0010822	+0.0012224	+0.0013543	+0.0014738	+0.0015864	+0.0016858	+0.0017721	+0.0018605
2015-01	-0.002	-0.0009196	-0.0007963	-0.0006723	-0.0005349	-0.0003839	-0.0002351	-0.0000822	+0.0000829	+0.0002493	+0.0004185	+0.0005839	+0.0007460	+0.0009008	+0.0010488	+0.0011899	+0.0013202	+0.0014362	+0.0015416	+0.0016406	+0.0017329	+0.0018258
2015-02	0.002	-0.0008445	-0.0007343	-0.0006220	-0.0005110	-0.0003880	-0.0002600	-0.0001161	+0.0000357	+0.0001935	+0.0003572	+0.0005195	+0.0006797	+0.0008390	+0.0009817	+0.0011217	+0.0012483	+0.0013554	+0.0014642	+0.0015658	+0.0016614	+0.0017425
