2012-05	-0.071	-0.0018155	-0.0016529	-0.0014852	-0.0013104	-0.0011229	-0.0009381	-0.0007449	-0.0005416	-0.0003225	-0.0001068	+0.0001120	+0.0003253	+0.0005280	+0.0007277	+0.0009046	+0.0010677	+0.0012189	+0.0013566	+0.0014863	+0.0016077	+0.0017240
2012-06	-0.007	-0.0020527	-0.0018971	-0.0017274	-0.0015595	-0.0013869	-0.0011984	-0.0010062	-0.0007886	-0.0005745	-0.0003523	-0.0001305	+0.0000910	+0.0003050	+0.0005105	+0.0006972	+0.0008722	+0.0010317	+0.0011809	+0.0013291	+0.0014789	+0.0016183
2012-07	0.038	-0.0020046	-0.0018710	-0.0017259	-0.0015576	-0.0013819	-0.0012003	-0.0010063	-0.0008052	-0.0005864	-0.0003589	-0.0001249	+0.0001020	+0.0003182	+0.0005201	+0.0007100	+0.0008873	+0.0010487	+0.0012012	+0.0013445	+0.0014961	+0.0016445
2012-08	0.011	-0.0020756	-0.0019589	-0.0018166	-0.0016751	-0.0015072	-0.0013313	-0.0011487	-0.0009596	-0.0007529	-0.0005389	-0.0003284	-0.0001157	+0.0000885	+0.0002747	+0.0004489	+0.0006130	+0.0007628	+0.0008949	+0.0010203	+0.0011430	+0.0012477
2012-09	0.010	-0.0018973	-0.0017670	-0.0016130	-0.0014531	-0.0012874	-0.0011167	-0.0009387	-0.0007479	-0.0005505	-0.0003457	-0.0001439	+0.0000565	+0.0002545	+0.0004354	+0.0005978	+0.0007508	+0.0008872	+0.0010144	+0.0011329	+0.0012403	+0.0013500
2012-10	0.029	-0.0019749	-0.0018131	-0.0016710	-0.0015220	-0.0013582	-0.0011868	-0.0010035	-0.0008083	-0.0006035	-0.0003964	-0.0001890	+0.0000155	+0.0002083	+0.0003851	+0.0005509	+0.0007067	+0.0008497	+0.0009849	+0.0011097	+0.0012269	+0.0013238
2012-11	0.005	-0.0020173	-0.0018595	-0.0017019	-0.0015334	-0.0013590	-0.0011852	-0.0009961	-0.0008018	-0.0006090	-0.0004033	-0.0001950	+0.0000071	+0.0002041	+0.0003875	+0.0005549	+0.0007148	+0.0008610	+0.0009840	+0.0010954	+0.0012156	+0.0013344
2012-12	0.058	-0.0018145	-0.0016684	-0.0015225	-0.0013696	-0.0012129	-0.0010408	-0.0008549	-0.0006499	-0.0004455	-0.0002389	-0.0000353	+0.0001574	+0.0003435	+0.0005154	+0.0006793	+0.0008279	+0.0009649	+0.0010852	+0.0011904	+0.0012900	+0.0013786
2013-01	0.057	-0.0014476	-0.0013005	-0.0011613	-0.0010087	-0.0008451	-0.0006886	-0.0005161	-0.0003320	-0.0001412	+0.0000501	+0.0002431	+0.0004365	+0.0006179	+0.0007806	+0.0009281	+0.0010660	+0.0011831	+0.0012930	+0.0013922	+0.0014855	+0.0015767
2013-02	0.009	-0.0007604	-0.0006521	-0.0005331	-0.0004010	-0.0002741	-0.0001326	+0.0000169	+0.0001664	+0.0003257	+0.0004918	+0.0006652	+0.0008319	+0.0009950	+0.0011410	+0.0012796	+0.0014086	+0.0015291	+0.0016413	+0.0017464	+0.0018354	+0.0019201
2013-03	0.005	-0.0007219	-0.0006166	-0.0004935	-0.0003789	-0.0002544	-0.0001200	+0.0000239	+0.0001756	+0.0003263	+0.0004845	+0.0006403	+0.0007942	+0.0009444	+0.0010908	+0.0012262	+0.0013529	+0.0014648	+0.0015599	+0.0016517	+0.0017463	+0.0018344
2013-04	0.047	-0.0006965	-0.0005400	-0.0004093	-0.0002839	-0.0001495	-0.0000144	+0.0001322	+0.0002822	+0.0004367	+0.0005942	+0.0007542	+0.0009096	+0.0010557	+0.0011941	+0.0013200	+0.0014368	+0.0015448	+0.0016510	+0.0017420	+0.0018263	+0.0019201
2013-05	-0.032	-0.0007255	-0.0005730	-0.0004373	-0.0003034	-0.0001576	-0.0000010	+0.0001612	+0.0003214	+0.0004792	+0.0006420	+0.0008021	+0.0009584	+0.0011056	+0.0012422	+0.0013664	+0.0014825	+0.0015961	+0.0017064	+0.0018063	+0.0018964	+0.0019796
2013-06	-0.069	-0.0007103	-0.0005699	-0.0004548	-0.0003394	-0.0002175	-0.0000895	+0.0000434	+0.0001850	+0.0003316	+0.0004763	+0.0006239	+0.0007656	+0.0009017	+0.0010330	+0.0011531	+0.0012638	+0.0013702	+0.0014660	+0.0015497	+0.0016257	+0.0016948
2013-07	-0.013	-0.0013519	-0.0012195	-0.0010932	-0.0009594	-0.0008180	-0.0006753	-0.0005230	-0.0003686	-0.0002073	-0.0000336	+0.0001374	+0.0003072	+0.0004680	+0.0006174	+0.0007518	+0.0008768	+0.0009905	+0.0010936	+0.0011891	+0.0012729	+0.0013344
2013-08	-0.031	-0.0012211	-0.0011108	-0.0009899	-0.0008667	-0.0007388	-0.0006005	-0.0004464	-0.0002871	-0.0001146	+0.0000644	+0.0002454	+0.0004169	+0.0005793	+0.0007268	+0.0008634	+0.0009901	+0.0011023	+0.0012039	+0.0012972	+0.0013885	+0.0014693
2013-09	0.041	-0.0010364	-0.0009339	-0.0008219	-0.0007118	-0.0005918	-0.0004602	-0.0003166	-0.0001697	-0.0000188	+0.0001419	+0.0003028	+0.0004609	+0.0006147	+0.0007528	+0.0008786	+0.0009918	+0.0011026	+0.0011973	+0.0012909	+0.0013727	+0.0014652
2013-10	0.034	-0.0009222	-0.0008107	-0.0006903	-0.0005642	-0.0004199	-0.0002807	-0.0001319	+0.0000224	+0.0001844	+0.0003475	+0.0005130	+0.0006731	+0.0008251	+0.0009723	+0.0011011	+0.0012187	+0.0013234	+0.0014195	+0.0015107	+0.0015986	+0.0016873
2013-11	-0.016	-0.0009395	-0.0008145	-0.0006916	-0.0005740	-0.0004439	-0.0003031	-0.0001541	+0.0000040	+0.0001694	+0.0003362	+0.0005044	+0.0006613	+0.0008196	+0.0009660	+0.0011033	+0.0012248	+0.0013467	+0.0014477	+0.0015323	+0.0016111	+0.0016804
2013-12	0.012	-0.0010845	-0.0009488	-0.0008260	-0.0006965	-0.0005601	-0.0004164	-0.0002654	-0.0000988	+0.0000658	+0.0002302	+0.0003993	+0.0005678	+0.0007251	+0.0008703	+0.0010060	+0.0011336	+0.0012547	+0.0013531	+0.0014510	+0.0015345	+0.0016156
2014-01	-0.025	-0.0010826	-0.0009488	-0.0008155	-0.0006861	-0.0005467	-0.0003906	-0.0002367	-0.0000794	+0.0000828	+0.0002541	+0.0004257	+0.0005893	+0.0007482	+0.0008936	+0.0010285	+0.0011507	+0.0012580	+0.0013518	+0.0014447	+0.0015327	+0.0016125
2014-02	0.028	-0.0011153	-0.0010062	-0.0008840	-0.0007640	-0.0006269	-0.0004847	-0.0003298	-0.0001643	+0.0000020	+0.0001711	+0.0003447	+0.0005150	+0.0006773	+0.0008325	+0.0009651	+0.0010836	+0.0011893	+0.0012865	+0.0013759	+0.0014603	+0.0015398
2014-03	0.032	-0.0011626	-0.0010478	-0.0009229	-0.0007908	-0.0006496	-0.0004934	-0.0003429	-0.0001852	-0.0000252	+0.0001441	+0.0003131	+0.0004853	+0.0006489	+0.0007978	+0.0009403	+0.0010761	+0.0011960	+0.0013106	+0.0014127	+0.0015130	+0.0016008
2014-04	0.016	-0.0011472	-0.0010321	-0.0009019	-0.0007727	-0.0006340	-0.0004854	-0.0003405	-0.0001843	-0.0000188	+0.0001529	+0.0003246	+0.0004955	+0.0006582	+0.0008112	+0.0009485	+0.0010746	+0.0011819	+0.0012882	+0.0013935	+0.0014864	+0.0015664
2014-05	0.014	-0.0011752	-0.0010710	-0.0009589	-0.0008332	-0.0007100	-0.0005793	-0.0004360	-0.0002824	-0.0001220	+0.0000471	+0.0002134	+0.0003753	+0.0005258	+0.0006674	+0.0007935	+0.0009119	+0.0010153	+0.0011104	+0.0011958	+0.0012800	+0.0013615
2014-06	0.013	-0.0012286	-0.0011357	-0.0010264	-0.0009073	-0.0007777	-0.0006470	-0.0005098	-0.0003614	-0.0002065	-0.0000491	+0.0001048	+0.0002542	+0.0003980	+0.0005277	+0.0006514	+0.0007677	+0.0008722	+0.0009663	+0.0010526	+0.0011267	+0.0012003
2014-07	0.004	-0.0012430	-0.0011562	-0.0010459	-0.0009269	-0.0008130	-0.0006890	-0.0005511	-0.0003995	-0.0002429	-0.0000834	+0.0000711	+0.0002238	+0.0003705	+0.0005084	+0.0006333	+0.0007495	+0.0008594	+0.0009583	+0.0010463	+0.0011137	+0.0011812
2014-08	0.011	-0.0012869	-0.0011824	-0.0010514	-0.0009268	-0.0008059	-0.0006720	-0.0005343	-0.0003907	-0.0002371	-0.0000828	+0.0000697	+0.0002200	+0.0003598	+0.0004884	+0.0006091	+0.0007191	+0.0008140	+0.0009016	+0.0009839	+0.0010570	+0.0011280
2014-09	-0.021	-0.0013222	-0.0012133	-0.0011024	-0.0009890	-0.0008673	-0.0007328	-0.0005925	-0.0004481	-0.0003015	-0.0001525	-0.0000040	+0.0001379	+0.0002704	+0.0003943	+0.0005082	+0.0006081	+0.0007072	+0.0007920	+0.0008737	+0.0009414	+0.0010114
2014-10	0.015	-0.0005815	-0.0005112	-0.0004388	-0.0003713	-0.0002868	-0.0002019	-0.0001056	-0.0000017	+0.0001043	+0.0002141	+0.0003253	+0.0004333	+0.0005381	+0.0006376	+0.0007301	+0.0008173	+0.0008971	+0.0009687	+0.0010411	+0.0011049	+0.0011743
2014-11	0.021	-0.0005596	-0.0004943	-0.0004142	-0.0003400	-0.0002598	-0.0001774	-0.0000906	+0.0000026	+0.0000993	+0.0002016	+0.0003068	+0.0004112	+0.0005106	+0.0006079	+0.0006974	+0.0007776	+0.0008511	+0.0009169	+0.0009844	+0.0010374	+0.0010945
2014-12	-0.028	-0.0004037	-0.0003154	-0.0002405	-0.0001647	-0.0000830	+0.0000049	+0.0000953	+0.0001854	+0.0002822	+0.0003854	+0.0004859	+0.0005823	+0.0006752	+0.0007644	+0.0008460	+0.0009220	+0.0009932	+0.0010567	+0.0011148	+0.0011696	+0.0012238
2015-01	0.010	-0.0005870	-0.0004837	-0.0003977	-0.0003098	-0.0002086	-0.0001082	-0.0000107	+0.0000923	+0.0001957	+0.0002993	+0.0004000	+0.0004966	+0.0005875	+0.0006735	+0.0007501	+0.0008222	+0.0008899	+0.0009537	+0.0010106	+0.0010636	+0.0011166
2015-02	-0.017	-0.0004843	-0.0004198	-0.0003462	-0.0002750	-0.0002022	-0.0001249	-0.0000460	+0.0000366	+0.0001206	+0.0002088	+0.0003014	+0.0003936	+0.0004820	+0.0005628	+0.0006373	+0.0007064	+0.0007701	+0.0008335	+0.0008904	+0.0009445	+0.0009971
