2012-05	-0.116	-0.0023920	-0.0022016	-0.0020039	-0.0017934	-0.0015793	-0.0013561	-0.0011102	-0.0008664	-0.0006086	-0.0003391	-0.0000716	+0.0001863	+0.0004341	+0.0006674	+0.0008869	+0.0010882	+0.0012594	+0.0014276	+0.0015813	+0.0017314	+0.0018725
2012-06	0.075	-0.0028444	-0.0026463	-0.0024536	-0.0022456	-0.0020256	-0.0017894	-0.0015445	-0.0012880	-0.0010215	-0.0007546	-0.0004884	-0.0002296	+0.0000279	+0.0002775	+0.0005035	+0.0007160	+0.0009065	+0.0010849	+0.0012421	+0.0013864	+0.0015272
2012-07	-0.056	-0.0020332	-0.0018845	-0.0017374	-0.0015799	-0.0014081	-0.0012210	-0.0010102	-0.0007844	-0.0005557	-0.0003221	-0.0000731	+0.0001732	+0.0004086	+0.0006377	+0.0008489	+0.0010416	+0.0012228	+0.0013864	+0.0015314	+0.0016742	+0.0018391
2012-08	-0.024	-0.0018664	-0.0017408	-0.0016173	-0.0014742	-0.0013106	-0.0011433	-0.0009626	-0.0007625	-0.0005501	-0.0003319	-0.0001072	+0.0001171	+0.0003395	+0.0005514	+0.0007450	+0.0009229	+0.0010929	+0.0012515	+0.0013993	+0.0015354	+0.0016620
2012-09	0.017	-0.0019809	-0.0018346	-0.0016807	-0.0015421	-0.0013595	-0.0011715	-0.0009830	-0.0007834	-0.0005748	-0.0003571	-0.0001347	+0.0000938	+0.0003157	+0.0005193	+0.0007110	+0.0008893	+0.0010554	+0.0012166	+0.0013590	+0.0015005	+0.0016322
2012-10	0.054	-0.0019512	-0.0018198	-0.0016874	-0.0015476	-0.0014001	-0.0012347	-0.0010484	-0.0008528	-0.0006464	-0.0004305	-0.0002062	+0.0000190	+0.0002355	+0.0004333	+0.0006192	+0.0008050	+0.0009677	+0.0011219	+0.0012671	+0.0013912	+0.0015052
2012-11	0.091	-0.0020343	-0.0019206	-0.0017736	-0.0016187	-0.0014520	-0.0012765	-0.0010879	-0.0008922	-0.0006855	-0.0004693	-0.0002494	-0.0000224	+0.0002004	+0.0004108	+0.0006168	+0.0008060	+0.0009748	+0.0011347	+0.0012765	+0.0014016	+0.0015110
2012-12	0.121	-0.0015832	-0.0014532	-0.0013191	-0.0011634	-0.0009994	-0.0008284	-0.0006328	-0.0004239	-0.0002126	+0.0000060	+0.0002300	+0.0004571	+0.0006762	+0.0008811	+0.0010714	+0.0012448	+0.0013963	+0.0015472	+0.0016946	+0.0018298	+0.0019550
2013-01	0.129	-0.0013027	-0.0011355	-0.0009719	-0.0008059	-0.0006189	-0.0004285	-0.0002289	-0.0000158	+0.0002109	+0.0004472	+0.0006928	+0.0009401	+0.0011768	+0.0014028	+0.0016205	+0.0018205	+0.0019971	+0.0021653	+0.0023297	+0.0024687	+0.0025943
2013-02	0.012	-0.0010118	-0.0008437	-0.0006619	-0.0004610	-0.0002594	-0.0000422	+0.0001934	+0.0004432	+0.0007073	+0.0009844	+0.0012649	+0.0015376	+0.0017951	+0.0020382	+0.0022732	+0.0024885	+0.0026913	+0.0028713	+0.0030626	+0.0032286	+0.0033661
2013-03	0.083	-0.0012207	-0.0009487	-0.0006759	-0.0004080	-0.0001432	+0.0001346	+0.0004210	+0.0006979	+0.0009758	+0.0012447	+0.0015207	+0.0017857	+0.0020395	+0.0022834	+0.0025143	+0.0027206	+0.0029220	+0.0031013	+0.0032672	+0.0034130	+0.0035617
2013-04	0.149	-0.0011207	-0.0008430	-0.0005449	-0.0002249	+0.0000917	+0.0003794	+0.0006715	+0.0009605	+0.0012478	+0.0015331	+0.0018130	+0.0020991	+0.0023590	+0.0026008	+0.0028259	+0.0030382	+0.0032407	+0.0034192	+0.0035810	+0.0037442	+0.0038934
2013-05	0.037	-0.0011892	-0.0008527	-0.0005098	-0.0001722	+0.0001690	+0.0005486	+0.0009092	+0.0012348	+0.0015448	+0.0018425	+0.0021336	+0.0024234	+0.0026950	+0.0029452	+0.0031851	+0.0034093	+0.0036129	+0.0037968	+0.0039753	+0.0041336	+0.0042804
2013-06	-0.047	-0.0012306	-0.0009289	-0.0005914	-0.0002244	+0.0002120	+0.0006503	+0.0010080	+0.0013329	+0.0016422	+0.0019452	+0.0022482	+0.0025467	+0.0028359	+0.0031128	+0.0033685	+0.0036031	+0.0038217	+0.0040133	+0.0042030	+0.0043618	+0.0045204
2013-07	-0.006	-0.0013268	-0.0010780	-0.0007978	-0.0005148	-0.0002240	+0.0000729	+0.0003768	+0.0006821	+0.0010028	+0.0013276	+0.0016539	+0.0019751	+0.0022829	+0.0025665	+0.0028314	+0.0030765	+0.0033040	+0.0035243	+0.0037235	+0.0039091	+0.0040965
2013-08	-0.014	-0.0012247	-0.0009392	-0.0006469	-0.0003366	-0.0000279	+0.0002861	+0.0005953	+0.0009109	+0.0012366	+0.0015597	+0.0018879	+0.0022066	+0.0025172	+0.0028064	+0.0030902	+0.0033490	+0.0035674	+0.0037722	+0.0039686	+0.0041441	+0.0043195
2013-09	0.090	-0.0011388	-0.0008265	-0.0005318	-0.0002442	+0.0000730	+0.0003912	+0.0007236	+0.0010356	+0.0013389	+0.0016444	+0.0019548	+0.0022606	+0.0025530	+0.0028244	+0.0030785	+0.0033114	+0.0035250	+0.0037216	+0.0039077	+0.0040754	+0.0042252
2013-10	0.012	-0.0012083	-0.0008610	-0.0005019	-0.0001305	+0.0002481	+0.0006371	+0.0009918	+0.0013283	+0.0016408	+0.0019522	+0.0022673	+0.0025683	+0.0028541	+0.0031185	+0.0033663	+0.0035982	+0.0038038	+0.0040038	+0.0041793	+0.0043466	+0.0044994
2013-11	0.035	-0.0010204	-0.0007122	-0.0003893	-0.0000362	+0.0003308	+0.0006860	+0.0010090	+0.0013179	+0.0016248	+0.0019234	+0.0022236	+0.0025186	+0.0028072	+0.0030864	+0.0033313	+0.0035643	+0.0037794	+0.0039722	+0.0041458	+0.0043190	+0.0044651
2013-12	0.023	-0.0011604	-0.0008545	-0.0004859	-0.0001066	+0.0003523	+0.0008013	+0.0011595	+0.0014930	+0.0018074	+0.0021079	+0.0024032	+0.0026884	+0.0029578	+0.0032183	+0.0034611	+0.0036836	+0.0038898	+0.0040856	+0.0042606	+0.0044228	+0.0045542
2014-01	-0.026	-0.0012604	-0.0009213	-0.0005428	-0.0001736	+0.0003521	+0.0008449	+0.0012421	+0.0015907	+0.0019059	+0.0022136	+0.0025044	+0.0027888	+0.0030624	+0.0033141	+0.0035516	+0.0037669	+0.0039635	+0.0041470	+0.0043183	+0.0044764	+0.0046279
2014-02	-0.021	-0.0012919	-0.0009439	-0.0005646	-0.0001311	+0.0003777	+0.0009085	+0.0013299	+0.0016730	+0.0019775	+0.0022749	+0.0025627	+0.0028480	+0.0031156	+0.0033665	+0.0035990	+0.0038142	+0.0040097	+0.0041918	+0.0043606	+0.0045357	+0.0046931
2014-03	0.018	-0.0012734	-0.0009437	-0.0005785	-0.0001856	+0.0001554	+0.0004921	+0.0008158	+0.0011381	+0.0014693	+0.0018140	+0.0021440	+0.0024601	+0.0027545	+0.0030337	+0.0032833	+0.0035277	+0.0037498	+0.0039634	+0.0041432	+0.0043195	+0.0044991
2014-04	-0.007	-0.0014464	-0.0011373	-0.0008381	-0.0005401	-0.0001878	+0.0001497	+0.0004863	+0.0008163	+0.0011367	+0.0014565	+0.0017698	+0.0020688	+0.0023614	+0.0026295	+0.0028805	+0.0031080	+0.0033171	+0.0035230	+0.0037030	+0.0038792	+0.0040410
2014-05	0.040	-0.0012982	-0.0010529	-0.0008258	-0.0006027	-0.0003651	-0.0001220	+0.0001450	+0.0004225	+0.0007014	+0.0009906	+0.0012771	+0.0015486	+0.0018152	+0.0020720	+0.0023000	+0.0025181	+0.0027180	+0.0029004	+0.0030733	+0.0032333	+0.0033791
2014-06	0.067	-0.0011563	-0.0009724	-0.0007889	-0.0005725	-0.0003582	-0.0001359	+0.0001203	+0.0003797	+0.0006465	+0.0009180	+0.0011971	+0.0014700	+0.0017278	+0.0019761	+0.0022118	+0.0024361	+0.0026396	+0.0028221	+0.0029969	+0.0031613	+0.0033136
2014-07	0.022	-0.0012799	-0.0010432	-0.0008379	-0.0006133	-0.0003798	-0.0001414	+0.0001083	+0.0003584	+0.0006180	+0.0008911	+0.0011613	+0.0014221	+0.0016757	+0.0019172	+0.0021451	+0.0023595	+0.0025684	+0.0027583	+0.0029481	+0.0031248	+0.0032923
2014-08	0.014	-0.0013178	-0.0011101	-0.0009020	-0.0006857	-0.0004677	-0.0002337	+0.0000031	+0.0002536	+0.0005175	+0.0007823	+0.0010466	+0.0013083	+0.0015542	+0.0017971	+0.0020216	+0.0022254	+0.0024294	+0.0026161	+0.0027866	+0.0029556	+0.0031167
2014-09	0.024	-0.0013538	-0.0012094	-0.0010464	-0.0008846	-0.0007126	-0.0005269	-0.0003228	-0.0001179	+0.0000891	+0.0003005	+0.0005096	+0.0007164	+0.0009192	+0.0011108	+0.0012942	+0.0014629	+0.0016143	+0.0017478	+0.0018618	+0.0019690	+0.0020795
2014-10	-0.022	-0.0007848	-0.0006389	-0.0004884	-0.0003272	-0.0001600	+0.0000086	+0.0001849	+0.0003665	+0.0005653	+0.0007596	+0.0009521	+0.0011447	+0.0013261	+0.0014995	+0.0016600	+0.0018067	+0.0019435	+0.0020814	+0.0022101	+0.0023217	+0.0024208
2014-11	0.018	-0.0011514	-0.0010288	-0.0008959	-0.0007538	-0.0006028	-0.0004378	-0.0002620	-0.0000727	+0.0001192	+0.0003099	+0.0005074	+0.0007014	+0.0008844	+0.0010564	+0.0012092	+0.0013533	+0.0014855	+0.0016060	+0.0017251	+0.0018223	+0.0019223
2014-12	0.024	-0.0008977	-0.0007639	-0.0006040	-0.0004477	-0.0003052	-0.0001367	+0.0000453	+0.0002351	+0.0004264	+0.0006269	+0.0008238	+0.0010154	+0.0011957	+0.0013706	+0.0015360	+0.0016845	+0.0018171	+0.0019284	+0.0020400	+0.0021519	+0.0022382
2015-01	-0.021	-0.0010198	-0.0008496	-0.0006970	-0.0005426	-0.0003801	-0.0001896	+0.0000065	+0.0001996	+0.0003986	+0.0005951	+0.0007886	+0.0009739	+0.0011532	+0.0013161	+0.0014688	+0.0016053	+0.0017305	+0.0018487	+0.0019540	+0.0020467	+0.0021327
2015-02	-0.001	-0.0009665	-0.0008303	-0.0006862	-0.0005466	-0.0003989	-0.0002378	-0.0000675	+0.0001179	+0.0003061	+0.0004987	+0.0006866	+0.0008718	+0.0010477	+0.0012169	+0.0013697	+0.0015083	+0.0016380	+0.0017561	+0.0018562	+0.0019598	+0.0020500
