2013-05	0.003	-0.0006052	-0.0004757	-0.0003484	-0.0002195	-0.0000885	+0.0000406	+0.0001813	+0.0003199	+0.0004665	+0.0006115	+0.0007548	+0.0008928	+0.0010232	+0.0011470	+0.0012582	+0.0013595	+0.0014523	+0.0015348	+0.0016118	+0.0016853	+0.0017530
2013-06	-0.060	-0.0006270	-0.0004886	-0.0003511	-0.0002000	-0.0000574	+0.0000799	+0.0002134	+0.0003507	+0.0004845	+0.0006273	+0.0007672	+0.0009027	+0.0010284	+0.0011462	+0.0012543	+0.0013510	+0.0014402	+0.0015235	+0.0016060	+0.0016777	+0.0017477
2013-07	0.016	-0.0010217	-0.0009096	-0.0007796	-0.0006641	-0.0005430	-0.0004121	-0.0002789	-0.0001366	+0.0000100	+0.0001631	+0.0003224	+0.0004760	+0.0006215	+0.0007538	+0.0008781	+0.0009942	+0.0010965	+0.0011930	+0.0012795	+0.0013544	+0.0014213
2013-08	-0.018	-0.0007985	-0.0007052	-0.0006009	-0.0004853	-0.0003707	-0.0002428	-0.0001030	+0.0000402	+0.0001934	+0.0003558	+0.0005096	+0.0006609	+0.0008052	+0.0009433	+0.0010660	+0.0011798	+0.0012804	+0.0013679	+0.0014515	+0.0015235	+0.0015942
2013-09	0.032	-0.0006575	-0.0005650	-0.0004580	-0.0003550	-0.0002421	-0.0001205	+0.0000087	+0.0001441	+0.0002849	+0.0004320	+0.0005744	+0.0007143	+0.0008468	+0.0009728	+0.0010859	+0.0011922	+0.0012913	+0.0013782	+0.0014624	+0.0015366	+0.0016029
2013-10	0.025	-0.0006246	-0.0004945	-0.0003706	-0.0002281	-0.0000850	+0.0000525	+0.0001935	+0.0003346	+0.0004746	+0.0006186	+0.0007631	+0.0009032	+0.0010349	+0.0011566	+0.0012689	+0.0013671	+0.0014633	+0.0015481	+0.0016296	+0.0017056	+0.0017709
2013-11	0.009	-0.0006329	-0.0005101	-0.0003765	-0.0002495	-0.0001241	+0.0000062	+0.0001329	+0.0002680	+0.0004081	+0.0005518	+0.0006952	+0.0008374	+0.0009729	+0.0010990	+0.0012179	+0.0013218	+0.0014161	+0.0014996	+0.0015829	+0.0016647	+0.0017401
2013-12	0.017	-0.0006951	-0.0005756	-0.0004537	-0.0003326	-0.0001933	-0.0000516	+0.0000914	+0.0002366	+0.0003816	+0.0005271	+0.0006751	+0.0008164	+0.0009498	+0.0010708	+0.0011825	+0.0012847	+0.0013816	+0.0014711	+0.0015492	+0.0016212	+0.0016885
2014-01	-0.032	-0.0006621	-0.0005475	-0.0004287	-0.0003016	-0.0001604	-0.0000188	+0.0001264	+0.0002786	+0.0004217	+0.0005690	+0.0007163	+0.0008561	+0.0009890	+0.0011089	+0.0012190	+0.0013233	+0.0014138	+0.0014961	+0.0015676	+0.0016435	+0.0017129
2014-02	0.019	-0.0007627	-0.0006372	-0.0004896	-0.0003468	-0.0002166	-0.0000796	+0.0000647	+0.0002074	+0.0003574	+0.0005050	+0.0006531	+0.0007957	+0.0009280	+0.0010518	+0.0011634	+0.0012647	+0.0013520	+0.0014343	+0.0015093	+0.0015780	+0.0016372
2014-03	0.010	-0.0006840	-0.0005856	-0.0004684	-0.0003467	-0.0002093	-0.0000749	+0.0000579	+0.0002021	+0.0003441	+0.0004919	+0.0006432	+0.0007939	+0.0009330	+0.0010564	+0.0011714	+0.0012782	+0.0013796	+0.0014732	+0.0015579	+0.0016329	+0.0017039
2014-04	0.007	-0.0008072	-0.0006744	-0.0005507	-0.0004314	-0.0003051	-0.0001749	-0.0000408	+0.0001013	+0.0002447	+0.0003955	+0.0005414	+0.0006839	+0.0008179	+0.0009446	+0.0010583	+0.0011625	+0.0012598	+0.0013445	+0.0014248	+0.0015010	+0.0015721
2014-05	0.011	-0.0007851	-0.0006986	-0.0006050	-0.0004983	-0.0003861	-0.0002746	-0.0001547	-0.0000286	+0.0000998	+0.0002322	+0.0003650	+0.0004923	+0.0006142	+0.0007305	+0.0008309	+0.0009255	+0.0010104	+0.0010847	+0.0011555	+0.0012239	+0.0012892
2014-06	0.014	-0.0007897	-0.0007138	-0.0006247	-0.0005303	-0.0004325	-0.0003263	-0.0002160	-0.0000944	+0.0000296	+0.0001564	+0.0002829	+0.0004061	+0.0005212	+0.0006293	+0.0007330	+0.0008257	+0.0009148	+0.0009964	+0.0010735	+0.0011413	+0.0012116
2014-07	0.010	-0.0008331	-0.0007437	-0.0006518	-0.0005536	-0.0004505	-0.0003429	-0.0002284	-0.0001083	+0.0000185	+0.0001508	+0.0002786	+0.0003996	+0.0005167	+0.0006266	+0.0007237	+0.0008141	+0.0008988	+0.0009773	+0.0010500	+0.0011174	+0.0011777
2014-08	0.009	-0.0008375	-0.0007496	-0.0006565	-0.0005568	-0.0004537	-0.0003466	-0.0002290	-0.0001060	+0.0000171	+0.0001406	+0.0002648	+0.0003844	+0.0004987	+0.0006069	+0.0007019	+0.0007968	+0.0008803	+0.0009586	+0.0010297	+0.0010888	+0.0011568
2014-09	-0.004	-0.0008836	-0.0007906	-0.0007078	-0.0006192	-0.0005288	-0.0004248	-0.0003200	-0.0002092	-0.0000940	+0.0000223	+0.0001377	+0.0002470	+0.0003498	+0.0004469	+0.0005364	+0.0006159	+0.0006892	+0.0007555	+0.0008205	+0.0008729	+0.0009253
2014-10	0.006	-0.0003222	-0.0002676	-0.0002107	-0.0001432	-0.0000742	-0.0000008	+0.0000762	+0.0001535	+0.0002336	+0.0003137	+0.0003976	+0.0004789	+0.0005593	+0.0006346	+0.0007049	+0.0007705	+0.0008312	+0.0008882	+0.0009390	+0.0009901	+0.0010409
2014-11	0.051	-0.0004052	-0.0003392	-0.0002737	-0.0002089	-0.0001407	-0.0000746	-0.0000035	+0.0000684	+0.0001462	+0.0002222	+0.0002998	+0.0003763	+0.0004498	+0.0005170	+0.0005800	+0.0006394	+0.0006932	+0.0007422	+0.0007870	+0.0008292	+0.0008731
2014-12	-0.011	-0.0003136	-0.0002312	-0.0001422	-0.0000695	+0.0000064	+0.0000878	+0.0001691	+0.0002507	+0.0003337	+0.0004189	+0.0005052	+0.0005890	+0.0006698	+0.0007474	+0.0008187	+0.0008828	+0.0009434	+0.0009990	+0.0010532	+0.0011040	+0.0011506
2015-01	0.002	-0.0004804	-0.0004031	-0.0003142	-0.0002119	-0.0001037	-0.0000027	+0.0000940	+0.0001862	+0.0002734	+0.0003603	+0.0004480	+0.0005341	+0.0006147	+0.0006907	+0.0007643	+0.0008327	+0.0008939	+0.0009474	+0.0009965	+0.0010408	+0.0010813
2015-02	0.002	-0.0003562	-0.0002853	-0.0002153	-0.0001363	-0.0000598	+0.0000188	+0.0000996	+0.0001812	+0.0002639	+0.0003469	+0.0004310	+0.0005167	+0.0005984	+0.0006744	+0.0007423	+0.0008057	+0.0008681	+0.0009266	+0.0009798	+0.0010294	+0.0010746
