2013-01	0.103	-0.0021272	-0.0019748	-0.0018191	-0.0016448	-0.0014740	-0.0012902	-0.0010878	-0.0008783	-0.0006518	-0.0004175	-0.0001755	+0.0000622	+0.0002828	+0.0004887	+0.0006750	+0.0008535	+0.0010280	+0.0011850	+0.0013380	+0.0014708	+0.0015936
2013-02	-0.047	-0.0018703	-0.0017084	-0.0015503	-0.0013867	-0.0012119	-0.0010175	-0.0008142	-0.0005995	-0.0003675	-0.0001305	+0.0001150	+0.0003541	+0.0005890	+0.0008154	+0.0010222	+0.0012132	+0.0013913	+0.0015671	+0.0017219	+0.0018659	+0.0019976
2013-03	0.007	-0.0018595	-0.0016975	-0.0015160	-0.0013379	-0.0011538	-0.0009518	-0.0007444	-0.0005164	-0.0002853	-0.0000426	+0.0002047	+0.0004535	+0.0006996	+0.0009333	+0.0011487	+0.0013425	+0.0015242	+0.0016820	+0.0018297	+0.0019784	+0.0021457
2013-04	0.050	-0.0018999	-0.0017562	-0.0016004	-0.0014430	-0.0012722	-0.0011027	-0.0009045	-0.0006827	-0.0004517	-0.0002109	+0.0000251	+0.0002589	+0.0004844	+0.0006980	+0.0009097	+0.0010992	+0.0012686	+0.0014284	+0.0015749	+0.0017091	+0.0018213
2013-05	0.037	-0.0016793	-0.0015421	-0.0014076	-0.0012475	-0.0010734	-0.0008827	-0.0006829	-0.0004701	-0.0002443	-0.0000131	+0.0002176	+0.0004376	+0.0006502	+0.0008533	+0.0010448	+0.0012298	+0.0013973	+0.0015567	+0.0016958	+0.0018391	+0.0019695
2013-06	-0.101	-0.0016517	-0.0014671	-0.0012934	-0.0011290	-0.0009454	-0.0007310	-0.0005179	-0.0002987	-0.0000748	+0.0001621	+0.0004053	+0.0006406	+0.0008721	+0.0010864	+0.0012864	+0.0014677	+0.0016381	+0.0017942	+0.0019415	+0.0020712	+0.0021951
2013-07	0.056	-0.0019307	-0.0017803	-0.0016277	-0.0014643	-0.0012758	-0.0010759	-0.0008607	-0.0006316	-0.0003815	-0.0001286	+0.0001307	+0.0003769	+0.0006190	+0.0008479	+0.0010638	+0.0012451	+0.0014213	+0.0015797	+0.0017237	+0.0018730	+0.0020200
2013-08	0.001	-0.0014606	-0.0013081	-0.0011468	-0.0009704	-0.0007966	-0.0006056	-0.0004028	-0.0001937	+0.0000302	+0.0002659	+0.0005025	+0.0007353	+0.0009563	+0.0011713	+0.0013687	+0.0015571	+0.0017361	+0.0019140	+0.0020478	+0.0021791	+0.0022941
2013-09	0.053	-0.0012758	-0.0011288	-0.0009663	-0.0007950	-0.0006181	-0.0004308	-0.0002345	-0.0000177	+0.0002114	+0.0004458	+0.0006781	+0.0009172	+0.0011402	+0.0013569	+0.0015595	+0.0017328	+0.0019051	+0.0020512	+0.0021833	+0.0022990	+0.0024136
2013-10	0.027	-0.0008919	-0.0007305	-0.0005721	-0.0003927	-0.0002017	-0.0000079	+0.0001878	+0.0003833	+0.0005949	+0.0008080	+0.0010160	+0.0012251	+0.0014239	+0.0016169	+0.0017924	+0.0019535	+0.0021009	+0.0022381	+0.0023713	+0.0025011	+0.0026214
2013-11	0.058	-0.0008744	-0.0007294	-0.0005725	-0.0004351	-0.0002837	-0.0001131	+0.0000634	+0.0002491	+0.0004470	+0.0006477	+0.0008503	+0.0010510	+0.0012463	+0.0014247	+0.0015836	+0.0017335	+0.0018797	+0.0020038	+0.0021211	+0.0022453	+0.0023606
2013-12	0.010	-0.0008991	-0.0007200	-0.0005488	-0.0003894	-0.0002080	-0.0000204	+0.0001605	+0.0003476	+0.0005469	+0.0007536	+0.0009570	+0.0011605	+0.0013487	+0.0015251	+0.0016907	+0.0018417	+0.0019781	+0.0021092	+0.0022300	+0.0023274	+0.0024196
2014-01	-0.044	-0.0011030	-0.0008977	-0.0006857	-0.0004821	-0.0002854	-0.0000754	+0.0001386	+0.0003504	+0.0005638	+0.0007689	+0.0009769	+0.0011801	+0.0013772	+0.0015552	+0.0017187	+0.0018660	+0.0019989	+0.0021258	+0.0022377	+0.0023417	+0.0024365
2014-02	0.002	-0.0010236	-0.0008903	-0.0007374	-0.0005638	-0.0003973	-0.0002148	-0.0000238	+0.0001714	+0.0003702	+0.0005777	+0.0007816	+0.0009765	+0.0011615	+0.0013467	+0.0015211	+0.0016756	+0.0018129	+0.0019424	+0.0020527	+0.0021687	+0.0022664
2014-03	-0.036	-0.0010015	-0.0008790	-0.0007548	-0.0006194	-0.0004686	-0.0003068	-0.0001447	+0.0000405	+0.0002254	+0.0004181	+0.0006184	+0.0008137	+0.0009959	+0.0011650	+0.0013226	+0.0014697	+0.0016141	+0.0017541	+0.0018738	+0.0019946	+0.0021052
2014-04	-0.026	-0.0010329	-0.0008894	-0.0007379	-0.0005892	-0.0004344	-0.0002697	-0.0001005	+0.0000758	+0.0002656	+0.0004616	+0.0006557	+0.0008442	+0.0010261	+0.0012009	+0.0013646	+0.0015152	+0.0016468	+0.0017767	+0.0019012	+0.0020112	+0.0021202
2014-05	0.003	-0.0008280	-0.0006871	-0.0005426	-0.0004113	-0.0002726	-0.0001125	+0.0000535	+0.0002230	+0.0004049	+0.0005915	+0.0007769	+0.0009571	+0.0011327	+0.0013001	+0.0014550	+0.0015902	+0.0017147	+0.0018275	+0.0019465	+0.0020538	+0.0021426
2014-06	0.025	-0.0008926	-0.0007229	-0.0005752	-0.0004234	-0.0002581	-0.0000874	+0.0000840	+0.0002624	+0.0004482	+0.0006397	+0.0008261	+0.0010034	+0.0011759	+0.0013415	+0.0015071	+0.0016602	+0.0017879	+0.0019072	+0.0020160	+0.0021264	+0.0022261
2014-07	0.058	-0.0008413	-0.0006898	-0.0005420	-0.0003884	-0.0002208	-0.0000644	+0.0000963	+0.0002651	+0.0004478	+0.0006358	+0.0008226	+0.0010036	+0.0011780	+0.0013406	+0.0014986	+0.0016485	+0.0017844	+0.0019071	+0.0020163	+0.0021124	+0.0021911
2014-08	0.009	-0.0007480	-0.0005971	-0.0004383	-0.0002806	-0.0001340	+0.0000242	+0.0001875	+0.0003692	+0.0005497	+0.0007342	+0.0009167	+0.0010930	+0.0012617	+0.0014202	+0.0015680	+0.0017055	+0.0018367	+0.0019516	+0.0020614	+0.0021509	+0.0022201
2014-09	-0.004	-0.0008260	-0.0006422	-0.0004497	-0.0002754	-0.0000972	+0.0000884	+0.0002796	+0.0004624	+0.0006539	+0.0008416	+0.0010256	+0.0011977	+0.0013664	+0.0015251	+0.0016724	+0.0018094	+0.0019311	+0.0020391	+0.0021408	+0.0022341	+0.0023256
2014-10	0.022	-0.0008204	-0.0006621	-0.0005143	-0.0003517	-0.0001771	+0.0000063	+0.0001988	+0.0003923	+0.0005759	+0.0007492	+0.0009218	+0.0010910	+0.0012556	+0.0014145	+0.0015611	+0.0016995	+0.0018286	+0.0019434	+0.0020433	+0.0021364	+0.0022204
2014-11	0.097	-0.0008231	-0.0006774	-0.0005235	-0.0003781	-0.0002424	-0.0000895	+0.0000638	+0.0002239	+0.0003963	+0.0005668	+0.0007389	+0.0009101	+0.0010709	+0.0012271	+0.0013739	+0.0015043	+0.0016287	+0.0017441	+0.0018430	+0.0019303	+0.0020118
2014-12	0.001	-0.0008330	-0.0007054	-0.0005729	-0.0004214	-0.0002539	-0.0000855	+0.0000861	+0.0002631	+0.0004431	+0.0006250	+0.0008136	+0.0010025	+0.0011792	+0.0013446	+0.0014998	+0.0016440	+0.0017834	+0.0019071	+0.0020207	+0.0021152	+0.0022024
2015-01	-0.001	-0.0009264	-0.0008175	-0.0006938	-0.0005474	-0.0003979	-0.0002423	-0.0000772	+0.0000883	+0.0002550	+0.0004268	+0.0005959	+0.0007635	+0.0009256	+0.0010757	+0.0012180	+0.0013466	+0.0014652	+0.0015688	+0.0016601	+0.0017495	+0.0018338
2015-02	-0.009	-0.0009037	-0.0007820	-0.0006694	-0.0005526	-0.0004108	-0.0002676	-0.0001097	+0.0000496	+0.0002162	+0.0003868	+0.0005607	+0.0007258	+0.0008881	+0.0010400	+0.0011779	+0.0012997	+0.0014100	+0.0015162	+0.0016133	+0.0016972	+0.0017743
