2013-01	0.057	-0.0023830	-0.0022525	-0.0020940	-0.0019221	-0.0017494	-0.0015575	-0.0013598	-0.0011417	-0.0009064	-0.0006606	-0.0004052	-0.0001484	+0.0001028	+0.0003298	+0.0005374	+0.0007375	+0.0009244	+0.0011017	+0.0012659	+0.0014244	+0.0015584
2013-02	-0.061	-0.0021285	-0.0019741	-0.0018091	-0.0016357	-0.0014596	-0.0012625	-0.0010497	-0.0008249	-0.0005927	-0.0003420	-0.0000904	+0.0001620	+0.0004066	+0.0006479	+0.0008653	+0.0010713	+0.0012508	+0.0014107	+0.0015804	+0.0017230	+0.0018753
2013-03	-0.032	-0.0021635	-0.0019935	-0.0018353	-0.0016594	-0.0014804	-0.0012835	-0.0010672	-0.0008496	-0.0006249	-0.0003813	-0.0001265	+0.0001315	+0.0003842	+0.0006228	+0.0008444	+0.0010644	+0.0012682	+0.0014637	+0.0016340	+0.0017713	+0.0019058
2013-04	0.091	-0.0023686	-0.0022256	-0.0020611	-0.0018984	-0.0017294	-0.0015458	-0.0013423	-0.0011246	-0.0008932	-0.0006502	-0.0004054	-0.0001612	+0.0000812	+0.0003149	+0.0005326	+0.0007335	+0.0009194	+0.0010947	+0.0012593	+0.0014180	+0.0015597
2013-05	0.003	-0.0021119	-0.0019715	-0.0018101	-0.0016463	-0.0014715	-0.0012921	-0.0010897	-0.0008797	-0.0006482	-0.0004132	-0.0001706	+0.0000650	+0.0002958	+0.0005173	+0.0007232	+0.0009132	+0.0010948	+0.0012525	+0.0014114	+0.0015697	+0.0017007
2013-06	-0.188	-0.0020514	-0.0019109	-0.0017559	-0.0015840	-0.0014021	-0.0012102	-0.0010068	-0.0007904	-0.0005591	-0.0003215	-0.0000741	+0.0001775	+0.0004154	+0.0006372	+0.0008436	+0.0010324	+0.0012100	+0.0013724	+0.0015357	+0.0016782	+0.0018072
2013-07	-0.012	-0.0026452	-0.0024931	-0.0023217	-0.0021389	-0.0019525	-0.0017446	-0.0015223	-0.0012861	-0.0010321	-0.0007680	-0.0004980	-0.0002394	+0.0000118	+0.0002471	+0.0004742	+0.0006830	+0.0008868	+0.0010830	+0.0012571	+0.0014225	+0.0015643
2013-08	-0.272	-0.0024459	-0.0022847	-0.0021027	-0.0019307	-0.0017470	-0.0015583	-0.0013514	-0.0011158	-0.0008633	-0.0006044	-0.0003339	-0.0000631	+0.0001886	+0.0004293	+0.0006566	+0.0008620	+0.0010602	+0.0012391	+0.0014101	+0.0015682	+0.0017090
2013-09	0.194	-0.0028154	-0.0026539	-0.0024847	-0.0023044	-0.0021178	-0.0019115	-0.0016977	-0.0014433	-0.0011750	-0.0008933	-0.0006014	-0.0003085	-0.0000348	+0.0002273	+0.0004853	+0.0007277	+0.0009524	+0.0011494	+0.0013296	+0.0014871	+0.0016275
2013-10	0.082	-0.0026472	-0.0025077	-0.0023221	-0.0021377	-0.0019194	-0.0016894	-0.0014526	-0.0011918	-0.0009245	-0.0006413	-0.0003598	-0.0000781	+0.0001934	+0.0004579	+0.0007091	+0.0009538	+0.0011736	+0.0013751	+0.0015640	+0.0017526	+0.0019287
2013-11	0.013	-0.0025461	-0.0023424	-0.0021501	-0.0019626	-0.0017654	-0.0015507	-0.0013130	-0.0010515	-0.0007718	-0.0004833	-0.0001964	+0.0000958	+0.0003677	+0.0006241	+0.0008625	+0.0010982	+0.0013007	+0.0014810	+0.0016574	+0.0018247	+0.0019946
2013-12	0.078	-0.0022657	-0.0020835	-0.0019003	-0.0017033	-0.0014931	-0.0012689	-0.0010269	-0.0007835	-0.0005168	-0.0002380	+0.0000503	+0.0003416	+0.0006159	+0.0008734	+0.0011129	+0.0013469	+0.0015425	+0.0017317	+0.0019060	+0.0020638	+0.0022045
2014-01	-0.088	-0.0021069	-0.0019303	-0.0017333	-0.0015180	-0.0013022	-0.0010799	-0.0008568	-0.0006182	-0.0003603	-0.0000925	+0.0001901	+0.0004685	+0.0007373	+0.0009896	+0.0012254	+0.0014506	+0.0016640	+0.0018492	+0.0020277	+0.0022072	+0.0023821
2014-02	0.025	-0.0022203	-0.0020681	-0.0019159	-0.0017483	-0.0015639	-0.0013601	-0.0011353	-0.0008939	-0.0006461	-0.0003890	-0.0001224	+0.0001471	+0.0003991	+0.0006425	+0.0008733	+0.0010774	+0.0012618	+0.0014341	+0.0016062	+0.0017609	+0.0018975
2014-03	0.160	-0.0024228	-0.0022785	-0.0021229	-0.0019436	-0.0017415	-0.0015332	-0.0013044	-0.0010557	-0.0007957	-0.0005214	-0.0002356	+0.0000364	+0.0002948	+0.0005389	+0.0007635	+0.0009706	+0.0011562	+0.0013301	+0.0014968	+0.0016472	+0.0017839
2014-04	0.023	-0.0021009	-0.0019293	-0.0017530	-0.0015754	-0.0013779	-0.0011611	-0.0009296	-0.0006893	-0.0004346	-0.0001616	+0.0001268	+0.0004115	+0.0006797	+0.0009414	+0.0011785	+0.0014019	+0.0016026	+0.0017903	+0.0019724	+0.0021403	+0.0022933
2014-05	0.163	-0.0016252	-0.0014892	-0.0013445	-0.0011624	-0.0009541	-0.0007423	-0.0005086	-0.0002542	+0.0000063	+0.0002676	+0.0005375	+0.0008033	+0.0010599	+0.0013094	+0.0015414	+0.0017487	+0.0019488	+0.0021326	+0.0023012	+0.0024643	+0.0026120
2014-06	0.026	-0.0014489	-0.0012753	-0.0010672	-0.0008588	-0.0006449	-0.0004229	-0.0001707	+0.0000810	+0.0003498	+0.0006234	+0.0008941	+0.0011666	+0.0014421	+0.0017040	+0.0019462	+0.0021642	+0.0023826	+0.0025763	+0.0027582	+0.0029209	+0.0030817
2014-07	0.014	-0.0015879	-0.0014066	-0.0012018	-0.0009840	-0.0007416	-0.0004966	-0.0002395	+0.0000310	+0.0003096	+0.0005994	+0.0009017	+0.0011970	+0.0014821	+0.0017557	+0.0020114	+0.0022334	+0.0024427	+0.0026464	+0.0028394	+0.0030005	+0.0031515
2014-08	0.018	-0.0016311	-0.0013934	-0.0011530	-0.0009056	-0.0006674	-0.0004246	-0.0001614	+0.0001071	+0.0003912	+0.0006834	+0.0009759	+0.0012716	+0.0015466	+0.0018001	+0.0020433	+0.0022690	+0.0024856	+0.0026694	+0.0028368	+0.0029854	+0.0031383
2014-09	0.045	-0.0014979	-0.0013018	-0.0010959	-0.0009013	-0.0006879	-0.0004643	-0.0002208	+0.0000391	+0.0002961	+0.0005802	+0.0008806	+0.0011710	+0.0014524	+0.0017221	+0.0019738	+0.0021942	+0.0023968	+0.0025860	+0.0027554	+0.0029203	+0.0030679
2014-10	0.032	-0.0014535	-0.0012462	-0.0010508	-0.0008583	-0.0006477	-0.0004243	-0.0001903	+0.0000636	+0.0003336	+0.0006194	+0.0009059	+0.0011861	+0.0014535	+0.0017077	+0.0019380	+0.0021420	+0.0023412	+0.0025230	+0.0026914	+0.0028620	+0.0030258
2014-11	0.122	-0.0014543	-0.0012598	-0.0010662	-0.0008434	-0.0006172	-0.0003989	-0.0001554	+0.0001128	+0.0003830	+0.0006571	+0.0009336	+0.0012062	+0.0014803	+0.0017416	+0.0019860	+0.0022115	+0.0024106	+0.0026111	+0.0027889	+0.0029531	+0.0030906
2014-12	-0.004	-0.0014479	-0.0012395	-0.0010122	-0.0007876	-0.0005634	-0.0003212	-0.0000603	+0.0002201	+0.0005104	+0.0007975	+0.0010888	+0.0013800	+0.0016625	+0.0019339	+0.0022025	+0.0024535	+0.0026825	+0.0029028	+0.0030947	+0.0032498	+0.0033980
2015-01	0.112	-0.0016986	-0.0014822	-0.0012572	-0.0010041	-0.0007469	-0.0004937	-0.0002284	+0.0000501	+0.0003449	+0.0006459	+0.0009479	+0.0012483	+0.0015373	+0.0018095	+0.0020580	+0.0022964	+0.0025236	+0.0027280	+0.0029136	+0.0030801	+0.0032306
2015-02	-0.023	-0.0015187	-0.0013232	-0.0011059	-0.0008785	-0.0006343	-0.0003824	-0.0001263	+0.0001513	+0.0004429	+0.0007470	+0.0010579	+0.0013496	+0.0016386	+0.0018955	+0.0021392	+0.0023678	+0.0025750	+0.0027554	+0.0029434	+0.0031174	+0.0032647
