2013-03	0.033	-0.0015793	-0.0014520	-0.0013078	-0.0011193	-0.0009425	-0.0007610	-0.0005692	-0.0003439	-0.0001226	+0.0001021	+0.0003430	+0.0005853	+0.0008079	+0.0010213	+0.0012144	+0.0013831	+0.0015403	+0.0016895	+0.0018361	+0.0019773	+0.0021307
2013-04	0.048	-0.0016734	-0.0015318	-0.0013771	-0.0012088	-0.0010445	-0.0008613	-0.0006634	-0.0004531	-0.0002360	-0.0000076	+0.0002240	+0.0004503	+0.0006736	+0.0008818	+0.0010830	+0.0012662	+0.0014334	+0.0015777	+0.0017156	+0.0018273	+0.0019425
2013-05	0.045	-0.0014752	-0.0013142	-0.0011770	-0.0010250	-0.0008352	-0.0006455	-0.0004513	-0.0002433	-0.0000220	+0.0002088	+0.0004395	+0.0006553	+0.0008667	+0.0010677	+0.0012479	+0.0014212	+0.0015820	+0.0017190	+0.0018561	+0.0019781	+0.0020906
2013-06	-0.139	-0.0014690	-0.0012851	-0.0011223	-0.0009459	-0.0007543	-0.0005538	-0.0003387	-0.0001193	+0.0001074	+0.0003392	+0.0005746	+0.0008133	+0.0010428	+0.0012498	+0.0014443	+0.0016127	+0.0017756	+0.0019290	+0.0020619	+0.0021842	+0.0022995
2013-07	0.022	-0.0019261	-0.0017667	-0.0016179	-0.0014364	-0.0012501	-0.0010476	-0.0008189	-0.0005818	-0.0003329	-0.0000767	+0.0001842	+0.0004361	+0.0006794	+0.0009029	+0.0011060	+0.0012975	+0.0014655	+0.0016298	+0.0017783	+0.0019220	+0.0020578
2013-08	-0.098	-0.0015303	-0.0013648	-0.0011955	-0.0010231	-0.0008315	-0.0006357	-0.0004262	-0.0002097	+0.0000168	+0.0002612	+0.0005027	+0.0007430	+0.0009677	+0.0011808	+0.0013766	+0.0015570	+0.0017331	+0.0018840	+0.0020327	+0.0021808	+0.0022947
2013-09	0.072	-0.0015009	-0.0013675	-0.0012007	-0.0010345	-0.0008467	-0.0006504	-0.0004428	-0.0002190	+0.0000207	+0.0002643	+0.0005109	+0.0007512	+0.0009780	+0.0011966	+0.0014001	+0.0015827	+0.0017469	+0.0018899	+0.0020298	+0.0021484	+0.0022523
2013-10	0.068	-0.0011243	-0.0009907	-0.0008196	-0.0006489	-0.0004598	-0.0002636	-0.0000750	+0.0001248	+0.0003411	+0.0005542	+0.0007740	+0.0009948	+0.0012130	+0.0014176	+0.0016103	+0.0017963	+0.0019725	+0.0021303	+0.0022800	+0.0024041	+0.0025151
2013-11	-0.019	-0.0011527	-0.0010108	-0.0008569	-0.0007069	-0.0005341	-0.0003566	-0.0001653	+0.0000437	+0.0002584	+0.0004789	+0.0006916	+0.0009065	+0.0011077	+0.0013002	+0.0014781	+0.0016345	+0.0017822	+0.0019110	+0.0020442	+0.0021632	+0.0022843
2013-12	0.026	-0.0011492	-0.0010009	-0.0008176	-0.0006399	-0.0004506	-0.0002559	-0.0000674	+0.0001393	+0.0003526	+0.0005701	+0.0007859	+0.0010009	+0.0012100	+0.0014091	+0.0015829	+0.0017414	+0.0018749	+0.0020069	+0.0021253	+0.0022434	+0.0023523
2014-01	-0.019	-0.0012049	-0.0010319	-0.0008565	-0.0006679	-0.0004797	-0.0002840	-0.0000810	+0.0001282	+0.0003458	+0.0005631	+0.0007788	+0.0009812	+0.0011804	+0.0013700	+0.0015401	+0.0016908	+0.0018424	+0.0019959	+0.0021160	+0.0022355	+0.0023561
2014-02	0.049	-0.0011141	-0.0009705	-0.0008206	-0.0006697	-0.0005157	-0.0003528	-0.0001669	+0.0000264	+0.0002300	+0.0004385	+0.0006498	+0.0008581	+0.0010535	+0.0012374	+0.0014033	+0.0015602	+0.0016953	+0.0018212	+0.0019358	+0.0020533	+0.0021544
2014-03	0.046	-0.0011613	-0.0010181	-0.0008787	-0.0007316	-0.0005692	-0.0003973	-0.0002080	-0.0000080	+0.0001979	+0.0004091	+0.0006241	+0.0008328	+0.0010288	+0.0012073	+0.0013765	+0.0015303	+0.0016735	+0.0018071	+0.0019292	+0.0020352	+0.0021474
2014-04	-0.011	-0.0010573	-0.0009100	-0.0007522	-0.0006012	-0.0004370	-0.0002646	-0.0000728	+0.0001249	+0.0003317	+0.0005469	+0.0007592	+0.0009701	+0.0011715	+0.0013546	+0.0015228	+0.0016794	+0.0018292	+0.0019702	+0.0020928	+0.0022014	+0.0023145
2014-05	0.046	-0.0007824	-0.0006384	-0.0004876	-0.0003482	-0.0001806	-0.0000018	+0.0001816	+0.0003765	+0.0005772	+0.0007838	+0.0009894	+0.0011873	+0.0013822	+0.0015663	+0.0017289	+0.0018797	+0.0020106	+0.0021384	+0.0022606	+0.0023578	+0.0024512
2014-06	-0.002	-0.0008486	-0.0006784	-0.0005119	-0.0003001	-0.0000880	+0.0001327	+0.0003523	+0.0005611	+0.0007781	+0.0009893	+0.0011960	+0.0013905	+0.0015724	+0.0017425	+0.0018934	+0.0020341	+0.0021674	+0.0022875	+0.0023967	+0.0025027	+0.0026031
2014-07	0.077	-0.0008507	-0.0006725	-0.0005104	-0.0003105	-0.0001230	+0.0000770	+0.0002773	+0.0004832	+0.0006889	+0.0008926	+0.0010950	+0.0012959	+0.0014843	+0.0016578	+0.0018175	+0.0019638	+0.0021027	+0.0022254	+0.0023428	+0.0024586	+0.0025687
2014-08	0.008	-0.0008386	-0.0006676	-0.0004605	-0.0002376	-0.0000210	+0.0001745	+0.0003741	+0.0005805	+0.0007908	+0.0009994	+0.0012024	+0.0013909	+0.0015604	+0.0017200	+0.0018730	+0.0020255	+0.0021629	+0.0022834	+0.0023932	+0.0025034	+0.0026021
2014-09	0.018	-0.0008645	-0.0006842	-0.0004724	-0.0002661	-0.0000515	+0.0001730	+0.0003828	+0.0005854	+0.0007881	+0.0009943	+0.0011952	+0.0013881	+0.0015724	+0.0017430	+0.0019002	+0.0020355	+0.0021586	+0.0022665	+0.0023559	+0.0024477	+0.0025230
2014-10	0.020	-0.0007977	-0.0006420	-0.0004487	-0.0002607	-0.0000686	+0.0001355	+0.0003537	+0.0005645	+0.0007723	+0.0009772	+0.0011676	+0.0013504	+0.0015307	+0.0017141	+0.0018719	+0.0020071	+0.0021259	+0.0022434	+0.0023491	+0.0024388	+0.0025179
2014-11	0.097	-0.0007908	-0.0006169	-0.0004440	-0.0002834	-0.0001104	+0.0000788	+0.0002616	+0.0004476	+0.0006362	+0.0008396	+0.0010366	+0.0012242	+0.0014023	+0.0015693	+0.0017196	+0.0018575	+0.0019818	+0.0020967	+0.0022116	+0.0023056	+0.0023906
2014-12	-0.009	-0.0009116	-0.0007417	-0.0005491	-0.0003729	-0.0001752	+0.0000311	+0.0002604	+0.0004736	+0.0006833	+0.0009002	+0.0011165	+0.0013207	+0.0015139	+0.0016897	+0.0018509	+0.0020033	+0.0021370	+0.0022548	+0.0023725	+0.0024858	+0.0025999
2015-01	0.037	-0.0010667	-0.0008670	-0.0006780	-0.0005110	-0.0003185	-0.0001260	+0.0000841	+0.0002911	+0.0004948	+0.0007026	+0.0009042	+0.0011003	+0.0012891	+0.0014627	+0.0016199	+0.0017582	+0.0018848	+0.0020030	+0.0021086	+0.0021966	+0.0022757
2015-02	-0.011	-0.0009613	-0.0008033	-0.0006481	-0.0004872	-0.0003165	-0.0001378	+0.0000477	+0.0002390	+0.0004360	+0.0006346	+0.0008397	+0.0010342	+0.0012071	+0.0013665	+0.0015151	+0.0016511	+0.0017827	+0.0019091	+0.0020212	+0.0021312	+0.0022328
