2013-01	0.046	-0.0003937	-0.0003512	-0.0003038	-0.0002512	-0.0001932	-0.0001354	-0.0000693	-0.0000006	+0.0000733	+0.0001499	+0.0002286	+0.0003060	+0.0003804	+0.0004495	+0.0005167	+0.0005783	+0.0006353	+0.0006897	+0.0007403	+0.0007871	+0.0008309
2013-02	0.001	-0.0003490	-0.0002954	-0.0002358	-0.0001744	-0.0001122	-0.0000518	+0.0000160	+0.0000907	+0.0001722	+0.0002568	+0.0003433	+0.0004301	+0.0005160	+0.0006016	+0.0006801	+0.0007521	+0.0008198	+0.0008846	+0.0009432	+0.0009986	+0.0010492
2013-03	0.011	-0.0004063	-0.0003412	-0.0002718	-0.0002028	-0.0001279	-0.0000408	+0.0000477	+0.0001379	+0.0002263	+0.0003178	+0.0004091	+0.0005011	+0.0005877	+0.0006715	+0.0007497	+0.0008241	+0.0008943	+0.0009624	+0.0010303	+0.0010862	+0.0011381
2013-04	0.061	-0.0003444	-0.0002908	-0.0002329	-0.0001704	-0.0001085	-0.0000430	+0.0000237	+0.0000968	+0.0001781	+0.0002627	+0.0003475	+0.0004336	+0.0005166	+0.0005979	+0.0006767	+0.0007506	+0.0008206	+0.0008828	+0.0009420	+0.0010013	+0.0010521
2013-05	0.009	-0.0003341	-0.0002536	-0.0001686	-0.0000934	-0.0000139	+0.0000669	+0.0001512	+0.0002369	+0.0003227	+0.0004135	+0.0005066	+0.0005993	+0.0006893	+0.0007755	+0.0008549	+0.0009315	+0.0010063	+0.0010729	+0.0011376	+0.0011954	+0.0012461
2013-06	-0.042	-0.0003924	-0.0002796	-0.0001964	-0.0001127	-0.0000190	+0.0000689	+0.0001640	+0.0002542	+0.0003466	+0.0004382	+0.0005323	+0.0006272	+0.0007191	+0.0008080	+0.0008923	+0.0009708	+0.0010421	+0.0011074	+0.0011755	+0.0012396	+0.0013063
2013-07	0.006	-0.0004341	-0.0003682	-0.0002864	-0.0001988	-0.0001122	-0.0000259	+0.0000591	+0.0001477	+0.0002402	+0.0003366	+0.0004384	+0.0005415	+0.0006417	+0.0007381	+0.0008264	+0.0009111	+0.0009871	+0.0010581	+0.0011156	+0.0011756	+0.0012310
2013-08	-0.004	-0.0004016	-0.0003070	-0.0002281	-0.0001437	-0.0000596	+0.0000246	+0.0001156	+0.0002140	+0.0003138	+0.0004152	+0.0005162	+0.0006144	+0.0007093	+0.0007981	+0.0008846	+0.0009624	+0.0010355	+0.0011000	+0.0011624	+0.0012195	+0.0012799
2013-09	0.012	-0.0004135	-0.0003281	-0.0002410	-0.0001579	-0.0000731	+0.0000134	+0.0001058	+0.0001972	+0.0002933	+0.0003938	+0.0004956	+0.0005994	+0.0006967	+0.0007883	+0.0008754	+0.0009521	+0.0010273	+0.0010981	+0.0011709	+0.0012382	+0.0013060
2013-10	0.022	-0.0003603	-0.0002783	-0.0001858	-0.0000876	+0.0000046	+0.0000931	+0.0001858	+0.0002815	+0.0003738	+0.0004681	+0.0005623	+0.0006579	+0.0007510	+0.0008388	+0.0009237	+0.0010012	+0.0010725	+0.0011379	+0.0011986	+0.0012540	+0.0013065
2013-11	0.030	-0.0003013	-0.0002371	-0.0001683	-0.0000882	-0.0000057	+0.0000850	+0.0001838	+0.0002794	+0.0003704	+0.0004651	+0.0005635	+0.0006604	+0.0007571	+0.0008501	+0.0009348	+0.0010128	+0.0010842	+0.0011501	+0.0012163	+0.0012736	+0.0013359
2013-12	0.022	-0.0003365	-0.0002385	-0.0001420	-0.0000491	+0.0000369	+0.0001294	+0.0002265	+0.0003194	+0.0004150	+0.0005126	+0.0006083	+0.0007012	+0.0007923	+0.0008795	+0.0009641	+0.0010433	+0.0011108	+0.0011745	+0.0012315	+0.0012823	+0.0013341
2014-01	-0.016	-0.0003840	-0.0002901	-0.0001777	-0.0000589	+0.0000659	+0.0001870	+0.0003002	+0.0004088	+0.0005139	+0.0006165	+0.0007185	+0.0008153	+0.0009069	+0.0009935	+0.0010727	+0.0011428	+0.0012069	+0.0012643	+0.0013220	+0.0013744	+0.0014199
2014-02	0.005	-0.0004675	-0.0003644	-0.0002394	-0.0001214	+0.0000060	+0.0001248	+0.0002392	+0.0003487	+0.0004544	+0.0005572	+0.0006555	+0.0007513	+0.0008400	+0.0009261	+0.0010106	+0.0010892	+0.0011620	+0.0012299	+0.0012905	+0.0013464	+0.0014014
2014-03	0.012	-0.0003101	-0.0002457	-0.0001700	-0.0000960	-0.0000184	+0.0000703	+0.0001609	+0.0002523	+0.0003455	+0.0004399	+0.0005344	+0.0006262	+0.0007180	+0.0008080	+0.0008891	+0.0009673	+0.0010427	+0.0011130	+0.0011754	+0.0012326	+0.0012864
2014-04	0.003	-0.0003332	-0.0002224	-0.0001346	-0.0000557	+0.0000269	+0.0001197	+0.0002130	+0.0003028	+0.0003956	+0.0004847	+0.0005738	+0.0006620	+0.0007488	+0.0008324	+0.0009121	+0.0009830	+0.0010513	+0.0011192	+0.0011791	+0.0012328	+0.0012866
2014-05	-0.003	-0.0002852	-0.0002084	-0.0001138	-0.0000145	+0.0000835	+0.0001795	+0.0002725	+0.0003632	+0.0004546	+0.0005457	+0.0006359	+0.0007243	+0.0008065	+0.0008851	+0.0009572	+0.0010256	+0.0010868	+0.0011473	+0.0012027	+0.0012549	+0.0013042
2014-06	0.003	-0.0004484	-0.0003221	-0.0002109	-0.0000874	+0.0000539	+0.0001840	+0.0002980	+0.0003967	+0.0004871	+0.0005810	+0.0006742	+0.0007643	+0.0008501	+0.0009314	+0.0010046	+0.0010719	+0.0011308	+0.0011853	+0.0012386	+0.0012852	+0.0013295
2014-07	0.009	-0.0003625	-0.0002664	-0.0001518	-0.0000354	+0.0000766	+0.0001835	+0.0002815	+0.0003772	+0.0004746	+0.0005673	+0.0006591	+0.0007495	+0.0008347	+0.0009138	+0.0009857	+0.0010558	+0.0011217	+0.0011832	+0.0012359	+0.0012846	+0.0013305
2014-08	0.013	-0.0003201	-0.0002422	-0.0001474	-0.0000366	+0.0000938	+0.0002215	+0.0003324	+0.0004287	+0.0005171	+0.0006036	+0.0006899	+0.0007729	+0.0008560	+0.0009305	+0.0010036	+0.0010780	+0.0011448	+0.0012033	+0.0012587	+0.0013067	+0.0013545
2014-09	0.024	-0.0003462	-0.0002591	-0.0001637	-0.0000408	+0.0000841	+0.0002071	+0.0003195	+0.0004152	+0.0005036	+0.0005952	+0.0006831	+0.0007704	+0.0008548	+0.0009341	+0.0010093	+0.0010766	+0.0011390	+0.0011980	+0.0012594	+0.0013130	+0.0013586
2014-10	0.000	-0.0003442	-0.0002476	-0.0001466	-0.0000417	+0.0000811	+0.0002156	+0.0003336	+0.0004308	+0.0005225	+0.0006111	+0.0007001	+0.0007861	+0.0008674	+0.0009418	+0.0010135	+0.0010794	+0.0011400	+0.0011942	+0.0012465	+0.0013023	+0.0013607
2014-11	0.071	-0.0003564	-0.0002561	-0.0001525	-0.0000509	+0.0000710	+0.0001999	+0.0003047	+0.0003992	+0.0004902	+0.0005759	+0.0006603	+0.0007404	+0.0008197	+0.0008949	+0.0009688	+0.0010324	+0.0010920	+0.0011494	+0.0011977	+0.0012467	+0.0012928
2014-12	0.009	-0.0003299	-0.0002370	-0.0001485	-0.0000369	+0.0000748	+0.0002007	+0.0003106	+0.0004093	+0.0005063	+0.0006022	+0.0006950	+0.0007860	+0.0008726	+0.0009532	+0.0010279	+0.0010986	+0.0011655	+0.0012284	+0.0012881	+0.0013461	+0.0013994
2015-01	-0.024	-0.0004523	-0.0003380	-0.0002369	-0.0001053	+0.0000301	+0.0001469	+0.0002488	+0.0003450	+0.0004325	+0.0005189	+0.0006039	+0.0006895	+0.0007699	+0.0008448	+0.0009137	+0.0009785	+0.0010372	+0.0010911	+0.0011429	+0.0011904	+0.0012322
2015-02	0.003	-0.0003807	-0.0003020	-0.0002244	-0.0001380	-0.0000455	+0.0000453	+0.0001336	+0.0002193	+0.0003045	+0.0003873	+0.0004721	+0.0005540	+0.0006328	+0.0007077	+0.0007778	+0.0008417	+0.0008985	+0.0009539	+0.0010059	+0.0010498	+0.0010967
