2013-01	0.049	-0.0004289	-0.0003829	-0.0003347	-0.0002820	-0.0002224	-0.0001628	-0.0001001	-0.0000315	+0.0000424	+0.0001210	+0.0001996	+0.0002761	+0.0003495	+0.0004175	+0.0004823	+0.0005413	+0.0005955	+0.0006436	+0.0006946	+0.0007402	+0.0007866
2013-02	0.013	-0.0003917	-0.0003369	-0.0002795	-0.0002164	-0.0001513	-0.0000870	-0.0000181	+0.0000563	+0.0001355	+0.0002182	+0.0003016	+0.0003856	+0.0004672	+0.0005447	+0.0006221	+0.0006933	+0.0007550	+0.0008167	+0.0008694	+0.0009149	+0.0009629
2013-03	0.020	-0.0003862	-0.0003257	-0.0002560	-0.0001838	-0.0001091	-0.0000347	+0.0000459	+0.0001298	+0.0002140	+0.0003048	+0.0003938	+0.0004805	+0.0005648	+0.0006465	+0.0007226	+0.0007935	+0.0008631	+0.0009258	+0.0009855	+0.0010425	+0.0010953
2013-04	0.043	-0.0003179	-0.0002581	-0.0002005	-0.0001402	-0.0000745	-0.0000061	+0.0000681	+0.0001455	+0.0002244	+0.0003060	+0.0003917	+0.0004792	+0.0005631	+0.0006395	+0.0007111	+0.0007802	+0.0008427	+0.0009009	+0.0009561	+0.0010076	+0.0010586
2013-05	0.013	-0.0003214	-0.0002501	-0.0001714	-0.0000906	-0.0000088	+0.0000717	+0.0001567	+0.0002424	+0.0003262	+0.0004120	+0.0005011	+0.0005876	+0.0006709	+0.0007501	+0.0008207	+0.0008897	+0.0009527	+0.0010125	+0.0010692	+0.0011196	+0.0011685
2013-06	-0.041	-0.0003710	-0.0002710	-0.0001778	-0.0000808	+0.0000166	+0.0001069	+0.0002024	+0.0002984	+0.0003914	+0.0004818	+0.0005720	+0.0006595	+0.0007481	+0.0008308	+0.0009062	+0.0009780	+0.0010453	+0.0011098	+0.0011710	+0.0012262	+0.0012721
2013-07	0.011	-0.0004341	-0.0003603	-0.0002914	-0.0002122	-0.0001261	-0.0000384	+0.0000503	+0.0001403	+0.0002389	+0.0003384	+0.0004375	+0.0005389	+0.0006345	+0.0007221	+0.0008072	+0.0008872	+0.0009565	+0.0010189	+0.0010803	+0.0011347	+0.0011840
2013-08	-0.006	-0.0002960	-0.0002165	-0.0001412	-0.0000588	+0.0000296	+0.0001153	+0.0002020	+0.0002920	+0.0003872	+0.0004864	+0.0005832	+0.0006782	+0.0007679	+0.0008520	+0.0009304	+0.0010019	+0.0010690	+0.0011301	+0.0011917	+0.0012480	+0.0012960
2013-09	0.019	-0.0003727	-0.0002735	-0.0001813	-0.0000927	-0.0000075	+0.0000842	+0.0001803	+0.0002787	+0.0003789	+0.0004811	+0.0005800	+0.0006774	+0.0007704	+0.0008565	+0.0009354	+0.0010054	+0.0010739	+0.0011354	+0.0011934	+0.0012482	+0.0013000
2013-10	0.022	-0.0003340	-0.0002433	-0.0001388	-0.0000343	+0.0000693	+0.0001798	+0.0002837	+0.0003834	+0.0004757	+0.0005685	+0.0006605	+0.0007490	+0.0008346	+0.0009204	+0.0010010	+0.0010712	+0.0011356	+0.0011913	+0.0012483	+0.0012980	+0.0013435
2013-11	0.027	-0.0002754	-0.0002016	-0.0001182	-0.0000344	+0.0000595	+0.0001591	+0.0002558	+0.0003507	+0.0004475	+0.0005426	+0.0006341	+0.0007255	+0.0008128	+0.0008948	+0.0009692	+0.0010395	+0.0011038	+0.0011641	+0.0012218	+0.0012763	+0.0013266
2013-12	0.019	-0.0003319	-0.0002290	-0.0001338	-0.0000227	+0.0000885	+0.0002039	+0.0003082	+0.0004016	+0.0004970	+0.0005900	+0.0006777	+0.0007666	+0.0008532	+0.0009345	+0.0010088	+0.0010759	+0.0011378	+0.0011925	+0.0012396	+0.0012869	+0.0013331
2014-01	-0.018	-0.0003694	-0.0002782	-0.0001777	-0.0000619	+0.0000616	+0.0001907	+0.0003075	+0.0004216	+0.0005264	+0.0006248	+0.0007192	+0.0008096	+0.0008940	+0.0009740	+0.0010451	+0.0011087	+0.0011636	+0.0012190	+0.0012697	+0.0013173	+0.0013609
2014-02	0.009	-0.0004463	-0.0003504	-0.0002283	-0.0001118	+0.0000108	+0.0001409	+0.0002585	+0.0003691	+0.0004717	+0.0005709	+0.0006644	+0.0007542	+0.0008423	+0.0009222	+0.0009953	+0.0010633	+0.0011264	+0.0011893	+0.0012449	+0.0012979	+0.0013428
2014-03	0.007	-0.0003175	-0.0002483	-0.0001673	-0.0000778	+0.0000076	+0.0000915	+0.0001804	+0.0002740	+0.0003671	+0.0004613	+0.0005525	+0.0006415	+0.0007267	+0.0008073	+0.0008814	+0.0009516	+0.0010143	+0.0010732	+0.0011255	+0.0011753	+0.0012269
2014-04	0.001	-0.0003283	-0.0002332	-0.0001430	-0.0000548	+0.0000310	+0.0001221	+0.0002168	+0.0003073	+0.0003991	+0.0004896	+0.0005767	+0.0006607	+0.0007418	+0.0008215	+0.0008954	+0.0009630	+0.0010232	+0.0010818	+0.0011376	+0.0011946	+0.0012447
2014-05	0.005	-0.0002724	-0.0001853	-0.0000994	-0.0000085	+0.0000813	+0.0001769	+0.0002699	+0.0003680	+0.0004606	+0.0005478	+0.0006365	+0.0007218	+0.0008004	+0.0008728	+0.0009430	+0.0010073	+0.0010603	+0.0011129	+0.0011629	+0.0012149	+0.0012645
2014-06	0.007	-0.0004064	-0.0002980	-0.0001833	-0.0000681	+0.0000684	+0.0002077	+0.0003241	+0.0004228	+0.0005161	+0.0006044	+0.0006918	+0.0007762	+0.0008547	+0.0009288	+0.0009969	+0.0010553	+0.0011122	+0.0011627	+0.0012056	+0.0012498	+0.0012937
2014-07	0.007	-0.0003532	-0.0002581	-0.0001373	-0.0000197	+0.0000851	+0.0001854	+0.0002887	+0.0003899	+0.0004840	+0.0005746	+0.0006620	+0.0007446	+0.0008232	+0.0008971	+0.0009647	+0.0010273	+0.0010829	+0.0011382	+0.0011828	+0.0012284	+0.0012683
2014-08	0.010	-0.0003155	-0.0002411	-0.0001449	-0.0000420	+0.0000806	+0.0002102	+0.0003284	+0.0004231	+0.0005111	+0.0005928	+0.0006750	+0.0007533	+0.0008293	+0.0009022	+0.0009700	+0.0010346	+0.0010947	+0.0011458	+0.0011928	+0.0012351	+0.0012767
2014-09	0.019	-0.0003273	-0.0002414	-0.0001468	-0.0000354	+0.0000799	+0.0002024	+0.0003164	+0.0004130	+0.0005026	+0.0005886	+0.0006721	+0.0007537	+0.0008336	+0.0009058	+0.0009697	+0.0010296	+0.0010871	+0.0011410	+0.0011898	+0.0012361	+0.0012837
2014-10	0.004	-0.0003389	-0.0002395	-0.0001352	-0.0000289	+0.0000825	+0.0002201	+0.0003388	+0.0004366	+0.0005290	+0.0006185	+0.0007024	+0.0007836	+0.0008599	+0.0009293	+0.0009942	+0.0010524	+0.0011086	+0.0011607	+0.0012067	+0.0012544	+0.0012971
2014-11	0.060	-0.0003419	-0.0002522	-0.0001610	-0.0000545	+0.0000701	+0.0001859	+0.0002932	+0.0003829	+0.0004731	+0.0005622	+0.0006467	+0.0007253	+0.0008004	+0.0008717	+0.0009372	+0.0010006	+0.0010577	+0.0011097	+0.0011620	+0.0012103	+0.0012490
2014-12	0.004	-0.0003413	-0.0002522	-0.0001594	-0.0000501	+0.0000691	+0.0001884	+0.0003060	+0.0004078	+0.0005063	+0.0006023	+0.0006937	+0.0007820	+0.0008675	+0.0009472	+0.0010216	+0.0010921	+0.0011533	+0.0012151	+0.0012760	+0.0013284	+0.0013758
2015-01	-0.013	-0.0004541	-0.0003400	-0.0002292	-0.0001082	+0.0000157	+0.0001285	+0.0002295	+0.0003251	+0.0004138	+0.0004993	+0.0005834	+0.0006645	+0.0007436	+0.0008160	+0.0008824	+0.0009443	+0.0009996	+0.0010484	+0.0011004	+0.0011431	+0.0011857
2015-02	-0.002	-0.0003606	-0.0002894	-0.0002120	-0.0001269	-0.0000267	+0.0000647	+0.0001509	+0.0002364	+0.0003200	+0.0004041	+0.0004876	+0.0005662	+0.0006443	+0.0007141	+0.0007789	+0.0008407	+0.0008965	+0.0009467	+0.0009927	+0.0010356	+0.0010826
