2013-01	0.039	-0.0016118	-0.0014777	-0.0013436	-0.0012075	-0.0010649	-0.0009094	-0.0007368	-0.0005517	-0.0003581	-0.0001591	+0.0000406	+0.0002334	+0.0004138	+0.0005822	+0.0007352	+0.0008739	+0.0009969	+0.0011099	+0.0012233	+0.0013287	+0.0014334
2013-02	-0.001	-0.0015604	-0.0014433	-0.0013003	-0.0011638	-0.0010044	-0.0008395	-0.0006755	-0.0004992	-0.0003173	-0.0001289	+0.0000606	+0.0002498	+0.0004316	+0.0006094	+0.0007725	+0.0009134	+0.0010489	+0.0011784	+0.0013014	+0.0014317	+0.0015616
2013-03	0.015	-0.0014184	-0.0013053	-0.0011707	-0.0010339	-0.0008894	-0.0007296	-0.0005587	-0.0003813	-0.0001943	-0.0000048	+0.0001916	+0.0003881	+0.0005735	+0.0007495	+0.0009078	+0.0010590	+0.0011964	+0.0013245	+0.0014435	+0.0015416	+0.0016306
2013-04	-0.022	-0.0014605	-0.0013273	-0.0011974	-0.0010543	-0.0009020	-0.0007463	-0.0005808	-0.0004071	-0.0002334	-0.0000465	+0.0001437	+0.0003358	+0.0005226	+0.0006983	+0.0008658	+0.0010138	+0.0011557	+0.0012845	+0.0013998	+0.0015090	+0.0016113
2013-05	0.042	-0.0014684	-0.0013432	-0.0012172	-0.0010919	-0.0009561	-0.0008118	-0.0006524	-0.0004922	-0.0003144	-0.0001209	+0.0000687	+0.0002526	+0.0004296	+0.0005932	+0.0007428	+0.0008839	+0.0010136	+0.0011389	+0.0012514	+0.0013603	+0.0014754
2013-06	-0.025	-0.0013745	-0.0012323	-0.0011059	-0.0009587	-0.0008017	-0.0006387	-0.0004568	-0.0002745	-0.0000928	+0.0000989	+0.0002918	+0.0004756	+0.0006499	+0.0008144	+0.0009673	+0.0011076	+0.0012310	+0.0013393	+0.0014404	+0.0015320	+0.0016267
2013-07	0.061	-0.0014433	-0.0012978	-0.0011722	-0.0010413	-0.0008952	-0.0007422	-0.0005889	-0.0004216	-0.0002378	-0.0000506	+0.0001385	+0.0003256	+0.0005108	+0.0006791	+0.0008418	+0.0009862	+0.0011248	+0.0012482	+0.0013685	+0.0014806	+0.0015782
2013-08	-0.002	-0.0007935	-0.0006865	-0.0005822	-0.0004688	-0.0003470	-0.0002161	-0.0000771	+0.0000755	+0.0002342	+0.0003961	+0.0005641	+0.0007313	+0.0008900	+0.0010359	+0.0011679	+0.0012973	+0.0014227	+0.0015368	+0.0016518	+0.0017380	+0.0018171
2013-09	0.058	-0.0006881	-0.0005835	-0.0004699	-0.0003510	-0.0002413	-0.0001202	+0.0000072	+0.0001455	+0.0002912	+0.0004463	+0.0006089	+0.0007648	+0.0009186	+0.0010605	+0.0011967	+0.0013240	+0.0014370	+0.0015437	+0.0016485	+0.0017436	+0.0018328
2013-10	0.023	-0.0006132	-0.0005211	-0.0004102	-0.0002969	-0.0001707	-0.0000453	+0.0000910	+0.0002346	+0.0003807	+0.0005273	+0.0006777	+0.0008307	+0.0009811	+0.0011239	+0.0012587	+0.0013873	+0.0015049	+0.0016075	+0.0017087	+0.0018047	+0.0019001
2013-11	0.023	-0.0004902	-0.0004042	-0.0003147	-0.0002194	-0.0001164	-0.0000043	+0.0001175	+0.0002490	+0.0003869	+0.0005276	+0.0006690	+0.0008072	+0.0009361	+0.0010572	+0.0011784	+0.0012883	+0.0013900	+0.0014801	+0.0015676	+0.0016468	+0.0017331
2013-12	0.036	-0.0005383	-0.0004173	-0.0002755	-0.0001541	-0.0000421	+0.0000791	+0.0002151	+0.0003550	+0.0004955	+0.0006359	+0.0007760	+0.0009112	+0.0010374	+0.0011590	+0.0012719	+0.0013776	+0.0014709	+0.0015604	+0.0016472	+0.0017353	+0.0018090
2014-01	0.016	-0.0006263	-0.0005019	-0.0003463	-0.0002112	-0.0000729	+0.0000688	+0.0002048	+0.0003388	+0.0004817	+0.0006244	+0.0007662	+0.0009098	+0.0010405	+0.0011606	+0.0012739	+0.0013790	+0.0014741	+0.0015626	+0.0016464	+0.0017158	+0.0017849
2014-02	0.047	-0.0006766	-0.0005600	-0.0004367	-0.0002870	-0.0001530	-0.0000170	+0.0001171	+0.0002546	+0.0003903	+0.0005236	+0.0006529	+0.0007792	+0.0009031	+0.0010201	+0.0011284	+0.0012293	+0.0013220	+0.0014125	+0.0014887	+0.0015563	+0.0016206
2014-03	-0.057	-0.0004694	-0.0003840	-0.0002916	-0.0002033	-0.0000976	+0.0000059	+0.0001176	+0.0002398	+0.0003679	+0.0004995	+0.0006271	+0.0007542	+0.0008771	+0.0009912	+0.0010955	+0.0011934	+0.0012818	+0.0013601	+0.0014429	+0.0015138	+0.0015835
2014-04	-0.052	-0.0005313	-0.0004386	-0.0003405	-0.0002414	-0.0001429	-0.0000381	+0.0000686	+0.0001905	+0.0003183	+0.0004480	+0.0005789	+0.0007039	+0.0008280	+0.0009474	+0.0010559	+0.0011578	+0.0012518	+0.0013343	+0.0014099	+0.0014867	+0.0015571
2014-05	0.054	-0.0005218	-0.0004397	-0.0003485	-0.0002566	-0.0001571	-0.0000553	+0.0000582	+0.0001792	+0.0003038	+0.0004302	+0.0005567	+0.0006852	+0.0008072	+0.0009236	+0.0010336	+0.0011342	+0.0012310	+0.0013174	+0.0013952	+0.0014645	+0.0015308
2014-06	0.029	-0.0004883	-0.0003996	-0.0003120	-0.0002138	-0.0001084	+0.0000051	+0.0001322	+0.0002664	+0.0003985	+0.0005307	+0.0006622	+0.0007912	+0.0009164	+0.0010291	+0.0011333	+0.0012293	+0.0013179	+0.0013983	+0.0014845	+0.0015684	+0.0016456
2014-07	0.025	-0.0004510	-0.0003528	-0.0002597	-0.0001598	-0.0000563	+0.0000565	+0.0001789	+0.0003067	+0.0004379	+0.0005683	+0.0006959	+0.0008171	+0.0009344	+0.0010509	+0.0011574	+0.0012509	+0.0013370	+0.0014108	+0.0014803	+0.0015474	+0.0016067
2014-08	0.014	-0.0005528	-0.0004240	-0.0003018	-0.0001736	-0.0000556	+0.0000667	+0.0001942	+0.0003213	+0.0004483	+0.0005773	+0.0007062	+0.0008296	+0.0009505	+0.0010680	+0.0011794	+0.0012828	+0.0013807	+0.0014668	+0.0015444	+0.0016161	+0.0016794
2014-09	-0.021	-0.0005012	-0.0004043	-0.0002961	-0.0001939	-0.0000841	+0.0000256	+0.0001401	+0.0002580	+0.0003833	+0.0005044	+0.0006261	+0.0007454	+0.0008627	+0.0009705	+0.0010731	+0.0011652	+0.0012526	+0.0013281	+0.0014021	+0.0014685	+0.0015279
2014-10	0.011	-0.0003997	-0.0003183	-0.0002346	-0.0001378	-0.0000350	+0.0000770	+0.0001977	+0.0003228	+0.0004462	+0.0005745	+0.0006965	+0.0008118	+0.0009237	+0.0010296	+0.0011276	+0.0012173	+0.0013039	+0.0013870	+0.0014646	+0.0015367	+0.0016176
2014-11	0.042	-0.0004712	-0.0003456	-0.0002492	-0.0001324	-0.0000087	+0.0001083	+0.0002333	+0.0003555	+0.0004737	+0.0005953	+0.0007241	+0.0008452	+0.0009577	+0.0010621	+0.0011587	+0.0012480	+0.0013301	+0.0014023	+0.0014696	+0.0015378	+0.0015949
2014-12	0.001	-0.0005305	-0.0004186	-0.0002961	-0.0001626	-0.0000303	+0.0001011	+0.0002348	+0.0003681	+0.0004975	+0.0006253	+0.0007492	+0.0008669	+0.0009821	+0.0010950	+0.0011980	+0.0012907	+0.0013793	+0.0014525	+0.0015210	+0.0015827	+0.0016375
2015-01	-0.042	-0.0005204	-0.0004261	-0.0003223	-0.0002092	-0.0000913	+0.0000315	+0.0001539	+0.0002732	+0.0003905	+0.0005121	+0.0006399	+0.0007629	+0.0008774	+0.0009854	+0.0010829	+0.0011747	+0.0012538	+0.0013311	+0.0014076	+0.0014725	+0.0015363
2015-02	0.017	-0.0005476	-0.0004435	-0.0003461	-0.0002370	-0.0001290	-0.0000199	+0.0000877	+0.0001972	+0.0003118	+0.0004350	+0.0005619	+0.0006875	+0.0008086	+0.0009201	+0.0010266	+0.0011232	+0.0012137	+0.0012938	+0.0013732	+0.0014458	+0.0015152
