2013-01	0.089	-0.0015024	-0.0013935	-0.0012819	-0.0011650	-0.0010397	-0.0009037	-0.0007546	-0.0006072	-0.0004481	-0.0002791	-0.0001122	+0.0000484	+0.0002045	+0.0003478	+0.0004808	+0.0006034	+0.0007140	+0.0008127	+0.0009129	+0.0009994	+0.0010825
2013-02	0.028	-0.0013592	-0.0012492	-0.0011420	-0.0010324	-0.0008999	-0.0007655	-0.0006226	-0.0004674	-0.0002995	-0.0001312	+0.0000370	+0.0002043	+0.0003605	+0.0005051	+0.0006416	+0.0007671	+0.0008800	+0.0009855	+0.0010809	+0.0011822	+0.0012729
2013-03	0.067	-0.0010437	-0.0009544	-0.0008551	-0.0007462	-0.0006333	-0.0005081	-0.0003718	-0.0002274	-0.0000692	+0.0000952	+0.0002610	+0.0004253	+0.0005838	+0.0007307	+0.0008639	+0.0009922	+0.0011129	+0.0012291	+0.0013445	+0.0014601	+0.0015728
2013-04	0.109	-0.0008399	-0.0007481	-0.0006335	-0.0005241	-0.0003994	-0.0002733	-0.0001444	-0.0000044	+0.0001493	+0.0003109	+0.0004775	+0.0006374	+0.0007960	+0.0009459	+0.0010871	+0.0012196	+0.0013475	+0.0014611	+0.0015711	+0.0016686	+0.0017627
2013-05	-0.007	-0.0007915	-0.0006845	-0.0005629	-0.0004438	-0.0003018	-0.0001639	-0.0000174	+0.0001422	+0.0003081	+0.0004831	+0.0006543	+0.0008305	+0.0010031	+0.0011610	+0.0013107	+0.0014498	+0.0015699	+0.0016837	+0.0017925	+0.0018861	+0.0019699
2013-06	-0.001	-0.0008926	-0.0007530	-0.0006115	-0.0004545	-0.0002732	-0.0000994	+0.0000754	+0.0002509	+0.0004289	+0.0006179	+0.0008062	+0.0009925	+0.0011672	+0.0013327	+0.0014881	+0.0016307	+0.0017655	+0.0018962	+0.0020147	+0.0021263	+0.0022150
2013-07	-0.009	-0.0010482	-0.0009344	-0.0008041	-0.0006718	-0.0005264	-0.0003703	-0.0002098	-0.0000436	+0.0001361	+0.0003289	+0.0005214	+0.0007147	+0.0009089	+0.0010930	+0.0012599	+0.0014112	+0.0015584	+0.0016874	+0.0018054	+0.0019145	+0.0020175
2013-08	-0.024	-0.0007016	-0.0005907	-0.0004723	-0.0003344	-0.0001959	-0.0000381	+0.0001302	+0.0003060	+0.0004870	+0.0006759	+0.0008655	+0.0010508	+0.0012261	+0.0013996	+0.0015578	+0.0017086	+0.0018457	+0.0019742	+0.0020855	+0.0021989	+0.0023052
2013-09	0.069	-0.0007477	-0.0006255	-0.0004953	-0.0003631	-0.0002236	-0.0000741	+0.0000891	+0.0002658	+0.0004502	+0.0006423	+0.0008423	+0.0010309	+0.0012074	+0.0013777	+0.0015354	+0.0016782	+0.0018125	+0.0019382	+0.0020611	+0.0021732	+0.0022692
2013-10	0.003	-0.0007211	-0.0005859	-0.0004430	-0.0002923	-0.0001380	+0.0000147	+0.0001796	+0.0003602	+0.0005438	+0.0007287	+0.0009137	+0.0010929	+0.0012711	+0.0014395	+0.0015934	+0.0017345	+0.0018726	+0.0020065	+0.0021162	+0.0022200	+0.0023225
2013-11	0.047	-0.0006755	-0.0005491	-0.0004169	-0.0002725	-0.0001307	+0.0000378	+0.0002239	+0.0004112	+0.0005953	+0.0007859	+0.0009687	+0.0011539	+0.0013304	+0.0014949	+0.0016438	+0.0017882	+0.0019221	+0.0020486	+0.0021676	+0.0022733	+0.0023693
2013-12	0.024	-0.0006978	-0.0005258	-0.0003610	-0.0001882	-0.0000164	+0.0001550	+0.0003160	+0.0004869	+0.0006618	+0.0008480	+0.0010372	+0.0012211	+0.0013976	+0.0015687	+0.0017221	+0.0018669	+0.0019964	+0.0021154	+0.0022223	+0.0023153	+0.0024066
2014-01	-0.034	-0.0007210	-0.0005616	-0.0004041	-0.0002443	-0.0000797	+0.0000963	+0.0002814	+0.0004816	+0.0006765	+0.0008660	+0.0010546	+0.0012384	+0.0014111	+0.0015747	+0.0017297	+0.0018706	+0.0019971	+0.0021116	+0.0022138	+0.0023151	+0.0024119
2014-02	-0.005	-0.0008604	-0.0006781	-0.0005162	-0.0003372	-0.0001473	+0.0000334	+0.0002255	+0.0004169	+0.0006099	+0.0008054	+0.0009997	+0.0011881	+0.0013697	+0.0015407	+0.0016968	+0.0018380	+0.0019707	+0.0020896	+0.0021955	+0.0022928	+0.0023945
2014-03	0.004	-0.0008656	-0.0007292	-0.0005804	-0.0004364	-0.0002861	-0.0001259	+0.0000430	+0.0002245	+0.0004119	+0.0006082	+0.0008045	+0.0009954	+0.0011797	+0.0013539	+0.0015130	+0.0016580	+0.0017967	+0.0019245	+0.0020425	+0.0021603	+0.0022527
2014-04	-0.034	-0.0008123	-0.0006685	-0.0005255	-0.0003899	-0.0002403	-0.0000902	+0.0000670	+0.0002313	+0.0004055	+0.0005913	+0.0007841	+0.0009696	+0.0011487	+0.0013169	+0.0014722	+0.0016207	+0.0017582	+0.0018948	+0.0020130	+0.0021293	+0.0022423
2014-05	0.031	-0.0006845	-0.0005520	-0.0004014	-0.0002641	-0.0001091	+0.0000457	+0.0002038	+0.0003771	+0.0005559	+0.0007389	+0.0009221	+0.0010986	+0.0012706	+0.0014294	+0.0015794	+0.0017179	+0.0018536	+0.0019765	+0.0020912	+0.0021997	+0.0023025
2014-06	0.036	-0.0008358	-0.0006443	-0.0004456	-0.0002628	-0.0000537	+0.0001428	+0.0003293	+0.0005143	+0.0006941	+0.0008769	+0.0010564	+0.0012289	+0.0013942	+0.0015511	+0.0016980	+0.0018272	+0.0019445	+0.0020554	+0.0021671	+0.0022740	+0.0023738
2014-07	0.020	-0.0006968	-0.0005044	-0.0003156	-0.0001525	+0.0000083	+0.0001696	+0.0003336	+0.0005075	+0.0006848	+0.0008636	+0.0010450	+0.0012212	+0.0013915	+0.0015417	+0.0016816	+0.0018130	+0.0019431	+0.0020566	+0.0021636	+0.0022519	+0.0023378
2014-08	-0.010	-0.0007306	-0.0005341	-0.0003456	-0.0001639	+0.0000312	+0.0002371	+0.0004251	+0.0006036	+0.0007758	+0.0009448	+0.0011116	+0.0012763	+0.0014429	+0.0016045	+0.0017540	+0.0018855	+0.0020072	+0.0021182	+0.0022228	+0.0023124	+0.0023926
2014-09	0.035	-0.0006626	-0.0005113	-0.0003579	-0.0001897	-0.0000108	+0.0001965	+0.0003914	+0.0005803	+0.0007613	+0.0009340	+0.0011082	+0.0012768	+0.0014387	+0.0015888	+0.0017343	+0.0018694	+0.0019960	+0.0021069	+0.0022120	+0.0023079	+0.0023911
2014-10	0.009	-0.0006111	-0.0004643	-0.0002861	-0.0000967	+0.0000865	+0.0002785	+0.0004693	+0.0006450	+0.0008241	+0.0010015	+0.0011742	+0.0013411	+0.0015005	+0.0016495	+0.0017828	+0.0019047	+0.0020189	+0.0021195	+0.0022294	+0.0023242	+0.0024165
2014-11	0.048	-0.0006636	-0.0004791	-0.0003116	-0.0001243	+0.0000486	+0.0002349	+0.0004177	+0.0005889	+0.0007563	+0.0009344	+0.0011083	+0.0012760	+0.0014345	+0.0015828	+0.0017215	+0.0018483	+0.0019670	+0.0020819	+0.0021871	+0.0022816	+0.0023768
2014-12	0.003	-0.0006662	-0.0004946	-0.0003173	-0.0001491	+0.0000393	+0.0002511	+0.0004465	+0.0006349	+0.0008135	+0.0009907	+0.0011665	+0.0013370	+0.0015070	+0.0016666	+0.0018112	+0.0019609	+0.0020949	+0.0022175	+0.0023360	+0.0024499	+0.0025710
2015-01	0.010	-0.0007764	-0.0006025	-0.0004267	-0.0002394	-0.0000484	+0.0001401	+0.0003226	+0.0004914	+0.0006539	+0.0008208	+0.0009875	+0.0011501	+0.0013096	+0.0014554	+0.0015993	+0.0017281	+0.0018425	+0.0019445	+0.0020394	+0.0021305	+0.0022211
2015-02	-0.000	-0.0006956	-0.0005661	-0.0004166	-0.0002673	-0.0001146	+0.0000450	+0.0002094	+0.0003670	+0.0005305	+0.0006905	+0.0008532	+0.0010140	+0.0011718	+0.0013180	+0.0014659	+0.0015965	+0.0017121	+0.0018172	+0.0019219	+0.0020204	+0.0021071
