2013-07	0.003	-0.0005023	-0.0003940	-0.0002765	-0.0001653	-0.0000406	+0.0000843	+0.0002000	+0.0003115	+0.0004290	+0.0005459	+0.0006572	+0.0007667	+0.0008716	+0.0009692	+0.0010596	+0.0011479	+0.0012248	+0.0012952	+0.0013594	+0.0014180	+0.0014748
2013-08	0.013	-0.0004054	-0.0002995	-0.0002023	-0.0000885	+0.0000208	+0.0001325	+0.0002442	+0.0003515	+0.0004605	+0.0005693	+0.0006775	+0.0007793	+0.0008762	+0.0009670	+0.0010519	+0.0011351	+0.0012122	+0.0012832	+0.0013507	+0.0014078	+0.0014670
2013-09	0.008	-0.0004019	-0.0002880	-0.0001809	-0.0000786	+0.0000251	+0.0001290	+0.0002357	+0.0003453	+0.0004570	+0.0005678	+0.0006731	+0.0007773	+0.0008773	+0.0009701	+0.0010589	+0.0011404	+0.0012149	+0.0012858	+0.0013526	+0.0014167	+0.0014765
2013-10	0.010	-0.0003388	-0.0002373	-0.0001214	+0.0000098	+0.0001497	+0.0002941	+0.0004195	+0.0005257	+0.0006254	+0.0007263	+0.0008229	+0.0009176	+0.0010105	+0.0011003	+0.0011802	+0.0012547	+0.0013235	+0.0013842	+0.0014514	+0.0015074	+0.0015573
2013-11	0.033	-0.0002927	-0.0002076	-0.0001075	+0.0000086	+0.0001258	+0.0002384	+0.0003505	+0.0004560	+0.0005542	+0.0006543	+0.0007515	+0.0008444	+0.0009354	+0.0010243	+0.0011071	+0.0011840	+0.0012573	+0.0013249	+0.0013843	+0.0014426	+0.0015015
2013-12	0.021	-0.0003547	-0.0002456	-0.0001324	-0.0000033	+0.0001460	+0.0002795	+0.0004027	+0.0005068	+0.0006026	+0.0006975	+0.0007926	+0.0008875	+0.0009806	+0.0010684	+0.0011479	+0.0012214	+0.0012877	+0.0013462	+0.0014011	+0.0014499	+0.0014909
2014-01	-0.013	-0.0004012	-0.0002972	-0.0001772	-0.0000482	+0.0001033	+0.0002770	+0.0004133	+0.0005359	+0.0006461	+0.0007493	+0.0008495	+0.0009454	+0.0010354	+0.0011234	+0.0012028	+0.0012725	+0.0013357	+0.0013913	+0.0014469	+0.0014964	+0.0015476
2014-02	-0.011	-0.0004760	-0.0003620	-0.0002500	-0.0001107	+0.0000499	+0.0002415	+0.0003909	+0.0005132	+0.0006215	+0.0007249	+0.0008229	+0.0009156	+0.0010061	+0.0010924	+0.0011736	+0.0012492	+0.0013218	+0.0013901	+0.0014510	+0.0015106	+0.0015694
2014-03	-0.008	-0.0003883	-0.0002884	-0.0001791	-0.0000589	+0.0000521	+0.0001654	+0.0002725	+0.0003715	+0.0004666	+0.0005613	+0.0006581	+0.0007531	+0.0008404	+0.0009221	+0.0010011	+0.0010748	+0.0011426	+0.0012025	+0.0012621	+0.0013144	+0.0013600
2014-04	0.001	-0.0003897	-0.0002696	-0.0001485	-0.0000485	+0.0000540	+0.0001528	+0.0002633	+0.0003672	+0.0004636	+0.0005562	+0.0006477	+0.0007367	+0.0008218	+0.0009063	+0.0009845	+0.0010539	+0.0011184	+0.0011821	+0.0012393	+0.0012974	+0.0013507
2014-05	-0.005	-0.0002976	-0.0002070	-0.0001131	+0.0000011	+0.0001081	+0.0002096	+0.0003109	+0.0004033	+0.0004966	+0.0005912	+0.0006826	+0.0007740	+0.0008612	+0.0009432	+0.0010194	+0.0010864	+0.0011499	+0.0012085	+0.0012646	+0.0013232	+0.0013763
2014-06	0.000	-0.0004486	-0.0003021	-0.0001824	-0.0000631	+0.0000774	+0.0002279	+0.0003508	+0.0004514	+0.0005453	+0.0006373	+0.0007294	+0.0008172	+0.0008995	+0.0009795	+0.0010549	+0.0011249	+0.0011874	+0.0012486	+0.0012989	+0.0013488	+0.0013932
2014-07	0.017	-0.0003823	-0.0002707	-0.0001569	-0.0000236	+0.0000975	+0.0002044	+0.0003088	+0.0004108	+0.0005060	+0.0006000	+0.0006906	+0.0007777	+0.0008631	+0.0009437	+0.0010215	+0.0010902	+0.0011496	+0.0012060	+0.0012599	+0.0013094	+0.0013569
2014-08	0.017	-0.0003344	-0.0002439	-0.0001338	-0.0000215	+0.0001214	+0.0002588	+0.0003671	+0.0004645	+0.0005569	+0.0006450	+0.0007300	+0.0008155	+0.0008983	+0.0009775	+0.0010465	+0.0011132	+0.0011749	+0.0012317	+0.0012827	+0.0013312	+0.0013761
2014-09	0.021	-0.0003343	-0.0002271	-0.0001234	-0.0000149	+0.0001275	+0.0002716	+0.0003901	+0.0004867	+0.0005801	+0.0006702	+0.0007596	+0.0008448	+0.0009290	+0.0010036	+0.0010739	+0.0011384	+0.0011985	+0.0012577	+0.0013140	+0.0013671	+0.0014121
2014-10	0.004	-0.0003744	-0.0002599	-0.0001578	-0.0000375	+0.0001068	+0.0002551	+0.0003812	+0.0004931	+0.0005909	+0.0006813	+0.0007690	+0.0008545	+0.0009348	+0.0010124	+0.0010841	+0.0011516	+0.0012142	+0.0012726	+0.0013281	+0.0013857	+0.0014402
2014-11	0.056	-0.0003566	-0.0002651	-0.0001657	-0.0000511	+0.0000876	+0.0002214	+0.0003313	+0.0004240	+0.0005139	+0.0006034	+0.0006915	+0.0007758	+0.0008547	+0.0009279	+0.0009975	+0.0010657	+0.0011262	+0.0011833	+0.0012337	+0.0012819	+0.0013275
2014-12	0.008	-0.0003101	-0.0002388	-0.0001438	-0.0000341	+0.0000955	+0.0002273	+0.0003387	+0.0004364	+0.0005327	+0.0006277	+0.0007193	+0.0008103	+0.0008970	+0.0009790	+0.0010555	+0.0011258	+0.0011936	+0.0012598	+0.0013149	+0.0013672	+0.0014203
2015-01	-0.024	-0.0004266	-0.0003284	-0.0002110	-0.0000953	+0.0000361	+0.0001603	+0.0002596	+0.0003479	+0.0004348	+0.0005184	+0.0005978	+0.0006753	+0.0007502	+0.0008203	+0.0008857	+0.0009452	+0.0010001	+0.0010568	+0.0011051	+0.0011483	+0.0011920
2015-02	-0.004	-0.0003928	-0.0003101	-0.0002172	-0.0001230	-0.0000223	+0.0000681	+0.0001515	+0.0002307	+0.0003118	+0.0003902	+0.0004701	+0.0005479	+0.0006226	+0.0006909	+0.0007533	+0.0008110	+0.0008637	+0.0009137	+0.0009582	+0.0009962	+0.0010401
