2013-01	0.089	-0.0017277	-0.0016154	-0.0014898	-0.0013609	-0.0012100	-0.0010564	-0.0008892	-0.0007135	-0.0005319	-0.0003446	-0.0001516	+0.0000367	+0.0002143	+0.0003800	+0.0005312	+0.0006726	+0.0008023	+0.0009187	+0.0010243	+0.0011344	+0.0012362
2013-02	0.037	-0.0015699	-0.0014515	-0.0013361	-0.0012075	-0.0010654	-0.0009144	-0.0007494	-0.0005675	-0.0003834	-0.0001898	+0.0000046	+0.0001968	+0.0003770	+0.0005424	+0.0007017	+0.0008438	+0.0009768	+0.0011023	+0.0012233	+0.0013425	+0.0014440
2013-03	0.068	-0.0012210	-0.0011168	-0.0009971	-0.0008827	-0.0007561	-0.0006057	-0.0004485	-0.0002858	-0.0001113	+0.0000750	+0.0002665	+0.0004563	+0.0006395	+0.0008062	+0.0009642	+0.0011104	+0.0012487	+0.0013835	+0.0015161	+0.0016404	+0.0017607
2013-04	0.118	-0.0009787	-0.0008638	-0.0007453	-0.0006222	-0.0004759	-0.0003364	-0.0001868	-0.0000247	+0.0001477	+0.0003341	+0.0005233	+0.0007120	+0.0008939	+0.0010688	+0.0012347	+0.0013861	+0.0015283	+0.0016659	+0.0017989	+0.0019212	+0.0020256
2013-05	-0.026	-0.0008744	-0.0007613	-0.0006301	-0.0004878	-0.0003307	-0.0001755	-0.0000134	+0.0001630	+0.0003554	+0.0005509	+0.0007481	+0.0009488	+0.0011424	+0.0013220	+0.0014916	+0.0016489	+0.0017892	+0.0019261	+0.0020515	+0.0021588	+0.0022544
2013-06	-0.001	-0.0010037	-0.0008416	-0.0006668	-0.0004949	-0.0002921	-0.0000918	+0.0001067	+0.0003045	+0.0005031	+0.0007170	+0.0009298	+0.0011402	+0.0013403	+0.0015271	+0.0017042	+0.0018720	+0.0020226	+0.0021714	+0.0022964	+0.0024171	+0.0025281
2013-07	-0.002	-0.0012443	-0.0011022	-0.0009536	-0.0007981	-0.0006374	-0.0004582	-0.0002770	-0.0000821	+0.0001271	+0.0003435	+0.0005630	+0.0007820	+0.0010052	+0.0012145	+0.0014065	+0.0015808	+0.0017425	+0.0018892	+0.0020177	+0.0021317	+0.0022422
2013-08	-0.023	-0.0008342	-0.0007011	-0.0005495	-0.0004063	-0.0002373	-0.0000578	+0.0001379	+0.0003394	+0.0005503	+0.0007704	+0.0009922	+0.0012031	+0.0014080	+0.0016059	+0.0017858	+0.0019593	+0.0021216	+0.0022693	+0.0024089	+0.0025310	+0.0026419
2013-09	0.083	-0.0009137	-0.0007535	-0.0006092	-0.0004552	-0.0002852	-0.0001072	+0.0000876	+0.0002920	+0.0005067	+0.0007322	+0.0009620	+0.0011844	+0.0013912	+0.0015901	+0.0017742	+0.0019409	+0.0020957	+0.0022412	+0.0023856	+0.0025061	+0.0026367
2013-10	-0.000	-0.0008406	-0.0006972	-0.0005245	-0.0003440	-0.0001562	+0.0000175	+0.0002075	+0.0004151	+0.0006321	+0.0008486	+0.0010653	+0.0012738	+0.0014802	+0.0016746	+0.0018552	+0.0020245	+0.0021848	+0.0023279	+0.0024652	+0.0025763	+0.0026865
2013-11	0.052	-0.0008202	-0.0006633	-0.0005091	-0.0003305	-0.0001543	+0.0000463	+0.0002624	+0.0004746	+0.0006944	+0.0009180	+0.0011296	+0.0013429	+0.0015474	+0.0017397	+0.0019152	+0.0020818	+0.0022351	+0.0023890	+0.0025266	+0.0026540	+0.0027602
2013-12	0.034	-0.0008121	-0.0006111	-0.0004273	-0.0002338	-0.0000392	+0.0001509	+0.0003422	+0.0005458	+0.0007497	+0.0009653	+0.0011857	+0.0014000	+0.0016085	+0.0018035	+0.0019774	+0.0021470	+0.0022993	+0.0024313	+0.0025512	+0.0026591	+0.0027747
2014-01	-0.065	-0.0008578	-0.0006773	-0.0004985	-0.0003142	-0.0001172	+0.0000845	+0.0003043	+0.0005287	+0.0007577	+0.0009771	+0.0011987	+0.0014136	+0.0016137	+0.0018027	+0.0019833	+0.0021507	+0.0022976	+0.0024323	+0.0025507	+0.0026716	+0.0027654
2014-02	-0.007	-0.0010437	-0.0008412	-0.0006508	-0.0004475	-0.0002308	-0.0000241	+0.0001967	+0.0004173	+0.0006444	+0.0008692	+0.0010964	+0.0013150	+0.0015273	+0.0017322	+0.0019132	+0.0020727	+0.0022281	+0.0023665	+0.0024977	+0.0026160	+0.0027269
2014-03	0.002	-0.0010859	-0.0009385	-0.0007636	-0.0005891	-0.0004081	-0.0002231	-0.0000338	+0.0001793	+0.0004028	+0.0006324	+0.0008620	+0.0010894	+0.0013102	+0.0015140	+0.0016962	+0.0018695	+0.0020343	+0.0021853	+0.0023337	+0.0024737	+0.0025887
2014-04	-0.035	-0.0010047	-0.0008364	-0.0006874	-0.0005280	-0.0003586	-0.0001804	+0.0000061	+0.0001991	+0.0004018	+0.0006248	+0.0008515	+0.0010734	+0.0012827	+0.0014751	+0.0016629	+0.0018390	+0.0019928	+0.0021521	+0.0022911	+0.0024376	+0.0025698
2014-05	0.033	-0.0008720	-0.0007114	-0.0005631	-0.0003942	-0.0002095	-0.0000243	+0.0001595	+0.0003610	+0.0005717	+0.0007925	+0.0010135	+0.0012245	+0.0014302	+0.0016181	+0.0017952	+0.0019568	+0.0021086	+0.0022588	+0.0024029	+0.0025328	+0.0026513
2014-06	0.050	-0.0010057	-0.0008051	-0.0005837	-0.0003705	-0.0001565	+0.0000724	+0.0002775	+0.0004894	+0.0007095	+0.0009291	+0.0011390	+0.0013459	+0.0015468	+0.0017368	+0.0019116	+0.0020675	+0.0022061	+0.0023339	+0.0024599	+0.0025817	+0.0026982
2014-07	0.021	-0.0008755	-0.0006637	-0.0004615	-0.0002574	-0.0000672	+0.0001081	+0.0002996	+0.0005007	+0.0007121	+0.0009301	+0.0011456	+0.0013577	+0.0015602	+0.0017408	+0.0019095	+0.0020657	+0.0022133	+0.0023471	+0.0024641	+0.0025822	+0.0026796
2014-08	-0.009	-0.0008940	-0.0006848	-0.0004485	-0.0002387	-0.0000203	+0.0002128	+0.0004337	+0.0006424	+0.0008479	+0.0010506	+0.0012512	+0.0014501	+0.0016503	+0.0018431	+0.0020156	+0.0021693	+0.0023100	+0.0024464	+0.0025659	+0.0026718	+0.0027756
2014-09	0.044	-0.0008302	-0.0006421	-0.0004476	-0.0002525	-0.0000498	+0.0001727	+0.0004027	+0.0006217	+0.0008358	+0.0010432	+0.0012553	+0.0014581	+0.0016453	+0.0018262	+0.0019983	+0.0021514	+0.0023009	+0.0024311	+0.0025578	+0.0026624	+0.0027682
2014-10	0.005	-0.0007397	-0.0005640	-0.0003635	-0.0001732	+0.0000442	+0.0002678	+0.0004842	+0.0006943	+0.0009128	+0.0011245	+0.0013331	+0.0015347	+0.0017263	+0.0019031	+0.0020618	+0.0022040	+0.0023326	+0.0024581	+0.0025770	+0.0026905	+0.0027947
2014-11	0.056	-0.0008441	-0.0006470	-0.0004691	-0.0002489	-0.0000542	+0.0001508	+0.0003551	+0.0005545	+0.0007585	+0.0009731	+0.0011852	+0.0013892	+0.0015849	+0.0017651	+0.0019284	+0.0020811	+0.0022270	+0.0023656	+0.0024891	+0.0026015	+0.0027075
2014-12	-0.001	-0.0008687	-0.0006673	-0.0004643	-0.0002745	-0.0000728	+0.0001541	+0.0003816	+0.0006074	+0.0008269	+0.0010409	+0.0012605	+0.0014707	+0.0016760	+0.0018704	+0.0020510	+0.0022332	+0.0023929	+0.0025447	+0.0026812	+0.0028188	+0.0029483
2015-01	0.005	-0.0009506	-0.0007789	-0.0005843	-0.0003817	-0.0001780	+0.0000281	+0.0002346	+0.0004347	+0.0006342	+0.0008403	+0.0010409	+0.0012401	+0.0014378	+0.0016193	+0.0017979	+0.0019546	+0.0020880	+0.0022142	+0.0023307	+0.0024382	+0.0025521
2015-02	0.001	-0.0009267	-0.0007833	-0.0006229	-0.0004516	-0.0002848	-0.0001009	+0.0000928	+0.0002849	+0.0004793	+0.0006782	+0.0008802	+0.0010776	+0.0012703	+0.0014507	+0.0016279	+0.0017867	+0.0019327	+0.0020616	+0.0021891	+0.0023067	+0.0024099
