2013-01	0.048	-0.0012964	-0.0012097	-0.0011172	-0.0010120	-0.0009043	-0.0007841	-0.0006619	-0.0005380	-0.0004044	-0.0002644	-0.0001207	+0.0000173	+0.0001491	+0.0002728	+0.0003858	+0.0004964	+0.0005984	+0.0006897	+0.0007731	+0.0008557	+0.0009389
2013-02	-0.008	-0.0011836	-0.0010860	-0.0009871	-0.0008778	-0.0007631	-0.0006402	-0.0005183	-0.0003904	-0.0002575	-0.0001178	+0.0000235	+0.0001669	+0.0003030	+0.0004360	+0.0005610	+0.0006743	+0.0007716	+0.0008648	+0.0009542	+0.0010443	+0.0011138
2013-03	0.018	-0.0010789	-0.0009882	-0.0008861	-0.0007791	-0.0006662	-0.0005508	-0.0004302	-0.0002977	-0.0001583	-0.0000107	+0.0001386	+0.0002805	+0.0004209	+0.0005548	+0.0006786	+0.0007932	+0.0008945	+0.0009920	+0.0010805	+0.0011560	+0.0012220
2013-04	0.019	-0.0010556	-0.0009742	-0.0008915	-0.0007914	-0.0006878	-0.0005822	-0.0004643	-0.0003352	-0.0001989	-0.0000612	+0.0000768	+0.0002109	+0.0003419	+0.0004622	+0.0005762	+0.0006736	+0.0007628	+0.0008488	+0.0009255	+0.0009988	+0.0010553
2013-05	0.017	-0.0009554	-0.0008756	-0.0007874	-0.0006851	-0.0005883	-0.0004823	-0.0003672	-0.0002437	-0.0001099	+0.0000256	+0.0001631	+0.0002935	+0.0004177	+0.0005346	+0.0006428	+0.0007386	+0.0008270	+0.0009095	+0.0009952	+0.0010771	+0.0011489
2013-06	-0.061	-0.0009317	-0.0008286	-0.0007278	-0.0006205	-0.0005036	-0.0003872	-0.0002606	-0.0001357	-0.0000019	+0.0001296	+0.0002708	+0.0004063	+0.0005328	+0.0006527	+0.0007617	+0.0008568	+0.0009464	+0.0010294	+0.0011007	+0.0011670	+0.0012232
2013-07	0.003	-0.0010081	-0.0009300	-0.0008364	-0.0007394	-0.0006370	-0.0005208	-0.0004002	-0.0002694	-0.0001340	+0.0000111	+0.0001613	+0.0003045	+0.0004381	+0.0005623	+0.0006725	+0.0007777	+0.0008793	+0.0009691	+0.0010513	+0.0011252	+0.0012001
2013-08	-0.008	-0.0007206	-0.0006324	-0.0005326	-0.0004372	-0.0003408	-0.0002341	-0.0001251	-0.0000090	+0.0001116	+0.0002376	+0.0003610	+0.0004867	+0.0006091	+0.0007185	+0.0008211	+0.0009120	+0.0010027	+0.0010818	+0.0011572	+0.0012335	+0.0012891
2013-09	0.030	-0.0006559	-0.0005778	-0.0004942	-0.0004045	-0.0003078	-0.0002091	-0.0001013	+0.0000142	+0.0001364	+0.0002601	+0.0003823	+0.0005054	+0.0006258	+0.0007333	+0.0008340	+0.0009237	+0.0010066	+0.0010843	+0.0011511	+0.0012124	+0.0012759
2013-10	0.005	-0.0003992	-0.0003110	-0.0002227	-0.0001315	-0.0000387	+0.0000601	+0.0001727	+0.0002813	+0.0003894	+0.0004938	+0.0005984	+0.0007006	+0.0007979	+0.0008940	+0.0009840	+0.0010682	+0.0011434	+0.0012137	+0.0012795	+0.0013294	+0.0013793
2013-11	0.003	-0.0003768	-0.0003099	-0.0002351	-0.0001518	-0.0000671	+0.0000237	+0.0001232	+0.0002208	+0.0003226	+0.0004302	+0.0005352	+0.0006385	+0.0007365	+0.0008286	+0.0009111	+0.0009863	+0.0010578	+0.0011231	+0.0011858	+0.0012491	+0.0013069
2013-12	0.003	-0.0004835	-0.0003957	-0.0002968	-0.0002023	-0.0000963	+0.0000095	+0.0001141	+0.0002151	+0.0003217	+0.0004265	+0.0005323	+0.0006350	+0.0007306	+0.0008179	+0.0008999	+0.0009754	+0.0010420	+0.0011021	+0.0011646	+0.0012223	+0.0012687
2014-01	-0.039	-0.0005236	-0.0004373	-0.0003459	-0.0002437	-0.0001470	-0.0000489	+0.0000542	+0.0001619	+0.0002689	+0.0003767	+0.0004833	+0.0005874	+0.0006852	+0.0007767	+0.0008588	+0.0009349	+0.0010000	+0.0010592	+0.0011145	+0.0011671	+0.0012179
2014-02	0.002	-0.0005358	-0.0004633	-0.0003923	-0.0003160	-0.0002313	-0.0001412	-0.0000467	+0.0000505	+0.0001492	+0.0002496	+0.0003540	+0.0004562	+0.0005501	+0.0006375	+0.0007198	+0.0007944	+0.0008614	+0.0009234	+0.0009847	+0.0010417	+0.0010962
2014-03	0.018	-0.0005947	-0.0005376	-0.0004725	-0.0004027	-0.0003242	-0.0002454	-0.0001618	-0.0000782	+0.0000144	+0.0001082	+0.0002044	+0.0002991	+0.0003905	+0.0004755	+0.0005559	+0.0006318	+0.0007019	+0.0007643	+0.0008189	+0.0008753	+0.0009266
2014-04	0.002	-0.0005262	-0.0004642	-0.0004032	-0.0003350	-0.0002638	-0.0001879	-0.0001076	-0.0000254	+0.0000632	+0.0001548	+0.0002490	+0.0003402	+0.0004285	+0.0005136	+0.0005934	+0.0006641	+0.0007268	+0.0007849	+0.0008394	+0.0008983	+0.0009503
2014-05	0.002	-0.0004460	-0.0003826	-0.0003193	-0.0002469	-0.0001716	-0.0000958	-0.0000100	+0.0000797	+0.0001685	+0.0002620	+0.0003568	+0.0004494	+0.0005408	+0.0006255	+0.0007023	+0.0007698	+0.0008332	+0.0008920	+0.0009470	+0.0009984	+0.0010408
2014-06	0.002	-0.0004463	-0.0003678	-0.0002856	-0.0002065	-0.0001265	-0.0000487	+0.0000381	+0.0001303	+0.0002223	+0.0003149	+0.0004061	+0.0004951	+0.0005814	+0.0006609	+0.0007330	+0.0007987	+0.0008618	+0.0009180	+0.0009744	+0.0010281	+0.0010727
2014-07	0.003	-0.0004508	-0.0003839	-0.0003142	-0.0002422	-0.0001670	-0.0000925	-0.0000134	+0.0000758	+0.0001641	+0.0002551	+0.0003471	+0.0004349	+0.0005196	+0.0005994	+0.0006759	+0.0007438	+0.0008089	+0.0008720	+0.0009271	+0.0009716	+0.0010136
2014-08	0.002	-0.0004414	-0.0003797	-0.0003097	-0.0002359	-0.0001609	-0.0000800	+0.0000032	+0.0000885	+0.0001740	+0.0002614	+0.0003527	+0.0004413	+0.0005238	+0.0005997	+0.0006695	+0.0007354	+0.0007971	+0.0008508	+0.0009015	+0.0009459	+0.0009886
2014-09	0.003	-0.0004583	-0.0003855	-0.0003144	-0.0002466	-0.0001732	-0.0000989	-0.0000211	+0.0000614	+0.0001467	+0.0002323	+0.0003194	+0.0004067	+0.0004887	+0.0005667	+0.0006406	+0.0007086	+0.0007705	+0.0008255	+0.0008783	+0.0009284	+0.0009695
2014-10	-0.014	-0.0004221	-0.0003609	-0.0002971	-0.0002347	-0.0001659	-0.0000932	-0.0000185	+0.0000614	+0.0001425	+0.0002255	+0.0003096	+0.0003938	+0.0004740	+0.0005509	+0.0006225	+0.0006889	+0.0007497	+0.0008115	+0.0008645	+0.0009163	+0.0009582
2014-11	0.039	-0.0004715	-0.0004132	-0.0003460	-0.0002794	-0.0002139	-0.0001440	-0.0000697	+0.0000070	+0.0000892	+0.0001740	+0.0002610	+0.0003444	+0.0004246	+0.0005016	+0.0005752	+0.0006450	+0.0007050	+0.0007605	+0.0008126	+0.0008612	+0.0009027
2014-12	-0.000	-0.0005085	-0.0004442	-0.0003814	-0.0003133	-0.0002419	-0.0001724	-0.0001004	-0.0000235	+0.0000583	+0.0001436	+0.0002316	+0.0003202	+0.0004051	+0.0004835	+0.0005542	+0.0006197	+0.0006796	+0.0007368	+0.0007878	+0.0008313	+0.0008745
2015-01	0.004	-0.0005573	-0.0005070	-0.0004435	-0.0003790	-0.0003149	-0.0002472	-0.0001775	-0.0001052	-0.0000294	+0.0000513	+0.0001333	+0.0002115	+0.0002865	+0.0003585	+0.0004247	+0.0004846	+0.0005399	+0.0005898	+0.0006371	+0.0006814	+0.0007232
2015-02	-0.005	-0.0005882	-0.0005306	-0.0004694	-0.0004101	-0.0003550	-0.0002934	-0.0002282	-0.0001576	-0.0000819	-0.0000060	+0.0000730	+0.0001497	+0.0002197	+0.0002846	+0.0003469	+0.0004027	+0.0004561	+0.0005060	+0.0005504	+0.0005933	+0.0006295
