2013-01	0.008	-0.0002659	-0.0002264	-0.0001840	-0.0001342	-0.0000836	-0.0000328	+0.0000199	+0.0000750	+0.0001334	+0.0001928	+0.0002506	+0.0003070	+0.0003611	+0.0004120	+0.0004597	+0.0005050	+0.0005463	+0.0005834	+0.0006199	+0.0006543	+0.0006930
2013-02	0.000	-0.0002880	-0.0002346	-0.0001807	-0.0001326	-0.0000836	-0.0000346	+0.0000165	+0.0000682	+0.0001225	+0.0001772	+0.0002351	+0.0002936	+0.0003511	+0.0004021	+0.0004493	+0.0004898	+0.0005292	+0.0005683	+0.0006117	+0.0006565	+0.0006977
2013-03	0.006	-0.0002727	-0.0002312	-0.0001891	-0.0001455	-0.0000979	-0.0000485	+0.0000027	+0.0000570	+0.0001121	+0.0001709	+0.0002301	+0.0002910	+0.0003466	+0.0003991	+0.0004476	+0.0004929	+0.0005357	+0.0005789	+0.0006176	+0.0006556	+0.0006894
2013-04	0.011	-0.0002576	-0.0002153	-0.0001791	-0.0001376	-0.0000891	-0.0000397	+0.0000092	+0.0000622	+0.0001175	+0.0001776	+0.0002357	+0.0002914	+0.0003449	+0.0003974	+0.0004474	+0.0004937	+0.0005374	+0.0005797	+0.0006181	+0.0006518	+0.0006872
2013-05	-0.004	-0.0002691	-0.0002317	-0.0001879	-0.0001398	-0.0000914	-0.0000405	+0.0000117	+0.0000652	+0.0001202	+0.0001755	+0.0002314	+0.0002861	+0.0003397	+0.0003909	+0.0004376	+0.0004808	+0.0005226	+0.0005624	+0.0006008	+0.0006361	+0.0006792
2013-06	-0.020	-0.0002586	-0.0002202	-0.0001751	-0.0001256	-0.0000765	-0.0000224	+0.0000338	+0.0000924	+0.0001494	+0.0002057	+0.0002608	+0.0003152	+0.0003658	+0.0004145	+0.0004595	+0.0005030	+0.0005427	+0.0005802	+0.0006125	+0.0006434	+0.0006753
2013-07	0.013	-0.0002839	-0.0002461	-0.0002098	-0.0001685	-0.0001188	-0.0000696	-0.0000218	+0.0000318	+0.0000891	+0.0001483	+0.0002085	+0.0002658	+0.0003201	+0.0003734	+0.0004228	+0.0004694	+0.0005128	+0.0005532	+0.0005896	+0.0006262	+0.0006573
2013-08	-0.007	-0.0001585	-0.0001225	-0.0000863	-0.0000521	-0.0000153	+0.0000234	+0.0000657	+0.0001133	+0.0001630	+0.0002146	+0.0002661	+0.0003173	+0.0003684	+0.0004177	+0.0004651	+0.0005108	+0.0005505	+0.0005933	+0.0006326	+0.0006755	+0.0007133
2013-09	0.008	-0.0001949	-0.0001572	-0.0001138	-0.0000656	-0.0000209	+0.0000269	+0.0000748	+0.0001247	+0.0001741	+0.0002250	+0.0002763	+0.0003288	+0.0003783	+0.0004238	+0.0004686	+0.0005097	+0.0005490	+0.0005839	+0.0006154	+0.0006450	+0.0006797
2013-10	0.013	-0.0001786	-0.0001321	-0.0000859	-0.0000321	+0.0000245	+0.0000799	+0.0001302	+0.0001766	+0.0002227	+0.0002680	+0.0003153	+0.0003627	+0.0004095	+0.0004545	+0.0004964	+0.0005366	+0.0005778	+0.0006139	+0.0006509	+0.0006874	+0.0007235
2013-11	0.002	-0.0000873	-0.0000544	-0.0000220	+0.0000100	+0.0000458	+0.0000824	+0.0001190	+0.0001572	+0.0001974	+0.0002350	+0.0002731	+0.0003106	+0.0003465	+0.0003793	+0.0004100	+0.0004374	+0.0004617	+0.0004842	+0.0005062	+0.0005277	+0.0005452
2013-12	0.002	-0.0001902	-0.0001395	-0.0000886	-0.0000361	+0.0000225	+0.0000776	+0.0001261	+0.0001704	+0.0002108	+0.0002480	+0.0002846	+0.0003195	+0.0003528	+0.0003832	+0.0004123	+0.0004380	+0.0004617	+0.0004837	+0.0005039	+0.0005220	+0.0005411
2014-01	0.004	-0.0001555	-0.0001185	-0.0000810	-0.0000398	+0.0000071	+0.0000483	+0.0000906	+0.0001312	+0.0001697	+0.0002061	+0.0002406	+0.0002739	+0.0003046	+0.0003336	+0.0003602	+0.0003830	+0.0004049	+0.0004251	+0.0004462	+0.0004670	+0.0004859
2014-02	0.011	-0.0001424	-0.0001041	-0.0000696	-0.0000382	-0.0000033	+0.0000355	+0.0000739	+0.0001113	+0.0001466	+0.0001814	+0.0002147	+0.0002459	+0.0002765	+0.0003051	+0.0003305	+0.0003541	+0.0003760	+0.0003958	+0.0004134	+0.0004304	+0.0004472
2014-03	0.000	-0.0000998	-0.0000705	-0.0000415	-0.0000119	+0.0000168	+0.0000481	+0.0000805	+0.0001122	+0.0001444	+0.0001769	+0.0002091	+0.0002404	+0.0002699	+0.0002974	+0.0003221	+0.0003453	+0.0003654	+0.0003848	+0.0004025	+0.0004193	+0.0004358
2014-04	0.003	-0.0001263	-0.0000931	-0.0000544	-0.0000156	+0.0000222	+0.0000573	+0.0000932	+0.0001311	+0.0001654	+0.0001984	+0.0002298	+0.0002612	+0.0002900	+0.0003183	+0.0003447	+0.0003686	+0.0003888	+0.0004084	+0.0004251	+0.0004421	+0.0004584
2014-05	0.004	-0.0000905	-0.0000658	-0.0000386	-0.0000085	+0.0000247	+0.0000579	+0.0000899	+0.0001223	+0.0001555	+0.0001879	+0.0002190	+0.0002501	+0.0002794	+0.0003062	+0.0003314	+0.0003543	+0.0003755	+0.0003949	+0.0004122	+0.0004288	+0.0004466
2014-06	0.004	-0.0001278	-0.0000968	-0.0000592	-0.0000143	+0.0000314	+0.0000785	+0.0001208	+0.0001573	+0.0001899	+0.0002212	+0.0002516	+0.0002804	+0.0003076	+0.0003321	+0.0003553	+0.0003769	+0.0003961	+0.0004145	+0.0004311	+0.0004460	+0.0004615
2014-07	-0.005	-0.0001187	-0.0000771	-0.0000461	-0.0000139	+0.0000212	+0.0000589	+0.0000943	+0.0001292	+0.0001599	+0.0001891	+0.0002169	+0.0002441	+0.0002687	+0.0002913	+0.0003124	+0.0003325	+0.0003507	+0.0003678	+0.0003824	+0.0003961	+0.0004086
2014-08	0.007	-0.0001204	-0.0000983	-0.0000679	-0.0000320	+0.0000043	+0.0000400	+0.0000732	+0.0001033	+0.0001325	+0.0001611	+0.0001889	+0.0002160	+0.0002409	+0.0002639	+0.0002858	+0.0003064	+0.0003255	+0.0003425	+0.0003582	+0.0003744	+0.0003898
2014-09	-0.017	-0.0001104	-0.0000875	-0.0000618	-0.0000352	-0.0000072	+0.0000216	+0.0000505	+0.0000785	+0.0001071	+0.0001358	+0.0001638	+0.0001903	+0.0002156	+0.0002394	+0.0002619	+0.0002826	+0.0003016	+0.0003187	+0.0003345	+0.0003479	+0.0003602
2014-10	0.013	-0.0001349	-0.0001100	-0.0000831	-0.0000552	-0.0000269	+0.0000033	+0.0000333	+0.0000622	+0.0000891	+0.0001173	+0.0001458	+0.0001739	+0.0002001	+0.0002241	+0.0002459	+0.0002660	+0.0002849	+0.0003030	+0.0003203	+0.0003365	+0.0003505
2014-11	-0.002	-0.0001242	-0.0001021	-0.0000769	-0.0000526	-0.0000267	+0.0000002	+0.0000281	+0.0000568	+0.0000862	+0.0001156	+0.0001437	+0.0001711	+0.0001969	+0.0002224	+0.0002471	+0.0002686	+0.0002898	+0.0003098	+0.0003270	+0.0003425	+0.0003575
2014-12	-0.007	-0.0001443	-0.0001214	-0.0000974	-0.0000748	-0.0000490	-0.0000212	+0.0000065	+0.0000352	+0.0000632	+0.0000922	+0.0001213	+0.0001492	+0.0001762	+0.0002012	+0.0002253	+0.0002462	+0.0002653	+0.0002825	+0.0003004	+0.0003172	+0.0003327
2015-01	0.005	-0.0001677	-0.0001490	-0.0001307	-0.0001105	-0.0000867	-0.0000632	-0.0000389	-0.0000139	+0.0000123	+0.0000397	+0.0000683	+0.0000956	+0.0001223	+0.0001477	+0.0001713	+0.0001922	+0.0002122	+0.0002305	+0.0002481	+0.0002639	+0.0002776
2015-02	0.002	-0.0001383	-0.0001230	-0.0001056	-0.0000861	-0.0000652	-0.0000429	-0.0000196	+0.0000058	+0.0000337	+0.0000618	+0.0000893	+0.0001161	+0.0001421	+0.0001672	+0.0001907	+0.0002125	+0.0002318	+0.0002494	+0.0002665	+0.0002833	+0.0002983
