2013-01	0.122	-0.0016710	-0.0015381	-0.0013861	-0.0012386	-0.0010684	-0.0008917	-0.0007035	-0.0005118	-0.0003043	-0.0000851	+0.0001335	+0.0003467	+0.0005515	+0.0007444	+0.0009292	+0.0011016	+0.0012619	+0.0014142	+0.0015616	+0.0016992	+0.0018244
2013-02	0.015	-0.0014260	-0.0012981	-0.0011569	-0.0009992	-0.0008455	-0.0006799	-0.0004978	-0.0003048	-0.0001032	+0.0001215	+0.0003502	+0.0005744	+0.0007908	+0.0010055	+0.0012023	+0.0013791	+0.0015578	+0.0017175	+0.0018777	+0.0020206	+0.0021578
2013-03	0.033	-0.0013291	-0.0011749	-0.0010071	-0.0008277	-0.0006578	-0.0004806	-0.0002869	-0.0000753	+0.0001494	+0.0003744	+0.0006108	+0.0008499	+0.0010691	+0.0012846	+0.0014979	+0.0016927	+0.0018606	+0.0020129	+0.0021554	+0.0023043	+0.0024240
2013-04	0.049	-0.0012916	-0.0011552	-0.0010033	-0.0008464	-0.0006973	-0.0005320	-0.0003534	-0.0001586	+0.0000496	+0.0002624	+0.0004801	+0.0007019	+0.0009245	+0.0011320	+0.0013188	+0.0014943	+0.0016564	+0.0017971	+0.0019391	+0.0020560	+0.0021580
2013-05	-0.050	-0.0011342	-0.0010022	-0.0008685	-0.0007160	-0.0005574	-0.0003866	-0.0001895	+0.0000081	+0.0002221	+0.0004433	+0.0006643	+0.0008759	+0.0010785	+0.0012635	+0.0014419	+0.0016013	+0.0017543	+0.0019008	+0.0020331	+0.0021537	+0.0022896
2013-06	-0.077	-0.0012216	-0.0010501	-0.0008861	-0.0006945	-0.0005134	-0.0003390	-0.0001456	+0.0000580	+0.0002763	+0.0004929	+0.0007040	+0.0009215	+0.0011330	+0.0013353	+0.0015171	+0.0016879	+0.0018387	+0.0019769	+0.0021189	+0.0022463	+0.0023531
2013-07	0.018	-0.0014940	-0.0013536	-0.0011983	-0.0010388	-0.0008673	-0.0006805	-0.0004761	-0.0002659	-0.0000421	+0.0001860	+0.0004263	+0.0006583	+0.0008829	+0.0010942	+0.0012907	+0.0014662	+0.0016237	+0.0017821	+0.0019220	+0.0020555	+0.0021900
2013-08	-0.002	-0.0010491	-0.0009166	-0.0007552	-0.0005881	-0.0004199	-0.0002500	-0.0000663	+0.0001360	+0.0003406	+0.0005525	+0.0007625	+0.0009691	+0.0011703	+0.0013637	+0.0015458	+0.0017228	+0.0018845	+0.0020336	+0.0021785	+0.0023011	+0.0024226
2013-09	0.064	-0.0009418	-0.0008183	-0.0006793	-0.0005263	-0.0003702	-0.0002069	-0.0000216	+0.0001764	+0.0003878	+0.0006044	+0.0008214	+0.0010359	+0.0012416	+0.0014323	+0.0016080	+0.0017714	+0.0019210	+0.0020590	+0.0021911	+0.0023259	+0.0024280
2013-10	0.018	-0.0007955	-0.0006451	-0.0004777	-0.0003054	-0.0001185	+0.0000902	+0.0002899	+0.0004730	+0.0006676	+0.0008637	+0.0010559	+0.0012488	+0.0014414	+0.0016183	+0.0017837	+0.0019419	+0.0020819	+0.0022134	+0.0023352	+0.0024478	+0.0025613
2013-11	-0.015	-0.0006453	-0.0005117	-0.0003856	-0.0002582	-0.0001224	+0.0000302	+0.0001966	+0.0003704	+0.0005514	+0.0007436	+0.0009310	+0.0011167	+0.0012925	+0.0014589	+0.0016101	+0.0017536	+0.0018797	+0.0019929	+0.0021008	+0.0021980	+0.0022955
2013-12	0.015	-0.0007949	-0.0006262	-0.0004632	-0.0002885	-0.0001212	+0.0000534	+0.0002351	+0.0004096	+0.0005942	+0.0007765	+0.0009595	+0.0011403	+0.0013118	+0.0014701	+0.0016206	+0.0017506	+0.0018667	+0.0019821	+0.0020846	+0.0021898	+0.0022887
2014-01	-0.060	-0.0009240	-0.0007518	-0.0005714	-0.0003932	-0.0002026	-0.0000119	+0.0001876	+0.0003775	+0.0005626	+0.0007491	+0.0009418	+0.0011276	+0.0012967	+0.0014542	+0.0015976	+0.0017266	+0.0018403	+0.0019389	+0.0020403	+0.0021344	+0.0022265
2014-02	0.028	-0.0008660	-0.0007360	-0.0006033	-0.0004471	-0.0002895	-0.0001232	+0.0000493	+0.0002210	+0.0004001	+0.0005812	+0.0007666	+0.0009422	+0.0011075	+0.0012617	+0.0014012	+0.0015313	+0.0016565	+0.0017753	+0.0018897	+0.0019942	+0.0021029
2014-03	0.018	-0.0008621	-0.0007641	-0.0006490	-0.0005287	-0.0003928	-0.0002473	-0.0000917	+0.0000716	+0.0002394	+0.0004127	+0.0005850	+0.0007462	+0.0009005	+0.0010485	+0.0011854	+0.0013153	+0.0014312	+0.0015417	+0.0016468	+0.0017462	+0.0018411
2014-04	0.026	-0.0008348	-0.0007255	-0.0006009	-0.0004634	-0.0003219	-0.0001785	-0.0000251	+0.0001391	+0.0003034	+0.0004719	+0.0006350	+0.0007987	+0.0009543	+0.0011029	+0.0012433	+0.0013720	+0.0014939	+0.0016042	+0.0017063	+0.0017949	+0.0018867
2014-05	-0.006	-0.0005679	-0.0004526	-0.0003197	-0.0001979	-0.0000672	+0.0000646	+0.0002104	+0.0003629	+0.0005224	+0.0006856	+0.0008455	+0.0010042	+0.0011578	+0.0012960	+0.0014290	+0.0015518	+0.0016583	+0.0017564	+0.0018502	+0.0019366	+0.0020209
2014-06	-0.000	-0.0007849	-0.0006165	-0.0004410	-0.0002566	-0.0000798	+0.0000927	+0.0002638	+0.0004314	+0.0006000	+0.0007650	+0.0009227	+0.0010759	+0.0012213	+0.0013560	+0.0014780	+0.0015951	+0.0016947	+0.0017913	+0.0018793	+0.0019612	+0.0020527
2014-07	0.035	-0.0007378	-0.0005826	-0.0004261	-0.0002622	-0.0001178	+0.0000302	+0.0001879	+0.0003533	+0.0005157	+0.0006779	+0.0008385	+0.0009939	+0.0011451	+0.0012838	+0.0014078	+0.0015261	+0.0016297	+0.0017241	+0.0018107	+0.0019013	+0.0019789
2014-08	0.008	-0.0006665	-0.0005446	-0.0003940	-0.0002476	-0.0000945	+0.0000551	+0.0002087	+0.0003687	+0.0005275	+0.0006868	+0.0008423	+0.0009980	+0.0011498	+0.0012875	+0.0014128	+0.0015261	+0.0016276	+0.0017197	+0.0018010	+0.0018664	+0.0019365
2014-09	-0.039	-0.0006275	-0.0005014	-0.0003556	-0.0001888	-0.0000319	+0.0001249	+0.0002789	+0.0004412	+0.0006053	+0.0007612	+0.0009163	+0.0010687	+0.0012109	+0.0013409	+0.0014632	+0.0015758	+0.0016737	+0.0017704	+0.0018617	+0.0019464	+0.0020281
2014-10	0.023	-0.0007185	-0.0005618	-0.0004172	-0.0002727	-0.0001227	+0.0000285	+0.0001910	+0.0003461	+0.0005085	+0.0006707	+0.0008273	+0.0009872	+0.0011331	+0.0012682	+0.0013912	+0.0015038	+0.0016086	+0.0017052	+0.0017951	+0.0018841	+0.0019703
2014-11	0.042	-0.0006736	-0.0005611	-0.0004512	-0.0003266	-0.0001950	-0.0000652	+0.0000700	+0.0002126	+0.0003629	+0.0005188	+0.0006708	+0.0008177	+0.0009582	+0.0010934	+0.0012190	+0.0013345	+0.0014459	+0.0015432	+0.0016413	+0.0017280	+0.0018032
2014-12	-0.005	-0.0007183	-0.0006054	-0.0004871	-0.0003746	-0.0002467	-0.0001214	+0.0000185	+0.0001672	+0.0003235	+0.0004805	+0.0006423	+0.0007920	+0.0009377	+0.0010714	+0.0011996	+0.0013203	+0.0014267	+0.0015245	+0.0016188	+0.0017064	+0.0017907
2015-01	-0.028	-0.0008905	-0.0007771	-0.0006608	-0.0005389	-0.0004184	-0.0002995	-0.0001696	-0.0000372	+0.0001020	+0.0002440	+0.0003843	+0.0005158	+0.0006388	+0.0007583	+0.0008688	+0.0009694	+0.0010619	+0.0011467	+0.0012308	+0.0013059	+0.0013750
2015-02	-0.003	-0.0009104	-0.0008110	-0.0007181	-0.0006203	-0.0005120	-0.0004081	-0.0002969	-0.0001736	-0.0000482	+0.0000846	+0.0002118	+0.0003393	+0.0004603	+0.0005735	+0.0006801	+0.0007748	+0.0008681	+0.0009504	+0.0010274	+0.0011075	+0.0011748
