2011-09	-0.061	-0.0019435	-0.0017581	-0.0015618	-0.0013587	-0.0011439	-0.0009050	-0.0006563	-0.0003950	-0.0001198	+0.0001646	+0.0004482	+0.0007234	+0.0009923	+0.0012479	+0.0014858	+0.0017009	+0.0019004	+0.0020794	+0.0022439	+0.0024031	+0.0025492
2011-10	0.063	-0.0021371	-0.0019765	-0.0018112	-0.0016361	-0.0014491	-0.0012431	-0.0010227	-0.0007835	-0.0005315	-0.0002697	-0.0000031	+0.0002596	+0.0005134	+0.0007555	+0.0009829	+0.0011922	+0.0013859	+0.0015657	+0.0017360	+0.0019019	+0.0020566
2011-11	-0.034	-0.0020226	-0.0018419	-0.0016542	-0.0014585	-0.0012396	-0.0010050	-0.0007585	-0.0004961	-0.0002115	+0.0000808	+0.0003800	+0.0006728	+0.0009537	+0.0012221	+0.0014746	+0.0017093	+0.0019226	+0.0021265	+0.0023177	+0.0024977	+0.0026544
2011-12	0.005	-0.0024014	-0.0022247	-0.0020426	-0.0018510	-0.0016439	-0.0014260	-0.0011918	-0.0009454	-0.0006867	-0.0004134	-0.0001335	+0.0001437	+0.0004122	+0.0006685	+0.0009072	+0.0011279	+0.0013392	+0.0015300	+0.0016982	+0.0018563	+0.0019989
2012-01	0.020	-0.0021325	-0.0019657	-0.0017954	-0.0016251	-0.0014368	-0.0012315	-0.0010111	-0.0007781	-0.0005363	-0.0002811	-0.0000142	+0.0002525	+0.0005151	+0.0007624	+0.0009951	+0.0012115	+0.0014131	+0.0016022	+0.0017852	+0.0019623	+0.0021339
2012-02	0.063	-0.0020462	-0.0018939	-0.0017334	-0.0015703	-0.0014012	-0.0012177	-0.0010140	-0.0007918	-0.0005573	-0.0003138	-0.0000672	+0.0001822	+0.0004244	+0.0006519	+0.0008635	+0.0010595	+0.0012452	+0.0014141	+0.0015688	+0.0017191	+0.0018650
2012-03	-0.005	-0.0017854	-0.0016400	-0.0014780	-0.0013064	-0.0011202	-0.0009202	-0.0007047	-0.0004694	-0.0002229	+0.0000300	+0.0002877	+0.0005415	+0.0007894	+0.0010266	+0.0012494	+0.0014573	+0.0016522	+0.0018270	+0.0019908	+0.0021358	+0.0022734
2012-04	-0.001	-0.0019153	-0.0017532	-0.0015742	-0.0013888	-0.0011931	-0.0009839	-0.0007627	-0.0005330	-0.0002897	-0.0000356	+0.0002235	+0.0004856	+0.0007421	+0.0009897	+0.0012201	+0.0014323	+0.0016300	+0.0018208	+0.0019954	+0.0021513	+0.0023057
2012-05	-0.056	-0.0018634	-0.0017010	-0.0015334	-0.0013533	-0.0011643	-0.0009540	-0.0007253	-0.0004860	-0.0002370	+0.0000260	+0.0002899	+0.0005544	+0.0008092	+0.0010531	+0.0012826	+0.0014927	+0.0016870	+0.0018713	+0.0020458	+0.0022074	+0.0023507
2012-06	0.028	-0.0017498	-0.0015620	-0.0013732	-0.0011823	-0.0009823	-0.0007648	-0.0005353	-0.0002936	-0.0000449	+0.0002104	+0.0004714	+0.0007312	+0.0009810	+0.0012166	+0.0014406	+0.0016516	+0.0018460	+0.0020277	+0.0021976	+0.0023665	+0.0025369
2012-07	0.015	-0.0014596	-0.0013338	-0.0012003	-0.0010575	-0.0009060	-0.0007430	-0.0005700	-0.0003843	-0.0001889	+0.0000200	+0.0002363	+0.0004528	+0.0006598	+0.0008581	+0.0010418	+0.0012068	+0.0013632	+0.0015124	+0.0016571	+0.0017952	+0.0019250
2012-08	0.002	-0.0015385	-0.0013858	-0.0012252	-0.0010616	-0.0008875	-0.0007046	-0.0005016	-0.0002875	-0.0000716	+0.0001501	+0.0003720	+0.0005933	+0.0008042	+0.0010028	+0.0011869	+0.0013606	+0.0015161	+0.0016608	+0.0017935	+0.0019156	+0.0020355
2012-09	0.011	-0.0014787	-0.0013276	-0.0011670	-0.0009999	-0.0008197	-0.0006340	-0.0004359	-0.0002297	-0.0000119	+0.0002132	+0.0004406	+0.0006580	+0.0008639	+0.0010581	+0.0012360	+0.0013971	+0.0015488	+0.0016918	+0.0018207	+0.0019413	+0.0020469
2012-10	0.015	-0.0014164	-0.0012867	-0.0011372	-0.0009815	-0.0008222	-0.0006533	-0.0004731	-0.0002812	-0.0000860	+0.0001163	+0.0003207	+0.0005228	+0.0007191	+0.0009029	+0.0010745	+0.0012331	+0.0013777	+0.0015115	+0.0016392	+0.0017537	+0.0018615
2012-11	0.030	-0.0013340	-0.0012355	-0.0011298	-0.0010144	-0.0008925	-0.0007658	-0.0006272	-0.0004800	-0.0003227	-0.0001569	+0.0000133	+0.0001848	+0.0003505	+0.0005077	+0.0006552	+0.0007954	+0.0009245	+0.0010473	+0.0011632	+0.0012702	+0.0013721
2012-12	0.044	-0.0010706	-0.0009763	-0.0008722	-0.0007600	-0.0006412	-0.0005162	-0.0003809	-0.0002325	-0.0000774	+0.0000830	+0.0002450	+0.0004095	+0.0005687	+0.0007206	+0.0008619	+0.0009936	+0.0011188	+0.0012326	+0.0013366	+0.0014336	+0.0015274
2013-01	0.041	-0.0014895	-0.0012928	-0.0011126	-0.0009131	-0.0007095	-0.0004958	-0.0002693	-0.0000455	+0.0001835	+0.0004159	+0.0006439	+0.0008622	+0.0010614	+0.0012407	+0.0014055	+0.0015520	+0.0016882	+0.0018112	+0.0019247	+0.0020321	+0.0021345
2013-02	0.002	-0.0027316	-0.0024476	-0.0020674	-0.0016114	-0.0012190	-0.0008006	-0.0003677	+0.0000641	+0.0005162	+0.0009433	+0.0013289	+0.0017243	+0.0020802	+0.0023534	+0.0025669	+0.0027540	+0.0029163	+0.0030554	+0.0031822	+0.0033000	+0.0034088
2013-03	0.019	-0.0020661	-0.0018006	-0.0015504	-0.0012656	-0.0009610	-0.0006463	-0.0003349	-0.0000180	+0.0003170	+0.0006547	+0.0009774	+0.0012756	+0.0015455	+0.0017823	+0.0019932	+0.0021754	+0.0023386	+0.0024837	+0.0026152	+0.0027392	+0.0028565
2013-04	0.047	-0.0025960	-0.0022539	-0.0019012	-0.0015546	-0.0012049	-0.0008184	-0.0004426	-0.0000481	+0.0003666	+0.0007704	+0.0011341	+0.0014910	+0.0018321	+0.0021078	+0.0023276	+0.0025100	+0.0026737	+0.0028195	+0.0029530	+0.0030711	+0.0031836
2013-05	-0.012	-0.0033653	-0.0029653	-0.0025178	-0.0020354	-0.0015436	-0.0010441	-0.0005319	-0.0000169	+0.0005056	+0.0010197	+0.0015148	+0.0019843	+0.0023854	+0.0027372	+0.0030306	+0.0032800	+0.0035000	+0.0036964	+0.0038732	+0.0040408	+0.0042003
2013-06	-0.062	-0.0029906	-0.0026032	-0.0022139	-0.0018186	-0.0014158	-0.0009888	-0.0005557	-0.0000971	+0.0003793	+0.0008321	+0.0012715	+0.0016812	+0.0020482	+0.0023748	+0.0026562	+0.0029007	+0.0031226	+0.0033204	+0.0034950	+0.0036566	+0.0038219
2013-07	0.003	-0.0020356	-0.0018210	-0.0015944	-0.0013551	-0.0010977	-0.0008366	-0.0005603	-0.0002679	+0.0000324	+0.0003425	+0.0006544	+0.0009548	+0.0012429	+0.0015123	+0.0017705	+0.0020031	+0.0022219	+0.0024244	+0.0026146	+0.0027855	+0.0029416
2013-08	-0.017	-0.0020161	-0.0018167	-0.0015904	-0.0013689	-0.0011381	-0.0008973	-0.0006377	-0.0003564	-0.0000675	+0.0002329	+0.0005339	+0.0008365	+0.0011243	+0.0013967	+0.0016488	+0.0018833	+0.0020949	+0.0022927	+0.0024753	+0.0026351	+0.0027889
2013-09	0.022	-0.0018825	-0.0017371	-0.0015850	-0.0014288	-0.0012611	-0.0010805	-0.0008875	-0.0006770	-0.0004562	-0.0002206	+0.0000162	+0.0002557	+0.0004905	+0.0007172	+0.0009289	+0.0011266	+0.0013078	+0.0014831	+0.0016542	+0.0018194	+0.0019716
2013-10	0.014	-0.0019441	-0.0017930	-0.0016474	-0.0014983	-0.0013349	-0.0011645	-0.0009807	-0.0007825	-0.0005702	-0.0003462	-0.0001106	+0.0001235	+0.0003544	+0.0005758	+0.0007864	+0.0009831	+0.0011650	+0.0013401	+0.0015039	+0.0016531	+0.0017927
2013-11	0.012	-0.0017319	-0.0015995	-0.0014581	-0.0013080	-0.0011523	-0.0009838	-0.0008018	-0.0006054	-0.0003972	-0.0001777	+0.0000492	+0.0002758	+0.0004944	+0.0007010	+0.0008987	+0.0010893	+0.0012649	+0.0014250	+0.0015773	+0.0017202	+0.0018618
2013-12	0.014	-0.0016533	-0.0015241	-0.0013915	-0.0012512	-0.0011019	-0.0009396	-0.0007571	-0.0005636	-0.0003616	-0.0001496	+0.0000729	+0.0002972	+0.0005161	+0.0007281	+0.0009259	+0.0011107	+0.0012809	+0.0014395	+0.0015967	+0.0017400	+0.0018753
2014-01	-0.011	-0.0015621	-0.0014537	-0.0013399	-0.0012193	-0.0010922	-0.0009540	-0.0008087	-0.0006536	-0.0004871	-0.0003099	-0.0001306	+0.0000475	+0.0002213	+0.0003861	+0.0005353	+0.0006734	+0.0008043	+0.0009284	+0.0010441	+0.0011514	+0.0012567
2014-02	0.008	-0.0014362	-0.0013297	-0.0012217	-0.0011095	-0.0009917	-0.0008619	-0.0007222	-0.0005734	-0.0004171	-0.0002523	-0.0000837	+0.0000858	+0.0002481	+0.0004008	+0.0005417	+0.0006744	+0.0008001	+0.0009166	+0.0010263	+0.0011276	+0.0012331
2014-03	0.017	-0.0012108	-0.0010949	-0.0009715	-0.0008386	-0.0007046	-0.0005636	-0.0004147	-0.0002564	-0.0000944	+0.0000711	+0.0002381	+0.0004060	+0.0005671	+0.0007180	+0.0008574	+0.0009857	+0.0011090	+0.0012235	+0.0013307	+0.0014316	+0.0015251
2014-04	0.002	-0.0012230	-0.0011074	-0.0009719	-0.0008311	-0.0006776	-0.0005187	-0.0003513	-0.0001769	-0.0000011	+0.0001797	+0.0003606	+0.0005358	+0.0007008	+0.0008532	+0.0009931	+0.0011204	+0.0012403	+0.0013488	+0.0014515	+0.0015437	+0.0016336
2014-05	0.002	-0.0013793	-0.0012069	-0.0010359	-0.0008649	-0.0006818	-0.0005037	-0.0003189	-0.0001284	+0.0000692	+0.0002664	+0.0004611	+0.0006482	+0.0008236	+0.0009823	+0.0011241	+0.0012559	+0.0013750	+0.0014838	+0.0015844	+0.0016800	+0.0017704
2014-06	0.005	-0.0009934	-0.0008773	-0.0007579	-0.0006324	-0.0005052	-0.0003724	-0.0002288	-0.0000837	+0.0000674	+0.0002227	+0.0003791	+0.0005284	+0.0006716	+0.0008061	+0.0009281	+0.0010377	+0.0011400	+0.0012310	+0.0013158	+0.0013965	+0.0014691
2014-07	0.004	-0.0010493	-0.0009230	-0.0007996	-0.0006775	-0.0005431	-0.0004024	-0.0002588	-0.0001102	+0.0000417	+0.0001952	+0.0003476	+0.0004954	+0.0006342	+0.0007629	+0.0008810	+0.0009856	+0.0010830	+0.0011733	+0.0012586	+0.0013367	+0.0014073
2014-08	0.011	-0.0008689	-0.0007748	-0.0006772	-0.0005752	-0.0004693	-0.0003578	-0.0002443	-0.0001287	-0.0000052	+0.0001209	+0.0002476	+0.0003716	+0.0004923	+0.0006035	+0.0007062	+0.0007986	+0.0008811	+0.0009581	+0.0010292	+0.0010959	+0.0011597
2014-09	0.005	-0.0008078	-0.0007215	-0.0006251	-0.0005256	-0.0004270	-0.0003221	-0.0002135	-0.0001004	+0.0000190	+0.0001427	+0.0002654	+0.0003854	+0.0004977	+0.0006004	+0.0006936	+0.0007792	+0.0008633	+0.0009402	+0.0010106	+0.0010778	+0.0011382
2014-10	0.007	-0.0009122	-0.0007956	-0.0006753	-0.0005574	-0.0004214	-0.0002768	-0.0001299	+0.0000231	+0.0001761	+0.0003282	+0.0004712	+0.0006051	+0.0007288	+0.0008371	+0.0009310	+0.0010160	+0.0010901	+0.0011550	+0.0012159	+0.0012683	+0.0013179
2014-11	0.051	-0.0008641	-0.0007638	-0.0006516	-0.0005338	-0.0004082	-0.0002822	-0.0001553	-0.0000273	+0.0001031	+0.0002360	+0.0003649	+0.0004848	+0.0005998	+0.0007047	+0.0007999	+0.0008815	+0.0009527	+0.0010166	+0.0010743	+0.0011314	+0.0011842
2014-12	0.007	-0.0012599	-0.0010854	-0.0009363	-0.0007659	-0.0005822	-0.0003910	-0.0002046	-0.0000113	+0.0001838	+0.0003751	+0.0005631	+0.0007385	+0.0008901	+0.0010283	+0.0011489	+0.0012528	+0.0013482	+0.0014353	+0.0015156	+0.0015913	+0.0016666
2015-01	-0.019	-0.0013581	-0.0011711	-0.0010106	-0.0008371	-0.0006430	-0.0004305	-0.0002241	-0.0000173	+0.0001981	+0.0004055	+0.0006057	+0.0007978	+0.0009692	+0.0011223	+0.0012540	+0.0013705	+0.0014753	+0.0015707	+0.0016551	+0.0017317	+0.0018033
2015-02	0.003	-0.0011735	-0.0010364	-0.0008864	-0.0007357	-0.0005816	-0.0004217	-0.0002509	-0.0000698	+0.0001089	+0.0002912	+0.0004656	+0.0006319	+0.0007844	+0.0009242	+0.0010545	+0.0011754	+0.0012847	+0.0013801	+0.0014656	+0.0015447	+0.0016222
