2011-09	-0.064	-0.0029611	-0.0027355	-0.0024871	-0.0022236	-0.0019424	-0.0016430	-0.0013252	-0.0009829	-0.0006242	-0.0002594	+0.0001102	+0.0004845	+0.0008444	+0.0011831	+0.0014975	+0.0017855	+0.0020453	+0.0022841	+0.0025019	+0.0027042	+0.0028942
2011-10	0.080	-0.0038789	-0.0036209	-0.0033563	-0.0030629	-0.0027466	-0.0024183	-0.0020654	-0.0016812	-0.0012788	-0.0008549	-0.0004237	+0.0000013	+0.0004121	+0.0008046	+0.0011741	+0.0015189	+0.0018365	+0.0021300	+0.0024012	+0.0026531	+0.0028917
2011-11	-0.070	-0.0037747	-0.0034737	-0.0031649	-0.0028309	-0.0024683	-0.0020965	-0.0017098	-0.0013111	-0.0008932	-0.0004532	+0.0000036	+0.0004524	+0.0008797	+0.0012818	+0.0016545	+0.0019954	+0.0023126	+0.0026049	+0.0028777	+0.0031296	+0.0033659
2011-12	0.051	-0.0044830	-0.0041880	-0.0038777	-0.0035507	-0.0031970	-0.0028179	-0.0024115	-0.0019717	-0.0015063	-0.0010223	-0.0005176	-0.0000146	+0.0004692	+0.0009205	+0.0013448	+0.0017425	+0.0021065	+0.0024398	+0.0027343	+0.0030078	+0.0032685
2012-01	0.045	-0.0043158	-0.0040153	-0.0037038	-0.0033699	-0.0030026	-0.0026155	-0.0022042	-0.0017706	-0.0013070	-0.0008272	-0.0003344	+0.0001493	+0.0006218	+0.0010792	+0.0015173	+0.0019218	+0.0022898	+0.0026411	+0.0029832	+0.0032938	+0.0036042
2012-02	0.009	-0.0039871	-0.0036828	-0.0033553	-0.0030348	-0.0026967	-0.0023229	-0.0019206	-0.0014935	-0.0010450	-0.0005767	-0.0001107	+0.0003504	+0.0007906	+0.0012094	+0.0016062	+0.0019729	+0.0023153	+0.0026188	+0.0028943	+0.0031520	+0.0034084
2012-03	0.029	-0.0037695	-0.0034986	-0.0032102	-0.0028983	-0.0025716	-0.0022172	-0.0018277	-0.0014076	-0.0009656	-0.0005092	-0.0000474	+0.0004084	+0.0008596	+0.0012896	+0.0016910	+0.0020605	+0.0024021	+0.0027245	+0.0030329	+0.0032991	+0.0035645
2012-04	0.023	-0.0035193	-0.0032423	-0.0029536	-0.0026383	-0.0023066	-0.0019488	-0.0015590	-0.0011455	-0.0007047	-0.0002514	+0.0002107	+0.0006692	+0.0011174	+0.0015503	+0.0019595	+0.0023338	+0.0026882	+0.0030080	+0.0032917	+0.0035707	+0.0038194
2012-05	-0.030	-0.0028057	-0.0025267	-0.0022531	-0.0019591	-0.0016443	-0.0013090	-0.0009610	-0.0005855	-0.0001891	+0.0002170	+0.0006284	+0.0010430	+0.0014428	+0.0018186	+0.0021670	+0.0024961	+0.0027970	+0.0030708	+0.0033207	+0.0035613	+0.0037804
2012-06	0.029	-0.0029203	-0.0025657	-0.0022058	-0.0018178	-0.0014201	-0.0010187	-0.0005995	-0.0001597	+0.0002925	+0.0007547	+0.0012105	+0.0016515	+0.0020645	+0.0024465	+0.0027971	+0.0031194	+0.0034201	+0.0036941	+0.0039453	+0.0041846	+0.0044237
2012-07	0.042	-0.0020237	-0.0018217	-0.0015970	-0.0013488	-0.0010874	-0.0008157	-0.0005287	-0.0002255	+0.0000880	+0.0004138	+0.0007538	+0.0010805	+0.0013947	+0.0016890	+0.0019595	+0.0022096	+0.0024431	+0.0026610	+0.0028683	+0.0030447	+0.0032041
2012-08	-0.005	-0.0026733	-0.0023350	-0.0019846	-0.0016321	-0.0012516	-0.0008645	-0.0004679	-0.0000533	+0.0003527	+0.0007594	+0.0011588	+0.0015361	+0.0018828	+0.0021898	+0.0024640	+0.0027071	+0.0029245	+0.0031187	+0.0032976	+0.0034645	+0.0036243
2012-09	-0.006	-0.0023018	-0.0020444	-0.0017696	-0.0014562	-0.0011238	-0.0007847	-0.0004483	-0.0001015	+0.0002547	+0.0006102	+0.0009625	+0.0012976	+0.0016068	+0.0018910	+0.0021458	+0.0023752	+0.0025878	+0.0027798	+0.0029566	+0.0031182	+0.0032664
2012-10	0.001	-0.0018913	-0.0016925	-0.0014921	-0.0012721	-0.0010465	-0.0007994	-0.0005554	-0.0002952	-0.0000247	+0.0002530	+0.0005276	+0.0007928	+0.0010467	+0.0012860	+0.0015078	+0.0017164	+0.0019072	+0.0020799	+0.0022364	+0.0023800	+0.0025206
2012-11	0.005	-0.0017673	-0.0015785	-0.0013906	-0.0011969	-0.0009908	-0.0007723	-0.0005497	-0.0003040	-0.0000445	+0.0002200	+0.0004868	+0.0007483	+0.0009974	+0.0012326	+0.0014501	+0.0016491	+0.0018316	+0.0019991	+0.0021532	+0.0023094	+0.0024635
2012-12	0.025	-0.0015408	-0.0014036	-0.0012605	-0.0011032	-0.0009390	-0.0007618	-0.0005706	-0.0003641	-0.0001475	+0.0000796	+0.0003117	+0.0005381	+0.0007587	+0.0009687	+0.0011632	+0.0013427	+0.0015067	+0.0016610	+0.0018100	+0.0019484	+0.0020785
2013-01	0.027	-0.0015576	-0.0014208	-0.0012696	-0.0011107	-0.0009382	-0.0007593	-0.0005668	-0.0003692	-0.0001599	+0.0000611	+0.0002840	+0.0005107	+0.0007286	+0.0009345	+0.0011238	+0.0012982	+0.0014618	+0.0016075	+0.0017466	+0.0018766	+0.0019997
2013-02	0.010	-0.0019170	-0.0016954	-0.0014433	-0.0011721	-0.0008843	-0.0005983	-0.0003136	-0.0000194	+0.0002849	+0.0005878	+0.0008856	+0.0011685	+0.0014272	+0.0016656	+0.0018809	+0.0020672	+0.0022378	+0.0023952	+0.0025399	+0.0026654	+0.0027783
2013-03	0.022	-0.0014576	-0.0012978	-0.0011281	-0.0009412	-0.0007524	-0.0005584	-0.0003567	-0.0001509	+0.0000634	+0.0002787	+0.0004918	+0.0006972	+0.0008881	+0.0010660	+0.0012286	+0.0013751	+0.0015061	+0.0016272	+0.0017358	+0.0018395	+0.0019396
2013-04	0.053	-0.0013586	-0.0012036	-0.0010342	-0.0008647	-0.0006840	-0.0004903	-0.0002947	-0.0000946	+0.0001161	+0.0003249	+0.0005332	+0.0007256	+0.0009053	+0.0010724	+0.0012268	+0.0013647	+0.0014912	+0.0016021	+0.0017008	+0.0017949	+0.0018888
2013-05	-0.035	-0.0020370	-0.0017893	-0.0015124	-0.0012296	-0.0009296	-0.0006203	-0.0003024	+0.0000252	+0.0003521	+0.0006687	+0.0009763	+0.0012642	+0.0015246	+0.0017486	+0.0019390	+0.0021000	+0.0022467	+0.0023717	+0.0024807	+0.0025800	+0.0026713
2013-06	-0.025	-0.0020972	-0.0018502	-0.0016161	-0.0013423	-0.0010652	-0.0007797	-0.0004814	-0.0001717	+0.0001462	+0.0004662	+0.0007776	+0.0010776	+0.0013445	+0.0015780	+0.0017815	+0.0019672	+0.0021346	+0.0022880	+0.0024264	+0.0025470	+0.0026645
2013-07	0.015	-0.0016644	-0.0014959	-0.0013198	-0.0011331	-0.0009393	-0.0007266	-0.0005003	-0.0002632	-0.0000145	+0.0002397	+0.0004949	+0.0007417	+0.0009797	+0.0012031	+0.0014079	+0.0015991	+0.0017708	+0.0019346	+0.0020834	+0.0022277	+0.0023548
2013-08	-0.055	-0.0019709	-0.0017725	-0.0015536	-0.0013174	-0.0010763	-0.0008264	-0.0005611	-0.0002871	-0.0000014	+0.0002923	+0.0005807	+0.0008627	+0.0011291	+0.0013790	+0.0016100	+0.0018197	+0.0020127	+0.0021906	+0.0023598	+0.0025097	+0.0026477
2013-09	0.036	-0.0019104	-0.0017648	-0.0016120	-0.0014503	-0.0012790	-0.0010885	-0.0008904	-0.0006819	-0.0004629	-0.0002353	+0.0000031	+0.0002426	+0.0004753	+0.0006960	+0.0009018	+0.0010952	+0.0012786	+0.0014466	+0.0016104	+0.0017590	+0.0019031
2013-10	0.030	-0.0019491	-0.0017865	-0.0016189	-0.0014347	-0.0012449	-0.0010414	-0.0008278	-0.0006001	-0.0003612	-0.0001106	+0.0001507	+0.0004084	+0.0006546	+0.0008840	+0.0010983	+0.0013023	+0.0014930	+0.0016679	+0.0018285	+0.0019732	+0.0021059
2013-11	-0.029	-0.0019387	-0.0017703	-0.0015953	-0.0014135	-0.0012192	-0.0010112	-0.0007965	-0.0005625	-0.0003134	-0.0000467	+0.0002209	+0.0004833	+0.0007396	+0.0009869	+0.0012189	+0.0014359	+0.0016340	+0.0018163	+0.0019839	+0.0021464	+0.0022958
2013-12	-0.007	-0.0021812	-0.0020168	-0.0018411	-0.0016548	-0.0014573	-0.0012499	-0.0010277	-0.0007877	-0.0005409	-0.0002916	-0.0000352	+0.0002244	+0.0004768	+0.0007122	+0.0009321	+0.0011400	+0.0013392	+0.0015294	+0.0017089	+0.0018708	+0.0020266
2014-01	0.013	-0.0027481	-0.0025821	-0.0024208	-0.0022415	-0.0020333	-0.0018096	-0.0015687	-0.0013112	-0.0010417	-0.0007537	-0.0004587	-0.0001618	+0.0001272	+0.0004071	+0.0006699	+0.0009196	+0.0011503	+0.0013675	+0.0015779	+0.0017816	+0.0019802
2014-02	0.030	-0.0020133	-0.0018671	-0.0017110	-0.0015506	-0.0013765	-0.0011959	-0.0010036	-0.0007951	-0.0005692	-0.0003295	-0.0000843	+0.0001591	+0.0003952	+0.0006188	+0.0008244	+0.0010169	+0.0011965	+0.0013620	+0.0015218	+0.0016702	+0.0018101
2014-03	0.001	-0.0015483	-0.0013967	-0.0012418	-0.0010893	-0.0009287	-0.0007611	-0.0005829	-0.0003929	-0.0001905	+0.0000180	+0.0002333	+0.0004454	+0.0006497	+0.0008451	+0.0010281	+0.0011974	+0.0013538	+0.0014997	+0.0016375	+0.0017659	+0.0018853
2014-04	0.028	-0.0013934	-0.0012767	-0.0011581	-0.0010304	-0.0008909	-0.0007411	-0.0005803	-0.0004110	-0.0002245	-0.0000303	+0.0001686	+0.0003693	+0.0005598	+0.0007392	+0.0009085	+0.0010708	+0.0012204	+0.0013569	+0.0014842	+0.0015998	+0.0017105
2014-05	0.023	-0.0017805	-0.0015713	-0.0013502	-0.0011207	-0.0008878	-0.0006381	-0.0003798	-0.0001162	+0.0001542	+0.0004286	+0.0006996	+0.0009559	+0.0011927	+0.0014096	+0.0016142	+0.0017961	+0.0019602	+0.0021170	+0.0022641	+0.0023947	+0.0025128
2014-06	0.013	-0.0016304	-0.0014375	-0.0012552	-0.0010482	-0.0008301	-0.0006010	-0.0003677	-0.0001202	+0.0001319	+0.0003826	+0.0006336	+0.0008701	+0.0010859	+0.0012864	+0.0014686	+0.0016345	+0.0017816	+0.0019127	+0.0020280	+0.0021336	+0.0022307
2014-07	0.008	-0.0013737	-0.0012049	-0.0010378	-0.0008708	-0.0006954	-0.0005168	-0.0003319	-0.0001329	+0.0000701	+0.0002785	+0.0004870	+0.0006871	+0.0008729	+0.0010428	+0.0012000	+0.0013472	+0.0014788	+0.0016021	+0.0017144	+0.0018188	+0.0019189
2014-08	0.005	-0.0017511	-0.0015143	-0.0012668	-0.0010224	-0.0007800	-0.0005255	-0.0002646	+0.0000048	+0.0002876	+0.0005589	+0.0008233	+0.0010749	+0.0012998	+0.0014917	+0.0016615	+0.0018086	+0.0019383	+0.0020563	+0.0021598	+0.0022598	+0.0023482
2014-09	-0.037	-0.0019296	-0.0016981	-0.0014302	-0.0011528	-0.0008737	-0.0005968	-0.0003236	-0.0000563	+0.0002290	+0.0005160	+0.0007861	+0.0010484	+0.0012875	+0.0014885	+0.0016559	+0.0017971	+0.0019203	+0.0020295	+0.0021283	+0.0022173	+0.0022982
2014-10	0.050	-0.0012733	-0.0011244	-0.0009671	-0.0008022	-0.0006317	-0.0004568	-0.0002702	-0.0000769	+0.0001139	+0.0003101	+0.0005114	+0.0007030	+0.0008826	+0.0010451	+0.0011926	+0.0013248	+0.0014479	+0.0015664	+0.0016724	+0.0017653	+0.0018461
2014-11	0.022	-0.0014378	-0.0012602	-0.0010709	-0.0008848	-0.0006959	-0.0004965	-0.0002921	-0.0000824	+0.0001351	+0.0003532	+0.0005683	+0.0007720	+0.0009645	+0.0011345	+0.0012889	+0.0014306	+0.0015571	+0.0016736	+0.0017854	+0.0018838	+0.0019801
2014-12	0.023	-0.0017462	-0.0015430	-0.0013322	-0.0011013	-0.0008610	-0.0006117	-0.0003504	-0.0000813	+0.0001897	+0.0004538	+0.0007052	+0.0009449	+0.0011687	+0.0013710	+0.0015491	+0.0017074	+0.0018471	+0.0019732	+0.0020889	+0.0021945	+0.0022993
2015-01	0.052	-0.0017696	-0.0015629	-0.0013266	-0.0010833	-0.0008554	-0.0006117	-0.0003541	-0.0000837	+0.0001821	+0.0004485	+0.0007070	+0.0009516	+0.0011791	+0.0013823	+0.0015684	+0.0017333	+0.0018818	+0.0020184	+0.0021429	+0.0022568	+0.0023628
2015-02	-0.006	-0.0020543	-0.0018178	-0.0015520	-0.0012744	-0.0009868	-0.0006927	-0.0003793	-0.0000641	+0.0002566	+0.0005749	+0.0008858	+0.0011735	+0.0014349	+0.0016673	+0.0018749	+0.0020571	+0.0022157	+0.0023630	+0.0024973	+0.0026183	+0.0027329
