2011-09	-0.160	-0.0030736	-0.0028721	-0.0026616	-0.0024335	-0.0021776	-0.0019086	-0.0016221	-0.0013186	-0.0010003	-0.0006622	-0.0003173	+0.0000268	+0.0003604	+0.0006746	+0.0009713	+0.0012452	+0.0015059	+0.0017415	+0.0019629	+0.0021625	+0.0023455
2011-10	0.099	-0.0051302	-0.0048711	-0.0045933	-0.0042925	-0.0039664	-0.0036105	-0.0032172	-0.0027916	-0.0023230	-0.0018181	-0.0012898	-0.0007469	-0.0002094	+0.0003318	+0.0008434	+0.0013324	+0.0018071	+0.0022676	+0.0026873	+0.0030821	+0.0034838
2011-11	-0.066	-0.0045037	-0.0042314	-0.0039358	-0.0036277	-0.0032896	-0.0029247	-0.0025319	-0.0021077	-0.0016503	-0.0011636	-0.0006562	-0.0001415	+0.0003518	+0.0008285	+0.0012806	+0.0017120	+0.0021267	+0.0025038	+0.0028613	+0.0031934	+0.0035102
2011-12	-0.005	-0.0058931	-0.0055774	-0.0052627	-0.0049311	-0.0045688	-0.0041518	-0.0036988	-0.0032303	-0.0027274	-0.0021731	-0.0015751	-0.0009556	-0.0003284	+0.0002853	+0.0008675	+0.0014281	+0.0019696	+0.0024868	+0.0029662	+0.0033721	+0.0037627
2012-01	0.066	-0.0058902	-0.0056156	-0.0053221	-0.0050016	-0.0046522	-0.0042596	-0.0038209	-0.0033313	-0.0027977	-0.0022161	-0.0016005	-0.0009598	-0.0003070	+0.0003491	+0.0009981	+0.0016334	+0.0022336	+0.0027951	+0.0033083	+0.0037990	+0.0042485
2012-02	0.085	-0.0050236	-0.0047491	-0.0044547	-0.0041335	-0.0037853	-0.0034104	-0.0029964	-0.0025542	-0.0020746	-0.0015721	-0.0010559	-0.0005367	-0.0000134	+0.0004944	+0.0009890	+0.0014766	+0.0019314	+0.0023510	+0.0027501	+0.0031625	+0.0035371
2012-03	-0.022	-0.0041505	-0.0038999	-0.0036254	-0.0033343	-0.0030062	-0.0026513	-0.0022821	-0.0018885	-0.0014635	-0.0010102	-0.0005446	-0.0000761	+0.0003823	+0.0008166	+0.0012298	+0.0016215	+0.0019865	+0.0023154	+0.0026285	+0.0029277	+0.0031978
2012-04	-0.027	-0.0040322	-0.0037643	-0.0034865	-0.0031844	-0.0028667	-0.0025232	-0.0021547	-0.0017593	-0.0013441	-0.0009055	-0.0004564	-0.0000078	+0.0004254	+0.0008348	+0.0012225	+0.0015839	+0.0019308	+0.0022603	+0.0025674	+0.0028560	+0.0031250
2012-05	-0.071	-0.0035482	-0.0032858	-0.0030171	-0.0027321	-0.0024291	-0.0021074	-0.0017645	-0.0014032	-0.0010153	-0.0006117	-0.0001958	+0.0002238	+0.0006297	+0.0010161	+0.0013681	+0.0016920	+0.0019951	+0.0022740	+0.0025503	+0.0028098	+0.0030618
2012-06	-0.007	-0.0024034	-0.0021683	-0.0019297	-0.0016764	-0.0014024	-0.0011103	-0.0007997	-0.0004728	-0.0001227	+0.0002372	+0.0006106	+0.0009812	+0.0013381	+0.0016750	+0.0019881	+0.0022842	+0.0025618	+0.0028222	+0.0030682	+0.0033050	+0.0035126
2012-07	0.020	-0.0025520	-0.0023862	-0.0022097	-0.0020204	-0.0018199	-0.0016053	-0.0013705	-0.0011204	-0.0008557	-0.0005806	-0.0002954	-0.0000067	+0.0002748	+0.0005445	+0.0008024	+0.0010468	+0.0012764	+0.0014957	+0.0017060	+0.0018981	+0.0020747
2012-08	0.001	-0.0018798	-0.0017450	-0.0016046	-0.0014477	-0.0012721	-0.0010844	-0.0008837	-0.0006647	-0.0004375	-0.0001959	+0.0000561	+0.0003102	+0.0005596	+0.0007940	+0.0010139	+0.0012174	+0.0014024	+0.0015723	+0.0017287	+0.0018797	+0.0020302
2012-09	0.018	-0.0018616	-0.0017152	-0.0015518	-0.0013793	-0.0011926	-0.0009902	-0.0007768	-0.0005491	-0.0003074	-0.0000500	+0.0002090	+0.0004594	+0.0007021	+0.0009340	+0.0011472	+0.0013427	+0.0015277	+0.0017059	+0.0018687	+0.0020235	+0.0021687
2012-10	0.030	-0.0018051	-0.0016779	-0.0015380	-0.0013918	-0.0012390	-0.0010729	-0.0008906	-0.0006962	-0.0004932	-0.0002794	-0.0000618	+0.0001515	+0.0003605	+0.0005643	+0.0007580	+0.0009387	+0.0010995	+0.0012419	+0.0013845	+0.0015148	+0.0016381
2012-11	0.009	-0.0022298	-0.0020803	-0.0019330	-0.0017843	-0.0016275	-0.0014627	-0.0012807	-0.0010826	-0.0008714	-0.0006480	-0.0004122	-0.0001699	+0.0000669	+0.0002971	+0.0005143	+0.0007147	+0.0009113	+0.0010858	+0.0012425	+0.0013940	+0.0015357
2012-12	0.051	-0.0017942	-0.0016769	-0.0015535	-0.0014154	-0.0012727	-0.0011187	-0.0009589	-0.0007875	-0.0006010	-0.0004022	-0.0002000	+0.0000053	+0.0002061	+0.0003941	+0.0005726	+0.0007378	+0.0008956	+0.0010393	+0.0011803	+0.0013193	+0.0014506
2013-01	0.060	-0.0013451	-0.0012271	-0.0010923	-0.0009443	-0.0007938	-0.0006293	-0.0004581	-0.0002733	-0.0000770	+0.0001261	+0.0003350	+0.0005431	+0.0007460	+0.0009402	+0.0011192	+0.0012913	+0.0014515	+0.0015965	+0.0017350	+0.0018724	+0.0020054
2013-02	0.001	-0.0028039	-0.0024529	-0.0020578	-0.0016847	-0.0012985	-0.0008658	-0.0003988	+0.0000438	+0.0005011	+0.0009474	+0.0013654	+0.0017602	+0.0021140	+0.0024148	+0.0026644	+0.0028775	+0.0030592	+0.0032211	+0.0033620	+0.0034994	+0.0036321
2013-03	-0.004	-0.0026788	-0.0023397	-0.0019964	-0.0016324	-0.0012480	-0.0008599	-0.0004726	-0.0000949	+0.0003099	+0.0007108	+0.0010900	+0.0014535	+0.0017849	+0.0020646	+0.0023073	+0.0025092	+0.0026888	+0.0028453	+0.0029874	+0.0031192	+0.0032407
2013-04	0.022	-0.0028108	-0.0024580	-0.0021229	-0.0017423	-0.0013574	-0.0009486	-0.0005254	-0.0000962	+0.0003473	+0.0007853	+0.0011968	+0.0015934	+0.0019429	+0.0022428	+0.0024922	+0.0027095	+0.0029001	+0.0030681	+0.0032214	+0.0033629	+0.0035093
2013-05	-0.010	-0.0030665	-0.0026681	-0.0022711	-0.0018493	-0.0014139	-0.0009610	-0.0005152	-0.0000531	+0.0004171	+0.0008779	+0.0013153	+0.0017342	+0.0021100	+0.0024282	+0.0026987	+0.0029408	+0.0031484	+0.0033299	+0.0034907	+0.0036389	+0.0037745
2013-06	-0.058	-0.0027731	-0.0024712	-0.0021288	-0.0017768	-0.0014162	-0.0010294	-0.0006315	-0.0002065	+0.0002201	+0.0006376	+0.0010429	+0.0014225	+0.0017709	+0.0020822	+0.0023558	+0.0026025	+0.0028363	+0.0030340	+0.0032159	+0.0033828	+0.0035282
2013-07	-0.010	-0.0018154	-0.0016539	-0.0014853	-0.0013066	-0.0011038	-0.0008857	-0.0006542	-0.0004081	-0.0001438	+0.0001305	+0.0004093	+0.0006869	+0.0009557	+0.0012093	+0.0014485	+0.0016750	+0.0018878	+0.0020821	+0.0022634	+0.0024433	+0.0026200
2013-08	-0.018	-0.0018948	-0.0017376	-0.0015678	-0.0013865	-0.0011914	-0.0009799	-0.0007561	-0.0005129	-0.0002549	+0.0000208	+0.0003056	+0.0005903	+0.0008718	+0.0011377	+0.0013899	+0.0016199	+0.0018304	+0.0020341	+0.0022226	+0.0024033	+0.0025746
2013-09	0.025	-0.0022939	-0.0021435	-0.0019816	-0.0018146	-0.0016398	-0.0014482	-0.0012443	-0.0010263	-0.0007919	-0.0005462	-0.0002933	-0.0000398	+0.0002092	+0.0004472	+0.0006709	+0.0008813	+0.0010814	+0.0012690	+0.0014503	+0.0016196	+0.0017838
2013-10	0.024	-0.0024379	-0.0022904	-0.0021394	-0.0019733	-0.0017931	-0.0015992	-0.0013901	-0.0011622	-0.0009171	-0.0006597	-0.0003950	-0.0001327	+0.0001215	+0.0003677	+0.0006007	+0.0008192	+0.0010314	+0.0012281	+0.0014044	+0.0015660	+0.0017250
2013-11	-0.002	-0.0022563	-0.0021150	-0.0019547	-0.0017864	-0.0016120	-0.0014278	-0.0012226	-0.0010035	-0.0007652	-0.0005115	-0.0002458	+0.0000198	+0.0002781	+0.0005224	+0.0007529	+0.0009685	+0.0011676	+0.0013527	+0.0015303	+0.0017029	+0.0018611
2013-12	0.001	-0.0021365	-0.0019878	-0.0018360	-0.0016760	-0.0015021	-0.0013138	-0.0011086	-0.0008909	-0.0006591	-0.0004159	-0.0001667	+0.0000842	+0.0003283	+0.0005646	+0.0007895	+0.0009995	+0.0011973	+0.0013775	+0.0015492	+0.0017057	+0.0018568
2014-01	-0.023	-0.0022321	-0.0020937	-0.0019464	-0.0017929	-0.0016262	-0.0014403	-0.0012423	-0.0010269	-0.0007976	-0.0005596	-0.0003087	-0.0000540	+0.0001923	+0.0004288	+0.0006492	+0.0008531	+0.0010379	+0.0012046	+0.0013690	+0.0015275	+0.0016729
2014-02	0.015	-0.0020746	-0.0019478	-0.0018125	-0.0016712	-0.0015162	-0.0013502	-0.0011686	-0.0009746	-0.0007652	-0.0005427	-0.0003132	-0.0000794	+0.0001519	+0.0003766	+0.0005865	+0.0007887	+0.0009794	+0.0011578	+0.0013201	+0.0014738	+0.0016336
2014-03	0.019	-0.0014346	-0.0013261	-0.0012118	-0.0010882	-0.0009530	-0.0008081	-0.0006543	-0.0004873	-0.0003065	-0.0001206	+0.0000660	+0.0002520	+0.0004303	+0.0006016	+0.0007624	+0.0009157	+0.0010590	+0.0011947	+0.0013212	+0.0014376	+0.0015450
2014-04	0.003	-0.0013518	-0.0012251	-0.0010908	-0.0009564	-0.0008121	-0.0006575	-0.0004921	-0.0003153	-0.0001269	+0.0000688	+0.0002649	+0.0004606	+0.0006529	+0.0008332	+0.0009993	+0.0011523	+0.0012960	+0.0014313	+0.0015551	+0.0016674	+0.0017782
2014-05	0.014	-0.0014126	-0.0012560	-0.0010948	-0.0009307	-0.0007621	-0.0005840	-0.0003927	-0.0001933	+0.0000162	+0.0002312	+0.0004458	+0.0006527	+0.0008501	+0.0010336	+0.0012046	+0.0013617	+0.0015087	+0.0016463	+0.0017778	+0.0019023	+0.0020131
2014-06	0.007	-0.0011604	-0.0010446	-0.0009174	-0.0007873	-0.0006485	-0.0005006	-0.0003466	-0.0001878	-0.0000184	+0.0001543	+0.0003288	+0.0005010	+0.0006612	+0.0008129	+0.0009541	+0.0010861	+0.0012098	+0.0013219	+0.0014236	+0.0015182	+0.0016035
2014-07	0.003	-0.0010221	-0.0009213	-0.0008147	-0.0007035	-0.0005824	-0.0004526	-0.0003219	-0.0001816	-0.0000358	+0.0001159	+0.0002700	+0.0004208	+0.0005683	+0.0007057	+0.0008371	+0.0009558	+0.0010665	+0.0011685	+0.0012624	+0.0013473	+0.0014296
2014-08	0.005	-0.0009381	-0.0008382	-0.0007395	-0.0006373	-0.0005288	-0.0004122	-0.0002888	-0.0001604	-0.0000247	+0.0001168	+0.0002612	+0.0004004	+0.0005317	+0.0006530	+0.0007664	+0.0008714	+0.0009692	+0.0010603	+0.0011441	+0.0012200	+0.0012924
2014-09	-0.013	-0.0008609	-0.0007692	-0.0006728	-0.0005698	-0.0004625	-0.0003472	-0.0002275	-0.0000976	+0.0000358	+0.0001729	+0.0003139	+0.0004523	+0.0005828	+0.0007037	+0.0008167	+0.0009211	+0.0010159	+0.0011039	+0.0011877	+0.0012640	+0.0013369
2014-10	0.006	-0.0010043	-0.0008941	-0.0007753	-0.0006507	-0.0005199	-0.0003783	-0.0002287	-0.0000678	+0.0000954	+0.0002579	+0.0004162	+0.0005603	+0.0006934	+0.0008140	+0.0009243	+0.0010243	+0.0011167	+0.0012020	+0.0012799	+0.0013530	+0.0014201
2014-11	0.019	-0.0007937	-0.0007069	-0.0006185	-0.0005207	-0.0004179	-0.0003107	-0.0001982	-0.0000798	+0.0000442	+0.0001715	+0.0002985	+0.0004248	+0.0005457	+0.0006594	+0.0007653	+0.0008632	+0.0009543	+0.0010426	+0.0011233	+0.0011948	+0.0012654
2014-12	-0.017	-0.0009078	-0.0008159	-0.0007174	-0.0006159	-0.0005055	-0.0003928	-0.0002737	-0.0001501	-0.0000222	+0.0001070	+0.0002358	+0.0003588	+0.0004771	+0.0005883	+0.0006898	+0.0007853	+0.0008741	+0.0009541	+0.0010309	+0.0011014	+0.0011706
2015-01	0.004	-0.0009258	-0.0008503	-0.0007677	-0.0006826	-0.0005892	-0.0004875	-0.0003792	-0.0002623	-0.0001357	-0.0000025	+0.0001331	+0.0002685	+0.0004021	+0.0005302	+0.0006518	+0.0007650	+0.0008687	+0.0009695	+0.0010668	+0.0011551	+0.0012354
2015-02	-0.021	-0.0010171	-0.0009355	-0.0008447	-0.0007464	-0.0006415	-0.0005336	-0.0004208	-0.0003009	-0.0001709	-0.0000363	+0.0001024	+0.0002416	+0.0003770	+0.0005060	+0.0006277	+0.0007435	+0.0008528	+0.0009543	+0.0010498	+0.0011365	+0.0012142
