2011-09	-0.122	-0.0048689	-0.0045274	-0.0041620	-0.0037729	-0.0033570	-0.0029074	-0.0024158	-0.0019025	-0.0013553	-0.0007904	-0.0002096	+0.0003680	+0.0009313	+0.0014566	+0.0019314	+0.0023755	+0.0027954	+0.0031774	+0.0035273	+0.0038636	+0.0041788
2011-10	0.120	-0.0065536	-0.0061794	-0.0057619	-0.0053150	-0.0048411	-0.0043302	-0.0037706	-0.0031618	-0.0025045	-0.0018052	-0.0010892	-0.0003757	+0.0003115	+0.0009690	+0.0015945	+0.0021767	+0.0027201	+0.0032489	+0.0037461	+0.0042160	+0.0046845
2011-11	-0.093	-0.0063823	-0.0059544	-0.0054837	-0.0049821	-0.0044541	-0.0039023	-0.0033172	-0.0026867	-0.0019973	-0.0012808	-0.0005476	+0.0001822	+0.0008980	+0.0015863	+0.0022375	+0.0028408	+0.0033895	+0.0038999	+0.0044008	+0.0048635	+0.0053142
2011-12	-0.015	-0.0079057	-0.0074505	-0.0069693	-0.0064442	-0.0058792	-0.0052709	-0.0046393	-0.0039429	-0.0031852	-0.0023942	-0.0015606	-0.0007021	+0.0001664	+0.0009885	+0.0017641	+0.0024889	+0.0031754	+0.0038186	+0.0044167	+0.0049895	+0.0055903
2012-01	0.065	-0.0079777	-0.0075402	-0.0070573	-0.0065525	-0.0059955	-0.0053855	-0.0047186	-0.0040065	-0.0032293	-0.0023927	-0.0015156	-0.0006458	+0.0002408	+0.0011053	+0.0019574	+0.0027912	+0.0035791	+0.0042931	+0.0049811	+0.0056624	+0.0063172
2012-02	0.071	-0.0074037	-0.0069575	-0.0064580	-0.0059494	-0.0054197	-0.0048464	-0.0042192	-0.0035411	-0.0028183	-0.0020675	-0.0012900	-0.0005246	+0.0002369	+0.0009733	+0.0016720	+0.0023315	+0.0029438	+0.0035279	+0.0040863	+0.0046252	+0.0051419
2012-03	0.029	-0.0063652	-0.0059705	-0.0055534	-0.0051082	-0.0046164	-0.0040769	-0.0034855	-0.0028563	-0.0021881	-0.0014901	-0.0007684	-0.0000372	+0.0006757	+0.0013784	+0.0020412	+0.0026654	+0.0032376	+0.0037751	+0.0043041	+0.0047688	+0.0051569
2012-04	-0.005	-0.0056569	-0.0052270	-0.0048023	-0.0043474	-0.0038430	-0.0033102	-0.0027480	-0.0021402	-0.0014842	-0.0007931	-0.0000888	+0.0006112	+0.0012991	+0.0019561	+0.0025568	+0.0031167	+0.0036544	+0.0041420	+0.0045736	+0.0049798	+0.0053852
2012-05	-0.093	-0.0049036	-0.0045013	-0.0040925	-0.0036619	-0.0031916	-0.0026913	-0.0021639	-0.0016093	-0.0010297	-0.0004230	+0.0002043	+0.0008387	+0.0014529	+0.0020441	+0.0026225	+0.0031658	+0.0036595	+0.0041040	+0.0045210	+0.0049128	+0.0052857
2012-06	0.044	-0.0039257	-0.0035665	-0.0032128	-0.0028221	-0.0023954	-0.0019365	-0.0014436	-0.0009195	-0.0003724	+0.0001940	+0.0007712	+0.0013463	+0.0019113	+0.0024557	+0.0029717	+0.0034662	+0.0039464	+0.0043932	+0.0048011	+0.0051863	+0.0055562
2012-07	0.067	-0.0035806	-0.0032994	-0.0030035	-0.0026878	-0.0023451	-0.0019761	-0.0015717	-0.0011402	-0.0006696	-0.0001804	+0.0003089	+0.0008006	+0.0012779	+0.0017260	+0.0021610	+0.0025661	+0.0029423	+0.0032883	+0.0036257	+0.0039334	+0.0042145
2012-08	0.003	-0.0033950	-0.0030834	-0.0027307	-0.0023559	-0.0019823	-0.0015815	-0.0011422	-0.0006780	-0.0001860	+0.0003156	+0.0008169	+0.0013128	+0.0018019	+0.0022691	+0.0026907	+0.0030747	+0.0034243	+0.0037485	+0.0040631	+0.0043406	+0.0046086
2012-09	0.021	-0.0036808	-0.0032897	-0.0028822	-0.0024453	-0.0019956	-0.0015318	-0.0010367	-0.0005140	+0.0000181	+0.0005541	+0.0010898	+0.0016115	+0.0021036	+0.0025629	+0.0029861	+0.0033715	+0.0037230	+0.0040627	+0.0043712	+0.0046578	+0.0049245
2012-10	0.065	-0.0033720	-0.0030224	-0.0026742	-0.0023097	-0.0019136	-0.0014919	-0.0010535	-0.0006048	-0.0001336	+0.0003410	+0.0008107	+0.0012733	+0.0017270	+0.0021557	+0.0025506	+0.0029119	+0.0032396	+0.0035372	+0.0038062	+0.0040523	+0.0042807
2012-11	0.028	-0.0029816	-0.0026921	-0.0024038	-0.0021021	-0.0017761	-0.0014180	-0.0010317	-0.0006263	-0.0001871	+0.0002682	+0.0007282	+0.0011761	+0.0016061	+0.0020220	+0.0024170	+0.0027769	+0.0031056	+0.0034101	+0.0037091	+0.0039883	+0.0042439
2012-12	0.079	-0.0025719	-0.0023009	-0.0020351	-0.0017563	-0.0014612	-0.0011442	-0.0008011	-0.0004285	-0.0000349	+0.0003764	+0.0007815	+0.0011851	+0.0015750	+0.0019515	+0.0022970	+0.0026206	+0.0029300	+0.0032134	+0.0034710	+0.0037040	+0.0039082
2013-01	0.059	-0.0035856	-0.0031212	-0.0026707	-0.0022044	-0.0017274	-0.0012363	-0.0007208	-0.0002010	+0.0003352	+0.0008692	+0.0014128	+0.0019178	+0.0023835	+0.0028162	+0.0032049	+0.0035497	+0.0038580	+0.0041430	+0.0044050	+0.0046534	+0.0048828
2013-02	0.003	-0.0053164	-0.0047430	-0.0040138	-0.0031589	-0.0023995	-0.0015950	-0.0007072	+0.0001482	+0.0010246	+0.0018783	+0.0026821	+0.0034628	+0.0041581	+0.0046997	+0.0051475	+0.0055272	+0.0058647	+0.0061709	+0.0064411	+0.0066837	+0.0068952
2013-03	0.018	-0.0042925	-0.0037234	-0.0031516	-0.0025756	-0.0019765	-0.0013367	-0.0007096	-0.0000625	+0.0006153	+0.0012866	+0.0019132	+0.0025146	+0.0030664	+0.0035308	+0.0039302	+0.0042724	+0.0045735	+0.0048438	+0.0050913	+0.0053135	+0.0055163
2013-04	0.109	-0.0043079	-0.0037223	-0.0031513	-0.0025708	-0.0020142	-0.0013874	-0.0007366	-0.0000931	+0.0006031	+0.0012526	+0.0018696	+0.0024786	+0.0030285	+0.0034846	+0.0038649	+0.0041839	+0.0044651	+0.0047203	+0.0049538	+0.0051604	+0.0053558
2013-05	-0.012	-0.0059650	-0.0052495	-0.0044302	-0.0035719	-0.0027556	-0.0017738	-0.0008310	+0.0000052	+0.0010178	+0.0019248	+0.0027200	+0.0035986	+0.0043720	+0.0049439	+0.0053854	+0.0057442	+0.0060532	+0.0063235	+0.0065686	+0.0067973	+0.0070039
2013-06	-0.090	-0.0056687	-0.0049870	-0.0042417	-0.0034552	-0.0026900	-0.0018602	-0.0009962	-0.0001464	+0.0007790	+0.0016612	+0.0024574	+0.0032446	+0.0039714	+0.0045505	+0.0050220	+0.0054120	+0.0057497	+0.0060438	+0.0063207	+0.0065813	+0.0068112
2013-07	0.024	-0.0034556	-0.0030377	-0.0026234	-0.0022010	-0.0017451	-0.0012768	-0.0007976	-0.0003067	+0.0002107	+0.0007417	+0.0012667	+0.0017843	+0.0022634	+0.0027098	+0.0031276	+0.0034986	+0.0038333	+0.0041359	+0.0044210	+0.0046846	+0.0049312
2013-08	-0.035	-0.0037590	-0.0033633	-0.0029323	-0.0024839	-0.0020075	-0.0015084	-0.0009780	-0.0004407	+0.0001137	+0.0006840	+0.0012567	+0.0018036	+0.0023067	+0.0027768	+0.0032124	+0.0036021	+0.0039490	+0.0042713	+0.0045710	+0.0048698	+0.0051244
2013-09	0.059	-0.0029736	-0.0027314	-0.0024689	-0.0021822	-0.0018786	-0.0015639	-0.0012245	-0.0008571	-0.0004700	-0.0000645	+0.0003547	+0.0007716	+0.0011741	+0.0015481	+0.0019020	+0.0022345	+0.0025446	+0.0028396	+0.0031142	+0.0033694	+0.0036175
2013-10	0.051	-0.0030631	-0.0027885	-0.0025111	-0.0022102	-0.0018970	-0.0015681	-0.0012174	-0.0008486	-0.0004570	-0.0000445	+0.0003692	+0.0007828	+0.0011818	+0.0015671	+0.0019263	+0.0022625	+0.0025736	+0.0028621	+0.0031308	+0.0033860	+0.0036185
2013-11	-0.000	-0.0029988	-0.0026968	-0.0023776	-0.0020451	-0.0017085	-0.0013469	-0.0009580	-0.0005508	-0.0001257	+0.0003156	+0.0007610	+0.0012000	+0.0016196	+0.0020060	+0.0023645	+0.0027024	+0.0030135	+0.0033054	+0.0035777	+0.0038223	+0.0040509
2013-12	0.002	-0.0028613	-0.0025621	-0.0022662	-0.0019470	-0.0016205	-0.0012821	-0.0009183	-0.0005366	-0.0001336	+0.0002858	+0.0007098	+0.0011309	+0.0015385	+0.0019250	+0.0022843	+0.0026222	+0.0029414	+0.0032335	+0.0035011	+0.0037559	+0.0040003
2014-01	-0.018	-0.0028982	-0.0026873	-0.0024589	-0.0022115	-0.0019505	-0.0016638	-0.0013571	-0.0010304	-0.0006928	-0.0003440	+0.0000110	+0.0003691	+0.0007179	+0.0010465	+0.0013535	+0.0016385	+0.0019132	+0.0021680	+0.0024048	+0.0026215	+0.0028183
2014-02	0.047	-0.0026065	-0.0024005	-0.0021726	-0.0019448	-0.0017053	-0.0014420	-0.0011644	-0.0008673	-0.0005543	-0.0002347	+0.0000934	+0.0004288	+0.0007516	+0.0010593	+0.0013482	+0.0016200	+0.0018673	+0.0020933	+0.0023132	+0.0025216	+0.0027146
2014-03	0.008	-0.0027222	-0.0024405	-0.0021362	-0.0017948	-0.0014572	-0.0011173	-0.0007496	-0.0003665	+0.0000196	+0.0004104	+0.0008008	+0.0011714	+0.0015245	+0.0018556	+0.0021597	+0.0024477	+0.0027085	+0.0029522	+0.0031785	+0.0033959	+0.0036070
2014-04	0.045	-0.0025431	-0.0022924	-0.0020311	-0.0017438	-0.0014410	-0.0011189	-0.0007700	-0.0004127	-0.0000493	+0.0003316	+0.0007046	+0.0010700	+0.0014172	+0.0017429	+0.0020498	+0.0023376	+0.0026025	+0.0028357	+0.0030512	+0.0032541	+0.0034413
2014-05	0.008	-0.0031954	-0.0027982	-0.0023980	-0.0019809	-0.0015577	-0.0011328	-0.0006821	-0.0002145	+0.0002600	+0.0007370	+0.0011936	+0.0016286	+0.0020365	+0.0024132	+0.0027583	+0.0030554	+0.0033215	+0.0035682	+0.0037860	+0.0039890	+0.0041916
2014-06	0.027	-0.0025723	-0.0022758	-0.0019772	-0.0016605	-0.0013326	-0.0009914	-0.0006356	-0.0002584	+0.0001239	+0.0005153	+0.0009019	+0.0012721	+0.0016199	+0.0019420	+0.0022411	+0.0025115	+0.0027563	+0.0029860	+0.0032007	+0.0033911	+0.0035710
2014-07	0.018	-0.0024069	-0.0021203	-0.0018436	-0.0015573	-0.0012593	-0.0009464	-0.0006112	-0.0002652	+0.0000997	+0.0004655	+0.0008319	+0.0011859	+0.0015295	+0.0018455	+0.0021282	+0.0023856	+0.0026133	+0.0028173	+0.0030039	+0.0031797	+0.0033390
2014-08	0.013	-0.0023342	-0.0020516	-0.0017611	-0.0014652	-0.0011593	-0.0008308	-0.0004955	-0.0001470	+0.0002056	+0.0005774	+0.0009491	+0.0013045	+0.0016364	+0.0019466	+0.0022293	+0.0024806	+0.0027048	+0.0029121	+0.0030982	+0.0032677	+0.0034226
2014-09	-0.029	-0.0026481	-0.0023224	-0.0019936	-0.0016556	-0.0013029	-0.0009353	-0.0005658	-0.0001832	+0.0002110	+0.0006045	+0.0009905	+0.0013677	+0.0017129	+0.0020276	+0.0023112	+0.0025678	+0.0027937	+0.0029879	+0.0031592	+0.0033309	+0.0034953
2014-10	0.023	-0.0024613	-0.0021684	-0.0018778	-0.0015717	-0.0012343	-0.0008655	-0.0004809	-0.0000941	+0.0002959	+0.0006852	+0.0010575	+0.0014200	+0.0017522	+0.0020468	+0.0023114	+0.0025490	+0.0027629	+0.0029553	+0.0031343	+0.0032942	+0.0034431
2014-11	0.086	-0.0020927	-0.0018617	-0.0016175	-0.0013623	-0.0011016	-0.0008186	-0.0005218	-0.0002091	+0.0001131	+0.0004336	+0.0007480	+0.0010595	+0.0013532	+0.0016243	+0.0018742	+0.0021056	+0.0023166	+0.0025124	+0.0026916	+0.0028527	+0.0030074
2014-12	0.018	-0.0029195	-0.0025353	-0.0021662	-0.0017999	-0.0014028	-0.0009740	-0.0005377	-0.0000987	+0.0003464	+0.0007899	+0.0012233	+0.0016260	+0.0019898	+0.0023232	+0.0026322	+0.0029087	+0.0031565	+0.0033857	+0.0035959	+0.0037785	+0.0039437
2015-01	0.013	-0.0028667	-0.0025231	-0.0021666	-0.0017954	-0.0014192	-0.0010225	-0.0006204	-0.0001945	+0.0002395	+0.0006793	+0.0011130	+0.0015302	+0.0019191	+0.0022716	+0.0025899	+0.0028806	+0.0031498	+0.0034126	+0.0036412	+0.0038568	+0.0040674
2015-02	0.023	-0.0029624	-0.0026390	-0.0022811	-0.0019058	-0.0015254	-0.0011286	-0.0007131	-0.0002886	+0.0001501	+0.0006040	+0.0010475	+0.0014711	+0.0018703	+0.0022411	+0.0025732	+0.0028783	+0.0031497	+0.0033939	+0.0036229	+0.0038266	+0.0040297
