2011-09	-0.003	-0.0061080	-0.0057230	-0.0053163	-0.0048969	-0.0044472	-0.0039392	-0.0034167	-0.0028450	-0.0022471	-0.0016167	-0.0009882	-0.0003593	+0.0002466	+0.0008353	+0.0013865	+0.0018981	+0.0023740	+0.0028096	+0.0032354	+0.0036010	+0.0039595
2011-10	0.003	-0.0065082	-0.0060737	-0.0056221	-0.0051560	-0.0046635	-0.0041266	-0.0035703	-0.0029780	-0.0023695	-0.0017400	-0.0010944	-0.0004524	+0.0001703	+0.0007684	+0.0013364	+0.0018467	+0.0023255	+0.0027587	+0.0031726	+0.0035906	+0.0039967
2011-11	-0.047	-0.0067538	-0.0063250	-0.0058644	-0.0053750	-0.0048615	-0.0043224	-0.0037623	-0.0031549	-0.0025139	-0.0018476	-0.0011597	-0.0004762	+0.0001981	+0.0008473	+0.0014666	+0.0020376	+0.0025886	+0.0031081	+0.0035836	+0.0040141	+0.0044661
2011-12	0.001	-0.0048007	-0.0045156	-0.0042201	-0.0039038	-0.0035754	-0.0032240	-0.0028404	-0.0024213	-0.0019768	-0.0015058	-0.0010093	-0.0004996	+0.0000146	+0.0005091	+0.0009826	+0.0014348	+0.0018616	+0.0022554	+0.0026204	+0.0029858	+0.0033348
2012-01	0.036	-0.0047474	-0.0044772	-0.0041886	-0.0038906	-0.0035760	-0.0032155	-0.0028279	-0.0024054	-0.0019577	-0.0014825	-0.0009888	-0.0004761	+0.0000389	+0.0005498	+0.0010425	+0.0015104	+0.0019434	+0.0023454	+0.0027370	+0.0031181	+0.0034969
2012-02	0.101	-0.0039045	-0.0036802	-0.0034247	-0.0031508	-0.0028453	-0.0025153	-0.0021636	-0.0017783	-0.0013674	-0.0009386	-0.0005031	-0.0000623	+0.0003641	+0.0007660	+0.0011509	+0.0015140	+0.0018656	+0.0021932	+0.0024927	+0.0027806	+0.0030465
2012-03	0.032	-0.0033297	-0.0030880	-0.0028261	-0.0025567	-0.0022720	-0.0019629	-0.0016319	-0.0012851	-0.0009204	-0.0005417	-0.0001498	+0.0002427	+0.0006286	+0.0009957	+0.0013445	+0.0016709	+0.0019734	+0.0022568	+0.0025269	+0.0027781	+0.0030231
2012-04	-0.061	-0.0030809	-0.0028230	-0.0025586	-0.0022745	-0.0019690	-0.0016572	-0.0013252	-0.0009659	-0.0005931	-0.0001992	+0.0002019	+0.0006028	+0.0009931	+0.0013654	+0.0017235	+0.0020544	+0.0023680	+0.0026614	+0.0029338	+0.0031862	+0.0034324
2012-05	-0.111	-0.0027368	-0.0025043	-0.0022640	-0.0020075	-0.0017336	-0.0014380	-0.0011190	-0.0007769	-0.0004109	-0.0000192	+0.0003826	+0.0007816	+0.0011692	+0.0015366	+0.0018769	+0.0021868	+0.0024806	+0.0027502	+0.0030050	+0.0032453	+0.0034685
2012-06	0.069	-0.0028012	-0.0026082	-0.0023974	-0.0021769	-0.0019426	-0.0016827	-0.0013990	-0.0010974	-0.0007786	-0.0004401	-0.0000950	+0.0002519	+0.0005869	+0.0009141	+0.0012135	+0.0014904	+0.0017480	+0.0019903	+0.0022244	+0.0024468	+0.0026602
2012-07	-0.045	-0.0023710	-0.0021875	-0.0019865	-0.0017660	-0.0015243	-0.0012595	-0.0009809	-0.0006826	-0.0003621	-0.0000286	+0.0003190	+0.0006647	+0.0010059	+0.0013366	+0.0016494	+0.0019387	+0.0021992	+0.0024444	+0.0026751	+0.0028952	+0.0031103
2012-08	-0.006	-0.0028257	-0.0026194	-0.0023955	-0.0021553	-0.0019012	-0.0016320	-0.0013459	-0.0010375	-0.0007064	-0.0003574	-0.0000081	+0.0003413	+0.0006787	+0.0009993	+0.0013037	+0.0015856	+0.0018515	+0.0020989	+0.0023256	+0.0025397	+0.0027467
2012-09	0.018	-0.0027425	-0.0025395	-0.0023333	-0.0021115	-0.0018661	-0.0015930	-0.0012995	-0.0009908	-0.0006624	-0.0003215	+0.0000324	+0.0003825	+0.0007230	+0.0010491	+0.0013596	+0.0016520	+0.0019205	+0.0021696	+0.0024044	+0.0026247	+0.0028412
2012-10	0.006	-0.0028499	-0.0026438	-0.0024193	-0.0021887	-0.0019470	-0.0016853	-0.0014003	-0.0010988	-0.0007737	-0.0004298	-0.0000810	+0.0002646	+0.0006098	+0.0009433	+0.0012502	+0.0015384	+0.0018098	+0.0020604	+0.0022929	+0.0025087	+0.0027110
2012-11	0.051	-0.0037407	-0.0035156	-0.0032858	-0.0030354	-0.0027662	-0.0024767	-0.0021596	-0.0018190	-0.0014439	-0.0010489	-0.0006430	-0.0002312	+0.0001767	+0.0005754	+0.0009525	+0.0013060	+0.0016420	+0.0019651	+0.0022688	+0.0025614	+0.0028258
2012-12	0.096	-0.0035007	-0.0032879	-0.0030538	-0.0028086	-0.0025401	-0.0022540	-0.0019407	-0.0016041	-0.0012418	-0.0008598	-0.0004728	-0.0000810	+0.0003053	+0.0006815	+0.0010466	+0.0013933	+0.0017106	+0.0020020	+0.0022695	+0.0025306	+0.0027832
2013-01	0.089	-0.0026921	-0.0024531	-0.0021940	-0.0019214	-0.0016280	-0.0013120	-0.0009795	-0.0006154	-0.0002344	+0.0001582	+0.0005588	+0.0009586	+0.0013486	+0.0017217	+0.0020726	+0.0023963	+0.0026914	+0.0029595	+0.0032051	+0.0034322	+0.0036377
2013-02	0.037	-0.0044014	-0.0038655	-0.0033201	-0.0027016	-0.0020352	-0.0013857	-0.0006829	+0.0000285	+0.0007496	+0.0014569	+0.0021265	+0.0027627	+0.0033420	+0.0038518	+0.0043072	+0.0047210	+0.0050875	+0.0054089	+0.0056974	+0.0059565	+0.0062002
2013-03	0.068	-0.0037938	-0.0033499	-0.0028966	-0.0024089	-0.0018729	-0.0013357	-0.0007890	-0.0002130	+0.0003697	+0.0009659	+0.0015514	+0.0021139	+0.0026376	+0.0031126	+0.0035393	+0.0039206	+0.0042647	+0.0045844	+0.0048815	+0.0051603	+0.0054129
2013-04	0.119	-0.0055547	-0.0048478	-0.0041312	-0.0033567	-0.0026163	-0.0017928	-0.0009170	-0.0000939	+0.0008256	+0.0016929	+0.0025097	+0.0032995	+0.0040077	+0.0046133	+0.0051244	+0.0055506	+0.0059264	+0.0062581	+0.0065570	+0.0068500	+0.0071069
2013-05	-0.026	-0.0069669	-0.0061616	-0.0051752	-0.0041750	-0.0032070	-0.0020611	-0.0009382	+0.0001720	+0.0013831	+0.0024991	+0.0035514	+0.0045941	+0.0055178	+0.0062230	+0.0068068	+0.0073039	+0.0077304	+0.0081093	+0.0084619	+0.0088234	+0.0091943
2013-06	-0.001	-0.0066818	-0.0059252	-0.0051057	-0.0042716	-0.0032598	-0.0022442	-0.0012034	-0.0001066	+0.0010048	+0.0021009	+0.0031241	+0.0040958	+0.0049814	+0.0057411	+0.0063995	+0.0069444	+0.0074077	+0.0078066	+0.0081767	+0.0085389	+0.0089025
2013-07	-0.002	-0.0064337	-0.0056004	-0.0047626	-0.0038424	-0.0029089	-0.0019385	-0.0010019	-0.0000091	+0.0009988	+0.0020178	+0.0029920	+0.0038881	+0.0046977	+0.0054442	+0.0061037	+0.0066878	+0.0072072	+0.0076824	+0.0081028	+0.0084807	+0.0088170
2013-08	-0.023	-0.0065881	-0.0058571	-0.0050260	-0.0041073	-0.0032248	-0.0022960	-0.0013228	-0.0003341	+0.0006671	+0.0016567	+0.0026370	+0.0035773	+0.0044300	+0.0051804	+0.0058626	+0.0064667	+0.0070120	+0.0074967	+0.0079429	+0.0083473	+0.0087469
2013-09	0.083	-0.0047796	-0.0042487	-0.0037133	-0.0031913	-0.0026215	-0.0020015	-0.0013566	-0.0006657	+0.0000605	+0.0007904	+0.0015177	+0.0022278	+0.0029133	+0.0035630	+0.0041594	+0.0047102	+0.0052133	+0.0056818	+0.0061016	+0.0064883	+0.0068379
2013-10	0.000	-0.0053398	-0.0047638	-0.0041664	-0.0035291	-0.0028717	-0.0021923	-0.0014643	-0.0007156	+0.0000605	+0.0008463	+0.0016251	+0.0023889	+0.0030989	+0.0037516	+0.0043401	+0.0048766	+0.0053751	+0.0058294	+0.0062550	+0.0066830	+0.0070714
2013-11	0.052	-0.0048688	-0.0043169	-0.0037569	-0.0031930	-0.0026297	-0.0020331	-0.0013868	-0.0007379	-0.0000656	+0.0006369	+0.0013430	+0.0020281	+0.0026742	+0.0032800	+0.0038386	+0.0043433	+0.0048117	+0.0052514	+0.0056578	+0.0060317	+0.0064138
2013-12	0.034	-0.0046987	-0.0042344	-0.0036839	-0.0030968	-0.0025027	-0.0018701	-0.0012115	-0.0005148	+0.0001985	+0.0009067	+0.0016149	+0.0023016	+0.0029524	+0.0035589	+0.0041361	+0.0046760	+0.0051834	+0.0056438	+0.0060493	+0.0064457	+0.0068268
2014-01	-0.065	-0.0038347	-0.0034893	-0.0031266	-0.0027417	-0.0023294	-0.0018856	-0.0014059	-0.0008928	-0.0003449	+0.0002150	+0.0007914	+0.0013546	+0.0018966	+0.0024076	+0.0028873	+0.0033333	+0.0037432	+0.0041229	+0.0044768	+0.0048213	+0.0051470
2014-02	-0.007	-0.0038558	-0.0035458	-0.0032197	-0.0028607	-0.0024658	-0.0020261	-0.0015539	-0.0010503	-0.0005242	+0.0000113	+0.0005508	+0.0010765	+0.0015890	+0.0020722	+0.0025333	+0.0029585	+0.0033433	+0.0037029	+0.0040307	+0.0043451	+0.0046418
2014-03	0.002	-0.0036027	-0.0033087	-0.0030033	-0.0026922	-0.0023600	-0.0019911	-0.0015917	-0.0011651	-0.0007156	-0.0002437	+0.0002398	+0.0007268	+0.0011926	+0.0016227	+0.0020181	+0.0023813	+0.0027287	+0.0030533	+0.0033575	+0.0036426	+0.0039120
2014-04	-0.035	-0.0035031	-0.0032104	-0.0029035	-0.0025986	-0.0022739	-0.0019224	-0.0015575	-0.0011683	-0.0007522	-0.0003066	+0.0001505	+0.0006063	+0.0010458	+0.0014666	+0.0018624	+0.0022200	+0.0025507	+0.0028571	+0.0031428	+0.0034057	+0.0036443
2014-05	0.033	-0.0034933	-0.0032176	-0.0029345	-0.0026238	-0.0022915	-0.0019282	-0.0015460	-0.0011429	-0.0007153	-0.0002628	+0.0002017	+0.0006656	+0.0011094	+0.0015328	+0.0019208	+0.0022794	+0.0026135	+0.0029271	+0.0032219	+0.0034866	+0.0037288
2014-06	0.050	-0.0033015	-0.0030517	-0.0027672	-0.0024661	-0.0021538	-0.0018195	-0.0014599	-0.0010658	-0.0006480	-0.0002200	+0.0002144	+0.0006428	+0.0010685	+0.0014729	+0.0018450	+0.0021934	+0.0025269	+0.0028358	+0.0031138	+0.0033724	+0.0036276
2014-07	0.021	-0.0031599	-0.0028831	-0.0025908	-0.0022885	-0.0019606	-0.0016002	-0.0012205	-0.0008291	-0.0004179	+0.0000164	+0.0004599	+0.0009074	+0.0013443	+0.0017617	+0.0021486	+0.0025130	+0.0028581	+0.0031804	+0.0034793	+0.0037723	+0.0040416
2014-08	-0.009	-0.0031588	-0.0029055	-0.0026361	-0.0023562	-0.0020592	-0.0017454	-0.0014072	-0.0010444	-0.0006556	-0.0002329	+0.0001959	+0.0006202	+0.0010287	+0.0014098	+0.0017701	+0.0020992	+0.0024091	+0.0026986	+0.0029677	+0.0032086	+0.0034353
2014-09	0.044	-0.0032362	-0.0029857	-0.0027258	-0.0024514	-0.0021582	-0.0018403	-0.0015082	-0.0011560	-0.0007781	-0.0003759	+0.0000302	+0.0004304	+0.0008202	+0.0011897	+0.0015337	+0.0018588	+0.0021548	+0.0024220	+0.0026717	+0.0028931	+0.0030972
2014-10	0.005	-0.0025212	-0.0022602	-0.0019831	-0.0016818	-0.0013563	-0.0009921	-0.0006106	-0.0002079	+0.0002148	+0.0006491	+0.0010800	+0.0014942	+0.0018946	+0.0022662	+0.0026042	+0.0029093	+0.0031863	+0.0034321	+0.0036618	+0.0038960	+0.0041236
2014-11	0.056	-0.0024659	-0.0022380	-0.0019955	-0.0017245	-0.0014426	-0.0011384	-0.0008077	-0.0004584	-0.0000846	+0.0003106	+0.0007090	+0.0010992	+0.0014732	+0.0018246	+0.0021501	+0.0024558	+0.0027354	+0.0029972	+0.0032397	+0.0034678	+0.0036829
2014-12	-0.001	-0.0031036	-0.0027671	-0.0024396	-0.0020671	-0.0016767	-0.0012627	-0.0008358	-0.0003849	+0.0000868	+0.0005561	+0.0010291	+0.0014871	+0.0019176	+0.0023200	+0.0026931	+0.0030381	+0.0033517	+0.0036362	+0.0039071	+0.0041618	+0.0043998
2015-01	0.005	-0.0036740	-0.0032500	-0.0028102	-0.0023442	-0.0018737	-0.0013964	-0.0008964	-0.0003712	+0.0001512	+0.0006652	+0.0011879	+0.0016938	+0.0021705	+0.0026206	+0.0030330	+0.0034142	+0.0037522	+0.0040528	+0.0043378	+0.0046041	+0.0048537
2015-02	0.001	-0.0031842	-0.0028479	-0.0025038	-0.0021325	-0.0017458	-0.0013466	-0.0009171	-0.0004664	+0.0000042	+0.0004791	+0.0009642	+0.0014389	+0.0018862	+0.0022929	+0.0026669	+0.0030196	+0.0033409	+0.0036344	+0.0039008	+0.0041640	+0.0043987
