2011-09	-0.147	-0.0048820	-0.0045905	-0.0042834	-0.0039561	-0.0036024	-0.0032169	-0.0028068	-0.0023714	-0.0019047	-0.0014091	-0.0008964	-0.0003842	+0.0001230	+0.0006097	+0.0010747	+0.0015046	+0.0019012	+0.0022661	+0.0026028	+0.0029247	+0.0032163
2011-10	0.093	-0.0065264	-0.0061864	-0.0058354	-0.0054418	-0.0050230	-0.0045580	-0.0040583	-0.0035006	-0.0028876	-0.0022460	-0.0015708	-0.0008760	-0.0001695	+0.0005253	+0.0011908	+0.0018170	+0.0024307	+0.0030256	+0.0035647	+0.0041059	+0.0046211
2011-11	-0.064	-0.0058127	-0.0054470	-0.0050533	-0.0046250	-0.0041833	-0.0037050	-0.0031826	-0.0026329	-0.0020384	-0.0014214	-0.0007830	-0.0001479	+0.0004679	+0.0010596	+0.0016350	+0.0021895	+0.0026891	+0.0031606	+0.0036314	+0.0040950	+0.0045023
2011-12	-0.001	-0.0071968	-0.0067783	-0.0063238	-0.0058651	-0.0053925	-0.0048773	-0.0043195	-0.0037190	-0.0030703	-0.0023720	-0.0016398	-0.0008899	-0.0001321	+0.0006046	+0.0013074	+0.0019966	+0.0026425	+0.0032221	+0.0037851	+0.0043049	+0.0048182
2012-01	0.055	-0.0070956	-0.0067307	-0.0063361	-0.0059042	-0.0054271	-0.0049119	-0.0043360	-0.0037159	-0.0030576	-0.0023525	-0.0016212	-0.0008626	-0.0000876	+0.0006749	+0.0014129	+0.0021320	+0.0028252	+0.0034579	+0.0040368	+0.0045377	+0.0050519
2012-02	0.101	-0.0064632	-0.0060981	-0.0057074	-0.0052946	-0.0048401	-0.0043390	-0.0038038	-0.0032309	-0.0026152	-0.0019675	-0.0013006	-0.0006276	+0.0000406	+0.0006923	+0.0013082	+0.0018837	+0.0024370	+0.0029744	+0.0034607	+0.0039199	+0.0043392
2012-03	0.020	-0.0051243	-0.0048156	-0.0044838	-0.0041127	-0.0037009	-0.0032494	-0.0027594	-0.0022322	-0.0016836	-0.0011081	-0.0005083	+0.0000840	+0.0006673	+0.0012266	+0.0017555	+0.0022460	+0.0027099	+0.0031600	+0.0035824	+0.0039704	+0.0043256
2012-04	-0.005	-0.0051158	-0.0047731	-0.0044037	-0.0040151	-0.0036092	-0.0031644	-0.0026846	-0.0021672	-0.0016173	-0.0010446	-0.0004571	+0.0001273	+0.0006929	+0.0012221	+0.0017250	+0.0021994	+0.0026322	+0.0030437	+0.0034297	+0.0037975	+0.0041260
2012-05	-0.105	-0.0042418	-0.0038799	-0.0034969	-0.0030974	-0.0026881	-0.0022642	-0.0018079	-0.0013170	-0.0008058	-0.0002746	+0.0002638	+0.0008106	+0.0013374	+0.0018278	+0.0022912	+0.0027269	+0.0031361	+0.0035220	+0.0038900	+0.0042386	+0.0045398
2012-06	0.014	-0.0031689	-0.0028339	-0.0024823	-0.0021327	-0.0017688	-0.0013822	-0.0009584	-0.0005093	-0.0000309	+0.0004683	+0.0009704	+0.0014705	+0.0019508	+0.0024082	+0.0028338	+0.0032328	+0.0036052	+0.0039645	+0.0042817	+0.0045899	+0.0048764
2012-07	0.033	-0.0028679	-0.0026601	-0.0024404	-0.0022002	-0.0019354	-0.0016574	-0.0013538	-0.0010217	-0.0006711	-0.0003092	+0.0000629	+0.0004332	+0.0007896	+0.0011341	+0.0014624	+0.0017696	+0.0020572	+0.0023161	+0.0025438	+0.0027569	+0.0029689
2012-08	0.005	-0.0027772	-0.0025185	-0.0022511	-0.0019657	-0.0016683	-0.0013503	-0.0010118	-0.0006499	-0.0002631	+0.0001378	+0.0005368	+0.0009334	+0.0013225	+0.0016878	+0.0020215	+0.0023231	+0.0026013	+0.0028562	+0.0030909	+0.0033115	+0.0035124
2012-09	0.033	-0.0028732	-0.0025791	-0.0022694	-0.0019557	-0.0016195	-0.0012731	-0.0009042	-0.0005124	-0.0001066	+0.0003039	+0.0007131	+0.0011110	+0.0014980	+0.0018577	+0.0021938	+0.0025109	+0.0027961	+0.0030639	+0.0033194	+0.0035575	+0.0037754
2012-10	0.040	-0.0025240	-0.0022708	-0.0020123	-0.0017464	-0.0014704	-0.0011657	-0.0008400	-0.0004986	-0.0001386	+0.0002384	+0.0006129	+0.0009847	+0.0013448	+0.0016804	+0.0019895	+0.0022721	+0.0025395	+0.0027907	+0.0030214	+0.0032353	+0.0034373
2012-11	0.050	-0.0024434	-0.0022562	-0.0020537	-0.0018382	-0.0016129	-0.0013691	-0.0011095	-0.0008264	-0.0005199	-0.0001998	+0.0001302	+0.0004597	+0.0007813	+0.0010872	+0.0013729	+0.0016415	+0.0018880	+0.0021161	+0.0023268	+0.0025240	+0.0027047
2012-12	0.067	-0.0021914	-0.0020017	-0.0018048	-0.0015894	-0.0013560	-0.0011026	-0.0008321	-0.0005458	-0.0002442	+0.0000717	+0.0003979	+0.0007221	+0.0010390	+0.0013330	+0.0016064	+0.0018633	+0.0020994	+0.0023173	+0.0025162	+0.0027094	+0.0028993
2013-01	0.094	-0.0024557	-0.0021898	-0.0019234	-0.0016253	-0.0013143	-0.0009912	-0.0006432	-0.0002784	+0.0000965	+0.0004756	+0.0008584	+0.0012332	+0.0015885	+0.0019159	+0.0022187	+0.0024986	+0.0027595	+0.0030020	+0.0032205	+0.0034153	+0.0035986
2013-02	0.003	-0.0049752	-0.0044241	-0.0037412	-0.0029274	-0.0022571	-0.0014792	-0.0006425	+0.0001327	+0.0009829	+0.0017672	+0.0024888	+0.0032082	+0.0038597	+0.0043768	+0.0047936	+0.0051317	+0.0054286	+0.0056989	+0.0059593	+0.0061983	+0.0064140
2013-03	0.032	-0.0044889	-0.0039335	-0.0033224	-0.0026904	-0.0020479	-0.0013574	-0.0006729	-0.0000090	+0.0007230	+0.0014275	+0.0020732	+0.0027219	+0.0033095	+0.0037798	+0.0041610	+0.0044946	+0.0047855	+0.0050484	+0.0052845	+0.0054920	+0.0056807
2013-04	0.070	-0.0049289	-0.0042736	-0.0036504	-0.0029618	-0.0023146	-0.0015905	-0.0008369	-0.0000951	+0.0007145	+0.0014985	+0.0021909	+0.0028779	+0.0035184	+0.0040228	+0.0044253	+0.0047721	+0.0050902	+0.0053757	+0.0056352	+0.0058756	+0.0060970
2013-05	0.030	-0.0059614	-0.0052132	-0.0043943	-0.0035636	-0.0026995	-0.0017729	-0.0008638	+0.0000085	+0.0010072	+0.0019255	+0.0027485	+0.0036003	+0.0043744	+0.0049518	+0.0053883	+0.0057488	+0.0060647	+0.0063477	+0.0066007	+0.0068398	+0.0070648
2013-06	-0.104	-0.0058402	-0.0051238	-0.0043941	-0.0036244	-0.0028096	-0.0019238	-0.0010116	-0.0001228	+0.0008661	+0.0017962	+0.0026036	+0.0034391	+0.0041992	+0.0047892	+0.0052608	+0.0056683	+0.0060103	+0.0063189	+0.0065883	+0.0068387	+0.0070699
2013-07	0.036	-0.0039747	-0.0034835	-0.0029776	-0.0024444	-0.0019211	-0.0013927	-0.0008257	-0.0002345	+0.0003688	+0.0009814	+0.0015885	+0.0021765	+0.0027205	+0.0032195	+0.0036754	+0.0040876	+0.0044717	+0.0048133	+0.0051380	+0.0054187	+0.0056783
2013-08	-0.051	-0.0039302	-0.0034728	-0.0030241	-0.0025327	-0.0020192	-0.0014668	-0.0008792	-0.0002685	+0.0003384	+0.0009530	+0.0015638	+0.0021443	+0.0027025	+0.0032244	+0.0036947	+0.0041189	+0.0045134	+0.0048766	+0.0051992	+0.0054966	+0.0057829
2013-09	0.064	-0.0032117	-0.0029624	-0.0026848	-0.0023857	-0.0020644	-0.0017161	-0.0013453	-0.0009496	-0.0005242	-0.0000747	+0.0003790	+0.0008291	+0.0012681	+0.0016883	+0.0020728	+0.0024299	+0.0027613	+0.0030716	+0.0033643	+0.0036399	+0.0039036
2013-10	0.033	-0.0034260	-0.0031398	-0.0028227	-0.0024881	-0.0021407	-0.0017748	-0.0013616	-0.0009348	-0.0004849	-0.0000108	+0.0004664	+0.0009377	+0.0014010	+0.0018352	+0.0022348	+0.0026084	+0.0029580	+0.0032796	+0.0035674	+0.0038455	+0.0041034
2013-11	0.020	-0.0033200	-0.0030076	-0.0026924	-0.0023571	-0.0019918	-0.0016174	-0.0012316	-0.0008174	-0.0003786	+0.0000809	+0.0005439	+0.0009982	+0.0014424	+0.0018649	+0.0022587	+0.0026177	+0.0029533	+0.0032693	+0.0035600	+0.0038447	+0.0041239
2013-12	0.032	-0.0030612	-0.0028032	-0.0025123	-0.0021966	-0.0018480	-0.0014781	-0.0010896	-0.0006803	-0.0002545	+0.0001925	+0.0006437	+0.0011001	+0.0015449	+0.0019752	+0.0023748	+0.0027470	+0.0030836	+0.0034080	+0.0037191	+0.0040037	+0.0042526
2014-01	-0.040	-0.0030510	-0.0028031	-0.0025467	-0.0022680	-0.0019565	-0.0016220	-0.0012571	-0.0008720	-0.0004663	-0.0000509	+0.0003737	+0.0007997	+0.0012137	+0.0016007	+0.0019600	+0.0022928	+0.0025990	+0.0028884	+0.0031703	+0.0034215	+0.0036418
2014-02	0.036	-0.0031406	-0.0028910	-0.0026348	-0.0023655	-0.0020793	-0.0017682	-0.0014317	-0.0010703	-0.0006915	-0.0002992	+0.0000944	+0.0004918	+0.0008788	+0.0012436	+0.0015916	+0.0019185	+0.0022227	+0.0025002	+0.0027660	+0.0030155	+0.0032598
2014-03	-0.010	-0.0027352	-0.0024695	-0.0021794	-0.0018805	-0.0015731	-0.0012458	-0.0008976	-0.0005202	-0.0001277	+0.0002761	+0.0006721	+0.0010580	+0.0014278	+0.0017776	+0.0020992	+0.0024022	+0.0026925	+0.0029552	+0.0031969	+0.0034236	+0.0036362
2014-04	0.003	-0.0025788	-0.0023580	-0.0021217	-0.0018578	-0.0015775	-0.0012805	-0.0009608	-0.0006233	-0.0002708	+0.0000967	+0.0004667	+0.0008421	+0.0011949	+0.0015342	+0.0018526	+0.0021474	+0.0024171	+0.0026768	+0.0029191	+0.0031393	+0.0033634
2014-05	0.014	-0.0028559	-0.0025430	-0.0022090	-0.0018892	-0.0015518	-0.0012014	-0.0008201	-0.0004292	-0.0000272	+0.0003797	+0.0007824	+0.0011813	+0.0015583	+0.0019208	+0.0022506	+0.0025472	+0.0028212	+0.0030721	+0.0033122	+0.0035386	+0.0037458
2014-06	0.015	-0.0024913	-0.0022282	-0.0019622	-0.0016915	-0.0014016	-0.0010904	-0.0007633	-0.0004156	-0.0000682	+0.0002963	+0.0006593	+0.0010051	+0.0013404	+0.0016528	+0.0019394	+0.0022078	+0.0024528	+0.0026850	+0.0028918	+0.0030952	+0.0032740
2014-07	0.038	-0.0021662	-0.0019546	-0.0017396	-0.0015200	-0.0012811	-0.0010271	-0.0007528	-0.0004613	-0.0001553	+0.0001646	+0.0004881	+0.0008147	+0.0011325	+0.0014253	+0.0016992	+0.0019521	+0.0021875	+0.0024021	+0.0025947	+0.0027743	+0.0029406
2014-08	0.007	-0.0021721	-0.0019565	-0.0017339	-0.0015046	-0.0012589	-0.0009944	-0.0007175	-0.0004315	-0.0001341	+0.0001785	+0.0004960	+0.0008050	+0.0011050	+0.0013896	+0.0016533	+0.0018976	+0.0021206	+0.0023277	+0.0025127	+0.0026818	+0.0028440
2014-09	0.012	-0.0020303	-0.0018134	-0.0015992	-0.0013752	-0.0011475	-0.0009110	-0.0006573	-0.0003891	-0.0001008	+0.0001958	+0.0004972	+0.0008008	+0.0010950	+0.0013685	+0.0016268	+0.0018647	+0.0020836	+0.0022902	+0.0024773	+0.0026517	+0.0028154
2014-10	0.009	-0.0023419	-0.0020875	-0.0018196	-0.0015386	-0.0012406	-0.0009275	-0.0005888	-0.0002440	+0.0001097	+0.0004698	+0.0008265	+0.0011744	+0.0014951	+0.0017872	+0.0020484	+0.0022833	+0.0025012	+0.0027016	+0.0028836	+0.0030539	+0.0032149
2014-11	0.081	-0.0019271	-0.0017326	-0.0015231	-0.0012899	-0.0010529	-0.0008073	-0.0005526	-0.0002736	+0.0000159	+0.0003096	+0.0006055	+0.0008901	+0.0011632	+0.0014222	+0.0016628	+0.0018846	+0.0020967	+0.0022952	+0.0024683	+0.0026296	+0.0027769
2014-12	-0.018	-0.0030102	-0.0026879	-0.0023119	-0.0019335	-0.0015543	-0.0011263	-0.0007000	-0.0002776	+0.0001635	+0.0005934	+0.0010043	+0.0013917	+0.0017381	+0.0020493	+0.0023293	+0.0025805	+0.0028053	+0.0030126	+0.0032064	+0.0033843	+0.0035514
2015-01	-0.007	-0.0024942	-0.0021922	-0.0018824	-0.0015655	-0.0012326	-0.0008796	-0.0005088	-0.0001298	+0.0002599	+0.0006516	+0.0010407	+0.0014201	+0.0017720	+0.0020928	+0.0023867	+0.0026499	+0.0028918	+0.0031140	+0.0033179	+0.0035056	+0.0036830
2015-02	-0.005	-0.0025119	-0.0022262	-0.0019273	-0.0016244	-0.0012994	-0.0009596	-0.0006115	-0.0002507	+0.0001208	+0.0005053	+0.0008810	+0.0012360	+0.0015810	+0.0018949	+0.0021795	+0.0024402	+0.0026829	+0.0028982	+0.0030916	+0.0032738	+0.0034436
