2011-11	-0.060	-0.0066012	-0.0061809	-0.0057407	-0.0052670	-0.0047544	-0.0042086	-0.0036249	-0.0030026	-0.0023433	-0.0016498	-0.0009332	-0.0002050	+0.0005085	+0.0011882	+0.0018345	+0.0024540	+0.0030270	+0.0035587	+0.0040628	+0.0045460	+0.0049876
2011-12	0.057	-0.0075441	-0.0071057	-0.0066499	-0.0061659	-0.0056699	-0.0051253	-0.0045235	-0.0038781	-0.0031924	-0.0024566	-0.0016746	-0.0008618	-0.0000718	+0.0006923	+0.0014225	+0.0021169	+0.0027516	+0.0033316	+0.0038896	+0.0044446	+0.0049922
2012-01	0.029	-0.0066717	-0.0062643	-0.0058281	-0.0053705	-0.0048765	-0.0043306	-0.0037388	-0.0031121	-0.0024446	-0.0017431	-0.0010153	-0.0002860	+0.0004341	+0.0011453	+0.0018361	+0.0024845	+0.0030791	+0.0036492	+0.0041999	+0.0047277	+0.0052035
2012-02	0.114	-0.0061572	-0.0057787	-0.0053776	-0.0049312	-0.0044569	-0.0039456	-0.0034097	-0.0028333	-0.0022087	-0.0015657	-0.0009086	-0.0002572	+0.0003734	+0.0009924	+0.0015787	+0.0021221	+0.0026249	+0.0031078	+0.0035387	+0.0039553	+0.0043346
2012-03	-0.022	-0.0051021	-0.0047590	-0.0043948	-0.0039960	-0.0035606	-0.0030889	-0.0025708	-0.0020132	-0.0014397	-0.0008481	-0.0002430	+0.0003659	+0.0009640	+0.0015383	+0.0020808	+0.0025828	+0.0030504	+0.0034813	+0.0038903	+0.0042728	+0.0046241
2012-04	-0.011	-0.0048959	-0.0045441	-0.0041646	-0.0037547	-0.0033250	-0.0028616	-0.0023478	-0.0017966	-0.0012107	-0.0006033	+0.0000095	+0.0006258	+0.0012254	+0.0017894	+0.0023122	+0.0027966	+0.0032482	+0.0036706	+0.0040688	+0.0044412	+0.0048136
2012-05	-0.118	-0.0044747	-0.0041154	-0.0037224	-0.0033063	-0.0028699	-0.0024014	-0.0019157	-0.0014004	-0.0008579	-0.0003021	+0.0002627	+0.0008292	+0.0013910	+0.0019220	+0.0024161	+0.0028846	+0.0033233	+0.0037396	+0.0041200	+0.0044734	+0.0047896
2012-06	0.030	-0.0038624	-0.0035518	-0.0032231	-0.0028720	-0.0024917	-0.0020907	-0.0016613	-0.0012038	-0.0007108	-0.0001943	+0.0003336	+0.0008588	+0.0013708	+0.0018547	+0.0023171	+0.0027387	+0.0031304	+0.0035054	+0.0038623	+0.0042116	+0.0045381
2012-07	0.055	-0.0036958	-0.0033924	-0.0030710	-0.0027278	-0.0023573	-0.0019613	-0.0015467	-0.0011032	-0.0006275	-0.0001317	+0.0003710	+0.0008660	+0.0013424	+0.0017972	+0.0022307	+0.0026284	+0.0029897	+0.0033329	+0.0036624	+0.0039557	+0.0042291
2012-08	-0.023	-0.0037232	-0.0034113	-0.0030786	-0.0027221	-0.0023368	-0.0019231	-0.0014711	-0.0009969	-0.0004908	+0.0000360	+0.0005661	+0.0010865	+0.0015955	+0.0020753	+0.0025209	+0.0029317	+0.0033140	+0.0036700	+0.0039847	+0.0042689	+0.0045573
2012-09	0.036	-0.0035804	-0.0032993	-0.0029939	-0.0026687	-0.0023244	-0.0019519	-0.0015467	-0.0011100	-0.0006449	-0.0001553	+0.0003346	+0.0008273	+0.0013053	+0.0017619	+0.0021818	+0.0025654	+0.0029306	+0.0032772	+0.0036009	+0.0039220	+0.0042184
2012-10	-0.016	-0.0038323	-0.0035408	-0.0032224	-0.0028834	-0.0025189	-0.0021291	-0.0017242	-0.0012894	-0.0008190	-0.0003263	+0.0001830	+0.0006877	+0.0011671	+0.0016271	+0.0020571	+0.0024547	+0.0028179	+0.0031543	+0.0034575	+0.0037477	+0.0040129
2012-11	0.011	-0.0046455	-0.0043494	-0.0040162	-0.0036682	-0.0033019	-0.0029183	-0.0025067	-0.0020577	-0.0015832	-0.0010866	-0.0005736	-0.0000550	+0.0004543	+0.0009485	+0.0014163	+0.0018553	+0.0022585	+0.0026427	+0.0029900	+0.0033077	+0.0036098
2012-12	0.064	-0.0041387	-0.0038662	-0.0035694	-0.0032629	-0.0029322	-0.0025769	-0.0021932	-0.0017765	-0.0013275	-0.0008540	-0.0003724	+0.0001069	+0.0005652	+0.0010022	+0.0014237	+0.0018209	+0.0021878	+0.0025324	+0.0028378	+0.0031240	+0.0033954
2013-01	0.054	-0.0034466	-0.0031839	-0.0028982	-0.0025933	-0.0022539	-0.0019087	-0.0015464	-0.0011564	-0.0007470	-0.0003127	+0.0001292	+0.0005729	+0.0010065	+0.0014208	+0.0018099	+0.0021748	+0.0025145	+0.0028349	+0.0031339	+0.0034202	+0.0036841
2013-02	0.027	-0.0039735	-0.0035304	-0.0029911	-0.0024794	-0.0019670	-0.0014094	-0.0008228	-0.0002343	+0.0003792	+0.0010114	+0.0016282	+0.0022165	+0.0027738	+0.0032800	+0.0037416	+0.0041699	+0.0045548	+0.0048981	+0.0052182	+0.0055022	+0.0057750
2013-03	0.035	-0.0033148	-0.0029394	-0.0025518	-0.0021675	-0.0017647	-0.0013410	-0.0009057	-0.0004442	+0.0000397	+0.0005321	+0.0010242	+0.0015012	+0.0019646	+0.0023963	+0.0027978	+0.0031644	+0.0034862	+0.0037816	+0.0040694	+0.0043337	+0.0045727
2013-04	0.079	-0.0031924	-0.0027603	-0.0023622	-0.0019579	-0.0015518	-0.0011213	-0.0006624	-0.0001885	+0.0002917	+0.0007830	+0.0012717	+0.0017487	+0.0021900	+0.0026007	+0.0029830	+0.0033272	+0.0036364	+0.0039214	+0.0041925	+0.0044344	+0.0046632
2013-05	-0.074	-0.0044797	-0.0039176	-0.0033592	-0.0027729	-0.0021018	-0.0014271	-0.0007641	-0.0000782	+0.0006375	+0.0013414	+0.0020277	+0.0026620	+0.0032322	+0.0037494	+0.0041976	+0.0045993	+0.0049514	+0.0052676	+0.0055551	+0.0058182	+0.0060490
2013-06	-0.027	-0.0039489	-0.0035268	-0.0030737	-0.0026208	-0.0021058	-0.0015731	-0.0010293	-0.0004680	+0.0001058	+0.0006867	+0.0012575	+0.0018043	+0.0023103	+0.0027857	+0.0032096	+0.0035814	+0.0039244	+0.0042449	+0.0045400	+0.0048225	+0.0050958
2013-07	0.039	-0.0031970	-0.0028648	-0.0025253	-0.0021434	-0.0017339	-0.0013223	-0.0008807	-0.0004126	+0.0000806	+0.0005896	+0.0011007	+0.0016018	+0.0020780	+0.0025248	+0.0029505	+0.0033463	+0.0037114	+0.0040336	+0.0043360	+0.0046092	+0.0048580
2013-08	-0.054	-0.0037267	-0.0033093	-0.0028760	-0.0024189	-0.0019237	-0.0014098	-0.0008775	-0.0003257	+0.0002400	+0.0008190	+0.0013966	+0.0019626	+0.0025029	+0.0030038	+0.0034662	+0.0038967	+0.0042867	+0.0046280	+0.0049338	+0.0052208	+0.0054700
2013-09	0.034	-0.0031229	-0.0028929	-0.0026332	-0.0023494	-0.0020556	-0.0017389	-0.0013947	-0.0010240	-0.0006298	-0.0002200	+0.0002023	+0.0006171	+0.0010265	+0.0014205	+0.0017911	+0.0021324	+0.0024499	+0.0027496	+0.0030264	+0.0032804	+0.0035317
2013-10	0.043	-0.0032903	-0.0030317	-0.0027619	-0.0024733	-0.0021597	-0.0018262	-0.0014684	-0.0010862	-0.0006838	-0.0002670	+0.0001655	+0.0005932	+0.0010166	+0.0014252	+0.0018066	+0.0021659	+0.0024960	+0.0027996	+0.0030765	+0.0033387	+0.0036002
2013-11	-0.004	-0.0030883	-0.0028037	-0.0025152	-0.0022119	-0.0018947	-0.0015622	-0.0011949	-0.0007992	-0.0003812	+0.0000518	+0.0004926	+0.0009334	+0.0013576	+0.0017572	+0.0021281	+0.0024727	+0.0027939	+0.0030976	+0.0033865	+0.0036599	+0.0039132
2013-12	0.024	-0.0031214	-0.0028733	-0.0026194	-0.0023379	-0.0020383	-0.0017132	-0.0013631	-0.0009993	-0.0006071	-0.0001981	+0.0002182	+0.0006423	+0.0010572	+0.0014524	+0.0018170	+0.0021582	+0.0024831	+0.0027856	+0.0030509	+0.0032922	+0.0035181
2014-01	-0.054	-0.0030555	-0.0028408	-0.0026069	-0.0023520	-0.0020762	-0.0017781	-0.0014666	-0.0011305	-0.0007766	-0.0004032	-0.0000173	+0.0003713	+0.0007426	+0.0010920	+0.0014172	+0.0017188	+0.0019932	+0.0022448	+0.0024768	+0.0026883	+0.0028816
2014-02	0.054	-0.0028322	-0.0026195	-0.0023989	-0.0021685	-0.0019254	-0.0016514	-0.0013533	-0.0010307	-0.0006881	-0.0003274	+0.0000416	+0.0004088	+0.0007635	+0.0010960	+0.0014108	+0.0017069	+0.0019804	+0.0022313	+0.0024737	+0.0027050	+0.0029224
2014-03	0.032	-0.0025727	-0.0023492	-0.0021098	-0.0018556	-0.0015845	-0.0012912	-0.0009826	-0.0006611	-0.0003243	+0.0000232	+0.0003780	+0.0007292	+0.0010721	+0.0014003	+0.0017057	+0.0019810	+0.0022359	+0.0024711	+0.0026902	+0.0028977	+0.0030898
2014-04	0.020	-0.0024476	-0.0022225	-0.0019895	-0.0017371	-0.0014749	-0.0011992	-0.0009079	-0.0005902	-0.0002541	+0.0000953	+0.0004456	+0.0007927	+0.0011327	+0.0014532	+0.0017483	+0.0020130	+0.0022653	+0.0025016	+0.0027306	+0.0029465	+0.0031465
2014-05	0.029	-0.0025549	-0.0022323	-0.0019145	-0.0015927	-0.0012674	-0.0009299	-0.0005743	-0.0001907	+0.0002009	+0.0006047	+0.0010066	+0.0013961	+0.0017663	+0.0021075	+0.0024262	+0.0027189	+0.0029831	+0.0032221	+0.0034420	+0.0036544	+0.0038692
2014-06	0.033	-0.0026178	-0.0023109	-0.0019872	-0.0016579	-0.0013256	-0.0009750	-0.0006077	-0.0002164	+0.0001839	+0.0005867	+0.0009841	+0.0013622	+0.0017229	+0.0020620	+0.0023663	+0.0026398	+0.0028938	+0.0031296	+0.0033547	+0.0035612	+0.0037529
2014-07	0.014	-0.0026474	-0.0023592	-0.0020434	-0.0016965	-0.0013452	-0.0009806	-0.0005947	-0.0001947	+0.0002089	+0.0006190	+0.0010315	+0.0014293	+0.0018028	+0.0021473	+0.0024588	+0.0027359	+0.0029880	+0.0032175	+0.0034270	+0.0036338	+0.0038282
2014-08	0.039	-0.0027074	-0.0023844	-0.0020420	-0.0017104	-0.0013617	-0.0009933	-0.0006144	-0.0002066	+0.0002085	+0.0006285	+0.0010498	+0.0014518	+0.0018138	+0.0021461	+0.0024557	+0.0027286	+0.0029706	+0.0031819	+0.0033743	+0.0035551	+0.0037365
2014-09	-0.009	-0.0031283	-0.0027480	-0.0023250	-0.0018856	-0.0014687	-0.0010404	-0.0005948	-0.0001495	+0.0003072	+0.0007737	+0.0012311	+0.0016640	+0.0020584	+0.0024144	+0.0027288	+0.0030082	+0.0032608	+0.0034853	+0.0036971	+0.0038983	+0.0040820
2014-10	0.028	-0.0031336	-0.0027548	-0.0023308	-0.0018903	-0.0014259	-0.0009429	-0.0004413	+0.0000608	+0.0005666	+0.0010730	+0.0015624	+0.0020306	+0.0024462	+0.0027970	+0.0031027	+0.0033754	+0.0036214	+0.0038396	+0.0040327	+0.0042018	+0.0043606
2014-11	0.086	-0.0028824	-0.0025099	-0.0021444	-0.0017611	-0.0013390	-0.0009208	-0.0004918	-0.0000318	+0.0004229	+0.0008741	+0.0013024	+0.0017083	+0.0020935	+0.0024400	+0.0027527	+0.0030237	+0.0032669	+0.0034910	+0.0037003	+0.0038889	+0.0040694
2014-12	-0.031	-0.0036577	-0.0031918	-0.0027205	-0.0022576	-0.0017528	-0.0012171	-0.0006576	-0.0000803	+0.0004880	+0.0010337	+0.0015570	+0.0020447	+0.0024875	+0.0028715	+0.0032039	+0.0034975	+0.0037665	+0.0040049	+0.0042013	+0.0043853	+0.0045589
2015-01	0.000	-0.0032074	-0.0028394	-0.0024540	-0.0020621	-0.0016387	-0.0011931	-0.0007365	-0.0002575	+0.0002304	+0.0007205	+0.0012059	+0.0016756	+0.0021228	+0.0025278	+0.0028984	+0.0032410	+0.0035508	+0.0038285	+0.0040815	+0.0043201	+0.0045448
2015-02	0.017	-0.0031548	-0.0028382	-0.0024922	-0.0020981	-0.0016880	-0.0012656	-0.0008145	-0.0003552	+0.0001223	+0.0006047	+0.0010847	+0.0015543	+0.0020012	+0.0024139	+0.0027942	+0.0031354	+0.0034494	+0.0037271	+0.0039930	+0.0042371	+0.0044739
