2011-09	-0.037	-0.0068101	-0.0063958	-0.0059904	-0.0055457	-0.0050737	-0.0045543	-0.0039872	-0.0033786	-0.0027371	-0.0020506	-0.0013511	-0.0006444	+0.0000455	+0.0007177	+0.0013596	+0.0019574	+0.0025102	+0.0030303	+0.0035259	+0.0039707	+0.0043985
2011-10	0.035	-0.0076928	-0.0072841	-0.0067994	-0.0062929	-0.0057450	-0.0051624	-0.0045377	-0.0038648	-0.0031683	-0.0024366	-0.0016820	-0.0009108	-0.0001484	+0.0005986	+0.0013072	+0.0019672	+0.0025830	+0.0031757	+0.0037486	+0.0043168	+0.0048776
2011-11	-0.056	-0.0077685	-0.0073550	-0.0068666	-0.0063466	-0.0057791	-0.0051745	-0.0045328	-0.0038443	-0.0031208	-0.0023566	-0.0015499	-0.0007258	+0.0000680	+0.0008544	+0.0016024	+0.0023145	+0.0029842	+0.0036243	+0.0042045	+0.0047413	+0.0053079
2011-12	-0.010	-0.0062682	-0.0059043	-0.0055039	-0.0050913	-0.0046672	-0.0042036	-0.0037109	-0.0031682	-0.0025870	-0.0019681	-0.0013232	-0.0006548	+0.0000019	+0.0006541	+0.0012715	+0.0018565	+0.0024163	+0.0029190	+0.0034071	+0.0038800	+0.0043159
2012-01	0.062	-0.0063587	-0.0060239	-0.0056609	-0.0052640	-0.0048281	-0.0043525	-0.0038352	-0.0032754	-0.0026801	-0.0020537	-0.0013823	-0.0006920	+0.0000004	+0.0006960	+0.0013577	+0.0019886	+0.0025793	+0.0031395	+0.0036835	+0.0041980	+0.0047069
2012-02	0.124	-0.0052725	-0.0049488	-0.0046080	-0.0042435	-0.0038472	-0.0034115	-0.0029410	-0.0024266	-0.0018751	-0.0012887	-0.0006941	-0.0000961	+0.0004746	+0.0010212	+0.0015457	+0.0020413	+0.0025042	+0.0029441	+0.0033610	+0.0037492	+0.0041152
2012-03	0.019	-0.0045507	-0.0042209	-0.0038568	-0.0034851	-0.0030905	-0.0026681	-0.0022200	-0.0017523	-0.0012552	-0.0007324	-0.0001954	+0.0003466	+0.0008780	+0.0013884	+0.0018826	+0.0023306	+0.0027435	+0.0031367	+0.0035196	+0.0038761	+0.0042054
2012-04	-0.068	-0.0044226	-0.0040902	-0.0037195	-0.0033279	-0.0029068	-0.0024729	-0.0020163	-0.0015238	-0.0010046	-0.0004697	+0.0000813	+0.0006313	+0.0011766	+0.0017038	+0.0022006	+0.0026689	+0.0031032	+0.0035138	+0.0038973	+0.0042469	+0.0045957
2012-05	-0.133	-0.0038901	-0.0035724	-0.0032497	-0.0029054	-0.0025244	-0.0021153	-0.0016734	-0.0011936	-0.0006708	-0.0001182	+0.0004515	+0.0010122	+0.0015494	+0.0020586	+0.0025372	+0.0029788	+0.0033922	+0.0037827	+0.0041372	+0.0044686	+0.0048016
2012-06	0.066	-0.0037274	-0.0034433	-0.0031468	-0.0028335	-0.0024963	-0.0021245	-0.0017207	-0.0012931	-0.0008363	-0.0003586	+0.0001283	+0.0006188	+0.0011030	+0.0015698	+0.0020091	+0.0024130	+0.0027843	+0.0031297	+0.0034522	+0.0037548	+0.0040357
2012-07	-0.059	-0.0035012	-0.0032289	-0.0029267	-0.0025992	-0.0022583	-0.0018964	-0.0015159	-0.0011009	-0.0006621	-0.0001957	+0.0002844	+0.0007707	+0.0012414	+0.0016959	+0.0021221	+0.0025216	+0.0028903	+0.0032298	+0.0035503	+0.0038595	+0.0041500
2012-08	-0.028	-0.0041345	-0.0038424	-0.0035317	-0.0032095	-0.0028696	-0.0024983	-0.0020932	-0.0016599	-0.0011921	-0.0007062	-0.0002144	+0.0002749	+0.0007490	+0.0012037	+0.0016249	+0.0020121	+0.0023804	+0.0027162	+0.0030258	+0.0033093	+0.0035792
2012-09	0.010	-0.0040599	-0.0037661	-0.0034506	-0.0031166	-0.0027772	-0.0024146	-0.0020074	-0.0015725	-0.0011193	-0.0006478	-0.0001636	+0.0003177	+0.0007890	+0.0012419	+0.0016618	+0.0020543	+0.0024188	+0.0027537	+0.0030687	+0.0033830	+0.0036812
2012-10	0.017	-0.0044113	-0.0041094	-0.0037972	-0.0034608	-0.0031138	-0.0027543	-0.0023514	-0.0019215	-0.0014651	-0.0009898	-0.0004925	+0.0000111	+0.0005067	+0.0009683	+0.0013991	+0.0018126	+0.0021933	+0.0025568	+0.0028835	+0.0031879	+0.0034675
2012-11	0.062	-0.0054912	-0.0051798	-0.0048596	-0.0045064	-0.0041268	-0.0037102	-0.0032588	-0.0027768	-0.0022491	-0.0016803	-0.0010962	-0.0005000	+0.0001075	+0.0007007	+0.0012548	+0.0017839	+0.0022896	+0.0027679	+0.0032095	+0.0036369	+0.0040357
2012-12	0.114	-0.0050091	-0.0047090	-0.0043955	-0.0040603	-0.0036947	-0.0032983	-0.0028700	-0.0024119	-0.0019225	-0.0014017	-0.0008659	-0.0003132	+0.0002313	+0.0007651	+0.0012846	+0.0017810	+0.0022417	+0.0026777	+0.0030812	+0.0034486	+0.0037956
2013-01	0.083	-0.0034812	-0.0031961	-0.0028985	-0.0025828	-0.0022436	-0.0018644	-0.0014611	-0.0010249	-0.0005646	-0.0000730	+0.0004334	+0.0009354	+0.0014199	+0.0018843	+0.0023208	+0.0027365	+0.0031261	+0.0034801	+0.0037934	+0.0040814	+0.0043507
2013-02	0.035	-0.0047016	-0.0041504	-0.0035672	-0.0029238	-0.0022722	-0.0015805	-0.0008474	-0.0001097	+0.0006457	+0.0014076	+0.0021430	+0.0028382	+0.0034918	+0.0040909	+0.0046472	+0.0051430	+0.0055890	+0.0059864	+0.0063559	+0.0066917	+0.0069953
2013-03	0.028	-0.0041806	-0.0037524	-0.0032757	-0.0027614	-0.0022207	-0.0016715	-0.0010962	-0.0004756	+0.0001562	+0.0008007	+0.0014471	+0.0020781	+0.0026746	+0.0032267	+0.0037355	+0.0041965	+0.0046228	+0.0050150	+0.0053861	+0.0057382	+0.0060634
2013-04	0.131	-0.0053612	-0.0047395	-0.0040457	-0.0033196	-0.0026064	-0.0018452	-0.0010363	-0.0002252	+0.0005965	+0.0014406	+0.0022528	+0.0030146	+0.0037100	+0.0043459	+0.0049116	+0.0054083	+0.0058518	+0.0062519	+0.0066240	+0.0069790	+0.0072907
2013-05	0.009	-0.0071116	-0.0062859	-0.0053427	-0.0043690	-0.0033877	-0.0022473	-0.0011231	+0.0000481	+0.0012379	+0.0023824	+0.0034892	+0.0045338	+0.0054585	+0.0062137	+0.0068512	+0.0074133	+0.0079157	+0.0083609	+0.0087699	+0.0091619	+0.0095458
2013-06	-0.028	-0.0070890	-0.0063247	-0.0055083	-0.0045769	-0.0035179	-0.0023920	-0.0013038	-0.0001177	+0.0011067	+0.0023002	+0.0034142	+0.0044734	+0.0054337	+0.0062637	+0.0069758	+0.0075704	+0.0080792	+0.0085381	+0.0089615	+0.0093641	+0.0098064
2013-07	0.000	-0.0066881	-0.0058640	-0.0049573	-0.0040172	-0.0030877	-0.0020977	-0.0011105	-0.0000992	+0.0009456	+0.0019916	+0.0030086	+0.0039450	+0.0048041	+0.0055871	+0.0062863	+0.0069234	+0.0075007	+0.0080218	+0.0084906	+0.0089108	+0.0093062
2013-08	-0.009	-0.0066581	-0.0059285	-0.0050605	-0.0041647	-0.0033084	-0.0023504	-0.0014020	-0.0004170	+0.0005889	+0.0015805	+0.0025593	+0.0035030	+0.0043866	+0.0051598	+0.0058630	+0.0065097	+0.0070787	+0.0075790	+0.0080461	+0.0084950	+0.0089201
2013-09	0.097	-0.0047920	-0.0042834	-0.0037656	-0.0032251	-0.0026652	-0.0020651	-0.0014223	-0.0007431	-0.0000213	+0.0007030	+0.0014249	+0.0021529	+0.0028441	+0.0035020	+0.0041285	+0.0046888	+0.0052068	+0.0056787	+0.0061140	+0.0064989	+0.0068694
2013-10	0.006	-0.0056395	-0.0050398	-0.0044116	-0.0037388	-0.0030462	-0.0023278	-0.0015710	-0.0007927	+0.0000148	+0.0008391	+0.0016546	+0.0024428	+0.0031813	+0.0038596	+0.0044769	+0.0050434	+0.0055727	+0.0060458	+0.0064985	+0.0069370	+0.0073524
2013-11	0.051	-0.0052467	-0.0046306	-0.0039813	-0.0033834	-0.0027633	-0.0020908	-0.0014163	-0.0007075	+0.0000222	+0.0007766	+0.0015266	+0.0022584	+0.0029468	+0.0035822	+0.0041646	+0.0046930	+0.0052007	+0.0056545	+0.0060708	+0.0064570	+0.0068235
2013-12	0.054	-0.0052396	-0.0046637	-0.0040346	-0.0033752	-0.0026765	-0.0019377	-0.0011917	-0.0003942	+0.0004243	+0.0012244	+0.0020164	+0.0027820	+0.0034953	+0.0041530	+0.0047645	+0.0053276	+0.0058517	+0.0063453	+0.0067960	+0.0072100	+0.0075822
2014-01	-0.050	-0.0041815	-0.0037285	-0.0032815	-0.0028409	-0.0023573	-0.0018400	-0.0012847	-0.0007040	-0.0000847	+0.0005514	+0.0011940	+0.0018332	+0.0024393	+0.0030080	+0.0035355	+0.0040216	+0.0044729	+0.0048906	+0.0052691	+0.0056240	+0.0059634
2014-02	-0.008	-0.0042149	-0.0038263	-0.0033926	-0.0029540	-0.0024951	-0.0019998	-0.0014669	-0.0009101	-0.0003226	+0.0002785	+0.0008824	+0.0014644	+0.0020236	+0.0025463	+0.0030441	+0.0035039	+0.0039314	+0.0043140	+0.0046541	+0.0049638	+0.0052504
2014-03	-0.010	-0.0039505	-0.0035656	-0.0031787	-0.0027835	-0.0023730	-0.0019300	-0.0014545	-0.0009421	-0.0004096	+0.0001415	+0.0006941	+0.0012465	+0.0017712	+0.0022514	+0.0026889	+0.0030897	+0.0034548	+0.0038038	+0.0041328	+0.0044461	+0.0047299
2014-04	-0.020	-0.0035300	-0.0032221	-0.0029018	-0.0025524	-0.0021833	-0.0017972	-0.0013834	-0.0009391	-0.0004696	+0.0000207	+0.0005171	+0.0010144	+0.0014922	+0.0019544	+0.0023867	+0.0027817	+0.0031397	+0.0034700	+0.0037819	+0.0040687	+0.0043321
2014-05	0.031	-0.0037174	-0.0033875	-0.0030294	-0.0026668	-0.0022789	-0.0018568	-0.0014095	-0.0009345	-0.0004412	+0.0000697	+0.0005910	+0.0011088	+0.0016127	+0.0020716	+0.0024948	+0.0028926	+0.0032695	+0.0036092	+0.0039239	+0.0042115	+0.0044832
2014-06	0.052	-0.0032482	-0.0029753	-0.0026720	-0.0023502	-0.0020245	-0.0016723	-0.0012890	-0.0008798	-0.0004414	+0.0000133	+0.0004796	+0.0009385	+0.0013911	+0.0018183	+0.0022152	+0.0025860	+0.0029377	+0.0032655	+0.0035606	+0.0038270	+0.0040965
2014-07	0.013	-0.0032811	-0.0029635	-0.0026228	-0.0022727	-0.0019112	-0.0015263	-0.0011206	-0.0006925	-0.0002350	+0.0002389	+0.0007155	+0.0011905	+0.0016557	+0.0021011	+0.0025163	+0.0029001	+0.0032602	+0.0035986	+0.0039103	+0.0042016	+0.0044930
2014-08	0.000	-0.0032153	-0.0029358	-0.0026615	-0.0023723	-0.0020606	-0.0017200	-0.0013573	-0.0009691	-0.0005469	-0.0001037	+0.0003494	+0.0007998	+0.0012282	+0.0016234	+0.0019942	+0.0023428	+0.0026716	+0.0029826	+0.0032748	+0.0035393	+0.0037830
2014-09	0.032	-0.0032665	-0.0030150	-0.0027469	-0.0024692	-0.0021621	-0.0018345	-0.0014819	-0.0011132	-0.0007238	-0.0003192	+0.0000972	+0.0005067	+0.0009035	+0.0012827	+0.0016396	+0.0019644	+0.0022652	+0.0025498	+0.0028041	+0.0030467	+0.0032681
2014-10	-0.005	-0.0024649	-0.0022176	-0.0019417	-0.0016496	-0.0013188	-0.0009559	-0.0005779	-0.0001770	+0.0002405	+0.0006680	+0.0010941	+0.0015086	+0.0019058	+0.0022741	+0.0026103	+0.0029120	+0.0031845	+0.0034335	+0.0036743	+0.0039068	+0.0041374
2014-11	0.059	-0.0024432	-0.0022219	-0.0019909	-0.0017357	-0.0014551	-0.0011604	-0.0008484	-0.0005116	-0.0001555	+0.0002191	+0.0006012	+0.0009749	+0.0013359	+0.0016708	+0.0019857	+0.0022770	+0.0025416	+0.0027916	+0.0030255	+0.0032511	+0.0034488
2014-12	-0.000	-0.0029610	-0.0026455	-0.0023256	-0.0019683	-0.0015920	-0.0011954	-0.0007796	-0.0003493	+0.0000980	+0.0005499	+0.0010046	+0.0014421	+0.0018512	+0.0022340	+0.0025948	+0.0029268	+0.0032233	+0.0034951	+0.0037556	+0.0040050	+0.0042332
2015-01	0.000	-0.0034666	-0.0030643	-0.0026587	-0.0022362	-0.0018043	-0.0013607	-0.0009003	-0.0004246	+0.0000610	+0.0005488	+0.0010370	+0.0015125	+0.0019660	+0.0023901	+0.0027774	+0.0031320	+0.0034548	+0.0037478	+0.0040201	+0.0042662	+0.0044925
2015-02	-0.000	-0.0030481	-0.0027221	-0.0023858	-0.0020439	-0.0016853	-0.0013057	-0.0009071	-0.0004823	-0.0000422	+0.0004098	+0.0008642	+0.0013139	+0.0017415	+0.0021293	+0.0024909	+0.0028252	+0.0031313	+0.0034191	+0.0036845	+0.0039165	+0.0041412
