2013-09	0.038	-0.0032365	-0.0030480	-0.0028336	-0.0026137	-0.0023734	-0.0021219	-0.0018483	-0.0015581	-0.0012421	-0.0009047	-0.0005473	-0.0001915	+0.0001594	+0.0004960	+0.0008196	+0.0011252	+0.0014110	+0.0016791	+0.0019220	+0.0021414	+0.0023500
2013-10	0.029	-0.0026813	-0.0024840	-0.0022882	-0.0020829	-0.0018709	-0.0016476	-0.0014074	-0.0011505	-0.0008786	-0.0005892	-0.0002874	+0.0000149	+0.0003074	+0.0005887	+0.0008516	+0.0010967	+0.0013275	+0.0015424	+0.0017482	+0.0019444	+0.0021197
2013-11	-0.008	-0.0023879	-0.0022116	-0.0020283	-0.0018375	-0.0016351	-0.0014162	-0.0011764	-0.0009188	-0.0006470	-0.0003619	-0.0000668	+0.0002258	+0.0005095	+0.0007762	+0.0010235	+0.0012641	+0.0014874	+0.0016978	+0.0018876	+0.0020659	+0.0022302
2013-12	0.002	-0.0026062	-0.0024277	-0.0022357	-0.0020372	-0.0018252	-0.0015981	-0.0013560	-0.0010905	-0.0008081	-0.0005174	-0.0002141	+0.0000896	+0.0003852	+0.0006680	+0.0009358	+0.0011877	+0.0014215	+0.0016487	+0.0018547	+0.0020434	+0.0022257
2014-01	-0.007	-0.0026875	-0.0025264	-0.0023571	-0.0021726	-0.0019775	-0.0017680	-0.0015454	-0.0013077	-0.0010502	-0.0007729	-0.0004838	-0.0001947	+0.0000868	+0.0003553	+0.0006062	+0.0008484	+0.0010888	+0.0013098	+0.0015143	+0.0017159	+0.0019079
2014-02	0.011	-0.0024512	-0.0022907	-0.0021215	-0.0019419	-0.0017536	-0.0015488	-0.0013264	-0.0010910	-0.0008413	-0.0005740	-0.0002995	-0.0000299	+0.0002358	+0.0004907	+0.0007280	+0.0009526	+0.0011767	+0.0013822	+0.0015680	+0.0017332	+0.0018853
2014-03	0.037	-0.0017895	-0.0016412	-0.0014900	-0.0013226	-0.0011478	-0.0009590	-0.0007574	-0.0005468	-0.0003221	-0.0000930	+0.0001408	+0.0003743	+0.0006020	+0.0008200	+0.0010293	+0.0012232	+0.0014020	+0.0015703	+0.0017295	+0.0018743	+0.0020137
2014-04	0.007	-0.0020122	-0.0018093	-0.0015834	-0.0013514	-0.0011081	-0.0008370	-0.0005550	-0.0002732	+0.0000172	+0.0003096	+0.0005972	+0.0008709	+0.0011359	+0.0013792	+0.0015940	+0.0017932	+0.0019758	+0.0021436	+0.0023015	+0.0024499	+0.0025838
2014-05	0.006	-0.0019634	-0.0017321	-0.0014945	-0.0012612	-0.0010163	-0.0007596	-0.0004990	-0.0002309	+0.0000442	+0.0003266	+0.0006102	+0.0008862	+0.0011433	+0.0013802	+0.0015937	+0.0017923	+0.0019757	+0.0021428	+0.0022937	+0.0024392	+0.0025739
2014-06	0.012	-0.0014369	-0.0012756	-0.0011119	-0.0009478	-0.0007780	-0.0005975	-0.0004077	-0.0002077	+0.0000034	+0.0002234	+0.0004434	+0.0006570	+0.0008653	+0.0010613	+0.0012479	+0.0014212	+0.0015788	+0.0017238	+0.0018558	+0.0019829	+0.0021013
2014-07	0.005	-0.0015012	-0.0013335	-0.0011591	-0.0009912	-0.0008158	-0.0006299	-0.0004308	-0.0002198	-0.0000075	+0.0002067	+0.0004211	+0.0006311	+0.0008345	+0.0010234	+0.0011989	+0.0013575	+0.0015057	+0.0016408	+0.0017670	+0.0018906	+0.0020085
2014-08	0.015	-0.0014587	-0.0012981	-0.0011282	-0.0009519	-0.0007660	-0.0005785	-0.0003897	-0.0001896	+0.0000162	+0.0002285	+0.0004414	+0.0006513	+0.0008494	+0.0010327	+0.0012011	+0.0013523	+0.0014912	+0.0016185	+0.0017390	+0.0018512	+0.0019548
2014-09	-0.018	-0.0014475	-0.0012910	-0.0011108	-0.0009182	-0.0007272	-0.0005237	-0.0003185	-0.0001084	+0.0001147	+0.0003401	+0.0005646	+0.0007783	+0.0009758	+0.0011555	+0.0013148	+0.0014605	+0.0015905	+0.0017109	+0.0018216	+0.0019262	+0.0020209
2014-10	0.015	-0.0013196	-0.0011649	-0.0009924	-0.0008109	-0.0006295	-0.0004287	-0.0002179	-0.0000018	+0.0002161	+0.0004299	+0.0006345	+0.0008324	+0.0010131	+0.0011807	+0.0013293	+0.0014607	+0.0015782	+0.0016835	+0.0017789	+0.0018646	+0.0019429
2014-11	0.040	-0.0014072	-0.0012322	-0.0010591	-0.0008759	-0.0006764	-0.0004739	-0.0002804	-0.0000766	+0.0001362	+0.0003431	+0.0005481	+0.0007425	+0.0009214	+0.0010832	+0.0012349	+0.0013705	+0.0014906	+0.0015988	+0.0016989	+0.0017869	+0.0018743
2014-12	-0.011	-0.0013003	-0.0011524	-0.0010009	-0.0008323	-0.0006533	-0.0004616	-0.0002686	-0.0000717	+0.0001266	+0.0003287	+0.0005255	+0.0007090	+0.0008788	+0.0010357	+0.0011750	+0.0012982	+0.0014121	+0.0015118	+0.0016053	+0.0016935	+0.0017801
2015-01	-0.037	-0.0011900	-0.0010591	-0.0009246	-0.0007792	-0.0006210	-0.0004630	-0.0002971	-0.0001192	+0.0000657	+0.0002506	+0.0004314	+0.0006085	+0.0007772	+0.0009322	+0.0010763	+0.0012103	+0.0013315	+0.0014462	+0.0015510	+0.0016436	+0.0017302
2015-02	0.001	-0.0011495	-0.0010468	-0.0009404	-0.0008249	-0.0007056	-0.0005827	-0.0004509	-0.0003092	-0.0001604	-0.0000045	+0.0001521	+0.0003096	+0.0004617	+0.0006068	+0.0007434	+0.0008711	+0.0009911	+0.0011032	+0.0012157	+0.0013204	+0.0014146
