2011-09	-0.019	-0.0064169	-0.0060133	-0.0055981	-0.0051586	-0.0046784	-0.0041539	-0.0035868	-0.0029874	-0.0023553	-0.0016874	-0.0010176	-0.0003584	+0.0002800	+0.0008953	+0.0014722	+0.0020125	+0.0025074	+0.0029576	+0.0033871	+0.0037723	+0.0041461
2011-10	0.011	-0.0072025	-0.0067600	-0.0062822	-0.0057800	-0.0052462	-0.0046698	-0.0040695	-0.0034192	-0.0027527	-0.0020586	-0.0013480	-0.0006345	+0.0000652	+0.0007414	+0.0013811	+0.0019647	+0.0025071	+0.0030117	+0.0034936	+0.0039856	+0.0044576
2011-11	-0.040	-0.0073465	-0.0069087	-0.0063929	-0.0058681	-0.0053026	-0.0047128	-0.0040968	-0.0034353	-0.0027338	-0.0020102	-0.0012559	-0.0005011	+0.0002328	+0.0009412	+0.0016187	+0.0022468	+0.0028519	+0.0034096	+0.0039266	+0.0043956	+0.0048817
2011-12	0.005	-0.0053742	-0.0050482	-0.0046971	-0.0043331	-0.0039581	-0.0035548	-0.0031246	-0.0026517	-0.0021477	-0.0016156	-0.0010583	-0.0004892	+0.0000729	+0.0006235	+0.0011513	+0.0016526	+0.0021284	+0.0025471	+0.0029560	+0.0033488	+0.0037044
2012-01	0.056	-0.0051923	-0.0049020	-0.0045920	-0.0042495	-0.0038758	-0.0034671	-0.0030243	-0.0025518	-0.0020483	-0.0015221	-0.0009704	-0.0004078	+0.0001522	+0.0007097	+0.0012388	+0.0017271	+0.0021830	+0.0026193	+0.0030422	+0.0034589	+0.0038540
2012-02	0.108	-0.0042722	-0.0039928	-0.0037128	-0.0034074	-0.0030617	-0.0026907	-0.0022945	-0.0018537	-0.0013817	-0.0008874	-0.0003898	+0.0001004	+0.0005723	+0.0010214	+0.0014448	+0.0018482	+0.0022361	+0.0025953	+0.0029378	+0.0032584	+0.0035629
2012-03	0.024	-0.0038429	-0.0035453	-0.0032356	-0.0029111	-0.0025711	-0.0022082	-0.0018161	-0.0014097	-0.0009771	-0.0005296	-0.0000700	+0.0003970	+0.0008528	+0.0012962	+0.0017116	+0.0020986	+0.0024518	+0.0027855	+0.0031061	+0.0034085	+0.0036917
2012-04	-0.068	-0.0036509	-0.0033567	-0.0030463	-0.0027063	-0.0023425	-0.0019677	-0.0015726	-0.0011516	-0.0007080	-0.0002414	+0.0002319	+0.0007054	+0.0011744	+0.0016265	+0.0020472	+0.0024436	+0.0028226	+0.0031752	+0.0034982	+0.0037992	+0.0040897
2012-05	-0.127	-0.0033247	-0.0030235	-0.0027268	-0.0024139	-0.0020871	-0.0017282	-0.0013431	-0.0009270	-0.0004759	+0.0000012	+0.0004911	+0.0009735	+0.0014399	+0.0018831	+0.0022970	+0.0026731	+0.0030238	+0.0033522	+0.0036536	+0.0039494	+0.0042339
2012-06	0.062	-0.0031486	-0.0029171	-0.0026653	-0.0023989	-0.0021156	-0.0018052	-0.0014676	-0.0011007	-0.0007167	-0.0003158	+0.0000932	+0.0005055	+0.0009126	+0.0013014	+0.0016729	+0.0020105	+0.0023201	+0.0026098	+0.0028879	+0.0031426	+0.0033789
2012-07	-0.047	-0.0029066	-0.0026815	-0.0024254	-0.0021540	-0.0018615	-0.0015467	-0.0012124	-0.0008553	-0.0004735	-0.0000768	+0.0003396	+0.0007583	+0.0011678	+0.0015641	+0.0019344	+0.0022747	+0.0025884	+0.0028768	+0.0031502	+0.0034042	+0.0036468
2012-08	-0.038	-0.0035093	-0.0032488	-0.0029684	-0.0026834	-0.0023777	-0.0020546	-0.0017044	-0.0013333	-0.0009371	-0.0005183	-0.0000934	+0.0003286	+0.0007342	+0.0011218	+0.0014915	+0.0018269	+0.0021455	+0.0024330	+0.0027056	+0.0029626	+0.0032070
2012-09	0.008	-0.0036716	-0.0034145	-0.0031376	-0.0028505	-0.0025488	-0.0022163	-0.0018630	-0.0014879	-0.0010858	-0.0006697	-0.0002442	+0.0001819	+0.0005941	+0.0009908	+0.0013630	+0.0017095	+0.0020287	+0.0023234	+0.0026070	+0.0028796	+0.0031316
2012-10	0.011	-0.0040802	-0.0038113	-0.0035241	-0.0032317	-0.0029238	-0.0025911	-0.0022282	-0.0018406	-0.0014293	-0.0009973	-0.0005518	-0.0000955	+0.0003539	+0.0007751	+0.0011665	+0.0015340	+0.0018827	+0.0022053	+0.0025034	+0.0027848	+0.0030446
2012-11	0.054	-0.0050873	-0.0048128	-0.0045190	-0.0042036	-0.0038621	-0.0034925	-0.0030890	-0.0026444	-0.0021645	-0.0016441	-0.0011102	-0.0005622	-0.0000033	+0.0005454	+0.0010612	+0.0015512	+0.0020359	+0.0024767	+0.0028962	+0.0032902	+0.0036777
2012-12	0.124	-0.0047037	-0.0044292	-0.0041383	-0.0038332	-0.0035104	-0.0031491	-0.0027616	-0.0023381	-0.0018823	-0.0014023	-0.0009058	-0.0003929	+0.0001152	+0.0006171	+0.0011122	+0.0015776	+0.0020229	+0.0024418	+0.0028249	+0.0031768	+0.0035056
2013-01	0.077	-0.0031823	-0.0029238	-0.0026491	-0.0023629	-0.0020455	-0.0017064	-0.0013341	-0.0009353	-0.0005087	-0.0000614	+0.0003959	+0.0008558	+0.0012984	+0.0017206	+0.0021189	+0.0025009	+0.0028582	+0.0031775	+0.0034752	+0.0037433	+0.0039822
2013-02	0.034	-0.0042746	-0.0037797	-0.0032327	-0.0026582	-0.0020563	-0.0014207	-0.0007556	-0.0000684	+0.0006298	+0.0013290	+0.0020066	+0.0026500	+0.0032546	+0.0038020	+0.0043117	+0.0047684	+0.0051915	+0.0055605	+0.0059037	+0.0062112	+0.0064975
2013-03	0.050	-0.0038417	-0.0034269	-0.0030012	-0.0025323	-0.0020224	-0.0015108	-0.0009769	-0.0004034	+0.0001805	+0.0007733	+0.0013671	+0.0019480	+0.0024966	+0.0030031	+0.0034758	+0.0038929	+0.0042750	+0.0046313	+0.0049791	+0.0053004	+0.0056086
2013-04	0.124	-0.0053284	-0.0046855	-0.0040177	-0.0032773	-0.0025604	-0.0018132	-0.0009923	-0.0001941	+0.0006363	+0.0014686	+0.0022750	+0.0030275	+0.0037152	+0.0043290	+0.0048636	+0.0053370	+0.0057624	+0.0061431	+0.0064826	+0.0068010	+0.0071000
2013-05	-0.017	-0.0070526	-0.0062473	-0.0052870	-0.0043121	-0.0032873	-0.0021690	-0.0010470	+0.0000923	+0.0012926	+0.0024290	+0.0035202	+0.0045589	+0.0054767	+0.0062183	+0.0068447	+0.0074039	+0.0078794	+0.0082966	+0.0086975	+0.0090952	+0.0094985
2013-06	-0.016	-0.0069054	-0.0061473	-0.0053336	-0.0044618	-0.0034347	-0.0023742	-0.0012873	-0.0001400	+0.0010328	+0.0021814	+0.0032583	+0.0042758	+0.0052007	+0.0060048	+0.0067172	+0.0072978	+0.0077925	+0.0082385	+0.0086424	+0.0090416	+0.0094500
2013-07	0.009	-0.0065352	-0.0056814	-0.0048503	-0.0039307	-0.0030089	-0.0020271	-0.0010675	-0.0000682	+0.0009524	+0.0019739	+0.0029633	+0.0038742	+0.0047114	+0.0054776	+0.0061652	+0.0067714	+0.0073241	+0.0078327	+0.0082919	+0.0086934	+0.0090545
2013-08	-0.029	-0.0066125	-0.0058880	-0.0050303	-0.0041386	-0.0032702	-0.0023322	-0.0013595	-0.0003617	+0.0006417	+0.0016445	+0.0026310	+0.0035857	+0.0044540	+0.0052294	+0.0059326	+0.0065631	+0.0071127	+0.0076202	+0.0080902	+0.0085302	+0.0089200
2013-09	0.086	-0.0046512	-0.0041759	-0.0036792	-0.0031868	-0.0026436	-0.0020667	-0.0014475	-0.0007942	-0.0001061	+0.0006003	+0.0013003	+0.0019939	+0.0026691	+0.0033135	+0.0039151	+0.0044637	+0.0049683	+0.0054368	+0.0058544	+0.0062405	+0.0065952
2013-10	-0.010	-0.0054284	-0.0048642	-0.0042642	-0.0036387	-0.0029903	-0.0023167	-0.0015863	-0.0008446	-0.0000709	+0.0007149	+0.0015044	+0.0022665	+0.0029833	+0.0036513	+0.0042547	+0.0048155	+0.0053266	+0.0057891	+0.0062251	+0.0066606	+0.0070926
2013-11	0.055	-0.0048471	-0.0043133	-0.0037759	-0.0032232	-0.0026779	-0.0020879	-0.0014684	-0.0008323	-0.0001734	+0.0005220	+0.0012241	+0.0019101	+0.0025625	+0.0031698	+0.0037324	+0.0042427	+0.0047280	+0.0051733	+0.0055787	+0.0059599	+0.0063402
2013-12	0.047	-0.0047382	-0.0042710	-0.0037384	-0.0031541	-0.0025522	-0.0019174	-0.0012474	-0.0005499	+0.0001671	+0.0008802	+0.0015975	+0.0022960	+0.0029612	+0.0035803	+0.0041590	+0.0047111	+0.0052347	+0.0056956	+0.0061150	+0.0065464	+0.0069410
2014-01	-0.071	-0.0038801	-0.0035282	-0.0031650	-0.0027835	-0.0023653	-0.0019096	-0.0014185	-0.0008848	-0.0003229	+0.0002458	+0.0008326	+0.0014112	+0.0019720	+0.0024965	+0.0029840	+0.0034415	+0.0038653	+0.0042499	+0.0046229	+0.0049698	+0.0052980
2014-02	-0.019	-0.0039022	-0.0035972	-0.0032695	-0.0029061	-0.0025151	-0.0020806	-0.0016169	-0.0011122	-0.0005815	-0.0000386	+0.0005051	+0.0010356	+0.0015495	+0.0020378	+0.0024964	+0.0029215	+0.0033149	+0.0036791	+0.0040095	+0.0043197	+0.0046190
2014-03	-0.014	-0.0037142	-0.0034325	-0.0031250	-0.0027997	-0.0024548	-0.0020767	-0.0016733	-0.0012343	-0.0007746	-0.0002925	+0.0002062	+0.0007060	+0.0011793	+0.0016193	+0.0020251	+0.0024014	+0.0027556	+0.0030839	+0.0033851	+0.0036956	+0.0039767
2014-04	-0.036	-0.0038431	-0.0035172	-0.0031980	-0.0028660	-0.0025284	-0.0021672	-0.0017841	-0.0013834	-0.0009551	-0.0004992	-0.0000300	+0.0004401	+0.0008940	+0.0013306	+0.0017382	+0.0021005	+0.0024428	+0.0027607	+0.0030537	+0.0033219	+0.0035720
2014-05	0.044	-0.0037763	-0.0035007	-0.0032061	-0.0028928	-0.0025444	-0.0021730	-0.0017796	-0.0013612	-0.0009161	-0.0004517	+0.0000280	+0.0005121	+0.0009745	+0.0014104	+0.0018163	+0.0021923	+0.0025374	+0.0028618	+0.0031735	+0.0034693	+0.0037401
2014-06	0.052	-0.0036331	-0.0033655	-0.0030654	-0.0027453	-0.0024153	-0.0020598	-0.0016815	-0.0012639	-0.0008163	-0.0003657	+0.0000956	+0.0005540	+0.0010032	+0.0014315	+0.0018310	+0.0021991	+0.0025501	+0.0028737	+0.0031605	+0.0034325	+0.0037032
2014-07	0.020	-0.0034094	-0.0031260	-0.0028264	-0.0025105	-0.0021677	-0.0017944	-0.0013995	-0.0009885	-0.0005570	-0.0000996	+0.0003688	+0.0008393	+0.0013011	+0.0017437	+0.0021538	+0.0025357	+0.0028952	+0.0032372	+0.0035501	+0.0038529	+0.0041404
2014-08	-0.004	-0.0034065	-0.0031379	-0.0028667	-0.0025687	-0.0022478	-0.0019161	-0.0015597	-0.0011746	-0.0007647	-0.0003230	+0.0001329	+0.0005802	+0.0010118	+0.0014153	+0.0017920	+0.0021440	+0.0024692	+0.0027783	+0.0030619	+0.0033215	+0.0035546
2014-09	0.048	-0.0035432	-0.0032899	-0.0030136	-0.0027246	-0.0024136	-0.0020702	-0.0017112	-0.0013336	-0.0009327	-0.0005067	-0.0000753	+0.0003533	+0.0007714	+0.0011653	+0.0015360	+0.0018802	+0.0021927	+0.0024782	+0.0027478	+0.0029925	+0.0032221
2014-10	-0.001	-0.0026127	-0.0023403	-0.0020554	-0.0017514	-0.0014212	-0.0010638	-0.0006753	-0.0002635	+0.0001641	+0.0006069	+0.0010461	+0.0014750	+0.0018937	+0.0022856	+0.0026314	+0.0029479	+0.0032357	+0.0034931	+0.0037314	+0.0039681	+0.0041969
2014-11	0.046	-0.0026468	-0.0023968	-0.0021345	-0.0018665	-0.0015670	-0.0012422	-0.0008992	-0.0005289	-0.0001394	+0.0002758	+0.0006933	+0.0011050	+0.0015024	+0.0018725	+0.0022180	+0.0025354	+0.0028276	+0.0030983	+0.0033607	+0.0036058	+0.0038335
2014-12	-0.011	-0.0032645	-0.0029268	-0.0025839	-0.0021972	-0.0017898	-0.0013642	-0.0009204	-0.0004604	+0.0000278	+0.0005152	+0.0010074	+0.0014896	+0.0019377	+0.0023587	+0.0027498	+0.0031152	+0.0034395	+0.0037389	+0.0040314	+0.0043040	+0.0045571
2015-01	0.008	-0.0036645	-0.0032511	-0.0028289	-0.0023866	-0.0019260	-0.0014630	-0.0009738	-0.0004595	+0.0000505	+0.0005657	+0.0010838	+0.0015882	+0.0020681	+0.0025243	+0.0029450	+0.0033316	+0.0036816	+0.0039948	+0.0042878	+0.0045630	+0.0048041
2015-02	-0.007	-0.0031555	-0.0028394	-0.0024994	-0.0021398	-0.0017688	-0.0013796	-0.0009670	-0.0005298	-0.0000702	+0.0003945	+0.0008724	+0.0013447	+0.0017896	+0.0022006	+0.0025824	+0.0029365	+0.0032621	+0.0035662	+0.0038480	+0.0041073	+0.0043444
