2011-12	-0.008	-0.0088961	-0.0085254	-0.0080816	-0.0075696	-0.0069801	-0.0063219	-0.0055860	-0.0047765	-0.0038933	-0.0029439	-0.0019490	-0.0009362	+0.0000861	+0.0011004	+0.0020641	+0.0030041	+0.0038863	+0.0047700	+0.0056950	+0.0066555	+0.0077462
2012-01	0.082	-0.0086090	-0.0081915	-0.0077070	-0.0071717	-0.0065818	-0.0059256	-0.0052169	-0.0044373	-0.0036090	-0.0027414	-0.0018084	-0.0008606	+0.0000852	+0.0010074	+0.0019250	+0.0027945	+0.0036024	+0.0044211	+0.0051817	+0.0059144	+0.0066937
2012-02	0.184	-0.0076222	-0.0071758	-0.0067054	-0.0061750	-0.0055900	-0.0049757	-0.0043033	-0.0035896	-0.0028323	-0.0020414	-0.0012318	-0.0004238	+0.0003772	+0.0011454	+0.0018734	+0.0025600	+0.0031986	+0.0038089	+0.0043883	+0.0049460	+0.0054545
2012-03	0.013	-0.0060524	-0.0056155	-0.0051573	-0.0046774	-0.0041524	-0.0035969	-0.0029987	-0.0023442	-0.0016563	-0.0009301	-0.0001816	+0.0005724	+0.0013059	+0.0020001	+0.0026392	+0.0032374	+0.0037969	+0.0043066	+0.0047802	+0.0052239	+0.0056422
2012-04	-0.058	-0.0061037	-0.0056513	-0.0051610	-0.0046337	-0.0040980	-0.0035298	-0.0029020	-0.0022214	-0.0014996	-0.0007523	+0.0000120	+0.0007762	+0.0015165	+0.0022243	+0.0028864	+0.0035061	+0.0040796	+0.0046083	+0.0051072	+0.0055567	+0.0059860
2012-05	-0.199	-0.0055960	-0.0051104	-0.0046083	-0.0040894	-0.0035430	-0.0029572	-0.0023258	-0.0016562	-0.0009432	-0.0002036	+0.0005445	+0.0012816	+0.0020008	+0.0026847	+0.0033297	+0.0039384	+0.0045082	+0.0050384	+0.0055441	+0.0060290	+0.0064620
2012-06	0.076	-0.0050245	-0.0046260	-0.0042110	-0.0037650	-0.0032969	-0.0027942	-0.0022465	-0.0016739	-0.0010713	-0.0004321	+0.0002214	+0.0008732	+0.0015183	+0.0021373	+0.0027140	+0.0032546	+0.0037701	+0.0042600	+0.0047062	+0.0050974	+0.0054711
2012-07	-0.002	-0.0051117	-0.0047094	-0.0043205	-0.0038936	-0.0034348	-0.0029483	-0.0024277	-0.0018732	-0.0012851	-0.0006454	+0.0000017	+0.0006563	+0.0012842	+0.0018789	+0.0024285	+0.0029567	+0.0034382	+0.0038947	+0.0043142	+0.0047056	+0.0050771
2012-08	0.002	-0.0046384	-0.0042678	-0.0038676	-0.0034463	-0.0030069	-0.0025480	-0.0020454	-0.0015031	-0.0009258	-0.0003150	+0.0003111	+0.0009315	+0.0015315	+0.0021075	+0.0026514	+0.0031502	+0.0036015	+0.0040106	+0.0043881	+0.0047541	+0.0051115
2012-09	0.012	-0.0045502	-0.0041878	-0.0037923	-0.0033936	-0.0029638	-0.0024955	-0.0019819	-0.0014303	-0.0008590	-0.0002544	+0.0003505	+0.0009580	+0.0015483	+0.0021090	+0.0026314	+0.0031169	+0.0035583	+0.0039724	+0.0043461	+0.0046925	+0.0050315
2012-10	0.016	-0.0044401	-0.0041081	-0.0037600	-0.0033952	-0.0029958	-0.0025604	-0.0020923	-0.0015946	-0.0010529	-0.0004839	+0.0001059	+0.0006967	+0.0012805	+0.0018403	+0.0023472	+0.0028186	+0.0032628	+0.0036828	+0.0040662	+0.0044190	+0.0047525
2012-11	0.080	-0.0058596	-0.0054953	-0.0050916	-0.0046734	-0.0042325	-0.0037539	-0.0032459	-0.0026964	-0.0021134	-0.0015052	-0.0008803	-0.0002338	+0.0004128	+0.0010317	+0.0016310	+0.0021838	+0.0026990	+0.0031770	+0.0036122	+0.0040492	+0.0044591
2012-12	0.147	-0.0051159	-0.0047721	-0.0043958	-0.0040067	-0.0035893	-0.0031443	-0.0026779	-0.0021723	-0.0016322	-0.0010739	-0.0005035	+0.0000842	+0.0006583	+0.0012110	+0.0017283	+0.0022001	+0.0026338	+0.0030379	+0.0034323	+0.0038071	+0.0041500
2013-01	0.150	-0.0040526	-0.0036606	-0.0032481	-0.0028123	-0.0023578	-0.0018775	-0.0013725	-0.0008271	-0.0002423	+0.0003704	+0.0009942	+0.0016038	+0.0022026	+0.0027722	+0.0032928	+0.0037715	+0.0042312	+0.0046491	+0.0050347	+0.0053895	+0.0057103
2013-02	0.010	-0.0068529	-0.0060645	-0.0051272	-0.0042115	-0.0032101	-0.0020882	-0.0009646	+0.0001700	+0.0013398	+0.0025080	+0.0036064	+0.0046278	+0.0055667	+0.0063894	+0.0071029	+0.0077334	+0.0082938	+0.0087928	+0.0092498	+0.0096778	+0.0100000
2013-03	0.130	-0.0062876	-0.0055708	-0.0048251	-0.0040082	-0.0031349	-0.0022247	-0.0013168	-0.0003575	+0.0006300	+0.0016017	+0.0025617	+0.0034767	+0.0043388	+0.0051071	+0.0057857	+0.0063827	+0.0069215	+0.0074092	+0.0078379	+0.0082474	+0.0086467
2013-04	0.136	-0.0075179	-0.0066642	-0.0057744	-0.0047872	-0.0037285	-0.0025399	-0.0013169	-0.0000367	+0.0012707	+0.0025912	+0.0038069	+0.0049821	+0.0060804	+0.0069751	+0.0077161	+0.0083455	+0.0089343	+0.0094899	+0.0100000	+0.0100000	+0.0100000
2013-05	-0.058	-0.0083369	-0.0075985	-0.0066917	-0.0056357	-0.0043030	-0.0027988	-0.0012878	+0.0002378	+0.0019847	+0.0036208	+0.0051220	+0.0066631	+0.0080424	+0.0090967	+0.0099760	+0.0100000	+0.0100000	+0.0100000	+0.0100000	+0.0100000	+0.0100000
2013-06	-0.085	-0.0082069	-0.0075163	-0.0066368	-0.0055838	-0.0043984	-0.0030811	-0.0016759	-0.0001292	+0.0014979	+0.0030487	+0.0044854	+0.0059106	+0.0071758	+0.0082383	+0.0091118	+0.0098969	+0.0100000	+0.0100000	+0.0100000	+0.0100000	+0.0100000
2013-07	0.008	-0.0072382	-0.0063251	-0.0053567	-0.0043989	-0.0033895	-0.0023293	-0.0012130	-0.0000417	+0.0011406	+0.0023268	+0.0035012	+0.0046289	+0.0056834	+0.0066425	+0.0075014	+0.0082466	+0.0089205	+0.0095329	+0.0100000	+0.0100000	+0.0100000
2013-08	-0.024	-0.0069613	-0.0062268	-0.0054689	-0.0046276	-0.0036748	-0.0026509	-0.0015997	-0.0004814	+0.0006701	+0.0018159	+0.0029505	+0.0040391	+0.0050559	+0.0060145	+0.0068868	+0.0076835	+0.0084186	+0.0090814	+0.0096891	+0.0100000	+0.0100000
2013-09	0.125	-0.0058705	-0.0053384	-0.0047676	-0.0041693	-0.0035408	-0.0028516	-0.0021007	-0.0013177	-0.0005152	+0.0003333	+0.0011892	+0.0020428	+0.0028871	+0.0036726	+0.0043832	+0.0050462	+0.0056345	+0.0061651	+0.0066735	+0.0071298	+0.0075693
2013-10	0.012	-0.0062163	-0.0056088	-0.0049925	-0.0043392	-0.0036588	-0.0029165	-0.0021411	-0.0012876	-0.0004079	+0.0004994	+0.0014050	+0.0023090	+0.0031574	+0.0039517	+0.0046891	+0.0053862	+0.0060256	+0.0066207	+0.0071708	+0.0076857	+0.0081583
2013-11	0.038	-0.0058680	-0.0052886	-0.0046865	-0.0040651	-0.0033961	-0.0026852	-0.0019437	-0.0011833	-0.0003896	+0.0004330	+0.0012664	+0.0020922	+0.0028759	+0.0036215	+0.0043302	+0.0050059	+0.0056282	+0.0062109	+0.0067329	+0.0072372	+0.0077401
2013-12	0.050	-0.0049913	-0.0045226	-0.0040545	-0.0035397	-0.0029799	-0.0023867	-0.0017335	-0.0010479	-0.0003263	+0.0004369	+0.0012191	+0.0019967	+0.0027584	+0.0034790	+0.0041633	+0.0047984	+0.0053783	+0.0059225	+0.0064210	+0.0068694	+0.0072863
2014-01	-0.096	-0.0050615	-0.0046530	-0.0041989	-0.0037507	-0.0032439	-0.0026948	-0.0021242	-0.0015019	-0.0008534	-0.0001828	+0.0005061	+0.0011813	+0.0018345	+0.0024587	+0.0030455	+0.0036043	+0.0041258	+0.0046031	+0.0050502	+0.0054784	+0.0058912
2014-02	0.005	-0.0047869	-0.0043825	-0.0039586	-0.0035172	-0.0030410	-0.0025488	-0.0020269	-0.0014580	-0.0008559	-0.0002331	+0.0004064	+0.0010540	+0.0016858	+0.0022821	+0.0028463	+0.0033673	+0.0038454	+0.0042924	+0.0047040	+0.0050918	+0.0054436
2014-03	0.002	-0.0048813	-0.0044837	-0.0040632	-0.0036208	-0.0031263	-0.0026138	-0.0020663	-0.0014766	-0.0008674	-0.0002395	+0.0004056	+0.0010365	+0.0016538	+0.0022552	+0.0028229	+0.0033442	+0.0038277	+0.0042762	+0.0047026	+0.0051230	+0.0055127
2014-04	-0.009	-0.0046388	-0.0042307	-0.0037878	-0.0033359	-0.0028628	-0.0023771	-0.0018485	-0.0012794	-0.0006744	-0.0000456	+0.0006044	+0.0012488	+0.0018802	+0.0024835	+0.0030442	+0.0035751	+0.0040562	+0.0045032	+0.0049120	+0.0053099	+0.0057035
2014-05	0.035	-0.0043424	-0.0039252	-0.0034985	-0.0030597	-0.0025772	-0.0020690	-0.0015326	-0.0009551	-0.0003416	+0.0003050	+0.0009706	+0.0016314	+0.0022635	+0.0028614	+0.0034197	+0.0039372	+0.0044179	+0.0048727	+0.0053087	+0.0057307	+0.0061179
2014-06	0.054	-0.0040009	-0.0036763	-0.0033429	-0.0029933	-0.0026167	-0.0022060	-0.0017598	-0.0012772	-0.0007571	-0.0002125	+0.0003296	+0.0008686	+0.0014002	+0.0018996	+0.0023629	+0.0028021	+0.0032130	+0.0036024	+0.0039599	+0.0043033	+0.0046119
2014-07	0.037	-0.0038655	-0.0035460	-0.0031981	-0.0028165	-0.0024149	-0.0019842	-0.0015319	-0.0010505	-0.0005276	+0.0000219	+0.0005714	+0.0011232	+0.0016550	+0.0021611	+0.0026304	+0.0030613	+0.0034547	+0.0038264	+0.0041607	+0.0044780	+0.0047669
2014-08	0.008	-0.0037240	-0.0034174	-0.0030819	-0.0027394	-0.0023747	-0.0019889	-0.0015736	-0.0011269	-0.0006472	-0.0001369	+0.0003788	+0.0008998	+0.0014063	+0.0018794	+0.0023137	+0.0027252	+0.0031125	+0.0034577	+0.0037885	+0.0041041	+0.0043819
2014-09	0.029	-0.0036176	-0.0033256	-0.0030229	-0.0026983	-0.0023527	-0.0019872	-0.0015936	-0.0011763	-0.0007336	-0.0002683	+0.0002182	+0.0006990	+0.0011645	+0.0016031	+0.0020184	+0.0024096	+0.0027716	+0.0031030	+0.0034039	+0.0036834	+0.0039458
2014-10	-0.036	-0.0036270	-0.0032522	-0.0028198	-0.0023838	-0.0019374	-0.0014626	-0.0009569	-0.0004218	+0.0001260	+0.0006808	+0.0012361	+0.0017814	+0.0023000	+0.0027829	+0.0032295	+0.0036397	+0.0039979	+0.0043252	+0.0046204	+0.0048958	+0.0051587
2014-11	0.106	-0.0029753	-0.0026751	-0.0023687	-0.0020290	-0.0016740	-0.0012984	-0.0009047	-0.0004762	-0.0000191	+0.0004490	+0.0009181	+0.0013808	+0.0018289	+0.0022491	+0.0026322	+0.0029926	+0.0033270	+0.0036428	+0.0039400	+0.0042303	+0.0045083
2014-12	-0.004	-0.0039451	-0.0035379	-0.0031190	-0.0026374	-0.0021302	-0.0015991	-0.0010378	-0.0004556	+0.0001420	+0.0007415	+0.0013233	+0.0018857	+0.0024104	+0.0028865	+0.0033305	+0.0037384	+0.0041127	+0.0044732	+0.0048028	+0.0051108	+0.0054038
2015-01	-0.067	-0.0043160	-0.0037941	-0.0032968	-0.0027817	-0.0022525	-0.0016985	-0.0011156	-0.0005079	+0.0001349	+0.0007789	+0.0014084	+0.0020182	+0.0025958	+0.0031222	+0.0036050	+0.0040484	+0.0044741	+0.0048616	+0.0052192	+0.0055356	+0.0058145
2015-02	-0.037	-0.0036333	-0.0033171	-0.0029711	-0.0025918	-0.0022076	-0.0017838	-0.0013303	-0.0008497	-0.0003462	+0.0001766	+0.0007049	+0.0012252	+0.0017265	+0.0022039	+0.0026500	+0.0030729	+0.0034502	+0.0037951	+0.0041105	+0.0044012	+0.0046772
