2011-09	-0.019	-0.0025726	-0.0024129	-0.0022340	-0.0020484	-0.0018597	-0.0016577	-0.0014326	-0.0012020	-0.0009543	-0.0006911	-0.0004258	-0.0001545	+0.0001137	+0.0003695	+0.0006105	+0.0008320	+0.0010402	+0.0012255	+0.0014033	+0.0015768	+0.0017370
2011-10	0.059	-0.0029447	-0.0027664	-0.0025765	-0.0023894	-0.0021909	-0.0019786	-0.0017497	-0.0015016	-0.0012291	-0.0009346	-0.0006284	-0.0003110	+0.0000012	+0.0002962	+0.0005815	+0.0008532	+0.0011029	+0.0013448	+0.0015859	+0.0018063	+0.0020321
2011-11	-0.032	-0.0026926	-0.0025080	-0.0023254	-0.0021313	-0.0019212	-0.0016993	-0.0014583	-0.0012030	-0.0009315	-0.0006470	-0.0003492	-0.0000510	+0.0002360	+0.0005166	+0.0007837	+0.0010396	+0.0012777	+0.0015082	+0.0017217	+0.0019169	+0.0021097
2011-12	0.025	-0.0030800	-0.0029163	-0.0027432	-0.0025505	-0.0023455	-0.0021269	-0.0018887	-0.0016238	-0.0013452	-0.0010536	-0.0007473	-0.0004245	-0.0001056	+0.0002025	+0.0005017	+0.0007927	+0.0010688	+0.0013244	+0.0015678	+0.0017997	+0.0020237
2012-01	0.017	-0.0025005	-0.0023480	-0.0021869	-0.0020160	-0.0018271	-0.0016211	-0.0013984	-0.0011630	-0.0009083	-0.0006445	-0.0003761	-0.0001086	+0.0001542	+0.0004055	+0.0006493	+0.0008813	+0.0011054	+0.0013118	+0.0014981	+0.0016727	+0.0018423
2012-02	0.066	-0.0024039	-0.0022483	-0.0020781	-0.0019010	-0.0017168	-0.0015214	-0.0013096	-0.0010843	-0.0008443	-0.0005933	-0.0003385	-0.0000811	+0.0001697	+0.0004110	+0.0006369	+0.0008480	+0.0010475	+0.0012325	+0.0014033	+0.0015548	+0.0017011
2012-03	0.015	-0.0018286	-0.0016744	-0.0015170	-0.0013494	-0.0011698	-0.0009775	-0.0007720	-0.0005537	-0.0003243	-0.0000835	+0.0001652	+0.0004074	+0.0006406	+0.0008567	+0.0010595	+0.0012482	+0.0014238	+0.0015852	+0.0017305	+0.0018625	+0.0019834
2012-04	-0.004	-0.0019804	-0.0017849	-0.0015598	-0.0013308	-0.0011111	-0.0008802	-0.0006371	-0.0003775	-0.0001056	+0.0001747	+0.0004605	+0.0007415	+0.0010036	+0.0012496	+0.0014776	+0.0016887	+0.0018828	+0.0020639	+0.0022235	+0.0023712	+0.0025041
2012-05	-0.035	-0.0020813	-0.0018403	-0.0016023	-0.0013446	-0.0010717	-0.0007803	-0.0004838	-0.0001758	+0.0001416	+0.0004601	+0.0007695	+0.0010717	+0.0013524	+0.0016019	+0.0018302	+0.0020337	+0.0022129	+0.0023806	+0.0025313	+0.0026611	+0.0027814
2012-06	0.013	-0.0020887	-0.0018047	-0.0015430	-0.0012706	-0.0009851	-0.0007031	-0.0004082	-0.0000946	+0.0002213	+0.0005432	+0.0008600	+0.0011569	+0.0014340	+0.0016879	+0.0019125	+0.0021145	+0.0023004	+0.0024741	+0.0026421	+0.0028005	+0.0029563
2012-07	0.002	-0.0013532	-0.0012197	-0.0010791	-0.0009297	-0.0007639	-0.0005841	-0.0003963	-0.0001939	+0.0000178	+0.0002344	+0.0004499	+0.0006584	+0.0008598	+0.0010515	+0.0012281	+0.0013929	+0.0015440	+0.0016832	+0.0018105	+0.0019285	+0.0020421
2012-08	0.015	-0.0017597	-0.0015588	-0.0013503	-0.0011235	-0.0008974	-0.0006705	-0.0004247	-0.0001661	+0.0000969	+0.0003609	+0.0006191	+0.0008632	+0.0010897	+0.0012962	+0.0014829	+0.0016481	+0.0017960	+0.0019327	+0.0020564	+0.0021706	+0.0022832
2012-09	-0.001	-0.0016844	-0.0014807	-0.0012799	-0.0010755	-0.0008563	-0.0006325	-0.0003963	-0.0001446	+0.0001077	+0.0003566	+0.0006014	+0.0008360	+0.0010581	+0.0012612	+0.0014434	+0.0016063	+0.0017538	+0.0018882	+0.0020096	+0.0021174	+0.0022225
2012-10	0.024	-0.0014668	-0.0012957	-0.0011273	-0.0009486	-0.0007555	-0.0005606	-0.0003651	-0.0001672	+0.0000440	+0.0002563	+0.0004668	+0.0006704	+0.0008614	+0.0010418	+0.0012087	+0.0013599	+0.0015015	+0.0016321	+0.0017463	+0.0018492	+0.0019359
2012-11	0.026	-0.0011544	-0.0010559	-0.0009497	-0.0008395	-0.0007234	-0.0005992	-0.0004686	-0.0003311	-0.0001862	-0.0000330	+0.0001273	+0.0002873	+0.0004416	+0.0005864	+0.0007222	+0.0008509	+0.0009699	+0.0010817	+0.0011864	+0.0012808	+0.0013706
2012-12	0.055	-0.0009365	-0.0008422	-0.0007473	-0.0006471	-0.0005404	-0.0004243	-0.0003020	-0.0001712	-0.0000336	+0.0001095	+0.0002558	+0.0004021	+0.0005441	+0.0006785	+0.0008035	+0.0009193	+0.0010308	+0.0011305	+0.0012214	+0.0013072	+0.0013881
2013-01	0.050	-0.0015909	-0.0014050	-0.0012016	-0.0009901	-0.0007644	-0.0005300	-0.0002942	-0.0000448	+0.0002103	+0.0004620	+0.0007058	+0.0009338	+0.0011401	+0.0013212	+0.0014777	+0.0016155	+0.0017411	+0.0018532	+0.0019613	+0.0020622	+0.0021586
2013-02	0.012	-0.0026690	-0.0023508	-0.0019580	-0.0015482	-0.0011717	-0.0007617	-0.0003046	+0.0001039	+0.0005587	+0.0009706	+0.0013332	+0.0017395	+0.0021016	+0.0023551	+0.0025577	+0.0027241	+0.0028705	+0.0030016	+0.0031203	+0.0032261	+0.0033307
2013-03	0.020	-0.0024663	-0.0021608	-0.0018036	-0.0014560	-0.0011167	-0.0007226	-0.0003435	+0.0000284	+0.0004395	+0.0008436	+0.0012117	+0.0015773	+0.0019040	+0.0021675	+0.0023716	+0.0025437	+0.0026938	+0.0028317	+0.0029512	+0.0030619	+0.0031640
2013-04	0.041	-0.0030178	-0.0026635	-0.0022056	-0.0017836	-0.0014081	-0.0009505	-0.0004753	-0.0000433	+0.0004752	+0.0009571	+0.0013534	+0.0017866	+0.0021936	+0.0024854	+0.0027083	+0.0028939	+0.0030585	+0.0032040	+0.0033340	+0.0034546	+0.0035646
2013-05	0.021	-0.0036043	-0.0031890	-0.0026812	-0.0021374	-0.0016385	-0.0010627	-0.0005206	+0.0000149	+0.0006176	+0.0011524	+0.0016493	+0.0021668	+0.0026141	+0.0029559	+0.0032324	+0.0034646	+0.0036574	+0.0038306	+0.0039973	+0.0041471	+0.0042879
2013-06	-0.044	-0.0037678	-0.0032635	-0.0027161	-0.0022433	-0.0017324	-0.0011595	-0.0005861	-0.0000335	+0.0006090	+0.0011821	+0.0016964	+0.0022222	+0.0027083	+0.0030862	+0.0033741	+0.0036158	+0.0038211	+0.0040065	+0.0041731	+0.0043267	+0.0044774
2013-07	0.009	-0.0028215	-0.0024592	-0.0020424	-0.0016561	-0.0012659	-0.0008666	-0.0004529	-0.0000282	+0.0003967	+0.0008149	+0.0012311	+0.0016277	+0.0019906	+0.0023154	+0.0026052	+0.0028642	+0.0030982	+0.0033102	+0.0034923	+0.0036607	+0.0038248
2013-08	-0.008	-0.0027154	-0.0023999	-0.0020328	-0.0016762	-0.0013121	-0.0009403	-0.0005419	-0.0001325	+0.0002854	+0.0007093	+0.0011199	+0.0015071	+0.0018756	+0.0022050	+0.0025000	+0.0027632	+0.0030012	+0.0032177	+0.0034082	+0.0035940	+0.0037553
2013-09	0.003	-0.0019201	-0.0017351	-0.0015372	-0.0013282	-0.0011027	-0.0008657	-0.0006121	-0.0003432	-0.0000661	+0.0002178	+0.0005123	+0.0008005	+0.0010785	+0.0013417	+0.0015836	+0.0018133	+0.0020312	+0.0022303	+0.0024082	+0.0025775	+0.0027377
2013-10	0.021	-0.0019087	-0.0017356	-0.0015629	-0.0013762	-0.0011780	-0.0009686	-0.0007461	-0.0005134	-0.0002600	+0.0000053	+0.0002730	+0.0005363	+0.0007920	+0.0010339	+0.0012626	+0.0014737	+0.0016685	+0.0018527	+0.0020282	+0.0021959	+0.0023534
2013-11	0.029	-0.0018130	-0.0016347	-0.0014519	-0.0012679	-0.0010748	-0.0008641	-0.0006444	-0.0004109	-0.0001709	+0.0000768	+0.0003289	+0.0005828	+0.0008332	+0.0010654	+0.0012878	+0.0014906	+0.0016812	+0.0018561	+0.0020180	+0.0021653	+0.0023125
2013-12	0.021	-0.0016537	-0.0014817	-0.0012960	-0.0011051	-0.0009053	-0.0007008	-0.0004868	-0.0002576	-0.0000170	+0.0002324	+0.0004879	+0.0007394	+0.0009861	+0.0012250	+0.0014455	+0.0016493	+0.0018389	+0.0020110	+0.0021723	+0.0023325	+0.0024827
2014-01	-0.012	-0.0014965	-0.0013647	-0.0012119	-0.0010525	-0.0008821	-0.0006971	-0.0005050	-0.0003045	-0.0000945	+0.0001247	+0.0003481	+0.0005682	+0.0007766	+0.0009728	+0.0011575	+0.0013266	+0.0014850	+0.0016280	+0.0017575	+0.0018719	+0.0019798
2014-02	0.007	-0.0012898	-0.0011678	-0.0010409	-0.0009095	-0.0007718	-0.0006248	-0.0004702	-0.0003069	-0.0001351	+0.0000434	+0.0002261	+0.0004099	+0.0005844	+0.0007484	+0.0008981	+0.0010390	+0.0011681	+0.0012927	+0.0014114	+0.0015194	+0.0016196
2014-03	0.006	-0.0013338	-0.0011967	-0.0010482	-0.0008885	-0.0007266	-0.0005537	-0.0003735	-0.0001893	+0.0000048	+0.0001974	+0.0003924	+0.0005812	+0.0007567	+0.0009206	+0.0010729	+0.0012111	+0.0013334	+0.0014457	+0.0015503	+0.0016448	+0.0017384
2014-04	0.000	-0.0012847	-0.0011485	-0.0009975	-0.0008379	-0.0006758	-0.0005091	-0.0003376	-0.0001613	+0.0000220	+0.0002117	+0.0003985	+0.0005750	+0.0007404	+0.0008926	+0.0010345	+0.0011611	+0.0012746	+0.0013798	+0.0014778	+0.0015671	+0.0016466
2014-05	0.000	-0.0012355	-0.0010829	-0.0009333	-0.0007762	-0.0006073	-0.0004400	-0.0002688	-0.0000897	+0.0000934	+0.0002798	+0.0004624	+0.0006354	+0.0007921	+0.0009348	+0.0010652	+0.0011818	+0.0012910	+0.0013838	+0.0014724	+0.0015550	+0.0016280
2014-06	0.004	-0.0011621	-0.0010119	-0.0008612	-0.0007110	-0.0005530	-0.0003896	-0.0002218	-0.0000407	+0.0001376	+0.0003168	+0.0004905	+0.0006615	+0.0008209	+0.0009613	+0.0010859	+0.0011976	+0.0012982	+0.0013909	+0.0014745	+0.0015489	+0.0016185
2014-07	0.004	-0.0010686	-0.0009427	-0.0008235	-0.0006919	-0.0005449	-0.0004009	-0.0002542	-0.0001000	+0.0000591	+0.0002202	+0.0003790	+0.0005311	+0.0006758	+0.0008083	+0.0009228	+0.0010259	+0.0011217	+0.0012076	+0.0012851	+0.0013598	+0.0014355
2014-08	0.011	-0.0007740	-0.0007029	-0.0006224	-0.0005384	-0.0004542	-0.0003639	-0.0002669	-0.0001635	-0.0000544	+0.0000591	+0.0001735	+0.0002882	+0.0003978	+0.0005013	+0.0005957	+0.0006814	+0.0007613	+0.0008345	+0.0009020	+0.0009640	+0.0010239
2014-09	0.017	-0.0007767	-0.0007073	-0.0006308	-0.0005481	-0.0004604	-0.0003689	-0.0002751	-0.0001739	-0.0000682	+0.0000413	+0.0001532	+0.0002639	+0.0003689	+0.0004659	+0.0005580	+0.0006428	+0.0007195	+0.0007894	+0.0008567	+0.0009184	+0.0009800
2014-10	0.011	-0.0008994	-0.0007955	-0.0006878	-0.0005662	-0.0004438	-0.0003136	-0.0001684	-0.0000267	+0.0001147	+0.0002603	+0.0004048	+0.0005406	+0.0006626	+0.0007699	+0.0008687	+0.0009578	+0.0010379	+0.0011108	+0.0011751	+0.0012340	+0.0012868
2014-11	0.047	-0.0009517	-0.0008462	-0.0007369	-0.0006202	-0.0004937	-0.0003600	-0.0002237	-0.0000843	+0.0000638	+0.0002128	+0.0003593	+0.0004978	+0.0006300	+0.0007510	+0.0008614	+0.0009599	+0.0010523	+0.0011402	+0.0012208	+0.0012959	+0.0013668
2014-12	0.004	-0.0014316	-0.0012689	-0.0010934	-0.0008900	-0.0006947	-0.0004863	-0.0002705	-0.0000544	+0.0001676	+0.0003905	+0.0006017	+0.0007963	+0.0009798	+0.0011422	+0.0012875	+0.0014167	+0.0015353	+0.0016410	+0.0017427	+0.0018355	+0.0019253
2015-01	-0.008	-0.0016127	-0.0014134	-0.0012261	-0.0010383	-0.0008100	-0.0005634	-0.0003229	-0.0000839	+0.0001652	+0.0004169	+0.0006614	+0.0008958	+0.0011133	+0.0013061	+0.0014802	+0.0016355	+0.0017772	+0.0019100	+0.0020332	+0.0021438	+0.0022451
2015-02	0.001	-0.0014855	-0.0013191	-0.0011473	-0.0009615	-0.0007658	-0.0005598	-0.0003420	-0.0001202	+0.0001082	+0.0003359	+0.0005640	+0.0007811	+0.0009888	+0.0011811	+0.0013516	+0.0015088	+0.0016536	+0.0017793	+0.0018949	+0.0020063	+0.0021124
