2011-09	0.000	-0.0006554	-0.0005812	-0.0005030	-0.0004170	-0.0003331	-0.0002431	-0.0001485	-0.0000484	+0.0000530	+0.0001543	+0.0002570	+0.0003564	+0.0004515	+0.0005399	+0.0006221	+0.0006967	+0.0007644	+0.0008271	+0.0008863	+0.0009430	+0.0009972
2011-10	0.006	-0.0007952	-0.0007085	-0.0006109	-0.0005096	-0.0004085	-0.0003023	-0.0001904	-0.0000720	+0.0000500	+0.0001704	+0.0002901	+0.0004054	+0.0005153	+0.0006154	+0.0007079	+0.0007924	+0.0008713	+0.0009471	+0.0010171	+0.0010827	+0.0011421
2011-11	-0.002	-0.0008221	-0.0007232	-0.0006294	-0.0005299	-0.0004308	-0.0003246	-0.0002094	-0.0000898	+0.0000336	+0.0001594	+0.0002844	+0.0004070	+0.0005240	+0.0006343	+0.0007346	+0.0008282	+0.0009143	+0.0009958	+0.0010712	+0.0011381	+0.0012026
2011-12	0.010	-0.0008848	-0.0007923	-0.0006940	-0.0005900	-0.0004803	-0.0003633	-0.0002401	-0.0001112	+0.0000241	+0.0001611	+0.0003004	+0.0004346	+0.0005625	+0.0006832	+0.0007923	+0.0008949	+0.0009895	+0.0010767	+0.0011580	+0.0012335	+0.0013058
2012-01	0.010	-0.0008614	-0.0007796	-0.0006934	-0.0005987	-0.0004955	-0.0003847	-0.0002683	-0.0001455	-0.0000197	+0.0001104	+0.0002402	+0.0003680	+0.0004883	+0.0006019	+0.0007090	+0.0008068	+0.0008986	+0.0009835	+0.0010620	+0.0011375	+0.0012073
2012-02	0.013	-0.0008488	-0.0007662	-0.0006739	-0.0005792	-0.0004778	-0.0003707	-0.0002577	-0.0001382	-0.0000129	+0.0001156	+0.0002449	+0.0003697	+0.0004915	+0.0006089	+0.0007172	+0.0008167	+0.0009081	+0.0009911	+0.0010693	+0.0011413	+0.0012136
2012-03	-0.008	-0.0010302	-0.0009153	-0.0007933	-0.0006602	-0.0005208	-0.0003763	-0.0002214	-0.0000651	+0.0000942	+0.0002587	+0.0004225	+0.0005780	+0.0007201	+0.0008526	+0.0009720	+0.0010804	+0.0011778	+0.0012677	+0.0013518	+0.0014272	+0.0014995
2012-04	0.003	-0.0008743	-0.0007924	-0.0007073	-0.0006174	-0.0005141	-0.0004086	-0.0002975	-0.0001813	-0.0000617	+0.0000601	+0.0001847	+0.0003098	+0.0004314	+0.0005437	+0.0006490	+0.0007478	+0.0008379	+0.0009234	+0.0010030	+0.0010796	+0.0011512
2012-05	0.007	-0.0008092	-0.0007381	-0.0006571	-0.0005724	-0.0004773	-0.0003781	-0.0002729	-0.0001628	-0.0000493	+0.0000685	+0.0001880	+0.0003051	+0.0004181	+0.0005225	+0.0006209	+0.0007128	+0.0008018	+0.0008820	+0.0009561	+0.0010262	+0.0010889
2012-06	0.003	-0.0007351	-0.0006595	-0.0005735	-0.0004889	-0.0004057	-0.0003187	-0.0002254	-0.0001247	-0.0000185	+0.0000902	+0.0002005	+0.0003081	+0.0004103	+0.0005067	+0.0005978	+0.0006816	+0.0007566	+0.0008266	+0.0008921	+0.0009526	+0.0010094
2012-07	0.024	-0.0006427	-0.0005833	-0.0005228	-0.0004577	-0.0003886	-0.0003155	-0.0002371	-0.0001558	-0.0000699	+0.0000193	+0.0001115	+0.0002028	+0.0002899	+0.0003714	+0.0004474	+0.0005172	+0.0005812	+0.0006400	+0.0006937	+0.0007437	+0.0007905
2012-08	0.002	-0.0009896	-0.0008719	-0.0007395	-0.0006054	-0.0004623	-0.0003198	-0.0001625	-0.0000051	+0.0001526	+0.0003048	+0.0004500	+0.0005886	+0.0007126	+0.0008227	+0.0009175	+0.0009986	+0.0010703	+0.0011368	+0.0011947	+0.0012436	+0.0012888
2012-09	0.004	-0.0008247	-0.0007296	-0.0006231	-0.0005070	-0.0003948	-0.0002740	-0.0001543	-0.0000261	+0.0001073	+0.0002381	+0.0003647	+0.0004840	+0.0005899	+0.0006847	+0.0007715	+0.0008471	+0.0009156	+0.0009780	+0.0010366	+0.0010892	+0.0011373
2012-10	0.010	-0.0007462	-0.0006601	-0.0005656	-0.0004668	-0.0003678	-0.0002613	-0.0001503	-0.0000404	+0.0000751	+0.0001902	+0.0003006	+0.0004050	+0.0005017	+0.0005909	+0.0006697	+0.0007420	+0.0008073	+0.0008671	+0.0009223	+0.0009727	+0.0010194
2012-11	-0.003	-0.0007047	-0.0006229	-0.0005379	-0.0004474	-0.0003485	-0.0002442	-0.0001319	-0.0000191	+0.0000941	+0.0002083	+0.0003194	+0.0004236	+0.0005200	+0.0006081	+0.0006866	+0.0007568	+0.0008206	+0.0008795	+0.0009326	+0.0009817	+0.0010303
2012-12	0.003	-0.0007557	-0.0006637	-0.0005708	-0.0004637	-0.0003527	-0.0002432	-0.0001267	-0.0000068	+0.0001172	+0.0002399	+0.0003580	+0.0004688	+0.0005698	+0.0006575	+0.0007335	+0.0007988	+0.0008551	+0.0009057	+0.0009513	+0.0009941	+0.0010320
2013-01	-0.011	-0.0007107	-0.0006294	-0.0005405	-0.0004443	-0.0003391	-0.0002298	-0.0001184	-0.0000078	+0.0001028	+0.0002157	+0.0003231	+0.0004249	+0.0005161	+0.0005977	+0.0006686	+0.0007309	+0.0007858	+0.0008349	+0.0008790	+0.0009190	+0.0009529
2013-02	0.006	-0.0005796	-0.0005202	-0.0004566	-0.0003877	-0.0003149	-0.0002418	-0.0001674	-0.0000900	-0.0000087	+0.0000736	+0.0001545	+0.0002332	+0.0003070	+0.0003753	+0.0004371	+0.0004942	+0.0005454	+0.0005904	+0.0006343	+0.0006760	+0.0007130
2013-03	0.003	-0.0006800	-0.0005957	-0.0005102	-0.0004288	-0.0003433	-0.0002558	-0.0001633	-0.0000698	+0.0000271	+0.0001234	+0.0002149	+0.0003021	+0.0003845	+0.0004589	+0.0005254	+0.0005842	+0.0006375	+0.0006851	+0.0007279	+0.0007656	+0.0008005
2013-04	0.019	-0.0004061	-0.0003693	-0.0003290	-0.0002870	-0.0002444	-0.0001985	-0.0001492	-0.0000957	-0.0000393	+0.0000187	+0.0000779	+0.0001362	+0.0001919	+0.0002446	+0.0002956	+0.0003433	+0.0003869	+0.0004268	+0.0004632	+0.0004986	+0.0005324
2013-05	-0.014	-0.0004817	-0.0004231	-0.0003563	-0.0002909	-0.0002265	-0.0001603	-0.0000899	-0.0000166	+0.0000585	+0.0001350	+0.0002102	+0.0002824	+0.0003493	+0.0004110	+0.0004682	+0.0005185	+0.0005645	+0.0006083	+0.0006491	+0.0006873	+0.0007203
2013-06	-0.031	-0.0004212	-0.0003830	-0.0003446	-0.0003030	-0.0002603	-0.0002136	-0.0001640	-0.0001102	-0.0000521	+0.0000066	+0.0000667	+0.0001274	+0.0001858	+0.0002415	+0.0002945	+0.0003434	+0.0003881	+0.0004302	+0.0004701	+0.0005044	+0.0005359
2013-07	0.013	-0.0008971	-0.0008478	-0.0007963	-0.0007409	-0.0006803	-0.0006160	-0.0005458	-0.0004688	-0.0003864	-0.0002959	-0.0002014	-0.0001016	-0.0000020	+0.0000938	+0.0001856	+0.0002732	+0.0003596	+0.0004367	+0.0005133	+0.0005887	+0.0006578
2013-08	-0.008	-0.0007329	-0.0006836	-0.0006308	-0.0005758	-0.0005193	-0.0004594	-0.0003933	-0.0003220	-0.0002460	-0.0001662	-0.0000847	-0.0000027	+0.0000758	+0.0001506	+0.0002218	+0.0002900	+0.0003528	+0.0004099	+0.0004635	+0.0005159	+0.0005652
2013-09	0.003	-0.0007860	-0.0007365	-0.0006859	-0.0006311	-0.0005721	-0.0005083	-0.0004390	-0.0003657	-0.0002877	-0.0002063	-0.0001220	-0.0000381	+0.0000440	+0.0001225	+0.0001977	+0.0002669	+0.0003319	+0.0003924	+0.0004482	+0.0005046	+0.0005623
2013-10	0.012	-0.0007054	-0.0006536	-0.0006001	-0.0005443	-0.0004846	-0.0004212	-0.0003537	-0.0002812	-0.0002041	-0.0001248	-0.0000439	+0.0000353	+0.0001113	+0.0001823	+0.0002494	+0.0003119	+0.0003701	+0.0004241	+0.0004733	+0.0005215	+0.0005651
2013-11	-0.004	-0.0006687	-0.0006218	-0.0005726	-0.0005189	-0.0004613	-0.0004000	-0.0003338	-0.0002641	-0.0001900	-0.0001140	-0.0000361	+0.0000413	+0.0001171	+0.0001898	+0.0002575	+0.0003188	+0.0003763	+0.0004308	+0.0004812	+0.0005279	+0.0005712
2013-12	-0.002	-0.0007185	-0.0006624	-0.0006054	-0.0005468	-0.0004877	-0.0004249	-0.0003576	-0.0002860	-0.0002100	-0.0001324	-0.0000533	+0.0000264	+0.0001038	+0.0001779	+0.0002470	+0.0003132	+0.0003743	+0.0004335	+0.0004899	+0.0005402	+0.0005860
2014-01	0.013	-0.0009126	-0.0008644	-0.0008121	-0.0007568	-0.0006968	-0.0006291	-0.0005564	-0.0004775	-0.0003933	-0.0003058	-0.0002133	-0.0001186	-0.0000246	+0.0000654	+0.0001517	+0.0002341	+0.0003134	+0.0003889	+0.0004637	+0.0005372	+0.0006073
2014-02	0.009	-0.0006271	-0.0005785	-0.0005285	-0.0004751	-0.0004180	-0.0003592	-0.0002956	-0.0002281	-0.0001568	-0.0000826	-0.0000066	+0.0000701	+0.0001437	+0.0002132	+0.0002775	+0.0003366	+0.0003915	+0.0004426	+0.0004881	+0.0005304	+0.0005688
2014-03	0.000	-0.0005554	-0.0004899	-0.0004210	-0.0003509	-0.0002762	-0.0002013	-0.0001247	-0.0000428	+0.0000426	+0.0001286	+0.0002134	+0.0002958	+0.0003724	+0.0004407	+0.0005033	+0.0005593	+0.0006103	+0.0006569	+0.0007011	+0.0007420	+0.0007833
2014-04	0.010	-0.0004887	-0.0004362	-0.0003763	-0.0003181	-0.0002575	-0.0001900	-0.0001221	-0.0000507	+0.0000235	+0.0000978	+0.0001715	+0.0002422	+0.0003087	+0.0003691	+0.0004261	+0.0004780	+0.0005242	+0.0005664	+0.0006066	+0.0006456	+0.0006811
2014-05	0.010	-0.0006399	-0.0005610	-0.0004762	-0.0003867	-0.0002995	-0.0002090	-0.0001115	-0.0000085	+0.0000933	+0.0001929	+0.0002890	+0.0003789	+0.0004604	+0.0005335	+0.0005964	+0.0006509	+0.0006985	+0.0007417	+0.0007813	+0.0008158	+0.0008499
2014-06	0.001	-0.0007301	-0.0006345	-0.0005303	-0.0004328	-0.0003297	-0.0002196	-0.0001045	+0.0000100	+0.0001270	+0.0002380	+0.0003450	+0.0004500	+0.0005414	+0.0006170	+0.0006797	+0.0007335	+0.0007808	+0.0008227	+0.0008631	+0.0009000	+0.0009349
2014-07	0.001	-0.0005764	-0.0004942	-0.0004150	-0.0003337	-0.0002533	-0.0001687	-0.0000803	+0.0000096	+0.0000985	+0.0001859	+0.0002725	+0.0003527	+0.0004257	+0.0004889	+0.0005449	+0.0005950	+0.0006400	+0.0006799	+0.0007165	+0.0007514	+0.0007828
2014-08	0.010	-0.0006750	-0.0005854	-0.0004965	-0.0004056	-0.0003156	-0.0002159	-0.0001130	-0.0000076	+0.0000995	+0.0002013	+0.0002993	+0.0003923	+0.0004756	+0.0005456	+0.0006035	+0.0006535	+0.0006972	+0.0007364	+0.0007724	+0.0008054	+0.0008363
2014-09	-0.008	-0.0007640	-0.0006707	-0.0005614	-0.0004506	-0.0003434	-0.0002262	-0.0001146	-0.0000068	+0.0001146	+0.0002351	+0.0003398	+0.0004475	+0.0005489	+0.0006253	+0.0006844	+0.0007340	+0.0007776	+0.0008155	+0.0008500	+0.0008824	+0.0009109
2014-10	0.005	-0.0005157	-0.0004569	-0.0003941	-0.0003249	-0.0002508	-0.0001783	-0.0001028	-0.0000233	+0.0000573	+0.0001358	+0.0002117	+0.0002845	+0.0003512	+0.0004101	+0.0004610	+0.0005065	+0.0005489	+0.0005886	+0.0006254	+0.0006578	+0.0006883
2014-11	0.004	-0.0004961	-0.0004374	-0.0003743	-0.0003087	-0.0002404	-0.0001687	-0.0000953	-0.0000223	+0.0000507	+0.0001247	+0.0001968	+0.0002649	+0.0003276	+0.0003836	+0.0004335	+0.0004791	+0.0005198	+0.0005565	+0.0005899	+0.0006219	+0.0006519
2014-12	0.000	-0.0005028	-0.0004437	-0.0003789	-0.0003134	-0.0002451	-0.0001711	-0.0000940	-0.0000143	+0.0000654	+0.0001447	+0.0002239	+0.0002979	+0.0003656	+0.0004263	+0.0004795	+0.0005274	+0.0005712	+0.0006104	+0.0006463	+0.0006783	+0.0007051
2015-01	0.020	-0.0004038	-0.0003596	-0.0003130	-0.0002656	-0.0002141	-0.0001587	-0.0001026	-0.0000427	+0.0000179	+0.0000807	+0.0001413	+0.0002007	+0.0002578	+0.0003117	+0.0003612	+0.0004070	+0.0004483	+0.0004853	+0.0005193	+0.0005496	+0.0005788
2015-02	-0.001	-0.0005376	-0.0004736	-0.0004022	-0.0003271	-0.0002517	-0.0001739	-0.0000909	-0.0000046	+0.0000806	+0.0001643	+0.0002473	+0.0003257	+0.0003978	+0.0004629	+0.0005198	+0.0005701	+0.0006158	+0.0006576	+0.0006956	+0.0007282	+0.0007607
