2011-09	-0.042	-0.0018714	-0.0017390	-0.0016031	-0.0014591	-0.0013046	-0.0011403	-0.0009626	-0.0007691	-0.0005634	-0.0003515	-0.0001361	+0.0000788	+0.0002858	+0.0004821	+0.0006660	+0.0008388	+0.0010025	+0.0011484	+0.0012869	+0.0014184	+0.0015406
2011-10	0.052	-0.0021778	-0.0020324	-0.0018870	-0.0017305	-0.0015656	-0.0013868	-0.0011943	-0.0009852	-0.0007575	-0.0005167	-0.0002676	-0.0000197	+0.0002175	+0.0004424	+0.0006543	+0.0008486	+0.0010275	+0.0011973	+0.0013574	+0.0015125	+0.0016623
2011-11	-0.011	-0.0018882	-0.0017426	-0.0015836	-0.0014200	-0.0012520	-0.0010729	-0.0008778	-0.0006666	-0.0004448	-0.0002120	+0.0000258	+0.0002665	+0.0004971	+0.0007171	+0.0009236	+0.0011127	+0.0012917	+0.0014610	+0.0016197	+0.0017721	+0.0019026
2011-12	0.009	-0.0021402	-0.0020089	-0.0018634	-0.0017025	-0.0015336	-0.0013565	-0.0011645	-0.0009587	-0.0007411	-0.0005155	-0.0002823	-0.0000512	+0.0001788	+0.0003982	+0.0006025	+0.0007945	+0.0009727	+0.0011392	+0.0012900	+0.0014339	+0.0015758
2012-01	-0.003	-0.0017501	-0.0016152	-0.0014694	-0.0013180	-0.0011619	-0.0009962	-0.0008173	-0.0006289	-0.0004316	-0.0002276	-0.0000118	+0.0002047	+0.0004134	+0.0006051	+0.0007829	+0.0009504	+0.0011147	+0.0012678	+0.0014104	+0.0015412	+0.0016664
2012-02	0.071	-0.0019109	-0.0017862	-0.0016545	-0.0015111	-0.0013505	-0.0011833	-0.0010023	-0.0008051	-0.0005974	-0.0003853	-0.0001679	+0.0000491	+0.0002589	+0.0004576	+0.0006430	+0.0008189	+0.0009827	+0.0011319	+0.0012777	+0.0014116	+0.0015331
2012-03	0.018	-0.0016212	-0.0014848	-0.0013379	-0.0011776	-0.0010064	-0.0008163	-0.0006138	-0.0004046	-0.0001840	+0.0000446	+0.0002795	+0.0005109	+0.0007349	+0.0009450	+0.0011430	+0.0013249	+0.0014963	+0.0016546	+0.0018015	+0.0019385	+0.0020683
2012-04	-0.003	-0.0019451	-0.0017520	-0.0015420	-0.0013305	-0.0011048	-0.0008682	-0.0006165	-0.0003486	-0.0000717	+0.0002113	+0.0004893	+0.0007613	+0.0010247	+0.0012727	+0.0015043	+0.0017120	+0.0018975	+0.0020693	+0.0022283	+0.0023724	+0.0025135
2012-05	-0.045	-0.0018105	-0.0016206	-0.0014136	-0.0011976	-0.0009786	-0.0007478	-0.0004977	-0.0002428	+0.0000189	+0.0002895	+0.0005632	+0.0008272	+0.0010728	+0.0013015	+0.0015191	+0.0017134	+0.0018901	+0.0020535	+0.0022104	+0.0023537	+0.0024815
2012-06	0.026	-0.0017697	-0.0015603	-0.0013554	-0.0011398	-0.0009198	-0.0006897	-0.0004481	-0.0001990	+0.0000619	+0.0003320	+0.0005968	+0.0008571	+0.0011012	+0.0013229	+0.0015252	+0.0017120	+0.0018889	+0.0020528	+0.0022111	+0.0023545	+0.0024903
2012-07	0.019	-0.0014149	-0.0012820	-0.0011429	-0.0009924	-0.0008271	-0.0006545	-0.0004715	-0.0002713	-0.0000609	+0.0001564	+0.0003730	+0.0005839	+0.0007872	+0.0009819	+0.0011634	+0.0013336	+0.0014893	+0.0016347	+0.0017720	+0.0019001	+0.0020214
2012-08	0.015	-0.0017601	-0.0015667	-0.0013527	-0.0011455	-0.0009230	-0.0006915	-0.0004448	-0.0001931	+0.0000722	+0.0003350	+0.0005928	+0.0008425	+0.0010761	+0.0012950	+0.0014940	+0.0016684	+0.0018311	+0.0019804	+0.0021279	+0.0022624	+0.0023803
2012-09	-0.003	-0.0018507	-0.0016230	-0.0014028	-0.0011777	-0.0009224	-0.0006697	-0.0004036	-0.0001213	+0.0001641	+0.0004409	+0.0007137	+0.0009792	+0.0012282	+0.0014530	+0.0016523	+0.0018311	+0.0019955	+0.0021523	+0.0022930	+0.0024151	+0.0025306
2012-10	0.030	-0.0017853	-0.0015633	-0.0013410	-0.0011164	-0.0008767	-0.0006348	-0.0003892	-0.0001311	+0.0001318	+0.0003919	+0.0006459	+0.0008871	+0.0011171	+0.0013271	+0.0015154	+0.0016917	+0.0018521	+0.0019935	+0.0021202	+0.0022399	+0.0023513
2012-11	0.033	-0.0013705	-0.0012309	-0.0010942	-0.0009494	-0.0007986	-0.0006361	-0.0004685	-0.0002919	-0.0001049	+0.0000898	+0.0002852	+0.0004782	+0.0006664	+0.0008448	+0.0010083	+0.0011562	+0.0012932	+0.0014199	+0.0015418	+0.0016627	+0.0017712
2012-12	0.053	-0.0011452	-0.0010227	-0.0008927	-0.0007492	-0.0006035	-0.0004431	-0.0002739	-0.0000929	+0.0000972	+0.0002909	+0.0004847	+0.0006779	+0.0008613	+0.0010353	+0.0011940	+0.0013433	+0.0014802	+0.0016049	+0.0017190	+0.0018269	+0.0019246
2013-01	0.039	-0.0019877	-0.0017328	-0.0014746	-0.0012192	-0.0009307	-0.0006310	-0.0003229	-0.0000107	+0.0003163	+0.0006298	+0.0009319	+0.0012160	+0.0014705	+0.0016855	+0.0018736	+0.0020423	+0.0021912	+0.0023275	+0.0024589	+0.0025717	+0.0026706
2013-02	0.006	-0.0031936	-0.0028070	-0.0023441	-0.0018655	-0.0014147	-0.0009212	-0.0004008	+0.0000835	+0.0006159	+0.0011047	+0.0015342	+0.0020054	+0.0024335	+0.0027326	+0.0029649	+0.0031617	+0.0033371	+0.0034938	+0.0036343	+0.0037673	+0.0038860
2013-03	0.010	-0.0026619	-0.0023377	-0.0019724	-0.0015908	-0.0012279	-0.0008158	-0.0004014	-0.0000007	+0.0004405	+0.0008711	+0.0012756	+0.0016675	+0.0020149	+0.0023008	+0.0025349	+0.0027314	+0.0029101	+0.0030703	+0.0032128	+0.0033419	+0.0034586
2013-04	0.054	-0.0028338	-0.0025056	-0.0021122	-0.0017197	-0.0013434	-0.0009239	-0.0005140	-0.0000780	+0.0003837	+0.0008225	+0.0012262	+0.0016237	+0.0019811	+0.0022790	+0.0025225	+0.0027363	+0.0029196	+0.0030847	+0.0032332	+0.0033669	+0.0034956
2013-05	0.007	-0.0037454	-0.0033016	-0.0027827	-0.0022701	-0.0017374	-0.0011787	-0.0006156	-0.0000489	+0.0005317	+0.0010769	+0.0016200	+0.0021325	+0.0025758	+0.0029505	+0.0032748	+0.0035617	+0.0038089	+0.0040273	+0.0042333	+0.0044279	+0.0046038
2013-06	-0.077	-0.0037106	-0.0032343	-0.0027275	-0.0022504	-0.0017505	-0.0012265	-0.0006973	-0.0001237	+0.0004543	+0.0010114	+0.0015499	+0.0020634	+0.0025202	+0.0029131	+0.0032468	+0.0035389	+0.0038035	+0.0040445	+0.0042575	+0.0044495	+0.0046320
2013-07	0.011	-0.0024248	-0.0021464	-0.0018754	-0.0015939	-0.0012972	-0.0009942	-0.0006729	-0.0003274	+0.0000326	+0.0004073	+0.0007821	+0.0011484	+0.0015007	+0.0018389	+0.0021489	+0.0024321	+0.0027041	+0.0029482	+0.0031709	+0.0033752	+0.0035643
2013-08	-0.022	-0.0025187	-0.0022774	-0.0020130	-0.0017427	-0.0014537	-0.0011435	-0.0008114	-0.0004683	-0.0001063	+0.0002721	+0.0006555	+0.0010410	+0.0014048	+0.0017482	+0.0020712	+0.0023725	+0.0026392	+0.0028768	+0.0031040	+0.0033135	+0.0035177
2013-09	0.018	-0.0024186	-0.0022467	-0.0020614	-0.0018535	-0.0016370	-0.0014053	-0.0011575	-0.0008863	-0.0005964	-0.0002867	+0.0000304	+0.0003447	+0.0006540	+0.0009510	+0.0012336	+0.0015036	+0.0017499	+0.0019803	+0.0021939	+0.0024086	+0.0026237
2013-10	0.023	-0.0024937	-0.0023052	-0.0021142	-0.0019147	-0.0016939	-0.0014601	-0.0012131	-0.0009451	-0.0006572	-0.0003526	-0.0000421	+0.0002717	+0.0005834	+0.0008821	+0.0011659	+0.0014256	+0.0016689	+0.0018981	+0.0021167	+0.0023276	+0.0025256
2013-11	0.014	-0.0023018	-0.0021314	-0.0019545	-0.0017563	-0.0015450	-0.0013187	-0.0010763	-0.0008162	-0.0005359	-0.0002426	+0.0000597	+0.0003694	+0.0006656	+0.0009488	+0.0012125	+0.0014670	+0.0017001	+0.0019223	+0.0021246	+0.0023078	+0.0024782
2013-12	0.028	-0.0021383	-0.0019620	-0.0017748	-0.0015655	-0.0013470	-0.0011300	-0.0008964	-0.0006444	-0.0003727	-0.0000850	+0.0002148	+0.0005151	+0.0008080	+0.0010901	+0.0013586	+0.0016148	+0.0018513	+0.0020654	+0.0022601	+0.0024520	+0.0026400
2014-01	-0.024	-0.0020408	-0.0018764	-0.0017107	-0.0015383	-0.0013510	-0.0011532	-0.0009447	-0.0007154	-0.0004743	-0.0002236	+0.0000295	+0.0002857	+0.0005321	+0.0007603	+0.0009748	+0.0011718	+0.0013550	+0.0015244	+0.0016781	+0.0018202	+0.0019511
2014-02	0.005	-0.0020027	-0.0018401	-0.0016786	-0.0015117	-0.0013355	-0.0011501	-0.0009528	-0.0007408	-0.0005209	-0.0002924	-0.0000540	+0.0001823	+0.0004111	+0.0006273	+0.0008238	+0.0010087	+0.0011845	+0.0013504	+0.0015100	+0.0016679	+0.0018169
2014-03	0.016	-0.0014598	-0.0013388	-0.0012036	-0.0010613	-0.0009075	-0.0007411	-0.0005656	-0.0003784	-0.0001830	+0.0000198	+0.0002303	+0.0004353	+0.0006342	+0.0008237	+0.0009998	+0.0011607	+0.0013081	+0.0014419	+0.0015672	+0.0016853	+0.0017981
2014-04	0.008	-0.0014122	-0.0012741	-0.0011269	-0.0009685	-0.0008004	-0.0006295	-0.0004496	-0.0002623	-0.0000705	+0.0001271	+0.0003267	+0.0005222	+0.0007102	+0.0008863	+0.0010511	+0.0012064	+0.0013476	+0.0014767	+0.0015937	+0.0017057	+0.0018058
2014-05	0.015	-0.0014929	-0.0013118	-0.0011325	-0.0009487	-0.0007466	-0.0005512	-0.0003490	-0.0001357	+0.0000856	+0.0003099	+0.0005301	+0.0007394	+0.0009324	+0.0011127	+0.0012769	+0.0014259	+0.0015592	+0.0016829	+0.0017957	+0.0018978	+0.0019953
2014-06	-0.001	-0.0013618	-0.0011977	-0.0010195	-0.0008334	-0.0006490	-0.0004617	-0.0002614	-0.0000503	+0.0001567	+0.0003670	+0.0005761	+0.0007814	+0.0009671	+0.0011340	+0.0012872	+0.0014232	+0.0015459	+0.0016580	+0.0017624	+0.0018578	+0.0019452
2014-07	0.018	-0.0012196	-0.0010874	-0.0009458	-0.0007866	-0.0006267	-0.0004594	-0.0002906	-0.0001160	+0.0000659	+0.0002516	+0.0004371	+0.0006185	+0.0007888	+0.0009438	+0.0010866	+0.0012157	+0.0013300	+0.0014386	+0.0015380	+0.0016293	+0.0017167
2014-08	0.011	-0.0011744	-0.0010256	-0.0008744	-0.0007328	-0.0005880	-0.0004325	-0.0002734	-0.0001082	+0.0000630	+0.0002419	+0.0004202	+0.0005938	+0.0007580	+0.0009046	+0.0010373	+0.0011561	+0.0012656	+0.0013693	+0.0014614	+0.0015451	+0.0016211
2014-09	0.033	-0.0010888	-0.0009724	-0.0008518	-0.0007218	-0.0005837	-0.0004432	-0.0002966	-0.0001444	+0.0000165	+0.0001831	+0.0003512	+0.0005119	+0.0006640	+0.0008042	+0.0009317	+0.0010460	+0.0011509	+0.0012442	+0.0013308	+0.0014127	+0.0014915
2014-10	0.006	-0.0016286	-0.0014205	-0.0011889	-0.0009665	-0.0007436	-0.0004863	-0.0002125	+0.0000510	+0.0003201	+0.0005877	+0.0008315	+0.0010712	+0.0012900	+0.0014614	+0.0015975	+0.0017091	+0.0018075	+0.0018954	+0.0019752	+0.0020473	+0.0021119
2014-11	0.063	-0.0015815	-0.0013773	-0.0011650	-0.0009410	-0.0007227	-0.0004940	-0.0002455	-0.0000008	+0.0002544	+0.0004959	+0.0007230	+0.0009443	+0.0011417	+0.0013028	+0.0014409	+0.0015600	+0.0016711	+0.0017721	+0.0018649	+0.0019505	+0.0020261
2014-12	0.001	-0.0022104	-0.0019188	-0.0016218	-0.0013253	-0.0010133	-0.0006648	-0.0003228	+0.0000119	+0.0003642	+0.0007048	+0.0010121	+0.0013194	+0.0015890	+0.0018043	+0.0019841	+0.0021409	+0.0022747	+0.0023918	+0.0025043	+0.0026065	+0.0027039
2015-01	-0.007	-0.0023322	-0.0020188	-0.0017489	-0.0014651	-0.0011369	-0.0007794	-0.0004276	-0.0000669	+0.0002836	+0.0006411	+0.0009803	+0.0013087	+0.0016124	+0.0018799	+0.0021103	+0.0023108	+0.0024902	+0.0026618	+0.0028226	+0.0029684	+0.0031034
2015-02	0.003	-0.0019662	-0.0017686	-0.0015340	-0.0012714	-0.0009984	-0.0007153	-0.0004185	-0.0001214	+0.0001826	+0.0004870	+0.0007866	+0.0010742	+0.0013436	+0.0015923	+0.0018123	+0.0020132	+0.0021947	+0.0023616	+0.0025114	+0.0026459	+0.0027729
