2011-09	-0.059	-0.0018364	-0.0016710	-0.0015038	-0.0013157	-0.0011228	-0.0009115	-0.0006924	-0.0004568	-0.0002118	+0.0000421	+0.0002977	+0.0005532	+0.0007988	+0.0010328	+0.0012516	+0.0014494	+0.0016353	+0.0018050	+0.0019600	+0.0020996	+0.0022306
2011-10	0.061	-0.0021516	-0.0019888	-0.0018237	-0.0016510	-0.0014707	-0.0012698	-0.0010576	-0.0008295	-0.0005875	-0.0003308	-0.0000710	+0.0001825	+0.0004269	+0.0006594	+0.0008755	+0.0010775	+0.0012663	+0.0014438	+0.0016093	+0.0017648	+0.0019189
2011-11	-0.031	-0.0020178	-0.0018454	-0.0016624	-0.0014679	-0.0012723	-0.0010610	-0.0008366	-0.0005965	-0.0003366	-0.0000639	+0.0002091	+0.0004766	+0.0007361	+0.0009823	+0.0012144	+0.0014344	+0.0016417	+0.0018288	+0.0020046	+0.0021639	+0.0023179
2011-12	0.012	-0.0024209	-0.0022512	-0.0020766	-0.0018956	-0.0017025	-0.0014978	-0.0012800	-0.0010458	-0.0007957	-0.0005364	-0.0002716	-0.0000020	+0.0002592	+0.0005069	+0.0007414	+0.0009630	+0.0011672	+0.0013498	+0.0015122	+0.0016679	+0.0018078
2012-01	0.014	-0.0020893	-0.0019355	-0.0017838	-0.0016198	-0.0014424	-0.0012473	-0.0010370	-0.0008142	-0.0005788	-0.0003294	-0.0000771	+0.0001782	+0.0004295	+0.0006695	+0.0008925	+0.0011051	+0.0013044	+0.0014917	+0.0016743	+0.0018438	+0.0020083
2012-02	0.063	-0.0019580	-0.0018118	-0.0016648	-0.0015146	-0.0013552	-0.0011851	-0.0009921	-0.0007830	-0.0005600	-0.0003327	-0.0000989	+0.0001349	+0.0003627	+0.0005783	+0.0007773	+0.0009623	+0.0011337	+0.0012945	+0.0014457	+0.0015924	+0.0017328
2012-03	0.000	-0.0017084	-0.0015665	-0.0014138	-0.0012485	-0.0010752	-0.0008898	-0.0006885	-0.0004717	-0.0002409	-0.0000017	+0.0002359	+0.0004729	+0.0007041	+0.0009239	+0.0011338	+0.0013279	+0.0015055	+0.0016702	+0.0018255	+0.0019676	+0.0020971
2012-04	-0.002	-0.0018019	-0.0016431	-0.0014769	-0.0013005	-0.0011098	-0.0009087	-0.0006988	-0.0004792	-0.0002464	-0.0000022	+0.0002498	+0.0005008	+0.0007493	+0.0009913	+0.0012132	+0.0014132	+0.0016030	+0.0017847	+0.0019506	+0.0021054	+0.0022459
2012-05	-0.056	-0.0018220	-0.0016658	-0.0014981	-0.0013169	-0.0011180	-0.0009038	-0.0006752	-0.0004365	-0.0001867	+0.0000710	+0.0003289	+0.0005896	+0.0008418	+0.0010771	+0.0013006	+0.0015065	+0.0016989	+0.0018781	+0.0020491	+0.0022093	+0.0023577
2012-06	0.023	-0.0017632	-0.0015768	-0.0013789	-0.0011821	-0.0009735	-0.0007556	-0.0005236	-0.0002821	-0.0000303	+0.0002311	+0.0004928	+0.0007528	+0.0009999	+0.0012365	+0.0014566	+0.0016648	+0.0018561	+0.0020341	+0.0022026	+0.0023646	+0.0025266
2012-07	0.018	-0.0014470	-0.0013257	-0.0011953	-0.0010561	-0.0009080	-0.0007500	-0.0005791	-0.0003976	-0.0002013	+0.0000056	+0.0002184	+0.0004307	+0.0006366	+0.0008336	+0.0010165	+0.0011846	+0.0013413	+0.0014920	+0.0016362	+0.0017714	+0.0018977
2012-08	0.006	-0.0015582	-0.0014090	-0.0012450	-0.0010702	-0.0008957	-0.0007093	-0.0005044	-0.0002873	-0.0000679	+0.0001586	+0.0003846	+0.0006081	+0.0008211	+0.0010234	+0.0012112	+0.0013848	+0.0015449	+0.0016883	+0.0018239	+0.0019512	+0.0020672
2012-09	0.008	-0.0015168	-0.0013642	-0.0011993	-0.0010326	-0.0008489	-0.0006477	-0.0004451	-0.0002327	-0.0000084	+0.0002232	+0.0004553	+0.0006781	+0.0008890	+0.0010879	+0.0012723	+0.0014381	+0.0015943	+0.0017401	+0.0018714	+0.0019954	+0.0021083
2012-10	0.012	-0.0014212	-0.0012863	-0.0011376	-0.0009814	-0.0008190	-0.0006427	-0.0004622	-0.0002691	-0.0000693	+0.0001340	+0.0003403	+0.0005458	+0.0007455	+0.0009326	+0.0011050	+0.0012634	+0.0014089	+0.0015462	+0.0016707	+0.0017838	+0.0018878
2012-11	0.033	-0.0013365	-0.0012377	-0.0011272	-0.0010158	-0.0008964	-0.0007714	-0.0006337	-0.0004879	-0.0003349	-0.0001718	-0.0000005	+0.0001697	+0.0003335	+0.0004893	+0.0006343	+0.0007702	+0.0009013	+0.0010218	+0.0011310	+0.0012356	+0.0013399
2012-12	0.045	-0.0010890	-0.0009890	-0.0008787	-0.0007663	-0.0006447	-0.0005152	-0.0003771	-0.0002303	-0.0000725	+0.0000883	+0.0002532	+0.0004181	+0.0005782	+0.0007304	+0.0008767	+0.0010102	+0.0011321	+0.0012477	+0.0013570	+0.0014562	+0.0015497
2013-01	0.039	-0.0015573	-0.0013498	-0.0011517	-0.0009564	-0.0007422	-0.0005249	-0.0002932	-0.0000639	+0.0001725	+0.0004090	+0.0006432	+0.0008676	+0.0010692	+0.0012514	+0.0014151	+0.0015631	+0.0016944	+0.0018156	+0.0019283	+0.0020341	+0.0021338
2013-02	0.003	-0.0027324	-0.0024192	-0.0020347	-0.0016010	-0.0012029	-0.0007929	-0.0003529	+0.0000701	+0.0005205	+0.0009451	+0.0013320	+0.0017281	+0.0020829	+0.0023543	+0.0025701	+0.0027555	+0.0029199	+0.0030683	+0.0031984	+0.0033177	+0.0034342
2013-03	0.023	-0.0020723	-0.0018200	-0.0015636	-0.0012770	-0.0009675	-0.0006452	-0.0003328	-0.0000032	+0.0003416	+0.0006828	+0.0010153	+0.0013202	+0.0015919	+0.0018353	+0.0020450	+0.0022294	+0.0023926	+0.0025401	+0.0026774	+0.0028045	+0.0029194
2013-04	0.049	-0.0026671	-0.0023075	-0.0019425	-0.0015961	-0.0012391	-0.0008410	-0.0004518	-0.0000516	+0.0003795	+0.0007913	+0.0011659	+0.0015325	+0.0018764	+0.0021594	+0.0023892	+0.0025784	+0.0027454	+0.0028968	+0.0030303	+0.0031568	+0.0032760
2013-05	-0.015	-0.0033968	-0.0029900	-0.0025282	-0.0020490	-0.0015549	-0.0010459	-0.0005245	-0.0000112	+0.0005148	+0.0010322	+0.0015352	+0.0020070	+0.0024167	+0.0027726	+0.0030766	+0.0033411	+0.0035768	+0.0037825	+0.0039680	+0.0041483	+0.0043165
2013-06	-0.067	-0.0029760	-0.0026114	-0.0022159	-0.0018116	-0.0014152	-0.0009886	-0.0005528	-0.0000958	+0.0003763	+0.0008390	+0.0012812	+0.0016881	+0.0020598	+0.0023980	+0.0026901	+0.0029430	+0.0031709	+0.0033815	+0.0035659	+0.0037364	+0.0039017
2013-07	0.001	-0.0021295	-0.0019067	-0.0016731	-0.0014233	-0.0011588	-0.0008825	-0.0005958	-0.0002926	+0.0000210	+0.0003465	+0.0006723	+0.0009856	+0.0012866	+0.0015723	+0.0018449	+0.0020925	+0.0023183	+0.0025305	+0.0027291	+0.0029069	+0.0030842
2013-08	-0.019	-0.0020832	-0.0018714	-0.0016614	-0.0014413	-0.0012087	-0.0009583	-0.0006912	-0.0004058	-0.0001105	+0.0001982	+0.0005083	+0.0008191	+0.0011215	+0.0014037	+0.0016709	+0.0019187	+0.0021376	+0.0023458	+0.0025317	+0.0027076	+0.0028612
2013-09	0.025	-0.0020226	-0.0018685	-0.0017126	-0.0015497	-0.0013809	-0.0011930	-0.0009896	-0.0007683	-0.0005332	-0.0002870	-0.0000303	+0.0002253	+0.0004779	+0.0007198	+0.0009448	+0.0011516	+0.0013469	+0.0015361	+0.0017220	+0.0019111	+0.0020800
2013-10	0.014	-0.0020795	-0.0019151	-0.0017538	-0.0015950	-0.0014209	-0.0012353	-0.0010364	-0.0008254	-0.0006001	-0.0003601	-0.0001077	+0.0001465	+0.0003935	+0.0006286	+0.0008550	+0.0010639	+0.0012603	+0.0014449	+0.0016199	+0.0017800	+0.0019380
2013-11	0.008	-0.0018724	-0.0017323	-0.0015867	-0.0014265	-0.0012586	-0.0010821	-0.0008857	-0.0006716	-0.0004484	-0.0002124	+0.0000299	+0.0002750	+0.0005075	+0.0007288	+0.0009422	+0.0011484	+0.0013436	+0.0015220	+0.0016853	+0.0018419	+0.0019926
2013-12	0.009	-0.0018219	-0.0016906	-0.0015513	-0.0014002	-0.0012397	-0.0010644	-0.0008726	-0.0006640	-0.0004484	-0.0002214	+0.0000183	+0.0002600	+0.0004980	+0.0007250	+0.0009399	+0.0011381	+0.0013190	+0.0014931	+0.0016572	+0.0018126	+0.0019577
2014-01	-0.024	-0.0018176	-0.0017019	-0.0015766	-0.0014409	-0.0012949	-0.0011406	-0.0009764	-0.0008036	-0.0006208	-0.0004271	-0.0002262	-0.0000251	+0.0001668	+0.0003492	+0.0005165	+0.0006738	+0.0008189	+0.0009569	+0.0010886	+0.0012089	+0.0013304
2014-02	0.006	-0.0018231	-0.0017027	-0.0015810	-0.0014550	-0.0013163	-0.0011674	-0.0010063	-0.0008346	-0.0006487	-0.0004525	-0.0002519	-0.0000490	+0.0001505	+0.0003424	+0.0005209	+0.0006923	+0.0008578	+0.0010143	+0.0011564	+0.0012916	+0.0014130
2014-03	0.023	-0.0012235	-0.0011285	-0.0010252	-0.0009149	-0.0007961	-0.0006699	-0.0005369	-0.0003934	-0.0002380	-0.0000810	+0.0000797	+0.0002419	+0.0004003	+0.0005486	+0.0006872	+0.0008193	+0.0009415	+0.0010553	+0.0011666	+0.0012716	+0.0013662
2014-04	0.005	-0.0012471	-0.0011296	-0.0010092	-0.0008848	-0.0007475	-0.0006069	-0.0004502	-0.0002842	-0.0001118	+0.0000626	+0.0002369	+0.0004111	+0.0005776	+0.0007363	+0.0008845	+0.0010208	+0.0011443	+0.0012593	+0.0013666	+0.0014664	+0.0015583
2014-05	0.008	-0.0012529	-0.0011146	-0.0009757	-0.0008285	-0.0006808	-0.0005212	-0.0003554	-0.0001840	-0.0000072	+0.0001750	+0.0003604	+0.0005437	+0.0007175	+0.0008799	+0.0010262	+0.0011643	+0.0012930	+0.0014070	+0.0015165	+0.0016178	+0.0017144
2014-06	0.010	-0.0009950	-0.0008915	-0.0007810	-0.0006699	-0.0005528	-0.0004283	-0.0002955	-0.0001543	-0.0000042	+0.0001515	+0.0003082	+0.0004624	+0.0006100	+0.0007494	+0.0008801	+0.0010006	+0.0011115	+0.0012133	+0.0013082	+0.0013948	+0.0014735
2014-07	0.002	-0.0010768	-0.0009575	-0.0008382	-0.0007134	-0.0005854	-0.0004447	-0.0003024	-0.0001518	+0.0000055	+0.0001646	+0.0003207	+0.0004733	+0.0006224	+0.0007601	+0.0008874	+0.0010051	+0.0011135	+0.0012161	+0.0013100	+0.0014025	+0.0014928
2014-08	0.016	-0.0009685	-0.0008661	-0.0007565	-0.0006436	-0.0005303	-0.0004115	-0.0002915	-0.0001623	-0.0000294	+0.0001070	+0.0002472	+0.0003868	+0.0005231	+0.0006477	+0.0007622	+0.0008650	+0.0009611	+0.0010521	+0.0011357	+0.0012185	+0.0012973
2014-09	-0.001	-0.0009065	-0.0008138	-0.0007124	-0.0006039	-0.0004865	-0.0003637	-0.0002364	-0.0001044	+0.0000332	+0.0001731	+0.0003150	+0.0004531	+0.0005836	+0.0007016	+0.0008127	+0.0009193	+0.0010145	+0.0010997	+0.0011810	+0.0012545	+0.0013222
2014-10	0.006	-0.0011412	-0.0009973	-0.0008473	-0.0006940	-0.0005310	-0.0003529	-0.0001698	+0.0000208	+0.0002109	+0.0003968	+0.0005726	+0.0007377	+0.0008900	+0.0010255	+0.0011408	+0.0012419	+0.0013336	+0.0014176	+0.0014917	+0.0015606	+0.0016239
2014-11	0.056	-0.0011464	-0.0010134	-0.0008617	-0.0007105	-0.0005469	-0.0003862	-0.0002126	-0.0000377	+0.0001338	+0.0003065	+0.0004735	+0.0006322	+0.0007822	+0.0009185	+0.0010388	+0.0011460	+0.0012401	+0.0013255	+0.0014047	+0.0014773	+0.0015430
2014-12	-0.004	-0.0015753	-0.0013702	-0.0011768	-0.0009665	-0.0007478	-0.0005030	-0.0002719	-0.0000324	+0.0002137	+0.0004506	+0.0006774	+0.0008929	+0.0010850	+0.0012470	+0.0013852	+0.0015089	+0.0016175	+0.0017155	+0.0018028	+0.0018820	+0.0019565
2015-01	-0.042	-0.0014807	-0.0012960	-0.0011107	-0.0009219	-0.0007153	-0.0004939	-0.0002658	-0.0000390	+0.0001910	+0.0004211	+0.0006415	+0.0008481	+0.0010420	+0.0012131	+0.0013615	+0.0014956	+0.0016167	+0.0017269	+0.0018259	+0.0019125	+0.0019953
2015-02	0.013	-0.0011325	-0.0010128	-0.0008932	-0.0007709	-0.0006449	-0.0005062	-0.0003594	-0.0002023	-0.0000393	+0.0001241	+0.0002880	+0.0004496	+0.0006062	+0.0007556	+0.0008938	+0.0010248	+0.0011519	+0.0012674	+0.0013729	+0.0014735	+0.0015615
