2011-09	-0.003	-0.0061275	-0.0057429	-0.0053365	-0.0049171	-0.0044674	-0.0039614	-0.0034378	-0.0028671	-0.0022683	-0.0016387	-0.0010084	-0.0003777	+0.0002309	+0.0008229	+0.0013763	+0.0018916	+0.0023708	+0.0028089	+0.0032381	+0.0036079	+0.0039669
2011-10	0.002	-0.0065241	-0.0060932	-0.0056399	-0.0051760	-0.0046849	-0.0041481	-0.0035918	-0.0029998	-0.0023913	-0.0017616	-0.0011151	-0.0004715	+0.0001528	+0.0007538	+0.0013232	+0.0018386	+0.0023182	+0.0027552	+0.0031731	+0.0035963	+0.0040049
2011-11	-0.048	-0.0067761	-0.0063500	-0.0058903	-0.0054006	-0.0048869	-0.0043487	-0.0037882	-0.0031815	-0.0025399	-0.0018724	-0.0011823	-0.0004957	+0.0001807	+0.0008346	+0.0014572	+0.0020325	+0.0025895	+0.0031131	+0.0035911	+0.0040244	+0.0044845
2011-12	0.000	-0.0048343	-0.0045482	-0.0042530	-0.0039346	-0.0036073	-0.0032555	-0.0028696	-0.0024491	-0.0020035	-0.0015298	-0.0010297	-0.0005168	+0.0000021	+0.0005002	+0.0009778	+0.0014334	+0.0018648	+0.0022635	+0.0026319	+0.0030032	+0.0033537
2012-01	0.035	-0.0047906	-0.0045188	-0.0042304	-0.0039316	-0.0036158	-0.0032529	-0.0028644	-0.0024398	-0.0019903	-0.0015119	-0.0010140	-0.0004959	+0.0000232	+0.0005392	+0.0010390	+0.0015140	+0.0019528	+0.0023601	+0.0027559	+0.0031452	+0.0035234
2012-02	0.101	-0.0039451	-0.0037190	-0.0034625	-0.0031874	-0.0028811	-0.0025506	-0.0021972	-0.0018099	-0.0013975	-0.0009669	-0.0005283	-0.0000838	+0.0003464	+0.0007519	+0.0011403	+0.0015073	+0.0018633	+0.0021945	+0.0024954	+0.0027855	+0.0030561
2012-03	0.032	-0.0033553	-0.0031106	-0.0028502	-0.0025785	-0.0022949	-0.0019849	-0.0016545	-0.0013070	-0.0009421	-0.0005629	-0.0001711	+0.0002211	+0.0006061	+0.0009732	+0.0013217	+0.0016489	+0.0019505	+0.0022352	+0.0025052	+0.0027561	+0.0030005
2012-04	-0.061	-0.0030973	-0.0028387	-0.0025772	-0.0022923	-0.0019877	-0.0016764	-0.0013454	-0.0009880	-0.0006150	-0.0002220	+0.0001780	+0.0005773	+0.0009672	+0.0013397	+0.0016970	+0.0020263	+0.0023402	+0.0026318	+0.0029058	+0.0031573	+0.0033990
2012-05	-0.111	-0.0027358	-0.0025091	-0.0022723	-0.0020153	-0.0017454	-0.0014525	-0.0011360	-0.0007950	-0.0004318	-0.0000419	+0.0003584	+0.0007553	+0.0011411	+0.0015055	+0.0018438	+0.0021540	+0.0024458	+0.0027133	+0.0029668	+0.0032052	+0.0034289
2012-06	0.068	-0.0028248	-0.0026305	-0.0024195	-0.0021984	-0.0019643	-0.0017030	-0.0014188	-0.0011176	-0.0007980	-0.0004591	-0.0001122	+0.0002361	+0.0005714	+0.0008989	+0.0011993	+0.0014772	+0.0017357	+0.0019779	+0.0022133	+0.0024381	+0.0026518
2012-07	-0.045	-0.0023880	-0.0022051	-0.0020044	-0.0017823	-0.0015422	-0.0012770	-0.0009997	-0.0007016	-0.0003818	-0.0000488	+0.0002977	+0.0006435	+0.0009831	+0.0013135	+0.0016249	+0.0019134	+0.0021738	+0.0024188	+0.0026485	+0.0028701	+0.0030848
2012-08	-0.007	-0.0028426	-0.0026373	-0.0024129	-0.0021740	-0.0019189	-0.0016507	-0.0013636	-0.0010551	-0.0007240	-0.0003756	-0.0000261	+0.0003234	+0.0006596	+0.0009808	+0.0012851	+0.0015677	+0.0018337	+0.0020795	+0.0023052	+0.0025204	+0.0027280
2012-09	0.018	-0.0027613	-0.0025575	-0.0023507	-0.0021291	-0.0018823	-0.0016100	-0.0013159	-0.0010076	-0.0006792	-0.0003384	+0.0000155	+0.0003650	+0.0007051	+0.0010315	+0.0013421	+0.0016346	+0.0019023	+0.0021506	+0.0023856	+0.0026045	+0.0028223
2012-10	0.006	-0.0028662	-0.0026591	-0.0024342	-0.0022028	-0.0019613	-0.0016993	-0.0014144	-0.0011121	-0.0007872	-0.0004426	-0.0000934	+0.0002520	+0.0005974	+0.0009306	+0.0012378	+0.0015270	+0.0017996	+0.0020503	+0.0022836	+0.0024989	+0.0027003
2012-11	0.051	-0.0037638	-0.0035397	-0.0033087	-0.0030574	-0.0027876	-0.0024975	-0.0021788	-0.0018373	-0.0014600	-0.0010641	-0.0006557	-0.0002413	+0.0001696	+0.0005709	+0.0009505	+0.0013066	+0.0016448	+0.0019713	+0.0022773	+0.0025721	+0.0028379
2012-12	0.096	-0.0035263	-0.0033107	-0.0030768	-0.0028310	-0.0025615	-0.0022738	-0.0019596	-0.0016217	-0.0012577	-0.0008741	-0.0004847	-0.0000909	+0.0002978	+0.0006758	+0.0010429	+0.0013919	+0.0017113	+0.0020059	+0.0022752	+0.0025354	+0.0027916
2013-01	0.088	-0.0026926	-0.0024541	-0.0021958	-0.0019242	-0.0016322	-0.0013175	-0.0009862	-0.0006230	-0.0002419	+0.0001496	+0.0005499	+0.0009495	+0.0013393	+0.0017119	+0.0020619	+0.0023859	+0.0026814	+0.0029502	+0.0031956	+0.0034227	+0.0036269
2013-02	0.037	-0.0043764	-0.0038415	-0.0033005	-0.0026878	-0.0020264	-0.0013813	-0.0006843	+0.0000234	+0.0007399	+0.0014436	+0.0021088	+0.0027423	+0.0033185	+0.0038273	+0.0042812	+0.0046938	+0.0050608	+0.0053826	+0.0056710	+0.0059306	+0.0061733
2013-03	0.067	-0.0037814	-0.0033379	-0.0028879	-0.0024010	-0.0018690	-0.0013356	-0.0007917	-0.0002178	+0.0003608	+0.0009543	+0.0015374	+0.0020973	+0.0026189	+0.0030922	+0.0035186	+0.0039002	+0.0042434	+0.0045636	+0.0048597	+0.0051375	+0.0053915
2013-04	0.119	-0.0055359	-0.0048306	-0.0041162	-0.0033437	-0.0026063	-0.0017872	-0.0009142	-0.0000939	+0.0008212	+0.0016845	+0.0024995	+0.0032859	+0.0039915	+0.0045956	+0.0051053	+0.0055324	+0.0059082	+0.0062394	+0.0065378	+0.0068293	+0.0070881
2013-05	-0.026	-0.0069600	-0.0061536	-0.0051680	-0.0041720	-0.0032029	-0.0020603	-0.0009406	+0.0001698	+0.0013781	+0.0024922	+0.0035438	+0.0045837	+0.0055050	+0.0062096	+0.0067949	+0.0072910	+0.0077182	+0.0080977	+0.0084500	+0.0088135	+0.0091806
2013-06	-0.001	-0.0066771	-0.0059183	-0.0050992	-0.0042672	-0.0032569	-0.0022453	-0.0012043	-0.0001093	+0.0009993	+0.0020937	+0.0031159	+0.0040866	+0.0049704	+0.0057307	+0.0063878	+0.0069335	+0.0073971	+0.0077975	+0.0081669	+0.0085299	+0.0088948
2013-07	-0.003	-0.0064277	-0.0055946	-0.0047609	-0.0038407	-0.0029104	-0.0019422	-0.0010063	-0.0000153	+0.0009908	+0.0020074	+0.0029801	+0.0038744	+0.0046843	+0.0054294	+0.0060897	+0.0066743	+0.0071947	+0.0076694	+0.0080913	+0.0084702	+0.0088059
2013-08	-0.024	-0.0065724	-0.0058449	-0.0050139	-0.0041005	-0.0032215	-0.0022945	-0.0013253	-0.0003399	+0.0006572	+0.0016444	+0.0026212	+0.0035596	+0.0044113	+0.0051606	+0.0058423	+0.0064467	+0.0069920	+0.0074767	+0.0079229	+0.0083293	+0.0087268
2013-09	0.083	-0.0047730	-0.0042472	-0.0037108	-0.0031907	-0.0026232	-0.0020051	-0.0013635	-0.0006749	+0.0000490	+0.0007772	+0.0015033	+0.0022121	+0.0028969	+0.0035461	+0.0041428	+0.0046937	+0.0051975	+0.0056661	+0.0060855	+0.0064736	+0.0068239
2013-10	-0.000	-0.0053338	-0.0047550	-0.0041604	-0.0035250	-0.0028699	-0.0021948	-0.0014699	-0.0007248	+0.0000496	+0.0008322	+0.0016099	+0.0023709	+0.0030800	+0.0037330	+0.0043204	+0.0048574	+0.0053550	+0.0058098	+0.0062357	+0.0066635	+0.0070503
2013-11	0.052	-0.0048595	-0.0043115	-0.0037536	-0.0031943	-0.0026310	-0.0020386	-0.0013937	-0.0007474	-0.0000770	+0.0006241	+0.0013286	+0.0020127	+0.0026585	+0.0032644	+0.0038226	+0.0043277	+0.0047969	+0.0052357	+0.0056444	+0.0060176	+0.0063988
2013-12	0.034	-0.0046875	-0.0042226	-0.0036775	-0.0030915	-0.0025012	-0.0018730	-0.0012169	-0.0005225	+0.0001875	+0.0008919	+0.0015989	+0.0022839	+0.0029340	+0.0035410	+0.0041173	+0.0046575	+0.0051661	+0.0056262	+0.0060333	+0.0064309	+0.0068133
2014-01	-0.066	-0.0038428	-0.0034980	-0.0031383	-0.0027547	-0.0023422	-0.0018980	-0.0014205	-0.0009079	-0.0003602	+0.0001991	+0.0007750	+0.0013380	+0.0018799	+0.0023902	+0.0028704	+0.0033161	+0.0037266	+0.0041062	+0.0044602	+0.0048041	+0.0051302
2014-02	-0.008	-0.0038549	-0.0035496	-0.0032265	-0.0028686	-0.0024764	-0.0020394	-0.0015710	-0.0010688	-0.0005447	-0.0000107	+0.0005275	+0.0010517	+0.0015628	+0.0020459	+0.0025059	+0.0029304	+0.0033153	+0.0036758	+0.0040024	+0.0043187	+0.0046149
2014-03	0.002	-0.0036068	-0.0033139	-0.0030122	-0.0027003	-0.0023715	-0.0020037	-0.0016059	-0.0011809	-0.0007334	-0.0002640	+0.0002196	+0.0007045	+0.0011688	+0.0015984	+0.0019929	+0.0023564	+0.0027015	+0.0030262	+0.0033293	+0.0036159	+0.0038833
2014-04	-0.035	-0.0035165	-0.0032240	-0.0029164	-0.0026107	-0.0022868	-0.0019359	-0.0015712	-0.0011838	-0.0007677	-0.0003233	+0.0001327	+0.0005881	+0.0010273	+0.0014481	+0.0018433	+0.0021989	+0.0025278	+0.0028350	+0.0031188	+0.0033827	+0.0036197
2014-05	0.033	-0.0034979	-0.0032237	-0.0029402	-0.0026308	-0.0023003	-0.0019378	-0.0015564	-0.0011549	-0.0007284	-0.0002765	+0.0001870	+0.0006502	+0.0010933	+0.0015161	+0.0019041	+0.0022623	+0.0025957	+0.0029083	+0.0032030	+0.0034682	+0.0037101
2014-06	0.049	-0.0033104	-0.0030614	-0.0027777	-0.0024761	-0.0021646	-0.0018301	-0.0014706	-0.0010760	-0.0006587	-0.0002303	+0.0002038	+0.0006324	+0.0010574	+0.0014617	+0.0018343	+0.0021831	+0.0025168	+0.0028244	+0.0031018	+0.0033611	+0.0036167
2014-07	0.020	-0.0031606	-0.0028846	-0.0025946	-0.0022935	-0.0019664	-0.0016073	-0.0012287	-0.0008383	-0.0004288	+0.0000042	+0.0004469	+0.0008932	+0.0013295	+0.0017456	+0.0021317	+0.0024947	+0.0028390	+0.0031598	+0.0034597	+0.0037517	+0.0040212
2014-08	-0.010	-0.0031639	-0.0029123	-0.0026437	-0.0023648	-0.0020676	-0.0017551	-0.0014173	-0.0010559	-0.0006681	-0.0002468	+0.0001810	+0.0006043	+0.0010116	+0.0013928	+0.0017531	+0.0020802	+0.0023889	+0.0026784	+0.0029465	+0.0031858	+0.0034111
2014-09	0.044	-0.0032525	-0.0030022	-0.0027441	-0.0024696	-0.0021756	-0.0018555	-0.0015249	-0.0011735	-0.0007956	-0.0003943	+0.0000118	+0.0004121	+0.0008016	+0.0011707	+0.0015150	+0.0018401	+0.0021357	+0.0024039	+0.0026530	+0.0028741	+0.0030781
2014-10	0.005	-0.0024997	-0.0022410	-0.0019697	-0.0016732	-0.0013500	-0.0009915	-0.0006143	-0.0002167	+0.0002028	+0.0006334	+0.0010611	+0.0014721	+0.0018704	+0.0022394	+0.0025755	+0.0028792	+0.0031556	+0.0034007	+0.0036310	+0.0038644	+0.0040898
2014-11	0.055	-0.0024667	-0.0022386	-0.0019979	-0.0017282	-0.0014471	-0.0011459	-0.0008172	-0.0004707	-0.0000997	+0.0002937	+0.0006900	+0.0010782	+0.0014511	+0.0018012	+0.0021258	+0.0024311	+0.0027099	+0.0029711	+0.0032132	+0.0034401	+0.0036546
2014-12	-0.001	-0.0030725	-0.0027427	-0.0024181	-0.0020504	-0.0016677	-0.0012573	-0.0008372	-0.0003913	+0.0000742	+0.0005390	+0.0010083	+0.0014624	+0.0018896	+0.0022896	+0.0026605	+0.0030031	+0.0033159	+0.0035990	+0.0038685	+0.0041218	+0.0043575
2015-01	0.005	-0.0036366	-0.0032221	-0.0027877	-0.0023263	-0.0018637	-0.0013923	-0.0008984	-0.0003785	+0.0001385	+0.0006475	+0.0011656	+0.0016669	+0.0021398	+0.0025871	+0.0029970	+0.0033768	+0.0037143	+0.0040122	+0.0042971	+0.0045622	+0.0048076
2015-02	0.001	-0.0031542	-0.0028293	-0.0024893	-0.0021216	-0.0017398	-0.0013455	-0.0009213	-0.0004745	-0.0000099	+0.0004608	+0.0009420	+0.0014124	+0.0018561	+0.0022607	+0.0026325	+0.0029835	+0.0033029	+0.0035948	+0.0038619	+0.0041225	+0.0043580
