2011-09	0.022	-0.0058079	-0.0053842	-0.0049746	-0.0045396	-0.0040715	-0.0035489	-0.0029996	-0.0024251	-0.0018210	-0.0012011	-0.0005724	+0.0000307	+0.0006037	+0.0011503	+0.0016624	+0.0021345	+0.0025615	+0.0029463	+0.0033087	+0.0036397	+0.0039438
2011-10	-0.031	-0.0060994	-0.0056560	-0.0051971	-0.0047061	-0.0041741	-0.0036415	-0.0030924	-0.0025118	-0.0018937	-0.0012553	-0.0006119	+0.0000263	+0.0006349	+0.0012070	+0.0017373	+0.0022278	+0.0026705	+0.0030689	+0.0034367	+0.0037861	+0.0041318
2011-11	-0.037	-0.0065810	-0.0061384	-0.0056715	-0.0051589	-0.0046309	-0.0040701	-0.0034862	-0.0028583	-0.0022018	-0.0015118	-0.0008267	-0.0001533	+0.0005089	+0.0011332	+0.0017223	+0.0022810	+0.0027990	+0.0032688	+0.0037314	+0.0041827	+0.0045761
2011-12	-0.008	-0.0043141	-0.0040565	-0.0037694	-0.0034616	-0.0031400	-0.0028000	-0.0024267	-0.0020223	-0.0015894	-0.0011329	-0.0006654	-0.0001951	+0.0002729	+0.0007278	+0.0011709	+0.0015889	+0.0019719	+0.0023222	+0.0026604	+0.0029793	+0.0032766
2012-01	0.037	-0.0044680	-0.0042154	-0.0039455	-0.0036484	-0.0033226	-0.0029671	-0.0025835	-0.0021789	-0.0017407	-0.0012721	-0.0007901	-0.0002967	+0.0001965	+0.0006802	+0.0011402	+0.0015636	+0.0019597	+0.0023430	+0.0027261	+0.0031058	+0.0034587
2012-02	0.095	-0.0037790	-0.0035543	-0.0033017	-0.0030184	-0.0027113	-0.0023831	-0.0020349	-0.0016545	-0.0012484	-0.0008219	-0.0003858	+0.0000464	+0.0004660	+0.0008644	+0.0012450	+0.0015975	+0.0019356	+0.0022528	+0.0025478	+0.0028272	+0.0030821
2012-03	0.051	-0.0034191	-0.0031667	-0.0029029	-0.0026272	-0.0023193	-0.0019982	-0.0016583	-0.0013038	-0.0009279	-0.0005406	-0.0001382	+0.0002726	+0.0006815	+0.0010639	+0.0014243	+0.0017618	+0.0020772	+0.0023736	+0.0026519	+0.0029115	+0.0031649
2012-04	-0.049	-0.0031189	-0.0028592	-0.0025880	-0.0022899	-0.0019815	-0.0016550	-0.0013100	-0.0009447	-0.0005587	-0.0001554	+0.0002594	+0.0006716	+0.0010761	+0.0014708	+0.0018485	+0.0021918	+0.0025129	+0.0028219	+0.0031083	+0.0033861	+0.0036458
2012-05	-0.115	-0.0028326	-0.0025772	-0.0023227	-0.0020485	-0.0017553	-0.0014394	-0.0010913	-0.0007267	-0.0003349	+0.0000775	+0.0005010	+0.0009220	+0.0013267	+0.0017114	+0.0020754	+0.0024059	+0.0027104	+0.0030036	+0.0032941	+0.0035585	+0.0038150
2012-06	0.054	-0.0028475	-0.0026452	-0.0024327	-0.0022087	-0.0019651	-0.0017016	-0.0014224	-0.0011207	-0.0008003	-0.0004646	-0.0001175	+0.0002309	+0.0005645	+0.0008813	+0.0011767	+0.0014541	+0.0017135	+0.0019637	+0.0021966	+0.0024193	+0.0026329
2012-07	-0.060	-0.0022864	-0.0021106	-0.0019176	-0.0017001	-0.0014537	-0.0011942	-0.0009165	-0.0006199	-0.0003034	+0.0000331	+0.0003775	+0.0007220	+0.0010630	+0.0013922	+0.0017011	+0.0019848	+0.0022430	+0.0024855	+0.0027212	+0.0029496	+0.0031601
2012-08	0.006	-0.0028648	-0.0026541	-0.0024300	-0.0021972	-0.0019547	-0.0016909	-0.0014067	-0.0010967	-0.0007663	-0.0004214	-0.0000696	+0.0002777	+0.0006140	+0.0009381	+0.0012433	+0.0015254	+0.0017895	+0.0020256	+0.0022491	+0.0024645	+0.0026600
2012-09	-0.001	-0.0027378	-0.0025094	-0.0022889	-0.0020607	-0.0018179	-0.0015512	-0.0012619	-0.0009478	-0.0006199	-0.0002750	+0.0000783	+0.0004314	+0.0007730	+0.0011005	+0.0014080	+0.0016973	+0.0019572	+0.0021997	+0.0024268	+0.0026445	+0.0028528
2012-10	-0.001	-0.0029716	-0.0027660	-0.0025445	-0.0023112	-0.0020695	-0.0018167	-0.0015383	-0.0012322	-0.0009078	-0.0005652	-0.0002165	+0.0001361	+0.0004786	+0.0008037	+0.0011115	+0.0014045	+0.0016810	+0.0019347	+0.0021647	+0.0023834	+0.0025844
2012-11	0.048	-0.0038674	-0.0036517	-0.0034219	-0.0031746	-0.0029080	-0.0026085	-0.0022844	-0.0019383	-0.0015622	-0.0011601	-0.0007445	-0.0003203	+0.0000993	+0.0005100	+0.0008961	+0.0012588	+0.0016026	+0.0019195	+0.0022192	+0.0025237	+0.0028138
2012-12	0.082	-0.0038988	-0.0036843	-0.0034456	-0.0031890	-0.0029153	-0.0026132	-0.0022875	-0.0019307	-0.0015527	-0.0011500	-0.0007325	-0.0003034	+0.0001178	+0.0005366	+0.0009495	+0.0013352	+0.0016991	+0.0020319	+0.0023355	+0.0026282	+0.0029079
2013-01	0.085	-0.0027350	-0.0025367	-0.0023254	-0.0020959	-0.0018498	-0.0015780	-0.0012797	-0.0009599	-0.0006180	-0.0002548	+0.0001177	+0.0004910	+0.0008487	+0.0011865	+0.0015084	+0.0018108	+0.0020908	+0.0023456	+0.0025664	+0.0027752	+0.0029848
2013-02	0.047	-0.0036685	-0.0032076	-0.0027411	-0.0022731	-0.0017455	-0.0012110	-0.0006492	-0.0000643	+0.0005280	+0.0011172	+0.0016867	+0.0022223	+0.0027246	+0.0031844	+0.0036023	+0.0039797	+0.0043212	+0.0046415	+0.0049177	+0.0051779	+0.0054041
2013-03	0.078	-0.0033304	-0.0029574	-0.0025771	-0.0021505	-0.0016965	-0.0012404	-0.0007694	-0.0002697	+0.0002368	+0.0007633	+0.0012833	+0.0017837	+0.0022582	+0.0026918	+0.0030880	+0.0034466	+0.0037681	+0.0040640	+0.0043434	+0.0046010	+0.0048512
2013-04	0.101	-0.0052411	-0.0045828	-0.0038562	-0.0031186	-0.0024370	-0.0016539	-0.0008331	-0.0000549	+0.0008097	+0.0016367	+0.0024060	+0.0031538	+0.0038331	+0.0044030	+0.0048870	+0.0053023	+0.0056541	+0.0059652	+0.0062406	+0.0064938	+0.0067159
2013-05	-0.005	-0.0063646	-0.0055510	-0.0046767	-0.0037641	-0.0028492	-0.0018358	-0.0008379	+0.0001937	+0.0012532	+0.0022610	+0.0032208	+0.0041622	+0.0049905	+0.0056494	+0.0061739	+0.0066219	+0.0070091	+0.0073619	+0.0076838	+0.0079748	+0.0082586
2013-06	-0.008	-0.0065796	-0.0058084	-0.0050215	-0.0041837	-0.0031857	-0.0021579	-0.0011319	-0.0000513	+0.0010313	+0.0021252	+0.0031396	+0.0040888	+0.0049531	+0.0057040	+0.0063289	+0.0068523	+0.0073022	+0.0076866	+0.0080410	+0.0083711	+0.0086918
2013-07	0.008	-0.0063961	-0.0056153	-0.0047622	-0.0038214	-0.0028792	-0.0019158	-0.0009609	-0.0000062	+0.0010087	+0.0020033	+0.0029608	+0.0038420	+0.0046517	+0.0053731	+0.0060176	+0.0065880	+0.0070941	+0.0075356	+0.0079355	+0.0083050	+0.0086228
2013-08	-0.034	-0.0066550	-0.0058917	-0.0050514	-0.0041277	-0.0032014	-0.0022703	-0.0012920	-0.0002660	+0.0007387	+0.0017310	+0.0027094	+0.0036583	+0.0045082	+0.0052558	+0.0059165	+0.0064963	+0.0070079	+0.0074734	+0.0078953	+0.0082768	+0.0086479
2013-09	0.085	-0.0047137	-0.0042166	-0.0036883	-0.0031476	-0.0025693	-0.0019572	-0.0012989	-0.0005969	+0.0001438	+0.0008860	+0.0016025	+0.0023101	+0.0029957	+0.0036255	+0.0042052	+0.0047292	+0.0052262	+0.0056835	+0.0061065	+0.0064735	+0.0068095
2013-10	0.002	-0.0053132	-0.0047525	-0.0041327	-0.0034844	-0.0027853	-0.0020924	-0.0013526	-0.0005914	+0.0002015	+0.0009886	+0.0017601	+0.0025237	+0.0032189	+0.0038529	+0.0044328	+0.0049566	+0.0054367	+0.0058838	+0.0063133	+0.0067363	+0.0071305
2013-11	0.032	-0.0049204	-0.0043034	-0.0037567	-0.0032009	-0.0026241	-0.0020022	-0.0013439	-0.0006703	+0.0000158	+0.0007244	+0.0014342	+0.0021092	+0.0027466	+0.0033487	+0.0039001	+0.0044028	+0.0048595	+0.0052739	+0.0056719	+0.0060465	+0.0064085
2013-12	0.038	-0.0044012	-0.0039497	-0.0034612	-0.0029329	-0.0023690	-0.0017776	-0.0011550	-0.0004972	+0.0001789	+0.0008546	+0.0015238	+0.0021793	+0.0027954	+0.0033810	+0.0039380	+0.0044493	+0.0049098	+0.0053416	+0.0057340	+0.0061139	+0.0064758
2014-01	-0.040	-0.0038031	-0.0034502	-0.0030930	-0.0027142	-0.0023210	-0.0018902	-0.0014268	-0.0009282	-0.0004013	+0.0001455	+0.0007040	+0.0012518	+0.0017827	+0.0022876	+0.0027562	+0.0031914	+0.0035877	+0.0039553	+0.0042994	+0.0046286	+0.0049696
2014-02	-0.003	-0.0036580	-0.0033504	-0.0030200	-0.0026654	-0.0022881	-0.0018721	-0.0014162	-0.0009291	-0.0004197	+0.0000969	+0.0006205	+0.0011295	+0.0016294	+0.0021007	+0.0025475	+0.0029619	+0.0033366	+0.0036732	+0.0039891	+0.0042862	+0.0045708
2014-03	0.016	-0.0034133	-0.0031194	-0.0028200	-0.0025090	-0.0021817	-0.0018367	-0.0014490	-0.0010297	-0.0005895	-0.0001331	+0.0003314	+0.0007987	+0.0012450	+0.0016536	+0.0020280	+0.0023730	+0.0026930	+0.0029885	+0.0032759	+0.0035357	+0.0037892
2014-04	-0.026	-0.0032346	-0.0029494	-0.0026558	-0.0023524	-0.0020330	-0.0016947	-0.0013330	-0.0009537	-0.0005450	-0.0001101	+0.0003352	+0.0007694	+0.0011892	+0.0015982	+0.0019825	+0.0023326	+0.0026504	+0.0029520	+0.0032360	+0.0034903	+0.0037152
2014-05	0.042	-0.0033193	-0.0030288	-0.0027058	-0.0023747	-0.0020248	-0.0016465	-0.0012515	-0.0008384	-0.0003953	+0.0000661	+0.0005297	+0.0009864	+0.0014299	+0.0018409	+0.0022235	+0.0025842	+0.0029145	+0.0032115	+0.0034910	+0.0037449	+0.0039872
2014-06	0.064	-0.0029147	-0.0026583	-0.0023855	-0.0020936	-0.0017823	-0.0014524	-0.0011045	-0.0007295	-0.0003288	+0.0000907	+0.0005197	+0.0009429	+0.0013570	+0.0017475	+0.0021196	+0.0024656	+0.0027870	+0.0030725	+0.0033467	+0.0036023	+0.0038393
2014-07	0.005	-0.0030033	-0.0027027	-0.0023916	-0.0020408	-0.0016762	-0.0012952	-0.0008902	-0.0004680	-0.0000328	+0.0004198	+0.0008849	+0.0013439	+0.0017786	+0.0021930	+0.0025820	+0.0029413	+0.0032751	+0.0035971	+0.0038874	+0.0041467	+0.0043999
2014-08	-0.007	-0.0029889	-0.0027021	-0.0024087	-0.0021103	-0.0017871	-0.0014366	-0.0010696	-0.0006759	-0.0002669	+0.0001682	+0.0006131	+0.0010506	+0.0014670	+0.0018506	+0.0022079	+0.0025498	+0.0028641	+0.0031622	+0.0034312	+0.0036759	+0.0039004
2014-09	0.037	-0.0028062	-0.0025609	-0.0023138	-0.0020425	-0.0017543	-0.0014539	-0.0011323	-0.0007808	-0.0004121	-0.0000268	+0.0003622	+0.0007454	+0.0011177	+0.0014627	+0.0017909	+0.0021016	+0.0023899	+0.0026485	+0.0028902	+0.0031062	+0.0033095
2014-10	-0.014	-0.0025359	-0.0022498	-0.0019413	-0.0016162	-0.0012552	-0.0008713	-0.0004698	-0.0000465	+0.0003909	+0.0008326	+0.0012639	+0.0016813	+0.0020712	+0.0024388	+0.0027686	+0.0030626	+0.0033282	+0.0035711	+0.0037935	+0.0040053	+0.0042127
2014-11	0.053	-0.0024521	-0.0022001	-0.0019426	-0.0016725	-0.0013795	-0.0010710	-0.0007424	-0.0003848	-0.0000140	+0.0003667	+0.0007551	+0.0011351	+0.0014985	+0.0018444	+0.0021577	+0.0024520	+0.0027188	+0.0029629	+0.0031926	+0.0034108	+0.0036123
2014-12	0.015	-0.0027954	-0.0025150	-0.0022192	-0.0018817	-0.0015069	-0.0011327	-0.0007481	-0.0003278	+0.0001037	+0.0005333	+0.0009655	+0.0013803	+0.0017626	+0.0021181	+0.0024556	+0.0027643	+0.0030409	+0.0033096	+0.0035521	+0.0037693	+0.0039821
2015-01	0.002	-0.0034369	-0.0030136	-0.0025845	-0.0021656	-0.0017068	-0.0012536	-0.0007745	-0.0002771	+0.0002124	+0.0006947	+0.0011853	+0.0016536	+0.0021006	+0.0025137	+0.0028841	+0.0032191	+0.0035258	+0.0037931	+0.0040398	+0.0042662	+0.0045014
2015-02	-0.005	-0.0028328	-0.0025449	-0.0022259	-0.0018896	-0.0015541	-0.0011973	-0.0008200	-0.0004181	-0.0000012	+0.0004285	+0.0008620	+0.0012876	+0.0016866	+0.0020468	+0.0023885	+0.0026968	+0.0029759	+0.0032446	+0.0034922	+0.0037196	+0.0039197
