2011-09	-0.058	-0.0016660	-0.0015373	-0.0014033	-0.0012610	-0.0011058	-0.0009370	-0.0007561	-0.0005582	-0.0003502	-0.0001325	+0.0000886	+0.0003067	+0.0005211	+0.0007249	+0.0009173	+0.0010992	+0.0012644	+0.0014160	+0.0015539	+0.0016851	+0.0018077
2011-10	0.042	-0.0020114	-0.0018694	-0.0017236	-0.0015681	-0.0014008	-0.0012241	-0.0010330	-0.0008268	-0.0006011	-0.0003669	-0.0001244	+0.0001199	+0.0003547	+0.0005730	+0.0007799	+0.0009775	+0.0011569	+0.0013181	+0.0014644	+0.0016062	+0.0017391
2011-11	-0.031	-0.0018840	-0.0017416	-0.0015861	-0.0014237	-0.0012518	-0.0010664	-0.0008683	-0.0006578	-0.0004288	-0.0001930	+0.0000470	+0.0002865	+0.0005203	+0.0007424	+0.0009513	+0.0011497	+0.0013377	+0.0015090	+0.0016670	+0.0018126	+0.0019493
2011-12	0.002	-0.0023929	-0.0022625	-0.0021182	-0.0019615	-0.0017979	-0.0016152	-0.0014163	-0.0012013	-0.0009717	-0.0007324	-0.0004857	-0.0002346	+0.0000176	+0.0002625	+0.0004961	+0.0007156	+0.0009254	+0.0011179	+0.0012963	+0.0014625	+0.0016218
2012-01	0.028	-0.0021065	-0.0019830	-0.0018452	-0.0016989	-0.0015450	-0.0013786	-0.0011942	-0.0009923	-0.0007780	-0.0005494	-0.0003124	-0.0000730	+0.0001659	+0.0003978	+0.0006182	+0.0008324	+0.0010303	+0.0012141	+0.0013890	+0.0015455	+0.0017006
2012-02	0.061	-0.0019369	-0.0018136	-0.0016791	-0.0015334	-0.0013727	-0.0012083	-0.0010278	-0.0008344	-0.0006323	-0.0004245	-0.0002093	+0.0000039	+0.0002128	+0.0004132	+0.0006002	+0.0007777	+0.0009407	+0.0010880	+0.0012226	+0.0013541	+0.0014750
2012-03	-0.004	-0.0015957	-0.0014657	-0.0013309	-0.0011841	-0.0010291	-0.0008620	-0.0006798	-0.0004890	-0.0002852	-0.0000727	+0.0001434	+0.0003583	+0.0005697	+0.0007694	+0.0009592	+0.0011358	+0.0013015	+0.0014517	+0.0015938	+0.0017301	+0.0018592
2012-04	-0.008	-0.0016951	-0.0015573	-0.0014065	-0.0012449	-0.0010727	-0.0008922	-0.0007034	-0.0004994	-0.0002826	-0.0000553	+0.0001726	+0.0003995	+0.0006215	+0.0008306	+0.0010269	+0.0012105	+0.0013838	+0.0015464	+0.0016978	+0.0018398	+0.0019653
2012-05	-0.063	-0.0016486	-0.0015131	-0.0013762	-0.0012305	-0.0010727	-0.0008996	-0.0007077	-0.0005059	-0.0002918	-0.0000707	+0.0001555	+0.0003790	+0.0005976	+0.0008066	+0.0010021	+0.0011838	+0.0013522	+0.0015182	+0.0016681	+0.0018155	+0.0019551
2012-06	0.020	-0.0014604	-0.0013282	-0.0011854	-0.0010428	-0.0008965	-0.0007406	-0.0005694	-0.0003860	-0.0001936	+0.0000072	+0.0002159	+0.0004239	+0.0006242	+0.0008143	+0.0009963	+0.0011679	+0.0013279	+0.0014812	+0.0016250	+0.0017601	+0.0018877
2012-07	0.019	-0.0014509	-0.0013419	-0.0012254	-0.0011075	-0.0009821	-0.0008437	-0.0006924	-0.0005272	-0.0003541	-0.0001730	+0.0000150	+0.0002030	+0.0003891	+0.0005680	+0.0007343	+0.0008868	+0.0010297	+0.0011659	+0.0012964	+0.0014161	+0.0015241
2012-08	-0.002	-0.0015403	-0.0014121	-0.0012704	-0.0011191	-0.0009488	-0.0007663	-0.0005731	-0.0003704	-0.0001595	+0.0000559	+0.0002732	+0.0004886	+0.0006988	+0.0008984	+0.0010828	+0.0012518	+0.0014093	+0.0015571	+0.0016938	+0.0018151	+0.0019237
2012-09	0.008	-0.0014688	-0.0013266	-0.0011785	-0.0010184	-0.0008491	-0.0006714	-0.0004844	-0.0002850	-0.0000752	+0.0001409	+0.0003594	+0.0005767	+0.0007831	+0.0009789	+0.0011539	+0.0013151	+0.0014650	+0.0016052	+0.0017368	+0.0018637	+0.0019838
2012-10	0.033	-0.0013202	-0.0012123	-0.0010999	-0.0009786	-0.0008459	-0.0007010	-0.0005457	-0.0003802	-0.0002078	-0.0000285	+0.0001601	+0.0003476	+0.0005306	+0.0007017	+0.0008599	+0.0010063	+0.0011458	+0.0012749	+0.0013948	+0.0015018	+0.0016022
2012-11	0.035	-0.0014136	-0.0013127	-0.0012011	-0.0010822	-0.0009613	-0.0008305	-0.0006899	-0.0005415	-0.0003850	-0.0002186	-0.0000479	+0.0001248	+0.0002939	+0.0004534	+0.0006053	+0.0007471	+0.0008787	+0.0010012	+0.0011161	+0.0012208	+0.0013210
2012-12	0.047	-0.0011174	-0.0010203	-0.0009138	-0.0007977	-0.0006738	-0.0005413	-0.0004009	-0.0002488	-0.0000887	+0.0000791	+0.0002521	+0.0004249	+0.0005933	+0.0007519	+0.0009018	+0.0010405	+0.0011694	+0.0012946	+0.0014128	+0.0015190	+0.0016218
2013-01	0.047	-0.0016517	-0.0014311	-0.0012275	-0.0010344	-0.0008151	-0.0005835	-0.0003437	-0.0000902	+0.0001675	+0.0004246	+0.0006805	+0.0009203	+0.0011412	+0.0013450	+0.0015272	+0.0016916	+0.0018422	+0.0019772	+0.0021029	+0.0022180	+0.0023280
2013-02	0.024	-0.0031543	-0.0027733	-0.0023295	-0.0018511	-0.0013974	-0.0009209	-0.0004374	+0.0000614	+0.0005615	+0.0010344	+0.0014776	+0.0019314	+0.0023345	+0.0026448	+0.0028937	+0.0031002	+0.0032803	+0.0034471	+0.0036035	+0.0037571	+0.0038899
2013-03	0.021	-0.0027880	-0.0024179	-0.0020471	-0.0016643	-0.0012721	-0.0008464	-0.0004073	+0.0000122	+0.0004741	+0.0009273	+0.0013557	+0.0017559	+0.0021249	+0.0024299	+0.0026839	+0.0029027	+0.0030949	+0.0032702	+0.0034150	+0.0035448	+0.0036673
2013-04	0.045	-0.0032679	-0.0028478	-0.0023677	-0.0019361	-0.0014920	-0.0010195	-0.0005543	-0.0000561	+0.0004672	+0.0009644	+0.0014222	+0.0018731	+0.0022887	+0.0026162	+0.0028910	+0.0031229	+0.0033217	+0.0035031	+0.0036627	+0.0038127	+0.0039541
2013-05	0.002	-0.0042361	-0.0037404	-0.0031705	-0.0025509	-0.0019561	-0.0013086	-0.0006611	-0.0000328	+0.0006562	+0.0012834	+0.0018613	+0.0024539	+0.0029742	+0.0033784	+0.0037090	+0.0039922	+0.0042310	+0.0044399	+0.0046395	+0.0048281	+0.0049974
2013-06	-0.087	-0.0038325	-0.0033330	-0.0028052	-0.0022985	-0.0017797	-0.0012366	-0.0006559	-0.0000631	+0.0005612	+0.0011532	+0.0017100	+0.0022357	+0.0027256	+0.0031361	+0.0034700	+0.0037592	+0.0040114	+0.0042339	+0.0044353	+0.0046225	+0.0047986
2013-07	-0.013	-0.0023591	-0.0020891	-0.0018196	-0.0015509	-0.0012508	-0.0009343	-0.0006175	-0.0002718	+0.0000898	+0.0004608	+0.0008243	+0.0011828	+0.0015301	+0.0018620	+0.0021598	+0.0024355	+0.0026903	+0.0029312	+0.0031495	+0.0033535	+0.0035511
2013-08	-0.043	-0.0023279	-0.0021135	-0.0018771	-0.0016323	-0.0013726	-0.0010985	-0.0008076	-0.0004915	-0.0001601	+0.0001808	+0.0005304	+0.0008809	+0.0012115	+0.0015251	+0.0018265	+0.0020974	+0.0023474	+0.0025785	+0.0027867	+0.0029850	+0.0031592
2013-09	0.016	-0.0025914	-0.0024142	-0.0022195	-0.0020187	-0.0018116	-0.0015872	-0.0013416	-0.0010802	-0.0007987	-0.0004976	-0.0001850	+0.0001318	+0.0004337	+0.0007195	+0.0009928	+0.0012490	+0.0014956	+0.0017237	+0.0019379	+0.0021482	+0.0023570
2013-10	0.057	-0.0027329	-0.0025408	-0.0023527	-0.0021517	-0.0019383	-0.0017130	-0.0014651	-0.0012044	-0.0009255	-0.0006356	-0.0003320	-0.0000212	+0.0002875	+0.0005789	+0.0008479	+0.0010994	+0.0013434	+0.0015721	+0.0017770	+0.0019693	+0.0021451
2013-11	-0.011	-0.0023871	-0.0022174	-0.0020407	-0.0018531	-0.0016502	-0.0014266	-0.0011864	-0.0009233	-0.0006442	-0.0003539	-0.0000562	+0.0002349	+0.0005173	+0.0007896	+0.0010482	+0.0012900	+0.0015206	+0.0017313	+0.0019305	+0.0021139	+0.0022985
2013-12	0.008	-0.0024354	-0.0022798	-0.0021133	-0.0019307	-0.0017297	-0.0015143	-0.0012774	-0.0010253	-0.0007525	-0.0004663	-0.0001684	+0.0001348	+0.0004294	+0.0007147	+0.0009837	+0.0012393	+0.0014730	+0.0016933	+0.0018973	+0.0020821	+0.0022569
2014-01	-0.036	-0.0027280	-0.0025412	-0.0023555	-0.0021602	-0.0019553	-0.0017316	-0.0014972	-0.0012505	-0.0009895	-0.0007162	-0.0004271	-0.0001385	+0.0001344	+0.0003925	+0.0006385	+0.0008719	+0.0010923	+0.0013021	+0.0015014	+0.0016917	+0.0018692
2014-02	0.017	-0.0029154	-0.0027432	-0.0025718	-0.0023883	-0.0021874	-0.0019668	-0.0017297	-0.0014780	-0.0012030	-0.0009093	-0.0005977	-0.0002843	+0.0000255	+0.0003329	+0.0006288	+0.0009154	+0.0011952	+0.0014487	+0.0016922	+0.0019313	+0.0021611
2014-03	0.027	-0.0018121	-0.0016937	-0.0015652	-0.0014240	-0.0012714	-0.0011124	-0.0009402	-0.0007535	-0.0005535	-0.0003480	-0.0001387	+0.0000748	+0.0002848	+0.0004825	+0.0006636	+0.0008345	+0.0009942	+0.0011402	+0.0012778	+0.0014047	+0.0015196
2014-04	0.001	-0.0015884	-0.0014562	-0.0013220	-0.0011776	-0.0010263	-0.0008571	-0.0006778	-0.0004856	-0.0002851	-0.0000750	+0.0001369	+0.0003466	+0.0005502	+0.0007417	+0.0009232	+0.0010934	+0.0012531	+0.0014063	+0.0015415	+0.0016655	+0.0017821
2014-05	0.012	-0.0015601	-0.0013938	-0.0012249	-0.0010457	-0.0008632	-0.0006772	-0.0004809	-0.0002741	-0.0000556	+0.0001739	+0.0004080	+0.0006356	+0.0008504	+0.0010533	+0.0012392	+0.0014127	+0.0015648	+0.0017113	+0.0018485	+0.0019723	+0.0020892
2014-06	-0.009	-0.0014481	-0.0012837	-0.0011138	-0.0009411	-0.0007595	-0.0005698	-0.0003658	-0.0001615	+0.0000494	+0.0002679	+0.0004836	+0.0006935	+0.0008902	+0.0010760	+0.0012455	+0.0013993	+0.0015420	+0.0016735	+0.0017946	+0.0019006	+0.0019943
2014-07	0.026	-0.0011233	-0.0010265	-0.0009233	-0.0008104	-0.0006923	-0.0005697	-0.0004401	-0.0003016	-0.0001545	-0.0000041	+0.0001509	+0.0003050	+0.0004557	+0.0005991	+0.0007350	+0.0008626	+0.0009804	+0.0010907	+0.0011977	+0.0013008	+0.0013992
2014-08	0.007	-0.0012145	-0.0010882	-0.0009638	-0.0008311	-0.0006910	-0.0005471	-0.0003984	-0.0002419	-0.0000798	+0.0000902	+0.0002616	+0.0004316	+0.0005993	+0.0007539	+0.0008964	+0.0010228	+0.0011388	+0.0012466	+0.0013427	+0.0014354	+0.0015279
2014-09	0.018	-0.0012083	-0.0010715	-0.0009339	-0.0007910	-0.0006426	-0.0004863	-0.0003214	-0.0001480	+0.0000291	+0.0002124	+0.0003973	+0.0005768	+0.0007464	+0.0009037	+0.0010449	+0.0011734	+0.0012899	+0.0013983	+0.0015001	+0.0015976	+0.0016848
2014-10	0.014	-0.0016985	-0.0014845	-0.0012612	-0.0010354	-0.0008021	-0.0005401	-0.0002664	+0.0000066	+0.0002834	+0.0005543	+0.0008089	+0.0010498	+0.0012702	+0.0014613	+0.0016191	+0.0017519	+0.0018698	+0.0019743	+0.0020687	+0.0021548	+0.0022321
2014-11	0.064	-0.0015612	-0.0013875	-0.0011836	-0.0009608	-0.0007434	-0.0005237	-0.0002898	-0.0000432	+0.0002007	+0.0004388	+0.0006686	+0.0008850	+0.0010814	+0.0012554	+0.0014103	+0.0015478	+0.0016711	+0.0017848	+0.0018861	+0.0019792	+0.0020712
2014-12	-0.001	-0.0020081	-0.0017283	-0.0014864	-0.0012239	-0.0009348	-0.0006406	-0.0003325	-0.0000339	+0.0002745	+0.0005781	+0.0008588	+0.0011332	+0.0013771	+0.0015813	+0.0017574	+0.0019172	+0.0020596	+0.0021840	+0.0023024	+0.0024159	+0.0025118
2015-01	0.008	-0.0020683	-0.0017782	-0.0015334	-0.0012821	-0.0009904	-0.0006657	-0.0003502	-0.0000327	+0.0002907	+0.0006053	+0.0009059	+0.0011992	+0.0014606	+0.0016898	+0.0018840	+0.0020537	+0.0022031	+0.0023388	+0.0024701	+0.0025903	+0.0026998
2015-02	0.004	-0.0019248	-0.0017022	-0.0014607	-0.0011987	-0.0009291	-0.0006379	-0.0003448	-0.0000335	+0.0002640	+0.0005596	+0.0008560	+0.0011365	+0.0013923	+0.0016186	+0.0018186	+0.0019933	+0.0021489	+0.0022921	+0.0024183	+0.0025335	+0.0026366
