2014-01	-0.012	-0.0013998	-0.0012808	-0.0011612	-0.0010266	-0.0008778	-0.0007214	-0.0005581	-0.0003837	-0.0001979	-0.0000063	+0.0001876	+0.0003801	+0.0005696	+0.0007482	+0.0009144	+0.0010661	+0.0012068	+0.0013375	+0.0014571	+0.0015685	+0.0016764
2014-02	0.004	-0.0012630	-0.0011385	-0.0010111	-0.0008798	-0.0007422	-0.0005965	-0.0004410	-0.0002773	-0.0001048	+0.0000773	+0.0002628	+0.0004475	+0.0006240	+0.0007924	+0.0009510	+0.0010960	+0.0012293	+0.0013559	+0.0014769	+0.0015888	+0.0016956
2014-03	0.009	-0.0013845	-0.0012490	-0.0011042	-0.0009400	-0.0007773	-0.0006014	-0.0004176	-0.0002258	-0.0000276	+0.0001710	+0.0003712	+0.0005665	+0.0007500	+0.0009226	+0.0010795	+0.0012236	+0.0013555	+0.0014760	+0.0015876	+0.0016889	+0.0017827
2014-04	0.004	-0.0013620	-0.0012125	-0.0010504	-0.0008809	-0.0007116	-0.0005301	-0.0003397	-0.0001484	+0.0000478	+0.0002494	+0.0004475	+0.0006373	+0.0008140	+0.0009715	+0.0011165	+0.0012498	+0.0013727	+0.0014859	+0.0015907	+0.0016812	+0.0017605
2014-05	-0.001	-0.0014028	-0.0012119	-0.0010395	-0.0008626	-0.0006789	-0.0004886	-0.0002955	-0.0001031	+0.0000952	+0.0002986	+0.0005015	+0.0006890	+0.0008604	+0.0010167	+0.0011559	+0.0012830	+0.0013986	+0.0015062	+0.0016033	+0.0016900	+0.0017682
2014-06	-0.000	-0.0011036	-0.0009653	-0.0008316	-0.0006927	-0.0005381	-0.0003823	-0.0002174	-0.0000510	+0.0001232	+0.0002965	+0.0004697	+0.0006385	+0.0007942	+0.0009383	+0.0010693	+0.0011849	+0.0012899	+0.0013848	+0.0014739	+0.0015582	+0.0016375
2014-07	0.010	-0.0010556	-0.0009405	-0.0008211	-0.0006788	-0.0005384	-0.0003937	-0.0002454	-0.0000916	+0.0000671	+0.0002311	+0.0003920	+0.0005457	+0.0006898	+0.0008208	+0.0009418	+0.0010514	+0.0011494	+0.0012422	+0.0013289	+0.0014113	+0.0014881
2014-08	0.015	-0.0007629	-0.0006835	-0.0005978	-0.0005097	-0.0004186	-0.0003244	-0.0002261	-0.0001212	-0.0000098	+0.0001045	+0.0002223	+0.0003396	+0.0004528	+0.0005597	+0.0006562	+0.0007449	+0.0008261	+0.0009022	+0.0009750	+0.0010416	+0.0011046
2014-09	0.032	-0.0007673	-0.0006849	-0.0006004	-0.0005126	-0.0004240	-0.0003255	-0.0002254	-0.0001193	-0.0000103	+0.0001021	+0.0002155	+0.0003268	+0.0004336	+0.0005334	+0.0006265	+0.0007113	+0.0007888	+0.0008579	+0.0009218	+0.0009811	+0.0010372
2014-10	0.003	-0.0010666	-0.0009254	-0.0007823	-0.0006370	-0.0004779	-0.0003106	-0.0001383	+0.0000376	+0.0002160	+0.0003933	+0.0005608	+0.0007225	+0.0008658	+0.0009899	+0.0010973	+0.0011908	+0.0012736	+0.0013473	+0.0014145	+0.0014739	+0.0015292
2014-11	0.073	-0.0011485	-0.0010038	-0.0008425	-0.0006936	-0.0005349	-0.0003655	-0.0001955	-0.0000200	+0.0001530	+0.0003264	+0.0004933	+0.0006491	+0.0007909	+0.0009169	+0.0010257	+0.0011200	+0.0012025	+0.0012794	+0.0013517	+0.0014183	+0.0014812
2014-12	0.014	-0.0019470	-0.0016910	-0.0014300	-0.0011756	-0.0008893	-0.0005985	-0.0002978	-0.0000020	+0.0003091	+0.0005947	+0.0008762	+0.0011473	+0.0013786	+0.0015765	+0.0017387	+0.0018811	+0.0020134	+0.0021303	+0.0022416	+0.0023392	+0.0024331
2015-01	-0.018	-0.0021550	-0.0018676	-0.0015907	-0.0013225	-0.0010118	-0.0006628	-0.0003323	+0.0000041	+0.0003593	+0.0006745	+0.0009900	+0.0013036	+0.0015758	+0.0017976	+0.0019878	+0.0021516	+0.0022966	+0.0024248	+0.0025347	+0.0026325	+0.0027305
2015-02	0.002	-0.0018504	-0.0016310	-0.0014081	-0.0011543	-0.0008829	-0.0006078	-0.0003173	-0.0000185	+0.0002832	+0.0005781	+0.0008599	+0.0011324	+0.0013801	+0.0015932	+0.0017818	+0.0019457	+0.0020969	+0.0022285	+0.0023451	+0.0024462	+0.0025461
