2014-01	-0.033	-0.0030554	-0.0027211	-0.0023832	-0.0020129	-0.0016357	-0.0012461	-0.0008269	-0.0003928	+0.0000599	+0.0005185	+0.0009740	+0.0014267	+0.0018591	+0.0022605	+0.0026388	+0.0029879	+0.0033054	+0.0035913	+0.0038576	+0.0040970	+0.0043196
2014-02	0.034	-0.0028238	-0.0025329	-0.0022255	-0.0019044	-0.0015602	-0.0012026	-0.0008184	-0.0004051	+0.0000304	+0.0004776	+0.0009340	+0.0013761	+0.0017943	+0.0021806	+0.0025386	+0.0028774	+0.0031862	+0.0034730	+0.0037377	+0.0039828	+0.0042060
2014-03	-0.002	-0.0039146	-0.0034453	-0.0029693	-0.0024798	-0.0019861	-0.0014707	-0.0009272	-0.0003836	+0.0001780	+0.0007317	+0.0012779	+0.0018002	+0.0022891	+0.0027364	+0.0031317	+0.0034982	+0.0038242	+0.0041129	+0.0043749	+0.0046316	+0.0048835
2014-04	-0.008	-0.0033118	-0.0029729	-0.0026182	-0.0022320	-0.0018366	-0.0014149	-0.0009790	-0.0005167	-0.0000437	+0.0004374	+0.0009100	+0.0013642	+0.0017976	+0.0022016	+0.0025695	+0.0029108	+0.0032321	+0.0035247	+0.0037884	+0.0040302	+0.0042555
2014-05	0.008	-0.0033143	-0.0029152	-0.0025191	-0.0021149	-0.0016960	-0.0012744	-0.0008406	-0.0003754	+0.0001104	+0.0006125	+0.0011154	+0.0016008	+0.0020447	+0.0024571	+0.0028262	+0.0031715	+0.0034929	+0.0037853	+0.0040469	+0.0042938	+0.0045456
2014-06	0.023	-0.0028482	-0.0025717	-0.0022813	-0.0019641	-0.0016332	-0.0012764	-0.0009138	-0.0005289	-0.0001203	+0.0002964	+0.0007190	+0.0011383	+0.0015325	+0.0019079	+0.0022502	+0.0025633	+0.0028527	+0.0031251	+0.0033717	+0.0036130	+0.0038549
2014-07	-0.001	-0.0027468	-0.0024875	-0.0022065	-0.0018964	-0.0015749	-0.0012520	-0.0009068	-0.0005354	-0.0001462	+0.0002609	+0.0006755	+0.0010841	+0.0014726	+0.0018436	+0.0021811	+0.0024935	+0.0027744	+0.0030342	+0.0032759	+0.0034976	+0.0036925
2014-08	0.016	-0.0024441	-0.0022454	-0.0020245	-0.0017838	-0.0015273	-0.0012537	-0.0009602	-0.0006509	-0.0003197	+0.0000273	+0.0003855	+0.0007417	+0.0010899	+0.0014200	+0.0017261	+0.0020035	+0.0022531	+0.0024837	+0.0026946	+0.0028969	+0.0031007
2014-09	0.007	-0.0026136	-0.0023879	-0.0021632	-0.0019222	-0.0016578	-0.0013738	-0.0010695	-0.0007544	-0.0004241	-0.0000768	+0.0002759	+0.0006291	+0.0009635	+0.0012829	+0.0015782	+0.0018508	+0.0021027	+0.0023293	+0.0025419	+0.0027419	+0.0029287
2014-10	-0.002	-0.0021775	-0.0019474	-0.0017091	-0.0014553	-0.0011835	-0.0008912	-0.0005895	-0.0002662	+0.0000735	+0.0004255	+0.0007813	+0.0011295	+0.0014584	+0.0017639	+0.0020532	+0.0023214	+0.0025669	+0.0027858	+0.0029901	+0.0031852	+0.0033603
2014-11	0.101	-0.0023999	-0.0021771	-0.0019542	-0.0017252	-0.0014850	-0.0012323	-0.0009551	-0.0006549	-0.0003332	+0.0000003	+0.0003327	+0.0006613	+0.0009831	+0.0012916	+0.0015772	+0.0018394	+0.0020877	+0.0023207	+0.0025272	+0.0027180	+0.0029000
2014-12	0.014	-0.0028629	-0.0026038	-0.0023123	-0.0019985	-0.0016503	-0.0012889	-0.0009103	-0.0005181	-0.0001079	+0.0003121	+0.0007325	+0.0011416	+0.0015298	+0.0018989	+0.0022306	+0.0025359	+0.0028131	+0.0030736	+0.0033091	+0.0035311	+0.0037400
2015-01	-0.024	-0.0032139	-0.0028784	-0.0025135	-0.0021147	-0.0017090	-0.0012821	-0.0008484	-0.0003825	+0.0000970	+0.0005779	+0.0010564	+0.0015216	+0.0019720	+0.0023911	+0.0027723	+0.0031250	+0.0034488	+0.0037547	+0.0040434	+0.0043083	+0.0045518
2015-02	0.009	-0.0029224	-0.0026578	-0.0023482	-0.0020223	-0.0016815	-0.0013197	-0.0009340	-0.0005238	-0.0000945	+0.0003484	+0.0008024	+0.0012511	+0.0016795	+0.0020881	+0.0024608	+0.0027960	+0.0031015	+0.0033754	+0.0036332	+0.0038801	+0.0041100
